2.9637 4.4156 4.2385 3.6801 3.2506 2.8294 3.4693 3.2975 2.2816 2.9858 2.0412 2.8914 2.8233 2.0179 2.4288 2.3255 2.3582 2.2841 2.3159 1.8963 2.5994 2.6371 1.7372 2.6281 1.8906 2.8133 2.8839 2.1676 2.4946 2.7630 3.1137 2.9612 1.4217 
3.6490 4.3638 3.9555 3.7797 3.6769 3.5626 3.4935 3.4344 3.3098 3.2276 3.2775 3.2505 3.0687 3.1172 3.1182 3.0925 3.0162 3.0345 3.0023 2.9587 2.8791 2.9895 2.9715 2.8671 2.8872 2.9269 2.8955 2.8868 2.9010 2.8588 2.8364 2.9219 1.8395 
4.0302 4.3573 4.0896 3.8700 3.5518 3.3384 3.4369 3.4496 3.3265 2.5834 2.9733 2.8971 3.0158 2.9188 2.8390 2.7898 2.7581 2.7286 2.7215 2.7854 2.8435 2.6408 2.6635 2.2394 2.9049 2.9379 2.8627 2.6684 2.7664 2.9390 2.9703 2.8990 1.6162 
4.1934 4.5779 4.3895 3.5272 3.1431 3.1043 2.7338 3.4207 3.0144 2.5622 2.7771 2.9126 3.0689 2.6736 2.6561 2.6532 2.6226 2.6132 2.5712 2.5430 2.8788 2.6545 2.4822 2.2037 2.5902 2.9175 2.1729 2.4328 2.3382 2.5708 3.2616 3.1339 1.8306 
4.2768 4.2636 4.1870 4.0540 3.6264 3.4374 3.4849 3.4350 3.3669 3.3101 3.2162 3.1645 2.9887 2.9848 2.9811 2.9702 2.9494 2.9242 2.8961 2.8615 2.8230 2.8959 2.9052 2.9447 2.9421 2.9269 2.8913 2.7647 2.8531 3.1451 3.0288 2.8323 2.1275 
3.5543 3.5645 3.4120 3.5028 2.9278 2.8878 3.0170 2.9541 2.9830 2.4897 2.4938 2.3714 2.0818 2.2527 2.2894 2.1676 2.1330 2.1151 2.2020 2.1215 1.8848 2.1431 2.1778 2.1137 2.5621 2.4774 2.4546 2.2177 2.1648 2.5539 2.3028 2.1555 1.3611 
2.7963 4.1988 3.4900 3.4560 2.5650 2.3433 2.9166 2.9721 2.8385 2.2521 2.1769 2.0896 2.2777 1.8752 2.0124 1.8758 1.9074 1.8359 1.9248 1.7420 2.1038 1.8437 1.8778 1.9048 2.3960 2.4864 2.3243 1.7252 1.8355 2.5373 2.3398 2.7174 1.5659 
4.0612 4.3361 3.6650 3.6706 3.1779 2.9126 3.0833 3.1312 2.6185 2.0351 1.9106 2.3033 2.2009 2.0643 2.0927 1.9300 1.9590 1.8859 1.9781 1.9164 1.9844 2.0629 1.5974 1.6658 2.1929 2.6160 2.5120 2.2407 2.3602 2.7602 2.5374 2.8946 1.9292 
2.8531 4.3096 4.2403 3.0916 3.5792 3.5168 3.4851 2.9899 3.2154 3.2379 3.1627 3.0699 3.0751 3.0597 2.9912 2.9681 2.9369 2.9223 2.9066 2.9156 2.8835 2.8398 2.8511 2.8774 2.7917 2.5183 2.8884 2.8429 2.8072 2.1734 3.1118 2.8764 1.0320 
4.3517 4.2891 4.2434 3.9246 3.3222 2.9504 3.3163 3.2247 2.9280 2.8666 2.7005 2.6177 2.6678 2.6021 2.5566 2.5372 2.4428 2.5011 2.4737 2.4763 2.4998 2.3667 2.3984 2.5060 2.5157 2.7118 2.7430 2.2854 2.5426 2.9818 3.1206 2.8523 2.2217 
3.8863 3.9810 3.7150 3.1540 2.9984 2.8518 2.3255 2.6398 2.8731 2.4995 2.3932 2.2606 2.2666 2.1939 1.9142 1.8046 1.9031 1.7442 1.8360 2.0369 2.0772 2.0044 2.0935 2.1261 2.4435 2.1650 1.7782 2.1812 2.2259 2.2166 2.5934 2.5355 1.5760 
3.8705 4.3750 3.9530 3.8611 3.2226 3.0565 2.9659 3.1495 2.8772 3.1231 2.6011 2.6092 2.3525 2.2174 1.9468 1.6315 1.6289 1.5947 1.8636 2.0746 2.1766 2.3561 2.2950 2.7517 2.4496 2.6249 2.3898 2.3890 2.4406 2.9215 2.8464 2.9208 1.1130 
3.2934 4.5672 4.4622 3.7692 3.4839 3.3977 3.2535 3.2390 3.3432 3.1738 3.2934 3.3703 3.0348 2.9872 3.1193 2.9691 2.9954 2.9231 3.0030 2.8639 2.8557 3.1420 2.9825 2.8017 2.9222 2.7382 2.6618 2.7231 2.6734 2.8434 3.3160 3.1245 1.3735 
4.2398 4.3394 3.9867 3.7265 3.5326 3.4005 3.2873 3.2738 3.0412 3.1207 3.0548 2.9795 2.9321 2.9678 2.9638 2.8834 2.8799 2.8460 2.8785 2.8429 2.7388 2.7371 2.7592 2.7487 2.6157 2.7859 2.7059 2.7292 2.7356 2.8338 2.8727 2.8919 2.0841 
4.2354 4.5799 4.2453 3.9787 3.6138 3.3162 3.2679 3.2613 2.9912 3.0719 2.9534 3.2219 2.9170 2.6050 2.8471 2.8852 2.6489 2.8482 2.7348 2.4829 2.7167 2.9646 2.6422 2.7024 2.5734 2.7691 2.6802 2.6413 2.8457 3.0550 3.1182 3.1343 1.8444 
4.4927 4.7129 4.2577 3.9952 3.7217 3.4693 3.3470 3.4193 3.4241 3.3527 3.2147 2.7275 2.4511 2.8422 2.9842 2.9582 2.9776 2.9139 2.9027 2.6746 2.2367 2.4930 2.9009 2.9843 2.9828 2.9184 2.7919 2.8006 2.9407 3.0746 3.1288 3.2624 2.3013 
4.3418 4.6042 4.4998 4.1379 3.8542 3.6734 3.5836 3.4487 3.4569 3.4793 3.3183 3.3210 3.3222 3.0669 3.2644 3.2839 3.2532 3.2404 3.1863 2.9201 3.1569 3.0812 3.0130 3.1063 3.0100 2.9362 2.9907 2.9995 3.0465 3.2059 3.3424 3.1752 2.1092 
3.7374 4.6578 4.5234 3.9776 3.4147 3.2142 3.2811 3.5416 3.3176 2.7692 3.3831 3.2910 2.6456 2.9983 3.1525 2.8335 2.4089 2.7662 3.0337 2.8760 2.4593 3.0393 3.0888 2.4002 2.8985 3.0264 2.7005 2.5454 2.6319 3.0420 3.3562 3.2164 1.2816 
4.4267 4.5854 4.2045 3.7576 2.8897 1.7018 2.2704 3.2106 2.8082 2.3688 3.4217 3.3411 2.8968 2.9795 2.3057 2.5796 2.6363 2.5451 2.2034 2.8550 2.6817 3.1087 3.1282 2.0135 2.3607 2.7039 1.6731 1.0666 2.0649 2.8373 3.0695 3.1336 2.2669 
3.9702 4.2292 4.6186 4.2272 3.8902 3.6742 3.7816 3.3568 3.5494 3.2522 3.4509 3.6601 3.3258 3.5845 3.2727 3.2068 3.2290 3.1719 3.1906 3.4452 3.1617 3.4234 3.1613 2.8866 3.1261 2.8660 3.2036 2.9992 3.1012 3.2798 3.5150 2.8079 1.9744 
4.5031 4.3726 4.2401 4.0078 3.6754 3.5182 3.2977 3.7143 3.6726 3.3087 3.6327 2.9763 3.0865 3.0797 3.1188 2.6498 2.9135 2.6111 3.0015 2.9316 2.8890 2.7230 3.3201 2.9442 3.2508 3.2248 2.7092 2.8409 2.8965 3.0870 3.1370 2.9132 2.4475 
4.5320 4.1955 4.7707 4.1751 3.7668 3.5300 2.3945 3.7936 3.5085 3.6556 3.3976 3.2925 2.8319 3.3955 3.1729 2.9574 2.9034 2.9135 3.0485 3.2528 2.6079 3.0436 3.0936 3.2954 3.0454 3.2822 1.7351 2.8535 2.9684 3.2162 3.6408 2.7715 2.4280 
4.5471 4.3325 4.2712 3.7725 3.5315 3.2332 3.0151 3.4914 1.9042 2.9648 3.2659 2.4958 2.5782 1.0521 2.5480 1.8756 2.0303 1.8028 2.4519 1.0677 2.3876 2.2205 2.9545 2.6110 1.5600 2.9626 2.4533 2.5414 2.7120 2.8491 3.1627 2.8920 2.5119 
4.4940 4.1137 4.6824 4.1904 3.6626 3.3189 3.6467 3.6246 2.8197 3.5897 3.2582 3.0569 2.6612 3.2305 2.6187 1.9092 1.1794 1.8809 2.5303 3.0851 2.4963 2.8309 2.9509 3.2282 2.3581 3.1386 3.0706 2.6428 2.8867 3.2307 3.5712 2.6690 2.3740 
4.3816 4.3459 4.2198 3.8677 3.6724 3.3955 3.3159 3.4013 3.2437 3.3138 3.3157 3.1373 3.0582 2.9031 2.9125 2.8799 2.8591 2.8426 2.8360 2.7602 2.8717 2.8801 3.0045 2.9488 2.8309 2.9018 2.7363 2.7129 2.8922 2.9239 3.0750 2.9101 2.3427 
4.2004 3.9309 4.6532 4.1383 3.5011 2.6264 3.7437 3.4274 3.4311 3.3172 3.4237 3.1810 2.9244 3.1865 2.5819 2.0429 1.9922 1.9866 2.5032 3.0163 2.7284 2.9146 3.1256 2.9582 2.9853 2.9174 3.1818 1.9366 2.6857 3.1997 3.5415 2.5251 2.0738 
2.9285 4.5868 4.2449 4.2822 4.0142 3.9836 3.8583 3.8655 3.7939 3.5788 3.5447 3.5333 3.4412 3.5218 3.5085 3.3882 3.3559 3.3334 3.3855 3.3507 3.2403 3.2696 3.2325 3.2188 3.3452 3.3383 3.2583 3.3090 3.2382 3.3458 3.1153 3.1554 1.3976 
4.1631 3.4361 4.5475 4.0722 2.9889 3.4403 4.1236 3.1439 2.4305 3.6037 2.7766 2.6611 2.5918 3.3297 2.8803 2.4358 1.8296 2.3789 2.7871 3.2045 2.4011 2.4319 2.4951 3.2419 2.0097 2.6135 3.5441 2.7775 2.2214 3.1707 3.4054 2.1019 1.9367 
2.5390 4.4082 4.3325 4.3903 4.2385 4.0654 3.6521 3.2361 3.4631 3.6012 3.7286 3.6697 3.5950 3.4384 3.1165 3.0574 3.0342 3.0016 3.0002 3.2829 3.3957 3.4356 3.4307 3.2402 3.0170 2.7395 3.0680 3.3865 3.4554 3.4850 3.2184 2.9628 0.7528 
4.0294 4.3052 4.4897 4.0771 3.6618 3.5253 3.9911 3.2726 3.3512 3.4503 2.9870 2.9723 3.0715 3.3596 2.8824 2.9286 2.9226 2.8867 2.7963 3.2258 2.8825 2.7238 2.6857 3.0784 2.9291 2.7740 3.4156 2.8487 2.8951 3.1649 3.3378 2.8466 1.6123 
3.9537 4.1456 4.6572 4.4155 3.7265 3.8620 3.6969 3.6654 3.3172 3.7079 3.4571 3.2000 3.2456 2.2115 3.2325 3.1274 3.1042 3.0665 3.1515 2.0833 3.0409 2.9399 3.1569 3.3393 2.9030 3.1887 3.1442 3.1832 2.9354 3.5027 3.5463 2.7072 1.8759 
1.5652 4.0541 4.1987 3.7601 3.4414 3.4527 3.9069 3.2553 2.8495 3.2066 2.9742 2.7971 2.7052 2.5901 2.8268 2.8080 2.7264 2.7458 2.7044 2.4611 2.5251 2.5402 2.6629 2.8482 2.4088 2.7575 3.3160 2.7764 2.6286 2.8515 3.0382 2.6167 1.2133 
3.1780 3.6535 4.3056 4.0963 3.8823 3.7880 3.8274 3.3543 3.2094 3.2822 2.5474 2.4906 2.4921 2.4715 2.1900 2.0133 1.5263 1.9660 2.0848 2.3033 2.2658 2.2221 2.2411 2.9195 2.7759 2.8678 3.2313 3.1154 3.0910 3.1801 3.1963 2.1591 0.8514 
3.3437 4.3172 4.2858 4.2724 4.0765 3.9127 3.8762 3.4891 3.3881 3.2655 3.0297 2.8690 2.9048 2.3756 2.2899 1.8427 2.1688 1.8050 2.1999 2.2307 2.7004 2.6089 2.7285 2.9030 2.9584 2.9662 3.2800 3.2366 3.2857 3.3331 3.1784 2.8808 0.2853 
3.9077 3.7434 3.9229 3.1612 3.3170 3.2600 3.2581 2.9071 2.8362 2.4706 2.8865 2.5555 2.5926 2.3040 2.4588 2.4680 2.3989 2.4073 2.3415 2.1766 2.3997 2.3003 2.5758 2.1035 2.3834 2.4001 2.6731 2.5827 2.5468 2.2236 2.8068 2.2890 1.8128 
3.0748 3.5300 3.0689 2.6954 2.8862 2.8724 2.6460 2.3451 2.4438 2.6490 2.2547 2.1902 1.1772 1.7113 1.2292 1.1835 1.4393 1.1500 1.1550 1.5662 0.9598 1.9293 1.9448 2.2919 1.9971 1.8577 2.0789 2.1965 2.1053 1.7772 1.9240 2.0825 1.0505 
3.4343 3.5863 3.0874 2.8947 2.2895 2.2902 2.4374 1.7668 1.9670 2.1443 1.5588 1.8033 1.5782 1.8605 0.7602 1.3886 1.5258 1.3334 0.6159 1.7067 1.3872 1.5422 1.2608 1.7733 1.5540 1.2646 1.8585 1.6142 1.5067 1.9637 1.9319 2.1542 1.4860 
3.6596 3.3657 2.8742 2.6785 2.3873 1.4958 2.4054 1.8935 2.0492 2.1225 2.1079 1.9463 1.2960 1.8492 1.4362 1.3269 1.1823 1.2808 1.3089 1.6884 1.1494 1.6922 1.8163 1.7454 1.6157 1.3914 1.8365 0.8332 1.5886 1.7812 1.7236 1.9087 1.5930 
3.3605 3.1865 2.6350 2.3596 2.2919 2.1682 2.5159 2.1604 1.5202 1.9594 1.4399 1.8583 1.2652 1.8365 1.5983 1.4735 1.0916 1.4109 1.5139 1.6665 1.0729 1.5937 1.1306 1.5936 1.1128 1.6312 1.9147 1.4961 1.5206 1.4478 1.5002 1.7143 1.3089 
3.3471 3.1402 2.8932 2.5657 2.5840 2.5030 2.4898 1.7381 1.8353 1.7765 2.0849 1.8151 1.9309 1.5252 1.4511 1.4547 1.0733 1.3903 1.3322 1.3720 1.7406 1.5397 1.7908 1.4032 1.3987 1.2348 1.8876 1.8261 1.8180 1.6196 1.7948 1.6469 1.3037 
3.1017 3.0390 2.8331 2.2564 2.2692 2.4469 2.3556 2.1863 1.7977 1.6920 1.0766 2.1570 2.2167 1.9433 1.7765 1.6252 1.7081 1.5805 1.6592 1.8207 2.0085 1.8880 0.7849 1.3201 1.3434 1.6654 1.7957 1.7739 1.4975 1.3084 1.6662 1.5894 1.0444 
3.1131 2.8382 2.7174 1.9830 2.2126 2.2120 1.9732 1.8016 1.4650 1.6438 1.7735 1.7223 1.7750 1.3181 1.2354 1.0091 1.3697 0.9529 1.1566 1.1906 1.5637 1.4898 1.4784 1.2856 1.0116 1.2792 1.4017 1.5382 1.4342 1.0381 1.5925 1.3403 1.0015 
2.7026 2.8315 2.5313 2.0925 1.9417 2.2822 2.1703 1.2483 1.9644 1.7699 1.8447 1.5458 1.6882 1.6793 1.3890 1.5928 1.5568 1.5504 1.2880 1.5417 1.5103 1.2856 1.5323 1.3976 1.5447 0.7540 1.5693 1.6106 1.1726 1.1559 1.3963 1.3525 0.6851 
2.9845 2.8736 2.0079 2.2956 1.7229 1.6314 2.0003 1.8393 1.8324 1.8992 1.9952 1.7204 1.7950 1.6910 1.5642 1.8066 1.5401 1.7442 1.4861 1.5514 1.5781 1.4908 1.6932 1.5395 1.3889 1.3150 1.4420 0.9536 0.9277 1.3645 0.8831 1.4048 0.8895 
2.5827 2.6094 2.1590 1.7849 1.9262 1.6576 1.7820 1.6140 1.4208 1.4915 1.2513 1.4587 1.2914 1.4439 1.1384 0.8338 1.1927 0.7883 1.0122 1.2811 1.1228 1.1972 0.9471 1.1233 0.9810 1.1322 1.1928 0.9875 1.1572 0.8537 1.0014 1.1700 0.5059 
2.6044 2.6588 2.2862 1.1897 1.6814 1.7559 1.2363 1.1595 1.6991 1.8263 1.2644 1.2794 1.4798 1.5588 1.6372 1.2982 0.7623 1.2604 1.5519 1.4232 1.2587 1.0309 0.9519 1.4595 1.2707 0.6332 0.6527 1.0839 0.8916 0.2000 1.1655 1.2151 0.5062 
2.5240 2.5504 2.4708 2.2928 2.3820 2.1167 1.9987 1.9676 1.8135 1.2075 1.2935 1.8746 1.6235 1.4576 1.1758 1.6561 1.7035 1.6158 1.0688 1.2886 1.4418 1.6188 0.9896 0.8527 1.3561 1.4921 1.4388 1.4379 1.5931 1.3721 1.3178 1.1048 0.4200 
1.5497 2.2923 2.2206 1.8986 1.8311 1.3462 1.2870 1.2887 1.5485 0.5286 1.2610 0.5819 1.1499 0.7391 1.3677 1.1798 1.2519 1.1414 1.2727 0.5797 0.9297 0.3283 0.9515 0.1693 1.1367 0.8125 0.7051 0.6768 1.0167 0.9542 1.1028 0.8579 -0.6671 
2.3090 2.3756 1.9898 1.5678 1.8880 1.8292 1.4888 1.6870 1.6621 1.5651 1.2564 1.4199 1.5139 1.5066 1.4397 1.2868 0.9327 1.2428 1.3217 1.3411 1.2963 1.1736 0.9504 1.2008 1.2386 1.1962 0.8861 1.1538 1.1150 0.6493 0.8702 0.9196 0.2291 
1.9754 1.6853 1.8704 1.0434 1.1844 1.3037 1.5348 1.5305 0.6748 1.1901 1.6676 1.5557 1.8500 1.2279 1.3170 0.8791 0.4685 0.8413 1.2286 1.0913 1.6315 1.2947 1.3684 0.8309 0.2608 1.0181 0.9465 0.6287 0.4058 0.1274 0.7455 0.2331 -0.1449 
2.7979 2.2816 1.9508 1.8366 1.8991 1.5488 0.7571 1.6225 1.6588 1.5384 0.8075 1.1995 1.3184 1.4054 1.1819 1.1078 0.8152 1.0439 1.0892 1.2523 1.1496 0.9466 0.4866 1.1776 1.2375 1.1464 0.1720 0.8758 1.1340 0.8892 0.8367 0.8084 0.6665 
2.3866 1.8881 2.0502 1.1756 1.6063 1.6256 1.3963 1.8663 2.1578 1.8444 1.3625 1.9246 1.7415 1.5642 2.0926 1.6301 1.5190 1.5876 1.9783 1.4316 1.5431 1.6715 1.0654 1.4844 1.7052 1.3589 0.8241 0.9500 0.8304 0.2583 0.9206 0.4169 0.2669 
2.6811 2.5275 2.2698 1.8895 1.9361 1.8185 1.7817 1.5625 1.4874 0.8191 0.8141 1.4396 1.2532 1.6331 1.4803 1.2280 1.3343 1.1857 1.3569 1.5089 1.0639 1.1861 0.4966 0.4514 1.0330 1.0665 1.1907 1.1406 1.1657 0.9516 1.1551 1.0585 0.5651 
2.1024 1.6877 1.5216 0.9357 1.4784 1.4825 1.5489 1.2824 1.3441 1.2743 1.2248 0.9430 -0.5361 0.0572 0.9515 1.5179 0.9682 1.4817 0.8732 -0.0717 -0.7035 0.6948 0.9202 0.9060 0.9183 0.8032 0.9534 0.8096 0.6657 0.0450 0.3783 0.2377 0.0182 
2.3559 2.1995 1.6751 1.2695 1.8453 1.8626 1.5125 1.4892 1.7288 1.4520 1.5426 1.1743 1.2934 1.3615 1.4222 1.1426 1.2381 1.0784 1.3068 1.2197 1.1285 0.9117 1.2326 1.0786 1.2894 0.9588 0.9167 1.1866 1.0480 0.3551 0.5420 0.7283 0.2318 
2.1558 2.2221 1.9437 1.2372 1.5196 1.8883 1.8521 1.9045 1.6313 1.2875 1.0560 1.5537 1.5276 1.5677 1.1893 1.2425 1.1791 1.1982 1.0916 1.4354 1.3135 1.2943 0.7598 0.9276 1.2115 1.4106 1.2572 1.2156 0.7327 0.3098 0.8292 0.7865 0.0107 
2.0850 1.5018 1.8505 1.5402 1.4046 1.4451 1.5035 1.7343 1.4512 0.8017 1.4149 1.6335 1.5177 0.8468 1.3312 1.1376 1.2239 1.0704 1.2397 0.6831 1.2999 1.3983 1.1262 0.4305 0.9961 1.2310 0.9092 0.7720 0.6058 0.5972 0.7050 0.0277 -0.0831 
1.8801 2.2901 1.8656 1.8754 1.5095 1.3679 1.1682 1.2973 1.5632 1.3787 1.5691 1.6419 1.2929 1.5726 1.1848 1.1948 0.9559 1.1570 1.0907 1.4400 1.1295 1.4069 1.2634 1.0075 1.1519 0.8229 0.5758 0.6894 0.7097 0.9392 0.7202 0.8471 -0.4297 
2.7677 2.2554 2.1788 1.6258 1.7479 2.0488 1.8038 1.2880 1.3938 1.3088 1.3399 1.3619 1.1989 1.4285 1.3723 1.2867 0.7022 1.2414 1.2733 1.2711 0.9901 1.1366 1.0428 0.9477 0.9528 0.8110 1.2038 1.3740 0.9511 0.6942 1.0372 0.7860 0.6533 
1.9806 2.0248 1.5186 1.3895 1.4009 1.1816 1.2961 1.1440 1.4289 1.6595 1.8309 0.9118 1.7129 0.9321 0.9877 1.0582 1.1828 0.9992 0.8990 0.8046 1.5241 0.6592 1.5167 1.2934 0.9809 0.6145 0.7293 0.5024 0.6060 0.4748 0.3558 0.5962 -0.0857 
2.2971 1.6270 1.3068 1.3931 1.0550 1.2136 0.4435 1.3922 1.2219 1.2507 1.0980 1.0316 1.0860 1.2463 1.2305 0.8046 1.0199 0.7382 1.1524 1.1231 0.8802 0.8042 0.8036 0.8892 0.8082 0.8870 -0.1450 0.5383 0.2414 0.4841 0.2345 0.0938 0.1438 
2.4090 1.9763 1.7505 1.4584 1.6396 1.6492 1.4270 1.0019 1.1970 1.0939 1.0285 1.7115 1.5967 1.1194 0.9470 1.3848 1.3530 1.3297 0.8585 0.9490 1.4067 1.4841 0.7394 0.7211 0.7799 0.5081 0.8410 0.9760 0.8669 0.5053 0.6155 0.5133 0.3164 
2.0698 1.7607 2.1352 1.9210 1.9397 1.7099 1.4191 0.7637 1.2633 1.5762 1.4764 1.4350 1.5479 1.6936 0.9270 1.3701 0.5324 1.3130 0.8463 1.5527 1.3479 1.1812 1.1637 1.2135 0.8444 0.2304 0.8406 1.0318 1.1661 0.9785 0.9793 0.3583 -0.0813 
2.5992 1.8417 1.5081 1.5111 1.4200 1.4926 1.8990 1.7534 1.6474 1.5166 0.7799 0.6640 0.6580 1.6308 1.4836 0.6452 0.9406 0.5968 1.3608 1.5082 0.4866 0.4431 0.4772 1.1564 1.2265 1.2422 1.3082 0.8218 0.6139 0.5747 0.3794 0.3447 0.5105 
2.5399 2.0464 1.7687 1.4439 1.5826 1.8441 1.7125 1.8952 1.8747 1.3582 1.4878 1.3641 1.5574 1.1883 1.3005 1.2983 0.4520 1.2573 1.2173 1.0313 1.3560 1.1413 1.1737 0.9846 1.4572 1.3966 1.1517 1.1673 0.8186 0.4984 0.6164 0.5547 0.4338 
2.3875 1.9297 0.8770 1.8039 1.8655 1.2720 1.5640 1.6893 0.7586 1.1835 1.3513 1.2850 1.0381 1.5393 0.2156 1.3805 1.2623 1.3243 0.1560 1.3919 0.8492 1.0378 1.0552 0.8233 0.3031 1.1960 0.9766 0.5891 1.0791 0.8621 -0.1905 0.4712 0.2777 
2.3035 1.4830 1.7214 1.1865 0.9054 1.2953 1.4839 1.4743 0.8551 1.3003 1.3424 0.8301 1.1380 1.3707 0.6755 1.2300 1.0497 1.1890 0.5806 1.2263 0.9171 0.5649 1.0423 0.9455 0.4339 0.9466 0.8840 0.6202 0.1383 0.2483 0.5915 -0.0661 0.2109 
2.6119 2.1929 1.8258 2.0310 2.0334 1.8673 1.3061 1.2597 0.8977 1.1038 1.5168 1.0982 1.8350 1.3262 0.9805 1.1214 0.4979 1.0590 0.8936 1.1911 1.6201 0.8506 1.2045 0.7351 0.4832 0.7785 0.7336 1.1913 1.2465 1.1240 0.6845 0.6936 0.5101 
2.1339 2.2305 2.0204 0.9753 1.4640 1.0384 1.7980 1.5722 1.1863 1.3122 1.4397 1.5126 1.5827 1.5385 1.2386 1.1987 1.2349 1.1621 1.1594 1.3894 1.3909 1.2507 1.1437 0.9504 0.7601 1.0774 1.2024 0.3833 0.6562 0.0836 0.8888 0.7994 -0.0074 
2.0891 1.8201 1.8175 1.5563 1.6739 1.3680 1.1353 1.5003 1.3643 1.5307 1.3378 1.2916 0.9657 1.1793 1.2310 1.2143 0.7671 1.1752 1.1529 1.0231 0.8003 1.0522 1.0393 1.1707 0.9350 0.9772 0.5345 0.6876 0.8920 0.6161 0.6569 0.3293 -0.0340 
2.3007 2.2341 2.0615 1.6719 1.3912 1.5711 1.6554 1.4010 1.5556 1.4140 1.7118 1.5050 1.5740 1.6310 0.7627 1.4885 1.0718 1.4334 0.6630 1.5066 1.3805 1.2406 1.4161 1.0440 1.1468 0.8976 1.0950 0.8972 0.5941 0.7595 0.9270 0.7997 0.1757 
2.3314 0.8619 1.4445 1.2455 1.6290 0.9070 0.8990 1.5961 1.0992 0.6855 0.8277 1.4812 1.6262 1.6044 1.2473 1.3331 0.9102 1.2872 1.1671 1.4812 1.4523 1.2128 0.5183 0.3131 0.6428 1.1156 0.3064 0.2133 0.8557 0.3305 0.2952 -1.0566 0.2171 
2.2909 1.9586 1.9655 1.4772 1.5287 1.1288 1.1815 1.5997 1.7583 1.8326 1.5271 1.5400 0.9128 1.0107 0.9510 1.0218 1.4190 0.9698 0.8673 0.8704 0.7256 1.2827 1.2161 1.4709 1.3116 1.1202 0.5910 0.4601 0.7413 0.5257 0.8497 0.4991 0.1795 
2.4101 1.8429 1.1501 0.6167 1.6168 0.9537 1.5690 1.2406 0.9792 1.6970 1.6754 1.5169 1.0512 1.0266 1.3132 1.3809 0.7185 1.3220 1.2275 0.8862 0.8540 1.2555 1.3754 1.3277 0.5684 0.7550 0.9780 0.2746 0.8411 -0.3414 -0.0168 0.3850 0.3115 
2.2710 2.1997 2.0118 0.8877 1.7997 1.1806 1.6521 1.8467 1.9592 1.8353 1.6065 1.0022 1.4139 1.5957 0.8602 1.2440 0.4722 1.2016 0.7701 1.4731 1.2143 0.7663 1.2925 1.4761 1.5365 1.3272 1.0908 0.5084 0.9853 -0.0515 0.8846 0.7403 0.1310 
1.9187 1.3163 2.0147 1.4493 1.2869 1.2913 1.5256 1.3260 0.7442 0.8077 1.2852 1.4942 1.1975 1.2470 1.2477 1.2434 1.1358 1.2006 1.1663 1.1225 0.9873 1.2271 0.9761 0.4443 0.2947 0.8395 0.9365 0.6149 0.5124 0.5060 0.8961 -0.1153 -0.1930 
2.0192 1.9422 1.7085 0.6100 1.5187 1.3217 0.8041 1.2502 1.6757 1.5731 0.9226 1.3871 1.7670 1.6976 1.5195 1.4110 0.8539 1.3518 1.4230 1.5558 1.5604 1.1543 0.6124 1.2103 1.2505 0.7696 0.2062 0.6444 0.7311 -0.3652 0.5730 0.4982 -0.1010 
1.8543 0.9930 0.6430 0.4888 0.4807 0.3788 1.1945 1.3584 1.1029 0.7006 0.5788 0.4897 0.7176 0.8017 0.6368 0.8067 0.7047 0.7478 0.5512 0.6238 0.5218 0.2270 0.2694 0.3273 0.6489 0.8638 0.6089 -0.3189 -0.2988 -0.4696 -0.4413 -0.4282 -0.2554 
2.5209 2.0166 1.8235 1.7151 1.7880 1.5431 1.2246 1.7685 1.2874 1.8757 0.4766 1.0289 1.5191 1.2351 1.1293 1.5918 1.3669 1.5482 1.0135 1.0999 1.3046 0.8076 0.1384 1.5156 0.8709 1.2548 0.6288 0.8692 0.9781 0.8067 0.6575 0.5314 0.3694 
2.5293 1.8941 0.9515 1.8215 1.6924 1.7845 1.8419 1.5229 1.3970 1.2117 1.5015 1.2880 1.5045 1.0165 0.7491 0.4713 1.1903 0.4196 0.6353 0.8722 1.2886 1.0460 1.1884 0.8533 0.9521 1.0098 1.2436 1.1127 0.9076 0.8743 -0.1477 0.4252 0.4460 
3.0166 2.5970 2.4079 2.3355 1.9689 1.8044 2.0841 2.1558 1.7255 1.7617 2.2316 2.1814 1.7499 1.9032 2.0990 1.1648 1.5701 1.1451 1.9874 1.7588 1.5518 1.9130 1.9211 1.3830 1.2906 1.6235 1.5086 1.1207 1.1916 1.4203 1.2659 1.1378 0.8853 
3.0416 2.5107 2.0941 2.1113 1.9616 1.9257 1.9530 1.5231 1.4710 1.6415 1.4825 1.6012 1.6438 1.8521 1.7114 1.4694 0.9379 1.4056 1.6139 1.6925 1.4794 1.3476 1.1668 1.2824 1.0112 1.0071 1.3703 1.2505 1.1815 1.1755 0.9425 0.9854 0.9243 
3.3797 2.8174 2.4855 2.3133 2.2467 2.1984 1.9886 1.9181 1.8397 1.6065 1.4832 1.2393 1.2173 1.6012 1.4357 1.3648 1.1955 1.3099 1.3182 1.4803 1.0142 0.9832 1.1697 1.2434 1.4012 1.4294 1.4254 1.5224 1.4803 1.3917 1.3153 1.2866 1.2587 
3.2893 2.5373 2.2269 2.1585 1.9323 2.0249 2.0368 1.9959 1.6339 1.3587 1.8579 1.7923 1.4086 1.7020 1.3854 1.3831 1.6765 1.3272 1.2845 1.5604 1.2094 1.5315 1.5467 0.9880 1.2157 1.5129 1.4797 1.3473 1.1573 1.2021 1.0891 0.9851 1.1803 
3.3106 2.7166 2.4757 2.1502 1.9944 1.9743 1.9627 1.6597 1.7649 1.5729 1.7559 1.5687 1.5961 1.8205 1.4446 1.5710 1.6179 1.5289 1.3284 1.6426 1.4088 1.3100 1.4605 1.2100 1.3151 1.1756 1.3853 1.2968 1.2149 1.1963 1.3088 1.2128 1.1923 
3.2552 2.4316 2.3036 2.0595 1.8792 1.7762 1.0140 1.3507 1.2886 1.5671 1.5340 1.6154 1.5623 1.3605 1.5246 1.1580 0.6297 1.1144 1.4340 1.2193 1.3625 1.3659 1.2230 1.2033 0.8637 0.8571 0.4443 1.1031 1.0999 1.1441 1.1786 0.8711 1.1511 
3.3482 2.7243 2.4341 2.2407 2.1934 1.9581 1.7345 1.6353 1.8021 1.8399 1.7816 1.2957 1.4869 1.6935 1.6581 1.4221 1.2502 1.3626 1.5696 1.5529 1.2677 1.0611 1.4834 1.4822 1.3469 1.1580 1.1616 1.2810 1.3984 1.2945 1.2825 1.2141 1.2344 
3.2344 2.5290 2.2404 2.0375 1.8976 1.8246 1.8286 1.7644 1.5239 1.7715 1.5766 1.5773 1.7474 1.4864 1.8499 1.1966 1.5946 1.1592 1.7484 1.3100 1.5470 1.3201 1.2691 1.3979 1.0948 1.2485 1.2250 1.1446 1.1205 1.1152 1.1085 0.9794 1.1240 
3.2371 2.6022 2.1413 1.9756 1.8250 1.8762 1.7935 1.4964 1.3644 1.8393 1.8021 1.3027 1.0354 1.4446 1.5282 1.1334 0.6516 1.0723 1.4385 1.2823 0.8465 1.0695 1.4935 1.4821 0.9313 0.9691 1.1975 1.2004 1.0068 1.0544 0.9716 1.1144 1.1443 
3.2025 2.5426 2.0792 1.9522 1.7477 1.9265 1.5887 1.7794 1.5923 1.5124 1.5617 1.3834 1.4830 1.3449 1.3813 1.2709 1.4593 1.2245 1.2840 1.2072 1.2639 1.1521 1.2545 1.1562 1.1753 1.2624 0.9984 1.2494 0.9451 1.0125 0.9271 1.0163 1.0805 
3.3182 2.7874 2.3779 2.1595 1.9998 1.9293 1.7952 1.7281 1.8211 1.6239 1.6646 1.6317 1.5669 1.5808 1.4679 1.4645 1.4837 1.4022 1.3454 1.4526 1.3698 1.3961 1.3653 1.2616 1.3693 1.2255 1.2005 1.2538 1.2184 1.2056 1.2407 1.2725 1.2106 
3.1777 2.5143 2.1910 2.0493 1.8497 1.7371 1.7328 1.5451 1.5588 1.4370 1.3508 1.2352 1.4181 1.2534 1.4679 1.3488 1.3869 1.2952 1.3470 1.1322 1.2159 0.9801 1.0542 1.0662 1.1489 1.0427 1.1620 1.0595 1.0475 1.1340 1.0368 0.9707 1.0340 
3.0427 2.5394 2.0179 1.9617 2.0960 2.0383 1.8781 1.4893 1.0455 1.2084 1.6244 1.7144 1.3878 1.4641 1.3227 0.5942 1.5575 0.5574 1.2340 1.2901 1.1964 1.4844 1.3150 0.8473 0.6097 0.9600 1.2863 1.3623 1.2916 1.0273 0.8856 1.0381 0.9300 
2.7711 2.1238 1.7778 1.6639 1.5916 1.4826 1.3548 1.1824 0.9494 1.2610 0.0251 1.1590 1.0272 1.4125 0.9543 1.2997 0.0341 1.2593 0.8705 1.2571 0.8424 0.8916 -0.2569 0.8966 0.5282 0.6695 0.7980 0.8090 0.8209 0.7517 0.6150 0.5928 0.6313 
2.9201 2.3890 1.9670 1.7744 1.2105 1.2497 1.5739 1.2605 1.1727 1.7849 1.5729 1.1373 1.3600 1.5648 1.6904 1.2858 1.5212 1.2414 1.5949 1.4315 1.1767 0.8694 1.2644 1.4122 0.7408 0.7783 0.9850 0.5686 0.4366 0.8412 0.8491 0.8954 0.8238 
2.8902 2.1942 1.8450 1.3456 1.5234 1.7454 1.3434 -0.1991 1.5329 1.4888 1.1283 1.3403 1.1881 0.9853 0.9282 1.1965 1.4187 1.1597 0.8418 0.8583 0.9745 1.1106 0.8178 1.1223 1.1137 -0.5952 0.7916 1.0705 0.7244 0.4092 0.6757 0.6439 0.7704 
2.5581 1.5669 2.0910 1.9018 1.3557 1.3943 1.6380 1.2828 1.2134 1.1062 1.1494 1.5056 1.5226 1.5712 1.5099 1.0418 1.3182 0.9866 1.4080 1.4384 1.3082 1.2418 0.8363 0.7297 0.8037 0.8048 1.0735 0.7221 0.5668 0.9550 0.9467 -0.0137 0.4388 
2.2161 1.9936 1.9798 1.8169 1.5909 1.5232 1.4239 1.4083 1.5617 1.5752 1.5493 1.5881 1.4143 0.9423 1.1200 1.2791 1.1764 1.2329 1.0032 0.8112 1.2108 1.3344 1.2417 1.2132 1.1493 0.8991 0.8380 0.8464 0.8213 0.8647 0.8700 0.5480 0.1455 
1.3032 1.6299 1.2905 1.2359 1.3395 0.6363 1.3364 0.9447 0.9842 1.1383 0.7432 0.8025 0.8186 0.7762 1.1168 1.1833 0.7879 1.1478 0.9953 0.6115 0.6086 0.5411 0.4557 0.7574 0.5550 0.4598 0.7835 -0.0561 0.5507 0.2991 0.1855 0.2025 -0.5617 
