2.6741 2.5066 2.2270 2.0272 1.9842 1.6155 1.9906 1.2785 1.7909 1.7577 1.4868 1.6830 1.7522 1.4620 1.4339 1.6350 1.4001 1.5805 1.3641 1.3445 1.5712 1.4411 1.2039 1.4310 1.4130 0.8425 1.4479 1.0147 1.2481 1.1797 1.1991 1.1823 0.7836 
3.5480 3.7983 3.4165 3.1215 2.9731 2.9121 2.7459 2.6630 2.6589 2.5951 2.5568 2.4896 2.4447 2.4294 2.3916 2.3511 2.3164 2.3158 2.3166 2.3172 2.2935 2.2870 2.2895 2.2588 2.2896 2.2127 2.2371 2.3025 2.2804 2.2960 2.3878 2.4643 1.5476 
3.8163 3.8176 3.4383 2.7605 2.5666 2.7479 2.6829 2.8776 2.6340 2.2557 2.4255 2.2991 2.2415 2.1123 2.0876 2.0296 2.0349 1.9961 2.0126 1.9974 2.0553 2.0581 2.1538 1.9213 2.2504 2.4082 2.1545 2.1394 1.8346 1.9309 2.4051 2.4814 1.8870 
3.8360 3.4067 3.3301 3.2151 3.0558 2.9920 2.8655 2.7334 2.6843 2.6116 2.7147 2.6090 2.5713 2.5819 2.4226 2.4365 2.4160 2.4002 2.3454 2.4240 2.3777 2.3695 2.4328 2.2900 2.3111 2.3023 2.3372 2.3815 2.3557 2.3651 2.3214 2.0818 1.9262 
3.5474 4.0461 3.7651 3.2081 2.9800 3.2635 3.3331 2.9150 2.1698 1.9572 1.7151 1.8879 1.9169 2.1898 2.1018 1.8645 1.9293 1.8156 2.0233 2.0576 1.7319 1.6754 1.4238 1.6079 1.7728 2.4349 2.8131 2.6579 2.2928 2.3517 2.7255 2.7272 1.8634 
4.1082 3.9391 3.3790 3.0368 2.8986 2.7798 3.2685 2.9414 2.3199 2.2649 2.1475 1.9649 1.9849 1.9209 1.9123 1.7768 1.8645 1.7423 1.8181 1.7858 1.7903 1.7353 1.8910 1.9415 1.9498 2.4818 2.7314 2.1603 2.1595 2.2058 2.3522 2.6235 2.1483 
3.5257 4.0394 3.6869 2.9627 2.6785 3.0597 3.5846 3.4009 2.8865 2.7831 2.7432 2.8142 2.7662 2.7006 2.5712 2.5985 2.5429 2.5459 2.4630 2.5908 2.6090 2.6043 2.4728 2.4476 2.4774 2.9527 3.0536 2.4625 2.0009 2.1266 2.6785 2.7233 1.8320 
4.1316 4.0641 3.5912 3.2621 3.0441 2.8278 3.0235 3.0563 2.9438 2.8385 2.8263 2.7155 2.6864 2.6738 2.6259 2.6050 2.6034 2.5582 2.5373 2.5540 2.5124 2.4911 2.5595 2.5038 2.5639 2.6262 2.4979 2.2256 2.3499 2.4199 2.5854 2.7303 2.2495 
3.6763 3.9622 3.8730 3.0754 3.2178 3.2050 3.4019 3.2247 2.9506 3.0026 2.6262 2.6837 2.7058 2.5979 2.6296 2.5742 2.5964 2.5186 2.5447 2.4387 2.5380 2.4554 2.3483 2.6734 2.5823 2.7518 2.8995 2.5976 2.4865 2.2880 2.8713 2.6692 1.8012 
3.5373 4.2911 3.6974 3.6445 3.5427 3.5292 3.3400 3.2030 3.2561 3.1857 3.1963 3.1210 3.1017 3.0357 2.9609 3.0165 2.9767 2.9756 2.8911 2.9246 2.9340 2.9097 2.9155 2.8492 2.8812 2.7246 2.8277 2.9189 2.8255 2.8122 2.6579 2.9850 2.0070 
4.0898 4.1286 4.0390 3.4462 3.3000 3.1837 3.2185 3.1143 3.0621 2.7443 2.9438 2.9795 2.7465 2.6591 2.6597 2.4744 2.5266 2.4255 2.5920 2.5333 2.5953 2.7477 2.6633 2.4178 2.6824 2.6626 2.6765 2.5803 2.6068 2.6189 3.0160 2.8053 2.0664 
3.0722 4.3415 3.8358 3.8485 3.6788 3.6301 3.5612 3.4646 3.3399 3.3114 3.2561 3.1990 3.2177 3.1447 3.1305 3.0372 3.0669 3.0017 3.0326 3.0046 3.0232 2.9569 2.9765 2.9835 2.9626 3.0005 3.0284 3.0207 2.9741 2.9965 2.7875 3.0252 1.8625 
4.0713 4.1306 3.8893 3.4836 3.2537 3.0589 3.1522 2.9398 3.2078 2.7298 2.3519 2.4059 2.4321 2.0076 2.0824 2.1783 2.1475 2.1292 2.0082 1.8613 2.2857 2.1822 2.0723 2.4084 2.8017 2.4747 2.6297 2.4518 2.5529 2.6456 2.8941 2.8015 2.0254 
3.6910 4.4482 4.0313 3.8955 3.7612 3.6398 3.5679 3.5360 3.4617 3.3912 3.3455 3.3450 3.3104 3.2570 3.2431 3.2096 3.1883 3.1580 3.1592 3.1241 3.1408 3.1334 3.0734 3.0580 3.0567 3.0665 3.0331 3.0300 3.0339 3.0441 3.0001 3.1281 0.1165 
3.9419 3.9750 3.6172 3.3069 2.9904 2.6356 3.1460 2.5360 2.9869 2.7239 2.6806 2.3545 2.5558 2.3697 2.3066 2.2270 2.2876 2.1756 2.2101 2.2530 2.3685 2.1236 2.4067 2.4016 2.6163 2.0837 2.6226 2.0238 2.3024 2.4868 2.6267 2.6673 1.8556 
3.5344 4.3021 4.1243 3.8637 3.7462 3.6254 3.5366 3.5138 3.3806 3.3334 3.2978 3.2525 3.2223 3.2049 3.1648 3.1257 3.0905 3.0738 3.0589 3.0444 3.0284 3.0203 3.0214 3.0052 2.9960 3.0345 2.9998 3.0157 3.0276 3.0158 3.0788 2.9973 0.2893 
3.5072 3.9200 3.4318 3.5354 3.1203 3.2067 3.1066 2.9996 2.9643 2.7783 2.6529 2.5651 2.6741 2.6197 2.5833 2.5625 2.5228 2.5073 2.4732 2.4730 2.4967 2.3318 2.3730 2.4442 2.5927 2.5648 2.6013 2.5988 2.4074 2.6925 2.4476 2.6277 1.0166 
4.0814 4.4128 4.0625 3.6895 3.3360 3.1887 3.2365 3.2768 3.2056 3.1351 3.0518 3.0179 2.9652 2.9379 2.9165 2.9071 2.8860 2.8576 2.8186 2.7983 2.7824 2.7927 2.7802 2.8001 2.7952 2.8288 2.7001 2.5798 2.6340 2.8643 3.0260 3.0795 2.0519 
2.6714 3.2030 3.8378 3.5872 3.3725 3.2048 3.1801 3.0601 3.2289 3.0694 3.0280 2.9914 2.9334 2.9110 2.9026 2.8600 2.8215 2.8052 2.7952 2.7570 2.7386 2.7614 2.7476 2.7377 2.8368 2.6281 2.6475 2.5971 2.6745 2.7383 2.8291 1.7642 1.2055 
4.1033 4.3451 3.8733 3.2619 2.5719 3.0278 2.9053 2.8631 2.6406 2.4374 2.3110 2.3510 2.3730 2.3453 2.2883 2.1842 2.2198 2.1349 2.1771 2.2140 2.1974 2.1175 2.0309 2.1138 2.2620 2.3968 2.3622 2.4182 1.8525 2.4098 2.8477 3.0293 2.1718 
3.8621 3.8239 3.9126 3.5185 3.5234 3.4830 3.3351 3.2129 3.3293 3.2445 3.1769 3.1321 3.0768 3.0475 3.0116 2.9867 2.9656 2.9488 2.9346 2.9331 2.9179 2.9164 2.9050 2.9209 2.9492 2.7366 2.8181 2.8771 2.7989 2.6704 2.9121 2.5096 1.9476 
3.3668 4.2380 3.9181 3.3544 2.7109 2.5807 2.5179 2.9351 2.9678 2.5280 2.9151 2.9984 2.7787 1.9713 2.3503 2.2906 2.3301 2.2363 2.2809 1.8231 2.6181 2.7699 2.6321 2.1978 2.5976 2.4667 1.9925 1.9768 2.0180 2.5335 2.9104 2.9383 1.9028 
4.2067 4.2549 3.6938 3.5238 3.2707 3.1204 3.0643 3.1432 2.8499 2.6295 2.3982 2.7459 2.7256 2.7474 2.6460 2.6941 2.6290 2.6549 2.5701 2.6314 2.5675 2.5362 2.1174 2.3070 2.4446 2.6841 2.5592 2.5111 2.5727 2.6712 2.6633 2.9498 2.2522 
3.2140 4.1110 3.8845 3.4521 3.0001 2.8236 2.7946 2.9386 2.5039 2.6256 2.8601 2.9821 2.1020 2.6516 2.5578 2.6102 2.5500 2.5683 2.4507 2.5243 1.9030 2.7486 2.5964 2.3055 2.1131 2.4789 2.2959 2.2206 2.3125 2.6156 2.8906 2.7737 1.7510 
4.1144 4.1668 3.5710 3.2130 2.9875 2.8543 2.7792 2.9868 2.7435 2.3210 2.6998 2.9542 2.6017 1.9923 2.0348 2.1794 2.3127 2.1366 1.9553 1.8271 2.4013 2.7229 2.4226 2.0004 2.3606 2.5465 2.2813 2.2489 2.2967 2.3643 2.5600 2.8586 2.2325 
3.8762 3.8435 4.0954 3.3480 3.2750 3.2591 3.2241 2.6337 3.2540 3.0374 3.0933 2.9281 2.9197 2.9227 2.7828 2.6864 2.7093 2.6476 2.6978 2.7739 2.7255 2.6908 2.8240 2.7153 2.8794 2.1602 2.6864 2.6508 2.5846 2.5068 3.0559 2.5582 1.9786 
3.9019 4.0140 3.3002 3.3493 3.0010 2.8552 2.8139 2.3215 2.8710 2.6788 2.9615 2.7599 2.4973 2.7112 2.4819 2.3659 2.4257 2.3290 2.3966 2.6001 2.3272 2.5527 2.6834 2.3549 2.4632 1.8494 2.3011 2.2425 2.3028 2.5147 2.3322 2.6979 2.1204 
4.0678 3.8688 3.9861 3.1208 3.1141 2.9695 2.8638 3.0715 2.3013 1.8471 2.7815 2.3325 2.1783 2.3498 1.8490 2.0926 2.1752 2.0557 1.7602 2.2224 2.0121 2.0974 2.5113 1.5406 1.9097 2.6309 2.3328 2.3594 2.4003 2.3073 2.9751 2.5734 2.1154 
3.5760 4.0450 3.9637 3.8147 3.5443 3.4482 3.4055 3.4980 3.2988 3.2375 3.1404 3.1501 2.9866 3.0826 3.0448 3.0256 2.9519 2.9835 2.9682 2.9585 2.8109 2.9263 2.8745 2.9135 2.9218 3.0256 2.9006 2.8379 2.8282 2.9520 2.9599 2.7232 1.9146 
3.8811 3.6101 4.1773 3.2114 3.2833 3.2573 3.2185 3.2491 3.0165 2.7684 3.2325 2.8638 2.4226 2.9328 2.3415 2.5188 2.4842 2.4672 2.2672 2.7903 2.2693 2.6340 2.9503 2.4386 2.6351 2.7890 2.6756 2.6473 2.5895 2.3285 3.1741 2.3173 1.9417 
3.1282 4.1697 4.1315 3.8333 3.6701 3.5719 3.4555 3.3536 3.3494 3.2898 3.2555 3.2167 3.1867 3.0754 3.0760 2.9475 3.0031 2.9138 2.9926 2.9529 2.9910 2.9763 2.9757 2.9631 2.9718 2.9208 2.9314 2.9617 2.9669 2.9780 3.0949 2.8761 0.8765 
3.5051 3.6606 4.1406 3.2117 3.3717 3.3027 2.9130 3.4668 3.2705 2.6725 3.1841 3.0013 2.8575 2.2988 2.7519 2.7340 2.6308 2.6974 2.6729 2.1487 2.6679 2.7725 2.9081 2.3429 2.9006 3.0027 2.3655 2.6938 2.6682 2.3577 3.1146 2.3964 1.5007 
3.3341 4.1703 3.9804 3.8032 3.5982 3.4754 3.2811 3.4368 3.2971 3.2418 3.2102 3.2059 3.1737 3.0454 3.0430 3.0061 2.9814 2.9659 2.9665 2.9313 2.9818 2.9625 2.9265 2.9177 2.9215 2.9810 2.7458 2.8659 2.9062 2.9499 2.9685 2.8786 0.8475 
3.3659 3.6684 4.0782 2.9652 3.1240 2.8595 3.1952 2.8226 3.0375 3.0182 2.9723 2.9213 2.7430 2.3402 2.6409 2.6000 2.4722 2.5480 2.5619 2.2120 2.5941 2.6827 2.6933 2.6923 2.6617 2.3727 2.6514 2.2443 2.4008 2.0782 3.0425 2.4057 1.3898 
3.6379 4.1749 3.9457 3.8191 3.5858 3.5051 3.3677 3.2039 3.2428 3.2614 3.1747 3.1226 3.0445 3.0284 3.0143 2.9601 2.9723 2.9250 2.9365 2.9146 2.8953 2.9103 2.9036 2.9364 2.8594 2.7265 2.8601 2.8964 2.8968 2.9633 2.9388 2.8838 1.5509 
3.1910 3.7140 3.9587 2.5024 2.3988 3.0159 2.5970 3.0930 3.0343 2.9580 2.4818 2.3919 2.3922 2.7702 2.5622 2.3808 2.3429 2.3428 2.4533 2.6487 2.2280 2.1693 2.2077 2.6322 2.6546 2.6489 2.0738 2.4106 1.6996 1.7720 2.9530 2.4350 1.1249 
3.7157 4.1438 3.8654 3.6797 3.4830 3.3487 3.4092 2.9949 2.9509 2.9986 2.8266 2.6389 2.3726 2.2334 2.0270 2.1110 2.0247 2.0688 1.9434 2.0901 2.1946 2.4039 2.5564 2.6693 2.5719 2.5492 2.9030 2.7378 2.7499 2.8546 2.8482 2.8319 1.7302 
2.9379 3.7411 3.7180 3.4556 3.3297 3.0699 3.1427 3.0532 3.1478 2.9259 2.7608 2.7712 2.9010 2.7293 2.6911 2.6595 2.6765 2.6239 2.6173 2.6164 2.7026 2.5666 2.4869 2.6048 2.7436 2.6230 2.6241 2.4571 2.6359 2.6310 2.6920 2.4382 0.9943 
2.5577 3.9474 3.8380 3.7856 3.5968 3.3644 2.5317 2.2711 2.5897 2.7171 2.5486 2.3377 2.4116 2.4329 2.4829 2.4714 2.3977 2.4242 2.3967 2.3194 2.2461 2.1048 2.2827 2.3891 2.1799 1.7972 2.0052 2.7526 2.9049 2.9395 2.8060 2.6549 1.2227 
3.8215 3.8445 3.7455 3.4504 3.2479 3.2075 2.5301 2.8037 2.7204 2.6542 2.6140 2.6484 2.3288 2.3779 2.3378 2.3472 2.2692 2.3127 2.2619 2.2639 2.1377 2.4166 2.3292 2.3265 2.3374 2.3511 2.0133 2.5964 2.5407 2.6148 2.7193 2.5078 1.8062 
3.6619 3.6496 2.9075 3.0961 2.8607 2.7982 2.7937 2.7100 2.4987 2.4634 2.3394 2.4912 2.3954 2.4162 2.3753 2.2971 2.3514 2.2481 2.3033 2.3023 2.2259 2.2884 2.0617 2.1300 2.1074 2.2761 2.2946 2.1836 2.1324 2.2845 1.8782 2.3499 1.8158 
3.6146 3.6380 3.3352 2.8471 2.8901 2.7288 2.8143 2.5275 2.6380 2.6774 2.3528 2.3233 2.2964 2.3486 2.3105 2.3169 2.2310 2.2834 2.2158 2.2194 2.1002 2.0874 2.0712 2.3503 2.2595 2.0728 2.3018 2.1194 2.1590 2.0101 2.3271 2.3368 1.7427 
3.4722 3.6245 2.9835 2.9192 2.9051 2.7087 2.6866 2.4452 2.4020 2.2402 2.3132 2.4064 2.3849 2.1738 2.1610 2.1634 2.1572 2.1177 2.0794 2.0459 2.2118 2.1813 2.0326 1.9056 2.0225 2.0115 2.1551 2.1001 2.1751 2.0699 1.9716 2.3260 1.5769 
3.2517 3.4644 2.8610 2.7568 2.7934 2.7887 2.6185 2.6381 2.4200 2.4206 2.3770 2.3487 2.2690 2.2430 2.2236 2.3178 2.2991 2.2858 2.1220 2.0999 2.0741 2.1154 2.1015 2.0936 2.0399 2.1771 2.0800 2.1808 2.0851 1.9396 1.8164 2.1373 1.3731 
2.2362 3.1809 2.9841 2.7233 2.6132 2.2317 2.3133 2.1390 2.1793 2.2065 2.0688 2.0571 2.0321 1.9512 1.9895 2.0430 1.8342 2.0083 1.8834 1.8050 1.8429 1.8220 1.7922 1.8710 1.7935 1.7072 1.7725 1.6278 1.8887 1.8790 1.9925 1.8587 0.3419 
2.7478 3.1754 2.7295 2.6283 2.4990 2.3911 2.2760 2.2963 2.0882 2.0983 2.0365 1.9984 1.7611 1.9388 1.7786 1.8541 1.8038 1.8105 1.7049 1.7951 1.5845 1.7580 1.7569 1.7692 1.7111 1.8172 1.7364 1.7811 1.7871 1.7792 1.7239 1.8479 0.8016 
0.8854 2.8051 2.4771 2.3315 1.9981 2.3640 2.1198 1.9608 1.9957 1.8404 1.9400 1.8413 1.8183 1.9818 1.7589 1.8706 1.8385 1.8218 1.6882 1.8204 1.6708 1.6321 1.6745 1.5101 1.5929 1.4923 1.6059 1.7570 1.2653 1.4900 1.4612 1.5034 -0.8060 
2.4719 2.8040 2.4016 2.3300 2.2662 2.0096 1.8477 1.8848 1.7292 1.6148 1.6964 1.8869 1.0105 1.3483 1.5204 1.6295 1.7700 1.5760 1.4453 1.1986 0.8200 1.6811 1.4162 1.2765 1.3534 1.4365 1.3458 1.3958 1.5348 1.4796 1.4011 1.5009 0.6686 
2.2348 2.6208 2.2916 2.1753 2.1137 1.8873 1.7777 1.7845 1.7684 1.7111 1.8022 1.6184 1.5006 1.6636 1.1404 1.4041 1.2960 1.3727 1.0731 1.5073 1.3362 1.3970 1.5208 1.3868 1.3947 1.3504 1.2480 1.2780 1.4125 1.3602 1.2469 1.3091 0.2529 
1.9339 2.4338 2.2000 1.9233 2.0009 1.9207 1.3859 1.8591 1.1997 1.6876 1.5854 1.6833 1.4800 1.1426 1.4482 1.3076 0.6787 1.2534 1.3795 1.0204 1.3082 1.4413 1.3174 1.3598 0.8145 1.4178 0.8490 1.3102 1.2742 1.0896 1.1754 1.1379 0.2169 
2.4045 2.3336 2.0470 1.7955 1.6796 1.5675 1.7060 0.6722 1.4381 1.2926 1.5918 1.2576 1.2866 1.4429 1.4627 1.0135 -1.1076 0.9573 1.3896 1.3192 1.1153 1.0497 1.3245 0.9641 1.0681 0.2223 1.1686 0.9574 0.9502 0.9527 1.0411 1.0463 0.5484 
1.9326 2.0420 1.5043 0.9501 1.4284 1.1531 0.9185 0.7902 1.3735 1.0045 1.0948 0.9937 0.7078 0.9841 0.9360 0.7486 0.6942 0.6924 0.8535 0.8505 0.5254 0.7789 0.8143 0.6653 0.9637 0.3208 0.4162 0.5406 0.7257 0.1406 0.4937 0.7474 0.1545 
2.3849 2.1658 1.7440 1.6243 1.4442 0.6230 1.4086 1.4582 1.3272 1.3635 1.1413 1.4112 1.4109 1.1220 1.3130 1.1708 0.9430 1.1300 1.2084 0.9924 1.2176 1.1749 0.8639 1.0284 0.9211 1.0117 0.8697 -0.0157 0.7437 0.7838 0.7106 0.8392 0.4333 
2.6142 2.1318 1.7479 1.6854 1.6169 1.0825 1.0106 0.8522 1.2064 1.4289 1.1113 1.3325 1.4966 1.3255 1.0448 1.1585 1.3477 1.1220 0.9389 1.1820 1.3328 1.1050 0.8298 1.1034 0.8301 0.4164 0.4904 0.4728 0.8955 0.8297 0.7365 0.8011 0.7021 
2.4575 1.8991 0.9064 1.4620 1.0126 1.5520 1.4603 1.3559 1.1031 0.9639 1.2076 1.2212 1.4576 1.3271 0.9822 1.2079 0.4621 1.1714 0.8881 1.1822 1.2830 1.0120 0.9344 0.6241 0.7043 0.8840 0.9328 0.9431 0.2836 0.5974 -0.3413 0.5280 0.5145 
1.7094 2.0062 1.7504 1.4594 1.0824 1.0157 1.4447 1.4075 0.8743 1.3638 1.4668 1.6190 1.6560 1.2234 1.1078 1.3911 1.0854 1.3480 1.0265 1.1069 1.4616 1.3987 1.1922 1.0276 0.4971 0.9392 0.9127 0.4121 0.3499 0.6087 0.7536 0.6879 -0.1953 
2.1920 1.9287 1.6801 1.1396 1.5251 1.0537 1.0603 1.2864 1.4478 1.1461 1.3785 1.0073 0.7771 1.5317 0.8685 1.2975 -0.7393 1.2460 0.7888 1.4149 0.5839 0.7850 1.0959 0.8186 1.0758 0.8372 0.5213 0.4387 0.8244 0.2884 0.6368 0.6018 0.3175 
2.2473 1.5741 0.9073 1.3992 1.3934 1.0657 1.2167 1.5593 1.4312 0.5499 1.4130 1.4010 0.9628 0.9527 1.3587 1.0451 0.9376 0.9867 1.2490 0.8281 0.7942 1.1644 1.1347 0.2180 1.0545 1.1160 0.7149 0.4648 0.6739 0.5572 -0.0466 0.2816 0.2823 
2.0758 2.0111 1.9387 1.8068 1.7613 1.7044 1.4620 1.1202 0.6374 1.3102 1.1441 1.2410 1.1366 1.3132 1.1335 -0.1620 0.8202 -0.2461 1.0659 1.1730 0.9539 1.0343 0.8630 0.9735 0.2711 0.6553 0.9286 1.0943 1.0702 0.9712 0.9039 0.6902 0.1709 
0.3421 1.8989 1.8151 1.5568 1.2716 0.5059 0.8221 1.1275 0.5571 0.9981 1.3818 1.6278 1.5481 1.4952 1.1242 1.3191 0.4735 1.2661 1.0492 1.3812 1.3894 1.4040 1.0994 0.6710 0.1786 0.6755 0.2836 -0.0899 0.5570 0.7273 0.8148 0.5966 -1.0600 
2.3879 1.7346 1.8632 1.6561 1.3459 1.3310 1.2513 1.4654 1.1966 1.0979 1.4762 1.2048 0.7501 1.1411 1.1123 0.9380 -0.1007 0.8945 1.0301 1.0192 0.5481 0.9897 1.1991 0.7769 0.8140 1.0236 0.7553 0.7147 0.6211 0.8046 0.8553 0.3794 0.5002 
2.1681 1.2589 1.4299 1.1396 1.2120 1.1981 0.9682 1.2761 1.0014 0.7770 1.1705 1.1778 0.6443 0.7305 0.9997 0.9978 0.9156 0.9447 0.8999 0.5864 0.4834 0.9507 0.8929 0.4595 0.5948 0.8262 0.4463 0.5878 0.5214 0.2891 0.4601 0.0421 0.2271 
1.9193 1.6248 1.3400 1.4576 1.3686 1.0159 1.5177 1.6711 1.4646 1.1603 1.3841 1.4498 0.9221 1.2467 1.4551 1.3815 0.5721 1.3310 1.3846 1.1246 0.7670 1.2154 1.1017 0.8314 1.0888 1.1975 1.0107 0.3959 0.6285 0.6097 0.3149 0.2707 -0.0197 
2.5580 2.0153 1.8013 1.5217 1.2960 1.0814 1.0858 1.1937 1.1852 0.9260 0.9328 0.4707 0.5297 0.8293 1.0614 1.1493 1.0080 1.1135 0.9541 0.7132 0.3625 0.2211 0.6573 0.5920 0.8047 0.7648 0.5497 0.4767 0.5820 0.7020 0.7993 0.6642 0.6437 
1.4323 1.8009 1.0796 1.1614 1.0293 1.3001 1.0601 1.1043 0.6090 0.7659 0.8568 0.1866 1.0098 1.1795 1.1403 1.3644 0.1718 1.3099 1.0686 1.0734 0.8275 -0.0776 0.5821 0.4326 0.2326 0.6452 0.5222 0.6888 0.2934 0.3167 0.0653 0.5041 -0.3808 
2.4311 2.1046 1.8104 1.5740 1.4214 0.5945 0.5830 1.1233 0.3128 1.5375 1.3397 1.4602 1.3045 1.3780 1.4288 0.8648 1.3943 0.8250 1.3536 1.2209 1.1250 1.2282 1.0729 1.2053 -0.0442 0.6662 0.0724 -0.0226 0.7090 0.7639 0.8013 0.7920 0.5480 
2.3283 2.1194 1.5382 1.5204 0.8500 1.2340 1.3754 0.8941 0.9996 1.2002 1.3571 1.2585 1.4890 1.2159 1.3873 1.1022 1.0065 1.0704 1.2858 1.1016 1.3225 1.0527 1.0807 0.8745 0.5958 0.4640 0.8340 0.6222 0.1370 0.6946 0.5195 0.8128 0.4625 
2.0386 1.2852 1.2852 1.1816 0.9841 1.1618 1.2320 0.9887 -0.3804 0.8493 0.7762 0.7826 0.8972 1.0216 0.0637 0.5855 0.8002 0.5455 -0.0133 0.8788 0.7362 0.5442 0.4926 0.5221 -0.7163 0.5396 0.7307 0.5528 0.2626 0.3361 0.2623 -0.0897 0.1248 
1.9056 1.7927 1.6075 0.9788 1.2380 1.5341 1.7201 1.4640 1.2618 1.3628 1.1155 1.4071 1.0878 1.4577 1.3783 0.7848 0.9871 0.7401 1.2701 1.3398 0.8938 1.1713 0.8395 1.0234 0.8763 1.0212 1.1869 0.9288 0.5322 0.1644 0.5757 0.4856 -0.0430 
2.4853 2.0277 1.9426 1.4565 1.4350 0.9957 1.0906 1.5164 1.1439 1.1761 1.5062 1.2832 1.0456 1.1949 0.9175 0.4855 0.9017 0.4559 0.8364 1.0822 0.8487 1.0749 1.2289 0.8508 0.7705 1.0875 0.5518 0.3983 0.7366 0.5998 0.9082 0.6905 0.5885 
1.7751 0.5625 1.3234 0.8502 0.9623 1.2401 1.1304 0.0785 0.4841 0.8343 0.9140 0.9594 -0.3927 0.4078 1.0680 0.3177 0.2830 0.2718 0.9569 0.2634 -0.5289 0.7562 0.6438 0.5076 0.0939 -0.3891 0.5941 0.6354 0.2702 0.0214 0.2862 -0.4171 -0.1693 
2.7226 2.1003 1.8049 1.5758 1.6523 1.1550 0.9427 1.5108 1.4656 1.3998 1.3146 1.4535 1.1443 1.2713 1.2612 1.0234 1.3911 0.9728 1.1743 1.1419 0.9699 1.2178 1.0516 1.0790 1.0932 1.0844 0.4391 0.5437 0.9205 0.7642 0.7966 0.7659 0.8288 
1.3917 1.0160 1.1992 0.7221 0.7828 0.9998 0.7597 1.1333 0.7365 1.0138 0.5016 0.8620 0.6162 0.6503 0.4954 0.6809 0.6570 0.6310 0.4076 0.5273 0.4658 0.6315 0.2304 0.6764 0.3417 0.6806 0.2208 0.3871 0.0597 -0.0991 0.1965 -0.2899 -0.6015 
2.3413 2.0267 1.7763 1.6576 1.3304 1.6158 1.2519 1.6389 1.6834 1.5571 1.3137 1.2262 1.3140 1.4110 1.1999 1.4505 1.1305 1.4136 1.1248 1.2692 1.1331 1.0168 1.0462 1.2234 1.2763 1.1749 0.7502 1.0084 0.6070 0.8067 0.7750 0.6882 0.4275 
2.0088 1.7092 1.2559 1.3742 1.2814 1.4907 1.7040 1.4677 1.3150 1.1832 1.0724 1.4169 1.4212 1.1232 1.0137 0.7832 1.0911 0.7473 0.9118 0.9864 1.2302 1.1840 0.7925 0.8541 0.9107 1.0294 1.1656 0.8843 0.5777 0.5230 0.2291 0.4176 0.1378 
2.1066 1.7392 1.2942 1.4652 1.1669 1.2477 1.5033 1.3158 1.5254 1.2502 1.3949 1.3873 0.8316 1.5592 -0.0028 1.3485 0.2824 1.2924 -0.0439 1.4343 0.6622 1.1476 1.1122 0.9211 1.1466 0.8575 0.9867 0.6500 0.4723 0.6337 0.3036 0.4827 0.2001 
1.0848 1.7183 1.7188 1.3814 1.1240 1.4290 1.3835 1.0895 1.2697 1.5046 1.6197 1.6636 1.5530 1.2638 0.5986 0.9602 1.2547 0.9106 0.5151 1.1353 1.3926 1.4253 1.3550 1.1794 0.8852 0.6137 0.8442 0.8246 0.4390 0.5196 0.7143 0.4546 -1.6871 
2.3772 2.0047 1.4992 1.4148 1.1000 0.8443 1.0911 0.9817 1.3061 1.1075 1.0766 0.6495 0.9810 1.3261 0.7960 1.0869 -0.2312 1.0491 0.7076 1.1822 0.8063 0.4344 0.7934 0.7834 0.9048 0.5292 0.5531 0.2425 0.3769 0.5645 0.4929 0.6783 0.5043 
2.0686 1.3100 1.7195 1.7154 1.3656 1.1490 1.6026 1.4331 1.6056 0.9857 1.5479 1.0425 1.4456 1.5028 1.1070 1.3071 0.7837 1.2532 1.0269 1.3881 1.2660 0.8024 1.2786 0.6470 1.2052 0.9772 1.0890 0.5411 0.6238 0.8671 0.7078 -0.0447 0.1795 
2.0619 0.9718 1.7014 1.2838 1.2324 0.9164 1.2897 1.1404 0.9875 0.5469 1.1751 0.4847 1.2080 1.1232 0.9328 1.2028 0.8510 1.1659 0.8517 0.9891 1.0602 0.2503 0.8954 0.2290 0.5924 0.6862 0.7801 0.3199 0.5229 0.4585 0.6919 -0.1509 0.1444 
2.1363 1.9845 1.7244 1.3765 1.5479 1.4263 0.2041 1.5621 1.4281 1.6750 1.5462 1.4703 1.4235 1.4013 1.3260 1.2673 1.5087 1.2212 1.2196 1.2557 1.2352 1.2399 1.2746 1.3394 1.0506 1.1200 -0.3629 0.8171 0.8455 0.5141 0.7069 0.6382 0.2294 
1.8885 1.1775 1.1573 1.2392 0.5377 0.7929 1.0082 1.0771 0.9227 1.1240 1.3089 0.9880 0.9084 1.1040 1.0025 1.0899 0.7462 1.0479 0.9047 0.9618 0.7579 0.7782 1.0400 0.8008 0.5392 0.6011 0.4875 0.1821 -0.1316 0.4233 0.1702 -0.1557 -0.0325 
2.3834 2.1168 1.7073 1.8128 1.5695 1.3242 0.5019 1.4234 1.1219 1.2468 1.2112 1.4055 0.9141 1.1808 1.1790 1.1172 1.3607 1.0856 1.1029 1.0699 0.7665 1.1689 0.9419 0.9131 0.7465 0.9660 -0.0247 0.7102 0.8595 0.9816 0.6880 0.8015 0.4935 
1.7317 1.3259 1.5064 1.0933 1.0748 1.1230 1.3524 1.3722 1.2779 1.5020 1.3844 1.0631 0.4980 1.1684 1.1343 1.1804 0.8404 1.1387 1.0644 1.0602 0.3159 0.8185 1.1002 1.1742 0.8893 0.8940 0.8149 0.5191 0.3519 0.2316 0.5012 -0.0038 -0.1290 
1.7183 1.7110 1.1861 0.7691 1.1822 1.5146 1.6974 1.5835 1.2189 1.1950 1.3765 1.1427 1.4386 1.3767 1.1358 1.1315 1.2852 1.0980 1.0651 1.2172 1.2554 0.9097 1.0924 0.8683 0.8372 1.1328 1.1587 0.9087 0.4873 -0.0801 0.1694 0.3903 -0.2232 
0.9026 1.7262 0.9184 1.1296 0.2851 1.0773 1.1286 1.1484 0.8550 1.1042 1.1188 1.2616 0.9182 1.2790 0.7695 1.0121 1.3682 0.9534 0.6535 1.1479 0.7675 1.0594 0.8374 0.7837 0.4718 0.7106 0.5970 0.4685 -0.3600 0.2758 -0.0219 0.4470 -1.7606 
2.2890 2.0898 1.8582 1.6149 1.5349 1.1164 1.5353 1.2995 1.2123 1.4909 1.4370 0.4951 1.1595 1.0385 1.1001 0.8063 0.8812 0.7724 1.0115 0.8916 0.9837 0.2725 1.1568 1.1629 0.8372 0.8408 1.0297 0.5023 0.8341 0.7852 0.8407 0.7855 0.3508 
2.1791 2.0172 1.7582 1.8211 1.7587 1.0433 1.5967 1.4647 1.4026 1.2026 1.1579 0.3883 1.1100 1.5060 0.8860 1.2543 -1.0139 1.2061 0.8017 1.3934 0.9198 0.1754 0.8799 0.8786 1.0087 1.0272 1.0838 0.4444 1.0681 0.9964 0.7653 0.6819 0.2509 
2.0071 2.1034 1.7678 1.4726 1.8148 1.8364 1.7136 1.1581 0.5165 1.0981 1.3743 1.4247 1.2651 1.0176 0.3374 0.8387 0.3915 0.8023 0.2597 0.8744 1.0993 1.1926 1.0903 0.7778 0.1529 0.7063 1.1755 1.2273 1.1211 0.6451 0.7635 0.8054 0.0902 
2.2105 1.7286 1.6744 1.6585 1.2272 0.8065 1.4169 1.4238 1.4193 1.5642 1.3856 0.8626 1.3914 1.1939 1.2170 1.4014 0.6145 1.3672 1.1415 1.0787 1.1984 0.6343 1.1010 1.2313 1.0408 0.9668 0.8851 0.1974 0.5288 0.8084 0.6317 0.3912 0.3018 
1.8890 1.6808 1.7293 1.5321 1.5582 1.5090 1.0794 1.4255 1.5185 1.2474 1.4629 1.2379 1.0866 1.1041 0.9814 1.0563 0.6878 1.0007 0.8893 0.9598 0.8923 1.0335 1.1860 0.9175 1.1411 0.9714 0.5359 0.8996 0.8467 0.7153 0.7036 0.3828 -0.0550 
1.6922 1.1368 1.0785 1.2744 0.9438 1.0913 1.1991 1.1729 0.7906 0.4620 0.6998 0.9186 0.8183 0.7792 0.8585 0.7978 0.8772 0.7654 0.7856 0.6263 0.6342 0.7073 0.4358 0.1209 0.3928 0.7369 0.6809 0.4849 0.2329 0.4575 0.0485 -0.2205 -0.2270 
1.8110 0.5893 0.7943 1.2388 1.1739 1.2237 1.2119 0.8603 0.9425 1.0918 0.9540 1.1321 0.8652 0.7517 0.8727 0.6194 0.2822 0.5847 0.7972 0.5904 0.6955 0.8992 0.6837 0.7696 0.5622 0.4198 0.7032 0.6096 0.4822 0.4027 -0.3012 -0.5851 -0.1118 
1.6742 1.0540 1.3921 0.9420 1.0271 0.8362 0.8004 1.0852 0.9843 1.1887 0.9929 0.8438 1.2285 1.0218 1.1494 0.9264 0.6334 0.8860 1.0792 0.8803 1.0754 0.6162 0.7259 0.8605 0.5877 0.6129 0.2702 0.2289 0.2927 0.1434 0.3671 -0.3250 -0.2810 
1.8899 2.0183 2.0112 1.7539 1.5048 1.1424 1.4037 1.5059 1.4401 1.4938 0.9409 1.2905 1.2740 1.2764 0.8800 1.2748 0.5290 1.2250 0.8007 1.1444 1.1063 1.0774 0.6775 1.1625 1.0723 1.0758 0.8724 0.5225 0.8053 0.9018 0.9900 0.7097 -0.0272 
2.3217 1.2033 1.6478 1.7222 1.1782 1.5305 1.5962 0.8302 1.3509 1.3456 1.4005 1.1933 1.0839 1.1975 0.9592 0.7161 0.6782 0.6561 0.8758 1.0825 0.8916 0.9675 1.1200 1.0087 0.9403 0.3689 1.0823 0.9307 0.4841 0.8754 0.5973 -0.2808 0.3947 
2.4914 1.8869 1.1940 1.4238 1.5732 1.6689 1.5064 1.5152 1.4152 1.0965 0.8991 1.3934 1.0997 1.0280 0.7928 1.0466 0.4141 0.9966 0.7012 0.8823 0.8993 1.1542 0.6221 0.7685 1.0315 1.0849 0.9912 1.0616 0.8690 0.5876 0.2025 0.5413 0.5878 
2.6275 2.2104 1.8458 1.6482 1.5151 1.3737 1.1891 1.2125 1.1036 1.1737 1.3571 1.3533 0.4966 0.8205 1.3266 0.7495 0.4095 0.6964 1.2221 0.6891 0.2952 1.1173 1.0796 0.8472 0.7186 0.7814 0.6673 0.7647 0.8151 0.8026 0.8336 0.8681 0.7362 
2.0188 1.4568 0.9293 1.0575 0.5713 0.9069 0.9146 1.4920 0.9698 0.7817 1.1686 0.8505 1.1689 1.0751 0.8015 0.3592 -0.3925 0.3139 0.7135 0.9174 0.9977 0.6236 0.8923 0.4627 0.5847 1.0640 0.3976 0.2854 -0.1272 0.1896 -0.1364 0.2077 0.0747 
