3.1000 2.4659 2.0683 1.8698 1.3944 1.3750 1.4853 1.6058 1.2120 1.5043 0.9964 1.5367 0.9050 1.2196 0.5037 0.9775 1.0085 0.9233 0.4075 1.0582 0.6923 1.2334 0.6540 1.0782 0.7394 1.0356 0.8139 0.6137 0.4975 0.8022 0.7892 0.7876 0.6894 
3.0896 2.4292 1.9964 1.7512 1.6604 1.4873 1.5255 1.5356 1.6895 1.1571 1.2238 1.4552 1.3022 1.2905 1.5363 1.2142 1.1499 1.1723 1.4037 1.1502 1.0994 1.1759 0.8742 0.7479 1.2109 0.9318 0.8420 0.7247 0.7834 0.7116 0.7217 0.7515 0.6776 
2.7928 2.1506 2.2419 1.9443 1.8592 1.9947 1.7140 1.4578 1.5700 1.1804 1.2872 1.4779 0.9001 1.6788 1.4852 1.2027 -0.2627 1.1612 1.3500 1.5370 0.6877 1.1893 0.9291 0.7706 1.0797 0.8782 1.0717 1.2253 0.9400 0.8632 0.9339 0.4435 0.3964 
2.8528 1.9210 1.2288 1.6020 1.3786 1.2724 1.6004 1.6356 1.5598 1.2776 0.4929 1.5163 1.6708 1.5734 1.2153 0.7174 0.4656 0.6414 1.1175 1.3924 1.4596 1.2153 0.1603 0.8603 1.0683 1.0805 0.9272 0.5062 0.4855 0.5343 -0.0762 0.2243 0.4691 
2.9978 2.2077 2.0568 2.2265 1.9334 2.1852 2.1390 2.2430 2.2630 2.1771 2.3191 2.1575 1.8491 2.3196 1.9134 1.9893 1.5027 1.9442 1.7765 2.1310 1.6150 1.9019 1.9635 1.7561 1.7496 1.6567 1.5054 1.4187 1.0137 1.1729 0.7847 0.4721 0.5711 
2.4392 2.2956 1.8083 1.5814 1.2627 1.3261 1.6556 1.8865 1.3405 1.5398 1.5874 1.7405 1.5560 1.2766 1.2129 1.2171 1.2677 1.1730 1.1196 1.1356 1.3109 1.4812 1.2329 1.1279 0.8528 1.2940 0.9970 0.5596 0.3860 0.5080 0.5027 0.6520 0.0797 
2.3898 1.8334 1.5484 1.4648 1.2714 1.4717 1.3905 1.1461 1.5814 1.3172 1.6197 1.5232 0.7215 1.1425 0.5744 1.0871 1.3918 1.0221 0.4854 0.9433 0.4808 1.2148 1.2679 0.9130 1.1020 0.5439 0.7594 0.7099 0.4019 0.4096 0.2111 0.1303 -0.0736 
2.3903 1.8089 1.9839 2.0762 1.6504 1.9410 2.2717 2.0472 1.5638 1.6596 1.0273 1.6929 1.7622 1.4733 1.2118 1.9232 0.7000 1.8626 1.1261 1.2898 1.5575 1.4194 0.6916 1.2472 1.0659 1.4990 1.5945 1.1776 0.7743 1.0229 0.7245 0.1436 0.0328 
2.8881 2.4067 1.8220 1.6353 1.5117 0.8837 1.5957 1.6908 1.8319 2.2083 2.3288 2.2041 1.9167 1.6326 1.9943 1.8923 1.1659 1.8207 1.9102 1.4865 1.6646 1.9319 1.9748 1.7876 1.3283 1.1508 0.9245 0.1356 0.5945 0.5712 0.5296 0.7485 0.5076 
2.2097 1.9393 1.3518 1.6651 1.6458 1.5164 1.7305 1.7562 1.5875 0.3941 1.6947 1.1445 1.0073 1.5947 1.3199 1.6740 0.8092 1.6221 1.2262 1.4254 0.7904 0.8378 1.3456 -0.0811 1.1182 1.1996 1.0887 0.7592 0.7728 0.6097 0.1141 0.3128 -0.1755 
3.0147 1.8213 2.1623 2.0935 1.6378 1.2344 1.6082 1.5963 1.2933 1.2344 1.6721 1.3078 1.2535 1.2605 1.5780 0.9396 1.2543 0.9019 1.4733 1.1227 1.0321 1.0336 1.3147 0.8235 0.8076 1.0192 0.9387 0.4564 0.7694 1.0591 0.8832 0.0251 0.5851 
2.6282 2.0925 1.8281 1.4958 1.2497 1.4795 1.9573 1.2711 1.3629 1.4510 1.7333 1.6423 1.6871 1.6078 1.4182 1.0385 1.5710 0.9796 1.3027 1.4472 1.4805 1.3518 1.3945 1.0249 0.8847 0.7201 1.2829 0.7211 0.3850 0.4272 0.5364 0.4280 0.2043 
3.0912 2.7525 2.4590 2.2591 1.7810 1.9083 2.0770 2.0992 2.0595 1.3970 1.7657 1.6108 1.0031 1.7722 1.6696 0.9782 0.4543 0.9255 1.5717 1.6117 0.7891 1.3124 1.4265 0.9724 1.5801 1.5552 1.4259 1.1392 0.8855 1.1856 1.1898 1.0798 0.6598 
3.0213 2.1329 2.0745 1.9492 1.7860 1.8847 1.6171 1.1608 1.9262 2.0030 1.4605 1.3916 1.0569 1.3561 0.8132 1.3087 1.2900 1.2597 0.7070 1.2042 0.8292 1.1358 1.1224 1.5914 1.4212 0.5663 0.9427 1.1180 0.8858 0.8740 0.7922 0.4112 0.5736 
2.8421 2.6549 2.6845 2.1104 1.8425 1.1858 1.9065 1.9261 2.0444 1.8263 1.7451 1.6970 1.6297 1.0863 1.5787 1.7350 1.9728 1.6866 1.4785 0.9098 1.4066 1.4269 1.4048 1.4060 1.5686 1.3297 1.2240 0.4318 0.9276 1.0597 1.3752 0.9620 0.4377 
3.7793 3.4356 2.8794 2.5309 2.2014 2.4010 2.0661 2.0685 1.7831 1.9676 1.6642 1.8441 2.0647 1.8907 1.9407 1.6839 1.8123 1.6338 1.8211 1.6947 1.8581 1.5648 1.3104 1.5592 1.2955 1.5271 1.4053 1.6348 1.3025 1.4909 1.6106 1.7320 1.3878 
3.2837 3.7621 3.2362 3.1607 3.0449 2.8872 2.7684 2.7119 2.6211 2.6077 2.4599 2.5200 2.3586 2.4651 2.4402 2.3039 2.3029 2.2391 2.3425 2.3248 2.1220 2.2615 2.1100 2.1855 2.1118 2.1235 2.0944 2.1238 2.1250 2.1058 2.0146 2.1147 0.4024 
4.2576 4.4057 2.7637 3.1368 2.9338 2.8523 2.8340 2.6721 2.5722 2.6280 2.5752 2.6094 2.4995 2.4765 2.4022 2.3758 2.3019 2.3311 2.3121 2.3338 2.3061 2.3292 2.2374 2.2061 2.0752 2.0718 2.1749 2.0837 2.0348 2.0765 1.4032 2.7651 1.9337 
4.4340 3.8852 4.3802 4.1139 3.9625 3.8072 3.7600 3.6886 3.5813 3.4858 3.5432 3.4470 3.2833 3.2342 3.2383 3.2077 3.1512 3.1565 3.1431 3.0935 3.0846 3.1393 3.1928 3.0793 3.1054 3.1290 3.1023 3.0429 3.0877 3.0779 3.1184 2.2558 2.0850 
4.8624 4.7126 4.4420 4.1570 3.9785 3.8680 3.7399 3.5545 3.6197 3.5152 3.4619 3.4252 3.4352 3.3409 3.2845 3.1707 3.1789 3.1235 3.1802 3.1724 3.1866 3.1267 3.1060 3.1056 3.1462 2.9956 3.0895 3.1005 3.0989 3.1004 3.1577 3.0737 2.3995 
4.8655 4.7608 4.2755 4.0091 3.8749 3.7328 3.6289 3.5316 3.3036 3.2954 3.2459 3.2288 3.1632 3.1532 3.0962 3.0920 3.0002 3.0444 2.9796 2.9963 2.9383 2.9509 2.9026 2.8765 2.8148 2.9635 2.9871 2.9656 2.9740 2.9655 2.9767 3.1074 2.3988 
4.6972 4.5658 4.1769 3.9148 3.8178 3.6654 3.5856 3.4902 3.4625 3.1503 3.1331 3.1787 3.2108 3.1892 3.1165 3.1082 3.0529 3.0677 3.0129 3.0479 3.0013 2.8871 2.7806 2.7398 2.9551 2.9029 2.9230 2.8979 2.8903 2.8460 2.8527 2.8708 2.2466 
4.2973 4.0535 4.0549 3.6439 3.6038 3.4885 3.4270 3.3252 3.2381 3.2314 3.2167 3.1065 3.0398 3.0760 3.0430 2.9996 2.9008 2.9317 2.9055 2.8800 2.7946 2.8094 2.8607 2.8215 2.7645 2.7585 2.7491 2.7216 2.7225 2.6084 2.7744 2.4112 1.8484 
3.5171 4.1050 3.8596 3.4167 3.2212 3.1259 3.0914 3.0525 2.8442 2.7598 2.7134 2.7043 2.7413 2.6769 2.6208 2.5753 2.5689 2.5110 2.4884 2.4742 2.5052 2.4043 2.3604 2.3523 2.3628 2.4575 2.4182 2.3658 2.3484 2.3500 2.5970 2.4308 1.5411 
2.6721 4.5475 3.8445 2.7151 2.5695 2.5987 2.4161 2.4574 2.6885 2.4266 2.1510 2.0127 1.1437 2.0329 1.5856 1.7960 1.8798 1.7294 1.5043 1.8865 0.9291 1.7244 1.8216 2.0178 2.1834 1.9128 1.7745 1.8402 1.6737 1.6949 2.5239 2.8731 1.4621 
3.6439 4.6870 3.9311 3.4450 2.9246 2.7790 2.6004 2.6485 2.8154 2.4054 2.3239 2.4177 2.0224 2.1821 2.1806 2.0962 2.1473 2.0499 2.0677 2.0161 1.8035 2.1272 1.9709 1.9913 2.3408 2.0619 1.9477 2.0181 2.0437 2.3724 2.6512 3.0654 1.3935 
4.0232 4.8422 4.0096 3.3825 2.4669 2.3037 2.5107 1.4583 2.4467 2.0492 1.5639 1.5055 1.9129 1.7217 1.6610 1.5245 1.5566 1.4608 1.5675 1.5827 1.6660 1.1958 1.2232 1.6449 1.9611 0.9687 1.9055 1.5724 1.6389 2.3422 2.7291 3.1912 1.2357 
3.8330 4.9370 4.1981 3.8565 3.2366 3.1236 2.8637 2.9406 2.8914 2.8728 2.7614 2.7418 2.6740 2.4270 2.5163 2.4885 2.5243 2.4417 2.4121 2.2903 2.4238 2.4502 2.4110 2.4611 2.4089 2.3764 2.2269 2.3587 2.3642 2.7849 2.8575 3.2573 0.9926 
2.9356 4.9624 4.3129 4.0198 3.6422 3.4578 3.2305 2.8555 2.5054 3.4904 3.2340 3.0638 3.0870 3.0431 2.9902 2.9792 2.8453 2.9127 2.8602 2.8472 2.8429 2.7567 2.8888 3.0831 2.0233 2.3171 2.5817 2.6908 2.7596 2.9809 3.0258 3.2805 1.6486 
3.9078 4.8083 4.1779 3.5663 3.5113 3.3504 3.1883 3.1392 3.1950 3.0937 3.2308 2.5227 2.7260 1.9778 2.4741 2.4881 2.6315 2.4402 2.3770 1.8126 2.4840 2.2670 2.8836 2.6877 2.7209 2.5680 2.5240 2.5836 2.6194 2.4940 2.8468 3.1642 1.9667 
4.3592 4.7312 4.2203 3.3265 3.3262 3.2309 3.1629 3.1060 3.3622 3.0644 3.0798 3.1684 2.6826 2.8737 2.6172 2.6107 2.7606 2.5449 2.4857 2.7281 2.4342 2.8750 2.7254 2.6394 2.8559 2.5213 2.4925 2.4634 2.4317 2.2938 2.8885 3.0973 2.1339 
4.6260 4.7676 4.0848 3.7022 3.2611 3.0971 3.0087 3.1184 3.1585 2.8660 1.9597 3.0408 3.0752 2.6492 2.7035 2.9566 2.8236 2.8926 2.5895 2.4580 2.8282 2.7451 1.5780 2.4579 2.6912 2.5440 2.3487 2.3356 2.3879 2.6778 2.7895 3.1260 2.2741 
4.6956 4.8105 3.9965 3.7015 3.1565 2.7393 2.5725 1.2205 2.2588 2.7062 2.9798 2.6923 2.5685 2.3205 2.4107 2.1666 1.9724 2.0873 2.3166 2.1450 2.3547 2.3808 2.6409 2.3084 1.7550 0.8383 1.9426 1.9907 2.3010 2.6832 2.7131 3.1577 2.2556 
4.6632 4.7664 3.5693 3.6241 3.0589 2.8772 2.5970 2.1257 2.5563 2.6072 2.9872 2.3225 2.4237 2.4650 2.6623 2.4173 2.3911 2.3682 2.5223 2.3237 2.2030 2.0114 2.6524 2.1849 2.0709 1.6150 1.9513 2.1186 2.1429 2.5848 2.2391 3.1132 2.1292 
4.5481 4.6437 2.6412 3.6448 3.3740 3.1939 2.9406 3.1503 1.9687 1.8934 2.6898 3.0637 3.1180 3.1292 3.2068 3.1333 3.0802 3.0895 3.1085 2.9577 2.8733 2.7519 2.3406 1.4000 1.5326 2.5848 2.3071 2.4286 2.4595 2.5843 1.6350 2.9631 1.9773 
4.3698 4.3851 4.0321 3.8390 3.4207 3.1575 2.9882 3.3285 3.1031 3.1137 3.6262 2.8254 2.4615 2.7336 2.6680 2.1860 2.2552 2.1278 2.5360 2.5523 2.2615 2.5331 3.2809 2.7013 2.6002 2.7548 2.3128 2.3691 2.4670 2.7412 2.7886 2.7147 1.7600 
4.0228 3.9648 4.2535 3.8600 3.1639 2.6632 2.7345 3.2794 1.9766 2.7287 3.1807 2.5283 1.6444 2.0864 2.0311 1.8107 0.0460 1.7366 1.9545 1.9428 1.3831 2.2456 2.8348 2.3344 1.5561 2.7323 2.0729 1.8146 2.2316 2.7684 2.9790 2.2575 1.3829 
4.2212 3.8450 4.4039 4.1537 3.8425 3.6469 3.5837 2.8727 3.2031 3.0586 3.4344 3.2250 3.1029 3.0262 2.8784 2.8199 2.6968 2.7703 2.7802 2.8397 2.8538 2.9365 3.0799 2.6206 2.7223 2.3283 2.9146 2.8691 2.9060 3.0898 3.1401 2.0552 1.6772 
4.3685 4.0844 4.4841 4.1106 3.8133 3.5792 3.4516 3.2472 3.2794 3.2829 3.4768 3.1219 2.9184 2.5537 2.4283 2.3816 2.6757 2.3364 2.3355 2.3921 2.7135 2.8294 3.1219 2.8652 2.7955 2.7030 2.7632 2.8064 2.8785 3.0678 3.2021 2.4029 1.9641 
4.5889 4.3839 4.5059 3.9715 3.3640 3.1236 3.5291 3.8531 3.6830 3.6098 3.5307 3.1735 2.6960 2.7115 1.3440 2.4785 2.6096 2.4325 1.2463 2.5269 2.4518 2.8805 3.1794 3.1946 3.1955 3.2552 2.8542 2.3586 2.4423 2.8994 3.2185 2.7464 2.1975 
4.4199 4.3848 4.5177 4.0745 3.5353 3.2941 3.5747 3.5915 3.2550 3.2832 3.1453 3.1574 2.9110 2.7215 2.4631 2.4916 2.4230 2.4406 2.3610 2.5462 2.7077 2.8595 2.7917 2.8634 2.7780 3.0484 2.9114 2.5275 2.6501 3.0287 3.2249 2.7549 2.0840 
4.2617 4.2431 4.3184 3.6177 2.1541 2.3974 2.9141 3.0378 2.6597 3.1210 3.2989 2.7485 1.6920 1.9146 2.0099 1.5288 1.2275 1.4593 1.9234 1.7093 1.5055 2.4534 2.9592 2.7152 2.1418 2.4488 2.2780 1.6116 1.2219 2.5513 3.0634 2.6002 1.9302 
3.9690 4.0730 4.1991 3.4719 2.5556 2.9194 3.1594 3.2531 2.2990 3.2796 2.7818 2.4553 2.5200 2.9919 2.4380 2.1282 2.5465 2.0746 2.3384 2.8145 2.3186 2.1709 2.4355 2.8604 1.7683 2.7082 2.4894 2.1545 1.6557 2.3831 2.8969 2.4223 1.6928 
4.2455 4.3497 4.4383 4.0671 3.8727 3.7660 3.4312 3.8821 3.6581 3.5821 3.3940 3.4474 3.3326 3.2080 3.2409 3.1784 3.1160 3.1301 3.1447 3.0690 3.1151 3.1392 3.0592 3.1690 3.1751 3.2992 2.7537 2.9994 2.9695 3.0454 3.1681 2.7238 1.9327 
4.9658 4.7592 4.4106 4.3070 4.0892 3.9453 3.7003 3.5247 3.1954 2.8434 3.1654 3.1085 3.1811 3.0861 3.0723 2.8865 2.7272 2.8376 2.9383 2.8956 2.9603 2.8108 2.8155 2.4283 2.7187 2.9490 3.0652 3.1759 3.1925 3.2367 3.1392 3.1088 2.5394 
3.7414 4.7162 4.7489 4.4794 3.8141 3.8979 3.6427 2.2993 2.6458 3.4373 2.8251 2.9939 3.0925 2.3847 2.7344 2.3692 2.5581 2.3254 2.6331 2.2227 2.8464 2.7150 2.4651 3.0125 2.1289 1.6959 3.0000 3.1300 2.8852 3.4448 3.4824 3.0972 1.5722 
3.8920 4.0815 4.6338 4.1261 3.3857 3.3922 3.9911 3.2456 2.8336 3.2326 2.8108 2.7298 2.3301 2.2179 2.5436 2.3465 2.1154 2.3074 2.4330 2.0611 2.0761 2.4280 2.4576 2.8224 2.3503 2.6962 3.3354 2.6386 2.4654 3.0749 3.3525 2.3921 1.7981 
4.6720 4.4285 4.3979 3.9648 3.2355 3.1187 3.7602 2.8817 2.8465 2.5571 2.3411 2.7516 2.6164 1.8810 1.9768 0.9220 1.5687 0.8127 1.8631 1.6812 2.3876 2.4606 1.9734 2.1389 2.3741 2.3208 3.1060 2.3574 2.3923 2.9151 3.1237 2.7558 2.1893 
2.6310 4.5271 3.6988 3.9189 3.8190 3.8823 3.7902 3.4009 3.1364 3.1279 3.3368 3.1401 3.1259 3.0446 2.9589 2.9112 2.9460 2.8506 2.8426 2.8480 2.8885 2.8459 3.0005 2.7202 2.6709 2.8153 3.1175 3.1183 2.8975 2.8501 2.4100 2.8583 0.8982 
4.8539 4.5468 4.1965 3.8941 3.4690 3.5968 3.3206 3.3532 3.2306 3.3732 3.1907 2.8635 3.1305 2.9238 2.8829 2.8951 2.9154 2.8435 2.7824 2.7625 2.8956 2.5952 2.8408 2.9513 2.7539 2.7796 2.6831 2.8317 2.5590 2.8231 2.8901 2.8542 2.4737 
3.7409 4.4601 3.9596 3.8428 3.5288 3.2463 2.4035 3.4166 3.2949 3.0629 3.0157 2.6999 3.0987 2.9756 2.7926 2.8129 2.7475 2.7625 2.7018 2.8011 2.8514 2.4045 2.6767 2.6380 2.8096 2.8269 1.7437 2.4730 2.6527 2.7647 2.6949 2.8198 1.2887 
3.8775 3.4222 3.3501 3.2604 3.1071 2.7977 2.7345 2.4360 2.7278 3.0577 2.3077 2.2924 2.0327 2.2521 2.0941 2.1696 2.0521 2.1070 1.9971 2.0717 1.8055 1.9878 1.9461 2.6312 2.2520 1.8914 2.0602 2.0358 2.2077 2.2249 2.0659 1.7624 1.5466 
2.9113 2.8733 2.9673 2.8430 2.8352 2.8220 2.7473 1.4046 2.3054 2.7324 2.7499 2.7083 2.2465 1.8970 1.4210 0.0972 -0.0490 0.0632 1.3050 1.6962 2.0057 2.4078 2.3977 2.3253 1.8032 0.8429 2.0736 2.0581 1.9518 1.8036 1.6775 1.2327 0.4943 
2.7066 2.7334 2.7020 2.8533 2.2790 2.7263 2.5064 2.0280 1.8670 2.0585 1.9412 2.3928 1.8125 1.7310 1.7273 1.4310 1.0600 1.3635 1.6264 1.5828 1.5871 2.0981 1.5882 1.6445 1.3536 1.4833 1.8687 1.9577 1.3630 1.8079 1.4190 1.1243 0.3403 
2.9058 2.8078 3.2594 2.8971 1.9673 2.4314 2.2785 2.0067 2.0815 2.5420 1.8915 1.9910 1.6739 1.6256 1.4684 1.4294 1.1785 1.3633 1.3388 1.4724 1.4641 1.6951 1.5431 2.1214 1.6086 1.4443 1.5967 1.6648 1.0701 1.8580 1.9907 1.1803 0.4447 
3.1068 2.4858 2.0028 2.3429 2.2291 0.7572 2.4181 2.0633 1.9205 2.1865 1.1826 1.6099 1.6817 1.6928 1.1980 1.2345 1.4237 1.1925 1.0876 1.5504 1.4741 1.3132 0.8146 1.7637 1.4127 1.5238 1.7576 0.1132 1.3073 1.2923 0.7095 0.8241 0.7120 
3.0099 2.8705 2.4551 2.7251 2.2014 2.0164 1.7271 1.7583 1.9953 1.7312 1.7575 1.7343 1.1576 1.4949 1.5039 1.5928 1.6266 1.5512 1.3663 1.3076 0.9187 1.4703 1.4196 1.3132 1.5296 1.1989 1.0876 1.2523 1.2888 1.6569 1.1860 1.2225 0.5638 
1.9404 2.4247 2.3081 2.6206 2.2988 2.2925 1.7027 1.4781 1.3957 1.0963 1.1857 0.9297 1.2878 1.5832 1.5597 1.1710 1.0036 1.1269 1.4420 1.4110 1.0823 0.6652 0.8317 0.6750 0.9059 0.8844 1.0678 1.5243 1.3717 1.5644 0.9999 0.7945 -0.2657 
1.0769 2.1700 2.0356 2.3878 2.1394 2.3370 1.9749 1.3874 1.1927 1.2781 1.0424 1.2254 1.3673 1.3949 0.8700 1.1415 1.2373 1.0741 0.7739 1.2336 1.1674 0.9295 0.7020 0.8648 0.7177 0.8198 1.3037 1.5709 1.2495 1.3173 0.7669 0.5364 -1.7407 
1.0517 1.8870 1.9522 1.6825 1.4264 1.3792 1.6855 1.5542 0.8954 0.8908 1.3228 1.0751 0.9723 1.1348 0.9725 1.0134 0.5708 0.9500 0.8694 0.9327 0.7755 0.7923 0.9823 0.4749 0.4169 0.9592 1.0299 0.6076 0.5246 0.6298 0.6603 0.2243 -1.0624 
2.8704 1.4148 1.7488 1.5382 1.6977 1.0026 1.4293 1.9637 1.9130 1.9175 1.1024 1.2231 1.6786 0.7382 0.9835 0.9894 1.3041 0.9341 0.8804 0.5396 1.4706 0.9285 0.7625 1.4983 1.3974 1.3812 0.7852 0.2363 0.8217 0.4645 0.4571 -0.6352 0.4679 
1.9155 2.1405 1.9729 1.1540 1.8537 1.6298 1.9379 1.7968 1.3055 1.9460 1.7487 1.1503 1.2649 1.1421 1.1520 0.5765 0.7582 0.5259 1.0195 0.9368 1.0505 0.8405 1.4064 1.5393 0.8323 1.2258 1.2614 0.8641 0.9374 0.0977 0.6915 0.4996 -0.3840 
2.4677 2.5090 1.9535 1.9183 1.4611 1.2369 1.3743 1.6546 1.2414 0.9727 1.3765 1.6887 1.4219 1.6315 1.2653 0.9266 0.6513 0.8800 1.1696 1.4832 1.2012 1.4079 1.0407 0.5597 0.7680 1.1070 0.7403 0.4767 0.5397 0.8441 0.6438 0.8602 0.0494 
2.7160 1.9381 0.8849 1.8390 1.9108 1.1101 1.8778 1.5952 1.2832 1.6966 1.5596 1.6689 1.3679 1.6394 1.3116 1.2895 0.8764 1.2385 1.2142 1.4921 1.1630 1.3839 1.2024 1.2885 0.8122 1.0181 1.2053 0.3463 0.9808 0.7868 -0.3264 0.1972 0.3119 
2.6188 2.2345 1.9299 1.3040 1.7895 1.8677 1.5525 1.6290 1.5549 1.2660 1.0858 1.1032 0.1420 1.3490 1.5322 0.7705 0.1295 0.7000 1.3972 1.2027 -0.0946 0.8125 0.7402 0.8464 1.0599 1.0703 0.8732 1.0995 0.8982 0.2489 0.6240 0.5407 0.2148 
1.9949 1.9669 1.3345 1.9224 1.6683 1.3348 1.4636 0.9732 1.6465 1.2308 0.9245 1.1880 1.1233 1.4515 1.2278 1.3661 1.2444 1.3102 1.1405 1.2763 0.8725 0.8936 0.5729 0.8197 1.1740 0.4252 0.7987 0.5710 0.7840 0.8513 0.0469 0.3497 -0.3358 
1.9626 1.8301 1.9813 1.9429 1.8292 1.5538 1.7322 1.8277 1.8579 1.7833 1.6340 1.5500 1.1924 1.2358 0.9592 0.8793 0.9262 0.8348 0.8552 1.0797 0.9472 1.2478 1.2839 1.3648 1.3466 1.2524 1.0986 0.7892 0.9222 0.8745 0.7143 0.1610 -0.4254 
1.9851 1.7129 0.9799 0.9925 0.9471 0.5904 1.2632 0.8709 1.1801 0.8812 1.1383 0.9985 1.2522 -0.1876 0.2817 0.7931 0.9349 0.7499 0.1558 -0.3414 1.0305 0.7402 0.7829 0.4657 0.6887 0.3161 0.5963 -0.1968 0.0708 -0.0190 -0.2890 0.0458 -0.4280 
3.0377 2.3277 2.1523 1.9051 1.8558 1.6751 1.8451 1.7021 1.6620 1.5848 1.5703 1.5883 1.4754 1.3183 1.0072 0.4982 -2.1057 0.4435 0.8988 1.1769 1.2398 1.2968 1.2177 1.1769 1.1862 1.1620 1.1832 0.9054 0.9323 0.8210 0.8624 0.5902 0.5957 
2.8446 2.2340 1.9538 1.8799 1.6509 1.4003 0.0501 1.5773 1.7190 1.5612 0.8345 1.0345 0.7082 1.3305 1.4498 1.2800 0.3798 1.2278 1.3213 1.1874 0.4679 0.7706 0.4819 1.1521 1.2404 0.9986 -0.5907 0.6294 0.7763 0.8138 0.6672 0.5304 0.4679 
2.3900 2.2016 1.6465 1.5637 1.6095 1.9303 2.0061 1.7755 1.5670 1.6230 1.7733 1.1531 0.3310 1.3826 1.2824 1.3702 0.9441 1.3114 1.1881 1.2232 0.0930 0.8466 1.4336 1.2121 1.0795 1.2122 1.3333 1.1647 0.7394 0.4914 0.3788 0.5267 -0.0155 
1.5513 2.1207 1.7960 1.5459 1.9181 1.1556 1.6827 1.3284 1.1464 0.9121 1.5439 1.3107 1.0626 1.5659 1.1482 1.2914 1.1541 1.2387 1.0075 1.3854 0.8307 1.0410 1.1891 0.5078 0.6378 0.7821 1.0249 0.3735 0.9965 0.4848 0.5044 0.4840 -1.0556 
3.0665 2.2154 1.8237 1.6783 1.5610 1.1510 1.3174 1.3057 1.2299 1.0066 0.2695 1.0919 1.2372 1.3099 1.1166 1.3242 1.2463 1.2784 0.9787 1.1674 1.0097 0.8056 -0.0386 0.5983 0.7594 0.7570 0.6653 0.3663 0.6458 0.6091 0.5039 0.4628 0.6084 
2.7482 2.1596 1.7418 1.4602 2.0794 1.8207 1.6517 1.5581 1.4995 1.4643 1.7749 1.2513 0.2524 0.9925 1.3950 0.8298 1.2254 0.7884 1.2837 0.8335 0.0421 0.9566 1.4364 1.0440 0.9829 0.9626 0.9896 1.0523 1.2001 0.3984 0.4546 0.4569 0.3335 
2.9324 2.4331 2.0456 1.9478 1.8603 1.6003 1.2126 1.9087 1.5773 1.9483 1.6225 1.6959 1.6922 1.7333 1.2980 1.6703 1.4658 1.6193 1.1979 1.5837 1.4930 1.4260 1.2747 1.5413 1.1000 1.3079 0.5368 0.8338 0.9361 0.8737 0.7761 0.7686 0.5239 
2.9263 2.3378 2.0710 1.9865 1.2320 1.5622 1.5234 1.2661 1.0492 1.1372 1.5949 1.2715 0.9238 1.1855 0.8280 1.2750 0.6393 1.2242 0.7359 1.0087 0.7265 0.9824 1.2438 0.7122 0.5429 0.7180 0.8389 0.7937 0.3511 0.9195 0.7941 0.6150 0.5071 
2.8022 2.3087 2.0421 1.6891 1.4188 1.1604 1.8826 1.6156 1.4435 1.4375 0.4112 1.1764 1.4312 1.0138 1.1616 1.3329 0.8379 1.2872 1.0334 0.8536 1.2079 0.8778 0.0571 1.0155 0.9362 1.0490 1.2081 0.3948 0.5161 0.6293 0.7701 0.5907 0.3858 
2.8472 2.4625 1.8755 1.3085 1.6908 1.1495 0.3432 1.4705 0.5678 1.6655 1.1854 1.4033 0.2162 1.4687 1.3302 0.9272 1.3425 0.8815 1.2333 1.2869 0.0120 1.1450 0.8271 1.2533 0.0983 0.8858 -0.3587 0.3815 0.8058 0.2387 0.5479 0.7976 0.4452 
3.1501 2.6716 2.3087 2.3041 2.1715 1.8886 1.1214 1.3961 1.3098 1.3978 1.6411 1.4901 0.8039 0.8524 0.8349 0.8815 1.1721 0.8314 0.7498 0.7017 0.5544 1.1968 1.2933 0.9800 0.8326 0.8339 0.4431 1.1222 1.2742 1.2262 0.9903 0.9440 0.7568 
2.9679 2.0257 1.6892 1.4546 1.1924 1.4639 2.0144 1.8261 1.5906 1.1719 1.2404 1.3197 1.1501 1.1996 1.6042 1.1118 1.0711 1.0383 1.5147 1.0291 0.8989 1.0546 0.8939 0.7637 1.1193 1.2481 1.3439 0.6998 0.2801 0.3956 0.4062 0.2840 0.5473 
3.2287 2.6704 2.4331 1.6804 1.9242 1.7990 1.3312 1.7420 2.0837 1.8821 1.9287 0.7804 1.5780 1.5759 1.5685 1.3576 0.5982 1.3067 1.4576 1.4026 1.3362 0.4879 1.5718 1.4572 1.6091 1.1895 0.6831 1.0329 1.0035 0.6121 1.1631 0.9364 0.8247 
3.1743 2.2291 2.2960 1.5130 1.9167 1.9157 1.4746 2.0742 1.4222 1.1836 2.3051 1.6541 0.9433 1.1989 1.3312 0.9049 0.5744 0.8530 1.2314 1.0340 0.7581 1.3596 1.9492 0.7742 0.9276 1.5339 0.8114 1.1467 0.9867 0.4258 0.9677 0.4537 0.7816 
2.8849 2.3416 1.9826 1.6314 1.8655 1.6913 1.4195 1.8685 1.7189 1.6384 1.6747 1.7095 1.5096 0.6395 1.1794 0.7212 1.3066 0.6571 1.0663 0.4725 1.2609 1.4434 1.3194 1.2259 1.2408 1.2802 0.7806 0.9215 0.9463 0.5737 0.7084 0.6458 0.5078 
2.9218 2.3954 2.2559 1.9500 1.6386 1.6413 1.6882 0.8385 -0.1950 1.5899 1.4888 1.5972 0.4518 1.3657 1.7575 1.5676 1.1805 1.5269 1.6523 1.2120 0.2311 1.3040 1.1466 1.1840 -0.6755 0.2718 1.0297 0.8751 0.7651 0.8740 0.9418 0.7170 0.5119 
3.1318 2.4406 2.2938 2.0415 1.8921 1.7544 1.5465 1.3950 2.0121 2.2008 1.5455 2.0782 1.9472 1.6359 1.8320 1.6593 0.7198 1.6116 1.7013 1.4924 1.6984 1.8039 1.1943 1.7759 1.5452 0.8254 0.8707 0.9835 0.9621 0.9849 0.9698 0.7642 0.7494 
3.1916 2.6300 2.3290 2.1498 1.6594 1.4901 1.4831 1.6708 1.7795 1.9946 1.5673 1.2653 1.4187 1.4310 1.6035 1.6207 0.9971 1.5739 1.5173 1.2605 1.2012 0.9798 1.2108 1.5848 1.2905 1.1283 0.8117 0.7268 0.7811 1.1143 1.0288 0.9138 0.7964 
3.0421 2.6118 2.2655 2.0508 1.6484 1.7863 1.1963 1.7680 1.6937 1.8021 1.4771 1.8347 1.4545 1.2098 1.3137 0.2420 1.2564 0.1826 1.2173 1.0456 1.2252 1.5574 1.1445 1.3801 1.2166 1.2057 0.5184 1.0171 0.7701 0.9846 0.9457 0.9140 0.5967 
2.7389 2.0274 2.0300 2.0073 1.8976 1.7578 1.5050 1.5683 1.5851 0.9799 1.6721 1.3666 0.7322 1.3688 1.6950 1.3210 0.8471 1.2749 1.5987 1.2131 0.4930 1.1059 1.3155 0.5583 1.1094 0.9799 0.8242 0.9921 0.9677 0.9325 0.7702 0.3012 0.3277 
3.0285 2.6140 2.3411 2.0757 1.8999 1.6650 1.6003 1.7000 1.7662 1.6984 1.9338 1.5404 1.6609 0.8915 1.1614 0.9748 1.3051 0.9228 1.0356 0.7548 1.4471 1.2358 1.5782 1.2913 1.2801 1.1620 0.9252 0.8960 0.9718 1.0222 1.0568 0.9213 0.6199 
2.4883 1.8133 2.0484 1.9146 1.3572 1.4197 1.7580 1.0289 1.3003 1.8385 1.6926 1.6335 1.7936 1.4277 1.2117 1.0879 1.1999 1.0230 1.1162 1.2549 1.5783 1.3411 1.3421 1.4165 0.8174 0.4610 1.1277 0.6422 0.4838 0.8324 0.7861 0.1158 0.0856 
2.1671 2.1616 1.8211 1.9831 2.0974 1.8037 1.2106 1.3214 0.4498 1.2036 1.3133 1.1118 1.3954 1.5793 1.3372 0.6474 0.8738 0.5807 1.2358 1.4055 1.1872 0.8126 0.9695 0.7963 -0.0116 0.7784 0.5403 1.0352 1.2170 0.9220 0.5293 0.4990 -0.3263 
1.9933 2.0589 1.9691 1.3400 1.3208 0.6729 1.4803 1.1004 0.7698 1.1084 1.1157 0.6334 0.9480 1.0978 1.2175 0.7835 1.0054 0.7458 1.1298 0.9185 0.7549 0.3838 0.7664 0.6823 0.2494 0.5098 0.8140 -0.1138 0.4376 0.3264 0.6773 0.4494 -0.3714 
1.6157 1.5189 1.8643 1.6335 1.7336 1.7806 1.2079 1.5284 1.5490 1.5352 1.5304 1.5856 1.3891 1.1289 1.3327 1.2803 1.0109 1.2301 1.2340 0.9274 1.1811 1.2928 1.1717 1.1231 1.0478 0.9257 0.5356 1.0130 0.8467 0.5667 0.5643 -0.1796 -0.7662 
1.8365 1.9576 2.3908 1.3444 2.2139 2.1914 1.3292 1.9670 1.9913 1.5116 1.9606 1.8282 2.0374 1.6399 1.6208 1.1519 0.6303 1.0814 1.5323 1.4898 1.8211 1.5547 1.6079 1.0928 1.5263 1.3929 0.7232 1.4245 1.3095 0.2984 1.1268 0.3545 -0.4591 
2.3319 2.1168 2.0640 1.9397 2.4190 1.6104 2.1347 1.6839 0.5605 1.5943 1.6554 1.6785 1.4099 1.6492 1.2067 1.7018 1.0388 1.6567 1.1139 1.5079 1.1916 1.3947 1.3054 1.1850 0.0486 1.1465 1.4964 0.8370 1.5452 0.8891 0.7929 0.4952 -0.0477 
2.3873 1.8769 1.9398 1.6938 1.9130 1.6926 2.0292 1.8693 1.6939 1.4110 1.7101 1.0869 1.2591 1.7188 1.4655 0.9428 0.5497 0.8961 1.3332 1.5726 1.0384 0.8048 1.3647 0.9942 1.2151 1.2807 1.3657 0.9255 0.9847 0.6563 0.6387 0.1694 0.0009 
2.8373 2.5530 2.3839 1.9097 1.7097 1.8781 0.5776 1.5747 1.5391 1.8012 1.1213 1.3674 1.4324 1.6418 1.1641 1.4558 0.8671 1.3891 1.0363 1.4976 1.2091 1.1089 0.7755 1.3779 1.0375 0.9885 -0.0821 1.1101 0.8322 0.8204 1.1172 0.8837 0.4233 
1.6903 2.4414 2.2932 2.0001 1.5478 1.4483 1.9391 1.8384 0.5731 1.4846 0.4383 1.4629 1.1520 1.8732 1.3522 1.0515 1.3677 0.9854 1.2478 1.6881 0.9074 1.1802 0.0864 1.0597 0.1011 1.2565 1.2628 0.6896 0.6361 0.9262 0.9747 0.8081 -1.0964 
2.3499 1.9352 2.0585 1.6981 1.3013 1.6935 2.0752 1.6106 1.4859 1.1661 0.8990 1.5637 1.7714 1.6293 1.5037 1.5276 1.1925 1.4555 1.3679 1.4788 1.5636 1.2699 0.5449 0.7613 0.9697 1.0423 1.4231 0.9304 0.4146 0.6727 0.7925 0.3547 -0.0705 
