3.7527 3.7892 3.0648 2.1043 2.2542 2.2051 2.6023 2.2108 2.0706 1.9125 2.0637 1.8681 1.7166 1.7219 1.7034 1.6540 1.8124 1.5988 1.5836 1.5438 1.4948 1.6321 1.7510 1.5593 1.6314 1.7434 2.0389 1.5287 1.4598 1.1121 1.8841 2.3410 1.7281 
3.6671 3.7678 2.8958 2.5461 2.3369 2.2526 2.5622 2.1233 1.6008 1.9170 0.9716 1.5222 1.5107 1.3351 1.4942 1.2228 1.6312 1.1814 1.4107 1.1783 1.3211 1.2685 0.6451 1.5455 1.1604 1.6083 2.0000 1.5751 1.5271 1.6027 1.7770 2.3048 1.6108 
3.7286 3.9282 2.8411 2.7663 2.4567 2.4851 2.7640 2.5005 2.5836 1.9837 2.2693 2.1295 1.3571 1.7310 1.7293 1.4581 1.1781 1.4103 1.6253 1.5526 1.1192 1.8642 1.9779 1.5934 2.1599 2.0227 2.1685 1.8056 1.6725 1.8171 1.6588 2.4843 1.7070 
3.8240 4.1284 3.4967 2.9079 2.7074 2.3231 2.5851 2.7215 1.9018 2.2407 2.4649 1.8945 2.1496 2.2247 2.0774 2.0771 1.9643 2.0338 1.9715 2.0966 1.9551 1.6659 2.1575 1.8730 1.4780 2.1938 2.0301 1.6365 1.8886 1.9971 2.3702 2.6849 1.7815 
3.9089 4.2581 3.7351 3.1138 3.0372 2.8370 3.0503 2.7993 2.9809 1.8259 1.9169 1.5545 1.7752 1.4665 2.0811 1.9183 1.8691 1.8664 1.9778 1.3333 1.5698 1.3284 1.6209 1.4503 2.5405 2.2982 2.4545 2.1643 2.2233 2.1757 2.5625 2.8180 1.8645 
3.9505 4.2901 3.7994 3.1897 3.1326 3.0970 3.4015 2.4770 3.0272 2.2543 2.1201 2.1418 1.8877 1.6902 1.7582 1.5266 1.5709 1.4831 1.6621 1.5217 1.7198 1.8861 1.8123 1.8787 2.5778 1.9788 2.7995 2.4248 2.3580 2.2630 2.6643 2.8434 1.8849 
3.8978 4.3158 3.8578 3.2922 3.2154 3.1579 3.3228 2.1992 3.0333 1.9877 1.7712 2.4839 2.2042 2.2429 2.2185 2.2064 2.2029 2.1674 2.1328 2.1093 2.0386 2.2261 1.4647 1.6227 2.5826 1.7310 2.7512 2.4847 2.4424 2.3911 2.7408 2.8656 1.8815 
3.8712 4.3257 3.8944 3.4026 3.3009 3.2664 3.4212 2.8338 3.0760 2.5370 2.6314 2.6851 2.1730 2.3425 2.1301 2.2915 2.2497 2.2348 2.0546 2.1826 1.9860 2.4309 2.3362 2.1719 2.6283 2.3534 2.8221 2.5956 2.5125 2.4566 2.7759 2.8730 1.8790 
3.8792 4.3161 3.8555 3.2808 3.2264 3.2038 3.4774 2.4897 2.7823 2.0683 1.8931 2.3839 2.3567 2.2789 2.1579 2.1951 2.1742 2.1486 2.0767 2.1351 2.1449 2.1155 1.5934 1.7047 2.3631 2.0087 2.8833 2.5331 2.4541 2.3767 2.7384 2.8662 1.8733 
3.9835 4.3127 3.7618 3.0116 3.0195 2.9643 3.2968 2.4837 3.0509 2.4824 2.4208 2.1480 1.9584 1.9543 2.0966 2.0718 2.0802 2.0240 2.0034 1.8077 1.7674 1.8927 2.1090 2.1205 2.5970 2.0062 2.7357 2.2939 2.2091 2.0838 2.5989 2.8622 1.9166 
4.0529 4.3108 3.6014 3.0268 2.9209 2.8492 3.1093 2.0999 2.4478 2.2015 2.1829 1.5218 1.8295 1.7177 1.8109 1.5730 1.6181 1.5248 1.7315 1.5387 1.6392 1.2684 1.8679 1.8400 2.0293 1.5773 2.5165 2.1793 2.1382 2.0950 2.4583 2.8580 1.8994 
3.8132 4.2167 3.7461 3.3113 3.2601 3.0781 3.0828 2.9385 2.8075 2.8161 2.7715 2.7416 2.6981 2.7025 2.6551 2.5705 2.5649 2.5283 2.5428 2.5362 2.4854 2.4750 2.4607 2.4549 2.3974 2.4463 2.4854 2.4020 2.4790 2.4018 2.5735 2.7756 1.5425 
2.7909 4.0026 3.8432 3.3304 3.2521 3.1393 3.1232 3.0049 2.8724 2.8293 2.8190 2.7878 2.7635 2.7223 2.6764 2.7068 2.6570 2.6450 2.5608 2.5446 2.5463 2.5319 2.5121 2.4674 2.4506 2.4940 2.5349 2.4656 2.4747 2.4080 2.7341 2.5436 1.1890 
3.7414 3.8014 3.8437 3.4570 3.2184 3.1094 3.0632 3.0240 2.9740 2.8609 2.8080 2.7638 2.7749 2.7549 2.7300 2.6475 2.5990 2.5896 2.6076 2.5911 2.5627 2.5027 2.5006 2.4971 2.5375 2.5102 2.4639 2.4359 2.4503 2.5180 2.7402 2.3749 1.6470 
3.8905 3.6980 3.8395 3.4757 3.1834 3.1270 2.9620 2.7972 2.8370 2.7742 2.7443 2.6479 2.5570 2.5915 2.5931 2.5514 2.5196 2.5113 2.5004 2.4557 2.3928 2.4097 2.4316 2.4156 2.4219 2.2961 2.3999 2.4535 2.4156 2.5377 2.7398 2.2233 1.7745 
3.8925 3.5762 3.8476 3.5126 3.1545 3.1212 2.8743 2.8511 2.8478 2.7894 2.7576 2.7263 2.6183 2.5221 2.5743 2.5158 2.4985 2.4710 2.4856 2.3986 2.4316 2.4571 2.4460 2.4300 2.4303 2.3737 2.2986 2.4470 2.3934 2.5749 2.7469 2.1370 1.7754 
3.8979 3.6019 3.8654 3.5613 3.1978 3.1776 2.9616 2.7623 2.9299 2.8566 2.8011 2.7876 2.7191 2.5843 2.5709 2.5820 2.5827 2.5364 2.4829 2.4494 2.4995 2.5319 2.4924 2.4933 2.5053 2.2484 2.3983 2.5040 2.4264 2.6440 2.7608 2.1632 1.7843 
3.7605 3.8516 4.0788 3.7668 3.4050 3.2287 3.2458 3.1035 3.0228 3.1909 3.0756 3.0466 2.9925 2.8785 2.8709 2.8281 2.8215 2.7859 2.7824 2.7545 2.7932 2.7849 2.7613 2.8282 2.5764 2.5853 2.6873 2.5548 2.5907 2.8207 2.9285 2.4294 1.6750 
3.4518 4.2010 4.1615 3.8519 3.5585 3.4793 3.3905 3.3859 3.2856 3.3077 3.2521 3.3139 3.0919 2.9558 2.9449 2.9684 2.9243 2.9119 2.8498 2.8119 2.8755 3.0796 2.9524 2.9384 2.8567 2.8649 2.7935 2.8052 2.7877 2.9155 3.0531 2.7705 1.5687 
2.9559 4.3275 4.2166 3.8885 3.6027 3.5099 3.4249 3.3281 3.2288 3.1724 3.2688 2.9894 3.0889 2.9978 2.9990 2.9137 2.9280 2.8709 2.8854 2.8437 2.8745 2.7472 2.9706 2.8105 2.8099 2.8216 2.8280 2.8356 2.8219 2.9621 3.1000 2.8757 1.4738 
2.3808 4.3253 4.1932 3.8788 3.5654 3.4906 3.4079 3.3819 3.2333 3.1723 3.0770 3.1735 2.9774 2.9783 3.0277 2.8938 2.8732 2.8526 2.9097 2.8298 2.7822 2.9198 2.7625 2.8100 2.8135 2.8615 2.8068 2.8163 2.7928 2.9465 3.0819 2.8745 1.3896 
3.1633 4.3795 4.2251 3.8867 3.5880 3.5035 3.4250 3.3336 3.1674 3.1722 3.1664 2.8445 3.0740 3.0799 2.9980 2.9453 2.9216 2.8906 2.8843 2.9091 2.8556 2.5916 2.8596 2.8103 2.7527 2.8254 2.8283 2.8289 2.8104 2.9571 3.1076 2.9134 1.0108 
-2.2423 4.2818 4.1508 3.8794 3.5563 3.4571 3.3213 3.2631 3.2624 3.1749 3.1929 3.1955 3.0425 2.8534 2.7856 2.7805 2.8807 2.7442 2.7005 2.7314 2.8273 2.9450 2.8806 2.8118 2.8378 2.7758 2.7505 2.7823 2.7848 2.9467 3.0333 2.8399 1.3120 
2.8757 4.2303 4.1194 3.8814 3.5685 3.4743 3.3619 3.3562 3.2587 3.1023 2.7622 2.9426 3.1661 3.1380 2.9750 2.9138 2.9174 2.8707 2.8729 2.9969 2.9715 2.7222 2.4491 2.7431 2.8340 2.8430 2.7749 2.7997 2.7942 2.9494 2.9852 2.7970 1.4229 
3.7280 4.1363 4.1010 3.8925 3.5847 3.4959 3.4083 3.1534 3.1047 3.2354 3.1700 2.8007 2.9331 2.9847 2.7885 2.8714 2.7903 2.8252 2.7042 2.8336 2.7547 2.5411 2.8625 2.8750 2.6778 2.6573 2.8061 2.8216 2.8059 2.9718 2.9582 2.7048 1.7674 
3.9235 4.0429 4.0273 3.9001 3.6334 3.4446 3.4840 3.4914 3.2160 2.9436 2.4219 3.1344 3.1213 3.1499 3.0787 3.0351 2.9141 2.9733 2.9648 3.0139 2.9121 2.8769 2.1024 2.5739 2.7960 2.9967 2.8926 2.7699 2.8432 2.9844 2.8809 2.5762 1.8951 
4.0676 3.8540 3.6856 3.6229 3.4283 3.1386 3.0597 3.1654 3.1868 3.2544 3.3217 3.1041 3.0487 2.9626 2.9189 2.8748 2.7802 2.8306 2.8283 2.8168 2.8325 2.8414 3.0257 2.8868 2.7687 2.6770 2.4609 2.4630 2.6263 2.7191 2.5413 2.4144 1.9787 
4.1992 3.9905 3.7751 3.6605 3.4825 3.2694 3.0505 2.7238 2.2723 2.3994 2.7375 3.1622 2.9275 2.6783 2.7573 2.8109 2.7233 2.7707 2.6551 2.5194 2.7505 2.9058 2.4268 2.0333 1.8500 2.1939 2.4525 2.5941 2.7138 2.7447 2.6394 2.5232 2.1108 
4.1975 3.9110 3.7088 3.6007 3.4398 3.2445 3.1069 2.9930 2.9467 2.8646 2.7867 2.4415 2.5503 2.4980 2.1397 1.8550 1.5346 1.8057 2.0606 2.3698 2.3870 2.1859 2.4753 2.5017 2.5183 2.4874 2.5150 2.5709 2.6465 2.6903 2.5572 2.4537 2.1001 
4.2305 3.9271 3.8051 3.7133 3.4833 3.3055 3.1124 3.1080 2.7571 2.7305 2.7505 2.9116 2.6576 2.7758 2.7628 2.7405 2.7618 2.6878 2.6632 2.6238 2.4554 2.6838 2.4386 2.3602 2.3246 2.5947 2.5226 2.6312 2.7120 2.7743 2.6863 2.4632 2.1219 
4.1617 3.8358 3.8256 3.5702 3.4516 3.3771 3.3120 2.8727 3.0766 2.7606 3.1112 3.0886 3.0159 2.8643 2.8230 2.7921 2.7715 2.7539 2.7444 2.7393 2.8095 2.8237 2.8003 2.4023 2.6270 2.3948 2.7442 2.7008 2.6621 2.6522 2.7166 2.3801 2.0527 
4.1064 3.7997 3.7203 3.4083 3.3564 3.2157 3.1517 2.9980 2.9043 2.3289 2.7602 2.8506 2.7368 2.9016 2.8276 2.8018 2.8064 2.7626 2.7475 2.7723 2.5190 2.5981 2.4480 1.9550 2.4820 2.4892 2.5601 2.5408 2.5457 2.4561 2.5658 2.3229 1.9646 
4.0910 3.7706 3.6972 3.0180 3.2145 3.1388 3.0804 3.1319 2.9622 3.0869 2.8571 2.7849 2.8566 2.7631 2.7831 2.7954 2.7337 2.7570 2.6967 2.6041 2.6719 2.5289 2.5439 2.7302 2.5315 2.6287 2.4823 2.4647 2.4398 2.0742 2.5468 2.2742 1.9411 
4.0917 3.8095 3.7828 3.4543 3.3914 3.3210 3.2999 2.7967 2.7365 2.9722 2.9785 2.9447 2.6132 2.7284 2.6934 2.6498 2.6020 2.5916 2.5752 2.5490 2.4291 2.7180 2.6842 2.6019 2.2908 2.2886 2.7386 2.6471 2.5788 2.5100 2.6556 2.3434 1.9456 
4.1105 3.8120 3.7903 3.4196 3.3003 3.1335 3.4063 3.0653 3.0357 2.9962 3.1557 3.0789 2.8775 2.8441 2.8030 2.7901 2.7663 2.7522 2.7280 2.7221 2.7055 2.8118 2.8487 2.6248 2.5843 2.5353 2.8050 2.4578 2.5120 2.4663 2.6675 2.3428 1.9788 
4.1382 3.8698 3.7700 3.4476 3.2998 3.1727 3.2515 3.2122 3.2141 2.9645 3.0242 2.8682 2.8262 2.7720 2.7047 2.6854 2.6605 2.6251 2.5849 2.6168 2.6319 2.6199 2.7291 2.5940 2.7934 2.7359 2.6921 2.4967 2.5090 2.5025 2.6326 2.4124 2.0220 
4.1577 3.8461 3.8145 3.4981 3.2114 3.0737 2.7908 2.8609 2.9180 2.5498 2.9396 2.8730 2.4825 2.5875 2.5377 2.5124 2.4369 2.4681 2.4510 2.4519 2.2867 2.6262 2.6417 2.1943 2.4930 2.3838 2.1995 2.3975 2.4341 2.5533 2.7049 2.3947 2.0637 
3.9644 3.4530 3.5454 3.2079 3.0997 2.9953 2.7471 2.7404 2.7603 2.6460 2.2402 2.4477 2.5091 2.4753 2.4042 2.3396 2.3275 2.2797 2.2908 2.3401 2.3207 2.1931 1.9365 2.2743 2.3279 2.2115 2.1455 2.3229 2.3036 2.2728 2.4325 1.9564 1.8606 
3.8118 3.3897 3.2862 2.6391 2.6943 2.5706 2.4490 2.0952 2.3588 2.5692 2.5774 2.4308 2.4177 2.3811 2.2684 2.1957 2.1809 2.1491 2.1734 2.2049 2.2012 2.1702 2.2774 2.2033 1.9074 1.5776 1.8574 1.8955 1.8822 1.7177 2.1567 1.8785 1.7083 
3.5304 3.1727 3.1479 2.4168 2.6061 2.6853 2.5088 1.8675 1.7446 2.1701 1.9274 2.2762 2.1480 1.5224 1.5538 1.5471 1.6842 1.5064 1.4667 1.3951 1.9511 2.0533 1.6272 1.8075 1.3108 1.3945 1.9233 2.0138 1.8186 1.4929 2.0362 1.7216 1.4318 
3.4305 3.1062 2.8915 2.5288 2.8691 2.8631 2.4168 2.1762 2.0668 2.4448 2.3025 1.6394 2.1279 2.0107 1.9324 1.8739 1.8289 1.8340 1.8370 1.8508 1.9252 1.4017 2.0032 2.0867 1.6170 1.6993 1.8150 2.1883 2.0947 1.6105 1.7795 1.6253 1.3288 
2.7335 2.7590 2.4138 2.0919 2.2938 2.7374 2.4871 2.1816 2.0729 2.1633 2.1930 1.9038 1.7464 1.0527 1.1802 1.2404 0.6613 1.1897 1.0929 0.8816 1.5284 1.6734 1.8792 1.8028 1.6299 1.7038 1.8972 2.0632 1.5130 1.1395 1.2734 1.2912 0.5849 
2.1244 2.4361 2.4406 2.1885 2.2881 2.4464 1.7197 1.1881 1.6382 1.6784 2.1001 1.6261 1.5511 0.6614 1.0812 1.0013 1.3638 0.9438 0.9886 0.5131 1.3830 1.3900 1.7904 1.3100 1.1982 0.7149 1.1119 1.7718 1.5011 1.2570 1.3108 1.0030 0.1679 
2.3993 1.7373 1.5969 2.1049 2.4932 2.2049 1.4380 1.0601 1.1875 1.7816 1.3724 1.8317 1.7179 1.4321 0.6088 1.2717 0.7242 1.2167 0.4952 1.2829 1.4974 1.5799 1.0615 1.4205 0.7633 0.5286 0.8492 1.5268 1.7277 1.1821 0.4786 0.2240 0.2552 
2.0413 1.8484 1.6625 1.7609 2.1957 1.7559 1.4840 1.4498 1.5195 0.4215 1.4788 0.9591 1.2865 1.4724 1.2519 1.1817 0.8691 1.1343 1.1569 1.3420 1.0946 0.7215 1.1732 0.0627 1.0955 0.9503 0.9008 1.0800 1.4196 0.8386 0.5179 0.3959 -0.1199 
2.4132 2.0872 1.9967 1.8083 2.0718 1.8263 0.7397 1.6061 1.4662 0.8458 1.3889 0.4451 0.8873 1.1134 0.4635 1.3109 1.0668 1.2515 0.3758 0.9718 0.7151 0.2061 1.0746 0.4937 1.0506 1.1095 0.0979 1.1505 1.2689 0.8801 0.8632 0.6066 0.3664 
1.7390 1.5783 1.7180 1.7885 1.8329 1.7622 1.8605 1.4669 0.8458 1.4042 1.2212 1.5926 0.9904 0.7040 1.1351 0.8487 0.6849 0.8076 1.0564 0.5241 0.7810 1.3664 0.9227 1.0479 0.4261 0.9698 1.2843 1.0905 1.0612 0.8542 0.5629 0.1393 -0.4357 
2.2205 2.0539 1.9403 2.0756 1.6192 1.5231 1.4793 1.2998 1.4035 1.3113 1.1913 1.0928 0.8650 0.9941 1.4706 1.2839 1.0898 1.2254 1.3931 0.8358 0.6960 0.8326 0.8906 0.9407 0.9657 0.7937 0.8869 0.8509 0.8188 1.1311 0.8257 0.5604 0.1381 
2.1519 1.2837 2.1176 1.7219 1.7266 1.5912 1.1971 1.1720 1.1884 1.4234 1.3524 1.2199 0.6222 0.7873 1.0652 1.1481 0.8470 1.1038 0.9586 0.6474 0.4222 0.9848 1.0482 1.0631 0.7707 0.6927 0.6321 0.9106 0.9191 0.7729 1.0081 -0.1637 0.0902 
2.0088 1.5850 1.1041 1.0959 1.5256 1.6127 1.9072 1.6702 1.7070 1.6171 1.4958 1.3570 1.3876 1.1621 1.6052 1.4640 0.7060 1.4220 1.5089 1.0407 1.1699 1.0951 1.1865 1.2475 1.2517 1.1556 1.3488 0.9430 0.7543 0.1532 0.0108 0.1082 -0.1275 
2.1006 1.8687 1.7348 1.8654 1.6213 1.8117 1.3593 1.5703 1.3404 1.1414 1.0533 1.3778 0.9945 1.0394 0.5017 1.1187 -1.0334 1.0783 0.4186 0.8583 0.7824 1.1086 0.7430 0.7731 0.8905 1.0844 0.7669 1.1389 0.8344 0.9441 0.6069 0.4096 0.0020 
1.8373 1.8223 1.6098 1.1941 1.7309 1.2463 0.7072 1.7377 1.5690 1.3476 0.8071 1.3911 1.4453 1.0130 0.5103 1.1858 1.0897 1.1420 0.4235 0.8456 1.2405 1.1260 0.4998 0.9737 1.1447 1.2146 0.1162 0.5700 0.9244 0.2856 0.4859 0.3722 -0.2940 
-1.6060 1.6528 1.6015 1.2201 1.3232 1.4728 1.5662 1.5506 1.4441 1.1916 0.7095 1.0501 1.1595 1.2707 1.1899 1.3907 1.0195 1.3383 1.1056 1.1264 0.9724 0.7830 0.3948 0.8325 1.0326 1.0706 1.0080 0.7990 0.5207 0.3058 0.4715 0.2025 -1.9612 
2.5889 1.7753 1.1006 1.5361 0.8060 1.2092 1.5114 1.4856 1.1766 1.4069 1.5632 1.3822 1.5802 1.2063 1.1941 1.1878 1.4587 1.1442 1.1128 1.0817 1.4020 1.1137 1.2645 1.0501 0.7523 1.0006 0.9336 0.5311 0.0327 0.6118 -0.0564 0.3255 0.4935 
2.4935 1.8634 1.6235 1.5573 0.3233 0.5251 1.5633 0.0706 1.7208 1.7606 1.6923 1.2508 1.3491 0.7996 1.1288 1.2248 0.3897 1.1812 1.0525 0.6759 1.1387 1.0191 1.3889 1.4023 1.2702 -0.5174 1.0019 -0.1793 -0.4382 0.6390 0.4893 0.3828 0.4013 
2.7119 2.4251 2.0580 1.5635 1.7541 1.4606 1.9290 1.0865 1.1257 1.1702 1.6104 1.1948 1.3891 1.2131 1.3865 1.1000 0.2161 1.0619 1.2694 1.0824 1.1734 0.9546 1.3121 0.8103 0.7141 0.5717 1.3725 0.7904 0.9651 0.6552 0.9004 0.9494 0.5901 
2.5381 2.2982 2.1175 1.5330 1.4770 1.4741 1.6017 1.3960 1.4991 1.3733 1.4357 1.0971 1.2062 -0.1619 1.4511 0.7349 1.3762 0.6912 1.3761 -0.2783 1.0413 0.8429 1.1255 0.9986 1.0820 0.8662 1.0450 0.7997 0.7108 0.6113 0.9962 0.8284 0.4298 
2.2953 1.9699 1.6846 1.4909 1.0686 1.1226 1.4402 1.4168 1.3903 1.1917 1.3916 1.2650 1.1348 1.5723 1.3912 0.8472 0.9766 0.7998 1.2764 1.4377 0.9429 1.0397 1.0783 0.8338 0.9450 0.9014 0.8495 0.4532 0.2709 0.5553 0.5306 0.4906 0.1784 
1.9451 1.7807 1.5238 1.4609 1.6335 1.2197 1.4112 1.2123 1.3204 1.3890 1.1305 1.2748 1.0733 1.3860 1.1229 0.3867 0.9436 0.3381 1.0463 1.2111 0.8583 1.0459 0.8228 1.0270 0.8698 0.7349 0.8177 0.5412 0.8420 0.5161 0.4158 0.3226 -0.1704 
2.1728 2.2465 1.9904 1.7502 1.6525 1.7164 1.7298 0.5360 1.1534 1.3052 1.1517 0.5090 1.1548 1.5260 1.5386 1.3502 1.2362 1.2881 1.4538 1.4016 0.9680 0.2550 0.8468 0.9306 0.7321 0.0272 1.1306 1.0399 0.8538 0.8038 0.8507 0.7981 0.0535 
1.7509 1.6258 1.0840 0.1273 1.5507 1.2042 1.5278 1.3547 1.5150 1.4514 1.7382 1.4824 1.2979 0.4861 1.3485 1.3518 0.7730 1.2885 1.2296 0.3744 1.0983 1.2266 1.4252 1.0951 1.0916 0.8400 0.9601 0.5348 0.7794 -0.7475 0.0044 0.1660 -0.2839 
1.9422 1.9425 1.7406 1.3208 1.0890 1.4118 1.6595 1.6793 1.4253 1.1808 1.5425 1.7057 1.4067 0.8006 0.9928 1.0698 0.2438 1.0295 0.8782 0.6669 1.1890 1.4393 1.2427 0.8191 0.9991 1.1622 1.0792 0.7409 0.3081 0.3886 0.5956 0.4889 -0.1782 
1.4657 1.7283 1.4377 1.1177 1.0017 1.4366 1.4650 1.4215 1.3324 1.3153 1.2619 1.2308 0.9581 1.1096 1.0911 1.1264 0.9003 1.0854 1.0032 0.9673 0.7616 1.0019 0.9634 0.9439 0.8840 0.9078 0.8741 0.7647 0.1994 0.1775 0.3062 0.2663 -0.5392 
2.5241 2.2918 1.8387 1.2038 1.6495 1.5988 1.4290 1.6580 1.6991 1.1059 1.3839 1.1198 1.0548 0.8298 1.3282 1.4285 1.2037 1.3913 1.2138 0.7046 0.8404 0.8564 1.0710 0.7400 1.2452 1.1483 0.8386 0.9249 0.8504 0.3011 0.7197 0.8229 0.4171 
2.3152 2.1183 1.4406 0.6359 0.9808 1.3691 0.7637 1.5906 1.2064 1.4808 1.2214 1.2897 1.3820 1.1844 1.0588 0.4121 1.1284 0.3722 0.9503 1.0566 1.1625 1.0548 0.9208 1.1189 0.7856 1.0988 0.1847 0.6949 0.1801 -0.2790 0.3003 0.6699 0.2300 
1.3787 1.2626 1.2265 1.0982 0.8574 0.5052 0.7065 1.1010 1.2035 1.1887 0.9621 1.1303 1.0879 0.6313 0.6739 0.7758 0.7676 0.7390 0.5562 0.4761 0.8790 0.8668 0.6780 0.8293 0.7811 0.6007 0.1009 -0.1782 0.0963 0.1676 0.0953 -0.1546 -0.7651 
2.4058 1.5029 1.4069 1.8079 1.5030 0.8517 1.5285 1.3440 1.7965 1.5556 1.4923 1.1580 0.8515 1.0166 1.3484 1.2520 1.0986 1.1968 1.2295 0.8502 0.6817 0.9038 1.1858 1.1892 1.3866 0.8255 0.9586 0.1934 0.7251 0.8671 0.2654 -0.0024 0.2841 
1.7684 1.3855 1.2398 0.8033 0.8726 1.2006 1.1629 1.0419 1.0287 1.2787 1.3585 1.3613 0.8452 0.1726 0.8391 1.0480 0.8478 0.9917 0.7527 0.0460 0.6615 1.0972 1.0532 0.9092 0.5781 0.5114 0.5826 0.5261 0.1036 -0.1405 0.1197 -0.0967 -0.2995 
2.3329 1.9293 2.0479 1.7490 1.4977 1.5183 1.7127 1.5488 1.2693 1.6810 1.6527 1.4314 1.2878 1.3267 0.6691 1.1906 0.5157 1.1498 0.5461 1.1677 1.0944 1.1721 1.3572 1.3098 0.8357 1.0709 1.1109 0.8458 0.7316 0.8012 0.8981 0.4563 0.2156 
2.1092 1.2830 1.5283 1.5635 1.5673 1.5889 1.0852 1.5783 1.0951 1.3833 1.1448 1.3852 1.1142 1.4008 1.2149 1.0743 1.2222 1.0386 1.1273 1.2345 0.9169 1.1164 0.8379 1.0176 0.6724 1.0891 0.4850 0.9143 0.7930 0.6584 0.4148 -0.2017 0.0175 
2.6209 2.0540 1.8484 1.4316 1.4534 1.0458 1.4792 1.1842 -0.0323 0.5206 1.0243 0.9742 0.6606 0.7329 1.1838 0.0111 1.3856 -0.0624 1.0963 0.5728 0.4545 0.7329 0.7171 0.1448 -0.5059 0.7073 0.8905 0.3708 0.6800 0.4867 0.7322 0.5182 0.5111 
2.6204 1.8800 1.7339 1.7307 1.5037 1.2587 1.4026 1.5067 1.4377 1.1048 0.5966 1.3459 1.1692 1.2247 0.3490 1.1138 1.0530 1.0746 0.2256 1.0927 0.9853 1.0883 0.3023 0.7440 1.0224 1.0275 0.8080 0.5806 0.7301 0.7832 0.5760 0.3790 0.4981 
2.0819 2.1375 1.8971 1.6727 1.5421 1.6424 1.7235 1.7301 1.8364 1.8268 1.7318 1.4489 1.4094 1.5725 1.5219 1.2713 0.7324 1.2147 1.4332 1.4375 1.1915 1.1883 1.4176 1.4639 1.4184 1.2037 1.1244 0.9725 0.7736 0.7383 0.7815 0.7067 -0.0731 
2.1983 1.4625 1.1391 1.7472 1.5145 1.5022 1.5810 1.3161 1.2086 1.4902 1.4838 1.5265 1.4032 1.2785 1.1426 0.5630 0.4737 0.5086 1.0596 1.1344 1.1858 1.2869 1.1788 1.1291 0.7883 0.8000 1.0264 0.8271 0.7417 0.8153 0.0488 0.0396 0.0821 
2.1314 0.8940 1.7924 1.5349 1.5252 1.4852 0.2142 0.6200 1.1667 1.6604 1.6297 1.5228 1.4506 1.1067 1.1933 1.3814 1.5764 1.3224 1.1120 0.9671 1.2452 1.2812 1.3323 1.2900 0.7462 0.1079 -0.3553 0.8089 0.7482 0.6137 0.6788 -0.9789 0.0284 
2.3191 1.0131 1.8465 1.7588 1.2566 0.8865 1.1540 1.3447 1.2306 1.0324 1.0131 1.1344 1.3965 1.2376 1.2913 1.2748 1.1307 1.2188 1.1875 1.1025 1.1820 0.8770 0.7070 0.6598 0.8042 0.8287 0.5774 0.2017 0.4650 0.8225 0.7399 -0.5854 0.1749 
1.7727 0.8500 1.4825 0.8640 1.3661 0.8113 1.1215 0.5356 1.1278 0.7595 1.0408 0.9491 0.6492 0.7812 -0.2169 0.8316 0.0976 0.7868 -0.2935 0.6434 0.4446 0.7147 0.7272 0.3977 0.7170 0.0574 0.5286 0.1393 0.5496 -0.0731 0.3740 -0.4780 -0.3198 
1.8884 1.6857 1.0644 0.9983 1.0428 0.7178 0.8259 0.3786 0.7953 0.7457 0.5722 0.5090 0.4580 0.5809 0.6041 -0.2639 -0.2744 -0.3071 0.5047 0.4371 0.2657 0.2579 0.2778 0.3875 0.3818 -0.1376 0.2434 0.0487 0.2263 0.0689 -0.0958 0.1927 -0.2223 
2.0983 1.8948 1.7322 1.6544 1.5604 1.6434 1.5740 1.4998 1.3617 1.5082 1.3493 1.2097 0.8916 1.1885 0.7925 0.7188 0.4382 0.6699 0.7146 1.0634 0.7183 0.9763 1.0488 1.1437 0.9084 1.0197 1.0158 0.9703 0.7811 0.7313 0.5874 0.4368 -0.0334 
2.0291 1.9310 1.4441 1.4033 1.0643 1.1409 1.0522 1.4513 1.4023 1.6389 1.0194 0.7784 0.8271 0.8311 1.0651 1.3975 1.2191 1.3508 0.9631 0.7113 0.6420 0.5136 0.7078 1.2673 0.9678 0.9570 0.4451 0.4604 0.2822 0.4591 0.3214 0.4813 -0.0676 
2.5421 2.1679 1.7135 0.9797 0.7386 0.1739 0.6352 0.8957 0.7580 1.1233 1.4752 1.2905 1.0589 1.6369 0.9473 1.3207 1.3069 1.2615 0.8493 1.4844 0.8481 1.0541 1.1691 0.7644 0.3416 0.4092 0.0614 -0.5048 -0.0463 0.0538 0.5516 0.7179 0.4622 
2.3242 2.1068 1.5047 1.0583 1.4264 1.6335 1.4064 1.6269 1.7891 1.6580 0.7745 0.8705 1.1855 1.5959 1.2720 1.0967 1.2620 1.0603 1.1717 1.4548 1.0121 0.6394 0.4594 1.2844 1.3803 1.1264 0.8087 0.9599 0.6489 0.1077 0.3827 0.6451 0.1999 
2.0600 1.6513 1.2239 0.9830 1.5546 1.5626 1.3633 1.0412 1.3220 1.3253 1.4332 1.1845 1.2154 1.5054 1.5107 1.2736 0.9146 1.2153 1.4242 1.3835 1.0494 0.9388 1.1236 0.9546 0.8735 0.5142 0.7631 0.8882 0.7796 0.0676 0.0959 0.1631 -0.0837 
1.6420 1.7511 1.4316 1.4206 1.3103 1.5238 1.4063 1.5281 1.3259 1.3615 1.3957 1.3973 1.5227 1.1171 1.3892 1.1871 1.3416 1.1428 1.2745 0.9791 1.3439 1.1327 1.0808 0.9916 0.8721 1.0557 0.8060 0.8505 0.5128 0.4933 0.3022 0.3048 -0.4793 
1.8100 1.5015 1.4149 1.1812 1.0958 0.9610 1.0874 0.9520 1.0768 0.7782 1.0406 1.1873 0.0802 1.2090 0.2615 0.8149 -0.9877 0.7695 0.1335 1.0812 -0.0888 0.9455 0.7315 0.4182 0.6554 0.4469 0.4889 0.2938 0.3029 0.2606 0.2740 0.0416 -0.3326 
1.8597 2.0504 1.9174 1.5542 1.6129 1.1241 1.5873 1.5612 1.2653 1.6615 1.4998 1.3779 1.1014 1.0527 -0.1705 1.1820 1.0126 1.1372 -0.2244 0.8777 0.8989 1.1066 1.1890 1.2917 0.8354 1.0755 1.0324 0.4387 0.8233 0.6389 0.7983 0.5818 -0.2223 
2.4774 2.2560 2.1612 1.7293 1.5016 1.5030 1.4473 1.3965 0.8681 1.0939 1.2876 0.9665 1.1138 1.2515 1.2254 1.0174 0.1501 0.9557 1.1343 1.1138 0.9095 0.7240 0.9925 0.7338 0.4525 0.8693 0.8534 0.8312 0.7273 0.7793 1.0522 0.7971 0.3716 
2.3512 2.1954 1.7817 1.7567 1.7965 1.7055 1.5801 1.3906 1.0394 1.0934 0.5705 1.5616 1.5801 1.4983 0.5314 1.3713 1.0583 1.3101 0.4358 1.3768 1.4030 1.3328 0.2852 0.7326 0.5864 0.8586 1.0207 1.0322 1.0289 0.8180 0.6655 0.7430 0.2064 
2.7392 2.2032 1.6891 1.8497 1.5000 1.6382 1.2637 1.2972 1.2374 0.6432 0.4172 1.2548 1.2058 1.0996 1.3030 0.8622 1.2357 0.8222 1.1922 0.9497 1.0426 1.0281 0.1125 0.2646 0.8123 0.7893 0.7059 0.9648 0.7291 0.9215 0.5317 0.7351 0.6142 
1.5669 1.8626 1.7073 1.5815 1.3899 0.8663 1.2360 1.0931 1.3426 1.3652 1.3035 1.4543 1.1544 1.1652 1.1480 0.6389 0.4982 0.5721 1.0644 1.0418 0.9688 1.1936 1.0096 0.9934 0.8915 0.5830 0.6775 0.1826 0.5762 0.6761 0.5622 0.4279 -0.4434 
2.4926 1.9190 1.7363 1.0120 1.1448 0.0049 0.8646 0.6245 0.9911 1.5243 0.4333 1.1556 1.3960 1.0935 1.3489 1.1859 1.2127 1.1407 1.2291 0.9462 1.1826 0.9013 0.1344 1.1629 0.5539 0.1282 0.2867 -0.6396 0.3753 0.0747 0.5985 0.4578 0.4055 
2.1420 2.1394 1.8649 1.6304 1.7963 1.5291 1.3707 1.4138 1.7325 1.5477 1.5435 1.7402 1.4262 0.8372 1.0861 0.7357 1.1151 0.7006 0.9926 0.7125 1.2107 1.4760 1.2433 1.1867 1.2902 0.9023 0.7787 0.8540 1.0279 0.7216 0.7559 0.7080 0.0497 
1.9328 1.8197 1.6546 1.3940 1.2657 1.5194 1.4379 1.1141 1.4179 1.0848 1.6175 1.4077 0.9931 1.5056 0.9973 0.6568 1.4501 0.6006 0.8779 1.3832 0.7833 1.1437 1.3219 0.7204 0.9909 0.6181 0.8472 0.8462 0.4734 0.4439 0.5173 0.3667 -0.2130 
-0.6951 1.6148 1.3737 1.1198 1.2580 1.1662 0.8549 1.3965 1.2694 1.0875 1.1550 0.5406 0.7226 0.7733 0.2077 0.9251 -0.2837 0.8706 0.1150 0.6356 0.5081 0.3042 0.8474 0.7270 0.8379 0.8693 0.3027 0.4994 0.4726 0.1713 0.2476 0.1723 -1.2942 
2.1176 1.2611 0.6735 1.1977 0.9853 0.7527 0.8540 0.9150 0.7191 0.9260 0.7876 1.1861 0.3104 0.8681 0.8855 1.2168 0.6463 1.1756 0.7890 0.7445 0.1078 0.9461 0.4699 0.5665 0.2604 0.4308 0.2820 0.0704 0.1786 0.2850 -0.4989 -0.2848 0.0035 
2.5647 2.1012 1.5900 1.6859 1.5298 0.8964 1.4687 0.8571 0.7989 1.3526 1.2027 0.8191 0.6439 0.9704 0.8859 1.1673 -0.7899 1.1224 0.7971 0.8193 0.4416 0.5619 0.9015 0.9774 0.3923 0.3871 0.8781 0.2369 0.7605 0.7480 0.4711 0.6185 0.4768 
1.8272 1.7399 1.2365 1.4232 0.8206 0.5540 1.1853 1.3156 1.1822 1.2382 1.3776 0.7954 1.1200 1.3450 1.4310 1.2292 1.3949 1.1841 1.3416 1.1837 0.9208 0.5462 1.0641 0.8698 0.7555 0.8054 0.6056 -0.0799 0.0632 0.4778 0.0991 0.2497 -0.3471 
2.4639 2.0016 1.8004 1.5654 0.9403 1.5707 1.0342 1.4184 1.6253 0.7614 1.0746 1.2743 1.4222 1.1401 1.1878 1.1903 0.1441 1.1483 1.1034 1.0122 1.2083 1.0469 0.7639 0.3988 1.1872 0.9045 0.4349 0.8975 0.1541 0.6491 0.6790 0.4969 0.3361 
2.2156 2.0435 1.9970 1.8805 1.8250 1.6402 1.2208 1.1816 0.7232 0.5861 1.1170 1.1595 1.3833 1.3410 0.8905 1.0461 0.7179 0.9876 0.8022 1.1782 1.1655 0.9077 0.8091 0.2143 0.2784 0.7029 0.6575 0.9631 1.0556 0.9682 0.8528 0.5547 0.0997 
