2.5335 2.4252 1.9201 1.6018 1.7807 1.2198 1.8469 1.3322 1.1440 1.2217 0.9284 1.2389 1.0075 1.2885 1.0880 1.1743 0.4126 1.1305 0.9704 1.1447 0.7907 0.9986 0.6113 0.8449 0.7176 0.8033 1.2276 0.5230 0.9341 0.6579 0.7505 0.8811 0.3455 
2.2138 2.1282 1.9406 1.8790 1.8329 1.8706 1.5216 1.3092 1.4929 1.3759 1.2987 1.3479 1.3558 0.8185 1.0840 0.8219 1.2252 0.7808 0.9643 0.6845 1.1432 1.0971 0.9850 0.9877 1.0669 0.7896 0.9097 1.1661 1.0182 0.9054 0.7809 0.5802 0.0239 
1.5568 2.1264 1.9437 1.7517 1.2133 1.5403 1.5814 1.5405 1.4587 1.4389 1.5629 0.7871 1.5013 1.3922 1.5582 1.2244 0.2763 1.1833 1.4665 1.2212 1.2927 0.5176 1.2385 1.0664 1.0131 1.0392 0.9928 0.8398 0.4024 0.7663 0.7872 0.6136 -0.6666 
2.8509 2.0662 1.4324 1.7941 1.7171 1.5873 1.4690 1.2285 0.9611 1.3035 1.4620 1.0796 0.9864 1.3185 1.3105 1.5218 1.5157 1.4779 1.2074 1.1652 0.7825 0.8016 1.1381 0.9213 0.5143 0.7351 0.8511 0.8809 0.8730 0.8067 0.2008 0.4724 0.6431 
2.6332 2.2317 2.0390 1.2553 1.8159 1.5847 1.2801 1.1811 1.2187 1.2779 1.2172 0.9393 1.1691 1.1070 1.4826 0.5201 0.7528 0.4677 1.3953 0.9427 0.9676 0.7011 0.8900 0.8958 0.7778 0.6736 0.7040 0.8772 0.9960 0.2862 0.8583 0.7190 0.4617 
2.6849 2.2202 2.1868 2.0027 1.2656 1.8369 1.5550 1.4476 1.2042 1.1307 1.2821 1.3122 0.9488 0.9453 1.3504 1.4585 1.2141 1.4208 1.2343 0.7947 0.7590 1.0739 0.9700 0.7571 0.7651 0.9049 0.9448 1.1334 0.4723 1.0531 1.0180 0.6994 0.4838 
2.6473 2.3625 2.1111 1.5841 1.3582 1.4640 0.8327 1.2325 1.5619 1.0125 1.2688 1.7490 1.4742 1.2793 1.4542 1.6271 1.2440 1.5753 1.3523 1.1353 1.2528 1.4769 0.9614 0.6222 1.1234 0.7375 0.2167 0.7593 0.5232 0.6242 0.9017 0.8329 0.4567 
2.1835 1.9585 0.7499 1.4592 1.2207 1.4482 1.2202 1.5339 1.3263 1.2172 1.2149 0.1370 0.8137 1.1299 1.0235 1.3189 1.2244 1.2607 0.9016 0.9758 0.6121 -0.1125 0.8873 0.8354 0.8708 1.0271 0.6209 0.7452 0.4150 0.4816 -0.5216 0.4659 0.0533 
2.5742 2.1299 1.5723 1.1041 0.9733 1.7759 1.7920 0.4703 1.4566 1.1467 1.0283 1.4518 1.3182 1.5958 1.0942 1.1548 0.8838 1.1137 0.9817 1.4625 1.1204 1.1787 0.7195 0.7701 1.0068 -0.0828 1.1681 1.0740 0.1603 0.1222 0.4073 0.5652 0.4073 
1.6867 1.9361 1.8826 1.8409 1.8493 1.7301 1.4712 1.4643 1.4877 1.4813 0.7916 1.1827 0.6760 1.0507 1.2196 0.9819 0.3881 0.9198 1.1275 0.8731 0.4510 0.9182 0.4777 1.1059 1.0599 0.9286 0.8536 1.0235 1.0434 0.8676 0.7326 0.4380 -0.5053 
1.5949 1.6629 1.9313 1.5765 1.3697 1.2585 1.0280 1.2964 1.7077 1.5843 1.6208 1.2228 1.2186 0.8425 0.3818 0.4390 -0.0981 0.3981 0.2739 0.7167 1.0306 0.9691 1.3088 1.2121 1.2418 0.7835 0.4217 0.5552 0.5253 0.6120 0.7733 0.1602 -0.5147 
1.9767 2.1574 2.1554 1.9281 1.5789 1.0715 1.1140 1.2806 1.4217 1.4234 0.7842 0.8811 1.2763 1.4730 1.0998 0.8724 0.0982 0.8249 0.9914 1.3150 1.0927 0.6474 0.4546 1.0362 0.9511 0.7749 0.4954 0.3685 0.7705 0.9680 0.9737 0.6447 -0.2373 
2.5722 1.4511 1.8568 1.2193 1.5906 1.4584 0.9767 1.1652 1.1002 0.7776 1.2317 1.3822 1.3545 1.4912 1.4716 1.2643 1.4138 1.2192 1.3777 1.3441 1.1452 1.1172 0.9191 0.4034 0.6409 0.6606 0.3912 0.7568 0.7839 0.2319 0.6777 0.0596 0.3695 
2.3854 1.7068 1.5034 1.6770 1.7949 1.5083 1.4567 1.3485 1.2558 1.5126 1.2961 0.1654 0.9422 1.2498 1.3563 0.9162 1.0774 0.8699 1.2354 1.1157 0.7537 -0.0743 0.9843 1.1356 0.8170 0.8196 0.8358 0.8059 0.9601 0.7258 0.3634 0.1508 0.1976 
1.8980 1.1971 1.3545 1.0860 0.8647 0.9450 0.6156 1.2011 1.1470 0.8267 0.8783 -0.6835 0.8457 0.7499 1.0911 0.8305 0.3710 0.7861 0.9784 0.5808 0.6542 -0.9367 0.5640 0.4472 0.7207 0.7045 0.0251 0.2421 0.0545 0.0963 0.1693 -0.3388 -0.3005 
1.7631 1.9075 2.2403 1.8849 1.4143 1.4350 1.2534 1.0020 1.1453 1.5497 0.9938 1.0373 1.1829 0.8831 1.4984 0.7785 1.1051 0.7339 1.4213 0.7483 0.9858 0.7668 0.6856 1.1697 0.7229 0.4749 0.6667 0.7318 0.5676 0.8974 1.0885 0.4152 -0.3744 
2.6722 2.2008 1.4308 1.3464 1.1421 1.5251 1.3879 1.4412 1.6081 1.2217 1.1781 1.5311 0.4115 1.3607 1.2237 0.9762 -0.1618 0.9123 1.1337 1.1989 0.1897 1.2660 0.8590 0.8425 1.1662 0.8942 0.7786 0.8231 0.3436 0.3998 0.2441 0.6595 0.4739 
1.7134 1.7218 1.0775 1.4527 1.1051 1.4027 1.4799 1.5984 1.6561 1.5308 0.6923 1.4214 0.9544 1.1653 1.3981 1.1128 0.6347 1.0744 1.2732 1.0296 0.7567 1.1405 0.3821 1.1515 1.2081 1.0988 0.8665 0.7057 0.2785 0.4694 -0.1296 0.1839 -0.4190 
0.9473 1.0566 1.5395 1.1149 0.9311 1.2242 0.8665 1.5174 1.2114 0.7766 1.1071 1.2245 1.0473 1.0366 1.0927 0.8123 1.1205 0.7673 0.9843 0.8625 0.8252 0.9712 0.7821 0.4039 0.7700 1.0073 0.2641 0.5192 0.1276 0.1237 0.3888 -0.4517 -1.1391 
1.5477 1.7974 1.9469 1.7594 1.7855 1.5031 1.6392 1.5141 1.2958 1.0994 0.8665 1.1254 1.1670 0.3859 1.1032 0.9129 1.4558 0.8668 1.0008 0.1975 0.9659 0.8563 0.5360 0.7270 0.8452 1.0023 1.0576 0.8009 0.9426 0.7769 0.7897 0.2728 -0.6712 
2.3910 1.5533 1.8033 1.6420 1.5566 1.6282 1.6538 1.5206 1.4121 0.8922 1.4890 0.8195 0.8210 1.1536 1.4269 0.4494 1.2182 0.3903 1.3058 1.0074 0.6279 0.5490 1.1656 0.5160 0.9370 1.0065 1.0749 0.9260 0.7541 0.6929 0.6095 -0.0018 0.1626 
2.6514 1.4437 1.6666 1.1098 1.5255 1.2018 1.3022 1.3575 1.4943 1.2254 1.0603 0.9575 1.2755 1.1472 1.5631 1.5870 1.4392 1.5444 1.4724 1.0074 1.0927 0.7247 0.7325 0.8542 1.0652 0.8248 0.7253 0.4964 0.7264 0.1585 0.4920 -0.0195 0.4574 
2.5489 1.6280 1.8663 1.8271 1.4370 1.3265 1.3692 1.5670 1.4528 1.4489 1.2667 1.6049 1.3694 1.2422 1.2344 1.4676 0.5253 1.4297 1.1494 1.1098 1.1541 1.3650 0.9556 1.0774 0.9997 1.0706 0.7644 0.6266 0.5997 0.8473 0.7025 0.0662 0.3366 
2.7365 1.8334 1.7264 1.7961 1.6084 1.2785 0.8044 1.3386 0.9033 1.1874 1.4945 1.4846 1.5562 1.7154 1.5733 1.3199 0.3607 1.2594 1.4823 1.5519 1.3643 1.2185 1.1728 0.8102 0.4620 0.8136 0.1949 0.5743 0.8000 0.8110 0.5211 0.2213 0.5264 
2.3260 1.6263 1.6253 1.5059 1.3806 1.5323 0.7048 1.4973 1.3015 1.3972 1.4170 1.1449 1.5327 1.2462 1.1674 1.2205 1.3488 1.1726 1.0859 1.1132 1.3331 0.8750 1.0907 1.0126 0.8529 0.9780 0.0859 0.8254 0.5359 0.5167 0.4561 0.0410 0.1061 
2.9588 2.2805 1.5973 1.7844 0.9013 1.5043 1.3540 1.3447 1.6158 0.9598 1.3596 1.2035 1.0881 1.0844 0.7102 1.0802 1.0457 1.0179 0.5710 0.9007 0.8606 0.9376 1.0500 0.5684 1.1734 0.8150 0.7473 0.7961 0.0951 0.7898 0.4079 0.7283 0.7605 
2.3423 1.5754 1.5037 1.3261 1.8895 1.5784 1.0789 1.4718 1.2776 1.4491 0.8501 1.4833 1.5654 1.3416 -0.0855 1.2598 1.3393 1.2149 -0.1833 1.1812 1.3745 1.2171 0.5226 1.0764 0.8352 0.9377 0.4544 0.8711 1.0865 0.3614 0.3442 -0.0380 0.1073 
2.7199 2.0804 1.4684 1.6621 1.2223 1.7125 1.9850 1.6008 1.5793 1.1628 0.9862 1.1695 1.2581 1.3975 1.2188 0.4821 0.9966 0.4379 1.1259 1.2216 1.0787 0.9030 0.6800 0.7848 1.1451 1.0988 1.4043 1.0097 0.4109 0.7060 0.2624 0.4803 0.4937 
2.7048 2.1467 1.3187 1.8100 1.7433 1.9795 1.7204 1.5629 1.0815 1.3635 1.2827 1.5717 1.2467 1.2445 0.8653 0.6012 -0.0490 0.5490 0.7697 1.1121 1.0753 1.3161 0.9738 0.9735 0.6112 1.0619 1.1106 1.2743 0.8983 0.8290 0.1382 0.5708 0.5152 
2.8384 2.1989 2.0290 1.5356 1.2377 1.6990 1.5442 0.3477 1.1802 1.0948 1.4779 0.8388 1.3760 1.2115 1.0889 1.3797 1.5180 1.3164 0.9763 1.0804 1.1587 0.5690 1.1553 0.7243 0.7474 -0.2063 0.9352 0.9943 0.4270 0.5528 0.8420 0.6351 0.6073 
1.9280 1.2887 1.5676 1.4584 1.4193 1.4048 1.5347 1.4977 1.5004 1.4874 1.4041 1.1516 0.7657 0.8754 1.1524 1.1552 0.7475 1.1121 1.0723 0.7452 0.5360 0.8752 1.0825 1.1110 1.0724 0.9780 0.9273 0.7053 0.5775 0.4866 0.4143 -0.1361 -0.2989 
2.7680 2.0153 1.6322 1.6531 1.7346 1.8258 1.8275 1.2938 0.6696 1.0311 1.3121 1.6792 1.2419 1.1653 0.7950 1.4603 0.9929 1.4235 0.7216 1.0268 1.0690 1.4352 1.0080 0.6429 0.2138 0.7757 1.2134 1.1248 0.8897 0.7083 0.4457 0.4335 0.5388 
2.7133 2.2786 1.6380 1.5761 1.1218 1.0885 0.7727 1.7886 1.5996 1.4470 1.6772 1.6030 0.5958 1.2657 1.3069 0.9658 1.2443 0.9106 1.2047 1.1262 0.4129 1.3599 1.3683 1.0760 1.1606 1.2410 0.1625 0.3842 0.2896 0.6207 0.4654 0.7529 0.5164 
2.8456 2.0300 1.8838 1.6674 1.6293 1.6375 1.2900 1.1711 1.3001 1.7427 1.6472 0.0523 1.4178 0.9559 1.0292 1.4396 1.4414 1.3890 0.9068 0.8053 1.1878 -0.2357 1.3354 1.3535 0.8546 0.6604 0.7095 0.9327 0.8123 0.7125 0.7178 0.4282 0.6114 
2.9040 2.3118 1.8943 1.8065 1.4274 1.5335 1.5492 1.4692 0.9300 0.3874 1.3529 -0.0009 1.1636 1.2327 0.5594 1.0776 0.7513 1.0205 0.4616 1.1038 0.9588 -0.2674 1.0467 0.0110 0.4906 0.9349 0.9444 0.8287 0.5796 0.8215 0.7283 0.7643 0.7170 
2.8149 2.0425 1.5300 1.7726 1.6338 1.4054 1.4476 1.5519 1.5043 0.5481 1.2726 1.4521 1.4423 1.4546 1.3188 1.2222 1.3045 1.1769 1.2141 1.2859 1.2181 1.1766 0.9606 0.1671 1.0744 1.0493 0.8270 0.7107 0.8185 0.7803 0.3551 0.4490 0.5839 
2.2844 2.1480 2.0558 1.6512 1.2226 1.5491 1.7919 1.8581 1.7066 1.6876 1.5710 1.3418 0.3812 0.7870 1.2774 0.3492 0.8532 0.2937 1.1806 0.6456 0.1502 1.0923 1.2461 1.3012 1.2394 1.3395 1.1685 0.8475 0.4128 0.6993 0.8680 0.6083 0.0791 
2.8151 1.9274 1.8302 1.6761 1.7870 1.5025 1.3215 1.6012 1.2146 1.1567 1.3358 0.5189 1.3630 1.4640 1.5089 1.5318 1.5189 1.4877 1.4294 1.3012 1.1497 0.2740 1.0261 0.7799 0.7745 1.1013 0.7345 0.7983 0.9451 0.7196 0.6406 0.3274 0.5785 
2.5514 2.2360 2.0292 1.6627 1.4604 1.2630 0.7422 1.3989 1.6906 1.2717 1.1551 1.2099 1.4314 1.3781 0.2037 0.9878 1.3386 0.9280 0.1125 1.2086 1.2034 0.9536 0.8307 0.8833 1.2284 0.8620 0.1089 0.5677 0.6405 0.7173 0.8425 0.7216 0.3350 
2.5459 1.4084 1.7928 1.3748 1.7358 1.8078 1.1197 1.2902 0.7455 1.3224 1.1884 1.2412 1.5110 1.5455 1.5892 1.4419 0.4487 1.3917 1.5007 1.4203 1.3075 1.0032 0.8682 0.9359 0.2744 0.7780 0.5086 1.1036 0.8935 0.3935 0.5879 -0.3491 0.3496 
1.8062 1.3912 1.8706 1.7938 1.8267 1.5209 1.1095 1.4966 1.5862 1.6769 1.5777 1.3098 0.7672 1.2668 1.4417 1.3634 1.1095 1.3000 1.3285 1.1280 0.5506 1.0716 1.2601 1.2910 1.1504 0.9758 0.4950 0.8150 1.0091 0.8069 0.7206 -0.1381 -0.4691 
2.5418 1.8667 1.3690 1.4851 1.5247 1.1542 1.4937 1.3242 1.6933 1.5840 1.4433 1.4272 1.2421 1.7750 1.5599 1.3121 0.3192 1.2524 1.4681 1.5900 1.0724 1.1465 1.1165 1.2117 1.2318 0.8048 0.8759 0.4541 0.7249 0.5023 0.1752 0.3199 0.3703 
1.7906 0.7921 1.4475 1.2864 1.1061 1.1740 0.4857 0.7012 1.0007 0.8374 0.9040 0.4757 0.6542 0.8009 0.6928 0.6503 0.2134 0.5871 0.5688 0.6582 0.4424 0.2086 0.5900 0.4600 0.5339 0.1564 -0.1233 0.4722 0.2725 0.3366 0.2727 -0.6633 -0.4732 
2.5106 1.8203 1.7179 1.4458 1.5823 1.2319 1.5951 1.5723 1.7807 1.5750 1.5414 1.3594 1.1788 0.6891 1.2687 1.0160 1.1567 0.9544 1.1756 0.5149 0.9748 1.1010 1.2209 1.1983 1.3152 1.0758 1.0111 0.5249 0.7778 0.4567 0.5088 0.2405 0.2519 
1.4056 1.4074 1.3500 1.2108 1.3421 1.2109 0.8711 1.2115 1.3968 1.5542 1.1342 1.1290 1.1410 0.9371 1.0187 0.9048 0.9187 0.8607 0.8979 0.7920 0.9279 0.8623 0.8084 1.1746 0.9279 0.7185 0.2737 0.5050 0.5122 0.2436 0.1652 -0.0997 -0.7811 
2.3768 1.4403 1.3013 0.5895 1.5716 0.2198 1.5629 1.1930 1.2088 1.2214 1.2097 1.3219 1.2206 1.1374 1.0136 1.1840 1.1542 1.1384 0.8948 0.9865 1.0376 1.0805 0.8808 0.8462 0.7737 0.6916 0.9605 -0.5446 0.7653 -0.2703 0.1669 -0.2527 0.1297 
2.1542 1.9371 1.8370 1.0786 1.5890 1.7317 1.5655 1.7221 1.1920 1.5759 1.4349 1.0959 1.3728 1.3428 0.9479 1.4538 0.8707 1.4152 0.8472 1.1832 1.1571 0.8206 1.1074 1.2013 0.7568 1.1856 0.9624 1.0288 0.7855 0.0918 0.6672 0.4293 -0.0549 
1.9025 1.6039 1.5823 1.5519 1.0875 0.9310 1.5490 0.7975 1.3326 0.6053 0.8717 0.8825 1.3169 1.1852 1.2733 1.4490 1.1824 1.4057 1.1796 1.0545 1.1194 0.6390 0.5524 0.2290 0.8727 0.2901 0.9418 0.2309 0.2526 0.5781 0.4310 0.0796 -0.2922 
2.4380 2.2179 1.8334 1.6812 1.7533 1.4594 1.7936 1.8289 1.1722 0.3331 1.5037 1.4149 1.1857 0.6804 1.2303 1.3915 0.9904 1.3261 1.1456 0.5050 0.9874 1.1346 1.1836 -0.1025 0.7398 1.2965 1.1749 0.7499 0.9093 0.7285 0.6663 0.7121 0.2043 
2.2928 1.9478 1.3479 1.7876 1.4612 1.3069 1.2360 1.3644 1.3596 1.2145 1.5060 0.8246 1.1592 1.6025 1.1098 1.2315 0.3683 1.1914 1.0096 1.4666 0.9599 0.5480 1.1841 0.8378 0.8936 0.8309 0.6452 0.6020 0.6354 0.8057 0.1710 0.4356 0.1351 
2.6327 2.1685 1.7393 1.3694 1.4601 1.2745 1.2449 1.5351 1.5896 1.4014 1.4385 1.4613 1.2085 1.2940 1.1811 0.8938 0.8500 0.8495 1.0963 1.1463 1.0175 1.1901 1.1107 1.0139 1.1527 1.0279 0.6673 0.5693 0.6364 0.4064 0.5358 0.6248 0.4675 
1.9855 2.2337 1.3894 1.6460 1.6963 2.5044 2.0051 0.5325 1.7151 2.0488 2.0596 1.7148 1.8364 1.6667 1.7645 1.4975 1.0688 1.4543 1.6382 1.5151 1.6197 1.4573 1.7531 1.6620 1.2540 0.0372 1.4196 1.8018 0.8724 0.6922 0.1690 0.7399 -0.1125 
2.8634 2.3414 2.3294 1.8453 2.2857 2.0798 2.3397 1.7639 1.5985 1.3491 1.6774 1.8335 1.7638 1.6219 1.1121 1.2641 0.7569 1.2204 1.0003 1.4780 1.5362 1.5673 1.3796 0.9677 1.1582 1.2143 1.7622 1.3834 1.4793 0.8660 1.1551 0.7930 0.6562 
2.4933 2.2626 1.6413 1.8121 1.3406 1.5015 1.8396 0.9272 1.2220 1.4211 1.3416 0.8952 0.6448 1.2302 0.5735 1.1332 1.3258 1.0949 0.4822 1.1019 0.4341 0.6488 1.0353 1.0288 0.7883 0.4130 1.2231 0.7972 0.5080 0.8346 0.4624 0.7578 0.3675 
2.7096 1.7540 2.3392 1.8345 1.0834 1.8000 2.1330 1.3516 1.7616 1.7821 1.7695 0.7852 1.7042 1.5794 1.5966 1.4894 1.4942 1.4505 1.5060 1.4513 1.4951 0.5300 1.4430 1.4008 1.2928 0.8256 1.5073 1.1021 0.2318 0.8529 1.1719 0.1023 0.5204 
2.4023 2.2052 1.9579 1.7883 1.1847 1.8166 2.0659 1.8170 1.8363 1.7277 1.7964 1.5054 0.6939 0.9781 1.0261 0.3835 -0.1475 0.3406 0.9026 0.8249 0.4723 1.2321 1.4708 1.3382 1.4033 1.2829 1.4595 1.1174 0.3730 0.7947 0.8045 0.6836 0.1996 
2.5728 2.2785 2.4094 2.0948 2.0863 2.0016 1.8192 1.6252 1.2101 1.8019 1.5121 1.7194 1.3643 1.5874 1.5799 1.4871 1.4499 1.4469 1.4926 1.4579 1.1467 1.4589 1.1916 1.4295 0.7713 1.1163 1.2021 1.2980 1.2399 1.1193 1.2208 0.7698 0.3836 
2.7764 2.4884 1.9389 1.4143 1.6104 1.2000 1.6407 1.6089 1.1218 1.4970 1.1388 1.6132 1.4283 1.2214 0.6780 1.4377 1.7755 1.3881 0.5615 1.0912 1.1972 1.3741 0.8232 1.1205 0.6847 1.1052 1.0628 0.4950 0.8025 0.4293 0.7698 0.9476 0.6184 
2.9466 2.6079 2.0863 2.1896 1.9318 1.9355 1.0945 1.7313 1.8586 1.7622 1.8225 1.2127 1.4195 1.2390 1.0132 1.0251 0.0893 0.9609 0.8869 1.1115 1.1845 0.9532 1.4975 1.3730 1.4310 1.1978 0.4610 1.2307 1.1278 1.2174 0.9097 1.1241 0.7853 
3.2872 3.5813 3.1983 2.9334 2.8184 2.6308 2.5370 2.5355 2.4978 2.3886 2.3047 2.1692 2.2161 2.1961 2.1119 2.1935 2.1750 2.1541 1.9849 2.0463 2.0104 1.8979 1.9902 2.0024 2.0371 2.0066 1.9228 1.9270 1.9698 1.9553 2.0015 2.0745 1.0796 
3.9228 3.8909 2.8245 2.4492 1.9235 1.8736 1.8346 1.4235 1.2223 1.0926 1.4489 0.5917 1.4874 1.0987 1.5573 1.1217 1.2286 1.0985 1.4613 0.8976 1.2609 0.4053 1.1209 0.7203 0.7492 0.8357 1.1982 1.1463 1.0878 1.4455 1.5530 2.3481 1.8097 
1.3079 3.8415 3.0598 2.6686 2.3096 2.2017 1.9133 2.1098 1.9568 1.9031 1.6180 1.5718 1.4514 1.4029 1.6371 1.5005 1.2274 1.4584 1.5396 1.2234 1.2241 1.3167 1.3035 1.5242 1.5172 1.5635 1.3069 1.4940 1.4933 1.7041 1.8547 2.3166 -0.1404 
3.6381 3.8623 2.2750 2.7885 2.5007 2.3183 2.2732 2.1463 2.1923 1.9636 2.1254 2.0941 1.9988 1.7851 1.9035 1.9252 1.9710 1.8802 1.8163 1.6083 1.8085 1.8240 1.7987 1.5894 1.7650 1.5960 1.6846 1.6135 1.6699 1.8213 1.3374 2.3219 1.6047 
3.3297 3.8565 3.2634 2.8769 2.5624 2.3907 2.1355 2.5176 2.0188 2.3995 2.1369 1.8231 2.1263 1.9759 2.0010 1.9567 1.7778 1.9134 1.9008 1.8344 1.8941 1.5498 1.8104 2.0115 1.5689 1.9799 1.5086 1.6881 1.7622 1.8924 2.0727 2.3181 1.4209 
1.7486 4.1720 3.5624 3.2311 2.8754 2.6289 2.6291 2.9513 2.5133 2.4828 2.3741 2.6329 2.0857 2.0335 2.0556 2.1970 2.2268 2.1566 1.9381 1.8794 1.8668 2.3834 2.0646 2.0997 2.0654 2.4486 2.0304 1.9259 2.0591 2.2557 2.3502 2.6386 1.2730 
3.6270 4.0708 3.4683 2.8482 2.5900 2.5025 2.6529 2.8674 2.3497 2.6701 2.4033 2.1835 1.4032 2.1168 2.0021 1.9262 1.8246 1.8795 1.8996 1.9301 1.1914 1.9127 2.0895 2.2857 1.8990 2.3299 2.0733 1.7979 1.7815 1.8578 2.2597 2.5714 1.5335 
3.5502 4.2970 3.9411 3.1699 3.1852 3.0411 2.8672 2.7808 2.9260 1.6367 2.3786 2.2291 2.6138 2.6041 2.5120 2.5212 2.5058 2.4837 2.4083 2.4780 2.4234 1.9627 2.0691 1.2894 2.4944 2.2458 2.2463 2.3367 2.3348 2.1799 2.7558 2.8028 1.0878 
4.1512 3.9763 3.7771 3.5192 3.2159 3.1141 3.0339 2.9196 2.9076 2.7360 2.5373 2.5771 2.5203 2.4935 2.5363 2.4523 2.3033 2.3873 2.4477 2.3157 2.2966 2.3092 2.2151 2.3478 2.4811 2.4039 2.4512 2.4110 2.3852 2.5313 2.5986 2.4819 1.9983 
4.2237 3.9498 3.5865 3.5552 3.3243 3.1977 3.0739 2.9602 2.9713 2.8674 2.8699 2.8398 2.8258 2.7655 2.7004 2.6403 2.6325 2.5992 2.6012 2.6029 2.5957 2.5608 2.5456 2.4937 2.5322 2.4588 2.4876 2.4935 2.5154 2.5691 2.4142 2.4239 1.9913 
3.9039 3.7564 3.4276 3.0995 2.9878 2.8993 2.8369 2.7605 2.7753 2.5864 2.5951 2.5314 2.4074 2.4945 2.3653 2.3497 2.3327 2.2931 2.2629 2.3172 2.1985 2.2619 2.2753 2.2097 2.3077 2.2296 2.2122 2.1972 2.1855 2.1433 2.2460 2.2382 1.6770 
3.0881 3.6087 3.3050 3.2260 2.9222 2.8303 2.7641 2.6348 2.6045 2.5679 2.5107 2.3988 2.4159 2.3837 2.4224 2.3060 2.2662 2.2625 2.3025 2.2286 2.2042 2.1483 2.1847 2.1925 2.1688 2.1403 2.1621 2.1284 2.1287 2.2494 2.1672 2.1291 1.1656 
3.2388 4.0795 3.2215 3.1882 2.6214 2.5033 2.1579 2.1701 2.6158 2.2944 2.1996 2.1322 2.0575 2.0001 2.1184 2.0652 1.9756 2.0027 1.9907 1.8524 1.8473 1.8524 1.8785 1.9197 2.1776 1.6312 1.5371 1.7987 1.8096 2.1964 1.9937 2.5773 1.3406 
3.9403 4.1359 3.5308 2.8771 2.7115 2.6293 2.7229 2.1929 2.5548 2.3912 2.3194 2.3210 2.3822 2.2006 2.2758 2.0642 2.1483 2.0024 2.1842 2.0537 2.1809 2.0814 2.0063 2.0036 2.1273 1.6645 2.1353 1.9239 1.8868 1.8928 2.2994 2.6194 1.8807 
4.2653 4.3065 3.5500 3.1344 2.7654 2.5329 2.6645 2.5279 2.1785 1.6710 1.8649 1.5056 1.8293 1.1169 1.8671 1.7468 1.6193 1.6834 1.7831 0.9710 1.6161 1.2459 1.5505 1.3051 1.7540 2.0015 2.0836 1.8292 1.9295 2.1589 2.3232 2.7968 2.0242 
3.9758 4.2513 3.7625 3.5567 3.2406 3.1277 3.0446 3.0218 2.9010 2.8680 2.8479 2.8096 2.7739 2.7372 2.6681 2.6490 2.5902 2.6068 2.5751 2.5813 2.5595 2.5354 2.5214 2.4944 2.4726 2.5169 2.4626 2.4229 2.4252 2.5699 2.5699 2.7109 1.5234 
3.2063 4.1590 3.5492 2.9421 3.0484 2.9305 2.8579 2.6758 2.6092 2.6064 2.5618 2.5403 2.4854 2.4267 2.4031 2.3553 2.4158 2.2983 2.2860 2.2609 2.2580 2.2739 2.2423 2.2288 2.1752 2.1703 2.2402 2.2328 2.2373 1.9874 2.3425 2.6342 0.8450 
3.1411 4.3156 3.7131 3.2604 3.0430 2.9743 2.8815 2.7430 2.5987 2.6663 2.6107 2.6465 2.4294 2.4545 2.4557 2.3680 2.3332 2.3097 2.3303 2.2784 2.2132 2.4030 2.2836 2.2828 2.1621 2.2171 2.2669 2.2712 2.2278 2.2820 2.5319 2.8177 1.1465 
3.9163 4.3316 3.7327 3.4463 3.1487 2.8819 2.8697 2.7305 2.3812 2.5577 2.4864 2.4818 2.2421 2.3379 2.2032 2.2279 2.1470 2.1843 2.1254 2.1947 2.0442 2.2013 2.1589 2.1814 1.9251 2.2071 2.2509 2.1759 2.2988 2.4903 2.5461 2.8420 1.8218 
4.0562 4.4722 3.9083 3.2764 3.1046 3.0025 2.8725 2.8520 2.8531 1.1959 2.5832 2.3427 2.2823 1.7132 2.0345 1.9521 1.8519 1.9082 1.9261 1.5506 2.1052 2.1073 2.2647 0.8155 2.3944 2.3064 2.2539 2.2978 2.2725 2.2992 2.6939 2.9601 1.7999 
2.5376 4.3688 4.1207 3.6227 3.3880 3.2807 3.2212 3.1444 3.1589 2.9598 2.9307 3.0087 2.9282 2.8264 2.8751 2.7818 2.8114 2.7191 2.7775 2.6407 2.7236 2.7670 2.6115 2.5800 2.6868 2.6050 2.6029 2.5764 2.5727 2.6359 2.9388 2.8724 1.3355 
4.2641 4.1635 3.9130 3.6868 3.4227 3.2350 3.1442 2.9824 2.9072 2.9848 2.9588 2.7593 2.5091 2.5781 2.7639 2.7208 2.7080 2.6624 2.6451 2.4443 2.2822 2.5045 2.6337 2.6106 2.4807 2.4860 2.5301 2.5313 2.5998 2.7209 2.7207 2.6334 2.1308 
4.4851 4.2911 3.8091 3.6029 3.2489 2.9283 2.6856 2.4006 2.8642 2.5922 2.5580 2.3094 1.8239 1.8869 2.0159 1.9779 2.1247 1.9271 1.9140 1.7570 1.6062 2.0662 2.2370 2.2130 2.4151 1.8705 2.1045 2.2239 2.4365 2.6258 2.6198 2.7661 2.2816 
4.4852 4.3304 3.9434 3.7541 3.5754 3.3888 3.2841 3.2367 2.9875 2.9646 2.8727 2.7208 2.6981 2.7363 2.7436 2.7142 2.6445 2.6561 2.6319 2.5804 2.5093 2.4832 2.5475 2.5852 2.5517 2.7054 2.6711 2.6850 2.7503 2.8047 2.7670 2.8269 2.2634 
4.5346 4.3629 4.0446 3.9314 3.6911 3.5693 3.4725 3.4284 3.2639 3.1976 3.1688 3.1199 3.0182 2.9128 2.8941 2.8885 2.9241 2.8496 2.8085 2.7687 2.8407 2.8625 2.8468 2.8215 2.8355 2.9078 2.8674 2.8653 2.8854 2.9505 2.8834 2.8535 2.2897 
4.5786 4.3707 4.1355 3.9023 3.5768 3.2724 2.9896 2.8910 2.9817 2.9495 2.6748 2.5183 2.6087 2.7918 2.8456 2.8403 2.7871 2.7834 2.7290 2.6237 2.4173 2.2464 2.3604 2.5705 2.5434 2.3635 2.3986 2.5668 2.7506 2.9149 2.9545 2.8610 2.3416 
4.0769 4.3713 4.3125 4.1499 3.8532 3.6951 3.6951 3.6383 3.3834 3.2001 2.7676 3.0307 3.3066 3.2829 3.1476 2.9069 2.8996 2.8656 3.0231 3.1472 3.1118 2.7950 2.4557 2.8255 2.9396 3.1273 3.1066 2.9923 3.0055 3.1945 3.1508 2.8753 2.0153 
3.7414 4.5710 4.4275 3.9814 3.5306 3.2940 3.3464 3.1685 2.5972 3.0548 2.9791 3.1592 2.7943 2.8083 2.9321 2.7753 2.7518 2.7130 2.8487 2.6321 2.5711 2.8865 2.6541 2.6702 2.1672 2.6200 2.7589 2.5887 2.6796 2.9962 3.2604 3.0422 1.3675 
3.5516 3.9293 4.4919 3.6331 3.3774 3.3327 3.1841 3.6367 3.0958 3.1450 3.3787 2.7175 2.8329 2.8216 2.5773 2.6265 2.6392 2.5776 2.4949 2.6353 2.6015 2.4858 3.0642 2.7566 2.6337 3.1273 2.5532 2.6301 2.5647 2.6308 3.3214 2.3728 1.7098 
4.2308 3.9915 3.9525 2.8466 2.8460 2.8799 2.5113 3.2752 2.9408 2.8706 3.0397 2.6960 1.8175 2.6046 2.6451 2.5038 2.2009 2.4622 2.5565 2.4786 1.5748 2.4641 2.7249 2.4943 2.4995 2.7634 1.9130 2.1665 1.9883 1.9410 2.7943 2.4259 1.8436 
3.9564 4.0264 4.0688 3.6659 3.3452 3.2925 3.1530 3.3402 3.1455 2.9304 2.9797 2.5756 2.5808 2.4607 2.4411 2.5148 2.5192 2.4782 2.3191 2.2800 2.3786 2.3082 2.6534 2.5525 2.6727 2.8458 2.5328 2.5885 2.5380 2.6942 2.9053 2.5373 1.8169 
4.7125 4.6476 4.4321 4.2528 4.0393 3.9363 3.8100 3.6967 3.6662 3.5696 3.3288 3.3110 3.1098 3.0883 2.9798 2.8704 2.7494 2.8339 2.8892 2.9343 2.9019 3.0495 3.0034 3.1958 3.2282 3.2009 3.2098 3.2315 3.2302 3.2634 3.2664 3.1374 2.5397 
3.9170 4.2484 4.5955 4.2763 3.8143 3.6004 3.6920 3.9312 3.3528 3.2280 3.6265 2.9683 3.2749 3.4778 3.0102 3.0792 3.0279 3.0207 2.9158 3.3136 3.0682 2.7107 3.3071 2.8481 2.9205 3.3939 3.1099 2.8957 2.9819 3.2887 3.4053 2.6931 1.8066 
4.3367 3.8492 3.8578 3.4428 3.2000 2.8142 3.0392 3.5179 3.0742 2.9659 3.2691 2.7250 2.3390 2.5444 1.6129 1.3933 1.4757 1.3390 1.5068 2.3960 2.1486 2.4839 2.9475 2.5921 2.6210 2.9766 2.4509 2.0815 2.3644 2.5007 2.6561 2.2849 2.1957 
4.4288 4.6166 4.3742 4.2592 4.0095 3.4340 3.3101 3.7777 3.8194 3.9295 3.8085 3.6159 3.3601 2.9772 3.0013 3.2425 3.2432 3.2034 2.9132 2.8449 3.1867 3.3435 3.4994 3.5556 3.3537 3.2585 2.7017 2.7255 3.2039 3.2718 3.2089 3.0965 2.3558 
4.2284 3.9588 4.4018 3.9944 3.7138 3.3076 3.6645 3.4220 3.3825 3.0606 3.5728 3.3390 3.0523 3.2980 2.5798 2.7320 2.8311 2.6713 2.4905 3.1700 2.8614 3.0936 3.2477 2.6820 2.9409 2.9113 3.0556 2.6006 2.9062 3.0419 3.2393 2.5028 2.1287 
4.3927 4.7368 4.2737 4.1324 3.8139 3.7817 3.5575 3.8131 3.3189 3.2013 3.6010 3.4745 3.4228 3.1462 3.3527 3.2951 3.2733 3.2503 3.2638 2.9774 3.2264 3.2163 3.2805 2.8272 2.8816 3.2825 2.9406 3.0793 2.9836 3.1872 3.0775 3.2366 2.1505 
3.0227 4.1110 4.4681 4.1537 3.8089 3.5670 3.5167 3.8240 3.4891 2.7889 3.7303 3.0920 3.3054 3.4621 3.2262 3.2116 3.1387 3.1704 3.1255 3.3021 3.1083 2.8471 3.4187 2.3815 3.0241 3.2901 2.9030 2.8610 2.9787 3.1925 3.3073 2.6016 0.7700 
4.2063 4.4571 4.3979 4.0305 3.9016 3.7429 3.3855 3.7919 3.5369 3.3219 3.6206 3.4297 3.3705 3.2386 3.1187 3.0862 3.1485 3.0262 2.9991 3.0808 3.1928 3.1897 3.2994 2.9415 3.0635 3.2676 2.8056 3.0367 3.0585 3.0618 3.2374 2.9579 2.1284 
4.3788 3.9967 4.4895 4.2366 3.7229 3.4254 3.9549 3.6748 3.5146 3.4745 3.5472 3.1925 3.0492 1.9414 3.1026 2.9172 2.8976 2.8746 2.9871 1.8019 2.8620 2.9119 3.2201 3.0878 3.0446 3.1734 3.3378 2.7165 2.9093 3.2419 3.3205 2.5133 2.2093 
