2.5968 2.1576 2.1765 1.9920 1.6829 1.8248 1.7246 1.7275 1.8754 1.6851 1.4978 1.6997 1.6400 1.8165 1.8879 1.6769 1.2113 1.6185 1.7972 1.7031 1.4435 1.4554 1.2129 1.3420 1.4792 1.2531 1.1776 1.2011 0.9199 1.1121 1.1318 0.7942 0.6055 
1.3928 1.3868 1.8602 1.0559 1.2586 1.2718 1.5906 1.6956 1.8056 1.6714 1.6493 0.7709 0.8403 1.3948 1.5795 1.4430 1.1691 1.4042 1.4883 1.2498 0.6670 0.5356 1.3685 1.3248 1.4137 1.2092 1.0660 0.6442 0.5275 0.1719 0.8180 0.0685 -0.4888 
2.3250 2.1641 1.8238 1.6613 1.7365 1.8786 1.6776 1.3542 1.3485 1.7459 1.6748 1.7022 1.7020 1.6803 1.4506 0.8509 0.7433 0.8092 1.3760 1.5171 1.5008 1.4581 1.3831 1.4114 0.9240 0.8672 1.1192 1.2529 1.0152 0.7861 0.7946 0.8119 0.3642 
2.7698 2.2668 2.0167 1.5962 1.1669 1.5490 1.6973 1.3855 1.7280 1.3174 1.2319 0.8571 1.8109 1.6844 1.7732 1.9213 1.6856 1.8665 1.6988 1.5215 1.6491 0.6452 0.9573 0.9640 1.3425 0.9017 1.1447 0.9274 0.4453 0.7446 0.9653 0.8703 0.8269 
2.4149 2.0657 2.1575 2.0944 2.0998 2.0261 1.7402 1.9396 0.6892 1.5991 0.9059 1.5022 1.2723 1.5656 1.3841 1.4835 1.1945 1.4407 1.2863 1.4334 1.0984 1.2814 0.6430 1.2538 0.2843 1.4629 1.1903 1.3988 1.3847 1.2262 1.1220 0.7081 0.4495 
2.5752 2.1173 1.8110 1.5660 1.6423 1.2998 0.8674 1.4179 1.6805 1.7654 1.5944 1.1605 1.5821 1.8176 1.6709 1.8177 1.1563 1.7814 1.5575 1.7029 1.4069 0.9254 1.3212 1.4278 1.2645 0.9521 0.3336 0.6719 0.8921 0.7056 0.7893 0.7779 0.6478 
2.4586 2.1235 1.8524 1.6250 1.8100 1.7547 1.7642 1.7570 1.6244 1.4127 1.4540 1.1274 1.1939 0.6656 1.1537 1.3793 1.6203 1.3379 1.0774 0.5216 1.0426 0.8818 1.1712 1.0783 1.2071 1.2995 1.2177 1.1285 1.0921 0.7625 0.8128 0.7753 0.5254 
2.7398 2.2646 2.1441 1.8858 1.9789 1.8864 2.0837 1.6386 1.7896 1.5521 1.4887 1.7526 1.7639 1.6400 1.6681 1.3789 1.1211 1.3326 1.5544 1.4919 1.5827 1.5112 1.1981 1.2115 1.4008 1.1576 1.5379 1.2605 1.2242 1.0328 1.1056 0.8587 0.7723 
2.3258 3.3853 3.2269 2.1023 2.6254 2.4310 2.4591 2.3542 2.6727 1.6752 2.0823 1.7936 1.9935 1.9781 1.6284 1.8480 1.7933 1.8081 1.5180 1.8154 1.7892 1.5610 1.7980 1.3126 2.2879 1.8882 1.9354 1.8050 1.8717 1.1957 2.1466 2.0533 0.3939 
2.8051 3.6099 3.3198 3.0163 2.8799 2.7261 2.6895 2.6275 2.5751 2.3857 2.4120 2.4386 2.3995 2.4435 2.3862 2.3042 2.2168 2.2466 2.3137 2.3293 2.2209 2.2136 2.1252 2.0498 2.1573 2.1366 2.1394 2.0993 2.1296 2.1419 2.2768 2.2754 1.2045 
3.8716 4.4266 4.0510 3.8385 3.6648 3.5927 3.5581 3.3870 3.2778 3.2280 3.1854 3.1832 3.1167 3.1053 3.0732 3.0547 3.0181 3.0122 2.9955 2.9812 2.9519 2.9559 2.9112 2.8808 2.8790 2.9458 2.9988 2.9655 2.9485 2.9663 2.9979 3.0663 1.2518 
4.0615 4.5875 4.0688 3.6943 3.5952 3.4878 3.5328 3.3145 3.3045 3.2975 3.2211 3.0987 3.1005 3.0868 3.0068 2.9812 2.9817 2.9466 2.9357 2.9680 2.9416 2.8849 2.9391 2.9633 2.9222 2.8494 2.9814 2.8588 2.8577 2.8309 3.0062 3.2544 1.7260 
4.1892 4.6147 4.1123 3.8027 3.6173 3.5020 3.3844 3.4239 3.2947 3.2951 3.2339 3.1615 3.1126 3.0948 3.0707 3.0342 3.0211 2.9939 2.9933 2.9737 2.9492 2.9431 2.9461 2.9614 2.9062 2.9707 2.8564 2.8722 2.8924 2.9433 3.0400 3.2747 1.9230 
4.2494 4.6102 3.9703 3.6364 3.4514 3.3213 3.0689 3.2126 3.2557 3.1432 3.1093 2.9998 2.9585 2.9528 2.9111 2.8860 2.8501 2.8300 2.7990 2.7993 2.7563 2.7570 2.8307 2.8000 2.8415 2.7309 2.5378 2.6928 2.7179 2.7572 2.9196 3.2715 2.1219 
4.1452 4.4716 3.8076 3.2470 2.9787 2.9423 3.0814 3.0678 3.1419 3.0443 2.7986 2.6657 2.6394 2.5834 2.5921 2.5576 2.4881 2.5026 2.4816 2.4330 2.4393 2.4267 2.5200 2.7070 2.7439 2.6284 2.5635 2.3201 2.2596 2.3682 2.7308 3.1026 2.1741 
4.5627 4.7935 4.2388 3.7695 3.4364 3.1802 3.5090 3.2698 2.9342 2.9992 3.0214 2.6646 2.2289 2.4096 2.5933 2.5708 2.5770 2.5146 2.4814 2.2918 2.0481 2.4295 2.7405 2.6678 2.5187 2.7880 2.9688 2.5602 2.7150 2.9317 3.1792 3.4163 2.4881 
4.7052 5.0650 4.5650 4.2270 4.0333 3.8928 3.8408 3.6603 3.3805 3.7701 3.6769 3.4778 3.5991 3.5644 3.5043 3.4674 3.4302 3.4148 3.3973 3.4025 3.4012 3.2584 3.3859 3.4264 2.9893 3.2089 3.2919 3.2660 3.3124 3.3533 3.5078 3.6965 2.4757 
4.4468 4.9889 4.6230 4.3152 4.1809 4.0667 3.8364 3.9076 3.9856 3.6869 3.6352 3.6941 3.6283 3.5959 3.5772 3.5559 3.5247 3.4971 3.4774 3.4512 3.4412 3.4703 3.3495 3.3477 3.5968 3.4290 3.2900 3.4404 3.4234 3.4512 3.5776 3.6455 1.7900 
2.9761 4.9164 4.6093 4.3182 4.1704 4.0529 4.0311 3.9067 3.7388 3.7670 3.7301 3.6579 3.6344 3.6159 3.5934 3.5736 3.5581 3.5289 3.5042 3.4811 3.4496 3.4215 3.4521 3.4248 3.3432 3.4292 3.5093 3.4281 3.4153 3.4578 3.5701 3.5857 2.2435 
4.3503 4.7757 4.2580 3.8729 3.6510 3.5927 3.1648 3.3339 3.3354 3.2142 3.1159 3.1906 3.0632 3.0421 3.0257 2.9920 2.9694 2.9562 2.9508 2.9305 2.8973 2.9611 2.8400 2.8689 2.9520 2.8817 2.6408 2.9685 2.9427 2.9969 3.2162 3.4088 2.4014 
4.1833 4.5841 4.0629 3.7522 3.5638 3.4046 3.2968 3.1978 3.1854 3.1758 3.0616 3.0323 2.9937 2.9802 2.9777 2.9311 2.9044 2.8735 2.8956 2.8412 2.8042 2.7967 2.7719 2.8307 2.7699 2.7207 2.7500 2.7787 2.8107 2.9064 3.0015 3.2499 1.8295 
4.0320 4.3834 3.9535 3.4033 3.2016 3.1464 3.0639 2.9433 2.9829 2.6142 2.6443 2.6051 2.5501 2.5134 2.4981 2.4346 2.4083 2.3917 2.4108 2.3807 2.3654 2.3595 2.3563 2.2729 2.5996 2.4567 2.5325 2.5238 2.4556 2.5621 2.9122 3.0312 1.7791 
2.4408 4.0097 4.0037 3.6912 3.5066 3.3847 3.3060 3.2395 3.1597 3.0756 3.0466 3.0080 2.9670 2.9609 2.9418 2.8818 2.8357 2.8262 2.8359 2.8124 2.7672 2.7670 2.7564 2.7441 2.7532 2.7504 2.7556 2.7597 2.7586 2.8305 2.9669 2.6816 1.1442 
3.4439 4.5187 4.2865 3.9204 3.7602 3.6481 3.5621 3.4996 3.4285 3.3840 3.3355 3.3145 3.2700 3.2463 3.2266 3.1924 3.1564 3.1369 3.1146 3.0819 3.0686 3.0718 3.0511 3.0525 3.0333 3.0261 3.0042 3.0219 3.0312 3.0490 3.2514 3.1660 1.4945 
3.8618 4.5800 4.2766 3.9723 3.7967 3.6951 3.6151 3.5600 3.5120 3.4229 3.3817 3.3399 3.3142 3.2734 3.2618 3.2343 3.1893 3.1759 3.1608 3.1241 3.1270 3.1029 3.0984 3.0814 3.0955 3.0681 3.0666 3.0688 3.0609 3.1045 3.2434 3.2546 2.1264 
4.5500 4.8521 4.2353 3.9168 3.6669 3.5306 3.3983 3.3358 3.2765 3.2443 3.1906 3.0902 3.0682 3.0439 3.0259 3.0119 2.9964 2.9738 2.9508 2.9315 2.9098 2.8753 2.9172 2.8983 2.8775 2.8819 2.8759 2.9045 2.9506 3.0420 3.1640 3.4995 2.4362 
4.5402 4.8411 4.2035 3.9248 3.5639 3.3844 3.2376 3.0712 3.0633 3.0009 2.9621 2.9547 2.9235 2.8574 2.8157 2.7749 2.7794 2.7367 2.7275 2.7165 2.7195 2.7105 2.6733 2.6663 2.6722 2.6319 2.6807 2.7582 2.8095 3.0522 3.1124 3.4908 2.6372 
4.5245 4.8040 3.8877 3.8398 3.3096 3.0956 2.7502 2.1412 2.6863 2.6962 3.2885 3.2723 2.9557 2.3696 2.0818 1.9331 1.5969 1.8791 1.9950 2.2348 2.7524 3.0295 3.0017 2.3583 2.3016 1.6646 2.2019 2.4579 2.5735 2.9647 2.7595 3.4339 2.6308 
3.6910 4.8407 4.3171 3.8934 3.8036 3.7089 3.6131 3.5749 3.4914 3.4178 3.0883 3.4816 3.3628 3.3081 3.2837 3.2725 3.2555 3.2375 3.1966 3.1757 3.1912 3.2609 2.8102 3.0773 3.0774 3.0867 3.0645 3.0808 3.0618 3.0094 3.2645 3.4847 1.9870 
4.2881 4.5077 3.7504 3.4614 3.3710 3.3048 3.1895 3.1599 3.0667 2.9453 2.7522 3.0675 2.9837 2.9830 2.9539 2.9223 2.9031 2.8637 2.8565 2.8455 2.7897 2.8447 2.4650 2.6113 2.6762 2.6923 2.6491 2.6767 2.6480 2.6060 2.6856 3.1350 2.2908 
4.5336 4.5702 4.1627 3.3964 3.0709 2.9599 2.6687 2.7870 2.6584 2.6541 2.8835 1.9710 2.6314 2.5088 2.4927 2.3106 2.0012 2.2604 2.4058 2.3740 2.4302 1.7156 2.6079 2.3210 2.2663 2.3406 2.1246 2.3353 2.3570 2.5482 3.0814 3.2369 2.5536 
4.1609 3.9678 4.2199 3.9927 3.7994 3.6880 3.6002 3.5626 3.5293 3.4216 3.5580 3.5247 3.4229 3.3219 3.3590 3.3174 3.2796 3.2801 3.2804 3.1975 3.2600 3.2864 3.2678 3.0812 3.1115 3.0713 3.0532 3.0636 3.0647 3.1347 3.1880 2.6138 2.3429 
4.6271 4.8800 4.4511 4.2290 4.1262 4.0057 3.9291 3.9172 3.8460 3.7671 3.8080 3.4958 3.6035 3.5024 3.5542 3.5692 3.5160 3.5209 3.4403 3.3569 3.4064 3.2693 3.5327 3.4236 3.4261 3.4430 3.3801 3.3786 3.3806 3.3570 3.3780 3.5475 2.5767 
4.2282 4.8512 4.1607 3.9465 3.6862 3.6107 3.5947 3.4495 3.3671 3.3013 3.3340 2.6690 3.2831 3.2560 3.1058 3.0921 3.0518 3.0536 3.0215 3.0964 3.0868 2.4116 3.0479 2.9665 2.9755 2.9875 3.0446 2.9828 2.9636 3.0782 3.0616 3.5146 2.3067 
4.5201 4.3069 4.1885 3.9181 3.7792 3.6007 3.4544 3.7002 3.7641 3.7460 3.6190 3.5668 3.3465 3.2507 2.8436 2.6804 2.6669 2.6419 2.7472 3.0896 3.1703 3.3195 3.3320 3.4040 3.3654 3.2603 2.9351 2.9745 3.0456 3.0463 3.1040 2.9760 2.4689 
3.4033 4.4260 4.2095 3.7535 3.5365 3.4520 3.2546 3.3483 3.2045 3.2673 3.7218 3.6265 2.9265 2.9098 3.0818 2.1039 2.7738 2.0539 3.0029 2.7507 2.7256 3.3830 3.4445 2.9353 2.7886 2.9024 2.6960 2.8270 2.7848 2.9136 3.1454 3.0691 1.3540 
4.6650 4.6237 4.5029 4.2299 4.0626 3.9650 3.8816 3.7718 3.7309 3.6670 3.5678 3.6061 3.5872 3.4958 3.5188 3.3982 3.3952 3.3600 3.4096 3.3517 3.3845 3.3673 3.2766 3.3292 3.3375 3.3095 3.3244 3.3382 3.3355 3.3581 3.4388 3.2835 2.7394 
4.4112 4.8954 4.6738 4.1995 3.9956 3.8441 3.9154 3.7546 3.6447 3.7504 3.2983 3.4777 3.5369 3.5118 3.3844 3.3653 3.3376 3.3233 3.3069 3.3638 3.3374 3.2600 3.0045 3.4073 3.2622 3.2955 3.3676 3.2187 3.2761 3.3178 3.6294 3.5697 2.3056 
4.2276 4.8091 4.4942 3.6441 3.5885 3.3867 3.4085 2.4172 2.5787 3.2933 2.9999 3.3640 2.6899 2.6629 2.2691 2.2008 2.0611 2.1558 2.1510 2.5276 2.4996 3.1354 2.7143 2.9600 2.1674 1.9834 2.8853 2.7719 2.8615 2.7961 3.4200 3.4320 1.6756 
4.2795 4.5246 4.2013 3.7096 3.0087 2.8992 3.3181 2.3298 2.4423 2.7026 1.9363 2.5855 2.6617 2.7601 2.6247 2.4460 2.3581 2.4102 2.5178 2.6457 2.4612 2.3524 1.7180 2.3743 2.0399 1.8344 2.7716 2.2443 2.2807 2.8821 3.1579 3.1499 2.0440 
4.4054 4.1742 4.3468 3.9814 3.4452 3.2108 3.4302 3.4196 3.4275 3.2729 3.0547 3.2620 3.1409 2.8922 2.5132 2.7250 2.7524 2.6852 2.4216 2.7396 2.9668 3.0171 2.7672 2.9386 3.0307 2.9675 2.9194 2.5729 2.7049 3.1042 3.3158 2.7953 2.4895 
3.5582 4.2659 4.3454 3.5454 3.3404 3.0850 3.2845 3.0435 2.6266 3.4507 3.1244 3.1600 3.1782 2.5590 2.9428 2.0598 2.4955 2.0219 2.8373 2.4190 2.9913 2.9436 2.8429 3.1079 2.2274 2.5906 2.7367 2.4489 2.6263 2.6456 3.3082 2.9481 1.7805 
3.9359 3.9013 4.2764 3.4840 3.0654 3.0365 3.1638 2.5078 2.6226 3.1054 2.5083 2.8739 2.6611 2.5363 1.9113 2.6193 2.3667 2.5628 1.8089 2.3978 2.4653 2.6445 2.2345 2.7634 2.2088 2.0429 2.6353 2.4121 2.3426 2.6162 3.2507 2.5900 2.0157 
3.5575 3.9127 4.4034 3.7723 3.6632 3.6167 3.7921 3.4501 3.3516 3.5407 3.3810 3.2547 3.2645 3.2857 3.2215 3.0534 3.1276 3.0112 3.1100 3.1424 3.0646 3.0066 3.0955 3.1933 2.9630 2.9891 3.2628 2.9902 2.9473 2.9100 3.3589 2.5653 1.5742 
4.1251 4.1425 4.2582 3.6806 3.6506 3.4951 3.4507 3.2521 3.1254 3.4174 3.0149 2.9315 3.0176 3.0014 3.0155 3.1011 2.9294 3.0616 2.9435 2.8735 2.8367 2.6808 2.7273 3.0785 2.7216 2.7538 2.9341 2.8606 2.9369 2.8366 3.2270 2.7967 2.2005 
4.1837 4.1524 3.8302 3.7581 3.5530 3.5307 3.3281 3.3053 3.4009 3.3911 2.5133 2.7716 3.1046 3.0617 3.0490 2.9898 2.8834 2.9524 2.9705 2.9441 2.9459 2.5656 2.2391 3.0571 3.0126 2.8423 2.7739 2.9084 2.8002 2.9283 2.7528 2.7866 2.1973 
4.2235 4.0707 3.5750 3.9291 3.7260 3.6213 3.0551 3.2873 2.8918 3.6063 3.3868 3.2364 3.2117 3.2082 3.1615 3.2510 3.1487 3.1987 3.0655 3.0581 3.0157 2.9876 3.1058 3.2741 2.4746 2.8113 2.5278 2.9947 3.0061 3.0626 2.5455 2.7133 2.2624 
4.3418 4.2099 4.0818 3.9559 3.7414 3.5758 3.6977 3.6008 3.6252 3.2181 3.3011 3.3681 3.1444 3.2848 3.2570 3.3031 3.1879 3.2673 3.1537 3.1422 2.9699 3.1377 3.0155 2.8660 3.2455 3.1261 3.1717 2.9508 3.0161 3.0802 3.0371 2.8309 2.3539 
4.4526 4.2822 4.2053 3.8844 3.7234 3.6780 3.4079 3.2591 3.0996 3.6593 3.3961 3.2076 3.3386 3.0029 2.9729 3.1912 3.0662 3.1364 2.8874 2.8742 3.1593 2.9703 3.1146 3.3232 2.7072 2.7730 2.8849 3.0528 3.0006 2.9990 3.1453 2.9352 2.4416 
4.5045 4.3210 4.2787 3.8064 3.5768 3.5279 3.4448 3.2838 3.0804 3.1835 3.1440 3.0889 3.2282 3.0571 2.9116 3.0601 2.8082 3.0176 2.8001 2.9406 3.0268 2.8724 2.8650 2.8403 2.6901 2.8024 2.9291 2.8980 2.8281 2.9431 3.2506 2.9732 2.5094 
4.4475 4.2963 4.2507 3.8920 3.6665 3.5990 3.4041 3.2738 3.3026 3.1651 3.0448 3.0547 2.9523 2.9496 3.0201 2.7535 2.9301 2.7137 2.9459 2.7958 2.7512 2.8244 2.7540 2.8221 2.9167 2.7922 2.8816 2.9726 2.9507 3.0098 3.2165 2.9563 2.4950 
4.1553 4.2990 4.3673 4.1420 3.9515 3.7382 3.2376 3.2777 3.1023 2.9333 3.3796 3.2999 3.2930 3.3104 3.3007 3.2591 3.2075 3.2135 3.2245 3.1798 3.0978 3.0626 3.0938 2.5936 2.7093 2.7981 2.6801 3.1103 3.2412 3.2736 3.3260 2.9676 2.3065 
3.4942 4.5021 4.5032 4.1206 3.6482 3.2960 3.6236 3.1602 3.0851 3.3825 3.4295 3.3665 3.2603 2.8368 2.8854 2.9208 2.8677 2.8624 2.7777 2.7003 3.0603 3.1346 3.1517 3.0498 2.6973 2.6912 3.0725 2.6734 2.9345 3.2602 3.4309 3.1406 1.1190 
3.6533 4.2618 4.4323 4.1297 3.4458 3.5888 2.8951 2.9829 2.9763 3.4973 3.4892 2.6467 2.7612 2.7474 2.8813 2.7365 2.7663 2.6944 2.7739 2.6301 2.6084 2.3973 3.2138 3.1534 2.5879 2.5164 2.3425 2.9633 2.7174 3.2668 3.3766 2.9498 1.5718 
3.7121 3.6422 4.3218 4.0063 3.5897 3.6159 3.5579 2.8862 3.5042 3.6584 2.0889 3.3821 2.8473 2.8856 2.7055 2.6758 2.5521 2.6408 2.6320 2.7411 2.6617 3.1622 1.7525 3.3218 3.0897 2.4073 2.9981 2.9882 2.8495 3.1375 3.2949 2.2481 1.9761 
3.8223 3.6413 4.2989 3.8483 3.7146 3.6906 3.3506 3.0162 2.9342 3.5959 3.3370 3.2453 3.3620 3.3634 3.2423 3.2006 3.1334 3.1446 3.1281 3.2494 3.1892 2.9941 3.0477 3.2633 2.5184 2.5630 2.8075 3.0646 2.9964 2.9678 3.2678 2.3270 1.5553 
3.9897 3.8730 3.8091 3.7175 3.3668 3.3725 3.1856 3.0154 2.7542 3.4539 2.6209 3.0108 2.6699 3.0755 2.4589 2.8128 2.7389 2.7628 2.3753 2.9605 2.4744 2.7693 2.3349 3.1091 2.3763 2.5566 2.6448 2.7444 2.6429 2.8800 2.7486 2.5064 2.0547 
4.4123 4.3165 4.3070 4.1152 3.9421 3.8530 3.1257 3.4205 3.3029 3.6525 3.4583 3.3365 3.2640 3.3421 3.2124 3.1766 3.1067 3.1221 3.1021 3.2248 3.0644 3.0975 3.1809 3.3167 2.9187 2.9687 2.6096 3.2252 3.2262 3.2592 3.2759 2.9694 2.4347 
4.0977 4.1315 4.2607 4.0090 3.6977 3.5723 3.1957 3.1577 3.1671 2.9362 2.6840 3.0474 2.6637 2.8157 2.8004 2.8737 2.8546 2.8193 2.7159 2.6853 2.4744 2.8135 2.3958 2.6033 2.7540 2.6898 2.6608 2.9426 2.9820 3.1476 3.2419 2.7580 2.1342 
4.2106 4.4113 4.2323 3.8653 3.4947 3.2032 3.2771 2.8885 2.9342 2.4966 2.5833 2.4189 2.6050 2.6401 2.5684 2.4982 2.4402 2.4487 2.4585 2.4902 2.4069 2.1692 2.2969 2.1394 2.5096 2.4039 2.7222 2.5694 2.7492 2.9827 3.1833 3.0642 2.2140 
3.2880 3.7831 3.9638 3.1695 2.6684 2.6515 3.0677 2.1846 2.3925 2.5662 2.3692 2.3474 2.3752 1.4940 2.1353 2.0213 2.1411 1.9831 2.0603 1.4132 2.1913 2.1048 2.0790 2.2077 1.9978 1.7052 2.5303 2.0457 1.9539 2.3352 2.9336 2.4362 1.1468 
3.9849 4.1871 3.6612 3.7694 3.3845 3.2723 3.0843 2.9416 2.8943 2.7327 2.4695 2.4114 2.5290 2.4603 2.4481 2.3547 2.3127 2.3193 2.3689 2.3417 2.3508 2.1751 2.1823 2.3894 2.4723 2.4477 2.5567 2.6438 2.6659 2.9283 2.6332 2.8203 2.0510 
3.5594 4.2147 3.8821 3.4977 2.6052 2.9145 2.6231 2.6272 2.5094 2.0893 2.4848 2.3047 2.4151 2.3436 2.3820 2.2522 2.1899 2.1966 2.3103 2.1995 2.2414 2.0546 2.2066 1.7537 2.1092 2.1341 2.0663 2.2912 1.8678 2.6388 2.8072 2.8637 1.0984 
3.0272 4.1859 3.4733 3.6911 3.4550 3.4025 3.2348 3.2259 3.1355 3.0659 3.0005 2.9887 2.9646 2.9276 2.8687 2.8226 2.7897 2.7714 2.7630 2.7616 2.7638 2.7502 2.7140 2.7300 2.7361 2.7407 2.6775 2.7745 2.7211 2.8254 2.4007 2.8092 1.7139 
3.3781 4.2142 3.9829 3.4422 2.9298 3.0487 2.8081 2.7892 2.6259 2.7109 2.6368 2.4755 2.4750 2.5173 2.4972 2.3988 2.4365 2.3592 2.4098 2.3826 2.3155 2.2620 2.3466 2.3741 2.2100 2.3386 2.2907 2.4221 2.1722 2.5964 2.9466 2.8650 0.5926 
3.5737 4.0106 3.6932 2.8552 3.0071 2.9472 2.8230 2.4739 2.3256 2.4170 2.3518 2.2604 2.3730 2.2789 2.0021 2.1742 2.1444 2.1277 1.8989 2.1247 2.1861 2.0257 2.0651 2.0805 1.9252 2.0295 2.3072 2.3202 2.2890 1.9780 2.6498 2.6717 1.3502 
3.4310 3.5362 2.9881 3.0920 2.8239 2.7835 2.7660 2.6031 2.5489 2.5353 2.3470 2.4060 2.3834 2.3278 2.2666 2.2352 2.2410 2.1811 2.1570 2.1761 2.1992 2.1707 2.0594 2.1911 2.1359 2.1192 2.2437 2.1582 2.0926 2.2421 1.9173 2.1551 1.3595 
3.2695 3.6650 3.1400 2.9125 2.6636 2.5731 2.4494 2.3050 2.3667 2.3242 2.2487 2.2238 2.0003 2.0640 2.0607 2.0374 2.0884 2.0033 1.9907 1.9387 1.7980 2.0042 1.9754 1.9925 1.9880 1.8134 1.9271 1.9473 1.9405 2.0396 2.0798 2.3319 1.4322 
2.4681 3.4680 2.9865 2.1206 1.7176 1.2457 1.5424 1.2912 1.1810 1.7415 1.8863 1.7082 1.7417 0.5343 1.4361 1.7071 0.9793 1.6758 1.3641 0.3698 1.5532 1.4649 1.6084 1.4007 0.7690 0.8262 1.0324 0.5138 1.0517 1.2780 1.9252 2.1149 0.4021 
2.8280 2.8299 2.6243 1.9022 1.7599 2.0325 2.0589 1.6967 1.9285 1.3237 1.4961 1.6867 1.4602 1.6929 1.4055 1.7386 1.0956 1.7025 1.3199 1.5382 1.2805 1.4385 1.2054 0.9862 1.5127 1.2191 1.5098 1.4110 1.0503 1.0780 1.5646 1.4779 0.7593 
3.0701 2.7293 2.6012 2.3218 1.9174 1.7231 2.0193 1.8408 1.7247 1.7029 1.5881 1.7341 1.5006 0.9954 1.4672 1.3654 1.1969 1.3080 1.3888 0.8515 1.3424 1.4958 1.3123 1.3707 1.3358 1.3923 1.4654 1.0962 1.1731 1.4365 1.5316 1.3694 1.1202 
2.3996 2.4641 1.8264 1.7268 1.9122 2.0714 1.7386 1.5522 1.6582 1.7201 1.7639 1.7257 1.4967 1.5388 1.4170 1.5016 1.1273 1.4650 1.3430 1.4131 1.3329 1.4873 1.4788 1.3863 1.2371 1.1020 1.1848 1.4452 1.1835 0.8627 0.7935 1.1153 0.4249 
2.8910 1.0779 2.3303 1.7077 2.1615 1.3575 1.6748 1.1185 1.9116 1.8822 1.8473 1.7582 1.8314 1.9193 1.2043 1.4567 0.8503 1.4160 1.1247 1.7768 1.6789 1.5174 1.5693 1.5388 1.5022 0.6681 1.1170 0.7134 1.4393 0.8383 1.2732 -0.1473 0.9193 
2.2158 2.4648 2.0159 1.7647 2.3399 1.9904 1.9841 1.9853 1.9341 1.7234 1.6106 1.9660 2.0547 1.8308 1.6150 1.8101 1.4590 1.7685 1.5096 1.7115 1.8657 1.7263 1.3342 1.3921 1.5184 1.4987 1.4295 1.3615 1.6130 0.9040 0.9398 1.1187 0.4577 
2.5915 2.5285 2.4675 2.2878 2.1245 1.9270 1.9297 1.8452 1.5851 1.9447 1.5787 1.8103 1.5630 1.8718 1.5797 1.4481 1.2202 1.4091 1.4848 1.7416 1.3933 1.5845 1.3042 1.5984 1.1823 1.3944 1.3934 1.3089 1.4004 1.4127 1.4310 1.1746 0.5848 
2.3578 2.2209 1.8382 2.0830 1.7261 2.0218 2.0909 1.7467 1.6226 1.5399 1.3103 1.6865 1.2509 1.2127 1.0020 1.7123 1.6288 1.6797 0.8971 1.0907 1.0808 1.4401 1.0310 1.2000 1.2100 1.2816 1.5460 1.3963 0.9896 1.2108 0.7859 0.8612 0.2878 
2.6833 2.0145 1.7393 1.6592 2.1471 1.8841 2.0154 1.9833 1.7775 1.7284 0.9019 1.3138 1.5526 1.1661 0.2672 1.3697 1.2428 1.3216 0.2031 1.0542 1.3859 1.0844 0.6177 1.3945 1.3886 1.4949 1.4611 1.2557 1.4287 0.7917 0.7020 0.6199 0.7547 
2.6383 2.4370 2.2762 1.9546 2.0098 1.8566 1.8685 2.0582 1.8326 1.3881 1.4965 1.7549 1.8031 1.4485 1.5743 1.5410 1.7241 1.4975 1.4840 1.3249 1.6330 1.5145 1.2101 1.0514 1.4401 1.5953 1.3585 1.2258 1.2663 1.0851 1.2044 1.0926 0.6678 
2.6331 2.2977 1.5545 2.1987 2.0153 1.1104 1.5008 1.8724 1.7502 1.7537 1.4545 1.4526 1.7293 0.9181 1.3783 1.0976 1.1029 1.0624 1.2765 0.7828 1.5356 1.2163 1.1637 1.4183 1.3690 1.4173 0.9721 0.4714 1.2729 1.3608 0.5307 0.8964 0.6647 
1.6867 2.3203 2.2956 1.6724 1.9830 1.7875 1.7754 1.1168 1.7739 1.7222 1.7220 1.2818 1.8755 1.8148 1.5361 1.1513 1.7152 1.1146 1.4506 1.6993 1.7071 1.0609 1.4339 1.3880 1.3896 0.6519 1.2301 1.1630 1.2256 0.8013 1.2196 0.9682 -0.7083 
2.0254 2.1856 2.1501 1.6735 1.9394 1.9563 1.8491 1.7621 1.7059 1.6044 1.6836 1.1685 1.5351 1.6183 1.6775 1.4138 1.4353 1.3789 1.5634 1.4746 1.3736 0.9306 1.3912 1.2612 1.2993 1.3071 1.3244 1.3294 1.1953 0.8002 1.1085 0.8398 -0.0363 
2.3348 2.0426 1.8979 1.7130 1.5637 1.7666 2.1952 2.1250 1.7460 1.7172 1.9036 1.7977 1.8058 1.6800 1.8029 1.6066 0.4926 1.5503 1.7220 1.5154 1.6394 1.5633 1.6302 1.3830 1.3655 1.6823 1.6790 1.1443 0.8327 0.8399 0.8503 0.6880 0.3731 
2.4684 1.7203 1.9333 2.0592 1.2891 2.0682 2.0427 1.8592 1.5568 2.0044 1.2004 1.7724 1.8229 1.7048 1.5052 1.6790 1.5296 1.6226 1.4243 1.5555 1.6709 1.5360 0.9169 1.6696 1.1617 1.4045 1.4938 1.4435 0.5798 1.1865 0.8687 0.3758 0.5055 
1.0880 2.0080 2.0136 1.3574 1.4570 1.2240 1.2990 1.2727 1.1488 1.1924 1.1145 0.8605 0.9698 0.9375 1.1208 1.0206 0.8260 0.9596 1.0522 0.8058 0.7902 0.6324 0.8294 0.8664 0.7590 0.8069 0.7653 0.5946 0.7353 0.4545 0.9697 0.6579 -0.3066 
2.1765 1.6722 1.6347 1.7523 1.5348 1.5791 1.5120 1.9233 1.7254 1.9096 1.2121 1.4799 1.7041 1.4566 1.7181 1.4717 0.4534 1.4292 1.6331 1.3410 1.5015 1.2487 0.9426 1.5639 1.3440 1.4509 0.9915 0.9602 0.8166 0.8802 0.5687 0.3430 0.2459 
2.5837 2.2922 1.9236 1.7993 1.8873 1.7031 1.8128 1.2905 1.7591 1.8158 1.4896 1.8696 1.9174 1.9708 1.7384 0.7454 1.4382 0.6938 1.6633 1.8122 1.7341 1.6607 1.2036 1.4833 1.3776 0.8134 1.2830 1.0752 1.1562 0.9350 0.8653 0.8969 0.6078 
2.6303 2.3716 2.1014 1.5544 1.7223 1.1848 1.3228 1.4244 0.7181 1.6933 1.7773 1.6133 1.4412 1.6210 1.7874 1.4471 1.6620 1.4089 1.7092 1.4762 1.2591 1.3855 1.4951 1.3613 0.2861 0.9598 0.7768 0.5557 0.9930 0.7353 1.0649 1.0277 0.6658 
2.4538 1.9283 1.7318 1.6880 1.4050 1.9966 1.8856 2.0184 1.8155 1.4669 1.4794 1.6181 1.4955 1.4408 1.2140 1.0706 1.1218 1.0273 1.1331 1.3161 1.3280 1.3895 1.1886 1.1295 1.4290 1.5356 1.3680 1.3703 0.6909 0.8054 0.7060 0.5423 0.5113 
1.5021 1.1846 1.1835 1.5501 1.6659 1.3837 1.0635 1.4596 1.5943 1.3749 0.9342 1.1473 1.4961 1.5513 0.5941 1.2472 1.3535 1.1965 0.5034 1.4232 1.3326 0.9122 0.6494 1.0367 1.1867 1.0067 0.5101 0.7573 0.9101 0.7113 0.1650 -0.1410 -0.5062 
1.8679 2.0227 2.0776 1.7706 1.6943 1.8504 1.5145 1.7348 1.3276 1.1018 1.0764 1.5784 1.2199 1.0608 1.5099 0.9375 0.6812 0.8907 1.4307 0.9062 1.0608 1.3664 0.7889 0.7698 0.9140 1.2673 0.9879 1.2240 0.9539 0.8971 1.0508 0.6836 0.0084 
2.3024 1.7694 2.0862 1.0729 1.4127 1.8786 1.7125 1.3991 1.4781 1.5014 1.6299 1.6900 1.7033 1.7168 1.6537 1.3920 0.9014 1.3556 1.5422 1.5729 1.5015 1.4447 1.3549 1.1702 1.0901 0.9245 1.1609 1.2528 0.6929 0.1432 1.0607 0.4512 0.3491 
1.0151 2.0743 1.7334 1.6517 1.5079 1.6741 1.4690 1.5351 1.0004 1.3528 1.3256 1.4846 1.4662 1.2559 1.1659 1.1215 1.0797 1.0871 1.0863 1.1213 1.2925 1.2502 1.0525 1.0030 0.5972 1.0837 0.9377 1.0494 0.7821 0.7771 0.7238 0.7561 -1.4493 
2.4262 2.4418 2.2446 1.0872 1.7246 1.8100 1.6840 1.8508 1.9247 1.7400 1.6935 1.6652 1.5239 1.3130 1.3381 1.6285 1.6693 1.5745 1.2287 1.1664 1.3670 1.4174 1.4022 1.4037 1.5100 1.4020 1.1245 1.1847 1.0069 0.1497 1.1824 1.1068 0.4696 
2.0855 1.9521 1.7336 1.8076 1.2303 1.6885 1.5547 1.4555 0.5047 1.6276 1.5848 1.6526 1.7914 1.6776 0.7625 0.9755 1.0548 0.9227 0.6607 1.5122 1.6190 1.4110 1.3098 1.2830 0.1141 1.0002 1.0393 1.0621 0.5074 0.9488 0.6940 0.5769 0.1934 
1.7387 2.0230 2.0240 1.8577 1.7480 1.5432 1.6611 0.3125 1.2814 0.8741 1.0766 1.6901 1.6806 1.6217 1.6218 1.7922 1.7525 1.7512 1.5159 1.4762 1.4775 1.4443 0.7850 0.5420 0.8732 -0.1215 1.1050 0.9125 1.0320 1.0213 0.9801 0.7030 -0.2303 
2.3453 2.0192 1.8223 1.4057 1.7016 1.6614 1.9281 1.4893 1.5647 1.4090 1.5890 1.2794 0.9755 1.1115 1.2809 0.6841 0.6945 0.6280 1.1846 0.9768 0.7890 1.0613 1.3142 1.0749 1.1664 1.0465 1.3918 1.0389 0.9627 0.5339 0.7901 0.6444 0.3925 
2.7030 2.1382 2.1969 1.5010 1.3016 1.8496 1.8594 1.5007 1.2178 1.0825 1.1927 1.3801 1.6543 -0.5016 1.8254 1.9708 1.6070 1.9125 1.7475 -0.4468 1.4542 1.1358 0.9158 0.7499 0.8258 1.0593 1.3407 1.2252 0.5636 0.6314 1.1524 0.7718 0.7703 
1.9349 1.8202 1.3922 0.7929 0.9090 1.1620 1.0123 1.4897 1.4493 1.3691 1.5695 1.4792 0.8674 0.9342 1.1490 0.8047 1.1990 0.7676 1.0744 0.7973 0.7046 1.2438 1.2907 1.0351 1.0648 1.0515 0.4602 0.5365 0.1767 -0.0565 0.3313 0.4826 0.0129 
2.5503 2.0527 1.8056 1.6453 1.7775 1.6767 1.3839 0.8801 1.7624 1.7753 0.7893 1.0934 0.7817 1.1747 1.6203 1.6237 1.2618 1.5676 1.5150 1.0578 0.5937 0.8522 0.5101 1.4382 1.3793 0.4392 0.8271 1.0499 1.0643 0.7812 0.7729 0.7149 0.6127 
