2.5094 2.9880 2.8585 3.8344 3.0997 1.9267 2.2808 2.8418 3.5340 2.4068 2.7295 3.4453 2.4929 2.5908 2.2316 1.7834 2.3146 1.7342 2.1020 2.3663 2.2254 3.1202 2.3110 1.9008 2.9122 2.1919 1.4927 1.0129 1.9693 2.5910 1.3649 0.9824 -0.2939 
2.8476 2.2432 3.0663 3.0393 2.8074 2.7179 2.8796 3.1336 3.8988 3.4693 2.6652 3.1538 3.0403 2.6008 1.6413 1.9536 1.8833 1.8911 1.4833 2.3692 2.7530 2.7989 2.2355 2.9546 3.2987 2.4280 2.1106 1.7888 1.7428 1.7659 1.4685 0.1448 -0.0885 
2.8505 1.9031 2.4730 2.7170 2.3350 1.4219 2.2646 2.2928 2.6637 2.7414 2.9733 3.2958 2.4410 3.1145 2.7883 2.6751 2.2627 2.6208 2.6735 2.8786 2.1970 2.9573 2.5731 2.2488 2.0564 1.5920 1.4479 0.4290 1.2758 1.4385 0.9274 -0.1316 -0.0377 
2.9401 2.6012 3.2611 3.4055 2.6687 2.6770 2.4767 3.2477 3.0293 3.4136 3.4670 3.0675 2.3817 2.9893 2.3632 2.4031 2.7476 2.3497 2.2369 2.7806 2.1614 2.7053 3.0650 2.9018 2.4161 2.5822 1.7060 1.7501 1.5615 2.1585 1.7406 0.5628 -0.0283 
1.9070 2.1005 2.7599 3.2696 2.6995 3.1942 3.1089 3.1896 3.4628 3.1816 3.7504 3.1883 2.5039 2.4112 2.1601 1.6922 1.5483 1.6057 1.9934 2.2348 2.2389 2.8321 3.3201 2.6947 2.8483 2.5031 2.2820 2.2658 1.6256 1.9898 1.2567 0.0882 -0.8606 
2.4011 2.4650 2.6505 2.4975 2.4736 2.7866 3.1019 3.6524 3.9384 3.1075 3.3466 3.1092 2.7031 2.3114 2.3864 2.1910 1.9993 2.1240 2.2673 2.1412 2.4058 2.7391 2.9385 2.5934 3.3265 2.9588 2.2683 1.8549 1.3732 1.2579 1.0618 0.4606 -0.7055 
3.4399 3.1026 3.1990 1.0141 2.9115 2.0218 2.6554 3.6174 3.8427 3.7027 3.6963 3.0429 2.2453 2.0396 2.2936 2.1178 2.1081 2.0360 2.1861 1.8378 1.9509 2.6900 3.2736 3.2055 3.2566 2.9124 1.8302 1.0700 1.8332 -0.4299 1.6650 1.0231 0.4639 
1.8473 2.7272 2.9919 3.4160 2.7542 1.8711 3.1270 4.0380 3.9786 3.3465 3.3895 2.9379 2.6457 2.0639 2.2349 2.1018 2.2952 2.0248 2.1087 1.8565 2.3484 2.6280 2.9773 2.8419 3.3582 3.3090 2.3139 0.9551 1.6920 2.1761 1.4101 0.8154 -1.9603 
2.9324 2.3772 3.2089 4.0916 3.2886 2.0529 2.9403 3.4422 3.2577 3.0626 2.4190 1.9730 2.2495 1.6200 2.2281 2.7355 2.4592 2.6814 2.1022 1.4049 1.9642 1.6645 1.9972 2.5517 2.6810 2.7508 2.1808 1.1093 2.2097 2.8029 1.7192 0.4368 0.0537 
2.8262 1.6236 3.2224 3.8745 2.4952 2.8159 3.1745 3.5504 3.4239 2.8670 2.5553 3.1126 2.6452 2.7798 2.3645 1.6666 1.7121 1.5789 2.2393 2.6064 2.3450 2.7448 2.1634 2.3721 2.8276 2.8307 2.3655 1.8909 1.3929 2.6331 1.7163 -0.7113 -0.1588 
2.1858 3.1437 3.7333 4.1683 2.9265 1.1839 3.4356 3.8331 3.7133 2.9450 2.6642 1.7953 1.7257 2.3651 2.2349 2.5100 1.5094 2.4309 2.1117 2.1913 1.4311 1.4420 2.2329 2.4376 3.1395 3.1633 2.6582 0.3431 1.8361 2.8820 2.2217 1.1462 -0.6897 
3.1195 2.6516 2.8335 3.3153 2.8248 2.6724 2.6555 2.9775 2.7171 2.8508 2.9649 2.0668 0.6066 1.3782 1.5427 1.9593 2.1343 1.9048 1.4011 1.2071 0.2660 1.7434 2.5519 2.3663 2.1342 2.2917 1.8365 1.7540 1.7490 2.0626 1.2782 0.5917 0.1970 
3.1093 3.1369 3.3178 3.8406 3.3240 2.7274 2.2652 2.4983 2.6507 1.7523 2.5387 2.7392 1.7955 2.2723 2.7003 2.4239 1.4051 2.3639 2.5772 2.0861 1.5051 2.3799 2.1351 1.2589 2.0394 1.8152 1.4478 1.7979 2.2523 2.5937 1.7965 1.1345 0.0620 
2.0975 2.2288 3.2432 4.2179 3.1297 3.1176 3.3454 3.7005 2.7445 3.1943 3.4138 2.7623 2.4326 2.2652 2.2945 1.9868 0.9839 1.9120 2.1860 2.0738 2.1905 2.4050 3.0040 2.7013 2.1901 3.0281 2.5805 2.1850 1.9947 2.9430 1.7519 0.1259 -1.9476 
0.6027 2.7804 3.0261 1.6390 2.7808 2.7942 3.0448 3.2080 3.3341 3.2652 2.3773 1.8757 1.6959 1.5948 1.5884 1.7525 0.8550 1.7035 1.4420 1.3889 1.3967 1.5301 1.9540 2.7638 2.7564 2.5287 2.2361 1.8711 1.7240 0.3494 1.4461 0.7978 -0.9467 
1.9039 2.0997 2.9375 3.5411 2.7331 2.9303 3.0341 3.0548 2.9846 2.2612 1.9495 1.5706 1.8468 1.7724 1.3531 0.8544 -0.8834 0.8058 1.2426 1.5699 1.5725 1.2586 1.5295 1.7585 2.3744 2.3452 2.2285 2.0117 1.7000 2.2451 1.4108 0.0338 -0.6032 
2.4186 2.0579 2.0001 3.5762 2.8714 3.0931 3.2875 3.1091 2.3033 2.6913 2.8064 1.8080 1.1788 2.1865 1.9442 1.9694 1.5396 1.9062 1.8252 1.9539 0.9018 1.4460 2.3769 2.1969 1.7449 2.3793 2.4937 2.1688 1.7875 2.2770 0.5512 -0.0412 -0.6909 
2.7557 2.4932 2.4280 3.5523 2.8563 3.1007 3.1310 2.8948 2.6947 2.3699 2.4398 2.5206 2.2520 1.7086 1.8741 1.9894 1.7789 1.9159 1.7576 1.4652 1.9667 2.1950 2.0284 1.8773 2.1122 2.2262 2.3107 2.1717 1.7758 2.2549 0.8675 0.4190 -0.5153 
2.8376 2.6752 2.6986 2.3723 2.7151 2.7642 3.3345 2.9603 2.3221 2.1898 2.6620 2.0074 1.7703 2.2738 1.7037 1.5141 1.0643 1.4431 1.5341 2.0832 1.4841 1.6961 2.2318 1.6991 1.7441 2.2690 2.5635 1.8479 1.6526 1.1169 1.1591 0.6572 -0.0179 
2.1566 1.5285 1.8415 3.2326 2.8158 2.8724 2.7725 2.6429 1.1542 2.4511 2.8315 1.0121 2.0648 1.1013 1.5186 1.2869 1.5737 1.2328 1.3872 0.8931 1.7893 0.7359 2.4013 1.9509 0.5746 1.9113 1.9661 1.9475 1.7546 1.9451 0.3869 -0.4319 -0.6869 
2.8079 2.2983 2.2783 2.4843 2.3605 2.2954 2.9592 2.3748 2.5339 2.7064 2.6461 2.0875 1.9009 1.9186 1.6376 1.3617 0.6163 1.3061 1.4764 1.7476 1.6527 1.7472 2.2144 2.2121 1.9254 1.7180 2.1852 1.3744 1.2988 1.2282 0.7540 0.2817 -0.1288 
1.9969 1.9094 2.6204 2.8347 3.1555 2.9170 3.3005 2.9506 2.7617 2.7336 2.2580 2.5112 2.5159 1.7111 1.8968 0.7787 0.9279 0.6929 1.7758 1.4667 2.2468 2.1898 1.8276 2.2374 2.1944 2.2642 2.5153 1.9950 2.0692 1.5729 1.0439 -0.0984 -0.6655 
2.4447 2.0104 2.1511 1.4484 2.0149 2.0268 2.7336 2.0180 2.1298 1.8513 1.2652 2.0234 0.6247 1.7319 1.9541 1.4281 0.7881 1.3636 1.8318 1.5019 0.3568 1.7095 0.8325 1.3485 1.5056 1.3395 1.9171 1.1157 0.9334 0.1829 0.5630 -0.0027 -0.4782 
2.1804 1.7594 0.9455 1.9018 1.6358 2.2984 1.4493 2.0051 1.9594 0.8037 1.8247 1.5751 1.4505 1.3168 1.0661 0.7584 1.0944 0.6688 0.9354 1.1145 1.2220 1.2563 1.4003 0.3298 1.3755 1.3326 0.6849 1.3672 0.5187 0.6376 -0.6084 -0.2430 -0.6998 
2.9217 2.2786 1.7553 1.6963 1.9105 1.7166 1.5489 1.8194 1.7032 1.3273 1.7223 1.9701 1.6768 1.4725 1.2626 0.8150 1.0702 0.7607 1.1071 1.2947 1.3791 1.6547 1.2939 0.8329 1.0742 1.1387 0.7835 0.7922 0.8459 0.4046 0.1851 0.2697 0.0350 
2.5160 1.8818 1.3113 1.4663 0.9184 0.7626 1.9017 1.3124 1.1017 1.2750 1.7922 1.9585 1.6694 1.2729 1.2573 1.2837 0.4462 1.2321 1.1026 1.0478 1.3732 1.6415 1.3684 0.7809 0.4986 0.6182 1.1063 -0.1378 -0.1341 0.2151 -0.2195 -0.1421 -0.4180 
2.0778 1.5587 1.7998 0.8424 1.8399 1.8373 1.8555 1.2555 1.3224 0.8888 0.4419 1.5026 1.4888 1.0662 0.8957 1.5841 1.3941 1.5073 0.7926 0.8721 1.2548 1.1917 0.0347 0.3918 0.7572 0.5244 1.0599 0.9100 0.7860 -0.5089 0.2923 -0.4451 -0.8703 
1.8416 1.9070 2.1156 1.7478 1.7492 2.1963 1.7879 1.4456 0.2613 1.1628 1.1299 1.4486 -0.1291 0.8392 1.0055 1.2607 -0.3735 1.1903 0.8857 0.6209 -0.4178 1.1210 0.7220 0.6497 -0.3374 0.7936 0.9750 1.2681 0.6553 0.4439 0.5346 -0.0591 -0.9210 
2.8622 2.1518 2.0401 1.7508 1.4724 1.8796 2.2968 1.6293 1.5669 1.8122 1.4002 1.8656 1.5212 0.8204 0.8009 -0.4199 -1.3027 -0.4955 0.6508 0.6033 1.2752 1.5177 0.9761 1.3153 0.9734 0.9218 1.4877 0.9613 0.4061 0.4535 0.4950 0.0685 -0.0327 
1.8367 1.0902 2.0959 1.6584 1.4910 2.1859 1.5351 1.7674 0.8426 1.1843 -0.1107 0.7777 1.3649 0.8521 1.1313 0.8486 -0.1163 0.7955 0.9804 0.6352 1.0981 0.3990 -0.5309 0.6694 0.2557 1.0619 0.7682 1.2594 0.4305 0.3596 0.5192 -0.7721 -1.0568 
1.8967 2.7770 2.8329 2.7421 2.6449 2.3431 2.2123 2.1941 2.1356 2.0668 1.9422 1.5690 1.1406 1.2462 1.1369 0.8377 0.9528 0.7881 0.9839 1.0028 0.8679 1.2499 1.5285 1.5563 1.5136 1.4718 1.3971 1.4129 1.5314 1.4478 1.3010 0.8085 -1.5141 
3.1111 2.4671 1.9691 1.9264 1.8644 1.4136 0.3680 1.3451 1.4259 1.3458 1.4161 -0.4158 0.8290 1.0756 1.2600 0.9371 -0.1614 0.8776 1.1061 0.8824 0.5310 -0.7433 0.9853 0.8513 0.8450 0.6551 -0.4459 0.4842 0.8005 0.6689 0.4169 0.4240 0.1750 
0.6594 1.7510 1.4465 1.2682 0.8821 1.3874 1.2321 1.4476 0.1869 1.3319 0.6288 0.5181 0.8085 0.1311 0.8575 0.3318 0.9447 0.2461 0.7475 -0.0675 0.5134 0.1919 0.2087 0.8378 -0.4519 0.7964 0.4111 0.4605 -0.1640 -0.0199 -0.0872 -0.2203 -2.2691 
2.9433 2.2887 1.9380 1.9312 1.7214 1.9611 0.7726 0.4586 1.2157 1.1302 1.4361 0.4324 0.0129 1.1020 1.2822 1.2342 -0.2424 1.1467 1.1438 0.9016 -0.2523 0.0830 1.0076 0.6229 0.5896 -0.1917 -0.0554 1.0323 0.6107 0.6665 0.3969 0.2520 0.0231 
1.8014 1.3383 1.7892 1.3717 0.0029 1.3687 0.9846 1.0498 0.8529 1.1153 0.5214 0.4181 1.1999 1.4157 0.9910 1.0128 0.6080 0.9566 0.8743 1.2466 0.9106 0.0635 0.1224 0.6057 0.2809 0.3808 0.2155 0.4422 -1.0792 0.0746 0.2401 -0.5492 -1.1804 
1.8524 1.3754 1.8813 1.0665 1.4178 1.4389 1.6760 1.0940 0.2621 1.1641 1.0650 1.4818 -0.7006 1.2976 1.2628 1.2740 -1.6648 1.2150 1.1082 1.0845 -0.9394 1.1647 0.6509 0.6547 -0.3743 0.4057 0.8567 0.5145 0.3529 -0.2020 0.3496 -0.5989 -1.1362 
2.9957 2.1794 1.4447 1.4805 1.3813 0.7559 0.2538 0.6267 0.6663 0.8324 0.9170 0.4990 0.9601 0.3142 0.4644 0.3457 -0.8607 0.2891 0.3521 0.0701 0.7087 0.1584 0.4939 0.3403 0.0543 -0.0574 -0.5545 -0.1738 0.3262 0.2202 -0.0992 0.0708 0.0692 
2.2060 1.8189 1.1136 1.5747 1.5080 1.4700 1.6825 1.3359 1.3177 0.9515 0.8966 1.0422 0.7050 0.9608 1.2437 0.9629 0.5431 0.8984 1.0781 0.7910 0.4193 0.7269 0.4762 0.4508 0.7452 0.6433 0.8610 0.5529 0.4275 0.3312 -0.4474 -0.1689 -0.6917 
2.7897 2.3140 1.4131 1.7939 1.0595 1.3215 0.9936 1.1058 0.1005 1.2209 0.7950 0.3393 -0.1271 0.7673 0.4366 0.9163 0.4274 0.8576 0.3301 0.5255 -0.4217 -0.0282 0.3633 0.7054 -0.4682 0.4185 0.2126 0.3939 -0.0029 0.5097 -0.1361 0.3203 -0.1009 
2.0352 1.7504 1.6498 0.8288 0.3650 0.6322 0.9772 1.2406 1.2145 1.4020 0.8986 1.1505 1.3144 1.2855 0.8479 1.4811 1.1390 1.4240 0.7304 1.0639 1.0263 0.8152 0.4779 0.9021 0.5938 0.5123 0.1967 -0.3016 -0.7102 -0.4780 0.0661 -0.2668 -0.8553 
1.1380 1.1210 1.0992 0.9707 1.1129 0.8976 0.8125 -0.0674 0.3276 0.7159 0.9362 -0.4137 0.9033 1.3318 1.1651 1.0504 1.0337 0.9812 1.0054 1.1349 0.6360 -0.7178 0.5114 0.2081 -0.2768 -0.7619 -0.0059 -0.0296 0.0245 -0.2985 -0.4509 -0.8953 -1.9345 
2.2445 0.8808 1.8144 0.8235 1.5939 0.8880 1.4673 0.1287 0.9815 0.9085 1.5783 0.6479 1.3221 1.1273 0.8624 1.1083 0.8740 1.0308 0.7475 0.9226 1.0347 0.3321 1.1710 0.4116 0.4083 -0.5460 0.6933 -0.0391 0.5026 -0.4504 0.2837 -0.9956 -0.6385 
2.2910 2.2133 2.1510 1.8797 1.3288 1.3111 1.3283 1.2083 1.4171 1.1328 1.4484 1.5036 1.0678 0.7450 0.6216 0.9477 1.1961 0.8877 0.4860 0.5127 0.8184 1.1871 1.0341 0.6168 0.8415 0.4909 0.5142 0.3807 0.2731 0.5906 0.5750 0.2092 -0.5522 
2.1267 1.2810 1.5576 1.5742 1.7304 1.5183 1.3889 0.5191 0.9800 0.9164 0.8867 1.3853 1.3584 1.4551 1.0180 0.9279 0.3429 0.8639 0.8970 1.2838 1.0903 1.0371 0.4693 0.4175 0.4010 -0.1387 0.5788 0.5922 0.6224 0.3206 -0.0053 -0.7174 -0.8877 
1.7069 1.7661 1.5537 0.7487 1.0705 1.3347 1.3473 1.1528 0.8016 1.4299 1.0641 0.7414 0.5110 0.2069 1.0851 1.2826 0.8879 1.2306 0.9538 -0.0013 0.2621 0.3853 0.6514 0.9298 0.1992 0.4491 0.5343 0.4077 -0.0052 -0.5426 -0.0030 -0.2167 -1.0817 
2.6794 1.2684 1.3847 1.6177 1.2599 1.4039 1.5723 1.4584 1.1336 1.5222 1.3279 1.0339 -0.0228 0.7092 1.0612 0.8123 0.6943 0.7475 0.9364 0.4861 -0.3045 0.7134 0.9025 1.0166 0.5284 0.8028 0.7949 0.4767 0.1606 0.3503 -0.1374 -0.8618 -0.2172 
1.7090 0.7113 0.3711 0.4113 0.5338 0.2770 1.0464 0.3256 0.4328 0.5938 0.3009 0.3663 0.6495 0.7886 0.2171 0.9350 0.0467 0.8732 0.0721 0.5501 0.3853 0.0104 -0.1258 0.0871 -0.1353 -0.3964 0.2775 -0.6353 -0.5273 -0.8820 -1.1997 -1.2130 -1.2003 
2.1000 -0.2131 1.3401 -0.2949 1.1316 0.0472 -0.1607 0.8041 0.6788 0.4820 0.8864 0.8077 0.4207 0.3659 0.8170 0.9258 0.0814 0.8643 0.6777 0.1424 0.1439 0.4406 0.4627 -0.0095 0.0570 0.0965 -1.0143 -0.9165 0.0333 -1.5867 -0.2081 -1.5246 -0.8879 
2.4367 2.3773 2.0260 1.4665 1.2315 1.2713 1.4922 0.9774 0.8640 1.2521 0.7717 1.0342 1.0089 0.4587 0.8249 0.9477 0.6430 0.8856 0.6946 0.2789 0.7805 0.7218 0.3381 0.7479 0.3078 0.3183 0.7219 0.3469 0.1108 0.2054 0.4693 0.3944 -0.4792 
2.7542 2.2767 1.2037 1.2822 1.1131 1.6100 0.9094 1.2488 1.4583 1.5425 0.9017 1.2667 1.1233 1.1753 1.3938 1.4362 1.1902 1.3725 1.2807 0.9571 0.8549 0.9028 0.4756 1.0346 0.8823 0.5220 0.0904 0.6808 0.0414 -0.0158 -0.4101 0.2727 -0.1153 
2.3253 1.6234 1.5371 0.9850 0.8987 1.5853 1.4016 1.5153 0.7803 0.0660 1.1758 1.1758 1.3243 1.3301 1.2029 0.8414 0.5945 0.7911 1.0371 1.1321 1.0384 0.8317 0.7729 -0.4444 0.1597 0.8428 0.6006 0.6605 -0.1520 -0.2730 -0.0137 -0.4362 -0.5637 
2.6286 2.0442 1.2884 1.5292 1.3409 1.3210 1.5555 1.5146 1.2686 1.4326 1.5653 1.2815 1.3691 1.3370 1.3085 0.6773 0.8726 0.5910 1.1845 1.1428 1.1002 0.9196 1.1563 0.9345 0.6592 0.8425 0.7862 0.3953 0.2924 0.2744 -0.2590 0.0086 -0.2866 
1.3382 1.0045 1.1731 1.0075 0.5044 -0.1296 0.9571 0.7821 1.2043 0.7199 0.7580 0.0742 0.2485 0.5047 0.6525 0.2376 0.3462 0.1606 0.5105 0.3317 -0.0385 -0.2517 0.3365 0.2102 0.5823 0.0527 0.1586 -1.0640 -0.5528 -0.2469 -0.4005 -0.9637 -1.4737 
2.3832 2.1801 2.0789 1.6615 0.8345 1.0598 1.5484 1.7151 1.4149 0.6400 0.8828 1.4237 1.4405 1.2849 0.9596 0.7773 0.4518 0.6909 0.8392 1.0630 1.1981 1.0817 0.4638 0.1252 0.8368 0.9848 0.7827 0.1429 -0.2709 0.3698 0.5120 0.1420 -0.5121 
1.9970 1.1848 1.5845 0.6955 1.6773 0.9644 1.2851 1.2648 1.1180 0.8966 0.9205 1.4752 1.2147 1.0993 0.3727 0.6295 0.4768 0.5559 0.2455 0.8961 0.9165 1.1580 0.4992 0.4025 0.5128 0.5434 0.4708 0.0266 0.5608 -0.5292 0.0314 -0.8211 -0.9152 
2.6230 2.3269 1.3582 1.3400 0.1543 0.9600 0.8595 1.2660 1.2952 -0.2700 1.1117 1.2914 1.3395 0.5048 1.4470 1.0420 1.0438 0.9763 1.3317 0.3393 1.0581 0.9340 0.7047 -0.7342 0.7060 0.5455 0.0489 0.0333 -0.9025 0.0487 -0.1890 0.3385 -0.2764 
2.3251 1.9583 1.7107 1.3056 1.4459 1.2108 1.4570 0.5473 1.0505 0.9087 1.4047 1.0098 0.8142 1.3160 1.3997 1.3449 0.5545 1.2886 1.2862 1.1122 0.5187 0.6919 0.9784 0.4180 0.4644 -0.1169 0.6838 0.2782 0.3867 0.0152 0.1244 -0.0305 -0.5051 
1.4756 2.0783 2.1194 1.2560 1.0970 1.0682 1.3169 1.3768 1.0757 0.8297 0.8115 0.4544 1.2617 1.2011 0.9821 0.9432 0.6532 0.8813 0.8655 0.9737 0.9668 0.1126 0.3813 0.3372 0.4827 0.7039 0.5091 0.1439 0.0188 -0.0604 0.5346 0.0739 -1.1820 
2.6399 1.7646 -0.1766 0.6566 0.8170 1.4128 1.6483 1.4400 1.3317 0.2574 1.3679 1.4269 1.1256 0.9425 0.8119 0.5775 0.5294 0.5118 0.6646 0.7741 0.8530 1.0850 0.9484 -0.2407 0.7651 0.7866 0.8414 0.4871 -0.2776 -0.6067 -1.8880 -0.2097 -0.2458 
2.1843 2.0882 1.9492 1.5680 1.0523 0.8977 0.8729 1.4480 1.3560 1.2629 0.8483 0.1521 1.0761 1.1139 0.7368 0.6951 0.3351 0.6128 0.5771 0.9090 0.8238 -0.1503 0.4199 0.7680 0.7902 0.7984 0.0529 -0.0244 -0.0258 0.3130 0.4114 0.0682 -0.6815 
2.2015 2.2043 1.9460 1.6801 1.5390 1.4986 1.0310 -0.1122 1.0879 1.1295 0.8074 1.1417 1.0540 0.8950 1.1568 1.2606 1.4274 1.1907 1.0003 0.7126 0.8081 0.8083 0.3767 0.6185 0.4959 -0.7836 0.2529 0.5695 0.4627 0.3843 0.4124 0.1975 -0.7282 
1.7522 1.8317 1.7871 1.0838 1.4115 1.2108 1.2982 0.9759 0.6211 0.8675 0.6024 1.1878 1.0431 1.2665 1.3601 1.3305 1.2354 1.2777 1.2538 1.0378 0.8021 0.8369 0.2000 0.3729 0.0255 0.3202 0.4874 0.2724 0.3503 -0.1461 0.2404 -0.1152 -1.0651 
1.7980 1.7374 1.7443 0.9788 1.4202 0.9827 1.1247 1.2476 1.1723 1.4423 0.9367 1.0888 0.8253 1.4682 1.2397 1.0686 -0.0198 0.9931 1.0691 1.2944 0.5288 0.7791 0.5111 0.9453 0.5561 0.5189 0.3418 0.0521 0.3562 -0.2959 0.1803 -0.2678 -1.0530 
1.2598 0.4425 1.0034 0.5478 0.6688 0.4776 0.7355 0.1845 0.5847 0.7971 0.3363 0.6341 -0.8807 -0.2542 0.0180 -0.9730 -0.0851 -1.0404 -0.0999 -0.4637 -1.1463 0.3186 -0.0868 0.3006 0.0068 -0.5058 -0.0770 -0.4533 -0.4247 -0.7310 -0.5305 -1.6307 -1.7514 
1.3287 1.2661 1.7166 1.4197 1.2678 1.4454 1.2827 1.1328 1.1666 1.1278 0.9796 0.9813 -0.1290 1.0616 -0.1354 0.3424 0.4811 0.2813 -0.2866 0.8702 -0.4165 0.6517 0.5573 0.6187 0.5520 0.4376 0.4639 0.5181 0.1571 0.1449 0.1358 -0.7064 -1.5014 
1.7359 1.1137 1.0102 0.6419 0.9504 0.7186 0.3838 -0.2007 0.5312 0.6637 0.4331 0.3430 0.0382 0.1685 -0.1424 0.1457 0.1434 0.0733 -0.3091 -0.0302 -0.2112 -0.0198 0.0122 0.1498 -0.0408 -0.9118 -0.4358 -0.2069 -0.1095 -0.5973 -0.5214 -0.9330 -1.2207 
2.2518 1.7647 2.2432 1.6547 1.7765 0.9362 0.3719 0.2415 0.9322 1.2812 0.9972 0.9828 0.5110 0.2385 0.5313 0.9067 0.1231 0.8497 0.4154 0.0245 0.2629 0.6567 0.5803 0.7911 0.3568 -0.4536 -0.4475 0.0118 0.6959 0.3722 0.6987 -0.2336 -0.6481 
2.1223 1.5871 1.2741 0.0132 0.9791 1.1827 1.4141 1.5130 1.2169 0.9784 0.8278 1.2001 1.2493 1.3850 1.1727 0.8922 0.2017 0.8353 1.0129 1.2120 0.9485 0.8439 0.3993 0.4827 0.5907 0.8419 0.6176 0.2593 -0.0797 -1.2985 -0.2949 -0.4468 -0.8034 
2.7545 2.2655 1.8299 1.3990 1.0211 1.5602 1.9370 1.2420 0.9587 1.4949 1.0080 0.3906 1.0707 1.3692 0.6967 1.3411 0.4952 1.2871 0.5405 1.1882 0.8214 0.0441 0.5915 0.9889 0.3836 0.5103 1.1648 0.6387 -0.0421 0.1051 0.3085 0.2536 -0.1169 
2.4529 1.9832 1.2512 0.9430 1.2937 1.4048 1.5420 1.2964 0.7924 0.1105 0.8756 0.7629 1.3067 1.1767 0.8993 0.3824 -1.8108 0.3305 0.7917 0.9563 1.0158 0.4009 0.4500 -0.3856 0.1778 0.5853 0.7780 0.4804 0.2105 -0.3371 -0.3361 -0.0253 -0.4168 
0.3146 0.9168 1.1743 1.3799 1.1184 1.2702 1.1379 0.8578 0.7271 0.7202 1.1976 1.1677 0.5390 1.0923 0.2080 0.9147 1.0596 0.8582 0.0523 0.8926 0.3155 0.8230 0.7864 0.2113 0.1037 0.1616 0.3490 0.3438 0.0269 0.0937 -0.3828 -1.0776 -2.1782 
1.0049 2.0065 1.5363 1.2690 1.1329 1.5237 1.0203 1.4726 1.2893 1.1700 0.7699 0.9920 0.9795 0.8833 1.1115 1.1954 0.7790 1.1103 0.9733 0.6976 0.7391 0.6726 0.3420 0.6593 0.6947 0.8155 0.2346 0.5986 0.0450 -0.0347 -0.0154 0.0128 -2.4500 
1.2707 0.0672 1.8489 1.4839 0.3764 1.3037 0.5820 0.8771 -0.4115 1.3850 1.1463 1.3190 1.4746 0.1591 0.8110 0.9352 0.4775 0.8741 0.6662 -0.0541 1.2446 0.9711 0.7342 0.8894 -0.9469 0.1922 -0.1894 0.3774 -0.7117 0.2199 0.3296 -1.5569 -1.7463 
0.8894 1.5728 1.2647 1.0497 0.1760 0.4101 1.5182 1.4333 0.1133 0.6563 0.4183 0.7833 1.2160 1.3618 0.7933 0.4265 -1.4044 0.3710 0.6339 1.1771 0.9201 0.4153 -0.0073 0.1479 -0.4695 0.7772 0.7545 -0.4977 -0.9257 -0.2041 -0.3251 -0.4250 -2.4858 
0.2489 1.6488 1.0449 0.6329 1.1726 0.3284 1.0486 1.0047 -0.7099 0.9232 0.4400 0.8325 0.9470 0.7292 0.8490 -0.0514 1.3267 -0.0986 0.7296 0.5030 0.6904 0.4762 0.0171 0.4254 -1.2873 0.3455 0.2871 -0.6101 0.0658 -0.6234 -0.4958 -0.3821 -3.3879 
1.6223 1.7526 0.8146 0.3691 1.1637 1.3957 1.3515 0.4472 1.3169 1.5942 1.2629 1.1009 0.6224 0.7221 1.1745 1.0809 0.8592 1.0050 1.0155 0.5019 0.3644 0.7848 0.8312 1.0838 0.7491 -0.2333 0.5375 0.4682 0.0590 -0.8905 -0.8014 -0.2461 -1.1704 
1.6898 2.0607 2.0940 1.7709 1.4380 0.8029 0.5091 0.7309 1.1369 1.3212 1.5473 1.4522 1.0578 0.8264 0.8928 1.4390 1.4194 1.3783 0.7898 0.6108 0.8101 1.1293 1.1399 0.8295 0.5275 0.0290 -0.2599 -0.1365 0.3675 0.4780 0.5244 0.0730 -1.1263 
2.1849 1.1780 0.5268 0.7131 0.5503 1.3525 0.7925 0.9838 0.9339 0.1149 0.5348 0.6096 0.6381 0.2926 0.6627 0.7749 -0.0620 0.6900 0.5139 0.0534 0.3806 0.2969 0.1105 -0.3773 0.3608 0.3297 -0.0306 0.4297 -0.5079 -0.5778 -0.9502 -0.7073 -0.7831 
0.8103 1.9334 2.0630 1.8755 1.7452 1.4194 1.0462 0.3187 0.3037 0.5563 0.6911 0.7462 0.8341 1.0770 0.6330 0.7290 -0.9726 0.6426 0.4980 0.8827 0.5417 0.3872 0.2832 0.0548 -0.3237 -0.4091 0.2742 0.4858 0.6442 0.5942 0.5092 -0.0206 -2.0060 
3.0475 1.8643 0.8636 1.0867 1.3115 1.4524 1.7420 1.8070 1.5584 0.9665 0.6961 1.1603 1.1071 1.0949 0.7938 -0.0043 0.7906 -0.0642 0.6395 0.8984 0.8442 0.8178 0.2896 0.4595 0.9627 1.1185 0.9255 0.5237 0.2343 -0.1842 -0.7450 -0.2064 0.1191 
1.9516 0.8419 0.1837 1.3075 1.2440 0.5142 1.1724 0.9434 -0.2886 0.0121 1.1427 0.9293 0.0231 0.8873 0.2264 0.2128 0.9500 0.1271 0.0660 0.6974 -0.2137 0.5774 0.7396 -0.4949 -0.8803 0.2865 0.3690 -0.4193 0.1273 0.0215 -1.3865 -1.0667 -0.9284 
2.7110 1.3368 1.6675 1.5905 1.7069 0.8168 1.5483 1.3838 0.2445 0.9102 0.2479 0.2131 0.0929 0.9789 -0.2925 0.5023 1.0094 0.4469 -0.4280 0.8057 -0.1352 -0.1196 -0.1506 0.4105 -0.3428 0.7175 0.7797 -0.1246 0.5838 0.3408 0.0920 -0.8770 -0.1975 
2.3582 1.2559 -0.2162 0.6053 0.7612 1.4002 0.6348 0.3201 1.2247 0.6011 0.8200 0.8574 0.5305 0.8719 1.0455 -0.0778 0.3987 -0.1282 0.9182 0.6802 0.3031 0.5027 0.3929 0.0949 0.6005 -0.3957 -0.1242 0.4737 -0.3202 -0.6737 -1.5353 -0.8968 -0.5548 
2.8969 2.3942 1.9022 1.0134 1.7273 1.3084 1.5910 1.6250 1.4528 1.3230 1.3810 0.4937 0.6728 1.0622 0.9588 1.2062 1.2345 1.1218 0.8380 0.8735 0.3975 0.1554 0.9587 0.8309 0.8755 0.9226 0.8056 0.3819 0.6208 -0.2300 0.3607 0.3883 0.0060 
2.7577 2.3016 2.2626 1.0989 0.9012 0.8612 0.9997 0.7161 0.9188 1.1455 0.7768 0.6972 0.4702 0.9024 0.7764 0.9870 -0.3010 0.9319 0.6074 0.7227 0.2142 0.3551 0.3430 0.6375 0.3442 0.0106 0.2253 -0.0618 -0.1532 -0.1778 0.7275 0.3179 -0.1145 
2.7007 2.3451 2.1603 1.9840 1.5256 1.2556 0.9196 0.9503 0.9662 1.3699 0.5576 1.2700 1.3145 1.0589 0.9378 0.9011 1.0000 0.8450 0.8224 0.8689 1.0253 0.9079 0.1368 0.8724 0.3897 0.2898 0.1144 0.3279 0.4434 0.7326 0.5730 0.3480 -0.1912 
1.7128 1.9311 1.7448 1.4189 0.8661 -0.2638 0.5594 0.9140 0.8487 1.3263 1.2439 0.8144 0.5110 0.0713 0.9171 1.0574 0.7513 0.9851 0.8079 -0.1042 0.2639 0.4488 0.8104 0.8326 0.2763 0.2496 -0.1950 -1.2313 -0.2318 0.1393 0.1898 -0.0361 -1.0486 
2.3993 1.8036 1.1618 1.2324 1.4391 0.8877 0.9972 1.2920 0.9749 0.5140 0.5293 0.6166 0.9863 1.1099 0.7272 0.4793 -0.5660 0.4202 0.5642 0.9047 0.7584 0.3140 0.1097 0.0095 0.3918 0.5822 0.2359 -0.0520 0.3722 -0.0423 -0.4237 -0.1053 -0.4989 
2.5401 1.9261 1.7701 1.8464 1.4570 1.3363 1.7427 1.3701 1.3425 1.0955 0.8935 1.1702 0.4069 0.9307 0.3643 1.1939 0.8171 1.1088 0.2224 0.7606 0.1305 0.8248 0.4686 0.5878 0.7806 0.6899 0.9243 0.4027 0.3924 0.5535 0.2426 -0.0950 -0.3677 
2.5607 1.3904 1.1010 0.9035 1.2673 0.8557 1.2265 1.8403 1.7303 1.4959 0.9720 0.5913 0.5728 1.0603 0.6946 -0.1278 0.7456 -0.1851 0.5330 0.8740 0.3298 0.2868 0.5408 0.9877 1.1206 1.1687 0.4146 -0.0704 0.1788 -0.3613 -0.4646 -0.6119 -0.3675 
1.6956 1.9125 1.9067 1.7932 1.7733 1.4271 1.0949 0.0936 0.3035 0.5649 0.5810 0.7834 0.9396 0.9336 0.8782 0.4842 -0.3278 0.4214 0.7743 0.7663 0.6800 0.4162 0.1678 0.0575 -0.3197 -0.5804 0.3199 0.4963 0.6934 0.5091 0.3776 -0.0602 -1.3075 
1.3343 1.7185 1.3136 1.3691 1.4938 1.0396 0.2318 0.8667 0.5280 1.1547 1.2430 1.1271 0.7493 0.8794 1.1001 1.1706 0.4066 1.0875 0.9652 0.6889 0.4505 0.8000 0.8116 0.6442 -0.0482 0.1763 -0.5574 0.1060 0.4262 0.0812 -0.2488 -0.2933 -1.4193 
2.3936 2.2460 2.0862 1.7804 1.4816 1.5827 0.7781 1.3380 1.4267 1.5943 1.1076 1.0498 0.8414 1.1068 -0.0676 1.1907 0.2976 1.1060 -0.1755 0.9042 0.5505 0.7365 0.7019 1.0826 0.8482 0.6531 -0.0475 0.6523 0.4178 0.4905 0.5145 0.2544 -0.4998 
1.6238 0.8276 1.4654 1.6189 0.2469 1.2953 1.3920 0.0909 0.6910 0.3657 1.2787 -0.0024 0.8205 1.2910 1.2159 1.3415 1.4454 1.2887 1.0523 1.0736 0.5201 -0.3399 0.8478 -0.1124 0.0689 -0.5435 0.5855 0.3752 -0.8686 0.3461 -0.0630 -1.2720 -1.3463 
2.0970 1.3367 1.8064 0.9479 1.3025 0.7241 1.3217 1.1968 1.5317 1.5894 1.3045 1.4426 1.1550 0.2420 0.5604 0.5019 0.8746 0.4372 0.4362 0.0176 0.8763 1.1075 0.8777 1.0806 0.9454 0.4846 0.5115 -0.2191 0.2240 -0.3214 0.2713 -0.6239 -0.8565 
0.9494 1.8731 1.7184 0.7565 1.3009 1.3941 1.3587 1.7364 1.6619 0.7273 0.9773 0.8550 0.5133 1.3076 1.0943 0.8801 -0.1160 0.8244 0.9586 1.0989 0.2836 0.4998 0.5560 0.2027 1.0396 1.0187 0.5478 0.4674 0.2236 -0.5547 0.1295 -0.0996 -2.5050 
2.0937 1.1899 1.5117 1.0785 0.8700 1.2887 1.0089 0.8854 -0.0169 0.9900 0.2983 0.8380 0.7961 1.0583 1.0971 0.8884 0.5641 0.8323 0.9617 0.8692 0.5007 0.4820 -0.1273 0.5002 -0.5877 0.2004 0.2349 0.3606 -0.1830 -0.1516 -0.0311 -0.8747 -0.8174 
2.3057 1.7066 0.3091 1.3773 0.8001 0.5182 0.2023 1.3250 1.4183 0.9406 1.1528 0.4903 0.9824 -0.4164 1.0637 0.9760 1.3193 0.9161 0.9358 -0.5846 0.7461 0.1497 0.7498 0.4390 0.8390 0.6363 -0.5680 -0.4122 -0.3178 0.0978 -1.3949 -0.2222 -0.5942 
1.2832 0.8313 1.6894 1.8736 1.7084 0.8643 -0.4748 0.2721 0.8285 0.7244 0.4667 0.3987 1.4245 1.7158 1.3380 0.8433 1.3059 0.7948 1.2296 1.4763 1.1758 0.0499 0.0442 0.2109 0.2405 -0.4348 -1.2810 -0.0709 0.5861 0.5943 0.1148 -1.1962 -1.6475 
