2.4944 2.2122 1.8484 1.8374 1.0716 1.0112 1.6111 1.1206 1.1889 0.9601 1.0257 1.3135 1.3493 0.9592 1.2574 1.4342 1.1171 1.3947 1.1583 0.7935 1.1239 1.0571 0.6963 0.5729 0.7519 0.6000 1.0265 0.2994 0.2497 0.8456 0.6876 0.6816 0.2791 
1.8823 1.7978 1.5131 1.5776 1.4833 1.3082 1.4677 1.5336 1.4974 1.3467 0.8849 0.8488 1.2727 0.7908 0.8956 0.7056 -0.2171 0.6718 0.7963 0.6609 1.0726 0.6017 0.5683 0.9512 1.0574 1.0334 0.8464 0.5977 0.6759 0.6105 0.3339 0.2809 -0.4746 
2.6878 2.0827 1.7802 1.3195 1.4246 0.8803 1.1370 1.0512 0.2865 1.0460 1.0573 1.0431 0.7870 1.2307 0.7868 0.3772 -0.0215 0.3305 0.6970 1.0874 0.5894 0.7628 0.7312 0.6705 -0.1890 0.5033 0.5208 0.1613 0.5895 0.3358 0.5830 0.4706 0.4661 
2.2256 1.6349 1.3592 1.3937 1.5190 1.1773 1.0938 1.2444 1.3818 0.5608 0.8721 1.2898 0.6842 0.7751 0.8470 0.3437 0.6493 0.3026 0.7562 0.6397 0.4547 1.0410 0.5575 0.1646 0.9043 0.7295 0.4692 0.4668 0.7069 0.4000 0.1531 0.0853 0.0334 
2.3256 1.7994 1.3614 1.2807 1.1564 0.9148 1.5668 1.4452 1.3240 1.0360 1.2454 0.1342 1.1395 0.9759 1.0502 1.3566 1.3951 1.2917 0.9418 0.8076 0.9407 -0.0895 0.9322 0.6526 0.8499 0.9145 0.9784 0.2157 0.3478 0.3232 0.1402 0.2795 0.1226 
2.4689 2.0972 1.1305 1.7818 1.4076 0.9216 1.1554 0.7294 1.5353 1.6975 1.4805 1.4931 1.1599 1.4176 1.5248 1.1998 0.6378 1.1554 1.4321 1.2532 0.9603 1.2255 1.1572 1.3053 1.0962 0.2091 0.5449 0.2175 0.5626 0.7952 -0.0053 0.5186 0.2575 
0.7041 1.8184 1.8056 1.6449 1.6378 1.5372 1.0921 1.4080 1.1977 1.4587 1.5967 1.4939 1.4160 0.7903 1.5337 1.3128 0.6009 1.2482 1.4442 0.6547 1.1863 1.2282 1.2808 1.0809 0.7538 0.8611 0.4651 0.8279 0.8024 0.6840 0.6389 0.3201 -1.8155 
2.5855 1.9707 1.7617 1.5885 1.5245 1.5521 1.5863 0.5872 1.1398 1.1577 1.1097 1.1831 1.0322 1.5833 1.7346 1.5556 1.0199 1.5111 1.6059 1.4421 0.8055 0.9331 0.7874 0.7735 0.7005 0.0604 0.9966 0.8449 0.7123 0.6243 0.5698 0.4064 0.3830 
2.4325 2.1585 1.8180 1.4657 1.3360 1.0277 1.4085 1.2688 1.0604 0.7453 0.7353 1.1027 1.0273 0.3825 0.6756 0.5364 0.8223 0.4791 0.5517 0.2338 0.7936 0.8282 0.4131 0.3648 0.6066 0.7435 0.7832 0.3235 0.4816 0.4756 0.6476 0.6332 0.2132 
1.8983 1.9305 1.1545 1.1942 1.0105 1.5376 1.1395 1.1805 0.8306 1.3536 1.1688 0.8282 0.9223 0.9973 1.1864 0.6194 1.0702 0.5541 1.0974 0.8224 0.7238 0.5743 0.8366 0.9650 0.3972 0.6760 0.5271 0.8309 0.1687 0.2108 0.0013 0.4111 -0.2565 
2.2270 1.7985 1.8724 1.1584 1.5276 1.2803 1.4759 1.1741 1.4881 1.2805 1.6027 1.3061 1.2201 1.1527 1.1440 0.8956 1.0666 0.8390 1.0560 1.0250 1.0389 1.0501 1.2893 0.8933 1.0506 0.6711 0.8577 0.5658 0.7139 0.1703 0.7009 0.2572 0.0194 
2.0438 1.7476 1.5585 1.1047 1.0625 1.1531 1.3990 0.8506 0.5494 1.1312 1.1031 1.4085 0.8118 1.0637 0.9411 1.0412 1.0429 0.9907 0.8257 0.8983 0.6193 1.1312 0.7806 0.7505 0.0991 0.3439 0.7696 0.4462 0.2324 0.1133 0.3848 0.1793 -0.1870 
2.0622 1.2555 1.3030 1.1340 1.0551 1.0837 0.4369 0.8596 0.7827 0.9732 1.0867 1.0203 0.8195 -0.1060 0.8092 0.3124 0.6357 0.2444 0.7168 -0.2770 0.6316 0.7382 0.7604 0.5832 0.3423 0.3504 -0.1672 0.3733 0.2076 0.1545 0.1061 -0.3361 -0.1664 
2.6353 2.3997 1.9916 1.1932 1.9115 1.7890 1.6480 1.1346 1.4556 1.5819 0.4277 1.5235 1.4548 1.4686 1.2741 1.1447 1.2054 1.0983 1.1696 1.3262 1.2415 1.2624 0.1073 1.1933 1.0262 0.6246 1.0459 1.0789 1.0970 0.2674 0.7927 0.8321 0.4162 
1.6694 1.7344 1.3857 1.0994 1.4233 1.1653 1.4149 1.4646 1.0148 1.2921 1.4417 1.5627 1.3808 1.4108 1.4074 1.4238 1.5234 1.3865 1.2977 1.2416 1.1468 1.3194 1.1172 0.9064 0.5365 0.9405 0.7906 0.4455 0.5990 0.1112 0.1754 0.1880 -0.4148 
1.5827 1.6161 1.0180 1.1376 1.0646 1.4070 0.7042 0.6553 0.8813 0.8934 0.8948 1.0316 0.6449 1.3344 0.5841 1.0301 0.8109 0.9722 0.4691 1.1649 0.4170 0.7493 0.5846 0.5043 0.4312 0.1065 0.0761 0.6984 0.2242 0.1551 -0.2204 0.0735 -0.7093 
1.4870 1.9676 1.8250 1.4308 1.6304 1.8153 1.5111 0.8243 1.3872 0.7457 0.9160 1.4714 1.5112 1.2912 1.2759 0.4175 1.0641 0.3764 1.1697 1.1325 1.3149 1.2022 0.5975 0.3717 0.9145 0.3320 0.8942 1.1066 0.8031 0.4480 0.6534 0.4534 -0.7429 
2.1977 1.8639 1.7049 1.4487 1.2773 1.4963 1.2768 1.2194 1.1788 0.6607 0.8192 0.9170 1.0552 0.6870 0.4923 1.0326 1.1206 0.9760 0.3985 0.5070 0.8264 0.6757 0.4937 0.2815 0.7356 0.7131 0.6786 0.7888 0.4530 0.4561 0.5041 0.3323 -0.0235 
2.4579 1.4391 1.0769 1.1019 1.2084 1.4001 1.3172 1.4813 1.2065 1.0165 1.0720 0.8231 0.5970 0.6288 1.0239 1.0622 1.0348 1.0244 0.8980 0.4594 0.3840 0.5715 0.7436 0.6187 0.7625 0.9693 0.7045 0.6927 0.3866 0.0928 -0.1011 0.0385 0.2051 
2.4576 1.9671 1.6343 1.0552 1.4089 1.2310 1.0360 1.2740 0.8482 1.3071 1.5243 1.5796 1.3683 0.9956 0.3454 0.8688 0.8112 0.8200 0.2455 0.8199 1.1370 1.3386 1.1961 0.9181 0.4062 0.7500 0.4054 0.5187 0.5737 0.0650 0.4412 0.4209 0.2415 
2.2419 1.6694 1.3839 1.3509 1.1056 0.8577 1.0736 0.8537 1.2435 1.0849 0.3385 0.5781 0.7749 0.9233 1.1754 1.3972 1.0037 1.3454 1.0843 0.7677 0.5740 0.3307 0.0019 0.7031 0.7963 0.3427 0.4605 0.1590 0.2819 0.3780 0.1617 0.2040 0.0164 
2.1314 1.3961 1.0717 1.3685 1.1276 1.0427 0.8982 0.3984 1.2405 1.2242 1.1765 1.0204 0.9772 1.1242 0.0225 0.7351 -0.0683 0.6937 -0.0406 0.9861 0.7580 0.7378 0.8503 0.8404 0.7904 -0.0950 0.3132 0.3307 0.3149 0.3836 -0.1066 -0.1256 -0.0767 
2.7377 2.0566 1.6098 0.6814 1.4226 0.7881 1.3087 1.1290 1.4006 1.5234 1.3254 1.2680 1.1823 1.0691 1.1775 0.9431 0.1964 0.8786 1.0858 0.9104 1.0056 1.0295 1.0136 1.1388 0.9385 0.6089 0.7047 0.0937 0.6027 -0.2990 0.4390 0.4654 0.5010 
2.7261 2.1524 1.8223 1.5354 1.4481 1.4430 1.3010 1.1670 1.0838 0.9637 0.9010 0.8556 0.5341 0.6318 0.9094 1.0918 0.6007 1.0512 0.8135 0.4496 0.3389 0.6067 0.5836 0.5694 0.6421 0.6670 0.6974 0.7347 0.6393 0.5748 0.6638 0.6013 0.5050 
2.8098 2.2910 1.6327 1.7405 1.3919 1.1153 1.5189 1.1995 1.1818 1.4819 0.7802 1.1290 -0.0346 0.8733 0.4683 0.9410 -0.1725 0.8795 0.3819 0.7300 -0.2521 0.8572 0.4658 1.1020 0.7370 0.7033 0.9111 0.4126 0.5444 0.7447 0.4323 0.7414 0.5772 
2.2946 2.0590 1.3516 1.5904 1.5314 0.5722 1.2292 1.4372 1.5133 1.5785 1.4512 0.9630 1.1660 1.3215 1.1320 1.0912 1.1203 1.0513 1.0468 1.1552 0.9770 0.6988 1.1251 1.1921 1.0722 0.9035 0.6461 -0.1697 0.7150 0.6414 0.1235 0.4918 0.0954 
2.3769 2.1247 1.3409 1.8851 1.6616 1.3565 1.4278 0.3218 1.3247 1.5044 1.3996 0.9388 0.7397 0.8236 1.0769 0.6528 0.5781 0.5906 0.9816 0.6953 0.5233 0.6871 1.0695 1.1225 0.8558 -0.2397 0.8049 0.6483 0.8206 0.9104 0.1763 0.5717 0.1746 
2.2492 2.1479 1.9114 1.7439 1.7996 1.2785 1.2323 1.4542 1.6801 1.6769 1.5586 1.7121 1.4718 0.4651 0.5910 1.0646 -0.6037 1.0266 0.4728 0.3350 1.2608 1.4357 1.2439 1.2864 1.2088 0.9326 0.6557 0.5595 0.9831 0.7506 0.7435 0.6248 0.0558 
2.3087 2.1475 1.7851 1.2153 1.5379 1.3583 1.7153 1.7505 1.0652 1.2255 1.4549 1.3024 0.9410 1.5650 1.5310 1.2432 0.7314 1.1848 1.4385 1.4298 0.7372 1.0486 1.1312 0.8426 0.6119 1.1947 1.0906 0.6583 0.7282 0.2734 0.5909 0.6233 0.1115 
2.1284 1.7447 1.8620 1.5496 1.6333 1.5331 1.2429 1.1759 1.0716 0.6257 1.1761 1.3529 1.5050 1.3450 1.6609 1.2914 1.3008 1.2278 1.5420 1.1726 1.3094 1.0786 0.8536 0.2322 0.6241 0.6760 0.6519 0.8232 0.7997 0.5882 0.6947 0.1696 -0.0903 
2.4607 2.1222 1.6797 1.3975 1.3810 1.6216 1.8628 1.4259 1.6610 1.6346 1.5923 1.5226 1.4018 1.2856 1.2190 0.7168 1.3310 0.6815 1.1236 1.1287 1.1755 1.2604 1.2782 1.2438 1.1949 0.8784 1.2506 0.9177 0.5237 0.3990 0.4711 0.5595 0.2261 
-0.6051 1.5373 1.4957 0.8723 1.3356 1.1370 1.0134 1.1866 1.1144 0.9272 0.7335 0.8361 1.5062 0.4593 0.6829 1.3784 0.6927 1.3110 0.5557 0.3125 1.3114 0.5825 0.4036 0.5411 0.6798 0.6883 0.3899 0.4214 0.4907 -0.1031 0.3378 0.0416 -2.0766 
1.3841 1.5482 1.1633 1.0984 1.2781 0.7273 1.0186 1.1498 1.3206 1.3190 1.0967 0.4105 0.3617 0.6898 1.0310 1.0956 1.0123 1.0556 0.9073 0.5129 0.1378 0.1332 0.7723 0.9265 0.8515 0.6438 0.3884 0.0214 0.4432 0.1232 0.0062 0.0255 -0.6650 
2.5898 2.2057 2.1029 1.3044 1.6383 1.4282 0.8449 1.4738 1.3027 1.4404 1.2295 0.7643 1.4241 0.7167 1.1718 0.8577 0.7443 0.8103 1.0782 0.5621 1.2000 0.4973 0.9098 1.0637 0.8408 0.9533 0.2840 0.7156 0.8117 0.3166 0.8995 0.6817 0.3987 
2.5807 1.8938 1.5336 1.5585 1.3145 0.8102 1.4271 1.4105 1.3867 1.0517 0.3309 0.1870 1.3246 1.2484 1.3398 0.8231 1.0306 0.7792 1.2154 1.1000 1.1087 -0.0301 0.0041 0.6751 0.9125 0.8667 0.8049 0.1048 0.4656 0.5900 0.3728 0.3862 0.3757 
0.8256 1.4422 1.3555 1.0880 1.6273 1.4277 1.3503 1.2199 0.8942 0.7575 1.1592 1.1888 1.2630 1.2554 1.0786 1.2186 0.9710 1.1742 0.9860 1.1061 1.0659 0.9409 0.8333 0.3802 0.4429 0.7099 0.7238 0.7181 0.8010 0.0980 0.1421 -0.0833 -1.0764 
1.8452 1.4144 1.1587 1.0366 1.2304 1.4822 1.2614 1.1088 0.9795 1.0934 1.3367 1.2978 0.9991 0.9532 1.0307 1.2652 0.7712 1.2060 0.9090 0.7891 0.7741 1.0450 1.0256 0.7164 0.5042 0.5886 0.6712 0.7740 0.4136 0.0347 -0.0057 -0.1512 -0.3710 
2.0387 1.8431 1.5887 1.4324 1.6662 1.1381 1.4171 1.4222 1.5477 0.7124 1.3191 1.4808 0.7250 1.4256 1.0364 1.2512 1.0445 1.1946 0.9143 1.2639 0.4942 1.2103 1.0117 0.3291 1.1067 0.8850 0.7890 0.4338 0.8232 0.4600 0.4038 0.3361 -0.1488 
2.4670 1.9043 1.9046 1.4129 1.2115 1.4531 0.8660 1.4178 0.9662 1.0347 0.9786 1.1911 1.2221 1.3895 1.1127 1.2729 1.0717 1.2141 1.0314 1.2069 1.0409 0.9469 0.6694 0.6496 0.4904 0.8768 0.2730 0.7431 0.3914 0.4173 0.7374 0.3626 0.2276 
0.7986 1.4584 2.0175 1.6880 1.7364 1.5176 1.5230 1.0561 -0.1763 1.0261 0.9330 0.7281 0.8820 0.9625 0.8652 1.3687 0.9141 1.3033 0.7692 0.7981 0.6945 0.4615 0.6179 0.6374 -0.6508 0.5045 0.9120 0.8099 0.8789 0.7046 0.8219 -0.0114 -1.1402 
2.5866 1.7127 1.4271 1.6784 1.7424 1.2475 1.0362 1.0791 0.8908 1.4436 1.5362 0.9155 1.5178 1.1085 0.8987 1.1289 1.3432 1.0885 0.7928 0.9570 1.3259 0.6770 1.2166 1.0653 0.4351 0.5461 0.4004 0.5322 0.8906 0.7094 0.2587 0.1155 0.3767 
2.4746 2.1682 1.9628 1.6045 1.2802 1.2437 0.8614 0.9676 1.3914 1.5240 0.9679 0.8183 1.2441 1.3553 0.5404 0.7786 0.0029 0.7323 0.4448 1.1770 1.0560 0.5621 0.6537 1.1403 0.9239 0.4298 0.2752 0.5315 0.4504 0.6447 0.7777 0.6403 0.2573 
2.6883 2.3865 1.7941 1.7501 1.6280 1.2396 1.5389 1.1477 1.4013 1.2204 1.1462 1.3418 0.9655 1.4425 0.2241 1.4580 0.5349 1.4162 0.1255 1.2878 0.7512 1.0717 0.8225 0.8333 0.9381 0.6422 0.9430 0.5298 0.7964 0.7531 0.6049 0.8215 0.4638 
1.4994 1.6258 2.3136 2.0031 1.3264 1.6974 1.4674 1.7974 2.0659 1.9734 1.2986 1.6912 1.2374 1.3239 1.6442 1.5938 1.0401 1.5376 1.5336 1.1601 1.0468 1.4242 0.9862 1.5830 1.5911 1.2672 0.8492 0.9879 0.4760 1.0364 1.1334 0.1101 -0.8092 
2.6031 2.3391 2.1431 1.3980 1.7750 1.4441 1.4644 1.4301 1.4208 1.3111 0.9420 1.5722 1.1808 1.2183 1.1644 1.1016 0.7025 1.0589 1.0739 1.0785 0.9997 1.3308 0.6305 0.9220 0.9675 0.8977 0.8385 0.7331 0.9453 0.3902 0.9561 0.7929 0.3865 
2.3841 2.1255 1.9291 1.6468 1.1802 1.3354 1.5208 1.4882 1.3939 1.4050 1.4471 1.5418 1.4122 1.2203 0.8855 1.0315 1.2069 0.9725 0.7881 1.0796 1.1829 1.2949 1.1222 1.0298 0.9247 0.9755 0.9118 0.6301 0.3657 0.6812 0.7504 0.5751 0.1333 
2.5167 2.1206 1.7357 1.0084 0.8140 1.3950 1.1501 0.7263 1.7175 1.8632 1.4977 1.4804 1.6716 0.7930 0.5110 1.2678 1.2201 1.2089 0.4142 0.6703 1.4563 1.2120 1.1732 1.4808 1.2440 0.1873 0.5377 0.6836 0.0002 0.0110 0.5095 0.5502 0.3068 
2.1777 1.5342 1.0693 1.3062 1.2471 1.1671 1.3707 1.3070 1.3007 0.9804 1.1775 1.0805 -0.0283 0.7577 0.9157 1.3788 0.6875 1.3115 0.8160 0.6137 -0.2649 0.8092 0.8572 0.5812 0.8370 0.7670 0.7424 0.4589 0.4174 0.3311 -0.0916 -0.0237 -0.0316 
2.9070 2.2332 1.9305 1.5130 1.4660 1.1235 1.4334 1.1755 1.3853 0.9104 1.1978 1.0440 -1.0881 1.3959 1.1157 1.3179 0.8903 1.2550 1.0329 1.2170 -1.4670 0.7646 0.8795 0.5235 0.9109 0.6745 0.8113 0.4081 0.6537 0.5211 0.7448 0.6698 0.6971 
1.7813 1.3931 0.4733 0.9039 0.7800 0.5372 0.1140 0.4118 0.7644 0.2075 0.1868 0.8261 0.9144 1.2017 0.8039 0.9133 -0.2969 0.8532 0.7142 1.0668 0.7182 0.5772 -0.1247 -0.1908 0.3338 -0.1065 -0.4734 -0.1768 -0.0328 -0.0554 -0.6636 -0.1876 -0.4253 
2.5912 2.2443 2.0943 1.8838 1.7824 1.6468 1.3917 1.4674 1.0956 1.1574 1.7777 1.5500 1.0210 1.3838 1.5640 1.3597 1.8507 1.2842 1.4735 1.2018 0.7871 1.3041 1.4526 0.7724 0.6571 0.9444 0.7585 0.9367 0.9522 0.9030 0.8841 0.7047 0.3784 
1.5434 0.8795 1.2717 1.0508 1.0972 0.8095 1.0407 0.3535 0.9282 0.6227 0.4999 0.8453 0.4845 0.5122 0.6984 0.4839 -0.7528 0.4387 0.5947 0.3665 0.3048 0.6019 0.1907 0.2204 0.4696 -0.1979 0.4153 0.1035 0.2968 0.0437 0.0945 -0.5954 -0.8810 
2.7957 2.0710 1.2015 0.7531 1.2578 1.5664 1.5225 1.6531 1.6359 1.3660 1.4785 1.2145 0.5755 0.7495 0.8246 0.8448 0.3369 0.8015 0.7352 0.6047 0.3697 0.9748 1.1560 0.9732 1.1772 1.1198 0.9122 0.8541 0.4195 -0.2529 0.0005 0.4520 0.5406 
2.4733 1.4269 1.8930 1.5137 1.5268 1.5401 1.5328 1.7176 1.4894 1.3441 1.3095 1.4143 1.1097 1.0296 0.6899 0.8250 0.6015 0.7840 0.5882 0.8504 0.8976 1.1368 0.9972 0.9472 1.0540 1.1657 0.9317 0.8285 0.7077 0.5249 0.7143 -0.0309 0.2222 
2.7462 2.1616 1.9000 1.5268 1.5293 1.7466 1.4927 1.3031 1.6356 1.3770 -0.3437 1.1167 1.0283 1.0888 1.6039 1.4322 0.6720 1.3926 1.5037 0.9410 0.7976 0.8467 -0.7141 0.9783 1.1780 0.7721 0.8781 1.0372 0.7136 0.5419 0.7289 0.5961 0.5187 
2.9263 2.4744 2.3760 2.2284 1.9840 1.7940 1.8383 1.1379 1.8307 1.8159 1.4715 1.3966 1.3656 1.3614 1.0326 1.4646 1.1340 1.4225 0.9148 1.1796 1.1372 1.1165 1.1478 1.4353 1.3973 0.6332 1.2191 1.0852 1.1519 1.2497 1.1759 0.9042 0.7060 
3.1949 2.9409 2.4698 2.0796 1.8604 1.3022 1.3856 1.7907 1.8223 1.7795 1.7487 1.7163 1.0040 1.4382 0.0877 1.5887 1.4554 1.5362 0.0011 1.2817 0.7787 1.4378 1.4202 1.4017 1.3902 1.2568 0.7568 0.5849 1.0494 1.0807 1.2606 1.4122 0.9821 
3.5182 3.2197 2.5592 2.1049 1.9524 1.5451 1.8899 1.8446 1.6890 1.0201 1.4688 1.3274 1.6433 1.3817 1.4960 1.2237 1.4086 1.1758 1.4088 1.1966 1.4376 1.0648 1.1452 0.6349 1.2126 1.3311 1.2890 0.8366 1.1257 1.1037 1.3847 1.7134 1.3503 
2.8389 3.9899 3.5924 3.2961 3.0441 2.8964 2.8394 2.7268 2.7137 2.6037 2.5459 2.5225 2.5189 2.4623 2.3713 2.3842 2.3508 2.3218 2.2522 2.2838 2.3043 2.2485 2.2230 2.2277 2.2483 2.1923 2.2163 2.1875 2.2157 2.3169 2.4099 2.4793 0.4037 
3.5186 4.0542 2.3437 2.8935 2.0015 1.2310 2.1580 2.0125 1.8757 2.0411 1.3921 1.4262 1.7043 1.6069 0.8774 1.1836 0.7925 1.1434 0.7814 1.4608 1.4812 1.1554 1.0642 1.6511 1.4353 1.4808 1.5341 0.5708 1.1771 1.9047 1.1258 2.5357 1.2307 
3.8697 4.0849 3.4574 3.2089 3.1660 3.0188 2.8305 2.9457 2.8145 2.5669 2.5287 2.6023 2.5634 2.5180 2.4744 2.5030 2.4420 2.4637 2.3662 2.3679 2.3644 2.3516 2.2031 2.1893 2.3434 2.4451 2.2038 2.3097 2.3153 2.2309 2.2944 2.5590 1.7744 
4.4073 4.1837 4.1563 3.9496 3.7839 3.6281 3.5664 3.5271 3.4485 3.1952 3.2425 2.9759 3.1923 3.1551 3.1356 3.0732 3.0585 3.0125 3.0089 2.9671 2.9648 2.7298 2.9187 2.8181 2.9773 2.9722 2.9467 2.9190 2.9495 2.9614 2.9551 2.6283 2.1768 
4.4646 4.2765 4.0220 3.7074 3.3891 3.2013 3.0679 3.0716 2.9232 2.8090 2.7358 2.4663 2.3384 2.2805 2.3696 2.1729 2.1995 2.1300 2.2505 2.1421 2.1375 2.1844 2.4234 2.4245 2.4820 2.5417 2.4683 2.4939 2.5645 2.7527 2.8508 2.7364 2.2203 
3.4943 4.3999 4.2998 3.8992 3.6758 3.5616 3.5077 3.4225 3.4249 3.2324 3.1621 3.1659 3.1088 3.0536 3.0333 2.9908 2.9687 2.9462 2.9322 2.8987 2.8899 2.8844 2.8322 2.8522 2.9590 2.8925 2.8753 2.8520 2.8637 2.9067 3.1262 2.8924 1.5798 
4.0222 4.5363 4.0629 3.5194 3.3676 3.2115 3.0872 3.1213 3.0550 2.8860 2.8631 2.8841 2.7040 2.6679 2.6946 2.6331 2.6053 2.5887 2.5904 2.5213 2.5004 2.6098 2.5375 2.5065 2.5973 2.5767 2.4803 2.5017 2.5451 2.5235 2.8743 2.9877 1.6013 
4.0317 4.4057 3.7235 3.2041 2.9180 2.6270 2.5188 2.2333 2.2144 2.0864 2.0054 1.9446 1.9794 1.8088 1.8301 1.7451 1.5357 1.6854 1.7485 1.6602 1.7810 1.7075 1.6963 1.6931 1.7753 1.7358 1.8941 1.9181 2.1060 2.2187 2.5223 2.8897 1.8100 
3.7167 4.3333 3.8816 3.6879 3.2449 3.1277 2.9843 2.8704 2.8730 2.8168 2.7701 2.6554 2.6146 2.6061 2.6051 2.5435 2.4875 2.4998 2.5176 2.4764 2.4420 2.4156 2.4530 2.4375 2.4423 2.3397 2.3928 2.4167 2.4373 2.7270 2.6569 2.8261 1.7509 
3.1061 4.3114 3.6701 2.8548 2.8222 2.5900 2.4690 2.3948 2.3213 2.1687 2.0979 1.9819 2.0400 1.7990 1.8881 1.8410 1.8562 1.7975 1.7988 1.6521 1.8240 1.7426 1.7724 1.7943 1.8775 1.8563 1.8427 1.8863 1.9882 1.8908 2.4896 2.8023 1.1024 
3.9873 4.1290 4.0922 3.9142 3.7699 3.6256 3.4940 3.3725 3.2532 3.2198 3.1888 3.1540 3.0917 3.0442 3.0260 2.9740 2.9519 2.9313 2.9261 2.8917 2.8781 2.8707 2.8609 2.8414 2.8187 2.8564 2.8664 2.9158 2.9369 2.9279 2.9031 2.6044 1.6826 
4.4214 4.3897 3.9966 3.3137 2.8913 2.7473 2.7544 2.6977 2.5058 2.4421 2.4561 2.2737 2.3387 2.2065 2.2397 2.1205 2.1727 2.0795 2.1471 2.0782 2.1403 2.0324 2.1276 2.0521 2.0731 2.1730 2.1390 2.0439 2.0925 2.3524 2.8227 2.8647 2.1423 
1.5448 4.3164 4.0091 3.8550 3.5589 3.3659 3.2497 3.2624 3.0945 2.9904 2.9609 2.9263 2.8805 2.8721 2.8323 2.8285 2.7825 2.7852 2.7253 2.7217 2.6683 2.6611 2.6434 2.6045 2.6229 2.7490 2.6293 2.6565 2.7287 2.8620 2.8295 2.8133 1.1897 
4.1593 4.2671 3.2740 3.5455 3.2022 3.0586 2.9178 2.8237 2.8191 2.7126 2.6716 2.6039 2.5679 2.5453 2.5547 2.4868 2.4393 2.4492 2.4695 2.4084 2.3693 2.3547 2.3577 2.3222 2.3536 2.2715 2.3014 2.3474 2.3665 2.5543 2.1230 2.7370 1.9559 
4.2686 3.6551 3.5773 3.5303 3.1003 2.7563 2.4917 2.7981 2.9973 2.8737 2.5031 1.1108 1.8631 1.6970 1.4089 1.4149 1.4777 1.3809 1.2955 1.5299 1.6666 0.8565 2.1769 2.4939 2.5508 2.2426 1.8609 2.0361 2.2444 2.5376 2.4097 2.1206 2.0973 
3.8698 4.2224 3.6625 3.2335 3.2069 3.0472 2.9233 2.8900 2.6415 2.6849 2.5540 2.6668 2.4622 2.4755 2.3862 2.3699 2.3953 2.3077 2.2651 2.3035 2.2365 2.4278 2.2324 2.2967 2.1940 2.3682 2.3103 2.3371 2.3774 2.2578 2.4749 2.6733 1.6144 
3.9566 3.3676 3.7816 3.7180 3.4120 3.2776 3.1839 3.1364 2.9497 2.9763 2.9280 2.8977 2.8580 2.8105 2.7076 2.7284 2.6808 2.6669 2.5981 2.6283 2.6373 2.6265 2.6014 2.5979 2.5055 2.5875 2.5574 2.5679 2.5800 2.7662 2.5966 1.8568 1.8103 
4.0721 3.9215 3.6925 3.2484 3.2010 3.0800 2.9477 2.7964 2.9289 2.8368 2.8278 2.4849 2.6981 2.6450 2.6954 2.5497 2.5532 2.5056 2.5909 2.5051 2.4978 2.2114 2.4996 2.4601 2.4903 2.2433 2.3410 2.3749 2.3755 2.2820 2.5215 2.3911 1.8597 
4.0504 4.1498 3.5468 3.6864 3.3761 3.2583 3.1806 3.1664 2.8812 2.8815 2.8250 2.7740 2.8114 2.7341 2.6970 2.6287 2.6478 2.5850 2.5922 2.5703 2.5826 2.4998 2.4964 2.5016 2.4483 2.6083 2.5521 2.5472 2.5484 2.7258 2.3802 2.6027 1.8682 
3.9716 4.1385 3.9836 3.7562 3.4959 3.3276 3.2377 3.2849 3.1866 2.9509 2.8577 2.9972 2.9326 2.8213 2.9670 2.8946 2.8195 2.8510 2.8785 2.6455 2.7366 2.7564 2.5316 2.5664 2.7277 2.7800 2.6134 2.6168 2.6358 2.8025 2.8159 2.6073 1.8479 
3.7849 4.1236 3.2516 2.3853 2.6165 2.5392 2.3059 1.3259 2.7896 2.6963 2.8652 2.4092 2.3052 2.2313 2.3552 2.0864 2.1844 2.0185 2.2444 2.1012 2.1187 2.1303 2.5418 2.3112 2.3183 0.9190 1.7393 1.8404 1.8278 1.4658 2.1128 2.5887 1.7893 
4.2259 3.7413 3.4917 2.9663 2.2114 2.0298 2.2585 2.6584 2.4913 2.4809 2.5398 2.2276 2.1747 2.0755 1.0970 1.8863 1.7452 1.8417 0.9019 1.8906 1.9720 1.9754 2.2096 2.1040 2.0497 2.1488 1.6845 1.3823 1.4243 1.9693 2.2998 2.1750 1.9475 
4.1574 4.2419 3.6643 3.6824 3.5175 3.3640 3.2565 3.2331 3.1702 3.0742 3.1213 3.0450 2.9304 2.9231 2.8858 2.8493 2.8476 2.8111 2.8057 2.7950 2.7346 2.8050 2.8061 2.6845 2.7040 2.7049 2.6386 2.6543 2.6624 2.7248 2.4886 2.6975 1.9186 
3.7351 4.2797 4.0132 3.5017 3.2959 3.2246 3.1491 3.3598 3.2020 2.0466 2.9001 3.0020 2.8567 2.9237 2.7642 2.5593 2.6299 2.5139 2.6386 2.7963 2.6357 2.7612 2.5783 1.6592 2.7529 2.8478 2.5194 2.5132 2.4802 2.5029 2.8345 2.7750 1.7289 
4.0551 3.8853 3.5589 3.3783 3.3150 3.1864 3.2322 3.3156 3.1735 3.0386 3.2915 3.0162 2.9752 2.8886 2.8224 2.8248 2.8134 2.7786 2.7079 2.7458 2.8015 2.7776 2.9627 2.6509 2.7054 2.8198 2.6106 2.4799 2.5082 2.4470 2.4038 2.3286 1.9541 
4.0033 3.5602 3.0944 3.4726 3.2143 3.1962 3.1010 3.3427 2.5102 2.5648 2.1000 2.2566 2.5570 2.6133 2.6278 2.4473 2.4823 2.3841 2.5348 2.4833 2.3557 2.0139 1.7695 2.1812 2.0565 2.8353 2.4903 2.4879 2.3936 2.4964 1.8969 2.0446 1.8026 
4.3961 4.2694 3.8723 3.7074 3.5115 3.3719 3.1355 3.2261 3.2424 3.2030 3.0518 3.0052 2.9369 2.8877 2.8360 2.8465 2.8245 2.8087 2.7316 2.7441 2.7428 2.7633 2.7395 2.8253 2.8086 2.7022 2.5048 2.6622 2.6545 2.7447 2.6658 2.7318 2.1950 
3.2733 4.2469 3.3623 3.4054 3.1245 3.0720 3.1096 3.4322 2.7817 3.1863 2.8633 2.7656 2.5692 2.7414 2.5194 2.5140 2.4463 2.4732 2.4372 2.5752 2.3715 2.4939 2.5352 2.8097 2.3134 2.8985 2.4989 2.3657 2.2729 2.4559 2.1406 2.7209 1.0034 
4.2568 3.6240 3.4728 3.3189 2.2074 2.7141 3.0092 2.1473 2.6996 2.7804 2.8066 2.4195 2.1309 2.4702 2.5026 2.2317 2.1258 2.1830 2.4115 2.2971 1.9093 2.1426 2.4762 2.3889 2.2440 1.6050 2.4214 2.0172 1.3765 2.3565 2.2677 2.0774 2.0436 
3.6095 4.0902 3.8365 2.9473 3.2846 3.2122 2.9611 2.8394 2.8067 2.5889 3.0342 2.8863 2.8115 2.6387 2.7230 2.6274 2.6130 2.5836 2.6050 2.4993 2.5825 2.6125 2.7228 2.2049 2.3347 2.3002 2.3642 2.5023 2.4753 1.9443 2.6207 2.5712 1.3274 
4.0250 4.1032 3.9070 3.3365 2.6376 2.9136 3.0715 2.8582 2.2193 1.4802 2.7195 2.5849 2.1579 2.0471 2.3178 2.1885 2.1875 2.1444 2.2172 1.8783 1.9407 2.3215 2.4101 1.1027 1.7718 2.3260 2.4711 2.2059 1.8119 2.3615 2.7081 2.5827 1.9135 
4.0899 3.9098 3.6723 3.4011 3.3138 3.2910 3.1722 3.1107 3.0148 2.8874 2.9228 2.8656 2.8695 2.8476 2.7469 2.6899 2.6405 2.6309 2.6251 2.6845 2.6537 2.5964 2.5989 2.5078 2.5664 2.5676 2.5442 2.5818 2.5047 2.4579 2.5065 2.3795 1.9356 
3.5573 3.8045 3.6190 3.6690 3.3274 3.2891 3.4331 2.8734 2.7999 2.8287 2.8430 2.7057 2.5996 2.6766 2.4855 2.4451 2.3663 2.3782 2.3837 2.5267 2.4170 2.4592 2.5145 2.4551 2.3190 2.3367 2.8286 2.5812 2.5125 2.7021 2.4624 2.2722 1.4218 
4.2008 3.9464 3.5361 3.1596 3.1696 2.9467 3.2731 1.8643 2.3566 2.1441 2.4912 2.1849 1.5769 2.0024 1.6757 1.1230 1.2793 1.0679 1.5515 1.8452 1.3932 1.9131 2.1657 1.7675 1.8908 1.3134 2.6578 2.2403 2.3205 2.1530 2.3349 2.4266 2.0215 
3.8496 3.8857 3.7268 3.2137 3.1744 3.0364 3.1338 2.9580 2.8514 2.7916 2.8365 2.8499 2.8359 2.7628 2.7498 2.6932 2.6330 2.6339 2.6275 2.5921 2.6077 2.5777 2.5090 2.4023 2.4056 2.4579 2.5115 2.3241 2.3289 2.2232 2.5535 2.3430 1.6708 
3.6898 3.7949 3.1804 3.2737 3.0794 2.9116 2.8576 2.6016 2.6503 2.5183 2.5737 2.5374 2.5298 2.4552 2.4355 2.3758 2.3699 2.3138 2.3071 2.2728 2.3188 2.2649 2.2463 2.1392 2.2024 2.0993 2.2401 2.1991 2.2411 2.2925 1.9836 2.2643 1.5477 
4.1183 3.6929 3.2065 3.0926 2.7457 2.5860 2.9045 2.5836 2.5796 2.3154 2.3578 2.2291 2.1963 2.2650 2.1380 2.0990 2.0797 2.0398 2.0414 2.1311 1.9935 1.9670 2.0445 1.9274 2.1376 2.0777 2.2875 1.8793 1.8933 2.1213 2.0311 2.1576 1.9249 
3.9269 3.9747 3.3643 3.2833 3.1866 3.0852 2.6294 2.6861 2.5971 2.5897 2.6032 2.4740 2.5432 2.4720 2.4514 2.4395 2.4696 2.3734 2.3268 2.2990 2.3373 2.1976 2.2832 2.2080 2.1529 2.1636 2.0323 2.3750 2.3483 2.3047 2.1839 2.4640 1.7439 
3.1697 3.6581 3.1949 2.6945 2.8897 2.9039 2.6682 2.5593 2.4750 2.3972 2.3984 2.3125 2.2938 2.1736 2.2155 2.2413 2.2244 2.1944 2.1269 2.0294 2.1099 2.0751 2.0890 2.0057 2.0181 2.0475 2.0827 2.1947 2.0913 1.7542 1.9935 2.1591 0.9335 
3.7701 3.3268 2.8720 2.4493 2.2407 1.9048 1.9361 2.0784 1.7851 1.5661 1.7525 1.8748 1.4771 1.5264 1.5638 1.4353 1.4421 1.3980 1.4695 1.3962 1.2656 1.6120 1.4268 1.1780 1.3404 1.5296 1.3433 1.2008 1.4290 1.4473 1.6980 1.7956 1.5686 
2.8475 3.0350 2.7736 2.5806 2.3456 2.1897 2.2127 2.1317 2.1793 1.9126 2.0228 1.9079 1.7674 1.7647 1.8380 1.7519 1.0976 1.6980 1.7543 1.5947 1.5367 1.6630 1.7127 1.5320 1.7464 1.5912 1.6001 1.4819 1.5136 1.6041 1.5687 1.5150 0.6857 
