1.4268 1.5571 1.5253 0.7948 0.8501 1.0218 1.1344 0.5451 1.1053 1.2875 1.1308 0.7897 0.3397 1.2314 1.1066 0.9381 0.4055 0.8930 1.0047 1.1108 0.1360 0.5267 0.8236 0.9258 0.6776 0.0935 0.5578 0.3608 0.1043 -0.1063 0.4381 0.1477 -0.5624 
1.8163 1.4889 1.1346 1.4291 1.2245 1.5386 1.5252 0.5587 0.7276 1.2887 1.1009 0.2541 0.8151 0.7603 1.0829 0.7519 0.9909 0.6982 0.9613 0.5983 0.6091 0.0503 0.7976 0.9223 0.3031 0.0512 0.9552 0.8703 0.4702 0.5009 0.0181 0.1120 -0.2380 
2.8975 2.3661 2.0053 2.0103 1.4472 1.7708 1.5961 1.9099 1.8553 1.8165 1.4705 1.4368 1.4632 0.8283 1.2604 1.4474 0.9084 1.4126 1.1746 0.7030 1.2549 1.1796 1.1668 1.4618 1.4463 1.4390 1.0470 1.1055 0.6518 1.1005 0.8807 0.8743 0.8275 
3.1039 2.3903 2.1509 1.8180 1.7819 1.8013 1.6414 1.4522 1.6359 1.5065 0.9722 1.4600 0.8924 1.4494 1.2721 1.2603 1.5228 1.2184 1.1852 1.2949 0.7257 1.2054 0.6803 1.1517 1.2134 0.9464 1.0887 1.1366 0.9983 0.8918 1.0407 0.8677 1.0128 
3.0782 2.4763 2.1126 1.8679 1.7240 1.4599 1.5357 1.4564 1.4147 1.4249 1.2145 1.4159 1.3448 1.3359 0.9392 0.9066 1.3300 0.8668 0.8493 1.1865 1.1478 1.1514 0.9060 1.0670 0.9668 0.9491 0.9619 0.7945 0.9233 0.9469 0.9854 0.9978 0.9753 
2.4469 1.2509 1.9509 1.8335 1.5093 1.4776 1.2340 0.9230 1.4136 1.1906 1.2716 1.2687 -0.1702 0.8241 0.4418 0.9308 1.1125 0.8880 0.3304 0.6833 -0.3264 1.0397 0.9775 0.8318 0.9681 0.4608 0.6740 0.8169 0.7592 0.9136 0.8444 -0.0953 0.3479 
2.8404 2.2222 1.7934 1.5685 1.8611 1.8696 1.5713 1.4769 1.6612 1.4635 1.7572 1.4107 1.5422 1.2337 1.5204 1.4495 1.2384 1.4153 1.4399 1.1124 1.3604 1.1490 1.4481 1.1113 1.2272 0.9843 1.0121 1.2044 1.1049 0.6553 0.6754 0.7638 0.7765 
2.9711 2.2674 1.9620 1.8704 1.9213 1.4149 1.7561 1.2508 1.4832 1.1476 1.0915 0.9994 0.9875 1.2456 1.4565 1.5401 1.5562 1.4970 1.3670 1.1204 0.7967 0.7681 0.7854 0.7927 1.0839 0.7791 1.1675 0.7512 1.1566 0.9526 0.8414 0.7854 0.8851 
3.0924 2.4711 2.0286 1.9826 1.9187 1.5259 1.6995 1.5154 1.5096 1.6052 1.2455 1.1173 1.4055 0.9409 1.3495 1.4570 1.1721 1.4211 1.2376 0.8064 1.1894 0.8609 0.9494 1.2428 1.1025 1.0338 1.1234 0.8603 1.1528 1.0845 0.8902 0.9838 0.9971 
2.8990 2.3836 2.0447 1.6918 1.5917 1.6749 1.7856 1.8975 1.9348 1.4884 1.1879 1.6410 1.2335 1.4896 1.1267 1.7059 0.7577 1.6465 1.0346 1.3546 1.0722 1.4173 0.8869 1.1317 1.5165 1.4314 1.2033 1.0083 0.8279 0.7749 0.9030 0.8911 0.8266 
2.7923 2.2303 1.8410 1.0476 1.4724 1.5567 1.5136 1.5657 1.7478 1.3188 1.2871 1.5757 1.2989 1.2257 1.0482 1.5118 1.3022 1.4712 0.9404 1.1005 1.1192 1.3474 0.9948 0.9563 1.3002 1.1023 0.9341 0.8959 0.7148 0.1192 0.7546 0.7849 0.7346 
2.9999 2.3848 2.0737 1.9601 1.9907 1.7872 1.7155 1.0980 1.4823 1.3179 1.4394 1.6006 1.2376 0.2902 1.1798 1.1064 0.9917 1.0621 1.1002 0.1730 1.0734 1.3772 1.1350 0.9547 1.0805 0.5786 1.1362 1.1245 1.2120 1.0648 0.9228 0.8793 0.9024 
2.8851 2.2315 2.1837 1.9716 1.6914 1.2365 1.1932 1.4197 1.7398 1.6585 1.8279 1.4716 1.3187 1.4770 0.7274 1.3888 1.2752 1.3263 0.6087 1.3356 1.1316 1.2185 1.5257 1.2928 1.2930 0.8960 0.6109 0.5645 0.8956 1.0702 1.0888 0.7623 0.8038 
2.3822 1.4914 1.7834 1.7556 1.5209 1.4198 1.6421 1.4824 0.6564 1.4504 1.1838 1.1646 0.9119 1.1420 1.2225 1.0188 1.2166 0.9625 1.1355 1.0033 0.7468 0.9140 0.8770 1.0996 0.2394 0.9891 1.0919 0.7582 0.7655 0.8217 0.6534 0.1612 0.2553 
2.7614 2.1234 1.6088 1.2577 1.5885 1.6828 1.7130 1.1085 1.2040 1.2265 1.5105 1.2959 0.4257 1.0849 1.3201 0.7876 0.7337 0.7524 1.2214 0.9109 0.2106 1.0757 1.2093 0.8717 0.7914 0.5912 1.1313 1.0190 0.8255 0.3526 0.4977 0.6329 0.6718 
2.5885 1.8327 1.7199 1.2431 1.5425 1.1538 1.6126 1.6406 1.4717 1.7203 1.4235 1.6674 1.0518 1.7158 1.1529 1.3469 1.3438 1.2915 1.0736 1.5547 0.8486 1.4323 1.1158 1.3520 1.0644 1.1487 1.0641 0.4882 0.7765 0.3683 0.5755 0.3231 0.5144 
2.9331 2.4326 2.1820 1.7710 1.6028 1.5152 1.2412 1.8772 1.7829 1.5042 1.3891 1.5498 1.7476 1.4947 1.0258 1.1170 -0.1856 1.0831 0.9113 1.3595 1.5311 1.3073 1.0927 1.1483 1.3607 1.4090 0.6852 0.8477 0.8332 0.8349 1.0894 0.9397 0.8575 
2.8182 1.7786 1.5561 1.4302 1.3361 1.2876 1.2660 0.7676 1.0984 1.2970 0.9981 1.6064 0.6770 1.4335 0.2930 1.2543 1.0698 1.2128 0.1943 1.2689 0.4702 1.3826 0.7146 0.9358 0.6684 0.2564 0.7147 0.6193 0.5492 0.4916 0.4436 0.2314 0.7577 
2.5976 2.0551 1.7965 1.2690 1.5036 1.5778 0.8458 1.2749 1.5217 0.2312 1.0208 1.3841 0.2640 0.9848 1.1276 0.7768 0.8240 0.7358 1.0386 0.8412 0.1025 1.1297 0.7345 -0.1228 1.1128 0.7969 0.2659 0.9142 0.7502 0.3595 0.6774 0.5529 0.5119 
0.1487 1.4514 1.5824 1.5789 1.4541 1.2455 1.1078 0.8966 1.0393 1.5363 1.5455 1.5307 1.3465 0.9191 0.8967 0.9470 0.4171 0.8949 0.8167 0.7902 1.1473 1.2822 1.2376 1.1805 0.6053 0.4233 0.5198 0.5824 0.6814 0.6859 0.4983 -0.0087 -1.1511 
2.4761 2.3397 2.2099 1.2510 1.3097 1.5798 1.5715 1.2649 1.8030 1.2503 1.1435 1.3177 0.9264 1.4026 1.2492 1.3166 0.7237 1.2608 1.1636 1.2300 0.7617 1.0908 0.8375 0.8918 1.3944 0.7903 1.0185 0.9162 0.5395 0.3152 1.1117 0.8933 0.4048 
2.0947 2.5519 2.1339 1.9888 1.7760 1.6285 1.7572 1.3132 1.1842 1.3985 1.1884 1.1640 1.0994 1.3141 1.2164 1.3134 0.8619 1.2574 1.1326 1.1703 0.8903 0.9093 0.8889 1.0293 0.7764 0.8196 1.1667 0.9645 0.9919 1.0894 1.0078 1.1466 -0.0616 
3.5039 3.5434 2.9486 2.4314 1.8601 1.8063 1.8456 1.8874 1.6319 1.7261 1.2011 1.2101 1.2052 1.3321 1.3929 1.3753 1.1177 1.3141 1.2760 1.1860 1.0239 0.9682 0.8925 1.3595 1.2105 1.4194 1.2701 1.1453 1.1025 1.4980 1.8275 2.1212 1.4493 
3.6644 4.3154 3.9928 3.7465 3.5632 3.4575 3.3973 3.3807 3.2487 3.2073 3.1316 3.0961 3.0970 3.0588 2.9478 3.0092 2.9479 2.9514 2.8556 2.8890 2.8853 2.8355 2.8267 2.8481 2.8340 2.8689 2.8081 2.7934 2.8024 2.8144 2.8651 2.8838 0.7988 
3.9741 4.4086 3.9814 3.2344 2.8761 2.7022 2.8000 2.3695 2.4330 2.1577 2.3393 2.1353 1.9834 2.5016 2.3699 2.2142 2.2924 2.1698 2.2541 2.3745 1.8014 1.8872 2.0488 1.8097 2.0070 1.8570 2.2219 2.0474 2.1185 2.3293 2.8591 2.9602 1.8513 
3.4721 4.4300 4.1143 3.8339 3.5924 3.4578 3.4062 3.3885 3.2981 3.1014 3.1007 3.0854 3.0388 3.1208 3.0610 2.9905 2.9775 2.9341 2.9415 2.9698 2.8314 2.8221 2.7936 2.7499 2.8744 2.8758 2.8136 2.7938 2.8250 2.9058 2.9857 2.9931 1.2420 
4.1959 4.4360 3.1766 3.4120 3.0697 2.6379 2.1261 2.2090 2.1958 2.8949 2.7693 2.5445 2.0396 2.3475 1.8788 1.8780 1.4403 1.8336 1.7887 2.1988 1.8430 2.3035 2.4629 2.5441 1.7828 1.7494 1.5614 1.9933 2.2785 2.4798 1.9945 2.9950 2.0931 
3.9046 4.5284 4.0809 3.7530 3.6150 3.5004 3.4462 3.4239 3.2351 3.3080 3.1352 3.0646 3.0699 3.0361 3.0174 2.9659 2.9487 2.9113 2.9045 2.8775 2.8532 2.8033 2.8314 2.9441 2.8233 2.9060 2.8630 2.8362 2.8422 2.8223 2.9299 3.1103 1.0425 
4.0750 4.5368 4.1800 3.6177 3.4337 3.3093 3.1818 3.1672 3.1461 2.9604 2.9253 2.8460 2.9480 2.8494 2.8170 2.8090 2.7877 2.7709 2.7434 2.7274 2.7710 2.5958 2.6314 2.5982 2.7436 2.6866 2.6070 2.6483 2.6508 2.7237 3.0838 3.1227 2.0539 
4.1272 4.6057 4.1395 3.7464 3.4988 3.3751 3.2503 3.2068 3.2044 3.1037 3.0147 2.9632 2.9179 2.8871 2.8779 2.8241 2.7970 2.7845 2.7917 2.7638 2.7516 2.7425 2.7247 2.7521 2.7908 2.7381 2.6979 2.7112 2.7457 2.8093 3.0182 3.1761 1.6268 
4.1976 4.4716 3.7789 3.3781 3.1162 2.8864 2.7499 2.7504 2.6255 2.5080 2.4255 2.4113 2.3118 2.3062 2.2175 2.2609 2.2140 2.2192 2.1313 2.1648 2.1263 2.1483 2.1205 2.1536 2.2071 2.2335 2.1660 2.2259 2.3476 2.4567 2.6370 3.0580 2.1138 
4.0996 4.5747 4.1119 3.8112 3.6121 3.5040 3.4199 3.3366 3.2236 3.2136 3.1571 3.1282 3.0896 3.0458 3.0133 2.9802 2.9566 2.9244 2.9008 2.8840 2.8773 2.8750 2.8542 2.8548 2.8126 2.8369 2.8302 2.8399 2.8403 2.8866 2.9756 3.1523 1.5348 
4.0449 4.5190 4.0851 3.7346 3.5488 3.4526 3.3468 3.2547 3.2282 3.1475 3.1148 3.0708 3.0256 2.9919 2.9562 2.9317 2.8785 2.8861 2.8624 2.8439 2.8226 2.8068 2.8091 2.7930 2.8176 2.7798 2.7775 2.7897 2.7868 2.8034 2.9411 3.1079 2.0876 
4.3787 4.7637 4.2000 3.7651 3.5644 3.4404 3.3464 3.2401 3.2135 3.1379 3.0886 3.0484 2.9937 2.9590 2.9135 2.8917 2.8667 2.8527 2.8275 2.8195 2.8009 2.7929 2.7804 2.7838 2.7981 2.7690 2.7765 2.7763 2.8032 2.8341 3.0902 3.3212 2.0523 
3.7753 4.6826 4.2944 4.0214 3.8081 3.7179 3.6071 3.5434 3.4588 3.4279 3.3643 3.3155 3.2784 3.2427 3.2164 3.1869 3.1636 3.1440 3.1296 3.1165 3.1019 3.0863 3.0748 3.0766 3.0464 3.0756 3.0595 3.0551 3.0473 3.1060 3.1715 3.2407 2.0961 
4.5398 4.8372 4.2142 3.8144 3.4639 3.1641 2.9341 3.3053 3.1059 2.4294 2.8315 2.4665 2.5951 2.4142 2.3523 2.4921 1.8540 2.4551 2.2365 2.2523 2.4288 2.2224 2.5341 2.0893 2.6870 2.8168 2.3868 2.5087 2.7055 2.8906 3.1013 3.4216 2.3314 
4.4801 4.9046 4.3637 4.1387 3.9188 3.8026 3.7013 3.6110 3.5599 3.5500 3.4898 3.4561 3.3554 3.3772 3.3344 3.3066 3.2613 3.2513 3.2240 3.2159 3.1530 3.2022 3.1870 3.1930 3.1489 3.1279 3.1225 3.1388 3.1528 3.2163 3.2162 3.4814 2.0469 
3.9340 4.7504 4.3397 3.8493 3.7571 3.7039 3.5698 3.5109 3.4619 3.4162 3.2903 3.2646 3.2467 3.2753 3.1427 3.1218 3.0994 3.0860 3.0660 3.1399 3.0822 3.0398 2.9975 3.0570 3.0516 3.0323 3.0162 3.0411 2.9672 2.9307 3.2093 3.3113 2.1679 
4.4375 4.7989 4.2869 3.6726 3.2914 2.9157 2.8235 2.7378 2.6504 2.5038 2.4727 2.2308 2.5298 2.2890 2.4793 2.2688 2.4769 2.2231 2.4035 2.1376 2.3503 2.0098 2.1731 2.1507 2.2254 2.2254 2.2548 2.2694 2.5271 2.7668 3.1656 3.3795 2.1721 
3.6436 4.5621 4.1112 3.9235 3.7640 3.5989 3.5360 3.4806 3.3792 3.3519 3.3051 3.2232 3.2467 3.1342 3.1088 3.0877 3.0018 3.0364 3.0116 2.9899 3.0819 2.9905 3.0130 2.9862 2.9347 2.9891 2.9648 2.9354 2.9781 3.0230 2.9728 3.1489 2.0081 
3.9279 4.4988 3.4914 3.7696 3.5147 3.3635 3.2796 3.2879 2.9433 2.9451 2.9020 2.8357 2.9678 2.9061 2.8707 2.8284 2.7897 2.7882 2.7857 2.7810 2.7837 2.5822 2.6052 2.5816 2.5235 2.8023 2.7321 2.6996 2.7568 2.8384 2.3175 3.0835 1.2832 
4.0199 4.4034 4.0723 3.4686 2.8900 2.4730 2.3267 2.8704 2.7669 2.4980 1.7621 2.5471 2.5004 2.3019 2.0767 1.8581 1.6853 1.8158 1.9531 2.1627 2.3049 2.3047 1.4606 2.1422 2.3352 2.4027 1.7653 1.8094 2.1266 2.5429 2.9268 2.9530 1.9157 
3.5186 4.3382 4.0774 3.7496 3.6602 3.4840 3.4509 3.5089 3.2545 3.1542 3.1908 3.0780 3.1530 3.1410 3.0589 2.9737 3.0101 2.9185 2.9401 2.9998 2.9565 2.8133 2.8872 2.7998 2.8375 3.0291 2.8684 2.8196 2.8785 2.8106 2.9290 2.8986 1.8221 
3.4940 4.2729 3.2630 3.8157 3.4402 3.2498 3.2661 3.4058 3.2178 3.0620 2.9580 2.9789 2.7775 2.5407 2.6469 2.7443 2.7721 2.6837 2.5490 2.4195 2.5649 2.7519 2.6647 2.6950 2.8019 2.8857 2.7135 2.5841 2.6545 2.8890 2.2258 2.8390 0.8659 
3.8102 4.2535 4.1716 3.6542 3.0225 2.7793 2.9038 3.1404 2.8037 2.4618 2.3112 2.2224 2.4643 1.5084 1.8953 1.4841 2.1267 1.4428 1.8151 1.3998 2.2586 1.9841 2.0161 2.1092 2.3941 2.6459 2.3539 2.1152 2.2247 2.7488 3.0820 2.8389 1.6319 
4.0584 4.2965 4.1369 3.2416 3.4398 3.1999 3.1329 3.2170 2.6293 2.0868 2.2763 1.9295 2.5961 2.5808 2.4598 2.5525 2.4906 2.5085 2.3746 2.4539 2.4284 1.6896 1.9865 1.7235 2.1995 2.7488 2.5541 2.5398 2.6622 2.3126 3.0319 2.8709 1.9709 
3.7638 4.1040 4.0067 3.9507 3.5093 3.2666 3.1724 3.1722 2.8404 3.0992 2.9056 2.9592 2.8565 2.8617 2.7498 2.7768 2.4378 2.7416 2.6346 2.7437 2.6709 2.7397 2.6109 2.7482 2.4326 2.6924 2.5936 2.6033 2.7529 3.0569 2.8952 2.6583 1.8384 
3.7610 4.2881 4.3379 3.8590 3.3128 3.2545 2.9675 2.7620 3.1872 2.2595 1.4529 2.7685 2.5855 2.4906 2.3089 2.5206 2.2019 2.4782 2.2109 2.3558 2.4190 2.5103 1.1376 1.8907 2.7769 2.2500 2.4163 2.5943 2.5304 2.9333 3.2176 2.8709 1.5243 
3.7089 4.3279 4.2570 3.6412 3.8599 3.7257 3.6295 3.5510 3.3553 2.9148 3.1898 3.0701 3.0981 3.0493 3.0077 2.9920 2.7991 2.9354 2.8963 2.8855 2.8866 2.8065 2.8867 2.5576 2.9131 3.0826 3.0801 3.0614 3.1014 2.7291 3.1502 2.8956 1.8634 
3.6843 4.3227 3.9388 4.1724 3.6691 3.3303 2.9039 3.3733 3.2027 3.0383 3.1253 3.0240 3.0748 2.9693 2.9251 2.8940 2.8699 2.8552 2.8368 2.8269 2.8563 2.7775 2.8193 2.6702 2.7894 2.8641 2.3509 2.6681 2.8840 3.2492 2.8433 2.8761 0.1448 
3.7605 4.2010 4.1773 3.8669 3.5190 3.4231 3.2413 2.8089 3.1022 2.5449 2.5244 2.7438 2.7569 2.6456 2.6384 2.6795 2.5760 2.6218 2.5419 2.5013 2.5447 2.4793 2.2223 2.1852 2.6732 2.3243 2.6860 2.7617 2.7605 2.9443 3.0915 2.7841 1.5662 
3.1314 4.3035 4.2747 3.7378 3.8367 3.5317 3.4816 2.3700 3.1309 3.1288 3.0707 3.0024 2.9558 2.9046 2.9128 2.8768 2.8709 2.8316 2.8268 2.7797 2.7755 2.7647 2.7625 2.7745 2.7202 1.8709 2.8998 2.8701 3.0821 2.7994 3.1614 2.8816 1.2997 
3.8287 4.2561 3.9928 3.9551 2.2544 3.1388 3.4520 3.4480 3.2949 3.0253 2.8394 2.7442 2.8333 2.8888 2.8217 2.7230 2.4786 2.6622 2.7471 2.7664 2.6404 2.4796 2.5387 2.6600 2.8725 2.9406 2.8702 2.4700 1.5096 3.0621 2.8747 2.8247 1.3659 
3.7890 4.0835 3.9464 3.9092 3.4612 3.4077 3.5185 2.6910 2.4172 2.3477 1.5143 2.4278 2.2114 2.0608 2.1564 1.7543 2.0418 1.6996 2.0816 1.8909 2.0309 2.1661 1.2048 1.9878 1.9704 2.1811 2.9442 2.7460 2.6866 3.0058 2.8533 2.6260 1.6597 
3.4947 4.2072 4.1481 3.8726 3.6260 3.3099 3.3704 1.1908 2.4296 2.6908 2.6045 2.3006 2.4340 2.4885 2.3313 2.4708 2.1546 2.4335 2.2244 2.3524 2.2216 2.0768 2.3115 2.3226 2.0031 0.7328 2.7929 2.6504 2.8500 2.9550 3.0454 2.7931 0.0239 
3.5106 4.0204 3.6377 3.5332 3.0911 3.0848 2.7655 3.0868 2.8862 2.6255 2.5288 2.7023 2.7292 2.6792 2.6412 2.5724 2.5421 2.5324 2.5442 2.5259 2.5148 2.4518 2.2234 2.2626 2.4725 2.5668 2.1779 2.4200 2.2963 2.6241 2.5189 2.5600 0.9561 
3.3448 3.7539 3.5274 3.4460 3.0601 2.5110 2.6758 2.1957 2.1403 2.1678 2.1947 1.8717 1.8587 2.2196 1.9386 1.6701 1.9848 1.6136 1.8498 2.0962 1.6759 1.6238 1.8893 1.8102 1.7308 1.7063 2.1085 1.8493 2.2536 2.5183 2.4413 2.3033 1.1041 
3.2225 3.7652 3.5953 2.8360 2.8054 2.8740 2.4536 2.5423 2.3692 2.2690 2.2812 2.2103 2.2012 2.1373 2.1197 2.0828 1.9234 2.0249 2.0274 1.9930 2.0185 1.9656 1.9875 1.9071 1.9267 2.0737 1.8726 2.2093 2.0323 1.9277 2.4855 2.3332 0.8767 
1.8530 3.6781 3.2879 2.9842 2.7755 2.6846 2.6886 2.4320 2.4068 2.3230 2.2757 2.0226 1.8945 2.1219 2.0745 1.9520 1.8226 1.8989 1.9536 1.9695 1.7296 1.7785 1.9812 1.9576 1.9587 1.9164 2.1151 2.0186 1.9909 2.0810 2.1674 2.2295 0.8639 
2.8204 3.4113 2.7948 2.5018 2.6353 1.7998 2.1768 1.9621 1.8394 1.7250 1.7921 1.7488 2.1010 1.9045 1.9381 1.8497 1.7105 1.8078 1.8479 1.7804 1.8886 1.4817 1.4847 1.3604 1.4314 1.4760 1.6029 1.1440 1.8603 1.5673 1.6460 1.9527 -0.3112 
0.9765 2.9516 2.4102 2.4489 2.1439 1.5560 2.1733 2.0010 1.6980 1.8913 1.6539 1.9896 1.7317 1.3441 1.5858 1.4660 1.1775 1.4313 1.5024 1.1998 1.5190 1.7579 1.3628 1.5362 1.2564 1.5034 1.5966 0.8872 1.3855 1.5216 1.2454 1.5231 0.2459 
2.8942 2.7972 2.1666 2.2971 1.5285 2.4230 2.0401 2.1515 1.8910 2.0416 2.4435 2.4446 2.2759 1.7919 1.4608 1.4238 1.2836 1.3710 1.3741 1.6401 2.1009 2.1867 2.1371 1.6765 1.4727 1.6583 1.4670 1.7590 0.7489 1.4118 1.0637 1.3741 0.8893 
2.3412 2.3680 1.7689 1.9770 2.2217 2.0390 2.1077 2.0036 2.0848 0.7007 1.2627 1.2989 1.7898 1.2738 1.4482 1.2028 0.5630 1.1607 1.3519 1.1363 1.5798 1.0770 0.9611 0.2723 1.6434 1.5073 1.5229 1.3691 1.4579 1.0737 0.5895 0.9096 -0.0200 
2.4615 1.9095 2.0537 0.9591 1.5939 1.8588 1.7763 1.2640 1.8152 1.4641 1.2567 1.2829 1.4321 1.2676 1.3592 0.7879 1.1885 0.7570 1.2458 1.1358 1.2215 1.0606 0.9621 1.1096 1.4133 0.7838 1.1916 1.1984 0.8262 0.0593 0.9210 0.4670 0.4031 
2.7668 1.8828 1.8989 1.9214 1.8324 1.4506 1.6710 1.8880 1.8395 1.7648 1.3555 1.3366 1.4789 1.4605 1.2934 1.1504 0.8542 1.1147 1.1981 1.3106 1.2788 1.1029 1.0646 1.4126 1.4323 1.4199 1.1099 0.7918 1.0809 1.0233 0.7949 0.3483 0.6729 
2.9947 2.5373 2.1802 1.7977 1.8561 1.7662 1.8276 1.7868 1.2894 1.5906 1.5316 1.4314 0.9238 1.4138 1.4602 1.0940 0.5954 1.0436 1.3682 1.2367 0.7519 1.1713 1.2278 1.2303 0.8712 1.2807 1.2447 1.0972 1.0928 0.8769 1.0809 1.0913 0.8943 
2.6448 2.4476 1.7087 2.0204 1.5498 1.7134 1.4553 1.4163 1.2525 1.4645 1.3203 0.8751 0.8291 1.1663 0.6675 1.1894 0.9121 1.1470 0.5634 1.0351 0.6302 0.6327 1.0266 1.1123 0.8348 0.8959 0.8691 1.0531 0.7788 1.1108 0.5573 0.9985 0.5582 
2.4893 2.0422 1.9765 2.1591 1.5796 1.7295 1.2272 1.5644 1.3582 1.5599 1.6873 1.4055 1.3585 1.1989 0.6143 1.3637 1.4432 1.3080 0.5241 1.0782 1.1592 1.1389 1.3979 1.2103 0.9129 1.1002 0.6593 1.0659 0.8153 1.2363 0.8661 0.5723 0.4276 
2.4565 2.2264 2.1566 1.8899 0.5559 1.7868 1.8941 1.8252 0.4804 1.0941 1.5293 1.2630 1.1660 1.2714 0.5467 0.9900 1.4791 0.9388 0.4545 1.1402 0.9732 1.0386 1.2257 0.7344 0.0800 1.3326 1.3365 1.1268 -0.2636 0.9785 1.0701 0.8035 0.4014 
2.8055 2.1987 1.8808 1.9039 1.2107 1.4979 1.3836 0.8800 1.5033 1.1199 1.5567 1.4693 1.3733 1.2494 1.4454 0.8414 0.7653 0.7971 1.3472 1.1236 1.1683 1.2160 1.2538 0.7643 1.0973 0.4185 0.8019 0.8381 0.4479 1.0021 0.7847 0.7480 0.7534 
2.7773 2.1818 2.0192 1.7616 1.3404 1.3960 0.9790 1.1473 1.2476 1.1854 1.6388 1.4402 1.5864 1.2030 0.4113 0.1294 0.8059 0.0934 0.2865 1.0837 1.4211 1.1814 1.3456 0.8272 0.8360 0.6594 0.4233 0.7311 0.5587 0.8333 0.8932 0.7248 0.6857 
1.8127 1.3456 1.5311 1.5622 1.2617 1.4190 1.4308 1.4716 1.4442 0.5134 1.2667 1.3637 1.2227 0.9638 1.0652 1.1716 0.7231 1.1297 0.9492 0.8236 1.0462 1.1168 0.9748 0.1650 1.0139 0.9781 0.8468 0.7501 0.5055 0.6765 0.4334 -0.1014 -0.1682 
2.8532 2.7278 2.3188 1.4834 1.7309 0.9510 1.4807 1.0964 1.2063 1.3103 1.3298 1.1433 1.3476 0.7892 1.0819 0.1105 0.5823 0.0536 0.9608 0.6350 1.1493 0.8924 1.0396 0.9449 0.7899 0.5873 0.8961 0.3150 0.9311 0.5678 1.2011 1.2677 0.8118 
2.8592 2.7526 2.5025 2.2921 2.0798 1.8406 1.5036 1.6509 1.4847 1.1840 1.4149 0.6040 1.5019 1.4245 1.2616 1.4211 1.5161 1.3659 1.1730 1.2538 1.3091 0.3520 1.1068 0.8221 1.0820 1.1598 0.9245 1.1769 1.2756 1.3981 1.4154 1.3020 0.8247 
3.0093 2.5249 2.5019 2.0830 1.7436 1.4952 1.5981 1.6006 1.8179 1.5409 1.2672 0.0469 1.4883 1.6207 1.1563 1.4861 1.5859 1.4480 1.0813 1.4831 1.2912 -0.2188 0.9702 1.1834 1.4159 1.1266 1.0489 0.8354 0.9432 1.1475 1.4125 1.0883 0.8969 
2.5399 1.4948 1.7310 1.9463 1.7956 1.2889 1.4127 1.2361 1.4933 1.5404 0.9378 1.1776 1.2590 0.3283 1.2183 1.0969 1.1796 1.0477 1.1315 0.1823 1.0921 0.9245 0.6377 1.1796 1.0896 0.7668 0.8172 0.6255 1.0123 1.0561 0.6300 -0.0252 0.4458 
2.7337 2.4217 2.2251 1.3518 1.6071 1.7549 1.4281 1.1033 1.3907 1.1834 1.4146 0.1625 1.3459 1.4066 0.6250 0.2761 1.2607 0.2281 0.5299 1.2305 1.1491 -0.1004 1.1053 0.8284 0.9448 0.5874 0.8420 1.0910 0.8364 0.4497 1.1252 0.9509 0.6100 
1.9054 2.3451 2.2888 1.8717 0.6070 1.6685 1.5364 1.5541 1.5235 0.9262 1.1635 1.4354 0.3251 0.8040 1.0903 0.6702 0.8939 0.6110 0.9744 0.6506 0.1588 1.1721 0.8638 0.5749 1.1105 1.0863 0.9521 1.0088 -0.2655 0.9391 1.1861 0.9333 -0.2827 
3.4116 2.8435 2.4945 2.4141 2.2545 2.2141 2.0176 2.0004 1.8325 1.7346 1.6476 1.0338 1.7613 1.2420 1.4418 1.5618 1.2547 1.5225 1.3407 1.1180 1.5499 0.7879 1.3568 1.3694 1.4273 1.5043 1.4478 1.5509 1.4890 1.4796 1.3908 1.3864 1.3018 
2.7092 1.6367 1.7510 1.4037 1.6014 1.1426 0.8944 1.1630 1.2818 1.2972 1.2717 1.4279 1.1033 1.2707 0.0891 1.1311 0.7665 1.0946 -0.0176 1.1392 0.8941 1.1645 0.9873 0.9323 0.8714 0.6816 0.3409 0.4872 0.8390 0.4720 0.6315 0.0328 0.5903 
3.1520 2.6433 2.4125 2.2236 2.0163 1.8909 1.7561 1.7494 1.4955 1.4238 1.5167 1.7474 1.8549 1.7922 1.7645 1.5800 1.2000 1.5389 1.6568 1.6415 1.6677 1.4831 1.2154 1.0636 1.0899 1.2275 1.1646 1.2265 1.2265 1.3162 1.2711 1.1767 1.0908 
2.8854 2.0810 1.5293 1.6328 1.4806 1.4188 1.4833 1.4830 1.2889 1.2561 1.3416 1.2895 -0.0087 1.1130 0.7959 0.5024 1.1447 0.4631 0.7112 0.9553 -0.1877 1.0702 1.0514 0.8957 0.8710 0.9914 0.8979 0.7530 0.7137 0.7272 0.4214 0.5258 0.8040 
2.6169 2.1898 1.6416 1.3967 1.3558 1.2188 1.0973 1.0595 1.3530 1.1593 0.9980 1.0980 0.9339 0.6437 1.2716 1.0183 0.9122 0.9605 1.1815 0.5044 0.7633 0.8368 0.7085 0.8043 0.9126 0.5470 0.5058 0.5538 0.5647 0.4673 0.5225 0.7491 0.5341 
3.1089 2.5429 2.0942 2.1612 2.0280 1.4667 1.8935 1.5795 1.1471 1.1275 1.3038 1.1085 1.3229 1.5192 1.4682 1.3440 1.6222 1.2871 1.3816 1.3956 1.1307 0.8490 1.0098 0.7732 0.7447 1.1079 1.3353 0.8056 1.2309 1.2359 0.9485 1.0889 1.0244 
1.6598 1.6353 1.2649 1.4052 1.5000 0.5212 1.1188 0.7499 1.2202 1.3884 1.1038 1.3490 1.3830 0.9221 1.1268 1.0502 0.2490 0.9905 1.0376 0.7958 1.1715 1.1094 0.7976 1.0222 0.8032 0.2272 0.5352 -0.1083 0.7529 0.4691 0.1471 0.2457 -0.4713 
2.2760 1.9050 1.2138 1.4533 1.4194 1.3340 1.4416 1.1692 1.4272 0.8796 1.0888 1.2774 1.3116 1.4431 1.5330 1.4375 1.2263 1.3942 1.4506 1.2836 1.1262 1.0517 0.7812 0.5248 0.9901 0.6824 0.8560 0.6734 0.6246 0.5299 0.1195 0.4649 0.1900 
2.8554 2.3523 2.1093 1.9077 1.7524 1.4696 0.9232 1.3662 1.4271 1.4971 1.4998 1.5006 1.3412 1.3256 0.9235 1.3416 1.2405 1.2841 0.8435 1.1780 1.1457 1.2472 1.1981 1.1429 0.9904 0.8605 0.3644 0.8064 0.9569 1.0092 0.9865 0.8741 0.7865 
2.2395 1.0599 1.3309 0.9943 1.5402 1.6307 1.3826 0.8221 1.5293 1.2748 1.2304 1.4424 1.4147 1.3049 1.4295 1.4005 1.4020 1.3393 1.3212 1.1638 1.1965 1.1847 0.9345 0.9083 1.1191 0.3257 0.7980 0.9686 0.7859 0.0966 0.2232 -0.2046 0.1615 
0.8143 1.7617 1.4368 1.6250 0.4218 1.1673 1.3774 1.3736 0.5888 1.3191 0.8388 0.8267 0.6384 1.1913 1.1301 0.4991 -0.3761 0.4686 1.0424 1.0665 0.4552 0.5752 0.5413 0.9517 0.1833 0.8675 0.7975 0.5042 -0.4605 0.7365 0.3003 0.3392 -1.2085 
2.0422 1.8712 0.9767 1.1549 1.1623 1.5379 1.4404 1.1436 1.4891 1.2419 1.0040 0.2335 1.0004 0.8446 0.6626 1.1186 1.2682 1.0843 0.5599 0.7169 0.8092 0.0048 0.7086 0.8905 1.0850 0.6561 0.8477 0.8808 0.3929 0.2434 -0.1221 0.4780 -0.0350 
1.9896 1.4954 1.1415 1.2190 1.1434 1.0226 1.5243 1.2193 1.3579 1.5432 0.9641 0.9059 0.0150 1.0041 -0.0288 1.1473 1.3028 1.1100 -0.1059 0.8546 -0.1706 0.6772 0.6659 1.1846 0.9201 0.7491 0.9508 0.3645 0.3818 0.3059 0.0555 0.0513 -0.0827 
2.7582 2.4214 2.1317 2.0518 1.6512 1.7041 1.3273 1.4394 1.9081 1.6604 1.6260 1.7776 1.4566 0.6447 1.0576 1.2924 0.4384 1.2381 0.9405 0.5065 1.2444 1.5197 1.3337 1.2961 1.4955 0.9302 0.7696 1.0376 0.8755 1.1250 1.0283 0.9456 0.6680 
2.9368 2.5042 2.2716 2.1229 1.8648 1.5996 1.4175 1.8901 1.4394 1.6835 1.4929 1.4549 1.5165 1.5699 1.4963 1.1696 1.4197 1.1279 1.4204 1.4475 1.3257 1.2017 1.1888 1.3184 1.0091 1.4224 0.8246 0.9348 1.1054 1.1956 1.1638 1.0596 0.8505 
2.9076 2.0850 1.2567 0.8064 0.9140 1.2161 1.7583 1.6151 1.5362 1.4911 1.5743 1.1179 1.2436 1.3209 0.9690 0.8332 0.5576 0.7988 0.8734 1.1775 1.0840 0.8620 1.2791 1.1348 1.1235 1.1305 1.1667 0.5582 0.1280 -0.2200 0.2038 0.5446 0.8308 
2.4620 1.9036 1.7683 1.5610 1.2042 0.9083 0.8264 1.2781 1.0396 0.9787 0.9414 0.8695 0.8985 -0.1592 0.7738 0.9812 0.9358 0.9248 0.6718 -0.2610 0.7356 0.6250 0.6451 0.6110 0.5974 0.7993 0.2585 0.2328 0.4379 0.6502 0.6616 0.4952 0.4145 
2.6235 1.8767 1.6329 1.5857 1.3072 1.7125 1.7350 1.1376 0.3626 1.2766 0.1183 1.3759 1.6180 1.5216 1.2542 0.4669 0.8946 0.4325 1.1669 1.3992 1.4411 1.1255 -0.1997 0.9132 -0.0734 0.6370 1.1454 1.0501 0.5268 0.6803 0.5133 0.3895 0.5460 
2.4958 2.3754 2.1389 1.5054 1.7724 1.6295 1.5338 1.2893 1.5482 1.3339 0.5784 1.1075 1.1275 1.1602 1.3169 1.0877 0.8286 1.0273 1.2195 1.0270 0.9183 0.8499 0.2871 0.9655 1.1336 0.8098 0.9580 0.9658 0.9950 0.5722 1.0349 0.9217 0.4373 
2.6004 1.7940 0.9441 0.7519 1.1443 1.1294 1.6371 1.7532 1.4493 0.9184 0.9405 1.1545 1.4243 0.5606 1.3088 1.3921 1.2050 1.3315 1.2141 0.4315 1.2109 0.8983 0.6424 0.5604 1.0211 1.2304 1.0901 0.4756 0.3936 -0.2203 -0.0855 0.3241 0.5263 
1.4275 1.4115 1.4394 1.4188 1.2249 0.8316 1.0094 0.8790 0.7972 0.4729 0.7355 1.2075 1.2083 1.4113 1.2311 1.1888 1.3188 1.1477 1.1476 1.2364 1.0270 0.9624 0.4346 0.1220 0.3861 0.4087 0.4437 0.1621 0.4606 0.4887 0.3220 -0.0499 -0.7966 
