2.7416 1.4484 1.8817 1.9332 1.7528 1.5329 1.3914 1.5844 1.5689 1.1267 0.3695 0.8334 0.2494 1.0165 1.3714 1.3248 1.2513 1.2654 1.2514 0.8525 0.0522 0.5725 0.0635 0.7568 1.1325 1.0913 0.7739 0.8291 0.9004 0.9731 0.7253 -0.2377 0.5223 
2.9758 2.3970 2.1206 1.7251 1.5349 1.5968 0.0794 1.5787 1.8059 1.6363 1.6823 1.0123 1.0681 1.3760 1.4759 1.5587 0.5328 1.5099 1.3896 1.2071 0.8348 0.7531 1.3743 1.2518 1.3601 1.0870 -0.5169 0.8976 0.7362 0.7543 0.9204 0.8393 0.8039 
2.0886 1.7032 1.6950 1.2944 1.5541 1.4528 1.5706 1.5275 0.0253 1.1329 1.4490 1.4070 1.3221 1.5288 1.5318 1.3658 0.8837 1.3020 1.4457 1.3996 1.1216 1.1304 1.1267 0.7585 -0.5314 1.0218 0.9789 0.7553 0.7546 0.3536 0.5066 0.2359 -0.1762 
2.1432 2.1026 1.6241 1.8473 1.1892 1.8737 1.4866 1.4531 1.5101 0.9921 1.4330 1.1173 0.8099 0.5965 0.3061 0.9205 0.5416 0.8712 0.1935 0.4475 0.6027 0.8474 1.1061 0.6063 1.0797 0.9113 0.8690 1.1740 0.3873 0.8743 0.4851 0.6121 -0.0880 
2.8634 1.9596 1.5979 1.6600 1.2052 1.4268 1.6100 1.7063 1.3951 0.6494 1.1997 1.2748 0.3886 1.4186 1.3889 1.4740 0.9056 1.4353 1.2657 1.2331 0.1643 1.0397 0.8790 0.2800 0.9280 1.1768 1.0269 0.7217 0.3892 0.7072 0.4144 0.3703 0.6615 
2.6314 2.1044 1.9440 1.4215 1.4590 1.4433 1.7302 0.9617 1.5728 1.5001 0.8680 -0.6729 1.2778 1.1293 1.2983 1.1596 0.6754 1.1148 1.2011 0.9711 1.0949 -0.9810 0.5548 1.1244 1.1387 0.4509 1.1184 0.7461 0.6360 0.4383 0.7829 0.5261 0.4462 
1.8025 2.3307 2.1600 1.9380 1.8955 1.7440 1.3388 0.8089 1.3664 1.3245 1.6376 0.8948 1.3450 0.6494 1.1381 1.1446 1.0712 1.1039 1.0600 0.4855 1.1370 0.6494 1.3263 0.9474 0.8972 0.3146 0.7418 1.0382 1.0959 0.9870 0.9946 0.8459 -0.3448 
2.2920 2.0481 1.7235 1.8593 1.8753 1.2238 1.4062 1.5432 1.2898 1.1201 0.8535 1.1714 0.5406 1.2369 1.1290 1.1195 0.8815 1.0812 1.0403 1.1067 0.3664 0.9051 0.5321 0.7465 0.8441 1.0426 0.7877 0.5180 1.0783 0.8870 0.5295 0.5135 0.1137 
1.8167 1.7385 1.2342 0.3940 1.4184 1.1249 1.1654 1.2696 1.3449 1.2126 1.1687 1.2123 1.2197 1.4547 0.7727 1.2779 1.1562 1.2240 0.6834 1.2906 1.0352 0.9580 0.8517 0.8372 0.8820 0.7659 0.5531 0.4238 0.5673 -0.5370 0.0414 0.2146 -0.5670 
2.0244 2.1526 1.9962 1.5551 1.2116 1.3986 1.4251 1.5061 1.5235 1.5580 1.1814 1.4725 1.6151 1.5706 1.0814 1.0787 1.1445 1.0279 0.9566 1.4388 1.4355 1.2078 0.8647 1.1796 1.0948 0.9922 0.8048 0.7049 0.4140 0.5796 0.8280 0.6504 -0.1561 
0.7489 1.9023 2.0697 1.7541 1.7893 1.8857 1.7424 1.3249 1.4412 1.2077 0.1730 1.3811 1.1379 1.2232 1.4898 1.1998 0.1697 1.1517 1.4079 1.0954 0.9200 1.1155 -0.1013 0.8249 0.9845 0.8006 1.1243 1.1864 0.9597 0.7744 0.8810 0.4182 -1.1663 
1.9593 2.5424 2.1187 1.7492 1.7828 1.7370 1.4235 1.5202 1.3481 1.3368 1.2733 1.5127 1.2017 1.1383 1.2813 1.0765 1.1663 1.0108 1.1864 0.9849 1.0121 1.2435 0.9709 0.9467 0.8856 1.0111 0.7975 1.0372 0.9520 0.7644 0.9176 1.0647 -0.2209 
2.7294 2.4763 2.1649 1.4759 1.4816 1.7667 1.5127 1.8181 0.6645 1.3687 1.4096 1.5743 1.6731 1.0915 1.0498 1.1991 1.4464 1.1549 0.9261 0.9151 1.4730 1.3293 1.0854 0.9830 0.2029 1.2845 0.9046 1.0676 0.6675 0.5027 0.9855 0.9262 0.5257 
2.4033 1.8042 1.2306 1.5027 0.8139 0.8101 1.4890 1.7624 1.6016 1.4039 1.1089 1.3802 1.2096 1.4215 1.4062 1.6857 1.5220 1.6261 1.2837 1.2372 1.0246 1.1147 0.7844 1.0153 1.1631 1.2181 0.8726 0.1025 0.0067 0.5312 0.0645 0.2181 0.1730 
1.9756 1.7696 1.2920 1.1009 1.3156 1.3475 0.8179 1.0733 1.2785 1.2649 1.0702 1.2535 1.3231 1.2272 0.8460 0.9118 1.1152 0.8683 0.7562 1.0979 1.1228 1.0176 0.7414 0.8798 0.8382 0.5250 0.2140 0.6450 0.5002 0.1206 0.1413 0.2893 -0.2967 
2.3307 1.1836 1.0740 0.4741 1.4301 1.0653 1.2686 0.7473 1.1133 0.9494 1.1085 1.2006 1.0710 1.0118 1.3695 0.8506 0.8187 0.8101 1.2472 0.8524 0.8460 0.9411 0.7832 0.5675 0.6752 0.2020 0.6920 0.3447 0.6019 -0.3748 -0.0440 -0.1542 0.1046 
2.4818 1.1862 1.2233 1.6297 1.5439 1.4504 0.7539 1.1081 1.4619 1.3737 1.4358 1.4508 1.0419 1.6824 1.4340 0.7337 0.3780 0.6775 1.3160 1.5267 0.8195 1.1774 1.1095 0.9882 1.0196 0.5806 0.1358 0.7468 0.7449 0.6974 0.0824 -0.3410 0.2768 
2.2001 2.3692 2.2082 1.8250 1.5072 1.1372 1.8171 1.4746 0.8662 1.4586 1.6790 1.2819 0.9030 1.3626 1.3139 0.7280 0.9200 0.6741 1.2087 1.1992 0.7331 1.0411 1.3714 1.0883 0.4195 0.9436 1.2057 0.4321 0.7090 0.8513 1.0612 0.8654 0.0396 
2.6858 1.9928 1.3977 1.6870 1.5702 1.4618 1.6172 1.3587 1.0049 1.5035 1.4740 1.1615 0.8605 1.4482 1.5983 1.4295 1.2513 1.3724 1.5077 1.2810 0.6770 0.8909 1.1519 1.1292 0.5412 0.8259 1.0376 0.7626 0.7641 0.7357 0.2085 0.4611 0.5177 
1.7590 1.5698 1.7494 1.3557 1.5859 1.1274 1.4687 1.2930 1.5409 1.5744 1.2803 1.4855 1.3293 1.2990 1.1047 0.5936 -0.1650 0.5381 0.9992 1.1520 1.1262 1.2185 0.9690 1.2019 1.1072 0.7830 0.8561 0.4247 0.7853 0.3916 0.5432 0.1140 -0.4860 
2.5745 1.3744 0.8724 1.5155 1.0433 1.1879 1.5917 1.5111 1.3682 1.5806 1.2260 1.4835 0.5194 1.1249 1.4808 1.2365 1.4982 1.1963 1.3955 0.9732 0.3350 1.2173 0.9132 1.2082 0.9036 0.9947 1.0132 0.4812 0.2049 0.5516 -0.3437 -0.1183 0.3904 
2.5806 1.8020 1.6588 1.4729 1.1528 0.8434 0.9771 0.4230 1.4274 1.5245 0.6694 1.4510 1.4866 1.4231 1.2540 0.5505 1.1652 0.5128 1.1626 1.2382 1.2738 1.1802 0.3661 1.1471 0.9632 -0.1356 0.3875 0.1496 0.3385 0.4852 0.5048 0.2996 0.4021 
2.7563 2.1295 1.5044 1.4975 1.3847 0.8591 1.5567 1.7190 1.6907 1.4362 1.0602 1.3791 1.3337 1.1672 1.1237 0.9677 -0.1203 0.9079 1.0311 1.0320 1.1306 1.1140 0.7361 1.0593 1.2265 1.1855 0.9603 0.1691 0.5430 0.5356 0.3702 0.5600 0.5544 
1.2180 1.6241 1.6143 1.4657 1.6851 1.5717 1.1294 1.1108 0.4976 1.2247 1.4233 1.4878 1.3874 1.6612 1.6238 1.7068 1.5583 1.6451 1.5284 1.5109 1.1667 1.2201 1.0980 0.8551 0.0704 0.5744 0.5158 0.8704 0.8637 0.4937 0.4566 0.1296 -0.8676 
2.6329 1.9509 1.0737 1.7129 1.7782 1.5488 1.1228 0.2531 1.3521 1.2366 0.4656 1.0732 1.4849 1.4261 1.5377 1.3946 0.6730 1.3278 1.4510 1.2452 1.2723 0.7962 0.1517 0.8644 0.8885 -0.2771 0.5054 0.8483 0.9381 0.7535 -0.1187 0.4376 0.4706 
0.9369 1.4294 1.7589 1.5687 1.5624 1.2272 1.7475 1.3911 0.8036 1.2223 1.5698 1.4855 1.4520 1.1839 1.2012 0.7311 0.5890 0.6767 1.1128 1.0547 1.2251 1.2188 1.2482 0.8535 0.3718 0.8494 1.1298 0.5371 0.7568 0.6051 0.5611 -0.0549 -1.2316 
2.9774 2.3317 1.8229 1.7717 1.8277 1.0933 1.5872 0.9658 0.8669 1.0616 1.3713 1.3082 1.2689 0.9621 1.2361 1.1250 1.5747 1.0857 1.1499 0.8083 1.0858 1.0717 1.0648 0.6720 0.4262 0.4357 0.9951 0.3874 1.0117 0.7797 0.6335 0.7748 0.7913 
2.1695 2.0300 1.7765 1.7497 1.4470 1.2977 1.7735 1.7612 1.4740 1.1233 1.2499 1.0806 1.1479 1.5404 1.4397 0.9222 0.2607 0.8694 1.3259 1.4151 0.9424 0.8015 0.9384 0.7504 1.0365 1.2161 1.1500 0.6050 0.6127 0.7717 0.5762 0.5065 -0.0398 
1.4627 1.8123 1.8162 1.6687 1.6618 1.6304 1.4340 1.4312 1.4097 1.4566 1.0878 1.0790 1.1766 1.0807 0.8313 0.4430 0.6065 0.4011 0.7458 0.9030 0.9780 0.8027 0.7627 1.0849 0.9355 0.8805 0.8106 0.9260 0.8413 0.7294 0.6558 0.3472 -0.8778 
2.8751 2.2721 2.0556 1.8255 1.5168 1.0979 0.8486 1.5699 1.5821 1.3241 1.5953 1.5948 1.0845 1.1421 0.4128 1.3679 1.5598 1.3084 0.3122 0.9977 0.8559 1.3531 1.2850 0.9426 1.1480 1.0763 0.2468 0.4021 0.7246 0.8521 0.8679 0.7372 0.6894 
0.9515 1.4383 1.8164 1.2623 1.5175 1.1671 1.6303 1.4846 1.2590 1.2828 1.0575 0.0407 0.4842 1.0211 0.8902 0.8975 0.2281 0.8537 0.8001 0.8564 0.2862 -0.2333 0.7344 0.8993 0.8189 0.9650 1.0516 0.4667 0.7225 0.3048 0.6489 -0.0740 -1.1033 
2.1630 2.5141 2.1269 1.8696 1.8677 1.7298 1.6789 1.7976 1.4942 1.7284 1.3506 1.8489 1.6419 1.5162 1.6134 1.7224 -0.6740 1.6592 1.5201 1.3808 1.4515 1.5791 1.0449 1.3417 1.0719 1.2601 1.0859 1.0406 1.0753 0.9054 0.9337 1.0217 0.0296 
3.2175 2.4611 1.9857 1.8267 1.8466 1.9234 1.8270 1.8472 1.6221 1.4257 0.9082 1.2434 1.2165 1.0700 1.4513 1.2295 1.4549 1.1884 1.3470 0.8823 1.0259 0.9939 0.5995 1.0420 1.1797 1.3286 1.2134 1.2209 1.0382 0.8389 0.7969 0.8492 1.0237 
2.2474 2.1154 1.9188 2.0138 1.8138 1.5581 1.8226 1.3974 1.4306 1.3843 1.3426 0.5707 1.0463 1.3723 1.2172 1.1599 1.3014 1.1165 1.1258 1.2083 0.8216 0.3450 1.0346 0.9970 0.9679 0.8491 1.2102 0.8581 0.9900 1.0719 0.7680 0.5600 0.0646 
1.7761 2.1658 1.9684 1.9258 1.9268 1.3452 0.7349 1.4351 1.3089 1.2693 1.2403 1.4337 1.2865 1.2484 1.4417 1.4513 0.8006 1.4112 1.3320 1.1148 1.0975 1.1584 0.9229 0.8900 0.8633 0.8897 0.0865 0.6310 1.1241 0.9808 0.8136 0.6763 -0.3318 
2.8043 1.9351 1.7725 1.5228 1.1440 1.3533 1.1259 0.5667 1.3629 1.1237 0.7009 0.8660 0.6901 0.6067 0.8832 0.8890 0.9132 0.8501 0.7950 0.4556 0.4659 0.6045 0.3772 0.7501 0.9028 0.0495 0.5056 0.6447 0.3242 0.5619 0.5999 0.4240 0.5890 
1.8598 1.7277 1.6459 1.4376 1.3126 1.1978 1.1246 1.0719 1.2339 1.5094 1.5220 1.2723 1.0032 1.4335 1.1888 0.9720 0.8865 0.9122 1.1011 1.2569 0.7935 1.0331 1.2036 1.1348 0.8006 0.5212 0.5108 0.4999 0.4945 0.4549 0.4747 0.1866 -0.3030 
2.8352 2.4955 2.2139 1.9058 1.8621 1.8900 1.5615 1.4247 1.4649 1.5882 1.7590 1.5416 1.3850 1.3064 1.3119 1.3410 -0.3916 1.2801 1.2094 1.1572 1.1640 1.2786 1.4365 1.2178 1.0252 0.8722 0.9590 1.1898 1.0687 0.9383 1.0680 0.9497 0.6377 
2.7889 1.7739 1.4183 1.7068 1.4431 1.6247 1.5423 1.5506 1.3627 1.4438 1.6565 1.1201 0.8155 1.5680 1.5386 1.4476 1.3995 1.4045 1.4521 1.4367 0.6036 0.8511 1.3456 1.0732 0.8977 1.0554 0.9368 0.9227 0.6002 0.7437 0.1832 0.2283 0.5834 
1.2342 1.6043 1.4252 1.5989 1.6252 1.1824 1.5655 1.4549 1.1371 1.1850 0.8245 1.5073 1.4500 1.3496 1.5446 1.5760 1.2374 1.5343 1.4577 1.1907 1.2241 1.2407 0.5182 0.8087 0.7217 0.9096 0.9717 0.4850 0.8154 0.6685 0.2571 0.1290 -0.7984 
2.9000 2.5580 2.1681 1.9942 0.8793 1.2789 1.6483 1.5944 1.4163 1.7198 1.4938 1.4407 0.7250 1.5881 1.2046 1.4896 0.9079 1.4492 1.1141 1.4575 0.5002 1.1647 1.1742 1.3323 0.9480 1.0948 1.0715 0.5710 0.1022 1.0466 0.9966 1.0450 0.7311 
2.8319 3.2325 2.8481 2.7181 2.5372 2.4045 2.3229 2.1870 2.2111 2.1241 2.1244 2.0040 2.0166 1.8287 1.9650 2.0826 2.0569 2.0200 1.8721 1.6748 1.8192 1.7708 1.7974 1.7407 1.7835 1.6635 1.7427 1.7056 1.7304 1.7747 1.6641 1.7414 0.5547 
3.9529 3.8369 3.5198 3.1797 2.9730 2.8271 2.6667 2.5433 2.5919 2.5923 2.4956 2.4332 2.4958 2.3601 2.3093 2.3002 2.2368 2.2570 2.2169 2.2097 2.2721 2.1675 2.1708 2.2153 2.1584 2.0223 2.0856 2.1257 2.1674 2.1941 2.3135 2.3079 1.8274 
4.0272 4.1413 3.4681 3.1649 3.0228 2.8407 3.0052 2.2988 2.8226 1.0874 2.7477 2.1757 2.3226 2.2420 2.3994 2.2096 2.2154 2.1670 2.2814 2.1185 2.1413 1.9009 2.4414 0.5573 2.3504 1.7897 2.4217 2.1410 2.2118 2.1854 2.2606 2.6232 1.8541 
4.0788 3.9206 3.5675 2.9596 2.6866 2.2000 2.5824 2.8203 2.5892 1.9246 2.2078 2.1230 1.4319 1.5103 1.6127 1.2795 0.3102 1.2023 1.5281 1.3509 1.2232 1.8432 1.8867 1.5397 2.1583 2.2739 1.9788 1.5151 1.8850 2.0054 2.3841 2.3899 1.8169 
2.9116 3.5786 3.6742 3.3854 3.2776 3.1825 3.1687 3.0491 2.8863 2.7577 2.8099 2.7176 2.6346 2.6514 2.6301 2.5890 2.5010 2.5437 2.5435 2.5173 2.4636 2.4788 2.4888 2.3724 2.4554 2.5356 2.5455 2.4828 2.4834 2.4479 2.5193 2.0991 0.7720 
4.2991 3.9176 4.1808 3.9239 3.7361 3.6290 3.5503 3.4200 3.4147 3.2627 3.2680 3.2269 3.2032 3.1979 3.1617 3.1052 3.0740 3.0441 3.0353 3.0264 2.9778 2.9595 2.9492 2.8872 2.9667 2.9013 2.9313 2.9290 2.9244 2.9508 2.9938 2.4091 2.1500 
3.3139 4.3670 4.2984 3.9061 3.6776 3.5687 3.5229 3.3605 3.3151 3.3403 3.2481 3.2174 3.1597 3.1679 3.1136 3.0652 3.0259 3.0068 2.9941 2.9828 2.9334 2.9474 2.9276 2.9692 2.8780 2.8587 2.8971 2.8680 2.8738 2.9258 3.1398 2.8796 1.4685 
3.5801 4.3808 3.9763 3.5868 3.4100 3.2552 3.1256 3.0718 2.9655 2.8767 2.8341 2.7734 2.7675 2.7180 2.6856 2.6604 2.6263 2.6163 2.5883 2.5659 2.5537 2.5115 2.5083 2.5032 2.5273 2.5511 2.5173 2.5536 2.5904 2.6152 2.8155 2.8900 1.7193 
3.2005 4.2165 3.9049 3.6382 3.4782 3.3221 3.2740 3.1642 3.0543 2.9796 2.9602 2.8891 2.9041 2.8666 2.8281 2.7815 2.8010 2.7184 2.7051 2.7055 2.6959 2.6223 2.6352 2.6100 2.6094 2.6199 2.6648 2.6226 2.6435 2.6749 2.7250 2.6883 1.1276 
4.3626 4.3797 3.9483 3.5392 3.1883 3.1230 2.9788 2.8349 2.6549 2.6933 2.6824 2.6547 2.6147 2.5442 2.5051 2.4853 2.4971 2.4313 2.4009 2.3968 2.4261 2.4146 2.3720 2.3094 2.2169 2.2858 2.3901 2.4225 2.3522 2.5560 2.7735 2.8749 2.0977 
4.0023 4.2903 3.9588 3.5468 3.4454 3.2539 3.2022 3.2014 3.0318 2.9794 2.9718 2.9055 2.8543 2.8301 2.7982 2.7964 2.7435 2.7323 2.6737 2.6492 2.6282 2.6348 2.6490 2.6090 2.5885 2.6611 2.5844 2.5537 2.6202 2.5701 2.7972 2.8011 1.9259 
3.9128 4.3782 3.3310 2.8037 3.0720 2.9921 2.9218 2.9380 2.7076 2.6212 2.5796 2.5837 2.5497 2.5258 2.4972 2.4630 2.4990 2.3975 2.3877 2.3695 2.3397 2.3193 2.2612 2.2431 2.2585 2.4332 2.3082 2.2888 2.2458 1.8033 2.1340 2.8794 1.5683 
4.3290 4.1001 3.9792 3.7465 3.6355 3.5400 3.4725 3.3692 3.3484 3.2679 3.2207 3.2001 3.1606 3.0748 3.0419 3.0430 2.9860 2.9868 2.9439 2.9210 2.9338 2.9264 2.8985 2.8925 2.9124 2.8659 2.8666 2.8408 2.8398 2.8074 2.8410 2.5861 2.2034 
4.5397 4.1531 4.0262 3.6736 3.2995 2.9662 2.9552 2.8977 2.8611 2.5720 2.3142 2.1650 2.0368 1.6090 1.9205 1.9713 2.0840 1.9219 1.8293 1.4717 1.8322 1.8947 2.0014 2.1946 2.4134 2.3772 2.3499 2.2636 2.4940 2.7110 2.8688 2.6190 2.3341 
2.6131 4.4751 4.3594 3.9294 3.7201 3.5703 3.4711 3.3758 3.4150 3.2855 3.2476 3.2811 3.1769 3.0869 3.1002 3.0528 3.0434 2.9957 2.9826 2.9309 2.9473 3.0154 2.9284 2.9084 2.9672 2.8701 2.8654 2.8693 2.9116 2.9532 3.2018 2.9729 1.0999 
4.2362 4.5793 4.0037 3.1867 3.0906 2.9862 2.6755 2.5884 2.5400 2.1433 1.7604 2.4547 1.4270 1.8534 1.2967 1.5197 0.9342 1.4739 1.1883 1.7080 1.2114 2.1794 1.4496 1.7736 2.1079 2.0878 2.0927 2.2847 2.2646 2.2131 2.8380 3.0469 1.9796 
1.7346 4.5366 4.0926 3.8016 3.5286 3.3293 3.2723 3.2563 3.0428 3.0355 2.9649 3.1261 2.8724 2.8736 2.8540 2.7801 2.7385 2.7168 2.7493 2.7156 2.6527 2.8637 2.6407 2.6524 2.5981 2.7400 2.6612 2.6285 2.6841 2.8462 2.9132 3.0082 1.5447 
3.7449 4.4306 3.9245 3.6358 3.2899 3.2381 3.0590 2.9653 2.8277 2.8609 2.8159 2.8533 2.6682 2.7654 2.6284 2.6260 2.5669 2.5845 2.5411 2.6030 2.4880 2.5797 2.4948 2.4903 2.3622 2.4750 2.4802 2.5421 2.5001 2.6805 2.7662 2.9201 0.8995 
4.0713 4.3615 4.1386 3.7659 3.6134 3.5265 3.3914 3.3221 3.2377 3.2076 3.1957 3.0049 3.0425 2.9987 2.9394 2.9433 2.9144 2.8979 2.8535 2.8655 2.8541 2.7656 2.8707 2.8359 2.8086 2.8274 2.8146 2.8269 2.8223 2.8255 2.9544 2.8691 1.6842 
4.3965 4.5197 3.7737 3.4950 3.3754 3.2005 3.0430 2.5199 2.5577 2.8154 2.8996 3.0729 3.0980 3.0566 2.9492 2.7898 2.5682 2.7267 2.8613 2.9074 2.8904 2.8315 2.5770 2.4205 2.1253 1.9922 2.4702 2.5007 2.5625 2.5135 2.5716 2.9783 2.0847 
4.3398 4.3672 3.0833 3.2976 3.0312 2.6276 2.7030 3.0231 2.9031 2.8736 2.5902 2.1079 2.0271 1.9055 1.4604 2.2123 2.1667 2.1757 1.4184 1.7751 1.8390 1.8240 2.2658 2.4981 2.4768 2.5209 2.1337 1.9454 2.2284 2.3358 1.8470 2.8610 2.1522 
4.0852 4.2428 3.4815 3.4859 2.8334 2.9148 2.6920 3.2194 3.1491 2.7977 2.8857 3.0212 2.8038 2.6561 2.7436 2.2377 2.0453 2.1918 2.6280 2.5213 2.5780 2.7833 2.5649 2.4095 2.6786 2.6881 2.1150 2.2150 1.9942 2.5127 2.2659 2.7164 2.0298 
3.9043 4.0862 3.6490 3.3074 2.4345 2.2858 2.4762 3.2045 3.1217 2.1474 2.9692 2.7078 1.8234 2.0359 2.3448 2.3065 2.1152 2.2624 2.2441 1.8753 1.6040 2.4721 2.6441 1.7769 2.6519 2.6651 1.8724 1.6064 1.6232 2.3419 2.4843 2.5838 1.8569 
3.8890 3.8836 3.8355 3.4556 2.8835 2.4584 2.4889 3.1630 3.2165 2.3530 2.8803 2.2736 2.4987 2.5668 2.3689 2.4099 2.2821 2.3478 2.2660 2.4300 2.2743 2.0197 2.5582 1.9692 2.7717 2.6206 1.8595 1.7587 2.0761 2.4925 2.6355 2.3902 1.7325 
3.9137 3.6397 3.9540 3.5556 3.0632 2.8822 2.6262 3.5068 3.2402 2.9611 3.0785 2.3042 1.8015 1.8342 1.5166 1.7380 0.8367 1.6861 1.4225 1.6936 1.5714 2.0657 2.7691 2.5850 2.8068 2.9663 2.0477 2.1885 2.2518 2.5757 2.7979 2.1874 1.6943 
3.0078 3.3939 4.0136 3.6419 3.4192 3.2980 3.1973 3.0213 3.0771 2.9815 3.3107 3.0616 3.0177 2.9326 2.8634 2.8747 2.8506 2.8362 2.7643 2.8014 2.8377 2.8250 2.9869 2.6093 2.6233 2.5178 2.5780 2.5971 2.5980 2.6656 2.8645 1.8779 0.5328 
4.4046 4.3381 4.3645 3.9509 3.7935 3.6354 3.5708 3.6096 3.3283 3.1928 3.2778 3.2487 3.2156 3.1992 3.1626 3.1586 3.1549 3.0938 3.0360 3.0282 2.9929 2.9785 2.9597 2.8212 2.8929 3.0940 2.9575 2.9350 2.9691 2.9768 3.2080 2.8509 2.2215 
3.6479 4.5958 4.6130 4.2595 3.8727 3.8537 3.7854 3.6281 3.2302 2.9063 3.3271 3.2138 3.2013 3.1733 3.1776 3.0046 2.9709 2.9608 3.0530 2.9878 2.9764 2.9425 3.0102 2.5356 2.7911 3.1180 3.1936 3.1542 3.0221 3.2780 3.4345 3.0883 1.7891 
3.8799 3.8214 4.4894 3.8244 3.1778 3.1216 3.5255 2.5868 2.7422 3.3570 2.4729 2.6940 2.7223 2.8884 2.5634 2.6418 2.5868 2.5992 2.4807 2.7391 2.5231 2.4555 2.1466 2.9782 2.2742 2.0842 2.9001 2.4195 2.3212 2.8415 3.3214 2.2501 1.8644 
4.2516 3.8943 3.9633 3.4039 2.8258 2.5337 3.2002 2.8038 3.1083 2.8698 2.8280 2.2264 1.7778 2.2104 2.2082 1.7887 0.8541 1.7510 2.1260 2.0707 1.5343 1.9636 2.5014 2.4947 2.6468 2.2665 2.5830 1.7993 2.0048 2.4747 2.8094 2.3542 2.0884 
4.1356 4.5153 4.2213 4.0183 3.7152 3.4117 3.6737 3.5750 3.6230 3.5301 3.1827 1.6839 2.8040 2.9585 2.5716 2.4923 2.4636 2.4447 2.4886 2.8302 2.5807 1.4263 2.8558 3.1475 3.1937 3.0448 3.0761 2.7113 2.9038 3.0524 3.0093 2.9924 2.1299 
4.2919 4.0065 3.9129 3.9736 3.7780 3.4644 3.7657 3.6456 3.2042 3.1729 3.4460 3.2740 3.2405 3.2389 3.0350 3.0298 3.0502 2.9772 2.9376 3.0884 3.0272 3.0069 3.1383 2.7889 2.7485 3.1412 3.1835 2.7637 2.9570 2.9986 2.7528 2.4871 2.0680 
4.0759 4.3246 4.2105 4.0984 3.7030 3.6390 3.7677 3.2846 3.1201 3.4557 3.5222 3.1559 2.9872 3.0000 3.0111 2.9227 2.9255 2.8794 2.9180 2.8670 2.8164 2.8799 3.1955 3.0710 2.6602 2.7714 3.1828 2.9408 2.8949 3.1584 3.0183 2.8362 2.0614 
3.7226 4.0781 4.2219 3.1964 3.0307 3.1630 3.5642 3.0731 3.1373 1.9503 2.8366 2.7005 2.6729 2.6462 2.6359 2.6006 2.5692 2.5542 2.5477 2.5131 2.4910 2.4683 2.5117 1.5699 2.6671 2.5517 2.9485 2.4643 2.2153 2.2472 3.0123 2.5859 1.7830 
3.9419 4.2514 4.1153 3.4648 2.7438 3.2260 4.0352 3.3916 3.0656 3.2542 2.9605 2.7010 2.3500 2.5511 2.4301 2.3051 2.1281 2.2613 2.3056 2.4064 2.1586 2.4722 2.6405 2.8786 2.6199 2.8768 3.4497 2.5315 1.8825 2.5144 2.9380 2.7167 1.5651 
3.8830 3.9578 2.7496 3.1705 3.1953 2.9144 3.1222 2.8194 2.7433 2.6999 2.4355 2.2708 2.4235 2.3120 2.2770 2.3349 2.1785 2.2783 2.1910 2.1741 2.2096 2.0172 2.1319 2.3077 2.2827 2.2740 2.5123 2.2200 2.3658 2.2044 1.6659 2.4703 1.8104 
3.1863 2.8486 3.4720 3.0848 2.5470 2.7363 2.7309 2.4532 2.4656 2.3433 2.3133 2.0279 1.6165 1.5921 1.5137 1.4819 1.6687 1.4415 1.4313 1.4629 1.4324 1.7803 2.0016 1.9591 1.9955 1.9140 2.1380 2.0391 1.7425 2.1279 2.2868 1.3173 1.0449 
3.5778 3.6739 3.4609 2.9982 2.7757 2.8286 2.4995 2.4536 2.3225 1.9975 2.4455 2.4537 2.2413 2.3318 2.0415 2.1230 2.1165 2.0602 1.9262 2.1884 2.0460 2.1799 2.1309 1.6186 1.8793 1.9091 1.8798 2.1255 1.9391 2.0362 2.2747 2.1761 1.4128 
3.0487 3.0332 3.0998 2.4524 2.4164 1.8905 2.6310 2.4280 2.2128 1.8859 1.3536 1.1202 1.0748 1.4731 1.5593 1.3952 1.4493 1.3337 1.4688 1.3157 0.8510 0.8577 1.0408 1.5049 1.7828 1.8888 2.0459 1.2121 1.5725 1.4818 1.9201 1.5372 0.9099 
2.8541 3.2110 2.4973 2.5591 2.0029 2.5932 2.3370 2.1682 2.2597 2.1438 0.9387 1.9276 1.9653 2.1406 1.8500 1.7743 1.2679 1.7119 1.7700 1.9669 1.7870 1.6831 0.6466 1.7716 1.8233 1.6333 1.7614 1.8956 1.1622 1.5870 1.2929 1.7031 0.5664 
2.5088 3.1509 2.6762 2.2517 2.4353 2.4912 2.2096 2.0578 1.2216 2.3239 2.1072 2.0358 1.9681 1.8141 1.5687 1.6985 1.7850 1.6379 1.4764 1.6541 1.7870 1.7882 1.7860 1.9420 0.7613 1.5279 1.5894 1.7916 1.5937 1.3111 1.5056 1.6293 0.3815 
3.0845 2.9056 2.6193 1.7779 1.7983 2.6948 2.3415 1.5268 1.7111 1.5335 1.5045 1.5702 1.4833 1.1571 1.7243 1.7596 1.9063 1.6945 1.6028 1.0212 1.2687 1.3167 1.1839 1.1573 1.2444 1.0126 1.7578 1.9962 0.9689 0.8231 1.4562 1.4081 0.8831 
2.9894 2.5059 2.2809 1.5683 2.1351 2.2337 1.9926 1.6922 1.7469 1.2337 1.2087 1.9595 1.7706 1.6306 1.4636 1.8022 1.6427 1.7647 1.3669 1.4891 1.5391 1.7230 0.8892 0.8638 1.2771 1.1697 1.4132 1.5331 1.3053 0.5841 1.1366 1.0209 0.8358 
2.8451 2.4949 1.8877 1.9219 2.1528 2.1231 1.6566 1.4396 1.1203 1.5593 0.9283 1.4546 1.4690 1.3288 0.9738 1.3675 1.2656 1.3059 0.8662 1.1732 1.2496 1.1851 0.6124 1.1840 0.6974 0.9009 1.0722 1.4244 1.3220 0.9523 0.7281 0.9356 0.6312 
2.8025 2.1411 1.7440 1.8369 1.8111 1.7774 1.8771 1.3922 1.4579 1.4253 1.1890 1.4281 1.4377 0.9549 1.4864 1.3326 1.5900 1.2753 1.4046 0.7995 1.2140 1.1527 0.8670 1.0505 1.0079 0.8518 1.2677 1.0803 0.9955 0.8709 0.5700 0.6108 0.5991 
2.2610 2.2633 2.2842 1.8774 1.6749 1.4861 1.4469 0.1691 1.5447 1.6928 0.6438 1.1850 1.3553 1.1725 1.3456 1.3752 1.4012 1.3134 1.2287 1.0407 1.1442 0.9236 0.3316 1.3062 1.1120 -0.3698 0.8290 0.7848 0.8523 0.9001 1.1269 0.7644 0.0316 
2.4920 1.7222 1.5317 0.7464 0.7808 0.9466 1.2992 1.2242 0.5229 1.1916 1.5003 0.5581 1.2586 0.9987 1.2412 0.0279 -0.0768 -0.0658 1.1497 0.8401 1.0809 0.3052 1.1809 0.8146 0.0965 0.7343 0.7151 0.2542 -0.0847 -0.2642 0.3584 0.2708 0.2918 
1.7937 2.1055 2.0701 1.9538 1.7651 1.1078 1.3468 1.0469 1.4031 1.3696 0.0974 1.1750 1.0675 1.2775 1.2578 0.7451 1.2880 0.7059 1.1653 1.1337 0.8410 0.9085 -0.2286 0.9823 0.9363 0.5083 0.7478 0.4050 0.9113 1.0016 0.8753 0.5910 -0.2846 
2.5415 1.9762 1.3095 0.6759 1.3681 1.2158 1.4778 1.1117 0.6029 1.0840 0.8143 1.2127 1.0852 0.7499 1.3121 0.7661 1.0162 0.7258 1.2099 0.5869 0.8610 0.9559 0.4979 0.7080 0.1634 0.5731 0.8670 0.5123 0.5356 -0.2956 0.1299 0.5006 0.3871 
1.7884 2.1001 2.0855 1.6991 1.7757 1.7757 1.7833 1.4447 0.8841 1.3954 1.4947 1.4032 1.1482 1.0429 0.9322 0.4225 -1.4163 0.3821 0.8340 0.8689 0.9359 1.1277 1.1741 1.0098 0.4551 0.8982 1.1591 1.0755 0.9365 0.7435 0.8900 0.5851 -0.3793 
2.2945 1.2347 1.5465 1.3994 1.4290 1.3246 1.3090 1.3811 1.2099 1.0757 0.8841 1.2128 1.3499 0.9847 0.4257 1.2665 1.4206 1.2191 0.3400 0.8263 1.1410 0.9554 0.5714 0.6944 0.7689 0.8434 0.7251 0.6318 0.5764 0.4428 0.4034 -0.5012 0.0690 
1.3772 1.9184 1.6418 0.2461 1.4103 1.5455 0.5043 0.6599 1.6098 1.5735 0.8224 1.2743 1.2134 1.0512 1.1721 0.4635 1.0590 0.4243 1.0877 0.8726 1.0246 1.0384 0.4980 1.2003 1.1719 0.1215 -0.1349 0.8430 0.5746 -0.7108 0.4621 0.4252 -0.8742 
2.5238 1.7450 1.9988 1.7921 1.5318 1.2222 1.0146 0.8137 1.4775 1.4831 1.0685 0.6033 0.2624 0.8171 1.0569 0.9201 -0.4304 0.8671 0.9339 0.6719 0.0780 0.3581 0.7373 1.1083 1.0514 0.3071 0.4073 0.5179 0.7312 0.8100 0.8379 0.1857 0.3600 
1.6836 1.9169 1.6885 1.2169 1.5555 1.2187 1.5085 1.1614 0.9832 0.5496 1.3865 1.2213 1.0732 1.1709 1.2785 0.9701 0.5610 0.9086 1.1823 1.0378 0.8447 0.9709 1.0751 0.1693 0.5227 0.6454 0.8971 0.5118 0.7531 0.2591 0.5045 0.4223 -0.3624 
2.3378 1.9348 1.2954 1.3383 1.3370 1.4433 1.5505 0.7950 0.0246 0.6420 1.3238 1.4457 1.0911 1.1156 -0.0938 1.2517 0.9551 1.2090 -0.2295 0.9584 0.8673 1.1721 1.0161 0.2541 -0.4268 0.2802 0.9457 0.7436 0.5145 0.3852 0.1223 0.4345 0.1795 
2.0825 2.0191 1.1339 1.3263 1.4998 1.4841 1.1461 1.5204 1.7557 1.6168 1.5007 1.3244 1.3126 1.2992 0.9534 1.3712 1.5833 1.3104 0.8490 1.1501 1.1153 1.0825 1.1789 1.2317 1.2844 1.0156 0.5441 0.7808 0.7183 0.3700 0.0359 0.5066 -0.0059 
2.1655 2.0151 1.4091 0.8694 1.3932 1.0198 1.5352 1.4455 1.0721 1.3437 1.0146 1.4530 1.2605 1.1422 1.0400 1.0821 0.9502 1.0263 0.9130 0.9925 1.0803 1.1834 0.7104 0.9630 0.5996 0.8993 0.9289 0.3014 0.5499 -0.0982 0.2147 0.5285 -0.0095 
1.1999 1.8623 1.5832 1.5091 0.3907 1.3332 1.4733 1.2231 0.8683 1.4157 1.4080 1.2172 1.5836 1.6429 1.3247 0.8315 0.7756 0.7888 1.2170 1.4958 1.4143 0.9643 1.0861 1.0317 0.4336 0.7320 0.8562 0.6396 -0.5881 0.5319 0.4172 0.3937 -0.6812 
