2.2884 1.5555 2.0124 1.5976 1.5515 1.2515 0.8345 1.0440 1.2922 1.3515 1.4244 1.2073 1.5573 1.1900 1.4737 0.9109 1.3125 0.8564 1.3904 1.0636 1.3811 0.9828 1.1241 0.9890 0.8560 0.5382 0.2745 0.5948 0.7856 0.7065 0.8881 0.1008 0.2164 
0.4202 1.6350 1.5085 1.2109 1.0622 1.3465 1.7284 1.5113 0.7311 1.4043 1.5017 0.1739 1.2948 1.1446 1.4636 1.3568 0.1298 1.2993 1.3825 1.0278 1.0957 -0.0787 1.2073 1.0556 0.3165 1.0441 1.1564 0.6869 0.3006 0.3151 0.4222 0.2106 -1.1897 
2.3128 1.6974 1.7789 1.7776 1.4907 1.4333 1.3584 1.2449 1.1666 1.2122 1.6497 1.4897 1.3812 1.6259 1.3486 0.7373 0.9410 0.7015 1.2268 1.4720 1.1728 1.2466 1.3577 0.8572 0.7587 0.7591 0.7766 0.7731 0.7379 0.8633 0.7042 0.2126 0.2454 
1.6107 1.4417 1.4676 1.3966 1.4066 1.2098 1.4650 1.2216 1.1399 1.0998 0.9796 1.3082 1.1154 0.8307 0.7844 0.9318 0.5053 0.8759 0.7083 0.7067 0.9250 1.0618 0.6935 0.7483 0.7322 0.7419 0.8996 0.5519 0.6495 0.4857 0.3897 0.0379 -0.5009 
2.4022 1.4782 1.4987 1.5244 1.3986 0.8373 1.1408 1.7116 1.3026 1.4801 1.3538 1.2241 1.1271 1.3107 0.7288 1.3939 0.7493 1.3591 0.6303 1.1537 0.9407 1.0009 1.0475 1.1254 0.8610 1.2069 0.5768 0.1775 0.6228 0.6261 0.4064 0.0041 0.3601 
2.2184 1.1429 1.1106 1.0155 0.3428 1.3743 1.4738 1.1844 1.2555 1.3654 1.0329 1.4129 1.4045 1.0586 1.0800 0.2811 -0.2906 0.2324 0.9978 0.9064 1.2000 1.1632 0.7298 1.0125 0.8336 0.7217 0.9050 0.7216 -0.3501 0.1215 0.0581 -0.1990 0.1520 
1.8465 1.5488 1.2893 0.8824 1.3469 1.1767 1.1181 0.9819 1.3703 1.2996 1.0881 1.2498 1.1403 1.0558 0.7066 0.7632 0.8203 0.7262 0.5941 0.9002 0.9582 1.0273 0.7878 0.9361 0.9429 0.4816 0.5452 0.5201 0.5545 0.0179 0.1748 0.1247 -0.2124 
1.7693 1.7173 1.3544 1.4649 1.7575 1.5918 1.7121 1.6863 0.4959 1.2797 1.6002 1.4534 0.3971 1.0628 1.1875 0.9584 0.6006 0.9009 1.1023 0.9119 0.1830 1.2037 1.3122 0.9234 0.0795 1.1686 1.1344 0.9381 1.0127 0.5665 0.2133 0.3043 -0.2899 
2.5530 2.1737 1.9798 1.6771 1.4217 1.6525 1.8393 1.6832 0.6065 1.6620 1.6890 1.2385 1.4761 1.1675 1.2431 1.1042 1.0780 1.0654 1.1477 1.0460 1.2976 1.0170 1.3830 1.3001 0.1769 1.1657 1.2917 0.9985 0.6773 0.7492 0.8596 0.7487 0.5057 
1.6111 0.7115 1.0559 0.4411 1.6842 1.2295 1.2197 1.3754 1.3374 1.0987 1.1810 1.3642 1.2939 1.0634 1.1770 0.4144 1.2114 0.3818 1.0925 0.9143 1.0943 1.1050 0.8917 0.7442 0.8972 0.8666 0.6830 0.5635 0.8965 -0.4677 -0.0483 -0.7528 -0.4551 
2.1305 2.0532 1.6030 1.3940 1.6175 1.3664 0.9442 1.3994 0.7967 0.9017 1.0330 1.2836 1.1076 0.7019 0.8413 1.0939 0.6777 1.0568 0.7582 0.5408 0.9157 1.0456 0.7300 0.5444 0.3869 0.9050 0.3843 0.7066 0.8374 0.4835 0.4905 0.6368 0.1095 
1.5950 1.2178 1.3730 1.3211 1.1166 1.1256 1.1099 1.0703 0.7198 1.0153 0.8081 1.2450 0.0600 0.9401 0.9827 0.7525 -1.1206 0.7122 0.8665 0.7968 -0.1381 1.0241 0.5121 0.6555 0.2941 0.5741 0.5320 0.4726 0.3727 0.4135 0.2740 -0.1987 -0.3849 
1.8237 1.8232 1.4598 1.0751 1.1934 1.5889 1.8248 1.4559 1.1892 1.1859 1.5788 1.0288 1.3351 1.2103 1.5056 1.2487 1.2408 1.1923 1.4225 1.0813 1.1219 0.7686 1.2905 0.8363 0.7770 0.9789 1.2724 0.9360 0.4366 0.1569 0.3886 0.4061 -0.2201 
2.7294 2.5165 2.1522 1.8878 1.5921 1.4528 1.7900 1.5683 1.1413 0.7673 1.2845 1.3581 1.4882 1.4212 1.3754 1.5110 1.3439 1.4720 1.2729 1.2844 1.3147 1.0953 1.0003 0.4106 0.7336 1.0821 1.2242 0.7937 0.8190 1.0062 1.0643 1.1021 0.7024 
3.5910 3.6221 3.3589 3.1440 3.0195 2.9033 2.8100 2.7189 2.6801 2.6522 2.5586 2.4959 2.4859 2.4630 2.4233 2.4025 2.3849 2.3649 2.3475 2.3434 2.3242 2.2688 2.2688 2.2886 2.2474 2.2241 2.2540 2.2471 2.2420 2.2523 2.2553 2.1834 1.5001 
3.1367 4.0718 3.4513 2.9323 2.7471 2.7948 1.8016 2.7399 2.6287 2.4353 2.4698 2.3897 2.3611 2.3417 2.2977 2.2206 2.1933 2.1671 2.1831 2.1700 2.1509 2.1389 2.1647 2.0828 2.1884 2.2549 1.2658 2.1360 1.9973 2.0350 2.3495 2.6806 0.6643 
2.7628 4.0166 3.4649 3.1289 2.8236 2.5439 3.0123 2.6391 2.6970 2.5879 2.2557 2.7283 1.8552 1.8884 2.1416 2.1558 2.0648 2.1174 2.0560 1.7498 1.6927 2.4783 1.9690 2.2264 2.2773 2.1330 2.4302 1.8852 2.0723 2.2307 2.3705 2.5986 1.4030 
3.9683 4.0583 3.6772 3.0792 2.9266 2.7639 2.5359 2.8240 2.7309 2.0085 2.6528 2.4430 2.2303 2.3381 2.0990 2.1794 2.2424 2.1412 2.0206 2.1640 2.0532 2.1904 2.3536 1.6771 2.3266 2.3615 2.0107 2.1092 2.1539 2.1763 2.5696 2.6578 1.8575 
3.4388 4.0722 2.5845 2.8929 2.8265 2.7664 2.2463 2.5154 2.6032 2.7785 2.6521 2.6321 2.5068 2.2125 2.1724 2.2825 2.2039 2.2244 2.0881 2.0769 2.3431 2.3812 2.3510 2.4241 2.1650 2.0394 1.6816 2.0992 2.0590 2.0177 1.6312 2.6745 1.1874 
4.1690 4.1352 4.1938 3.8508 3.5937 3.4560 3.2917 3.0582 3.1712 3.1301 3.0768 3.0750 3.0720 3.0206 2.9980 2.9803 2.9191 2.9194 2.8808 2.8609 2.8763 2.8218 2.7771 2.7745 2.7600 2.5670 2.7153 2.7980 2.8102 2.9588 3.0979 2.7388 2.1726 
3.9012 4.3502 3.9625 3.7153 3.4700 3.3530 3.2296 3.1734 3.1360 3.0195 3.0122 3.0064 2.9472 2.9063 2.8356 2.7796 2.7861 2.7369 2.7502 2.7612 2.7455 2.7465 2.7074 2.6712 2.7258 2.7016 2.6796 2.6950 2.7175 2.8057 2.8268 2.9427 1.9905 
3.9239 4.2516 4.0947 3.7120 3.5457 3.4322 3.4597 3.3540 3.3387 3.1642 3.0571 3.0211 3.0032 3.0015 2.9436 2.9112 2.8764 2.8553 2.8309 2.8313 2.7908 2.7650 2.7561 2.8101 2.9065 2.8485 2.8971 2.7762 2.7791 2.8013 3.0090 2.8298 1.6798 
3.7278 4.0948 3.6900 3.4305 3.3358 3.1801 3.1715 2.9684 2.9137 2.7530 2.7488 2.7255 2.7536 2.6823 2.6652 2.6184 2.5784 2.5599 2.5455 2.5176 2.5621 2.4767 2.4498 2.4024 2.4827 2.4644 2.6262 2.5265 2.5530 2.5260 2.5775 2.6965 1.7995 
4.4059 4.3731 3.9678 3.7787 3.5238 3.3601 3.2566 3.1203 3.0999 2.9897 2.9975 2.9537 2.8936 2.8734 2.8253 2.7911 2.7817 2.7472 2.7419 2.7369 2.7096 2.7064 2.6914 2.6251 2.6946 2.6532 2.6950 2.7015 2.7599 2.8674 2.8507 2.9655 2.3801 
4.0834 4.4617 3.9067 3.7834 3.5348 3.4002 3.3475 3.1784 3.1820 3.1076 3.0669 3.0251 3.0001 2.9378 2.9227 2.8954 2.8724 2.8407 2.8136 2.7850 2.7862 2.7697 2.7664 2.7540 2.7685 2.7058 2.7666 2.7429 2.7689 2.8797 2.7877 3.0649 2.0130 
3.7650 4.1029 3.4724 2.8919 3.0053 2.8427 2.8518 2.6903 2.7515 2.6066 2.5459 2.5681 2.4426 2.4052 2.3689 2.3399 2.2827 2.2807 2.2715 2.2668 2.2577 2.3445 2.2573 2.2472 2.3515 2.1853 2.3128 2.1943 2.2235 2.0145 2.3786 2.7110 1.7801 
3.5783 4.0495 3.9196 3.6068 3.3302 3.2261 3.1383 3.0663 3.2215 3.0391 2.9871 2.9316 2.9160 2.8524 2.8106 2.7795 2.7512 2.7367 2.7278 2.7217 2.7244 2.6935 2.6841 2.6896 2.8019 2.5804 2.5841 2.5704 2.5412 2.7002 2.8067 2.6605 1.2559 
4.2412 4.2562 4.0083 3.7429 3.3190 3.1423 3.1688 3.0328 2.9117 2.8365 2.7976 2.7295 2.7153 2.7287 2.6921 2.6734 2.6360 2.6183 2.5906 2.5877 2.5097 2.4785 2.4926 2.4818 2.4824 2.5298 2.6223 2.4849 2.5209 2.8232 2.8929 2.8252 2.2794 
3.9969 4.3208 3.5257 3.4755 1.8852 2.4360 2.7980 2.8734 2.8898 2.4820 1.8676 1.9508 2.0926 1.4927 2.0537 1.7620 1.8557 1.7266 1.9603 1.3437 1.8944 1.6991 1.5874 2.1212 2.4728 2.3977 2.2327 1.7782 1.1657 2.5942 2.3971 2.8880 2.1083 
3.9974 3.8373 3.7942 3.3877 3.2139 3.1553 3.1178 3.0163 2.0955 2.9019 2.8161 3.1645 2.9249 3.0291 2.9444 2.8878 2.9475 2.8350 2.8305 2.8758 2.7306 2.9405 2.5302 2.5414 1.7103 2.5022 2.5529 2.5019 2.4556 2.4798 2.7144 2.4250 1.9174 
4.4051 4.2311 4.0292 3.8811 3.6845 3.4896 3.3797 3.3178 3.2464 3.1603 3.2016 3.0446 3.0976 3.0335 3.0617 3.0359 3.0296 3.0011 2.9861 2.8805 2.9114 2.7928 2.9112 2.8086 2.8135 2.8058 2.8057 2.8322 2.9092 2.9966 2.9407 2.7993 2.3722 
4.0596 4.3978 3.5649 3.7458 3.3749 3.1658 3.0820 2.9612 2.7687 2.8743 3.0418 2.7579 2.6776 2.4791 2.5572 2.4773 2.4866 2.4323 2.4627 2.3564 2.4673 2.5014 2.7402 2.5139 2.3684 2.4528 2.5069 2.5069 2.6085 2.8359 2.4207 3.0058 2.0094 
4.2028 3.9418 3.9145 3.2420 3.0907 2.9941 2.7860 2.8504 3.1591 3.0619 2.3770 2.5079 2.7959 2.7212 1.9516 2.4087 2.6381 2.3704 1.8392 2.5772 2.6177 2.2828 2.0735 2.7108 2.7512 2.3794 2.2229 2.3397 2.3476 2.3509 2.8039 2.5054 2.0875 
3.8443 4.1399 3.3415 3.1424 2.6323 2.7046 2.6079 2.0973 3.0908 2.6267 2.8613 3.2024 2.6634 2.7463 2.5181 2.5772 2.5835 2.5205 2.4310 2.6124 2.4483 2.9822 2.5723 2.2578 2.6870 1.6157 2.0428 2.0466 1.8433 2.2462 2.1938 2.7334 1.7071 
3.4134 4.3887 4.3295 3.8144 3.5078 3.3981 3.3855 3.2023 2.6760 3.2850 3.0893 2.4846 2.9561 2.8908 2.8092 2.7954 2.7663 2.7510 2.7255 2.7492 2.7526 2.2512 2.7892 2.9228 2.2484 2.7207 2.8095 2.7406 2.7485 2.9139 3.2131 3.0029 1.7342 
4.0663 3.3418 4.0986 3.9846 3.7072 3.5696 3.4281 3.1354 3.4059 3.4300 3.4608 3.2372 3.1536 3.1359 3.0667 2.9413 2.9304 2.8827 2.9917 3.0130 2.9933 3.0093 3.1554 3.0784 3.0069 2.6724 2.8582 2.9144 2.9483 3.0684 3.0235 1.9391 2.1052 
3.5654 3.8549 3.7100 3.4229 2.9961 2.9213 2.9247 3.0893 1.9885 2.1856 2.8016 2.6688 2.5191 2.4264 2.1930 2.1790 2.2840 2.1376 2.1058 2.2958 2.3512 2.4069 2.4980 1.8334 1.5395 2.6116 2.3650 2.2643 2.1992 2.5033 2.6351 2.4447 1.6829 
4.2342 4.2843 4.0846 4.0397 3.7541 3.5727 3.6792 3.6781 3.5258 3.3693 3.0275 2.1748 3.0095 3.1923 3.1293 3.0025 2.8887 2.9472 3.0436 3.0588 2.8014 1.9548 2.7219 3.0193 3.1088 3.1701 3.1001 2.9171 3.0058 3.1289 3.0056 2.8489 2.2323 
3.9877 3.6551 4.3130 3.6522 3.4897 3.4021 3.2152 3.5778 3.0701 2.9320 3.0317 3.0577 2.7822 2.5688 2.8434 2.8089 2.7470 2.7668 2.7565 2.4295 2.6004 2.8078 2.7249 2.5708 2.6727 3.0836 2.6730 2.7454 2.7337 2.7146 3.1964 2.2047 2.0178 
3.9526 3.6316 3.6462 3.0083 2.7069 2.3890 1.6755 2.9024 2.7370 2.2496 2.9686 2.2877 2.4730 2.0185 1.9246 1.4238 1.3013 1.3676 1.8257 1.8484 2.2964 2.0413 2.6737 1.8939 2.3343 2.4139 1.1083 1.7166 1.9154 2.0983 2.5336 2.1812 1.9848 
4.3580 4.2184 3.8427 3.7510 3.5755 3.3830 3.3714 3.3985 3.2063 3.1115 3.1982 3.0935 2.8498 2.8675 2.8065 2.6402 2.5334 2.5797 2.7207 2.7328 2.6807 2.8430 2.9078 2.7572 2.7881 2.9135 2.7984 2.7260 2.8007 2.8369 2.7496 2.7935 2.3435 
3.8852 3.6766 4.3498 3.7717 3.4112 3.3504 3.6008 3.0016 2.6342 3.1352 3.1521 2.8354 2.9284 3.0512 2.4546 2.5949 2.6281 2.5366 2.3747 2.9056 2.7331 2.6091 2.8609 2.7792 2.1896 2.4961 3.0323 2.6943 2.6668 2.8468 3.2565 2.2530 1.9003 
3.7725 3.9218 3.8021 3.0455 2.7922 2.9544 3.0865 3.0197 2.3983 1.9067 2.6808 2.2186 2.4144 2.4103 1.4920 1.8910 0.3166 1.8424 1.4125 2.2754 2.2223 2.0057 2.3774 1.5608 2.0094 2.5140 2.5145 2.2916 2.0268 2.1160 2.7165 2.4892 1.8628 
3.9888 4.2708 4.1858 4.0129 3.7290 3.1586 2.7847 3.4945 3.5493 3.4336 3.2682 2.8700 3.0150 3.0267 3.1403 3.0535 2.9996 3.0165 3.0581 2.8705 2.8064 2.6504 2.9804 3.0800 3.1291 3.0260 2.2228 2.4994 2.9762 3.0922 3.0883 2.8421 2.0744 
3.9099 3.7695 4.1661 3.4689 3.0828 2.8926 3.2824 2.2802 2.2691 3.0026 3.0269 2.7849 2.7563 2.2819 2.6803 2.5539 2.4674 2.5000 2.5710 2.1270 2.5653 2.5414 2.7273 2.6476 1.8615 1.7863 2.7117 2.2234 2.3353 2.6009 3.0746 2.3929 1.9648 
3.2802 4.1257 3.7984 3.6662 3.3662 3.1123 3.4503 3.0762 3.0133 2.9471 3.0062 2.9733 2.8905 2.8616 2.8363 2.8089 2.8161 2.7667 2.7507 2.7287 2.7077 2.7183 2.7006 2.5846 2.5848 2.5953 2.8845 2.4579 2.6010 2.7517 2.7081 2.7360 1.1143 
3.7862 4.0968 4.1631 4.0093 3.2763 3.4234 3.4219 3.1280 3.0786 2.7911 2.4844 2.8904 2.4407 2.6850 2.7379 2.6113 2.5416 2.5527 2.6646 2.5237 2.2494 2.6696 2.1956 2.4348 2.6790 2.6629 2.8503 2.7689 2.4819 3.0890 3.0731 2.7157 1.7726 
4.3058 3.8378 3.3854 3.5652 3.0183 3.1496 3.4516 2.7141 2.0962 2.2373 1.1596 2.3817 2.1595 2.3655 2.2645 2.1441 2.2078 2.0999 2.1561 2.2099 2.0046 2.1341 0.8941 1.8656 1.7055 2.2038 2.8873 2.5014 2.2550 2.6810 2.2867 2.3889 2.2028 
4.0544 4.0087 3.4655 3.4137 3.2046 3.0039 2.9245 2.8765 2.8140 2.8439 2.8462 2.7026 2.6708 2.7570 2.7285 2.6745 2.6383 2.6202 2.6505 2.6300 2.4578 2.4490 2.5546 2.4863 2.4090 2.3972 2.3679 2.3427 2.4413 2.4988 2.3916 2.5820 2.0482 
2.6893 3.6707 3.4964 3.4051 3.1162 3.0292 3.1780 2.7072 2.6904 2.6819 2.6471 2.7098 2.5908 2.5661 2.5385 2.5065 2.4533 2.4661 2.4472 2.4243 2.3977 2.4578 2.3488 2.3340 2.2635 2.2040 2.6333 2.3735 2.3648 2.4886 2.4172 2.2544 0.4540 
3.3168 3.0560 2.9316 2.6991 1.8354 2.0905 2.6307 2.2585 0.8346 2.1918 1.5737 1.6701 1.8593 1.8739 1.2065 1.1945 0.5963 1.1538 1.1218 1.7420 1.6923 1.4060 1.2724 1.8316 0.3522 1.7608 2.0585 1.4447 1.0944 1.7816 1.8207 1.6615 1.3237 
2.7171 2.6313 2.4442 2.2394 2.4543 1.8839 2.2822 2.3392 2.0131 2.1397 2.1033 1.8088 1.2474 2.0159 1.7619 1.7436 0.6035 1.7054 1.6861 1.8471 1.0736 1.5652 1.8037 1.7863 1.5776 1.8227 1.7176 1.2156 1.7039 1.3564 1.3587 1.1941 0.6088 
2.7012 2.4029 1.7739 1.9064 1.8178 2.3524 1.8001 1.2114 0.6926 1.0702 1.9039 1.7678 1.2943 1.5220 1.0232 1.4843 1.4740 1.4387 0.9048 1.3939 1.0939 1.5164 1.6133 0.7125 0.1882 0.7166 1.2177 1.6947 1.0568 1.0339 0.6431 1.0497 0.6187 
2.4032 2.4896 2.0192 2.0169 2.1215 2.2922 2.2104 1.7584 1.2157 1.2273 1.3576 1.4022 1.4614 1.8396 1.5245 1.4520 1.3723 1.4097 1.4392 1.7164 1.2811 1.1522 1.0508 0.8708 0.8098 1.2663 1.6684 1.6385 1.3736 1.0883 0.9005 1.0789 0.2783 
2.2584 2.4461 1.2409 2.0759 2.1665 2.1115 2.3127 1.9032 1.4726 1.8062 1.7693 1.7724 1.7844 1.5511 0.9767 1.2576 1.1761 1.2042 0.8677 1.4137 1.5974 1.5256 1.4663 1.4547 1.0689 1.4128 1.7365 1.4539 1.4180 1.1652 0.1377 1.0553 0.2935 
2.2912 2.6132 2.2654 2.0616 1.7128 1.8458 2.0029 1.1617 1.7788 1.6423 1.7690 0.9447 1.3665 1.4844 1.3599 1.6293 1.4444 1.5710 1.2518 1.3628 1.1559 0.7140 1.4697 1.2818 1.3756 0.7065 1.4174 1.1932 0.9334 1.1464 1.1510 1.1798 0.0823 
2.2672 2.2346 2.1354 1.6857 1.8229 2.1508 1.8968 1.4600 1.1401 0.5973 0.5239 0.4102 0.5460 0.8045 1.3617 0.9893 1.1676 0.9254 1.2507 0.6885 0.3768 0.1544 0.2364 0.2356 0.7322 0.9886 1.3514 1.4939 1.0758 0.7428 1.0563 0.8368 0.2377 
2.1570 2.5131 1.9361 1.7485 1.8104 1.7895 1.5631 1.5830 1.5172 1.4953 1.5508 1.4508 0.7993 1.5907 1.4600 1.3118 1.4071 1.2538 1.3788 1.4469 0.6113 1.2015 1.2611 1.1445 1.1068 1.0948 1.0157 1.1331 1.0555 0.8299 0.8123 1.1031 -0.1115 
1.7880 1.4825 1.4745 1.1966 1.4674 1.5814 1.6083 1.1448 1.1401 1.0451 0.6338 0.1498 1.2999 1.5082 1.2524 1.2165 0.6123 1.1669 1.1542 1.3853 1.1023 -0.0950 0.3537 0.6987 0.7311 0.6782 1.0465 0.9322 0.7210 0.2756 0.4156 0.0364 -0.4323 
2.3630 1.2674 1.8028 1.1657 1.6949 0.4538 1.3530 1.3856 1.3562 1.4335 1.3538 1.5057 1.4620 1.5360 0.6085 1.4061 1.1127 1.3692 0.5001 1.4052 1.2772 1.2781 1.0492 1.0801 0.9172 0.8770 0.7651 -0.2159 0.9068 0.2254 0.7271 -0.4639 0.2542 
2.3489 1.7767 1.5313 1.7582 1.7633 1.5114 1.4907 1.4647 1.5381 1.0830 0.5472 1.3042 1.3624 1.0235 1.7094 0.4233 1.2328 0.3919 1.6110 0.8488 1.1530 1.0583 0.2668 0.7309 1.1236 0.9967 0.9329 0.8530 1.0165 0.8400 0.4408 0.3164 0.2613 
2.4965 2.1567 1.6067 1.4447 1.3584 1.6495 1.3998 1.5259 1.8990 1.7462 1.7395 1.4009 0.8424 1.5113 1.0652 1.0870 1.2527 1.0499 0.9739 1.3870 0.6931 1.1476 1.4374 1.3950 1.4810 1.0604 0.8207 0.9965 0.5828 0.5335 0.5015 0.7461 0.4747 
2.3119 2.3368 2.0358 1.4845 1.8496 1.7144 1.7129 1.3514 1.7375 1.4954 1.4223 1.5032 1.1876 1.3563 1.5394 1.3679 1.3819 1.3185 1.4512 1.1834 1.0263 1.2726 1.1239 1.1443 1.3336 0.8342 1.1371 1.0548 1.0981 0.5606 0.9288 0.8922 0.2198 
2.0100 0.4310 1.8357 1.5435 1.4531 0.9099 1.5669 1.3036 1.4951 1.3781 0.6344 1.1158 1.3707 1.2626 1.2901 1.3801 1.3938 1.3432 1.1794 1.1173 1.1618 0.8687 0.3444 1.0289 1.0881 0.8001 1.0256 0.2609 0.7029 0.6537 0.7594 -0.8598 -0.0634 
1.9237 2.1817 1.2517 1.3353 1.2935 1.4679 1.4771 0.8856 1.3331 0.9896 1.4284 1.1868 1.2378 1.0456 -0.4266 0.6689 0.9342 0.6117 -0.5286 0.8828 1.0587 0.9608 1.1279 0.6272 0.8948 0.4029 0.9084 0.8184 0.5073 0.4310 0.1137 0.7797 -0.0115 
1.9890 2.2623 2.0315 1.4336 1.2467 1.2238 1.3389 1.5997 1.1271 1.1925 1.3759 1.2284 1.4459 1.4915 1.3115 1.2556 1.2625 1.2002 1.1958 1.3686 1.2551 1.0113 1.0703 0.8380 0.7167 1.1085 0.7612 0.5630 0.4784 0.5111 0.9123 0.8575 -0.0366 
2.3164 1.4954 1.7675 0.9806 1.5807 1.7022 1.6930 1.4958 -0.1677 1.3540 1.1085 1.3223 1.3083 1.2052 1.3439 0.9191 0.5608 0.8582 1.2241 1.0748 1.1065 1.0697 0.8102 0.9943 -0.6174 1.0317 1.1098 1.0462 0.8159 0.0922 0.6956 0.0551 0.2550 
0.7648 1.1339 1.3163 1.0920 1.2770 1.3515 1.2216 1.0005 1.3670 1.5111 1.3786 1.0809 0.9536 0.3389 0.9782 0.8538 -1.4051 0.8104 0.8633 0.1794 0.7582 0.8295 1.0732 1.1622 0.9391 0.4969 0.6750 0.6938 0.5066 0.1796 0.2083 -0.2736 -0.9903 
2.6481 2.4790 2.1058 1.9429 1.4614 1.4777 1.7110 1.6866 1.6847 1.3776 1.6595 1.5041 1.6112 1.3223 1.1990 0.4340 1.2897 0.3912 1.1127 1.1599 1.4165 1.2763 1.3626 1.0307 1.2449 1.1698 1.1335 0.8226 0.7110 1.0430 1.0259 1.0669 0.5601 
2.1582 2.1372 1.8955 1.7308 1.7153 1.6804 1.6496 1.0761 1.2616 1.4947 1.3648 1.6018 1.4531 1.2362 1.0893 1.4218 0.8462 1.3835 1.0195 1.0983 1.2640 1.3701 1.0606 1.1451 0.8354 0.5824 1.0719 1.0241 0.9412 0.8237 0.7910 0.7311 0.0777 
2.1163 1.7048 1.5098 1.5748 1.1919 0.9093 1.3879 1.1199 1.3823 1.4078 1.4999 1.5986 1.3955 1.1180 1.0948 1.0077 0.9383 0.9478 1.0219 0.9899 1.1876 1.3679 1.2062 1.0585 0.9619 0.6488 0.8095 0.2665 0.4278 0.6950 0.4238 0.2587 0.0869 
2.3761 1.8954 1.8256 1.4977 1.5836 1.6845 1.3557 1.0422 1.4362 1.5395 1.3346 1.1909 1.2050 0.8281 1.2530 1.0363 1.4549 0.9887 1.1565 0.7044 1.0359 0.9672 1.0358 1.1798 1.0354 0.5424 0.7682 1.0287 0.8173 0.6116 0.7400 0.4538 0.3103 
1.0889 1.7188 0.7719 1.2889 0.7665 1.1796 1.5892 1.6863 1.4431 1.4924 1.6189 1.3635 1.1681 1.2248 0.8175 1.0815 1.4860 1.0459 0.7373 1.0886 1.0088 1.1025 1.3312 1.1421 1.0392 1.1696 1.0382 0.5287 0.0157 0.3901 -0.2725 0.3167 -0.8297 
2.0892 1.8385 1.7978 1.6243 0.9934 1.2657 1.5776 1.4475 1.4450 1.4275 1.3669 1.2912 1.1746 0.9714 0.9089 1.0242 1.1200 0.9662 0.8137 0.8168 1.0109 1.0512 1.0624 1.0771 1.0425 0.9687 1.0301 0.6212 0.1807 0.7192 0.7175 0.4318 0.0654 
2.2926 2.1124 1.8105 1.6811 1.3422 1.3210 1.4974 1.1899 0.8970 1.1912 0.9489 1.4952 0.8827 0.7505 1.2708 1.4338 1.0464 1.3942 1.1664 0.6102 0.7144 1.2610 0.6704 0.8374 0.4815 0.7220 0.9446 0.6703 0.5433 0.7549 0.7251 0.7073 0.2513 
-1.2932 0.1378 1.3860 1.3770 1.3130 1.3886 1.4190 1.4949 1.5261 0.5919 1.5088 1.5479 0.8112 1.2269 1.1213 0.5765 1.1674 0.5289 1.0425 1.0909 0.6339 1.3249 1.2178 0.2395 1.1144 1.0329 0.8404 0.7335 0.5239 0.4606 0.2889 -1.2108 -2.2366 
2.0514 1.6520 1.4046 1.2113 0.7846 1.0609 1.5379 1.2803 1.3003 1.0086 1.3985 1.4014 1.4823 1.1502 1.2879 1.2090 0.1492 1.1630 1.1778 1.0289 1.3043 1.1515 1.0969 0.6459 0.8636 0.7856 0.9946 0.4084 0.0431 0.3189 0.3162 0.2015 0.0358 
1.5649 1.4861 1.4267 1.1549 0.9805 1.4476 1.4622 1.3724 1.4660 1.4085 1.1795 0.9828 1.3723 1.3372 1.2308 1.3293 1.1991 1.2685 1.1390 1.1678 1.1633 0.7339 0.8875 1.0589 1.0581 0.8637 0.8945 0.7900 0.1957 0.2459 0.3450 0.0703 -0.5537 
2.1566 1.8751 1.5733 1.3834 -0.0980 1.2159 1.2060 1.1551 1.1215 1.6269 1.6468 1.6622 1.3879 1.3430 1.0339 1.0519 1.1075 1.0165 0.9255 1.1698 1.1782 1.4052 1.3553 1.2652 0.7210 0.6879 0.6622 0.5607 -0.8689 0.4637 0.4669 0.4452 0.0878 
1.6990 1.4546 1.6234 1.1556 1.4608 1.4100 0.7642 1.3786 1.3455 0.4479 1.2946 0.9778 1.1482 1.3741 1.0325 1.1132 1.1716 1.0743 0.9202 1.2138 0.9701 0.7283 1.0080 0.1060 0.9020 0.8736 0.1864 0.7496 0.7123 0.2614 0.5112 0.0734 -0.3624 
2.0499 1.8783 1.0450 1.1277 1.5200 1.4947 1.6414 1.1003 1.2901 1.4643 1.4887 1.3709 1.3570 1.1623 1.1114 1.2214 0.1393 1.1688 1.0327 1.0411 1.1411 1.1127 1.1839 1.1116 0.8594 0.6141 1.0703 0.8401 0.7625 0.2326 0.0051 0.4396 -0.0833 
1.8468 1.3676 1.3973 1.4325 1.4961 0.8435 1.1430 1.3217 1.0127 1.1470 1.0945 0.6934 1.1105 0.7144 0.9130 0.5933 0.6608 0.5348 0.8193 0.5517 0.9217 0.4269 0.7954 0.7933 0.5730 0.8138 0.5800 0.1706 0.7471 0.5131 0.3110 -0.1180 -0.2160 
1.9711 1.7938 1.3737 1.4556 1.5346 1.2001 1.2593 1.6695 1.2517 1.1334 1.4388 1.4027 1.0665 1.2454 1.3848 1.2369 0.6247 1.1819 1.2896 1.1054 0.8548 1.1529 1.1409 0.7759 0.8304 1.1593 0.7127 0.5400 0.7750 0.5479 0.2799 0.3795 -0.1224 
1.9745 1.1243 1.4266 1.7293 1.7322 1.5339 1.7252 1.6326 1.0927 1.2850 1.1683 0.6066 1.1556 1.3112 0.9780 1.3816 1.4602 1.3452 0.8588 1.1522 0.9774 0.3795 0.8706 0.9215 0.6882 1.1297 1.1493 0.8767 0.9677 0.8180 0.3664 -0.3984 -0.1217 
1.7784 2.0662 1.9680 1.1902 1.5466 1.4338 1.6479 1.4889 1.2752 1.0347 0.9724 1.2253 0.8118 1.2683 1.4561 0.9964 0.6034 0.9318 1.3762 1.1246 0.6281 1.0060 0.6832 0.6773 0.8447 1.0230 1.0719 0.7781 0.7866 0.2771 0.8459 0.6759 -0.2895 
2.2904 1.6890 1.3065 1.1064 0.0166 0.8147 1.4014 1.0344 0.4821 0.5932 1.1440 1.3725 1.3554 1.1091 0.9392 0.9583 0.7422 0.9024 0.8373 0.9772 1.1425 1.1144 0.8416 0.2356 0.0767 0.5184 0.8255 0.1657 -0.6223 0.1710 0.1770 0.3521 0.2022 
1.8869 1.6377 1.4667 1.2477 1.3021 1.3709 1.3292 1.6200 1.1936 1.1897 1.4459 1.1661 1.0909 1.1048 1.1649 1.1142 1.4687 1.0761 1.0808 0.9734 0.8899 0.9283 1.1462 0.8378 0.7749 1.1252 0.7431 0.7180 0.5242 0.3718 0.3944 0.2395 -0.1670 
2.4804 2.0525 1.3672 0.8036 1.2058 1.0596 1.2773 0.9915 1.0381 1.0453 1.1642 1.3512 1.0895 1.0534 1.3510 1.0661 1.1120 1.0299 1.2321 0.9006 0.8878 1.0882 0.8682 0.6963 0.6021 0.4943 0.7203 0.4022 0.4437 -0.1258 0.2447 0.6306 0.4589 
1.8774 1.9895 1.5791 1.4845 1.8192 1.7954 1.6098 0.3941 1.1159 1.1994 1.1657 1.2790 1.1313 1.0640 1.1685 1.0534 0.7439 1.0202 1.0864 0.9104 0.9414 1.0427 0.8651 0.8400 0.7119 -0.0670 1.0464 1.1382 1.0656 0.5951 0.4752 0.5559 -0.1591 
2.1259 1.4397 1.3588 0.6419 1.3600 1.4776 1.1669 1.1383 0.8202 0.4722 1.1363 1.0733 1.0487 1.3159 0.8983 0.7111 -0.1827 0.6671 0.8034 1.1579 0.8400 0.8188 0.8372 0.1290 0.4208 0.6726 0.6068 0.8237 0.5745 -0.2273 0.2201 -0.0115 0.0745 
1.6791 1.4062 1.5889 1.5463 1.5767 1.5114 1.5712 1.0920 0.7738 0.6056 0.9891 1.4247 1.4504 1.5087 1.2769 1.1016 -0.3151 1.0610 1.1678 1.3867 1.2645 1.1733 0.7000 0.2431 0.3706 0.6010 1.0262 0.8546 0.8078 0.6550 0.4863 0.0118 -0.5243 
2.1304 1.3740 1.5157 1.3792 1.1612 0.8880 1.3699 1.4066 0.5418 0.9853 0.1334 0.6253 1.4346 0.4447 0.9423 0.9137 1.1859 0.8581 0.8356 0.3456 1.2405 0.3761 -0.1484 0.6175 0.1442 0.9118 0.7904 0.2303 0.4040 0.4640 0.4236 0.0568 0.0736 
1.7499 1.8097 1.7121 1.5160 1.3451 1.2277 1.1030 1.1524 0.8375 0.8019 0.7270 1.0180 1.2020 1.2158 1.0958 1.0535 0.4260 1.0170 1.0227 1.0826 1.0353 0.7573 0.4278 0.4473 0.4303 0.6869 0.5269 0.5724 0.5533 0.6245 0.6035 0.4105 -0.2465 
2.2074 1.5522 1.5526 1.5438 1.0697 1.3550 0.9036 1.5825 1.1591 1.1341 0.9615 0.9199 1.1683 1.3393 1.1937 1.1238 1.5454 1.0855 1.1063 1.1687 1.0052 0.6993 0.6743 0.7807 0.7467 1.0963 0.3676 0.6978 0.2988 0.6583 0.4667 0.1140 0.1779 
1.6930 1.2896 1.5301 1.5412 1.1718 1.1024 0.6629 1.3164 1.2098 0.6777 0.8853 0.9666 1.1700 0.8813 1.0628 0.9020 1.1137 0.8487 0.9713 0.7507 1.0088 0.7254 0.5941 0.3134 0.7954 0.8134 0.0868 0.4476 0.4196 0.6544 0.4367 -0.0946 -0.4160 
2.1166 1.6980 1.1928 1.1577 1.2284 1.6579 1.4797 1.3862 1.1351 1.0489 0.9409 0.7753 0.7611 1.3965 0.9399 0.4726 0.7731 0.4276 0.8349 1.2478 0.5665 0.5207 0.6563 0.7003 0.7277 0.8823 0.9154 1.0027 0.4722 0.2538 0.1021 0.2526 0.0905 
1.8086 1.3491 0.8827 1.1129 0.9159 0.7844 1.4044 1.2297 0.5644 0.6078 0.7814 0.9514 0.5575 1.0624 1.0305 0.5221 0.4159 0.4851 0.9191 0.9103 0.3850 0.7145 0.4804 0.2568 0.1596 0.7491 0.8324 0.1129 0.1565 0.2034 -0.2253 -0.1332 -0.2647 
1.0827 0.9540 1.6795 1.2043 1.4089 1.2466 1.1903 1.5761 1.2676 1.3994 1.0309 1.2800 0.8341 1.3093 1.1225 0.7149 0.4835 0.6688 1.0431 1.1528 0.6607 1.0448 0.7231 1.0499 0.8362 1.0921 0.6438 0.5975 0.6453 0.3440 0.5584 -0.4554 -1.1646 
1.8635 1.7174 1.3859 1.0987 1.2222 1.6448 1.4533 1.3984 1.3801 1.4777 1.4782 0.7617 1.0383 1.3574 1.3787 1.5628 1.1896 1.5090 1.2805 1.1877 0.8308 0.5084 1.1723 1.1245 0.9563 0.9030 0.8792 0.9904 0.4687 0.1779 0.2835 0.2921 -0.1558 
