2.3304 1.9971 1.8775 1.2349 0.8918 1.1082 1.3979 1.5349 1.7046 1.6741 1.5593 1.3300 0.8720 0.6898 1.0679 1.1253 1.1074 1.0655 0.9409 0.5201 0.6652 1.0808 1.2231 1.2773 1.2418 0.9811 0.7764 0.3801 0.0519 0.2095 0.6370 0.4169 0.0516 
2.3802 2.3939 2.1235 1.8738 0.6660 1.3836 1.4786 1.7721 0.1924 1.6945 1.5978 1.1932 0.8883 1.3904 1.4554 1.1754 1.3855 1.1377 1.3227 1.2290 0.6892 0.9084 1.2643 1.2960 -0.3088 1.2194 0.8296 0.6507 -0.1946 0.8446 0.8914 0.8246 0.0837 
2.5115 1.2440 1.9128 1.5206 1.6434 1.7500 1.8704 1.8551 1.4136 1.4974 1.3869 1.4435 1.2731 1.4233 1.7301 1.2119 1.3214 1.1649 1.6237 1.2547 1.0886 1.1608 1.0697 1.1058 0.9231 1.2787 1.2232 1.0234 0.8089 0.5017 0.7154 -0.2166 0.1877 
2.7328 2.6388 2.2135 2.0068 1.9078 1.6157 1.6217 1.7086 1.5298 1.7466 1.8723 1.9226 1.6618 1.5833 1.5143 1.2132 0.5476 1.1689 1.4010 1.4392 1.4819 1.6420 1.5308 1.3478 1.0665 1.1767 0.9887 0.8867 1.0546 1.0024 0.9607 1.0543 0.4450 
3.2881 2.6744 2.2271 2.1633 1.7869 1.8123 1.8805 1.6357 1.6146 1.3390 1.3552 1.1572 1.5275 1.3867 1.3460 1.5006 0.8715 1.4490 1.2422 1.2244 1.2937 0.8733 1.0332 0.9389 1.1594 1.1170 1.2329 1.0761 0.9091 1.1476 0.9587 1.0522 0.9570 
3.2477 2.7387 2.2386 2.0055 1.9206 1.6082 1.8551 1.4500 1.1901 1.4148 1.3151 1.5199 0.9760 1.6080 1.2935 0.5634 1.4289 0.5188 1.2005 1.4760 0.7774 1.2352 0.9876 1.0097 0.7458 0.8850 1.2020 0.8741 1.0751 0.9966 0.9770 1.1387 0.9168 
2.1314 2.5701 2.6231 1.8836 1.9241 2.0639 2.0954 1.5650 1.5716 1.1948 1.6497 1.5098 1.6410 1.4594 1.6949 1.9356 0.8651 1.8918 1.5971 1.2768 1.4524 1.2216 1.3240 0.8036 1.1253 1.0242 1.4871 1.3332 1.0855 0.8654 1.3901 0.9779 -0.1093 
3.3544 2.5434 2.0501 1.9736 1.8832 1.5528 1.1199 1.5394 1.6577 1.6789 1.4528 1.3772 1.0365 1.3771 1.1029 1.9509 0.7374 1.9062 0.9842 1.2236 0.8252 1.1263 1.1247 1.2788 1.1991 0.9821 0.4588 0.8218 1.0200 0.9555 0.8199 0.8646 1.0503 
2.2313 2.2840 2.2340 2.0057 1.2981 1.2155 1.2767 1.6653 1.3403 1.4014 1.2210 1.2734 1.3623 0.7627 1.1492 1.3230 1.6044 1.2755 1.0348 0.5930 1.1574 1.0150 0.8839 1.0033 0.8697 1.1470 0.6644 0.4922 0.4408 0.9972 0.9930 0.7261 -0.0977 
2.9806 2.4751 2.2002 2.0670 1.9194 1.7493 1.2023 1.8467 1.7546 1.8742 1.4792 1.7205 1.4623 1.5026 1.2142 0.7703 1.0238 0.7135 1.1289 1.3196 1.2262 1.4754 1.1398 1.4851 1.2769 1.2729 0.5759 1.0135 1.0764 1.0848 0.9416 0.8678 0.6970 
3.0921 2.6417 2.2259 1.9803 1.8213 1.6164 1.9250 1.7908 1.4135 1.4453 1.1772 1.3841 1.3624 0.4172 1.3501 1.5381 1.5690 1.4988 1.2486 0.2300 1.1599 1.1300 0.8380 1.0430 0.9298 1.2340 1.2805 0.8849 0.9356 0.9656 0.9641 1.0288 0.8028 
2.4280 1.6158 1.0850 0.1527 1.0765 1.3163 1.2679 1.1579 0.8796 1.1614 0.9461 0.7728 1.3173 1.2551 -0.7853 1.2717 1.1829 1.2224 -1.0078 1.1209 1.1317 0.4853 0.6149 0.7696 0.4285 0.5960 0.6505 0.5883 0.2073 -0.7134 -0.1728 0.1342 0.1195 
2.8374 1.8789 1.8567 1.4660 1.7248 1.3767 1.8642 1.1191 1.4847 1.5210 0.7582 1.4587 1.5398 1.6613 1.4402 1.4339 1.5949 1.3680 1.3116 1.5226 1.3107 1.1733 0.4293 1.1289 0.9925 0.5454 1.2132 0.6452 0.8696 0.4243 0.6092 0.1666 0.5230 
2.0645 0.9596 1.4723 1.6451 0.8211 0.9852 1.2075 1.8011 1.7435 1.1706 0.4785 0.6556 1.3305 1.2935 0.6931 1.0086 1.1323 0.9503 0.5616 1.1551 1.1404 0.3959 0.1306 0.7856 1.2694 1.2444 0.5673 0.2499 -0.0444 0.6573 0.1958 -0.4068 -0.2583 
2.2231 1.5496 1.2506 0.7443 0.9102 1.5154 1.1484 1.5144 1.1865 0.9406 1.3633 1.2426 1.6218 1.2700 1.1010 0.7548 0.7051 0.6891 0.9697 1.1310 1.4223 0.9669 1.0395 0.5478 0.7334 0.9548 0.4995 0.7787 0.0902 -0.2809 0.0485 0.0303 -0.0834 
2.5195 0.9516 1.6393 1.6205 1.1720 0.9973 -0.2123 1.5535 0.9433 1.0233 0.7047 1.7333 1.5124 1.6172 1.3203 1.2765 0.1191 1.2305 1.2223 1.4846 1.2763 1.4872 0.3894 0.6159 0.4799 1.0100 -0.7237 0.2605 0.3482 0.5947 0.4544 -0.6248 0.1812 
2.2625 2.4646 2.0591 0.8015 1.4692 1.3111 1.6656 1.2015 1.5974 1.6446 1.5445 1.5580 1.5262 1.2358 0.7543 1.1651 1.5178 1.1281 0.6225 1.1009 1.2910 1.2761 1.2068 1.2537 1.1473 0.6640 1.0548 0.5808 0.5925 -0.1411 0.8343 0.8888 0.0121 
2.9153 2.6212 2.3718 2.1834 2.2239 2.0026 1.6942 1.4682 1.3472 1.5936 1.5229 1.5306 1.5613 1.2641 1.4856 1.2236 1.0079 1.1778 1.3542 1.1289 1.3404 1.2487 1.1850 1.2001 0.8825 0.9009 1.0825 1.2691 1.3427 1.1624 1.1610 1.0126 0.5928 
2.6819 2.2433 1.8674 1.6518 1.6934 1.4910 1.1330 1.2329 1.1680 0.4444 0.8974 0.4679 0.9678 1.1922 1.0062 1.1446 0.8945 1.0993 0.8995 1.0388 0.7752 0.1859 0.5558 0.0463 0.7103 0.7098 0.4810 0.7555 0.8446 0.6570 0.6256 0.6388 0.4301 
3.1235 2.6240 2.2564 1.7342 1.8122 1.6427 1.2869 1.5663 1.6748 1.5507 1.4288 1.4357 1.4748 1.4096 1.6284 1.5704 1.5794 1.5264 1.5335 1.2409 1.2336 1.1586 1.1098 1.1604 1.2169 1.0238 0.6739 0.9102 0.9322 0.7454 1.0147 0.9933 0.8326 
3.1826 2.5151 2.2964 1.9324 1.5700 1.9734 1.0726 1.5942 1.4847 1.9572 1.3089 1.6227 1.5235 1.4312 1.2963 1.3029 0.8943 1.2559 1.2047 1.2603 1.2914 1.3541 0.9807 1.5637 0.9890 1.0605 0.4375 1.2421 0.7358 0.9070 1.0702 0.8580 0.8723 
2.1883 2.2784 1.7662 1.9452 1.9599 1.6878 1.1301 1.6745 1.8051 0.8209 1.1343 1.2740 1.6206 1.6589 1.3637 1.1861 -0.6679 1.1425 1.2549 1.5214 1.4214 1.0154 0.7953 0.4266 1.3132 1.1548 0.4614 0.9525 1.1272 0.9350 0.5375 0.7214 -0.0718 
3.0609 2.2727 1.6205 2.0685 1.8694 1.4747 1.8918 1.8438 0.0807 1.8894 1.6119 1.2475 1.7008 1.3985 1.4874 1.3465 1.4989 1.2880 1.3568 1.2325 1.5076 0.9770 1.2739 1.5001 -0.3174 1.2702 1.2485 0.7303 0.9946 1.0810 0.3926 0.6113 0.7774 
1.4772 2.5446 2.1245 1.9462 0.8234 1.8467 1.4830 1.5854 0.4491 1.2889 1.1955 1.2212 1.2064 1.0885 0.5555 0.8387 -0.0537 0.7961 0.4637 0.9060 0.9914 0.9413 0.8570 0.8990 0.0165 1.0469 0.8277 1.1118 -0.0047 0.9206 0.8907 0.9600 -0.7068 
3.1147 2.5993 2.1233 1.4239 1.6554 1.7148 1.8206 1.4204 1.0773 1.3603 1.3717 1.1701 1.1827 0.7925 0.9995 1.2713 0.9617 1.2221 0.8930 0.6326 0.9560 0.8881 1.0475 0.9630 0.6016 0.8557 1.1761 0.9852 0.8246 0.4282 0.8960 0.9799 0.8685 
4.0380 4.1607 3.6843 3.3563 3.2150 3.0729 2.9749 2.9053 2.8190 2.7541 2.6950 2.6975 2.6547 2.6050 2.5227 2.5473 2.6089 2.4815 2.3974 2.4226 2.4318 2.4202 2.3624 2.3662 2.3531 2.3445 2.3262 2.3395 2.3554 2.3319 2.4189 2.6010 1.6983 
3.8163 3.7530 3.3608 3.0840 2.9260 2.7644 2.7548 2.8010 2.8010 2.6857 2.6132 2.4178 2.3775 2.2562 2.3675 2.2799 2.1164 2.2388 2.2716 2.0842 2.1910 2.1685 2.2740 2.2922 2.3381 2.2692 2.1401 2.0290 2.0395 2.0638 2.0975 2.2168 1.4315 
4.0664 3.7330 3.4533 3.0723 3.0113 2.8271 2.9672 2.8576 2.6751 2.6140 2.2541 2.3906 2.3613 2.3327 2.3691 2.3501 2.3423 2.3017 2.2731 2.1964 2.1620 2.1370 1.9148 2.2250 2.2280 2.3099 2.3173 2.0950 2.1634 2.0558 2.2345 2.1378 1.6763 
3.9854 4.0811 3.7100 3.1923 3.0275 2.8902 2.8764 3.0584 2.7672 2.7123 2.1314 2.6015 2.4603 2.3910 2.3901 2.4022 2.2767 2.3570 2.2986 2.2541 2.2584 2.3134 1.8148 2.3164 2.3104 2.5267 2.2529 2.1570 2.1904 2.2071 2.4597 2.4972 1.7882 
2.2863 4.3611 3.8534 3.5070 3.3485 3.1092 2.9943 3.1931 3.0234 2.8888 2.9893 2.8182 2.7617 2.7139 2.7182 2.6511 2.6444 2.6097 2.6259 2.5831 2.5836 2.5738 2.6505 2.4860 2.5780 2.6543 2.3533 2.3754 2.4818 2.5159 2.6314 2.7628 1.2892 
3.8956 4.3725 3.3026 3.1074 2.8131 2.4269 2.7174 2.9765 2.5964 2.3963 2.0197 2.1662 2.3931 2.3136 2.2698 2.2260 2.2436 2.1659 2.1725 2.1701 2.2162 1.8929 1.6919 2.0056 2.1102 2.4074 2.0861 1.6870 1.9579 2.0904 1.9984 2.7696 1.5219 
2.6420 4.2430 3.4417 2.7393 2.6488 2.4197 2.3383 2.6411 2.7614 2.3950 1.6631 1.8416 1.8839 1.5502 1.8288 1.4380 1.6194 1.3731 1.6992 1.4042 1.6521 1.5470 1.3277 2.0025 2.3089 2.0870 1.7143 1.7032 1.8281 1.7970 2.2603 2.6775 1.2487 
3.5343 3.9848 3.7853 3.4822 3.3997 3.2823 3.1524 3.1312 3.1537 3.0299 2.9709 2.8418 2.8245 2.7970 2.7303 2.7036 2.6197 2.6564 2.6351 2.6496 2.6244 2.5909 2.6307 2.6389 2.6942 2.6120 2.5493 2.5548 2.5691 2.5107 2.6064 2.3776 1.6032 
3.8981 3.4493 3.8461 3.7741 3.5263 3.4053 3.2246 3.3203 3.1093 3.1191 3.0453 2.9789 2.9712 2.9396 2.9321 2.9043 2.8780 2.8384 2.8013 2.7479 2.7389 2.6926 2.7114 2.7316 2.6529 2.7448 2.6076 2.6730 2.6811 2.7621 2.6512 1.8711 1.7636 
4.2958 4.0437 3.7554 3.6836 3.4849 3.3867 3.3229 3.2540 3.1273 3.1076 3.0620 3.0014 2.9578 2.8962 2.8700 2.8275 2.8049 2.7672 2.7481 2.7235 2.7197 2.7203 2.7292 2.7135 2.6725 2.6987 2.6713 2.6551 2.6498 2.6558 2.5721 2.4257 2.0757 
4.4533 3.9258 3.9456 3.6931 3.6493 3.5286 3.4466 3.3815 3.3356 3.2556 3.2111 3.1357 3.1036 3.0674 3.0424 3.0281 3.0063 2.9857 2.9589 2.9317 2.9072 2.8839 2.8890 2.8521 2.8549 2.8324 2.8148 2.7987 2.7723 2.6691 2.7333 2.3239 2.2328 
4.5749 3.9182 4.1962 3.9820 3.7916 3.6542 3.4613 3.3606 3.2976 3.1882 3.1694 3.1277 3.0882 3.0555 3.0390 2.9967 2.9706 2.9576 2.9562 2.9145 2.8873 2.8743 2.8450 2.7869 2.8053 2.8011 2.8304 2.9213 2.9592 2.9799 2.9880 2.3215 2.2981 
4.6560 4.2462 4.1878 3.8494 3.3913 3.0362 3.0931 3.0746 3.0411 2.9524 2.8434 2.7717 2.7422 2.7411 2.6801 2.6558 2.6617 2.6138 2.5956 2.6042 2.5531 2.5200 2.5212 2.5484 2.5943 2.5505 2.4646 2.3042 2.5469 2.8537 2.9774 2.6612 2.3430 
4.5900 4.1935 4.1369 3.7786 3.2685 3.1832 3.2262 3.0297 2.7011 2.6259 2.5781 2.5386 2.3866 2.4036 2.4164 2.4152 2.3853 2.3691 2.3196 2.2645 2.2066 2.2621 2.2383 2.2361 2.2471 2.4839 2.6071 2.4564 2.3891 2.7596 2.9386 2.6071 2.2900 
4.3720 4.1912 4.2659 3.8962 3.5799 3.4838 3.2839 3.2816 3.3212 3.2438 3.1691 3.1086 3.0273 3.0126 2.9886 2.9539 2.9016 2.8883 2.8814 2.8519 2.8059 2.8437 2.8444 2.8406 2.8304 2.7204 2.6426 2.7506 2.7242 2.9057 3.0524 2.6296 2.0721 
2.2694 4.5140 4.4429 3.8134 3.7911 3.6892 3.5641 3.5658 3.4171 3.4117 3.3291 3.2685 3.1891 3.2024 3.1384 3.1173 3.0729 3.0743 3.0437 3.0447 2.9895 2.9937 2.9880 3.0192 2.9683 3.0260 2.9566 2.9565 2.9601 2.7973 3.1991 2.9674 1.1479 
4.3625 4.7690 4.2802 3.6140 3.5848 3.4620 3.3273 3.2540 3.2389 3.0804 3.0008 2.9659 2.9524 2.8927 2.8987 2.8534 2.8001 2.7914 2.7718 2.7212 2.7122 2.6768 2.6628 2.6857 2.7542 2.6987 2.6750 2.7291 2.7235 2.6160 3.0454 3.1659 1.9333 
4.2592 4.7020 4.1345 3.2102 3.1874 3.0725 2.8307 3.0158 2.5267 2.3590 2.2870 2.6639 2.1409 1.9752 2.4174 1.9902 2.0362 1.9405 2.3198 1.8463 1.9217 2.3801 1.9554 1.9648 2.0336 2.4666 2.2242 2.3394 2.3322 2.2284 2.9079 3.1126 1.9408 
3.9268 4.6393 4.2138 3.7271 3.5902 3.4175 3.3453 3.1195 3.0990 3.0454 2.9782 3.0695 2.9090 2.8470 2.8462 2.7797 2.7714 2.7340 2.7373 2.6864 2.6798 2.7936 2.6382 2.6522 2.6415 2.6022 2.6979 2.6835 2.7274 2.7083 2.9951 3.0718 1.8590 
3.4724 4.6325 4.1841 3.8159 3.5554 3.3362 3.2232 3.2393 3.1654 3.1068 3.0829 2.6443 2.8654 2.7470 2.7817 2.7795 2.7472 2.7334 2.6851 2.6126 2.6503 2.3652 2.7449 2.7121 2.7028 2.6885 2.6045 2.6028 2.7002 2.8057 2.9666 3.0610 1.2052 
3.6079 4.5586 4.0610 3.5311 3.1560 2.8187 2.7148 2.9522 2.8574 2.8137 2.8837 2.4100 1.8487 1.8731 2.2266 1.9074 1.9042 1.8733 2.0983 1.6778 1.6182 2.1798 2.5586 2.4172 2.3780 2.3824 2.0989 2.1070 2.3195 2.5673 2.8144 2.9875 1.0019 
2.9229 4.2956 4.2101 3.8904 3.6860 3.4755 3.3759 3.1261 3.3267 3.2482 3.3444 3.1163 3.0568 3.0258 3.0945 3.0081 2.9887 2.9684 3.0004 2.8716 2.8463 2.8585 3.0065 2.8460 2.8431 2.6047 2.7372 2.7431 2.8021 2.9171 3.0074 2.7087 1.3706 
4.1621 4.2387 4.3099 4.0302 3.7187 3.5749 3.4555 3.4906 3.2855 3.2420 3.0470 3.0629 3.0364 3.0620 3.0525 3.0054 2.9409 2.9652 2.9670 2.9244 2.8197 2.7871 2.7104 2.8383 2.7923 2.9745 2.8242 2.8433 2.8568 3.0119 3.0841 2.6844 1.8602 
4.2938 4.2654 4.0539 3.6245 3.1049 2.8498 2.7219 2.8184 2.8746 2.8830 3.1094 1.5322 2.1349 1.8920 2.3196 1.9752 1.6853 1.9265 2.2321 1.7285 1.9266 1.2038 2.7729 2.4832 2.3977 2.2763 2.1012 2.1233 2.2703 2.6257 2.8059 2.6810 1.8834 
4.2077 4.0727 3.9193 3.2961 2.7424 2.4626 2.5285 3.0099 1.9071 2.3446 2.7783 1.5746 2.1255 2.2333 1.7521 1.5396 2.0303 1.5122 1.6102 2.0600 1.9173 1.3805 2.4490 1.9702 1.5004 2.4477 1.8904 1.7142 1.9074 2.2915 2.7152 2.4286 1.7918 
4.0515 3.7422 3.9135 3.1361 2.4952 2.1621 2.4035 2.9918 2.3104 2.0700 2.7442 2.6011 2.0203 2.0253 2.2531 2.0088 1.6608 1.9675 2.1479 1.8918 1.8254 2.3045 2.4096 1.6423 1.8550 2.4321 1.7599 1.3096 1.5628 2.1119 2.6985 2.0882 1.6295 
4.1575 3.7996 4.0627 3.6585 3.5011 3.4316 3.3338 3.1363 3.3251 3.2621 3.2189 3.1101 2.9147 2.6554 2.5921 2.2888 1.6347 2.2533 2.4712 2.5042 2.6860 2.8479 2.8972 2.8571 2.8349 2.6129 2.6793 2.6932 2.6515 2.6267 2.8139 2.1851 1.8392 
4.3050 4.0607 4.2163 3.6374 3.3227 3.2232 3.1316 3.4240 2.9547 3.0445 2.9894 2.9872 2.8647 2.6117 1.8939 2.2826 2.4144 2.2406 1.7849 2.4322 2.6495 2.7017 2.6501 2.6511 2.4583 2.8911 2.5174 2.4882 2.4335 2.6181 3.0094 2.4526 2.0118 
4.3346 4.1226 4.1302 3.2775 2.4484 2.0557 2.9462 3.2351 3.1580 2.7660 2.9541 2.7415 2.2006 2.6818 2.5820 1.8965 2.0279 1.8590 2.4478 2.5360 1.9600 2.4717 2.6120 2.3755 2.6959 2.6839 2.2946 1.3773 1.5631 2.2380 2.9176 2.5628 2.0724 
4.1023 4.0244 4.0801 3.1486 1.5712 2.5377 2.8375 3.1697 2.5829 3.0467 2.9989 1.8800 1.5244 1.9898 1.4504 1.7046 1.4909 1.6545 1.3193 1.8592 1.3013 1.5804 2.6613 2.6550 2.0841 2.6364 2.2259 1.8084 0.8062 2.1330 2.8405 2.4450 1.8656 
3.3526 4.1761 4.0120 3.3226 3.4227 3.2826 3.1893 3.3790 3.0100 3.0334 2.8568 2.9267 2.8266 2.8027 2.7825 2.7123 2.6717 2.6644 2.6860 2.6531 2.6252 2.6413 2.5344 2.6412 2.5570 2.8266 2.5868 2.5484 2.5886 2.2695 2.7727 2.6076 0.7902 
4.5218 4.5245 4.4073 4.1006 3.8471 3.4740 2.7799 3.2539 3.5499 3.4976 3.5128 3.4410 3.2498 3.1124 3.1949 3.1424 3.1115 3.0970 3.0896 2.9774 3.0292 3.1651 3.1860 3.1067 3.0831 2.6995 2.1541 2.7372 3.0042 3.0746 3.1474 2.9685 2.3113 
4.0801 4.2106 4.5103 4.0778 3.4794 3.1251 3.5443 3.4574 3.2262 2.7883 3.1096 2.9478 2.9027 3.0822 2.1240 2.3146 2.3040 2.2690 2.0117 2.9490 2.6776 2.6563 2.7731 2.4007 2.7464 2.9318 2.9449 2.3879 2.6359 3.0406 3.3207 2.6297 1.9155 
4.2914 3.7137 3.8817 3.3203 2.7666 2.5726 3.4248 3.7041 2.7880 3.5858 2.6780 2.8332 2.6351 3.0790 2.4949 2.5294 2.3326 2.4637 2.3768 2.9474 2.4099 2.5864 2.3358 3.1831 2.3403 3.1328 2.7873 1.8486 1.9544 2.3006 2.6653 2.1175 2.0444 
4.1396 4.5735 4.2637 3.9190 3.3646 3.2568 3.4254 3.3067 3.1413 3.2833 3.3400 2.7851 2.3112 2.5780 2.4791 2.3319 1.9453 2.2844 2.3708 2.3907 2.0901 2.5310 3.0011 2.8811 2.6800 2.7366 2.7904 2.5349 2.5095 2.9306 3.0374 3.0091 2.0501 
4.6163 4.1998 4.2596 4.0646 3.5201 3.4014 3.3356 3.4706 3.1975 3.1467 2.9823 3.0983 2.9880 2.8946 2.9286 2.9188 2.8100 2.8518 2.7977 2.7229 2.7517 2.8293 2.6430 2.7478 2.7291 2.9523 2.6875 2.6662 2.6732 3.0306 3.0453 2.6009 2.3151 
4.4397 4.1165 4.2098 4.1935 3.7483 3.6376 2.6136 3.1848 2.7514 3.1435 3.4434 3.0600 2.8514 3.1088 3.0031 2.9758 2.8677 2.9282 2.9052 2.9724 2.6452 2.7786 3.1086 2.7510 2.2922 2.6477 1.9864 2.9022 2.8990 3.1822 3.0101 2.5407 2.2396 
4.1222 4.1835 4.1115 3.0821 2.6220 2.9901 2.8572 2.0417 2.5111 2.0570 2.4008 2.2487 2.0221 1.7981 1.8343 1.8663 1.6659 1.8118 1.7017 1.6355 1.8256 1.9681 2.0801 1.6471 2.0156 1.5247 2.2446 2.2559 1.6908 2.1116 2.8769 2.6263 1.9534 
4.0585 3.9109 3.4563 3.2625 2.5333 3.1287 3.4484 2.6671 2.2434 2.2233 2.6368 2.2692 1.2363 1.6687 0.8741 0.6088 0.8421 0.5537 0.7780 1.5307 1.0321 1.9860 2.3016 1.8200 1.7551 2.1133 2.8158 2.4004 1.6566 2.2488 2.2410 2.3268 1.7509 
3.9138 3.7769 2.1980 3.2808 3.0731 3.0157 2.9273 2.7625 2.7044 2.4861 2.4440 2.4784 2.5902 2.5282 2.3796 2.3282 2.2858 2.2814 2.2885 2.3554 2.3524 2.2270 2.1262 2.0779 2.2510 2.2428 2.2809 2.2839 2.2386 2.2673 1.0089 2.2171 1.6557 
3.6950 3.3855 3.2306 3.1288 2.0097 2.3172 2.4269 2.1527 1.4842 1.6407 1.9317 2.0190 1.9416 1.9670 1.9764 1.4957 1.7285 1.4387 1.8847 1.8296 1.7302 1.7661 1.5998 1.2492 0.9762 1.5941 1.8170 1.5835 1.2107 2.1271 2.0087 1.8043 1.4500 
3.5280 3.4342 2.9665 2.8416 2.6138 1.9203 2.7004 1.9290 2.0291 1.4606 1.9231 1.1354 1.5897 1.5140 1.4473 1.2051 1.0282 1.1607 1.3192 1.3346 1.3836 0.8329 1.5897 1.0553 1.5733 1.3780 2.0644 1.1877 1.7411 1.8496 1.7321 1.8678 1.2806 
3.0417 2.9174 2.7961 2.4094 2.6599 2.5194 2.2514 2.1296 2.2696 1.9500 1.8004 2.0184 2.1475 2.1666 1.9809 1.6403 1.8727 1.5924 1.8880 1.9924 1.9301 1.7637 1.4848 1.5569 1.8127 1.5829 1.6119 1.7804 1.8300 1.3985 1.5853 1.3136 0.8255 
1.6739 2.7659 1.8977 1.5711 2.1012 2.5559 2.2737 1.2775 1.5640 0.9926 1.5460 1.3740 1.2826 0.3743 0.3331 1.0765 0.2945 1.0120 0.2033 0.1714 1.0997 1.1211 1.2090 0.6051 1.1182 0.7637 1.6306 1.8249 1.2477 0.5788 0.6635 1.2055 -0.6751 
3.1115 3.0860 2.6874 2.4659 1.9477 1.7630 2.0034 2.0901 1.6890 2.0035 2.0464 2.1794 1.9788 1.9901 1.7066 1.1030 1.5096 1.0436 1.6019 1.8560 1.7731 1.9007 1.7199 1.6100 1.2348 1.5507 1.3838 1.0148 1.1182 1.4835 1.4816 1.5204 0.8394 
2.9364 2.8640 2.3298 2.3527 2.2062 2.2811 2.1697 0.9621 1.6372 1.9055 1.6394 1.6919 1.6549 1.5500 1.7109 1.5519 0.4747 1.5086 1.6087 1.3929 1.4741 1.4450 1.3013 1.5158 1.1782 0.4405 1.5297 1.5499 1.3235 1.3390 1.1316 1.2707 0.6102 
2.6513 1.8872 2.2013 1.7162 1.5460 1.1697 1.7217 1.6011 1.0555 1.1388 1.7540 0.7000 1.6413 1.2905 1.2302 1.2841 0.6637 1.2367 1.1434 1.1486 1.4537 0.4187 1.4343 0.7587 0.5729 1.0784 1.1149 0.4337 0.7007 0.6913 0.9619 0.4281 0.3166 
2.6714 2.2326 2.1109 1.6758 1.8579 1.5440 1.7192 1.6464 1.6453 0.4283 1.2712 1.1666 1.2835 1.1289 1.3843 1.5350 -1.0657 1.4956 1.2721 0.9462 1.1021 0.8888 0.9337 0.0274 1.1905 1.1316 1.1149 0.8110 0.9769 0.6891 0.8816 0.6089 0.4048 
2.2082 1.9433 1.6339 1.4686 1.3632 1.2778 0.9227 1.2397 1.5007 1.1781 1.4815 1.0950 1.3910 0.9945 1.3350 0.8383 1.0412 0.7922 1.2332 0.8365 1.1790 0.8116 1.1396 0.7857 1.0162 0.7219 0.3181 0.5479 0.4963 0.4243 0.4401 0.4196 -0.2115 
2.8964 2.4535 2.0662 1.4952 1.2957 1.6486 1.1326 1.7128 1.7376 1.4305 1.6727 1.5470 1.1184 1.4102 1.2486 0.8548 0.9794 0.8076 1.1558 1.2428 0.8764 1.2683 1.3470 1.0245 1.2679 1.1780 0.4852 0.9150 0.4556 0.4578 0.8462 0.8491 0.5949 
2.5862 1.9061 0.8625 1.5215 1.3216 1.0418 1.3942 1.2012 1.0041 0.7739 1.4027 1.2742 1.0032 0.6352 1.2266 0.8710 0.6157 0.8319 1.1367 0.4627 0.7957 1.0133 1.0804 0.3851 0.5360 0.6552 0.7763 0.3303 0.4863 0.4816 -0.4274 0.4105 0.2225 
1.9078 1.9041 1.8328 1.0041 1.5558 1.5557 1.5614 1.4288 1.4404 1.5696 0.9442 0.8224 0.5213 0.6123 0.8050 0.6989 1.1338 0.6428 0.7146 0.4592 0.3101 0.5420 0.6048 1.1775 0.9543 0.8664 0.9179 0.8244 0.7142 -0.0202 0.5813 0.3439 -0.3116 
2.6280 2.1701 1.9004 1.5143 1.6911 1.6115 0.9104 0.9576 0.9144 1.5126 1.4346 1.2258 1.3307 1.2183 1.4442 1.2785 1.0375 1.2343 1.3157 1.0774 1.1386 0.9471 1.1140 1.1257 0.4565 0.4316 0.2904 0.8764 0.8426 0.4959 0.6766 0.5527 0.3905 
1.9784 1.3430 0.9223 0.7690 1.3044 1.1819 1.2429 0.9656 0.4026 0.2859 1.1087 0.9460 0.9988 1.1936 0.7688 0.4733 0.0484 0.4282 0.6458 1.0411 0.7958 0.6938 0.7707 -0.0924 -0.0632 0.4326 0.6049 0.4487 0.4610 -0.2530 -0.3005 -0.2627 -0.3397 
2.1127 2.1353 1.9501 0.9219 1.5800 1.5484 0.3235 0.7656 1.4408 1.3591 1.2211 1.0369 0.8776 1.2330 1.2114 1.0496 1.0367 0.9797 1.1256 1.0987 0.6778 0.7747 0.8844 0.9566 0.9563 0.1777 -0.3263 0.8123 0.7579 0.0022 0.7290 0.5495 -0.0487 
1.8511 1.5282 1.2061 1.1878 1.8157 1.6066 1.4191 0.7548 1.4355 0.7629 1.5730 1.3005 1.5626 1.2868 0.9682 1.5372 1.6423 1.4981 0.8685 1.1488 1.3430 1.0489 1.2387 0.3692 0.9462 0.1856 0.7865 0.8713 0.9382 0.1757 0.0071 -0.0554 -0.4359 
2.1725 2.2298 1.6314 1.6423 1.8717 2.0371 1.5829 1.5223 1.3876 1.5730 1.6185 1.6200 1.2307 1.2204 1.3891 0.9170 0.4217 0.8681 1.2732 1.0871 1.0218 1.3439 1.2802 1.1803 0.9128 0.9550 0.9431 1.3054 1.0075 0.6622 0.4552 0.6709 -0.1825 
2.0092 1.6462 1.7471 1.6234 1.7287 1.5326 1.5123 1.5303 1.3887 1.4113 1.1054 0.9306 1.4853 1.0350 1.1214 1.2207 0.9865 1.1767 0.9939 0.8693 1.2482 0.6844 0.7709 1.0084 0.9096 0.9739 0.8620 0.7987 0.8685 0.6009 0.5171 0.0507 -0.3456 
2.0188 1.9697 1.6465 0.8702 1.3544 1.8716 1.8544 1.3493 1.8651 1.2430 1.0620 1.2404 1.6397 1.5558 1.2704 1.1097 0.7444 1.0386 1.1743 1.3987 1.4487 0.9657 0.7326 0.8540 1.3803 0.8190 1.1998 1.1427 0.4966 -0.0672 0.4336 0.4382 -0.2627 
1.4551 1.5885 1.0123 1.1703 1.5407 1.4226 1.5410 1.4083 1.4626 0.7326 1.1760 0.8783 1.1465 1.3017 1.0293 1.3428 1.2230 1.2839 0.9111 1.1612 0.9113 0.6080 0.8396 0.3299 0.9683 0.8563 0.9023 0.6858 0.6964 0.1522 -0.1971 0.0209 -0.9232 
2.2865 2.2392 1.3763 1.8037 1.7060 1.6204 1.8507 1.8893 1.4286 1.3286 1.0317 1.1549 1.5224 1.4929 1.5899 1.2768 0.4521 1.2302 1.5027 1.3051 1.2899 0.8689 0.7166 0.9284 0.9378 1.3274 1.1973 0.8882 0.8543 0.7900 0.1342 0.6316 -0.0470 
1.7542 1.6808 1.7799 1.8688 0.6884 1.8575 0.9501 1.1392 1.3317 1.3276 1.4863 1.2959 1.6294 1.2124 1.3279 1.2390 1.1553 1.1914 1.2268 1.0756 1.4292 1.0494 1.1453 0.9294 0.8713 0.5701 0.3283 1.1246 -0.2226 0.8419 0.5493 0.1030 -0.4394 
1.4864 2.0031 1.6482 1.5971 1.6900 1.4378 1.2020 1.4014 1.1649 1.1137 1.4625 1.6486 1.5891 1.5010 1.3464 1.7240 1.5438 1.6641 1.2415 1.3165 1.3764 1.3933 1.1317 0.6956 0.7097 0.8542 0.5476 0.6929 0.8448 0.5949 0.4557 0.4590 -1.3116 
1.0542 1.7526 1.5150 1.5042 1.1829 1.1778 0.7771 1.0295 1.5298 1.5307 1.6266 1.6280 1.5949 1.5491 1.3286 1.0156 0.8439 0.9475 1.2281 1.3897 1.3865 1.3588 1.2880 1.1430 1.0726 0.4880 0.1497 0.4457 0.3453 0.4842 0.3018 0.1769 -1.2077 
2.3008 2.1392 2.1379 1.9129 1.4772 1.6031 1.8609 1.6006 1.2276 1.3845 1.6465 1.4943 1.4503 1.5147 1.3832 0.8528 1.2269 0.8097 1.2709 1.3402 1.2164 1.2049 1.3197 0.9809 0.7718 1.0712 1.2095 0.8756 0.5787 0.8966 0.9033 0.5421 0.0130 
2.0601 2.3764 2.2005 2.0477 1.6786 1.6467 1.8158 1.5026 1.3870 1.0891 1.4601 1.4044 1.5409 1.1446 1.2404 1.6172 0.1566 1.5682 1.1536 0.9606 1.3137 1.1426 1.1277 0.6953 0.9076 0.9285 1.1745 0.9225 0.8221 1.0564 0.9605 0.8169 -0.1846 
1.9011 1.3291 0.8214 1.2062 1.3030 0.0201 1.1237 1.1336 1.0628 1.1294 0.4057 0.4264 0.4173 0.8366 0.8170 0.4471 0.3674 0.4047 0.7269 0.6892 0.1837 0.1466 0.0691 0.7345 0.5732 0.5633 0.4742 -0.6785 0.4610 0.1912 -0.4164 -0.2924 -0.4187 
2.8977 1.7557 1.4446 1.3433 0.8435 1.6154 1.3129 1.6196 1.6078 1.2005 1.1486 0.8237 1.2055 1.1533 1.1836 1.4041 1.1210 1.3418 1.0997 0.9862 0.9951 0.5448 0.8028 0.7993 1.1515 1.1002 0.7179 0.8908 0.0184 0.3149 0.2704 0.1586 0.5669 
1.8120 1.7293 1.5459 1.3023 1.6185 1.2622 1.3227 1.5743 0.5530 1.2309 1.1568 1.0812 1.4120 1.5412 1.2298 1.0116 0.9576 0.9501 1.1396 1.3802 1.1909 0.8026 0.8200 0.8374 0.0942 1.0351 0.7179 0.5334 0.7778 0.3139 0.3231 0.1595 -0.4024 
1.9180 2.2545 2.1960 2.1199 2.0692 1.4889 1.3620 1.3102 1.4827 1.5613 1.6764 1.3631 1.1140 1.1649 0.7476 0.6723 1.5392 0.6075 0.6124 0.9960 0.8747 1.1149 1.3491 1.1708 0.9863 0.7858 0.7566 0.7478 1.2161 1.1300 0.9501 0.6837 -0.3440 
2.8549 2.2859 1.9190 1.5711 1.7417 1.5135 1.5692 0.7770 1.2220 1.3242 1.2828 1.4257 1.2753 0.4590 0.7344 0.9070 0.6870 0.8623 0.6027 0.3101 1.0848 1.1536 0.9547 0.9232 0.7746 0.2168 0.9257 0.7807 0.8846 0.5532 0.7034 0.6736 0.5593 
2.0450 1.6111 1.3272 1.2378 0.4048 1.5011 1.5665 1.1860 1.1239 0.9121 1.3473 0.9068 1.4861 1.1428 1.0914 1.0354 0.2082 0.9725 0.9607 0.9656 1.2459 0.6510 1.0226 0.5278 0.6358 0.6402 0.9218 0.7697 -0.4654 0.2299 0.1109 0.0358 -0.2143 
2.5478 2.2921 1.5701 1.5230 0.9442 1.0574 0.8637 1.1566 1.1494 1.5257 1.4609 1.2219 1.4883 1.1120 1.4455 0.6889 1.4837 0.6275 1.3163 0.9173 1.2504 0.9416 1.1286 1.1363 0.6853 0.5940 0.2279 0.3246 0.1015 0.4990 0.3514 0.7254 0.3029 
2.4915 2.2867 1.7707 1.5361 1.4462 1.2178 1.6188 1.4852 1.6706 1.0554 1.7158 1.6754 0.7128 1.5697 1.2634 0.9107 0.8875 0.8688 1.1656 1.4217 0.4726 1.4232 1.3938 0.6515 1.2129 0.9113 0.9873 0.4889 0.5682 0.5110 0.5328 0.7103 0.2075 
