2.7448 1.8196 1.2589 1.6097 1.3805 1.5694 0.6432 1.6251 1.7258 1.7919 1.5290 1.0380 1.6009 1.7219 1.3719 0.9656 1.0125 0.9191 1.2855 1.5920 1.4020 0.8176 1.2253 1.4272 1.3085 1.1402 0.0571 0.9065 0.6170 0.6871 0.1012 0.3461 0.6750 
2.2436 2.0802 2.0224 1.7840 1.6564 1.3153 0.7630 1.2101 1.2774 1.5888 1.3238 1.0323 1.1820 1.5970 1.7391 1.8071 1.7671 1.7491 1.6480 1.4539 0.9718 0.8081 1.0191 1.2368 0.8773 0.6894 0.1990 0.6520 0.8970 0.8850 0.9305 0.6481 0.1495 
2.3903 0.2058 1.2818 1.6067 1.5472 1.3292 1.7440 1.2782 1.0304 1.3932 0.9813 0.8214 1.1708 1.7455 0.6284 1.5939 1.2804 1.5566 0.5479 1.6087 0.9721 0.5826 0.6779 1.0296 0.6206 0.7788 1.1988 0.6731 0.7559 0.6912 0.2087 -0.4828 0.3031 
2.7895 2.2555 2.1599 1.8808 1.8340 1.3498 1.3108 1.6376 1.4393 1.6697 1.8334 1.3531 1.5887 1.5550 1.1836 1.0680 0.5406 1.0202 1.0663 1.3868 1.3817 1.1164 1.5418 1.3132 1.0174 1.1572 0.7292 0.6861 1.0386 0.9455 1.0325 0.7842 0.7121 
2.6474 2.4400 2.1408 1.7851 1.8838 1.4722 1.4145 1.7506 1.6730 1.1040 1.2840 1.3587 1.2246 1.2211 0.0007 1.4951 1.5572 1.4373 -0.0609 1.0514 1.0138 1.1280 0.9824 0.7356 1.2584 1.2667 0.8762 0.8023 1.0905 0.8878 1.0174 0.9975 0.5769 
2.0167 1.2510 1.6999 1.6987 1.5377 1.6685 1.0026 1.6812 1.6615 1.3825 1.2477 1.3909 1.5617 1.3141 1.0242 0.5490 0.3577 0.4814 0.9398 1.1874 1.3514 1.1690 0.9377 1.0215 1.2504 1.2160 0.4290 1.0028 0.7429 0.8014 0.6237 -0.0816 -0.0942 
1.9274 2.0528 1.5791 1.4940 1.6330 1.7397 1.7179 1.6481 1.2928 1.4985 1.6240 1.6344 1.3690 1.1162 0.8203 1.3094 1.3969 1.2678 0.7093 0.9710 1.2071 1.3804 1.3214 1.1293 0.8927 1.1673 1.1672 1.0812 0.8905 0.5843 0.4426 0.6581 -0.1177 
2.1474 1.8550 1.6265 1.4739 1.1997 1.3464 0.9778 0.9567 1.5344 1.5718 1.3602 1.3641 1.1876 1.2230 1.2636 1.4115 1.4533 1.3588 1.1814 1.0555 0.9760 1.1340 1.0629 1.2201 1.0894 0.4784 0.4020 0.6828 0.4021 0.5676 0.5383 0.3820 0.0457 
2.5304 2.1568 1.5905 1.6186 1.3059 1.7045 1.5642 1.6935 1.7518 1.5339 1.4110 1.8592 1.7186 1.5547 1.4807 1.2388 1.0245 1.2039 1.3667 1.3877 1.5504 1.5992 1.1184 1.1673 1.3294 1.2289 0.9745 1.0425 0.5596 0.6896 0.5095 0.6877 0.4462 
2.3514 1.9005 1.6726 1.4890 1.3759 1.6622 1.7081 1.7578 1.5731 0.6759 0.1003 1.5774 0.4078 1.4611 0.6926 1.4048 1.6556 1.3561 0.6150 1.3125 0.2426 1.3203 -0.1325 0.3077 1.1508 1.2700 1.1560 1.0003 0.6274 0.5798 0.5842 0.5062 0.2951 
2.0182 1.7709 1.6134 1.2692 1.4469 1.5502 1.4887 1.5878 1.3987 1.4821 1.1016 1.2028 0.8314 1.0211 1.0949 1.2808 1.4001 1.2429 1.0003 0.8990 0.6270 0.9389 0.8082 1.1166 0.9813 1.0862 0.9161 0.8880 0.6718 0.3535 0.5179 0.3321 -0.0401 
2.3180 1.5448 1.5573 1.8880 1.5614 1.6853 1.7632 1.5531 1.4292 0.9875 1.6788 0.9311 1.3220 0.7979 1.0117 0.9692 0.8016 0.9281 0.9249 0.6525 1.1353 0.6660 1.3736 0.6384 1.0053 1.0302 1.2125 1.0244 0.7744 0.9675 0.4066 0.2281 0.2285 
1.9661 0.7860 1.6229 1.0138 1.0999 0.7725 1.0858 1.1960 0.9014 1.4250 0.9118 1.0827 0.6407 0.9385 0.4750 0.9438 -0.1490 0.9066 0.3669 0.7937 0.4468 0.8651 0.6031 1.0640 0.4604 0.6791 0.5397 0.1217 0.3203 0.1135 0.5491 -0.7594 -0.1220 
2.6383 2.0200 1.5904 1.3526 0.6121 1.3935 1.3141 1.4220 1.4862 1.6056 1.5434 1.6086 1.5749 1.1550 1.2370 0.3534 0.5295 0.2984 1.1311 0.9947 1.3596 1.3543 1.2348 1.2536 1.0490 0.9383 0.7380 0.7305 -0.1722 0.4515 0.5062 0.5944 0.5880 
2.5619 2.4318 2.0364 1.8923 1.5838 1.5464 1.4577 0.2836 1.6138 1.4879 0.9828 1.5806 1.5468 1.2877 1.6522 0.6241 1.5609 0.5727 1.5702 1.1583 1.3298 1.3262 0.6843 1.1196 1.2124 -0.1483 0.8973 0.8819 0.8120 0.9613 0.9403 0.9933 0.4768 
2.0051 1.3113 0.7537 1.2769 0.9599 0.5887 1.4595 1.1704 0.9720 0.6579 1.3188 0.5203 1.0094 0.3355 1.2044 1.0990 0.7731 1.0417 1.0862 0.2119 0.8272 0.2492 1.0184 0.3122 0.5653 0.6641 0.8978 -0.0746 0.2172 0.3582 -0.3506 -0.0782 -0.0630 
2.5675 1.8148 0.9471 1.5833 1.7377 1.7948 1.2405 1.5500 1.2139 1.4269 1.1050 1.2327 0.8807 1.2483 1.2006 1.1094 0.5576 1.0549 1.0781 1.0961 0.6702 0.9734 0.8162 1.0626 0.7731 1.0311 0.6539 1.1334 0.9720 0.6579 -0.2472 0.4437 0.5025 
2.6411 1.8163 1.6972 1.6877 1.7749 1.8843 1.9157 1.6641 1.5448 1.8052 1.7226 1.5794 1.7692 1.6880 1.2761 1.5592 1.2106 1.5132 1.2020 1.5653 1.5854 1.3220 1.4285 1.4418 1.1057 1.1908 1.3339 1.2205 1.0049 0.7893 0.5960 0.2864 0.5748 
2.8815 2.2304 2.0522 1.9705 1.6878 1.6294 1.6834 1.6325 0.9210 1.2307 1.6240 1.4175 0.6933 1.3553 1.5441 1.2220 0.4527 1.1711 1.4256 1.2331 0.5217 1.1943 1.3211 0.8788 0.4932 1.1454 1.1178 0.9664 0.9245 1.0488 0.9498 0.7304 0.7968 
0.5805 1.8997 1.7396 1.1310 1.6909 0.9168 1.0446 0.9656 1.4338 1.3558 0.8804 1.4182 0.6079 1.2993 1.2490 1.2108 0.9625 1.1516 1.1590 1.1695 0.4050 1.1946 0.5712 1.0022 1.0126 0.4758 0.4878 0.2321 0.9351 0.1948 0.6409 0.4894 -1.1073 
2.7740 2.0884 1.9513 1.9446 1.9585 0.3589 1.5654 1.2653 1.4103 1.8091 1.6743 1.3927 0.2947 1.4154 1.6634 1.1015 1.2444 1.0502 1.5792 1.2793 0.1108 1.1676 1.3670 1.4442 0.9911 0.7712 0.9820 -0.2892 1.2076 1.0203 0.8459 0.5977 0.6766 
2.4538 2.1674 1.9324 1.9583 1.7245 2.0004 2.0184 1.3219 1.2981 1.0004 1.3526 1.3486 1.4350 1.5830 1.3811 1.3865 0.8859 1.3440 1.2941 1.4314 1.2523 1.1026 1.0535 0.6377 0.8943 0.8425 1.4585 1.3399 0.9591 1.0337 0.8408 0.6922 0.3600 
2.9054 2.5793 2.3299 2.0111 2.0529 2.3440 2.5594 2.2851 2.1085 2.4835 2.0724 1.8800 0.7799 1.9197 1.5131 1.6288 1.2936 1.5882 1.3939 1.7704 0.6064 1.6172 1.7754 2.1181 1.6845 1.7938 1.9743 1.6823 1.2927 1.0885 1.2379 1.1270 0.8387 
2.2090 1.8401 1.8871 1.4503 1.2238 1.2809 1.1616 1.6647 1.4053 0.3298 1.6639 1.6227 0.9294 1.1237 1.1694 1.6033 1.2115 1.5653 1.0568 0.9780 0.7248 1.3655 1.3578 -0.0787 0.9869 1.1966 0.5786 0.6274 0.4456 0.5463 0.7711 0.4187 0.1366 
2.5605 2.3128 2.0140 1.7068 1.4504 1.5470 1.6955 1.8749 1.7236 1.4019 0.8566 1.2117 1.0755 1.4151 1.4005 1.4907 1.1292 1.4314 1.3111 1.2787 0.9010 0.9483 0.5565 1.0376 1.3071 1.3544 1.1442 0.8845 0.6730 0.8076 0.9132 0.8895 0.4612 
2.2514 2.3082 2.5100 2.2838 1.8782 2.4243 2.5864 2.5395 2.4335 2.5058 2.4457 2.2189 1.2650 1.7623 1.7592 1.5009 1.2839 1.4404 1.6640 1.6218 1.0548 1.9561 2.1539 2.1400 2.0101 2.0181 2.0082 1.7661 1.0837 1.3593 1.3782 0.9086 0.0405 
2.8215 1.6883 2.8705 2.2320 2.2326 2.1083 2.2189 1.5843 1.8100 1.2784 1.6657 1.5635 1.4804 1.5086 1.2093 0.8519 0.9250 0.7962 1.0866 1.3484 1.2811 1.3034 1.3582 0.9307 1.3700 1.0880 1.6293 1.4537 1.4477 1.2905 1.7408 0.4412 0.7640 
1.6828 2.1136 2.1756 1.9521 1.2623 1.1789 1.8472 1.7686 1.7597 1.6807 1.6255 0.2285 1.4668 0.9226 1.5784 0.7214 1.0510 0.6764 1.4850 0.7771 1.2711 -0.0608 1.3223 1.3207 1.3376 1.2769 1.2674 0.5203 0.4516 1.0258 1.0473 0.6990 -0.3068 
2.5053 2.2827 2.3238 2.1620 2.0708 2.0564 1.8964 1.9348 1.3113 1.5459 1.4239 1.4364 1.3549 1.2583 1.2878 1.2224 1.1463 1.1731 1.2127 1.1118 1.1857 1.2126 1.1330 1.1812 0.9065 1.4391 1.3094 1.3961 1.3005 1.2468 1.2306 0.8696 0.3708 
1.8869 2.1299 1.6064 1.7122 1.9166 1.3348 1.7517 1.9451 1.9219 1.7655 1.5480 1.3297 1.2537 1.7093 1.3309 1.4624 1.5152 1.4069 1.2448 1.5833 1.0405 1.0832 1.2400 1.4007 1.5088 1.4556 1.2087 0.6613 1.1448 0.8250 0.4898 0.6919 -0.0768 
2.2310 1.9073 1.5166 1.5610 0.8696 1.3683 1.6069 1.3550 1.4580 1.6640 1.4591 1.4744 1.3021 1.5981 1.0167 1.2241 1.7268 1.1830 0.9302 1.4538 1.1093 1.2350 1.1650 1.3061 1.0256 0.8887 1.0276 0.6985 0.0941 0.6232 0.3848 0.5455 0.1328 
2.9485 2.6831 2.2234 1.8008 1.4159 1.8766 1.6986 1.5929 1.9887 1.5874 1.5677 1.5370 1.3522 1.5747 1.2396 1.3187 0.5633 1.2784 1.1399 1.4170 1.1812 1.2731 1.2631 1.2312 1.5778 1.0997 1.1438 1.2163 0.6385 0.8970 1.1019 1.2592 0.9154 
3.4659 3.5802 3.2592 2.9975 2.8593 2.6588 2.6412 2.6807 2.6194 2.4593 2.3915 2.3496 2.3853 2.2990 2.2320 2.2753 2.2360 2.2368 2.1312 2.1713 2.2166 2.1148 2.0965 2.0944 2.2143 2.2140 2.0662 1.9946 2.0572 2.0798 2.1503 2.1648 1.5115 
3.9301 3.0952 3.3404 3.0622 2.8812 2.7838 2.5618 2.8730 2.5785 2.5191 2.4182 2.2088 2.1840 2.3003 2.3279 2.2286 2.2143 2.1869 2.2440 2.1769 1.9736 1.9459 2.1229 2.1531 2.1564 2.3538 1.9806 2.1276 2.0996 2.1845 2.2612 1.5672 1.8181 
2.9169 4.3070 3.5007 2.9612 2.8459 2.8077 2.4795 2.5702 2.3527 2.3527 2.3831 2.3763 2.2995 2.2644 2.1026 2.0953 2.0982 2.0406 2.0058 2.1211 2.1089 2.1488 2.0875 2.0006 1.9413 2.0610 1.9074 2.1447 2.0445 2.0347 2.3444 2.8969 0.9178 
2.3434 4.2238 4.1125 3.8742 3.6933 3.5976 3.4253 3.3711 3.3449 3.2694 3.2072 3.1627 3.0977 3.0885 3.0275 3.0114 2.9882 2.9690 2.9437 2.9477 2.9119 2.9113 2.8988 2.9152 2.9331 2.8993 2.8739 2.9350 2.9330 2.9449 2.9973 2.8020 1.1185 
3.9332 4.0530 4.0456 3.6654 3.4950 3.3152 3.1013 3.2367 3.1913 3.3864 3.2672 3.0889 2.7347 2.9238 2.9663 2.8512 2.8463 2.7896 2.8871 2.7793 2.5630 2.8668 2.9625 3.0270 2.7471 2.7343 2.5522 2.6551 2.7045 2.7628 2.9574 2.6115 1.6342 
3.4433 4.4987 4.3068 3.9446 3.7429 3.5724 3.4159 3.4175 3.3297 3.3437 3.3246 3.1744 3.1739 3.2438 3.1673 3.1169 3.0852 3.0603 3.0505 3.0929 2.9641 2.9182 3.0164 2.9903 2.9159 2.9315 2.8696 2.9092 2.9726 3.0202 3.2131 3.0583 1.7543 
4.0835 4.2747 4.0169 3.6416 3.4272 3.3207 3.3211 3.1195 2.9428 3.2171 3.0094 2.9164 2.9692 2.9299 2.8830 2.9000 2.8323 2.8653 2.7740 2.7883 2.7816 2.6630 2.7048 2.8693 2.5355 2.6247 2.7525 2.6630 2.6592 2.7354 2.9306 2.8558 1.8824 
3.5056 4.3957 3.9159 3.4463 3.1430 2.9771 2.4528 2.6544 2.8727 3.2472 2.9366 2.6447 2.8745 2.4445 2.4843 2.6006 2.6500 2.5627 2.3702 2.2985 2.6594 2.3957 2.6323 2.8948 2.4283 2.1816 1.9069 2.3210 2.3596 2.5557 2.8062 2.9695 1.2499 
3.5957 4.2991 4.0119 3.5124 3.3185 3.2058 3.2621 3.2429 2.7278 2.9989 2.9170 2.8872 2.7402 2.9614 2.8531 2.8151 2.7720 2.7564 2.7342 2.8336 2.5647 2.6269 2.6122 2.6410 2.3143 2.7371 2.6819 2.5426 2.5614 2.5873 2.9138 2.8911 0.8798 
3.9513 3.9993 3.8828 3.6921 3.4265 3.2998 3.1466 3.1031 3.2608 3.0987 3.0584 3.0059 2.9697 2.9017 2.8779 2.8552 2.7866 2.7936 2.7648 2.7452 2.7807 2.7624 2.7644 2.7351 2.8561 2.6128 2.5741 2.6380 2.6516 2.7946 2.7590 2.5830 1.8481 
3.3472 3.6989 3.1286 2.7512 2.8142 2.7489 2.7747 2.5195 2.5752 2.3950 2.3643 2.3111 2.1501 2.2123 2.1071 2.1408 2.0186 2.0802 2.0111 2.0403 1.9491 2.0606 2.0698 2.0357 2.1531 2.0131 2.2203 2.0989 2.0367 1.8809 1.9941 2.2813 1.5134 
3.9493 4.2236 2.4807 3.6109 3.0774 2.8080 1.7234 2.1481 2.8837 2.6820 2.5760 2.3995 2.4219 2.3441 2.4016 2.3893 2.3919 2.3455 2.3107 2.2197 2.2405 2.1762 2.2700 2.3292 2.4500 1.6567 1.1951 2.1427 2.3046 2.6876 1.0627 2.7872 1.8504 
3.8589 4.2035 4.2056 3.8889 3.3496 3.2512 3.2166 3.2628 3.1789 2.8701 2.8098 2.7999 2.8572 2.8892 2.8088 2.7580 2.7379 2.7037 2.6958 2.7259 2.6429 2.5611 2.5205 2.5061 2.7318 2.7692 2.6304 2.5871 2.5928 2.9582 3.0771 2.7681 1.8975 
3.8929 3.9269 4.1029 3.9587 3.8599 3.7008 3.5797 3.5105 3.5426 3.3932 3.3398 3.2944 3.2622 3.2254 3.2012 3.1612 3.1407 3.1014 3.0823 3.0647 3.0598 3.0423 3.0338 3.0313 3.1045 2.9993 3.0000 3.0384 3.0586 3.0434 2.9950 2.5354 1.8297 
3.6937 3.8568 3.7423 3.5716 3.2107 3.0637 2.8915 2.8896 2.9269 2.7357 2.7519 2.7737 2.7275 2.5565 2.5991 2.5785 2.5505 2.5434 2.5219 2.3914 2.5531 2.5472 2.4607 2.3757 2.5267 2.3754 2.3104 2.4046 2.4279 2.6462 2.6533 2.3995 1.7755 
3.9220 4.3402 3.4818 3.7372 3.1927 2.5548 2.7625 2.5805 2.6000 1.6659 1.8974 2.3467 2.4045 1.2331 2.0186 1.5965 1.0638 1.5673 1.9392 1.1034 2.2306 2.1072 1.5850 1.2825 2.1976 2.0837 2.2126 1.8970 2.3896 2.8518 2.3476 2.9223 1.6690 
4.3215 4.4195 4.2584 3.8113 3.3223 2.9248 2.7971 2.5961 2.7420 2.8001 2.9159 2.9394 2.6126 2.5555 2.1989 1.7400 1.9537 1.6891 2.0772 2.3906 2.4150 2.6830 2.6117 2.4360 2.3224 2.0992 2.2317 2.2633 2.5632 2.8955 3.1568 2.9906 2.2084 
4.2011 4.1766 4.1132 3.5749 3.5795 3.4465 3.3426 3.3186 3.2156 3.1986 3.0464 3.2093 3.2581 3.1822 3.1158 2.9385 2.9390 2.9006 3.0107 3.0139 3.0525 2.9480 2.7517 2.8313 2.7799 2.8469 2.7811 2.7861 2.8114 2.6577 2.9967 2.7324 2.0208 
3.8762 4.5561 4.1224 2.8449 2.9610 2.8790 2.5806 2.6218 2.6842 1.2882 2.3524 2.5438 2.5670 2.6814 2.7876 1.8525 1.2364 1.7594 2.6813 2.5637 2.3588 2.2820 2.0463 1.0214 2.2811 2.1466 2.0131 2.2235 2.2159 1.9047 3.0060 3.1209 1.1995 
2.6615 4.4894 4.2037 4.0767 3.8912 3.7673 3.6797 3.6262 3.5349 3.5359 3.4753 3.5668 3.2453 3.2762 3.2600 3.2634 3.2295 3.2255 3.1799 3.1401 3.0364 3.3101 3.1860 3.1740 3.0910 3.1452 3.1245 3.1060 3.1100 3.1895 3.0651 3.0468 1.6180 
4.2847 4.5040 4.2184 3.6980 3.4731 3.0373 2.9702 2.8265 2.9547 2.6009 2.7058 3.4810 2.9135 2.8309 2.8919 2.1494 2.3630 2.0787 2.7922 2.6706 2.7044 3.2356 2.4118 2.2407 2.5477 2.3321 2.4031 2.3843 2.6867 2.8190 3.1013 3.0450 1.9823 
4.3795 4.7617 4.2569 3.9755 3.8704 3.6825 3.5728 3.4246 3.4971 3.2839 3.1585 2.7599 2.8763 2.7635 2.7232 2.7505 2.5881 2.6979 2.6362 2.6228 2.6639 2.5391 2.8690 2.9302 3.0547 2.9370 2.9916 3.0195 3.0724 3.0494 3.1450 3.3286 2.1807 
3.8353 3.9069 4.4489 4.0466 3.9477 3.7764 3.6875 3.7599 3.5960 3.6046 3.3313 3.8355 3.4876 3.3632 3.3206 3.3622 3.2991 3.3223 3.2358 3.2389 3.2810 3.5809 3.0241 3.2508 3.1924 3.2714 3.1353 3.1145 3.1983 3.1601 3.3409 2.4843 1.4672 
4.2484 4.7337 4.5268 4.1797 4.0278 3.9237 3.8836 3.7925 3.6317 3.6194 3.5973 3.6368 3.6245 3.5653 3.5376 3.5246 3.4843 3.4627 3.4220 3.4085 3.4330 3.3871 3.2938 3.2640 3.2246 3.2923 3.2971 3.2604 3.2655 3.2473 3.3904 3.3100 1.9989 
4.2335 4.0204 4.5288 3.9132 3.6916 3.6562 3.6133 3.6960 3.3070 3.3444 3.3248 3.3737 3.2218 2.9032 3.2864 2.9879 3.0350 2.9433 3.2106 2.7406 3.0097 3.1498 3.0151 2.9910 2.8955 3.2263 3.0321 2.9956 2.9330 2.9829 3.4072 2.5823 1.9820 
4.0073 4.5950 4.5016 4.2845 4.0298 3.9201 3.8717 3.8004 3.6536 3.5888 3.5372 3.5340 3.4471 3.4324 3.4639 3.3565 3.3514 3.3172 3.3522 3.2887 3.2553 3.2693 3.2289 3.2351 3.2411 3.2988 3.2816 3.2563 3.2660 3.3566 3.3706 3.1893 2.2039 
4.4976 4.2448 4.5476 4.0438 3.6042 3.3056 2.7982 3.5144 3.0472 2.9866 3.2486 3.3374 2.7856 3.2053 3.2154 2.9674 2.6309 2.9244 3.1058 3.0344 2.5945 3.0924 2.9452 2.6271 2.6271 3.0013 2.2186 2.6381 2.8397 3.1372 3.4340 2.8468 2.3786 
4.6630 4.3143 4.2511 3.7383 3.4652 3.3291 3.2209 3.2339 3.2289 2.9834 3.1918 2.8729 3.0034 2.7867 2.6706 2.7358 2.5985 2.6829 2.5827 2.6371 2.8249 2.6074 2.8854 2.6234 2.8001 2.7239 2.6289 2.6596 2.6706 2.8301 3.1534 2.8928 2.6456 
4.4510 4.4312 4.4179 4.1169 3.6773 3.5498 3.5720 3.6178 3.4236 3.5512 3.5671 2.7630 3.2033 2.6363 3.2107 3.3024 3.1629 3.2603 3.1031 2.4921 2.9869 2.5427 3.2594 3.2024 2.9984 3.1328 2.9960 2.8856 2.9177 3.2153 3.3174 3.0068 2.4952 
4.7130 4.3953 4.2509 3.7106 3.5702 3.4040 3.2847 3.7260 3.3763 3.3410 3.5332 2.9389 3.1233 2.9991 3.0314 3.0110 2.9529 2.9674 2.9482 2.8768 2.9290 2.6869 3.2244 2.9864 2.9594 3.2463 2.7057 2.7391 2.7897 2.8001 3.1515 2.9488 2.6517 
4.3833 4.6735 4.2557 3.8837 3.3500 3.2112 3.5753 3.5613 3.3826 3.2945 3.2983 3.2359 3.1075 2.9469 2.6824 2.6064 2.5589 2.5720 2.5994 2.8079 2.9168 2.9805 2.9995 2.9380 2.9640 3.0520 2.9992 2.5572 2.5955 2.9591 3.1434 3.2611 2.4985 
4.6392 4.4022 4.0086 3.8979 3.7112 3.6019 3.7668 3.4323 3.3848 3.4068 3.0123 3.2184 3.3082 3.0971 3.4498 3.2616 3.2264 3.2240 3.3443 2.9572 3.1218 2.9597 2.7112 3.0429 2.9704 2.9439 3.2122 2.9433 2.9499 2.9697 2.9233 2.9555 2.5690 
4.4185 4.6657 4.2775 3.8894 3.4511 3.0905 3.6100 3.7691 3.6871 3.5418 3.3282 3.1127 3.1745 2.9058 3.0377 2.5226 2.3501 2.4629 2.9527 2.7513 2.9620 2.8805 3.0210 3.1855 3.2761 3.2765 3.0293 2.4276 2.6729 2.9608 3.1736 3.2510 2.4671 
4.5691 4.4632 3.7453 3.9355 3.7163 3.6110 3.9079 3.6787 3.2794 3.3535 3.2641 3.1752 3.1975 3.2349 3.0032 2.9734 2.9810 2.9313 2.9157 3.0796 2.9793 2.9183 2.9592 3.0030 2.8739 3.2102 3.3292 2.9473 2.9521 3.0116 2.6603 3.0106 2.4894 
4.3370 4.5680 4.0717 3.7628 3.5503 3.1142 2.7185 3.3268 3.3543 3.3246 3.3157 3.1962 3.0531 2.4597 2.4204 2.6004 2.5847 2.5647 2.3372 2.2979 2.8807 2.9316 3.0125 2.9695 2.9444 2.8561 2.1556 2.4490 2.7669 2.8706 2.9505 3.1475 2.3596 
4.5301 4.4836 3.9734 3.9387 3.6864 3.5735 3.3420 3.4395 3.2950 3.4700 3.3134 3.1796 3.0339 3.1603 3.0165 3.0281 2.9997 2.9880 2.9344 3.0017 2.8701 2.9202 3.0104 3.1055 2.8871 2.9470 2.7824 2.9107 2.9277 3.0131 2.8929 3.0237 2.4254 
4.2851 4.3162 3.3210 3.8810 3.8396 3.5256 3.2374 3.2209 3.5247 3.4112 3.2580 2.2267 3.1029 3.2565 3.0674 2.9459 2.9173 2.9063 2.9753 3.1115 2.9188 1.9494 2.9513 3.0483 3.0796 2.7149 2.6499 2.8609 3.0429 2.9609 2.2423 2.9017 2.2998 
4.3881 4.3222 3.9063 3.3875 3.5541 3.4686 3.4063 3.0370 3.0156 3.0952 2.7215 2.6524 2.6795 2.8213 2.8190 2.7262 2.6830 2.6793 2.7047 2.6644 2.5110 2.4020 2.4267 2.7310 2.6036 2.5639 2.8586 2.8070 2.7670 2.4912 2.8011 2.9017 2.3452 
4.3305 4.2744 3.6908 3.6518 3.3870 3.2992 2.8118 3.2082 3.0116 2.9308 3.1010 2.9765 3.0072 2.9332 2.9088 2.8744 2.8708 2.8188 2.8169 2.7923 2.8301 2.7280 2.8109 2.5788 2.5992 2.6886 2.2398 2.6358 2.6213 2.7355 2.6049 2.8661 2.2999 
4.2303 4.2289 3.6965 3.5341 3.3468 3.3065 3.3266 3.1437 3.0650 3.0747 2.8902 2.9461 2.9187 2.9181 2.8643 2.7808 2.7244 2.7241 2.7432 2.7704 2.7123 2.6907 2.5834 2.7119 2.6470 2.6408 2.7558 2.6458 2.5910 2.6031 2.6035 2.7977 2.2066 
4.0076 4.1013 3.6771 3.5325 3.3171 3.1209 3.2635 3.2209 3.0274 2.9013 2.8812 2.8686 2.9156 2.8642 2.7632 2.6773 2.7062 2.6329 2.6667 2.6880 2.7082 2.6052 2.5727 2.5497 2.6151 2.7047 2.6840 2.4537 2.5588 2.6021 2.5867 2.6727 1.9717 
3.8071 3.9986 3.5501 3.2688 3.3020 3.3830 3.2222 2.7294 2.6791 2.6756 2.7048 2.7681 2.5626 2.7406 2.5477 2.5795 2.3466 2.5432 2.4367 2.6035 2.3506 2.5420 2.4108 2.3171 2.2655 2.2449 2.6343 2.7213 2.5501 2.3484 2.4303 2.5844 1.7494 
3.5560 3.7366 3.3558 3.2455 3.1902 2.8846 3.1744 2.8152 2.6651 2.8126 2.6864 2.5676 2.5421 2.2948 2.2875 2.2856 2.2355 2.2454 2.2126 2.1638 2.3258 2.3096 2.3888 2.4471 2.2524 2.3082 2.5916 2.2242 2.3896 2.3262 2.2687 2.3167 1.5188 
3.1955 3.6612 3.2276 3.0006 3.0195 3.0979 2.6343 2.6955 2.5274 2.4005 2.5348 2.6159 2.2199 2.4711 2.0368 2.1378 2.3090 2.0822 1.9499 2.3187 2.0055 2.3599 2.2266 2.0392 2.0777 2.2259 2.0569 2.4336 2.2642 2.0905 2.1074 2.2501 1.0573 
2.9267 3.3902 2.9793 2.9568 2.4549 2.2570 2.5398 2.5026 2.3494 2.3591 1.9555 2.5487 1.8318 1.8550 1.8309 1.9986 2.0112 1.9552 1.7175 1.6836 1.6267 2.2862 1.6554 2.0090 1.9352 1.9940 1.9517 1.6056 1.6613 2.0330 1.8916 1.9776 0.8901 
2.9090 3.3605 3.0408 2.8120 2.7141 2.8111 2.9194 1.7068 1.9155 2.3702 2.2957 1.8752 1.9015 1.6916 0.7231 0.5930 1.3321 0.5504 0.6313 1.5678 1.6868 1.6117 1.9908 2.0155 1.5042 1.2116 2.3391 2.1515 1.9512 1.9034 1.9404 1.9513 0.7594 
2.8472 3.2023 2.9660 2.5469 2.4540 2.5445 2.3754 2.2019 2.3589 2.0838 2.0594 1.8484 2.1769 2.2063 1.8832 1.9451 1.6891 1.9074 1.7684 2.0312 1.9700 1.5891 1.7615 1.7190 1.9480 1.6838 1.8229 1.8818 1.6760 1.6208 1.8789 1.7618 0.7477 
2.8135 3.0819 2.8186 2.7961 2.5783 2.0226 2.6173 2.4222 2.3475 2.2579 2.0519 1.9142 2.0212 1.9013 2.0070 1.8612 1.8876 1.8002 1.9199 1.7489 1.8590 1.6555 1.7548 1.9055 1.9343 1.9372 2.0387 1.3628 1.8044 1.8906 1.6948 1.6561 0.6602 
2.3846 2.9822 2.7595 1.9312 2.0436 2.3554 2.3232 1.5592 1.5158 1.4925 1.5476 1.0117 1.4925 1.8479 1.1733 1.0673 1.5784 1.0232 1.0511 1.6832 1.2937 0.7666 1.2424 1.1172 1.0753 1.0319 1.7490 1.6945 1.2887 0.9866 1.6477 1.5753 0.2279 
2.1506 2.6373 2.1525 2.1795 2.4688 2.3498 2.2653 1.9557 1.6847 1.5434 1.9584 1.9177 1.3404 1.7773 1.8705 1.8327 1.5026 1.7729 1.7500 1.6345 1.1716 1.6614 1.6590 1.1860 1.2753 1.4693 1.6841 1.6866 1.6838 1.2656 1.0262 1.2404 0.0831 
2.4502 2.7907 2.3164 1.9987 1.2165 1.8812 2.0203 1.9649 2.0341 1.4647 1.4310 1.6007 1.9145 1.8229 1.4719 1.6078 1.1830 1.5687 1.3582 1.6676 1.7042 1.3506 1.1444 1.0911 1.6217 1.4846 1.4659 1.2216 0.4723 1.0856 1.2181 1.3642 0.4760 
2.8525 2.8834 2.5109 2.3326 2.3067 2.1636 1.8931 1.8807 1.7195 1.8439 1.9953 1.7455 1.1194 1.5498 1.3875 1.2754 1.1457 1.2389 1.2994 1.3801 0.9268 1.5230 1.6880 1.4790 1.3029 1.3608 1.3037 1.4980 1.5526 1.4142 1.3702 1.4333 0.7021 
2.6231 2.2875 2.2642 1.6396 1.5525 1.6325 1.4349 0.9765 1.7274 1.8425 1.5586 1.8363 1.3392 1.5744 1.4247 0.7903 0.5716 0.7334 1.3288 1.4174 1.1546 1.5841 1.2508 1.4749 1.3136 0.4927 0.8821 0.9761 0.7546 0.7187 1.1685 0.9092 0.5736 
2.5027 2.7110 2.3573 2.1875 2.2065 2.0070 1.9787 1.8728 1.9590 1.9194 1.7074 1.6738 1.5483 1.5929 1.4288 1.3517 1.5248 1.3102 1.3322 1.4454 1.3334 1.4291 1.4104 1.5660 1.5545 1.3518 1.4020 1.3448 1.4077 1.2624 1.2579 1.2944 0.3394 
2.4411 2.5358 2.2339 2.2708 2.0503 1.8592 2.0348 1.9351 1.6602 1.4955 1.5718 1.4244 1.7517 1.3891 1.4858 1.5655 1.7689 1.5260 1.3723 1.2602 1.5721 1.2081 1.2641 1.1336 1.2472 1.4386 1.4808 1.2062 1.2811 1.3514 1.1185 1.0955 0.4510 
2.2297 2.5989 2.3096 2.0130 1.9742 1.8787 2.0698 1.2850 1.7699 1.3754 1.6078 1.7459 1.6351 1.2119 1.5475 1.5735 1.3380 1.5394 1.4329 1.0356 1.4427 1.5242 1.3060 1.0194 1.3457 0.7974 1.5234 1.2151 1.2207 1.1024 1.2152 1.1874 -0.0401 
2.8186 2.3482 2.0615 1.8083 1.3849 1.2104 1.0447 1.1044 0.9253 0.3359 0.8355 0.9828 1.2047 0.5900 1.1442 1.2432 0.9554 1.2087 1.0340 0.4339 0.9867 0.7359 0.5474 -0.0076 0.5095 0.6147 0.4970 0.5500 0.6169 0.8971 0.9638 0.9234 0.7615 
2.2784 2.2411 2.0004 1.8737 2.0417 1.9177 1.7393 1.6604 1.4675 1.5081 0.6254 1.2437 1.0229 1.5292 1.5187 1.3586 1.5619 1.3210 1.3996 1.3572 0.8517 0.9882 0.3176 1.1396 1.0319 1.1856 1.1927 1.2542 1.2802 0.9432 0.8995 0.8015 0.1099 
2.8678 2.2913 2.0118 2.0099 1.7928 1.6725 0.9992 1.5839 1.0012 1.8087 1.0885 0.7776 1.2140 1.4761 1.4746 1.0700 1.3825 1.0221 1.3615 1.3244 0.9998 0.5531 0.7914 1.4435 0.5952 1.0810 0.4271 1.0067 1.0172 1.0939 0.9233 0.8504 0.8015 
2.7541 2.4075 1.9862 1.5581 1.6103 1.6490 1.3562 1.4357 1.4158 1.3263 1.3089 1.0273 1.0330 0.6140 1.2200 1.2385 1.1022 1.2012 1.1110 0.4855 0.8766 0.7915 1.0061 0.9670 0.9945 0.9468 0.7989 0.9866 0.8508 0.6293 0.8858 0.9574 0.6339 
2.9019 2.5621 2.1172 1.7085 1.6204 1.5100 1.8070 1.8223 0.8180 1.5783 1.3509 1.6711 1.6343 1.3283 1.2923 1.5022 0.9254 1.4425 1.2193 1.2048 1.4421 1.4282 1.0477 1.2283 0.3561 1.3165 1.2427 0.8578 0.8630 0.8129 1.0058 1.1044 0.8571 
2.6420 1.9268 1.6734 1.9440 1.5763 1.7984 1.9046 1.1517 1.2999 1.6189 0.9339 1.6442 0.9271 1.0727 0.8826 1.3458 0.6405 1.3033 0.7593 0.9417 0.7153 1.3928 0.6260 1.2647 0.8927 0.6423 1.3189 1.1342 0.7827 1.0168 0.5746 0.5022 0.5348 
2.6758 2.4106 1.5709 1.3142 1.8759 1.6803 1.7752 1.6075 1.3626 1.3898 1.3660 1.6494 1.5350 1.3310 1.5372 1.5875 0.8755 1.5511 1.4176 1.2115 1.3176 1.4005 1.0721 1.0274 0.9555 1.1102 1.2217 1.0157 1.0806 0.3891 0.4410 0.9715 0.6239 
2.5413 1.8574 1.0847 1.3706 1.5003 1.2794 1.2054 1.3838 1.3587 1.3817 1.2686 1.3356 0.9765 1.1300 1.2555 1.3539 1.0948 1.3116 1.1694 0.9845 0.7792 1.0913 0.9656 1.0220 0.9515 0.9129 0.6167 0.6198 0.7092 0.4613 0.0467 0.5041 0.4334 
1.6680 2.2525 1.7819 1.7985 1.7182 1.0834 1.3336 1.6478 1.5994 1.5162 1.6453 1.1996 1.3933 1.3054 0.6867 0.7813 0.5976 0.7233 0.6028 1.1790 1.2260 0.9371 1.3414 1.1532 1.1892 1.1755 0.7700 0.4071 0.9496 0.8937 0.6679 0.8448 -0.3610 
2.8689 1.8520 1.5627 1.3584 1.6894 1.1142 1.8964 1.7673 1.7821 1.5576 0.9648 1.3581 1.3726 1.0649 1.0245 1.2855 0.7885 1.2481 0.9393 0.9316 1.2111 1.1303 0.6642 1.2040 1.3511 1.2769 1.3144 0.4493 0.9359 0.4777 0.4767 0.4367 0.7745 
2.6884 2.6445 2.1251 2.0149 1.7757 1.7398 1.5945 1.6979 1.6225 1.3567 1.6040 1.4963 1.4616 1.2849 1.2480 1.0036 1.3353 0.9589 1.1536 1.1489 1.2659 1.2497 1.2992 1.0082 1.2181 1.2310 1.0151 1.0828 0.9961 1.1064 1.0156 1.2279 0.6370 
