2.8877 2.3511 1.9028 2.0350 1.3152 2.0439 2.0189 1.7064 1.9115 1.5919 1.1735 1.2199 1.6069 1.5043 1.6957 1.7417 1.5523 1.6740 1.5872 1.2913 1.3626 0.9009 0.7787 1.1263 1.3306 1.0955 1.2650 1.1916 0.3388 0.8553 0.3952 0.5681 0.2013 
2.4555 2.0854 1.9113 1.9522 2.1353 1.3413 2.0945 1.6113 1.6624 1.8317 1.3575 1.6695 1.6713 1.7426 1.0745 0.9800 -0.2224 0.9055 0.9282 1.5668 1.4553 1.3616 0.9845 1.3572 1.1248 0.9939 1.3599 0.4683 1.1484 0.7532 0.4322 0.2157 -0.2271 
2.7360 1.6714 2.3617 1.6923 1.7159 1.9715 2.1342 2.0263 1.5039 2.1399 1.9736 1.1623 1.5034 1.7962 1.7213 1.3137 1.0019 1.2455 1.6048 1.6071 1.2315 0.8302 1.5768 1.6740 0.9420 1.3963 1.4197 1.1134 0.7294 0.5152 0.9052 -0.2186 0.0425 
2.6412 2.0536 2.4698 1.9672 2.0435 1.7004 2.3476 2.4874 2.0714 2.8631 1.7016 1.6023 1.6682 2.1087 0.6192 1.7502 0.2553 1.6779 0.4260 1.9506 1.4508 1.2677 1.2955 2.4055 1.5238 1.8777 1.5787 0.8479 1.0608 0.7436 1.0648 0.2367 -0.0566 
2.8455 2.5112 2.4649 2.2660 1.6532 1.6017 1.2259 0.3907 1.8165 2.1045 1.9078 1.9811 1.5364 1.4195 1.8125 2.0660 2.0782 2.0098 1.6735 1.2181 1.2605 1.6527 1.5073 1.6497 1.2529 -0.2891 0.5084 0.7391 0.6560 1.0922 1.0566 0.6675 0.1032 
3.3541 2.6554 2.3110 1.1142 2.0667 1.4319 1.9908 2.4508 2.1770 2.2604 0.7632 2.1574 2.2436 1.5189 1.8832 1.6581 1.3491 1.5972 1.7313 1.3099 1.9904 1.8681 0.3815 1.7842 1.6342 1.8205 1.2404 0.5787 1.0878 -0.0705 0.8320 0.7432 0.6683 
3.1161 2.7779 2.5564 1.2408 2.3855 2.4280 2.5199 2.3126 2.0601 1.4844 1.6825 1.2379 1.4237 1.6024 1.5016 1.4976 1.8628 1.4369 1.3627 1.4350 1.1571 0.9268 1.2937 1.0149 1.5243 1.6483 1.7821 1.5714 1.3803 0.0754 1.1359 0.8805 0.4273 
2.7639 2.7772 2.5226 2.1803 2.0186 2.1635 2.1540 2.4182 2.3041 1.7273 1.7443 1.6315 1.9248 1.6738 1.5152 1.5345 1.5914 1.4911 1.3833 1.5137 1.6481 1.3083 1.3578 1.2541 1.7280 1.7732 1.4434 1.3079 1.0402 1.0312 1.1020 0.8912 0.0521 
3.2023 2.7783 2.1575 1.7547 1.5538 2.2289 2.4128 2.0355 2.1885 1.9776 1.6935 1.8452 0.9362 1.1747 1.1363 1.5295 1.3273 1.4856 1.0299 1.0116 0.6876 1.5266 1.3091 1.5216 1.6409 1.4152 1.6598 1.3768 0.5588 0.6187 0.7193 0.8755 0.5139 
3.2321 2.3512 2.8128 2.3633 1.9233 2.1129 1.8318 2.1468 1.8995 2.1128 2.2050 2.0937 1.8046 1.3085 1.6048 0.6882 1.2136 0.6351 1.5046 1.1328 1.5521 1.7786 1.8264 1.6609 1.3219 1.5291 1.1005 1.2503 0.8854 1.1510 1.3702 0.3882 0.5568 
2.7853 2.5823 2.2873 2.4100 1.3873 1.7553 1.4735 2.0748 1.6517 1.9445 2.2666 1.9943 2.1249 1.6708 1.2913 1.3681 0.6877 1.2925 1.1784 1.5094 1.9155 1.6653 1.8921 1.4909 1.1143 1.4647 0.7165 0.8956 0.3773 1.2119 0.8241 0.7223 0.0339 
3.0467 2.5640 2.2014 1.6514 2.3356 1.9043 2.1067 2.2049 2.3854 1.7504 1.5691 1.9209 1.6542 1.6795 1.7787 2.1674 1.9652 2.1029 1.6555 1.5214 1.4229 1.5797 1.1767 1.2826 1.8339 1.5724 1.3885 1.0392 1.2983 0.4801 0.7633 0.7016 0.3410 
2.1689 2.3780 2.2561 2.1061 1.9521 1.5474 1.0630 1.4743 1.9293 1.6122 1.2274 1.8400 1.3879 1.3758 1.7762 1.9009 1.5466 1.8208 1.6516 1.1868 1.1319 1.5236 0.8282 1.1508 1.3609 0.8068 0.2986 0.6821 0.9414 0.9377 0.8044 0.5268 -0.4080 
2.5566 2.7428 2.2369 2.3743 2.2373 2.0749 2.3789 1.7246 2.0967 2.0500 2.0464 0.9544 1.5437 1.6379 1.5378 1.1288 1.0906 1.0823 1.4186 1.4832 1.2763 0.6391 1.6557 1.5882 1.5593 1.1076 1.6218 1.2100 1.2320 1.1682 0.8038 0.8482 -0.2107 
2.3771 2.4716 2.2549 2.1589 2.0572 2.0999 2.0385 1.6764 1.4649 1.1125 0.6633 1.6296 1.7196 0.9248 1.4415 1.8478 1.9823 1.7735 1.2956 0.7378 1.5007 1.3097 0.2624 0.6549 0.8829 1.0672 1.2880 1.2401 1.0729 1.0153 0.8116 0.6512 -0.2094 
2.5880 2.7124 2.0972 1.9419 1.8020 2.0017 1.9423 0.7958 1.4930 1.5699 1.7949 1.2931 1.8139 1.3345 1.6615 1.5366 1.2337 1.4910 1.5491 1.1519 1.5618 1.0056 1.4161 1.1123 0.9223 0.1828 1.1857 1.1391 0.7969 0.7398 0.6776 0.8310 -0.0838 
1.7945 1.7440 1.6564 0.8071 0.6480 1.5026 1.6275 0.9135 0.6934 1.3330 1.5030 0.4025 1.5643 1.2745 1.0900 1.5638 0.8528 1.5141 0.9665 1.1080 1.3027 0.1162 1.1047 0.8627 0.1563 0.2716 0.8842 0.6447 -0.3868 -0.3412 0.2339 -0.1032 -0.9172 
1.5459 2.6437 2.1695 2.0806 2.0360 1.9855 1.9551 2.1798 2.0116 1.7261 2.0411 2.1999 2.1644 1.9394 1.4805 1.4612 0.2725 1.3791 1.3223 1.7268 1.9395 1.9135 1.6513 1.2562 1.4866 1.5539 1.2041 1.1218 1.0572 0.9148 0.7464 0.8040 -0.7188 
2.4181 2.6563 2.5099 2.0833 1.9235 1.7005 1.6099 1.5739 2.2605 2.2883 2.1647 2.1775 1.6724 1.5532 1.5027 1.4245 1.4045 1.3442 1.3635 1.3650 1.4513 1.8892 1.7838 1.8136 1.6916 0.9484 0.8573 0.8385 0.8923 0.8990 1.0927 0.8052 -0.2568 
1.8289 2.4993 2.3995 1.9762 1.7069 2.2409 1.9566 1.7020 2.0016 1.3524 1.6875 2.0095 1.9091 1.9193 2.0716 1.9964 2.0429 1.9473 1.9634 1.6975 1.6244 1.6772 1.3070 0.8883 1.4823 1.0862 1.2011 1.3812 0.7121 0.7756 0.9601 0.6840 -0.7346 
3.2862 2.9938 2.3757 2.2306 1.9545 2.4698 2.3285 1.8552 1.5184 2.0609 2.2736 1.8497 1.7812 1.6052 1.9188 1.6068 1.8046 1.5506 1.7682 1.4434 1.5381 1.5291 1.8976 1.6002 0.9670 1.1962 1.5642 1.6121 0.9420 1.0709 0.9014 1.1431 0.6349 
3.2432 3.0555 2.4999 1.1750 1.8164 1.9713 1.4950 -0.0508 1.9284 1.4908 1.1173 1.7380 1.1200 1.2679 1.3489 1.4006 0.8315 1.3237 1.2255 1.1035 0.8511 1.4486 0.7220 1.0249 1.3605 -0.6275 0.7304 1.1113 0.8051 -0.0470 1.0750 1.1965 0.5792 
3.5212 3.0175 2.7644 2.1589 2.1631 1.3665 2.4198 1.2301 1.4171 1.4054 1.4765 1.7432 1.1145 1.5467 1.2138 0.5068 0.9911 0.4224 1.1075 1.3529 0.8503 1.4574 1.0759 0.9332 0.8426 0.6198 1.6669 0.4999 1.1643 1.0089 1.2892 1.1546 0.8500 
3.6895 2.9592 2.3456 2.4266 2.4112 2.2825 2.5335 2.2139 1.7152 0.7644 1.2401 1.9591 1.9962 1.2136 1.3430 1.6962 -0.1056 1.6438 1.2204 1.0552 1.7329 1.6285 0.8444 0.3079 1.1747 1.5752 1.8100 1.4256 1.4139 1.2371 0.8704 1.0856 1.0322 
3.7390 2.8694 1.6053 2.3534 2.0047 2.2161 2.5554 2.1606 1.8447 1.5212 1.5397 1.4025 1.4083 2.1241 1.5308 1.5593 1.1768 1.5109 1.4031 1.9625 1.1530 1.0878 1.1447 1.0625 1.2707 1.5365 1.8398 1.3671 1.0254 1.1507 0.1926 1.0555 1.0919 
3.9179 3.5435 2.3038 1.1958 1.4264 1.5141 1.7408 1.7799 1.6211 0.9074 0.4235 1.7630 0.8669 1.8218 -0.9730 1.3694 -0.1445 1.2982 -1.3989 1.6257 0.6449 1.4757 0.0471 0.4321 1.0896 1.1459 1.0339 0.6565 0.4163 0.0611 0.7629 1.7020 1.2743 
4.1348 4.1027 2.7296 2.6906 2.6746 2.7294 2.4969 2.2543 2.3682 2.1210 1.1844 0.9873 1.6193 1.2677 1.6057 1.8335 1.4417 1.7571 1.5090 1.1124 1.3701 0.6805 0.7704 1.6596 1.8035 1.6010 1.7497 1.8712 1.6633 1.5185 1.2291 2.2841 1.4955 
3.5661 4.6344 3.5684 2.8410 2.5260 2.1070 2.1159 2.0080 1.9705 1.6510 1.5000 1.5473 1.6616 1.2398 0.9124 1.4485 1.4334 1.3719 0.7524 1.0672 1.4198 1.2124 1.0851 1.1772 1.4214 1.3777 1.4222 1.2563 1.5200 1.6100 2.0474 2.8173 0.7279 
4.1965 4.5752 3.8115 3.0876 2.9224 2.5246 2.8625 2.5589 2.2932 2.1183 1.9610 2.3332 1.9130 1.9691 2.1351 2.0560 1.9036 1.9984 2.0230 1.7590 1.6284 1.9867 1.5425 1.6674 1.6957 1.9593 2.1090 1.6676 1.9500 1.9262 2.3684 2.7353 1.0551 
4.0643 4.5048 3.6502 3.2302 3.0526 3.0347 3.0623 2.8477 2.1755 2.2077 2.5155 1.9458 2.1043 1.9216 1.0928 1.5087 1.9446 1.4557 0.9468 1.6984 1.8897 1.6084 2.1171 1.7443 1.6289 2.1990 2.3517 2.1794 2.0574 2.0331 2.1551 2.6510 1.3491 
2.0899 4.9012 3.9227 3.2087 2.7198 2.5766 2.3621 2.2630 2.5064 2.5648 2.4409 2.2577 2.1344 2.2891 2.2962 2.0921 2.2589 2.0340 2.1452 2.0857 1.9218 1.9473 2.0487 2.1020 1.9718 1.6101 1.5975 1.7134 1.6831 1.9902 2.4449 3.0332 -0.1843 
4.5776 4.9455 3.8640 3.4746 3.1073 2.9196 2.8599 2.7446 2.1521 2.4126 2.0969 2.5149 2.3885 2.2345 2.3471 2.3429 2.1911 2.2600 2.1929 2.0395 2.1077 2.1901 1.6866 1.9515 1.6069 2.0711 2.1131 2.0640 2.0885 2.2980 2.3880 3.0734 2.1057 
4.8731 4.9493 3.9385 3.3130 3.1124 2.8656 2.5284 2.9322 2.6690 2.3968 2.6535 2.4774 2.2414 2.3919 2.3299 2.0496 1.7332 1.9933 2.1734 2.1891 1.9933 2.1488 2.2739 1.9422 2.1008 2.3229 1.8049 1.9985 2.0920 2.1050 2.4613 3.0784 2.2079 
3.0269 4.8007 4.2730 4.0566 3.8068 3.7100 3.6478 3.0030 3.3105 3.2978 3.1325 3.1346 3.1678 3.1183 3.0318 3.0146 2.9850 2.9573 2.9131 2.9209 2.8958 2.8173 2.7569 2.8379 2.7871 2.3848 2.8833 2.8496 2.8191 2.8474 2.8443 2.9511 0.6473 
4.6105 4.1922 3.2667 2.0414 2.2737 2.3867 2.3880 2.6322 1.9934 2.1580 1.3044 1.6186 1.7356 1.1432 1.7602 1.9148 1.4882 1.8323 1.6331 0.9492 1.5042 1.2874 0.9335 1.6834 1.4575 2.0022 1.6265 1.5427 1.2798 0.9243 1.8290 2.3479 1.9546 
4.8840 4.1641 4.0664 3.6837 3.5151 3.3523 3.2084 3.1516 3.6406 3.5639 3.4363 2.4687 3.0909 3.1949 2.6767 2.8347 2.7373 2.7881 2.5359 2.9683 2.8451 2.1297 3.0549 3.0938 3.0633 2.4958 2.4480 2.4941 2.5114 2.4869 2.5906 2.2808 2.1567 
4.2570 3.6575 3.8108 3.3784 3.2005 3.1965 3.0996 3.1560 3.2822 2.9079 2.7148 2.4216 2.5524 2.5819 2.3451 2.4949 2.5335 2.4391 2.1924 2.4118 2.3437 2.0950 2.3349 2.4438 2.7569 2.4965 2.3747 2.3418 2.1673 2.2032 2.4006 1.7864 1.6648 
4.3066 4.5066 3.7253 3.4133 3.2757 3.0597 2.9560 3.0835 3.1373 2.8035 2.8305 2.6616 2.3681 2.3817 2.3860 2.2768 2.4521 2.2031 2.2568 2.1791 2.0943 2.3598 2.4346 2.3541 2.5624 2.4451 2.2261 2.1995 2.2816 2.2402 2.3001 2.6281 1.6296 
4.2654 3.6942 3.5333 3.3908 3.0959 3.0156 2.9561 2.8752 2.8224 3.0825 2.8137 2.9630 2.5561 2.6963 2.6369 2.4221 2.4129 2.3738 2.5104 2.4986 2.3484 2.6573 2.4208 2.6161 2.2663 2.2428 2.2201 2.1633 2.0915 2.2316 2.0994 1.8928 1.5825 
4.6847 3.3482 3.7154 3.2565 2.9861 2.8344 2.4750 3.2350 3.1500 2.5816 2.4205 2.5396 2.2061 2.3750 2.3536 2.0731 2.3934 2.0162 2.2041 2.1663 1.9657 2.2426 2.0265 2.1119 2.5764 2.5707 1.7317 1.9756 2.0006 2.0595 2.2809 1.6607 2.0023 
4.9344 4.2683 3.0665 3.0297 3.0662 2.9642 2.7965 2.9050 2.9523 2.9566 2.6556 2.7527 2.5977 2.4400 2.4445 2.4891 2.5280 2.4345 2.3476 2.2640 2.3711 2.4169 2.2781 2.4918 2.4165 2.2866 2.0332 2.1055 2.0662 1.8830 1.6426 2.4128 2.2696 
4.7323 4.5118 4.2474 3.8292 3.6521 3.4708 3.3511 3.2185 3.2190 2.9849 3.0195 2.8181 3.0180 2.9622 2.9492 2.9214 2.8492 2.8652 2.8383 2.8037 2.7970 2.4856 2.6386 2.5308 2.6436 2.5454 2.6077 2.6118 2.6248 2.6625 2.8394 2.6261 2.1267 
4.3945 4.7603 3.5082 3.6420 3.4321 3.3500 3.3943 3.3902 0.8902 3.0310 2.9994 2.9202 2.8071 2.7874 2.7549 2.7203 2.7497 2.6438 2.5997 2.5681 2.5324 2.5963 2.6180 2.5624 0.2470 2.7828 2.6722 2.4915 2.4412 2.4362 2.0111 2.9156 1.6805 
3.9773 4.9904 4.4956 4.0098 3.8075 3.7007 3.6633 3.5748 3.8271 3.4403 3.2800 3.1464 3.2255 3.0415 2.9417 3.0988 3.0348 3.0255 2.8318 2.8633 2.9519 2.8233 2.8849 2.9670 3.2968 2.9189 2.9041 2.8421 2.8212 2.8226 3.0091 3.1618 0.9404 
2.8422 4.9881 4.6375 4.1337 3.9366 3.7831 3.7356 3.2704 3.3878 3.5127 3.3265 3.3091 3.3479 3.2783 3.2643 3.2176 3.1530 3.1490 3.1495 3.0906 3.1067 2.9792 2.9355 3.0420 2.8499 2.6247 2.9800 2.9239 2.9296 2.9387 3.2192 3.1613 1.1130 
3.9088 4.9407 4.5057 4.0879 3.8699 3.7192 3.6640 3.5681 3.5032 3.2182 3.2430 3.0778 3.2557 3.1499 3.0925 2.9601 3.0072 2.9048 2.9590 2.9447 2.9824 2.7839 2.8458 2.7548 2.9508 2.9153 2.9036 2.8586 2.8776 2.8810 3.0302 3.0808 1.5516 
4.2231 5.4422 5.0344 4.5685 4.3505 4.2109 4.0751 3.9399 3.9646 3.7701 3.6995 3.6638 3.6774 3.6240 3.6133 3.4888 3.4760 3.4183 3.4590 3.3976 3.4007 3.3272 3.3047 3.3078 3.3969 3.3039 3.3089 3.3515 3.3472 3.3737 3.6101 3.6206 0.0877 
3.7900 5.4196 5.0458 4.5669 4.3393 4.2046 4.1137 3.9224 3.9914 3.8649 3.8135 3.6954 3.7035 3.6618 3.6217 3.6216 3.5417 3.5415 3.4666 3.4498 3.4369 3.3662 3.4155 3.3967 3.4217 3.2891 3.3592 3.3451 3.3386 3.3716 3.6280 3.5845 1.2770 
4.4410 5.5014 5.1036 4.5484 4.3965 4.2555 4.1615 4.1458 3.9943 3.8851 3.8242 3.7164 3.7328 3.6971 3.6709 3.6096 3.5962 3.5303 3.5403 3.5037 3.4771 3.3883 3.4361 3.4174 3.4212 3.5046 3.4067 3.3953 3.3843 3.3504 3.6728 3.6732 0.1855 
4.9432 5.4298 4.8243 4.3226 4.1477 4.0177 3.9453 3.4799 3.7868 3.6243 3.5273 3.4615 3.5135 3.4949 3.3940 3.3430 3.3120 3.2877 3.2863 3.3111 3.2690 3.1726 3.1501 3.1481 3.2537 2.8512 3.2231 3.1584 3.1584 3.1675 3.3606 3.5963 2.0626 
5.0121 5.3676 4.3541 3.8185 3.2634 2.8583 2.9024 3.0635 2.8883 2.7827 2.7590 2.3857 2.1622 2.2547 2.4438 2.4419 2.5887 2.3918 2.3473 2.0596 1.9406 2.0480 2.3623 2.3170 2.3626 2.4262 2.1656 1.9907 2.2506 2.6304 2.8793 3.4929 2.3540 
4.9510 5.1592 3.8581 3.1012 1.8511 1.8698 2.4376 2.2503 2.4845 2.3998 2.1660 1.6510 2.0234 1.8973 1.4900 1.1799 1.2578 1.0996 1.2917 1.6948 1.7582 1.3067 1.8001 1.9338 1.9411 1.5754 1.6930 0.8121 0.7145 1.9762 2.3658 3.3179 2.4209 
4.8639 4.9133 3.6866 2.7359 3.1924 3.0887 2.7781 2.7914 2.7799 2.5535 2.6198 2.6903 2.4671 2.3785 2.3090 2.4476 2.4548 2.3993 2.1596 2.1727 2.2180 2.3798 2.2482 2.0992 2.2083 2.1358 2.0256 2.2469 2.1846 1.5969 2.2266 3.0295 2.3451 
4.9825 4.7524 4.6098 4.3640 4.0330 3.8474 3.6683 3.5284 3.6407 3.5150 3.3658 3.3331 3.3527 3.3704 3.2786 3.2419 3.1828 3.1935 3.1721 3.2130 3.1137 3.0074 2.9664 3.0435 3.0659 2.8862 2.9090 2.9874 2.9967 3.2066 3.1862 2.9320 2.2023 
5.1442 5.0314 4.3689 3.4339 3.2355 3.0208 2.8810 2.7652 2.6434 2.7995 2.5180 2.5044 2.4011 2.5825 2.1849 2.2320 2.0332 2.1650 2.0722 2.4157 2.1316 2.1881 2.1272 2.3454 2.0914 2.1004 2.1321 2.1813 2.2380 2.3047 2.9161 3.1800 2.3737 
4.9087 5.0141 4.5608 4.2101 3.9662 3.7645 3.6933 3.5564 3.3671 3.3309 3.2611 3.2544 3.2971 3.1545 3.0310 3.1188 3.0660 3.0442 2.9126 2.9482 3.0390 2.9240 2.8659 2.8699 2.8321 2.9062 2.9417 2.9065 2.9553 3.0284 3.1202 3.1871 2.2928 
3.8488 5.1697 4.5241 4.1609 3.9244 3.8037 3.6965 3.5998 3.4959 3.5213 3.3923 3.3196 3.3036 3.3336 3.2494 3.2397 3.1900 3.1894 3.1246 3.1712 3.0479 2.9909 3.0022 3.0487 2.9476 2.9376 2.9448 2.9449 2.9226 2.9625 3.0429 3.3263 0.8966 
4.6119 5.0739 4.1222 3.7492 3.6602 3.5503 3.4886 3.2667 3.2472 3.1940 3.1176 3.0681 2.9587 2.9580 2.9719 2.8890 2.8428 2.8362 2.8649 2.7973 2.7343 2.7776 2.7407 2.7163 2.6980 2.6147 2.7770 2.6896 2.6329 2.5427 2.6446 3.2394 1.8047 
4.8334 4.9806 3.7542 3.8548 3.6447 3.5126 3.3484 3.3306 3.2720 3.1825 3.1969 3.0171 3.0279 2.9484 2.9139 2.8882 2.8427 2.8355 2.8089 2.7887 2.8018 2.7261 2.7984 2.7058 2.7397 2.7065 2.6041 2.6530 2.6132 2.6953 2.3595 3.1324 2.2179 
4.9126 4.5882 4.0305 3.9757 3.8169 3.6695 3.5136 3.3738 3.2818 3.3258 3.3022 3.1556 3.2055 3.2079 3.1451 3.0450 2.9923 2.9757 2.9959 2.9829 2.9252 2.8295 2.9098 2.8653 2.7581 2.7657 2.7928 2.8102 2.8305 2.8051 2.5879 2.7453 2.2731 
5.0693 4.6739 4.5689 4.3376 4.1216 3.9610 3.8310 3.7549 3.6261 3.4973 3.4348 3.5639 3.3947 3.4796 3.3998 3.3192 3.3426 3.2662 3.2935 3.2996 3.1809 3.2465 3.0538 3.0260 3.0469 3.1285 3.1119 3.1020 3.1195 3.1832 3.1433 2.8215 2.3937 
4.8514 3.8527 4.2571 4.0059 3.9009 3.7337 3.6375 3.5249 3.2352 3.3299 3.3503 3.3936 3.1845 2.4789 2.9017 3.0098 3.0859 2.9554 2.8009 2.3172 2.9051 3.0895 2.9587 2.8689 2.6783 2.8828 2.8708 2.8748 2.9031 2.8224 2.8450 1.9608 2.1682 
4.6876 4.2823 4.2655 4.0702 3.8373 3.6906 3.6211 3.4859 3.4182 3.2880 3.3205 3.4125 3.2632 3.3011 3.0601 3.2317 3.2582 3.1763 2.9366 3.1236 2.9929 3.1165 2.9307 2.8296 2.8835 2.8554 2.8594 2.8316 2.8555 2.8648 2.8545 2.4374 2.0417 
4.3177 4.5753 3.3523 3.3939 3.0601 2.8826 2.5585 2.3977 2.6704 2.7733 2.6318 2.4460 2.4331 2.5620 1.9412 1.9529 1.7540 1.8888 1.7895 2.3985 2.1755 2.1149 2.2445 2.2954 2.1125 1.7230 1.8391 2.0183 2.0590 2.2327 1.9972 2.7402 1.8467 
3.4291 4.6661 2.8201 3.3647 3.1431 3.0824 2.8783 2.9572 2.6029 2.7058 2.8088 2.9449 1.7617 2.7420 2.2791 2.2284 2.3283 2.1542 2.1231 2.5276 1.5617 2.6230 2.4144 2.2366 2.0656 2.3481 2.1319 2.2240 2.1244 2.2168 1.6270 2.8361 1.3162 
3.6448 4.7967 3.7514 3.4866 2.9455 2.6601 2.3426 2.5386 2.7873 2.5779 2.4344 2.2728 2.4113 2.5860 1.5248 1.4806 2.3945 1.3935 1.3935 2.4144 2.1415 1.9534 2.0476 2.1149 2.2217 1.9329 1.5747 1.8077 1.9616 2.3320 2.2911 2.9416 -1.0929 
4.3841 4.5819 4.0854 3.2319 3.2083 3.1415 3.0916 3.2647 2.8097 2.7854 3.1775 3.1683 2.4753 2.8786 2.1794 2.2949 1.8258 2.2140 2.0649 2.7034 2.2344 2.8360 2.7899 2.3200 2.2521 2.6142 2.3672 2.2826 2.1737 2.0198 2.6094 2.7683 1.8433 
4.7233 4.5952 3.8541 3.0743 2.4339 2.0996 2.7936 3.1180 3.2332 2.3603 2.8688 2.8710 2.8271 2.5723 1.7375 2.4645 2.2805 2.4141 1.6057 2.4075 2.5566 2.5366 2.4745 1.8980 2.6740 2.4684 2.0301 1.2138 1.4755 1.9196 2.4174 2.7536 2.0388 
4.9579 4.5116 3.6876 3.6553 3.3035 3.1479 2.7563 2.6084 2.5580 2.1868 2.3853 2.6086 2.9375 2.4833 2.6004 2.4312 1.6822 2.3822 2.4804 2.3209 2.6996 2.3171 1.9950 1.7307 2.0273 1.9779 1.9968 2.2882 2.3180 2.4394 2.2529 2.5912 2.2571 
4.8030 4.5448 3.8004 2.9494 2.4663 1.9681 2.3369 2.6479 1.3244 2.1154 2.2954 2.4801 2.6707 2.1424 2.4663 2.3560 2.3452 2.2848 2.3628 1.9717 2.4199 2.1616 1.9254 1.6565 0.7202 1.9987 1.5866 1.0186 1.5127 1.8629 2.4068 2.6462 2.0416 
4.9599 4.5986 4.5311 3.8169 3.4682 3.4126 3.3517 2.8239 3.3097 2.7211 2.1681 2.5453 3.0326 2.8196 2.6730 2.5384 2.6689 2.4893 2.5341 2.6135 2.8078 2.2416 1.8076 2.2369 2.7859 2.1679 2.6099 2.5547 2.4791 2.6540 3.0814 2.7638 2.2192 
4.4622 3.9208 4.7297 3.7520 3.8158 3.5784 3.6698 3.0636 3.4664 3.1430 2.8096 3.3313 3.2794 3.3238 3.1785 3.1666 3.0809 3.0880 3.0257 3.1570 3.0206 3.0077 2.4189 2.6568 2.9274 2.4247 2.9062 2.7213 2.8250 2.5782 3.3126 2.0726 1.9414 
4.1298 4.4515 4.8602 4.2336 3.8831 3.9067 3.8345 3.2891 3.0056 3.4406 3.2215 3.1915 2.9443 2.8453 2.9827 2.8859 2.8540 2.8339 2.8740 2.6560 2.7093 2.8538 2.8187 2.9728 2.4757 2.6382 3.1128 3.0492 2.8861 3.0348 3.4112 2.5462 1.6830 
3.5708 4.6809 4.8537 4.2151 3.7016 3.1492 3.6109 3.2422 3.6996 3.3050 3.6761 3.3625 2.8849 3.2393 2.8932 2.9892 2.8474 2.9366 2.7931 3.0315 2.6377 3.0376 3.2814 2.8390 3.1666 2.5836 2.8548 2.2922 2.7060 3.0152 3.3997 2.8523 0.2366 
4.1278 4.7957 4.9071 4.1550 3.4798 3.2313 3.2077 3.1750 1.8306 2.9853 3.2710 2.6067 2.6987 2.3691 2.2853 1.9258 1.8678 1.8586 2.1318 2.1461 2.4422 2.3077 2.8716 2.5310 1.2614 2.5148 2.4471 2.3756 2.4839 2.9547 3.4318 2.9644 1.3544 
4.1153 4.8630 4.8339 4.3115 3.6898 3.7127 3.5173 3.7384 3.5471 3.8595 3.6665 2.9278 2.8018 2.2697 2.3826 2.3599 1.4565 2.2993 2.2602 2.0721 2.5290 2.6131 3.2680 3.3939 2.9733 3.1053 2.7944 2.8556 2.6971 3.1524 3.3811 3.0213 1.3800 
3.8589 4.9486 4.9318 4.3351 3.7077 3.5624 3.6553 3.6840 3.3163 3.5653 3.4291 3.0656 3.0191 1.6857 2.6471 1.7499 2.4924 1.7074 2.5159 1.5434 2.7950 2.7736 3.0444 3.0940 2.7891 3.0321 2.8962 2.7107 2.7197 3.1692 3.4605 3.1093 1.2033 
4.0494 4.9892 5.0659 4.4684 3.3920 3.2477 3.7967 4.0474 2.6714 3.7737 3.5042 2.6615 2.8963 2.6436 2.5548 2.5922 2.4894 2.5301 2.4471 2.4556 2.6473 2.3632 3.1235 3.3125 2.0888 3.3814 3.0604 2.3901 2.4078 3.2608 3.6529 3.1796 1.4720 
3.5568 5.0401 4.9312 4.2939 3.3966 2.9587 3.5363 3.6624 3.5385 4.0208 3.8230 3.2653 3.5783 3.2174 3.0279 2.7823 2.8018 2.7074 2.9102 2.9933 3.3132 2.9295 3.4337 3.5464 2.9799 2.9968 2.8102 2.0946 2.4128 3.1318 3.4587 3.2264 0.6492 
3.3886 4.6516 4.8311 4.1836 3.9610 3.7782 3.3882 3.3938 3.3347 3.6461 3.3730 3.1892 2.8773 2.9269 3.1008 3.0239 2.9195 2.9614 2.9630 2.7748 2.6258 2.8505 2.9746 3.1824 2.8032 2.7893 2.6501 2.9204 2.9543 2.9761 3.3902 2.8216 -1.2800 
4.6145 4.3819 4.7728 3.7743 3.5664 3.3087 3.2255 3.7121 3.5153 3.6380 3.4812 3.0414 3.3108 3.1139 3.1451 3.1126 2.9996 3.0377 2.9965 2.9200 3.0602 2.7466 3.0977 3.1699 2.9584 3.0728 2.4660 2.4520 2.5340 2.5505 3.3495 2.4931 2.0525 
4.8519 4.1347 3.6598 4.1425 3.6852 3.5122 2.3934 3.4518 3.3894 3.2604 3.4679 3.1858 2.9954 2.5515 2.7981 2.7740 2.6892 2.6944 2.6607 2.3855 2.7801 2.8465 3.0888 2.8030 2.8564 2.8351 1.5765 2.6553 2.6853 2.9582 2.1628 2.2860 2.2062 
5.1460 4.6565 4.4886 4.0088 3.7271 3.3841 3.4387 3.6790 3.3154 2.7644 3.2213 3.0253 3.2814 3.2769 3.1495 2.9636 2.9878 2.9112 3.0003 3.0880 3.0187 2.7356 2.8218 2.2899 2.7889 3.0221 2.7237 2.5265 2.7438 2.8146 3.0066 2.7909 2.4412 
4.9842 4.6434 4.6580 3.6691 3.2091 3.4022 3.1298 3.4496 2.9652 3.2137 2.9827 2.0758 2.7041 2.5580 2.5518 2.4726 2.2169 2.4187 2.4431 2.3950 2.4426 1.7535 2.5986 2.7482 2.4368 2.8295 2.3890 2.5388 2.1566 2.4432 3.2392 2.8106 2.3535 
4.5168 4.4706 4.3744 2.7490 2.5976 3.0429 2.4411 2.7405 2.9629 2.9346 2.6107 2.1029 2.4172 2.5088 2.1193 1.7400 0.4541 1.6630 2.0069 2.3569 2.1484 1.7798 2.2338 2.4672 2.4264 2.0814 1.7308 2.1776 1.5745 1.4187 2.9295 2.6194 1.8966 
3.8021 4.2500 4.1429 3.5329 3.2794 3.2512 3.2882 3.4876 3.3648 3.6158 3.6506 3.5090 3.3099 3.4127 3.2279 3.1311 3.1734 3.0549 3.0888 3.2509 3.0573 3.2137 3.2521 3.1407 2.8331 2.8561 2.5371 2.3897 2.2917 2.3519 2.7430 2.4185 1.1678 
4.6042 4.6281 4.5930 4.1673 3.9641 3.8554 3.5378 3.7264 3.5757 3.4274 3.4447 3.2228 3.2727 2.9511 2.9599 2.9498 2.9259 2.8913 2.8489 2.7908 3.0050 2.8815 3.0619 2.9638 3.0020 3.0923 2.8011 2.9983 2.9550 2.9660 3.1883 2.8037 1.9677 
5.1103 4.8885 4.3170 4.4415 4.0994 3.7904 3.7134 3.7279 3.7258 3.8647 3.6924 3.3888 3.4243 3.3423 3.2849 3.2940 3.2429 3.2443 3.1820 3.1828 3.2116 3.0770 3.2956 3.3969 3.2060 3.0926 2.9611 2.9322 3.0812 3.2545 2.8856 2.9922 2.4223 
5.0079 4.6390 3.6359 3.1031 3.2714 2.6369 2.7032 3.3862 2.8804 3.7310 3.4940 3.1515 2.4919 2.7118 2.4886 2.3484 2.3568 2.2726 2.3820 2.5078 2.2497 2.8274 3.1132 3.2715 2.3646 2.7773 1.9664 1.7720 2.2750 1.9236 2.1466 2.7898 2.3557 
5.0185 4.6585 4.2223 3.9453 3.6226 3.6397 4.1449 3.6551 3.3803 3.2880 3.2527 3.3802 2.8792 2.3504 2.7876 2.5048 2.4745 2.4474 2.6419 2.1276 2.6256 3.0632 2.8575 2.8272 2.8429 2.9772 3.3913 2.7829 2.5815 2.7789 2.8072 2.8112 2.3893 
4.5215 4.5242 4.3321 3.3224 3.0342 2.8402 3.6418 3.3454 3.1860 3.2638 3.1431 3.0297 3.1363 2.0398 2.0346 2.4118 2.3780 2.3643 1.9357 1.8742 2.8729 2.7451 2.7714 2.8053 2.6102 2.7226 2.8764 1.9779 2.0429 2.1064 2.8950 2.6774 1.9410 
4.5932 4.2624 4.0526 3.8281 3.4248 3.5903 3.7530 3.1275 3.0878 3.6236 3.7687 3.4580 2.8153 1.9936 2.5443 2.3833 2.3430 2.3363 2.4374 1.8170 2.5355 3.1669 3.3786 3.1490 2.5308 2.4723 3.0021 2.7319 2.4314 2.6495 2.5799 2.4649 1.9499 
4.4231 4.3823 4.2794 2.7261 3.0634 2.9169 3.1696 2.8844 2.1433 2.5369 2.6845 2.1593 2.6254 2.1967 0.8159 1.0065 1.6776 0.9345 0.7150 2.0086 2.3911 1.8730 2.3162 2.0816 1.5946 2.2681 2.4108 2.0627 2.0517 1.4450 2.8506 2.5602 1.7408 
4.5824 3.7341 3.5385 3.5618 2.4940 3.2802 3.7062 3.4346 3.5672 3.2385 2.8545 2.6085 2.5461 2.4006 2.0594 1.9232 1.9196 1.8531 1.9538 2.2036 2.3364 2.3223 2.4614 2.7824 2.9954 2.8169 2.9556 2.4277 1.5157 2.3783 2.0940 1.9041 1.9347 
4.7402 4.0662 3.3853 3.2842 3.1654 3.4435 3.2974 2.7828 2.8105 3.3460 2.5357 2.5611 2.3700 1.9334 1.3337 1.5524 -0.3671 1.5049 1.2089 1.7157 2.0947 2.2661 2.1401 2.8838 2.2653 2.1026 2.5391 2.5867 2.1408 2.1010 1.9649 2.1655 2.0823 
4.5344 3.8583 2.8987 3.2754 3.5060 3.2558 2.1012 2.0654 1.5091 3.1540 3.2363 3.1237 2.7156 2.6595 2.5660 2.5435 2.6670 2.4928 2.4542 2.4686 2.4501 2.8105 2.8380 2.6804 0.9792 1.4568 1.3787 2.3932 2.4981 2.0818 1.4889 1.9758 1.8303 
4.6022 4.0526 3.6588 3.2280 3.3409 0.9388 3.1406 2.9744 2.7571 2.7126 2.9865 2.8230 2.8526 2.7884 2.6896 2.7626 2.7936 2.6837 2.5445 2.5699 2.5898 2.4927 2.6037 2.2467 2.1778 2.3688 2.3994 -0.3714 2.3637 2.0211 2.2103 2.1285 1.9497 
4.2022 3.8854 3.7082 2.8824 3.2130 2.8752 2.5499 2.6461 2.9741 2.8235 2.4642 2.5040 2.3056 2.3805 2.4620 2.2174 2.1275 2.1440 2.3621 2.1739 2.0351 2.1842 2.0790 2.3642 2.4429 2.0134 1.8253 2.0142 2.1824 1.6648 2.2894 2.0197 1.5456 
4.2068 4.2573 3.5846 2.8516 3.1992 3.4229 3.1244 2.6004 2.6758 1.7056 2.4579 2.0364 2.3667 2.3383 2.3566 2.2144 2.0888 2.1405 2.2107 2.1118 2.0938 1.7140 2.0659 1.2513 2.1073 1.9733 2.3830 2.5665 2.1651 1.6472 2.1099 2.4210 1.5302 
