4.2113 4.0822 3.6273 2.9615 2.6656 2.3588 2.6717 2.6931 2.6771 2.2648 2.0641 2.2965 2.0575 2.1446 2.0336 1.6958 1.8270 1.6362 1.9385 1.9710 1.8677 2.0467 1.7719 1.8929 2.2491 2.1908 2.0825 1.6922 1.8807 2.0153 2.4650 2.5710 1.9338 
2.9433 3.9247 3.6546 3.2994 3.1337 2.9582 2.9123 2.7232 2.6943 2.6650 2.6746 2.5263 2.5640 2.5559 2.5151 2.4422 2.3279 2.3811 2.3875 2.3921 2.3435 2.2487 2.3613 2.2876 2.2587 2.2160 2.2992 2.2593 2.3122 2.3262 2.4972 2.3994 -0.1334 
4.0525 4.2577 3.5051 3.1848 3.2059 3.1905 2.9848 3.1279 3.0973 1.7939 2.7423 3.1763 3.0001 2.7141 2.6044 2.7412 2.7225 2.6851 2.5241 2.5753 2.8065 2.9124 2.4364 1.4021 2.6498 2.6069 2.3742 2.4916 2.3559 2.2126 2.3043 2.7209 1.8594 
4.3959 3.9598 3.8876 3.5474 3.2653 3.0090 2.9159 2.5906 2.9049 2.9948 3.0023 2.5466 2.5880 2.6042 2.5618 2.5708 2.5545 2.5326 2.4653 2.4636 2.3770 2.2699 2.6765 2.6178 2.4643 2.0660 2.3027 2.3086 2.4475 2.5707 2.6921 2.4265 2.2211 
4.0821 3.9700 3.9730 3.6829 3.4697 3.3365 3.2404 3.1053 3.0243 3.0000 2.9998 2.9233 2.8946 2.8021 2.8293 2.7864 2.7988 2.7264 2.7067 2.6404 2.6701 2.6561 2.6753 2.6215 2.5919 2.5898 2.6202 2.6367 2.6502 2.7147 2.8110 2.4740 1.9238 
3.6197 4.4335 4.1576 3.7226 3.5759 3.4444 3.2568 3.2842 3.2697 2.9892 3.0659 3.0126 2.9870 2.9381 2.9236 2.8792 2.8689 2.8238 2.8340 2.7897 2.7914 2.7551 2.7555 2.6120 2.8320 2.7627 2.6404 2.7449 2.7350 2.7668 2.9794 2.9452 0.8424 
4.1737 4.5489 3.9631 3.4414 3.2825 3.1003 3.1229 2.8858 2.8435 2.6851 2.6804 2.6331 2.6799 2.5846 2.5008 2.5207 2.3978 2.4589 2.3746 2.4343 2.5089 2.3701 2.3676 2.3138 2.3738 2.3388 2.5342 2.4000 2.4744 2.5006 2.7666 3.0249 1.8920 
4.1155 4.4835 3.7243 3.4513 2.9846 2.7331 2.6591 2.4237 2.6406 1.5510 1.8334 1.8551 1.3929 1.5218 1.1613 0.6416 1.1233 0.5799 1.0567 1.3607 1.1880 1.5803 1.5096 1.1687 2.2053 1.9049 2.0544 2.0306 2.1815 2.5090 2.5462 2.9812 1.9134 
4.1429 4.4256 3.7231 3.4047 2.9567 2.6973 2.3407 2.3303 2.2552 2.4780 2.4140 2.4974 1.9480 2.1813 2.0837 2.1149 2.0085 2.0520 1.9701 2.0030 1.7569 2.2239 2.1057 2.0898 1.8264 1.8348 1.7520 1.9931 2.1570 2.4550 2.5474 2.9334 2.0182 
3.7199 4.3808 3.8698 3.5057 3.2575 3.1740 3.1634 3.0209 2.7128 2.8195 2.8203 2.7436 2.7403 2.6632 2.6369 2.6146 2.5636 2.5714 2.5503 2.5318 2.5509 2.5098 2.5145 2.4324 2.2721 2.5274 2.5583 2.4745 2.4388 2.5446 2.6661 2.8915 1.8463 
3.3244 4.4447 3.8073 3.2379 3.2605 3.0235 2.9510 2.8866 2.7672 2.7177 2.5995 2.5464 2.5413 2.5474 2.4499 2.4193 2.3656 2.3606 2.3322 2.3799 2.3180 2.2734 2.2800 2.3363 2.3166 2.3403 2.3351 2.3225 2.4398 2.2499 2.6118 2.9450 1.2028 
3.6194 4.4046 3.7048 3.1930 3.0984 2.9068 2.8611 2.6409 2.5432 2.5166 2.4575 2.4936 2.3231 2.2700 2.2324 2.2069 2.2346 2.1704 2.1499 2.1374 2.1503 2.2236 2.1571 2.1333 2.1027 2.1473 2.2432 2.2154 2.2928 2.2311 2.5388 2.9081 0.9638 
3.4809 4.3097 4.0058 3.7675 3.5853 3.4661 3.3620 3.3044 3.2304 3.1796 3.1262 3.0736 3.0015 2.9745 2.9379 2.9261 2.8792 2.8872 2.8568 2.8426 2.8101 2.8373 2.8186 2.7929 2.7672 2.7899 2.7616 2.7666 2.7495 2.8244 2.8426 2.8162 0.8475 
4.5082 4.6828 4.1895 3.9361 3.6684 3.5585 3.4210 3.4058 3.2982 3.2429 3.2375 2.9982 2.9068 2.9387 2.9759 2.9991 2.9788 2.9523 2.8915 2.7901 2.6829 2.7379 2.9131 2.8722 2.8731 2.9048 2.8424 2.8590 2.8737 2.9534 2.9940 3.1773 2.1769 
4.5453 4.6642 3.9829 3.6313 3.2599 3.0099 2.8466 2.5533 2.8102 2.8107 2.6169 2.4425 2.6942 2.6150 2.2822 2.0323 2.2211 1.9760 2.1897 2.4771 2.5232 2.2016 2.2936 2.4280 2.3534 2.0397 2.2376 2.3178 2.4561 2.6680 2.8057 3.1475 2.3010 
4.0494 4.6186 4.2052 3.7981 3.5755 3.3919 3.3036 3.1880 3.2818 3.1373 3.1435 3.2348 3.0122 3.0280 2.9120 2.8349 2.8965 2.7719 2.8142 2.8996 2.8238 2.9588 2.8384 2.7518 2.8530 2.6503 2.6905 2.6933 2.7357 2.8576 3.0132 3.0871 2.0899 
3.1937 4.6263 3.9561 2.6272 2.5866 2.3444 2.3913 2.6458 2.6041 1.7489 1.9500 2.7477 2.2109 2.1537 2.1997 2.0990 1.8265 2.0501 2.0982 1.9867 2.0023 2.5162 1.6050 1.3549 2.1862 2.1439 1.8089 1.6731 1.8188 1.7443 2.7667 3.0916 1.4385 
3.1558 4.4163 3.6751 2.8126 2.6798 2.7246 2.6694 2.6660 2.5895 2.5205 2.5795 2.8516 1.6105 2.3618 2.3578 1.8830 2.2591 1.8332 2.2678 2.2236 1.4277 2.5750 2.2622 2.1384 2.1671 2.1709 2.0806 2.0346 1.8942 1.8439 2.5444 2.9230 1.4846 
4.6315 4.2935 4.3696 4.1665 3.9723 3.8663 3.7413 3.6822 3.4940 3.4257 3.3735 3.4630 3.3449 3.3607 3.3174 3.3459 3.2951 3.2997 3.2353 3.2308 3.1514 3.2257 3.0573 3.0432 3.0310 3.1781 3.1571 3.1674 3.1604 3.2247 3.2268 2.7698 2.4626 
2.5938 4.6925 4.6279 4.2802 3.9595 3.8098 3.6092 3.6872 3.6674 3.5859 3.4214 3.4238 3.4285 3.3492 3.3336 3.2935 3.2570 3.2526 3.2479 3.2224 3.2434 3.1879 3.1102 3.2125 3.2380 3.1862 2.9939 3.1087 3.1373 3.2933 3.4300 3.2145 1.5872 
3.8166 4.6659 4.4794 3.0554 3.3807 3.2626 3.0782 3.2513 3.0955 2.9577 3.1709 3.1038 3.0590 2.6580 2.8792 2.6930 2.6975 2.6507 2.7603 2.5296 2.8821 2.8690 2.8663 2.5819 2.6492 2.7134 2.4987 2.5614 2.5754 2.1402 3.3104 3.1672 0.4241 
4.3855 4.4154 4.0781 3.6750 3.2084 2.9185 3.0247 3.3732 2.4427 2.8461 3.2779 3.2480 3.2556 3.1807 3.2585 3.1565 3.1467 3.0947 3.1595 3.0127 3.0312 2.9749 2.9582 2.4600 1.9968 2.8805 2.4485 2.2294 2.3862 2.7237 2.9333 2.9069 2.0355 
4.1823 4.1492 3.9743 3.5731 3.2821 3.2513 3.1375 3.4577 3.0453 2.5959 2.9350 3.0319 2.8246 2.7244 2.6208 2.6254 2.6061 2.5806 2.5375 2.5832 2.6082 2.7877 2.6145 2.2191 2.6063 2.9405 2.5392 2.5476 2.4619 2.5744 2.8042 2.6409 2.1207 
4.6027 4.6843 4.4303 4.3711 3.9914 3.7615 3.9854 4.0807 3.9318 3.7849 3.5158 2.9499 3.2047 3.2752 3.3328 3.2923 3.1878 3.2514 3.2473 3.1208 2.9781 2.6829 3.2072 3.4014 3.4687 3.5874 3.3723 3.0619 3.1833 3.3957 3.2730 3.1923 2.4934 
4.4219 4.3315 4.5126 3.4395 3.7230 3.5727 3.5773 3.2548 2.9308 2.9374 3.4150 3.1084 2.8158 2.8961 2.9852 2.9437 2.9613 2.9033 2.8980 2.7318 2.5994 2.8723 3.1045 2.5637 2.4981 2.7247 2.9516 2.8688 2.9186 2.5472 3.3397 2.8584 2.2842 
4.3704 4.7787 4.4329 4.1877 3.9731 3.9036 3.7764 3.9570 3.6646 3.6342 3.5552 3.4080 3.3741 3.3558 3.2774 3.2584 3.2404 3.2216 3.1895 3.2266 3.1989 3.1688 3.2338 3.2602 3.2359 3.4201 3.1999 3.2046 3.1611 3.2340 3.2747 3.2892 2.0846 
3.1523 4.0082 4.6486 3.9007 3.5881 3.5765 3.7944 2.9811 3.2919 3.6393 2.5812 3.2361 3.1785 3.0841 3.2374 3.1545 3.1535 3.0929 3.1232 2.9430 2.9589 2.9593 2.2737 3.2657 2.8659 2.4450 3.2187 2.8756 2.7533 2.9006 3.4772 2.5387 1.0075 
4.4209 4.8303 4.6985 4.4268 4.2066 4.0814 3.9867 3.7070 3.6227 3.6535 3.6021 3.5924 3.4731 3.4188 3.3319 3.3420 3.2922 3.2961 3.2466 3.2786 3.2730 3.3178 3.2777 3.2788 3.1857 3.2103 3.3713 3.3801 3.3719 3.4757 3.5415 3.3348 2.1423 
3.3704 4.1573 4.3062 4.2839 3.9558 3.8213 3.4565 3.7670 3.3457 3.7062 3.3953 3.2547 3.3430 3.3556 3.2402 3.2321 3.1499 3.1780 3.1291 3.2272 3.1499 2.9858 3.0820 3.3290 2.9175 3.2621 2.8813 3.1259 3.1385 3.3071 3.1297 2.6539 0.8368 
3.5730 4.1432 4.6993 4.2983 3.5872 3.2918 3.7476 3.1756 3.2907 3.2547 2.9532 2.5549 2.5257 2.7474 2.6552 2.2247 2.2315 2.1867 2.5657 2.6020 2.2975 2.2872 2.6330 2.8823 2.8655 2.6346 3.1617 2.5923 2.7459 3.3100 3.5529 2.6699 1.4659 
2.9615 4.4364 4.5939 4.2859 3.9279 3.4756 3.8525 3.9616 3.6521 3.3743 3.0064 3.3900 3.3757 3.3489 3.1431 3.1109 3.1256 3.0527 3.0255 3.2222 3.2029 3.1492 2.6847 3.0013 3.2259 3.4278 3.2529 2.7788 3.0800 3.2997 3.3955 2.9499 1.5479 
4.3675 4.4961 4.3653 3.9125 3.5738 3.5727 3.5138 3.0577 3.1036 3.0002 3.3335 2.9730 2.6673 2.6525 2.4234 2.0099 1.9672 1.9634 2.3154 2.5226 2.4849 2.7061 3.0158 2.6255 2.6576 2.5581 2.9083 2.8737 2.7302 2.9224 3.2171 2.9878 2.1489 
4.3190 4.1553 3.9018 3.9018 3.8510 3.6938 3.6291 3.3614 3.3109 3.1458 3.2889 3.2302 3.2066 2.9972 3.0077 2.9787 2.9684 2.9342 2.9168 2.8707 2.9795 2.9535 2.9690 2.7588 2.8830 2.8683 3.0170 2.9947 3.0218 2.9228 2.7218 2.6351 2.1472 
4.0490 4.2699 3.9213 3.9465 3.6267 3.2335 2.8117 3.0433 3.0156 2.8824 2.6658 2.7806 2.7470 2.7501 2.6566 2.6696 2.5852 2.6251 2.5662 2.6012 2.5553 2.5343 2.3433 2.5056 2.5768 2.5443 2.2069 2.5295 2.8154 2.9658 2.7275 2.7315 1.9166 
3.7557 3.8233 3.7590 3.4915 3.2292 2.9772 2.8069 2.5707 2.6232 2.3714 2.4295 2.3230 2.4042 2.3214 2.4010 2.3274 2.2039 2.2861 2.2998 2.1925 2.2093 2.0778 2.1210 1.9891 2.1917 2.0455 2.2029 2.2781 2.3875 2.5320 2.5964 2.3151 1.6416 
2.9261 3.0642 3.4902 3.0623 2.6005 2.6349 2.5877 2.2466 1.5494 1.6366 1.5784 2.1423 1.8698 1.6449 1.6359 1.3297 1.2372 1.2760 1.5481 1.5104 1.6502 1.8699 1.2561 1.2615 1.1288 1.7313 1.9717 1.9345 1.8003 2.1041 2.3113 1.6142 0.5634 
2.4760 2.5848 2.2565 2.6820 2.5303 2.4670 2.3782 1.9798 1.5351 1.7885 2.0101 1.4826 1.8694 1.6002 1.4649 0.8483 0.4755 0.8055 1.3350 1.4704 1.6507 1.2119 1.6974 1.4089 1.0952 1.4866 1.7973 1.7726 1.6909 1.7378 1.0878 1.0887 0.2104 
2.7728 2.8030 2.5303 2.2313 2.5045 1.9206 2.3737 2.2380 1.9687 1.7176 2.1441 1.9709 1.4207 1.8054 1.6809 1.0602 1.2504 0.9941 1.5825 1.6219 1.2015 1.7239 1.8273 1.3403 1.5312 1.7159 1.7947 1.2185 1.6642 1.2561 1.3294 1.2950 0.6427 
2.3937 2.7361 2.5372 1.6609 1.5812 2.2945 2.1706 2.1664 2.0100 1.2135 1.4639 1.9797 1.4681 1.1540 1.6868 1.5185 1.0831 1.4801 1.5886 0.9887 1.2347 1.7387 1.1390 0.8436 1.5715 1.6173 1.5426 1.5939 0.8083 0.6802 1.3416 1.2274 0.4763 
1.7491 1.7730 2.3738 2.0102 1.8646 2.6706 2.4858 2.2719 2.0275 2.1687 1.7919 2.0653 1.9415 1.9128 1.6139 1.6520 1.4017 1.6092 1.5223 1.7749 1.7487 1.8254 1.4801 1.7841 1.5862 1.7700 1.8712 1.9700 1.0593 1.0563 1.2128 0.2830 -0.4223 
2.5612 2.6003 2.2158 2.1868 2.3421 2.1914 1.8759 1.9395 1.6395 1.1765 1.8828 1.5942 1.5281 1.3173 1.3449 1.4658 1.0377 1.3981 1.2452 1.1752 1.3112 1.3274 1.5635 0.7912 1.2009 1.4412 1.2636 1.4880 1.5414 1.2066 1.0810 1.1122 0.4654 
2.1639 1.9492 2.5157 2.1834 2.0406 1.5576 2.1689 1.6316 1.5914 0.8561 1.8087 1.8539 1.4992 1.6553 0.9980 1.2616 1.1222 1.2152 0.8926 1.5168 1.2731 1.5823 1.4872 0.5001 1.1563 1.1385 1.5469 0.8588 1.2257 1.1956 1.3118 0.4858 -0.1624 
2.5101 2.6312 2.4830 2.1777 1.5021 1.5823 1.3809 0.9266 1.5107 1.0537 1.3524 1.5580 1.5396 1.4921 1.0366 0.8904 1.5326 0.8516 0.9227 1.3194 1.3301 1.2913 1.0428 0.6745 1.0690 0.4335 0.7843 0.8875 0.6797 1.1870 1.2912 1.1380 0.2908 
2.2194 2.0744 1.8132 1.6162 1.4574 1.8718 1.6167 1.2398 0.3518 1.3924 1.2896 0.9294 1.2514 1.0254 0.1488 0.9316 1.1908 0.8911 0.0624 0.8719 1.0596 0.6859 0.9766 1.0086 -0.0862 0.7453 1.0254 1.1702 0.6183 0.6509 0.6307 0.5496 0.1056 
0.9148 1.6215 1.3729 1.2495 -0.1690 0.8878 1.2294 1.5714 1.5891 1.5449 1.2013 0.6924 0.5095 1.1605 1.3183 1.3341 1.1673 1.2769 1.2232 1.0037 0.3035 0.4409 0.8797 1.1698 1.1550 1.0668 0.6258 0.1903 -0.9349 0.2767 0.1934 0.1370 -1.2740 
2.0522 1.9959 1.8247 1.4686 1.6558 1.5377 1.5109 1.5932 1.5769 1.4943 0.4864 1.2878 1.4698 1.8596 1.3959 1.2148 1.4720 1.1726 1.2738 1.6982 1.2451 1.0465 0.1786 1.1220 1.1454 1.0948 0.9007 0.8352 0.8516 0.4770 0.6215 0.5174 -0.0791 
2.2246 1.7355 1.9083 1.1803 1.9678 1.9181 1.5623 1.2915 1.1236 1.4796 1.3090 1.1934 1.0407 1.3954 1.0374 1.1891 0.9147 1.1490 0.9191 1.2347 0.8299 0.9243 0.9958 1.1046 0.6661 0.7911 0.9486 1.2164 1.1668 0.2093 0.7666 0.1871 0.0763 
2.8433 2.3291 2.0144 1.4290 0.8342 1.2706 1.6377 1.4221 1.2312 1.2668 1.1533 1.2655 0.9166 0.8367 1.1525 0.9775 1.1636 0.9192 1.0523 0.6952 0.7440 1.0133 0.8272 0.8902 0.8038 0.8861 1.0504 0.5654 -0.0155 0.4465 0.8406 0.7995 0.6109 
2.9649 2.5476 2.0000 1.9572 2.0166 1.4518 1.8922 1.7392 1.0659 1.5459 1.8246 1.8591 1.7413 1.5560 0.9017 0.7681 0.6417 0.7090 0.8141 1.4166 1.5337 1.5895 1.4992 1.1717 0.5937 1.2114 1.2768 0.7425 1.2042 0.9911 0.8275 0.9901 0.7804 
3.1306 2.5395 2.0820 2.0412 1.6718 1.4595 1.5931 1.8931 1.6039 1.7734 1.6083 1.6569 1.7085 1.6924 1.6131 1.2560 1.2321 1.2056 1.5218 1.5457 1.5131 1.4173 1.2854 1.3853 1.1684 1.3733 0.9866 0.7565 0.8583 1.0940 0.8917 0.9527 0.9174 
3.1484 2.7098 2.1642 2.1711 1.8607 1.8472 1.8039 1.6798 1.3797 1.3701 1.2072 1.5204 1.1297 1.4692 1.1411 1.4172 0.5646 1.3554 1.0301 1.2869 0.9033 1.2535 0.8863 0.9859 0.9181 1.1700 1.1816 1.1461 1.0418 1.1850 0.9551 1.1824 0.9402 
2.9068 2.3482 2.0952 1.8660 1.7666 1.6074 1.1375 1.5403 1.5008 1.6169 1.8031 1.6652 1.5989 1.6644 1.3068 1.2396 0.8489 1.1934 1.2139 1.5246 1.4078 1.4267 1.4817 1.2408 1.0529 1.0186 0.5138 0.9048 0.9247 0.8885 0.9057 0.8129 0.7010 
2.6355 2.3578 1.1498 1.9641 1.7526 1.5627 0.8422 1.5250 1.5679 1.5515 1.1418 1.1162 1.1976 1.6113 1.4679 1.4161 0.6186 1.3526 1.3422 1.4806 0.9926 0.8370 0.8161 1.1755 1.1385 0.9996 0.2157 0.8612 0.9184 1.0034 -0.0105 0.8403 0.4502 
2.2362 2.1073 2.0226 1.5446 1.2645 1.6941 1.6766 1.2254 1.6717 1.6133 1.2798 1.3467 0.4788 1.5111 1.2241 1.2237 0.7321 1.1791 1.1406 1.3501 0.2433 1.1138 0.9662 1.2341 1.2333 0.7238 1.0940 0.9954 0.4527 0.5651 0.8653 0.5771 0.1224 
2.3323 2.0759 1.8590 1.2867 1.3133 1.6357 1.5231 1.1282 1.3408 1.5027 1.6096 1.6634 1.4719 1.3006 1.4197 1.2983 -0.0614 1.2530 1.2996 1.1644 1.2430 1.4253 1.2867 1.1320 0.8944 0.5846 0.9073 0.9383 0.5129 0.3226 0.6879 0.5486 0.1500 
2.6432 2.4802 1.3737 1.2835 1.7204 1.4957 1.7322 1.9049 1.7708 1.7537 1.5432 0.8545 1.3822 1.0297 1.2608 1.4938 0.9179 1.4492 1.1730 0.8677 1.1781 0.5708 1.2227 1.3678 1.3042 1.3925 1.1420 0.7960 0.9033 0.3146 0.2003 0.9368 0.4790 
2.2109 2.0435 1.3971 1.4807 1.2895 1.6246 1.5235 0.9022 1.1168 1.3814 1.4555 1.4523 1.1877 0.9977 1.4087 1.1221 -0.1293 1.0589 1.2889 0.8547 0.9786 1.1746 1.1334 0.9992 0.6499 0.4162 0.9076 0.9269 0.4963 0.4939 0.2523 0.5309 0.1025 
2.8193 1.9719 1.8589 1.5606 1.4899 1.1206 1.7353 0.7653 0.9529 -0.0938 1.6439 1.2485 1.2934 1.2878 0.8951 1.4525 1.1801 1.3913 0.8118 1.1526 1.1196 0.9896 1.3304 -0.4167 0.5215 0.2390 1.1368 0.4274 0.6573 0.5778 0.6641 0.3951 0.5866 
2.4161 2.1467 2.0032 1.7455 1.8293 1.6709 1.1764 1.5927 1.1537 1.5383 1.0989 1.7300 1.7662 1.2777 1.5119 1.3510 1.6191 1.2943 1.4189 1.1460 1.5496 1.4850 0.7788 1.1651 0.7223 1.0982 0.5495 0.9752 0.9912 0.7963 0.8448 0.6015 0.2312 
2.5930 2.0399 1.8603 1.8046 1.3233 1.4242 1.4676 1.5323 1.2714 1.5025 1.5210 1.1749 1.0121 1.5550 1.5669 1.3513 1.2534 1.2940 1.4832 1.4165 0.8158 0.9061 1.1982 1.1301 0.8417 1.0065 0.8428 0.7307 0.5140 0.8245 0.6820 0.4878 0.3973 
2.5161 2.1236 2.0819 1.9093 1.9640 1.6591 1.5315 1.1259 1.2173 1.7708 0.8760 1.5461 1.4692 1.6056 1.5066 1.4517 0.7005 1.3857 1.4070 1.4767 1.2400 1.2759 0.5517 1.3839 0.7935 0.5779 0.9151 0.9607 1.1580 0.9358 0.9108 0.5676 0.3067 
2.4277 1.4367 2.0024 1.7124 1.5268 1.0397 1.6022 1.1087 1.8202 1.8259 1.2828 1.3182 1.4564 1.4174 1.1012 0.8085 1.1555 0.7739 0.9724 1.2525 1.2300 1.0834 0.9679 1.4446 1.3528 0.5518 0.9998 0.3438 0.7163 0.7658 0.8391 -0.0107 0.2162 
2.3268 1.8728 1.6895 1.7716 1.1696 0.7669 1.6332 1.4857 1.2567 1.5036 1.5874 1.7106 1.5531 1.0472 1.2798 1.6071 1.2316 1.5606 1.1893 0.8886 1.3455 1.4719 1.2683 1.1300 0.8241 0.9384 1.0511 0.0666 0.3410 0.8038 0.5372 0.3952 0.1795 
1.6619 2.0648 1.6962 0.9774 -0.0947 1.7106 0.8213 1.3526 0.9452 1.3290 1.2239 1.4941 1.3127 0.7855 1.0460 1.1893 0.5643 1.1474 0.9294 0.6122 1.1317 1.2208 0.9107 0.9456 0.5043 0.8350 0.1918 1.0123 -0.6886 0.0240 0.5195 0.5622 -0.4513 
2.9132 2.5763 2.1178 1.8131 1.5881 1.5533 1.9321 1.5294 0.9711 1.4096 1.3915 1.5590 1.0843 1.0820 0.9002 1.2051 1.2695 1.1609 0.8124 0.9126 0.8601 1.2905 1.0861 1.0246 0.5248 1.0021 1.3256 0.8557 0.7923 0.8241 0.9204 1.0538 0.7422 
3.0181 2.5427 2.2748 2.1649 2.0379 1.5514 0.9606 1.6243 1.5848 1.5815 1.5665 1.4943 1.5062 1.5547 1.6061 1.5372 1.7561 1.4965 1.5158 1.4152 1.2816 1.2222 1.2467 1.2035 1.1511 1.1314 0.3729 0.8481 1.2234 1.1775 1.1209 0.9775 0.8225 
2.6924 2.3338 2.2327 2.2330 1.6162 1.4862 1.6423 1.3550 0.9872 1.2190 1.7367 1.7503 1.7537 1.2210 1.3501 0.0428 -0.2297 -0.0195 1.2489 1.0869 1.5418 1.4955 1.4303 0.8473 0.5425 0.8393 1.0575 0.7881 0.8056 1.2613 1.0730 0.8196 0.5005 
2.6221 1.6864 1.4994 1.2073 1.3890 1.7907 1.6725 1.1017 1.3723 1.5962 1.5258 0.2360 1.0247 1.3498 1.3568 0.7575 0.5276 0.6886 1.2510 1.2004 0.8272 0.0102 1.2052 1.2188 0.9144 0.5449 1.0865 1.0961 0.5793 0.2940 0.2414 0.3306 0.4230 
2.0939 1.2929 1.0999 1.4794 1.1341 1.4868 1.2823 1.3350 1.1138 1.2202 1.4431 1.5789 1.1889 1.1170 0.7849 1.1277 0.3427 1.0747 0.6660 0.9342 0.9761 1.3156 1.1262 0.8451 0.6449 0.8227 0.7006 0.7853 0.3153 0.4956 -0.0909 -0.2242 -0.0872 
1.9288 1.7020 1.6866 1.2144 1.1379 1.2138 1.5658 0.3136 0.9720 1.5819 1.3532 1.3079 1.2313 0.7658 -0.1403 0.9543 1.1331 0.9111 -0.2273 0.5773 1.0362 1.0685 1.0421 1.2058 0.5362 -0.1837 0.9556 0.5167 0.3130 0.2436 0.5204 0.2152 -0.2389 
1.8246 1.8511 1.7622 1.2415 1.4419 1.4583 1.5040 1.5309 1.1857 1.5445 1.4653 1.5643 1.2584 0.8631 1.6075 1.6422 1.5780 1.5992 1.5181 0.7231 1.0680 1.2982 1.1360 1.1715 0.7632 1.0055 0.8922 0.7582 0.6015 0.2828 0.5670 0.3420 -0.4905 
2.5281 1.8472 1.8373 0.9489 1.5088 1.4405 1.8011 1.7896 0.7631 1.5809 1.2717 1.3701 1.2979 1.1944 1.1222 1.3530 1.5811 1.2973 1.0058 1.0503 1.1232 1.1273 0.9601 1.2037 0.2978 1.2461 1.1832 0.7439 0.7029 0.0444 0.6666 0.2686 0.3014 
2.5078 2.1883 1.1341 1.6150 1.9038 1.5693 1.6132 1.3438 1.4189 1.2000 1.6694 1.6991 1.4355 0.1257 1.6215 1.7583 1.8164 1.6975 1.5368 -0.0067 1.2137 1.4657 1.3606 0.8250 0.9550 0.8251 1.0159 0.8658 1.1146 0.6598 0.0118 0.6510 0.3290 
2.5604 2.3662 2.1219 1.8261 1.8904 1.9563 1.7247 1.2192 1.7625 1.5424 1.5618 1.2148 1.4298 0.6123 1.2204 1.6777 -0.2005 1.6221 1.1397 0.4751 1.2109 0.9448 1.2440 1.1671 1.2966 0.7189 1.1312 1.2580 1.0849 0.8439 0.9308 0.8519 0.3771 
2.9288 2.4275 2.0238 1.6699 1.5425 1.7759 1.5855 0.8708 1.3403 1.5289 1.5355 1.1503 0.8346 1.3193 1.4980 1.4073 0.3152 1.3453 1.3936 1.1772 0.6229 0.8768 1.2138 1.1545 0.8934 0.3505 0.9744 1.0743 0.7414 0.7196 0.8521 0.8805 0.7617 
2.8509 2.1710 2.0117 1.1094 1.6027 1.2366 1.1442 0.9760 1.4191 1.4182 1.5840 1.5086 1.3548 1.4838 1.3254 1.4152 1.4540 1.3526 1.2280 1.3080 1.1595 1.2370 1.2658 1.0275 0.9574 0.4633 0.5323 0.5325 0.8015 0.1308 0.8489 0.5801 0.6395 
2.9459 2.3224 1.9795 1.3601 1.6399 1.3111 1.1641 1.0335 1.4033 1.1908 1.2668 1.3569 1.0677 1.0056 1.1411 1.1391 0.3783 1.0934 1.0341 0.8584 0.8546 1.1203 0.9521 0.8196 0.9413 0.5093 0.5457 0.6105 0.8350 0.4009 0.8124 0.7817 0.7635 
2.0285 1.7909 1.9176 1.6971 1.7096 1.2697 1.3360 1.5739 1.6262 1.2694 0.8408 1.5984 1.1669 1.1164 1.0758 1.2672 -0.0740 1.2239 0.9579 0.9318 0.9426 1.3379 0.5336 0.8929 1.1944 1.0688 0.7555 0.5652 0.8869 0.7504 0.7757 0.2465 -0.1599 
2.4560 2.1907 2.1923 2.0247 1.8759 1.7943 1.4462 1.8441 0.5704 1.4637 1.2308 1.5024 1.1358 1.3041 0.8180 0.7610 0.8838 0.6952 0.7251 1.1674 0.9102 1.2324 0.9092 1.0743 0.1341 1.3028 0.8363 1.0894 1.0725 1.0771 1.0157 0.6379 0.2247 
3.0162 2.5580 2.3381 2.2122 1.4899 1.9597 1.5755 1.6520 1.5440 1.8386 1.5519 0.9964 1.4489 1.6135 1.5663 1.5692 0.1052 1.5250 1.4837 1.4821 1.2241 0.7591 1.2313 1.4678 1.1185 1.1511 0.9643 1.2593 0.6634 1.2335 1.1796 1.0042 0.8242 
3.1445 2.4931 1.9612 1.6675 1.4090 1.1286 1.5225 1.5455 1.6192 1.7418 1.4939 1.6708 1.3969 1.5229 1.2991 1.1168 1.2721 1.0530 1.2080 1.3679 1.1872 1.4335 1.1679 1.3551 1.1812 1.0257 0.9043 0.4191 0.5646 0.7169 0.7931 0.9056 0.9307 
3.1169 2.4329 2.1483 1.6456 1.1141 1.3667 1.4861 1.1503 1.3593 1.5585 1.1571 1.4276 1.5036 0.9736 1.0213 0.9441 0.7312 0.9013 0.9147 0.8318 1.2799 1.1616 0.8316 1.1811 0.9109 0.6057 0.8608 0.6806 0.2902 0.7119 0.9504 0.8604 0.9142 
1.8312 2.0864 1.8850 1.6681 1.5401 0.9216 1.3126 0.8851 1.3897 1.7654 1.5715 1.6407 1.5103 1.5369 0.1256 1.3854 0.1796 1.3271 0.0594 1.3865 1.2862 1.3993 1.2524 1.3805 0.9308 0.3984 0.7315 0.2373 0.7372 0.7210 0.7377 0.5697 -0.3189 
1.5128 1.5037 1.5539 0.6624 1.4715 1.3089 1.4646 1.3929 0.2697 1.2836 0.8960 1.0852 1.0212 1.2398 1.2895 0.6428 0.9037 0.5915 1.1982 1.1162 0.8200 0.8152 0.5751 0.9118 -0.1351 0.8660 0.8412 0.6102 0.6358 -0.2110 0.4174 0.0488 -0.9992 
2.9916 2.3404 2.0383 1.8195 1.6977 1.3039 1.6614 1.2160 1.3291 1.2313 1.2881 1.1784 1.1221 1.3558 -0.1035 1.1666 1.1186 1.1286 -0.1907 1.2047 0.8933 0.9125 0.9740 0.8547 0.8840 0.7084 1.0793 0.5965 0.8790 0.8302 0.8621 0.7977 0.8083 
3.1663 2.8815 2.3326 2.2097 2.0580 1.8669 1.7896 1.3288 1.7643 1.7560 1.6404 1.7219 1.6140 1.5616 1.5066 1.1978 0.3324 1.1566 1.4089 1.4238 1.4290 1.4770 1.3278 1.3693 1.2963 0.8249 1.1728 1.1657 1.2380 1.2322 1.1708 1.3294 0.9491 
2.6833 2.4064 2.0027 1.7045 1.5656 1.7480 1.3095 1.7087 1.5610 1.6993 1.1789 0.9785 0.5651 1.0429 1.2722 1.1234 0.9773 1.0669 1.1862 0.8832 0.3866 0.7468 0.8591 1.3153 1.1317 1.1914 0.7261 1.0493 0.7708 0.7574 0.8273 0.8734 0.4621 
2.8307 2.6687 2.4039 2.0343 2.0425 2.1156 2.1412 1.6118 0.7148 1.6152 1.6736 1.6692 1.4704 1.5647 1.5874 1.4499 1.4759 1.3847 1.5010 1.4293 1.2430 1.4325 1.3635 1.2406 0.2784 1.1137 1.5239 1.4172 1.2306 1.0888 1.2369 1.1652 0.6314 
2.5884 2.5763 2.4519 2.4886 2.5218 2.3717 2.0623 1.5973 0.9821 1.7247 1.8588 1.7458 1.7212 1.4051 1.3365 1.0647 0.5041 1.0009 1.2348 1.2407 1.5207 1.4912 1.5377 1.3411 0.5557 1.0983 1.4749 1.6703 1.6797 1.5143 1.2769 1.0663 0.4198 
2.6175 2.4207 2.2068 2.0023 1.8405 1.5987 1.4352 1.8302 1.2219 1.3085 1.1972 1.2413 1.3351 0.7129 1.4873 1.5648 1.4088 1.5212 1.3766 0.5525 1.1452 0.9779 0.8783 0.9278 0.7875 1.2845 0.8217 0.8930 1.0098 1.0457 1.0253 0.8921 0.4072 
1.8905 1.9529 1.5561 1.1280 1.9093 1.6346 1.4739 1.2479 1.2002 1.1717 1.4735 0.8098 0.4161 1.4316 0.1465 0.7772 1.2044 0.7155 0.0918 1.2624 0.1577 0.5363 1.1477 0.8020 0.7745 0.7502 0.8492 0.9329 1.1190 0.1398 0.3801 0.4632 -0.2220 
2.5578 1.4928 1.8257 1.7398 1.5871 1.6135 1.6738 1.6249 1.3218 1.2369 1.6566 1.7072 1.2910 1.2081 1.1478 1.2208 0.6327 1.1784 1.0393 1.0721 1.1150 1.4699 1.3473 0.8618 0.8765 1.1316 1.0996 0.9140 0.7959 0.7903 0.6365 -0.1935 0.3339 
2.6220 2.5109 2.1115 1.2087 1.6767 1.6908 1.2890 1.5118 1.2704 0.6833 1.5885 0.8888 1.1143 1.1254 1.0972 1.1019 1.2305 1.0403 0.9722 0.9451 0.8851 0.6289 1.2673 0.3079 0.8352 0.9802 0.7109 0.9889 0.8648 0.2381 0.9158 0.9629 0.4319 
2.0463 1.9503 1.6741 1.0907 1.5645 1.5884 1.5497 0.9632 1.3528 1.4806 1.1139 1.3440 1.1421 1.0424 1.2749 0.9520 0.6105 0.9039 1.1883 0.8828 0.9165 1.1123 0.7859 1.1063 0.9092 0.4582 0.9326 0.8924 0.7699 0.1109 0.5041 0.4563 -0.0825 
2.9084 2.2432 1.4970 1.2088 1.2306 1.4652 1.2367 1.4987 1.5082 1.6422 1.5941 1.3727 1.4943 1.1161 1.2168 0.4838 1.2372 0.4260 1.1359 0.9332 1.2690 1.1307 1.2703 1.2667 1.0625 0.9545 0.6226 0.7514 0.4339 0.2030 0.2984 0.6625 0.6870 
2.4834 2.6257 1.9701 1.8585 1.2199 1.5826 1.6312 1.8266 1.0035 0.4867 1.4843 1.5646 0.9671 1.1712 0.9157 1.6067 0.6078 1.5594 0.8324 1.0149 0.7845 1.2966 1.1625 0.1377 0.5651 1.2738 1.0536 0.8856 0.3955 0.8829 0.8124 1.1370 0.3247 
3.2022 2.5781 2.3392 1.6313 2.1809 1.8283 1.9715 1.8170 1.8265 1.9181 1.5923 1.2027 1.5622 0.5970 1.4956 1.5743 1.7335 1.5312 1.3915 0.4765 1.3596 0.9402 1.2669 1.5419 1.3663 1.2655 1.3857 1.1281 1.3464 0.7233 1.1856 1.0386 1.0198 
1.5793 2.7447 2.4394 2.4109 1.9633 2.2750 2.1463 1.8197 1.9677 1.8837 1.6185 1.4755 1.5098 1.7885 1.4753 1.5850 1.5099 1.5398 1.3561 1.6152 1.2935 1.1935 1.3022 1.5084 1.5323 1.2694 1.5264 1.5780 1.1628 1.4721 1.2688 1.2596 -0.2230 
1.5816 2.5334 2.3858 2.3175 2.2660 1.8968 1.3348 1.3237 0.8818 1.6908 1.8904 1.5515 1.6077 1.8388 1.6799 1.5456 1.5977 1.5052 1.5825 1.6664 1.4247 1.2816 1.5711 1.3117 0.4523 0.8218 0.7545 1.1901 1.4713 1.3606 1.2298 1.0272 -0.5470 
