2.3643 2.3008 2.1000 1.8888 1.7174 1.5824 1.6360 1.0991 1.1347 1.1324 0.8305 0.8268 1.2736 0.8872 1.1311 1.3876 1.3784 1.3558 1.0580 0.7739 1.0950 0.5963 0.5498 0.8054 0.7575 0.6360 1.0946 0.9667 1.0140 1.0519 1.0873 0.9696 0.4463 
2.1166 2.0054 1.8649 1.4646 0.9713 1.5981 1.7502 1.7095 1.4681 1.3601 0.9658 1.1738 1.0709 1.0790 0.9294 1.0597 0.7736 1.0157 0.8406 0.9408 0.8751 0.9527 0.6934 1.0288 1.0837 1.2473 1.2159 0.9879 0.2538 0.6046 0.8334 0.6724 0.1652 
2.7248 2.2726 2.0152 1.7224 1.4723 1.4452 1.3070 0.7480 0.9401 1.1776 1.2867 1.5610 1.6403 1.4811 1.2786 1.1000 0.4781 1.0654 1.1783 1.3665 1.4426 1.3525 1.0168 0.8587 0.5355 0.2558 0.7802 0.8347 0.7655 0.8660 0.9827 0.8809 0.8009 
2.6535 2.1854 1.9435 1.5941 1.3569 1.4845 1.4717 1.5626 1.1112 0.7961 1.1885 1.6026 0.9039 0.3506 0.8363 1.0236 0.8088 0.9675 0.7614 0.2183 0.7446 1.3773 0.9174 0.4690 0.7387 1.1095 0.9463 0.8688 0.6212 0.7490 0.8893 0.8246 0.7494 
2.2862 0.4705 0.8599 1.1114 1.5869 1.6216 1.0725 1.4806 1.1998 1.3798 0.6427 1.1789 1.0248 1.3628 1.3931 1.3129 0.7383 1.2568 1.3129 1.2090 0.8288 0.9642 0.3612 1.0523 0.8174 1.0471 0.5457 1.0100 0.8682 0.2444 -0.1034 -0.3286 0.3275 
2.1847 1.6832 0.7818 1.4321 1.4770 1.4639 1.3968 1.4798 1.2364 0.1067 1.1670 1.2274 1.0699 0.6143 1.2728 0.5306 1.2793 0.4693 1.1757 0.4849 0.8707 1.0227 0.8848 -0.2570 0.8427 1.0471 0.8637 0.8506 0.7694 0.5926 -0.2700 0.3188 0.2549 
1.9432 1.5558 1.3523 0.8801 0.9989 1.4610 1.3094 1.1189 1.1152 0.8375 0.9409 1.3587 0.8671 1.4744 1.3717 1.2763 1.4156 1.2235 1.2771 1.3605 0.7084 1.1155 0.6683 0.5047 0.7414 0.6660 0.7788 0.8513 0.2802 0.0452 0.2673 0.2248 -0.0734 
2.0053 1.7569 1.2106 1.4284 1.7873 1.7343 1.5337 1.0009 1.4364 1.5679 1.1976 1.2542 1.1331 0.8842 0.8016 1.2395 1.1427 1.1886 0.7357 0.7662 0.9541 1.0457 0.9189 1.2303 1.0624 0.5258 1.0248 1.1214 1.0848 0.5816 0.1863 0.4429 0.1050 
1.3363 1.2366 1.0497 1.1675 1.0327 0.3036 1.1417 0.8405 0.8745 0.9082 1.0491 -0.1429 0.7625 1.0043 0.8418 1.0281 0.4393 0.9736 0.7623 0.8610 0.5656 -0.4138 0.7659 0.5711 0.4939 0.4090 0.6048 -0.2419 0.2903 0.3041 0.0451 -0.0975 -0.8019 
1.3340 1.6049 1.0630 1.1443 1.1939 1.3737 1.0398 1.1690 1.1159 1.2773 0.7181 0.6239 1.1271 0.5435 1.0745 1.1056 0.4080 1.0694 0.9877 0.4296 0.9495 0.4226 0.4363 0.9399 0.7432 0.7358 0.4943 0.7590 0.4949 0.2946 0.0185 0.2616 -0.7421 
1.8064 1.0553 1.4666 0.8247 0.8649 1.2473 1.0741 1.0022 0.1655 0.9596 0.9409 0.8742 -0.0299 0.6255 1.0810 0.5835 0.3201 0.5518 0.9963 0.4922 -0.1604 0.6638 0.6694 0.6204 -0.2280 0.5366 0.5378 0.6336 0.1666 -0.0469 0.4598 -0.1770 -0.1163 
1.9999 1.7948 1.4693 0.1691 1.3073 1.4085 1.3355 1.3757 1.5306 1.3777 0.9647 1.5383 1.5992 1.5281 1.1449 1.1531 1.2738 1.1131 1.0678 1.4042 1.4146 1.3339 0.7026 1.0510 1.1432 0.9058 0.7903 0.7961 0.5743 -0.7548 0.4502 0.4776 0.0633 
2.1421 1.9901 1.4814 1.2297 0.9603 1.4417 1.7108 1.3912 1.3326 1.6415 1.5563 1.1410 0.2692 1.0795 1.4028 1.4779 1.4794 1.4359 1.3284 0.9401 0.1157 0.9074 1.2849 1.3020 0.9258 0.9213 1.1738 0.8327 0.2362 0.4103 0.4582 0.6499 0.2176 
2.6442 1.8551 1.0330 1.3620 0.8393 1.6354 1.6262 1.4332 1.2286 0.9844 1.2433 0.9275 1.2330 1.2478 1.3237 1.2385 1.0063 1.1877 1.2155 1.1172 1.0690 0.7131 0.9750 0.6516 0.8408 0.9900 1.0890 1.0210 0.1603 0.4869 -0.0533 0.5123 0.7427 
1.6906 1.4656 0.7763 1.7065 1.1381 1.4653 1.0892 0.6030 1.1521 1.0750 1.3369 1.2668 1.1313 1.1159 1.0408 1.3301 0.3336 1.2727 0.9304 0.9918 0.9565 1.0529 1.0560 0.7469 0.7737 0.1585 0.5443 0.8494 0.4548 0.8577 -0.1190 0.1967 -0.3555 
2.4426 2.1161 1.6056 1.5645 1.4841 1.4254 1.0866 1.2375 1.2451 0.9658 0.9520 1.0790 1.0318 0.9524 1.1305 0.6251 1.1859 0.5712 1.0571 0.8150 0.8314 0.8453 0.6791 0.6217 0.8543 0.7872 0.5522 0.8102 0.7780 0.7357 0.5599 0.7858 0.5331 
1.8072 1.6179 1.8630 1.7655 1.7646 1.6753 0.8317 1.4298 1.6742 1.4248 1.1784 1.4059 0.6441 1.3910 1.2688 1.1559 0.1848 1.1138 1.1731 1.2528 0.4810 1.1720 0.9040 1.0962 1.2733 0.9847 0.2799 1.0600 1.0633 0.9208 0.8435 0.3034 -0.0969 
1.2610 1.3472 1.0185 1.2228 0.9783 1.3640 1.2126 1.1783 1.3558 1.1146 1.4486 1.3689 1.0510 1.1023 0.8556 0.5266 1.1727 0.4865 0.7750 0.9683 0.8504 1.1282 1.1703 0.7910 0.9498 0.7483 0.7052 0.7501 0.2509 0.3904 -0.0580 -0.0002 -0.8753 
1.7216 1.5440 1.7572 1.6768 1.6082 1.6968 1.2566 1.1505 1.0431 1.0665 1.0897 0.8823 1.1220 0.7733 1.0875 1.4036 0.8920 1.3692 1.0092 0.6303 0.9436 0.6650 0.8098 0.7406 0.6325 0.7130 0.7411 1.0824 0.8752 0.8166 0.7536 0.2111 -0.1873 
1.9704 1.5861 1.3580 1.1349 1.4176 1.3614 1.3384 0.8783 1.0418 1.4001 1.5696 0.9327 1.3495 1.4287 0.8775 0.8492 0.8406 0.8108 0.8008 1.3059 1.1495 0.7163 1.2993 1.0757 0.6274 0.4365 0.7939 0.7469 0.7224 0.2931 0.3294 0.2740 0.0734 
2.1347 1.3284 1.8744 1.4580 1.4129 0.8908 0.8896 1.3593 1.2589 1.4466 1.4421 1.4909 1.4855 1.4838 0.9878 0.8648 0.7501 0.8216 0.8817 1.3712 1.3311 1.2789 1.1634 1.1163 0.8652 0.8778 0.3715 0.2815 0.7053 0.6158 0.8443 -0.0882 0.2266 
2.0069 1.8832 1.6966 1.5491 0.4612 1.2938 1.5045 1.7020 1.6117 1.3747 1.1018 0.6238 1.1337 1.3840 1.2994 1.2165 1.3731 1.1739 1.1942 1.2423 0.9605 0.4195 0.8195 1.0486 1.2022 1.2399 0.9985 0.6914 -0.3639 0.7258 0.6736 0.5584 0.1202 
1.9999 1.3835 1.3651 1.0127 1.0695 1.1964 1.3338 0.6583 1.1003 0.8937 0.4428 0.4165 0.9205 0.6497 0.7629 0.7446 -0.5361 0.6916 0.6679 0.5215 0.7566 0.1619 0.1523 0.5660 0.7212 0.1848 0.7940 0.5865 0.3606 0.1652 0.3636 0.0786 -0.0037 
2.0670 1.6692 1.2377 1.4975 1.1249 0.9136 1.3789 1.4412 1.2353 0.9759 1.1705 0.8331 0.8891 0.8638 1.2765 1.1611 1.0195 1.1191 1.1774 0.7473 0.7396 0.6002 0.8856 0.6394 0.8449 0.9962 0.8420 0.2924 0.4221 0.6699 0.2300 0.3579 0.1840 
1.6446 1.2546 0.8641 0.6400 1.0998 0.8223 0.8227 0.4857 0.9242 0.2020 0.8036 1.1046 0.9362 0.5604 0.7216 0.9990 0.2745 0.9443 0.6119 0.4440 0.7674 0.8689 0.5254 -0.1248 0.5348 0.0373 0.2871 0.2057 0.3982 -0.1962 -0.1498 -0.0769 -0.2562 
2.5034 1.8046 1.3749 1.0888 0.9848 1.1722 1.4381 1.3133 1.4328 1.1228 1.4086 1.1830 1.1316 1.0986 0.8994 1.0865 0.9417 1.0553 0.8214 0.9713 0.9576 0.9708 1.1267 0.7930 1.0554 0.8378 0.9029 0.5444 0.2397 0.2148 0.3071 0.4395 0.5650 
2.3492 2.0815 1.8124 1.5048 1.3582 1.3513 1.3589 1.1494 0.9438 1.4580 1.4060 0.9589 1.5501 1.2956 1.1375 1.4350 0.6430 1.3976 1.0613 1.1541 1.3823 0.7464 1.1244 1.1290 0.5471 0.7111 0.8142 0.7368 0.6305 0.6644 0.7974 0.7604 0.4571 
2.0810 1.7635 0.8947 1.5739 1.6069 1.1404 1.0891 1.4584 1.3319 0.9777 0.8987 1.3649 1.1231 1.1406 1.1069 1.1446 1.0914 1.1043 1.0389 1.0262 0.9421 1.1237 0.6326 0.6362 0.9194 1.0220 0.5570 0.5212 0.8716 0.7456 -0.1292 0.4390 0.1716 
1.3432 1.3511 0.9308 1.3163 0.4331 0.8683 1.1184 0.6955 0.9566 0.7017 1.1876 1.1916 1.2613 0.8675 1.0072 0.1852 -0.0543 0.1578 0.8989 0.7504 1.0879 0.9773 0.9163 0.3616 0.5591 0.2215 0.5832 0.2508 -0.3238 0.4677 -0.1084 0.0091 -0.5892 
1.8993 1.6170 1.7303 1.7029 1.6700 1.6624 1.6338 0.9443 1.5151 1.3319 0.8994 1.3139 1.0497 1.2411 1.0160 1.2997 1.0702 1.2441 0.9093 1.1118 0.8493 1.0805 0.6304 0.9925 1.1304 0.4981 1.0918 1.0488 0.9345 0.8478 0.7304 0.2459 -0.0620 
2.2255 1.6289 1.4427 1.4194 1.3132 1.2410 1.3431 1.0065 0.6133 1.3454 0.8249 0.7312 1.3371 1.3368 1.4796 1.1777 1.2522 1.1393 1.3996 1.1782 1.1393 0.4857 0.5439 1.0050 0.2370 0.5337 0.7976 0.6257 0.5781 0.5748 0.4432 0.2383 0.2660 
0.9661 1.4158 1.6766 1.0916 1.4416 1.3224 1.4425 1.5412 1.2401 1.3780 1.3638 1.4087 1.5817 1.4042 1.3386 1.1485 0.7781 1.1073 1.2286 1.2694 1.4030 1.1759 1.0776 1.0539 0.8505 1.0940 0.9147 0.7031 0.7490 0.2628 0.6498 0.1362 -0.6797 
1.9142 1.8294 1.6122 1.3635 1.6407 1.6267 1.3811 1.4855 1.5319 1.4204 1.3558 1.4190 1.0446 1.1274 0.9790 0.3925 0.7824 0.3389 0.8773 1.0077 0.8442 1.1813 1.0695 1.0921 1.1443 1.0541 0.8408 1.0140 0.8996 0.5049 0.5636 0.5036 -0.0737 
1.0314 1.3135 0.4828 1.1066 0.8543 1.1830 1.1157 1.2808 0.8034 0.7653 1.1822 0.9819 0.3707 0.8300 0.7219 0.6313 0.5799 0.5806 0.6115 0.7167 0.1919 0.7613 0.9067 0.4416 0.4371 0.8199 0.5697 0.5763 0.1528 0.2460 -0.4460 -0.0039 -1.2305 
2.0947 1.4639 1.4735 1.3267 0.9807 1.4355 1.4938 1.3234 1.4144 1.4359 1.2732 1.1775 1.1369 1.2694 0.8503 1.0552 1.1845 1.0065 0.7739 1.1325 0.9629 0.9603 1.0045 1.1063 1.0427 0.8543 0.9775 0.8293 0.2548 0.4587 0.4692 0.1650 0.1794 
2.5487 2.2505 1.2980 1.6668 1.5994 1.1023 1.3553 1.4849 1.4162 0.8508 1.3825 0.7481 0.9972 1.1107 1.0670 1.0985 1.2216 1.0638 0.9756 0.9822 0.8104 0.5048 1.0994 0.5198 1.0431 1.0539 0.8107 0.4870 0.8678 0.8104 0.2406 0.8888 0.6358 
2.0683 1.6537 1.4565 1.6252 1.5834 1.1787 1.7080 1.4919 1.6144 1.3806 1.5856 1.1097 1.4208 1.3209 1.2348 0.6569 0.8424 0.6023 1.1481 1.1714 1.2387 0.8735 1.3154 1.0576 1.2045 1.0588 1.1729 0.5609 0.8603 0.7767 0.4501 0.2700 0.1702 
1.3684 0.1813 0.3579 0.7900 1.2494 1.1818 1.0805 1.1931 1.1934 0.8658 0.5516 1.0447 0.9147 0.8045 1.0415 0.9268 0.2702 0.8766 0.9308 0.6805 0.7533 0.8002 0.2750 0.5335 0.8118 0.7583 0.5427 0.5662 0.5384 -0.0723 -0.6492 -0.9393 -0.5934 
2.6396 2.1352 1.7781 1.7120 1.5651 1.3910 1.4043 1.1915 1.1786 1.3389 1.2527 1.2456 1.0447 0.8838 1.2721 0.8663 0.7367 0.8259 1.1748 0.7699 0.8443 1.0399 0.9837 0.9986 0.7978 0.7583 0.8667 0.7770 0.8463 0.8569 0.7577 0.7825 0.7298 
1.5125 1.6703 1.7144 1.1767 1.6443 1.4503 1.4538 1.4594 1.8447 1.3924 1.5232 1.2070 1.3947 1.4223 1.4972 1.2611 0.2686 1.2073 1.4196 1.2982 1.2039 0.9951 1.2525 1.0615 1.4565 1.0293 0.9213 0.8387 0.9052 0.3429 0.7001 0.3559 -0.3536 
1.3970 1.9833 1.7568 1.4179 1.4394 1.4864 1.1036 1.3531 1.7226 1.6580 1.5041 1.2549 1.1512 1.1118 0.6792 1.2193 0.1303 1.1760 0.5791 0.9808 0.9810 1.0440 1.2315 1.3206 1.3507 0.8710 0.5624 0.8718 0.7398 0.5587 0.7416 0.6704 -0.3695 
1.0663 1.7844 1.6702 1.5575 0.7530 1.1502 1.3906 1.6585 1.1775 1.6343 1.3565 1.3210 1.4106 0.7344 0.7769 1.1590 1.0879 1.1191 0.7006 0.5815 1.2226 1.0868 1.0722 1.2971 0.7962 1.1759 0.8534 0.5321 -0.0114 0.7307 0.6202 0.4752 -1.5797 
2.2909 1.6038 1.4426 0.9655 1.0516 1.2248 0.8802 1.2791 0.9150 0.9845 1.1509 1.2517 1.0071 1.0922 1.4095 1.4086 1.4984 1.3750 1.3360 0.9638 0.8174 1.0431 0.8700 0.6437 0.5244 0.8180 0.3687 0.6136 0.3342 0.1223 0.4502 0.3106 0.3682 
2.2117 1.9133 1.5840 1.3220 0.7852 1.0893 1.0967 1.1809 1.3512 1.2271 1.4032 1.1248 1.0217 1.0942 1.3289 1.1559 1.3607 1.1154 1.2202 0.9608 0.8236 0.8892 1.1224 0.8909 0.9404 0.7510 0.5588 0.4772 0.0728 0.4683 0.5500 0.5629 0.2947 
2.5293 1.6082 2.2781 1.9430 1.7724 1.5781 1.4616 0.9137 1.5106 1.0630 0.6657 1.4457 1.4035 1.3782 1.2232 1.3120 1.4046 1.2612 1.1395 1.2287 1.2146 1.2164 0.4214 0.7374 1.1257 0.4820 0.9331 0.9566 1.0757 1.0839 1.2412 0.2087 0.6505 
2.3494 1.6094 1.4255 1.3851 1.2749 1.2191 1.2249 1.3640 1.4786 1.3520 1.4327 1.0359 0.8587 1.2309 0.9447 1.1864 1.0446 1.1513 0.8536 1.1036 0.6933 0.7914 1.1541 1.0173 1.0937 0.8838 0.7251 0.6007 0.5546 0.5417 0.4422 0.2990 0.4449 
2.2657 2.2435 2.0998 1.7921 1.1534 1.5464 1.4464 1.5864 1.0725 1.1486 1.3521 0.9362 1.3634 0.6596 1.4389 1.2731 0.6885 1.2187 1.3669 0.5072 1.1694 0.7209 1.0667 0.8208 0.6709 1.1249 0.9178 0.9333 0.4555 0.9541 1.0873 0.9044 0.3147 
2.2486 1.8427 1.7493 1.1554 0.6897 1.2565 1.4712 1.2188 1.4526 1.7463 1.3873 1.8372 1.5118 1.1393 0.7290 1.2762 1.0834 1.2241 0.6233 1.0246 1.3572 1.6306 1.0964 1.4185 1.0754 0.7780 0.9435 0.6429 -0.0507 0.3007 0.7444 0.5112 0.3247 
1.0790 1.5322 1.6728 1.2877 1.2759 1.3724 1.6002 1.3847 1.4067 1.3010 1.1162 1.1279 1.0587 1.3601 0.8970 0.9013 0.5580 0.8626 0.8142 1.2044 0.8644 0.8949 0.8341 0.9616 1.0331 0.9144 1.0733 0.7601 0.5566 0.4462 0.6298 0.2267 -0.6656 
1.8885 1.7917 1.3924 1.3957 1.5625 1.2760 1.2614 1.1873 1.1978 1.4677 1.0872 1.0706 1.1695 1.2943 0.6730 1.4105 1.5307 1.3767 0.5750 1.1529 1.0054 0.8309 0.7989 1.1365 0.8178 0.7552 0.7463 0.6597 0.8466 0.5506 0.3586 0.4713 -0.0644 
1.7825 1.6449 1.4199 1.6360 0.5370 1.1541 1.4253 1.3222 1.4390 1.6524 1.6102 1.5351 1.3607 0.7425 1.0162 0.8767 -0.2615 0.8398 0.9086 0.5852 1.1628 1.3279 1.3437 1.3120 1.0631 0.8496 0.8873 0.5490 -0.1688 0.7774 0.4291 0.2973 -0.0585 
2.3690 2.1088 2.0796 1.7780 1.6284 1.6938 1.7239 0.9103 1.0976 1.8239 1.9710 1.7375 1.7896 1.7111 1.3814 1.1245 0.6528 1.0860 1.2932 1.5771 1.6312 1.5054 1.6849 1.4916 0.7220 0.4718 1.1835 1.0808 0.8872 0.9259 1.0684 0.8021 0.4831 
2.7267 3.3956 3.0786 2.8676 2.7088 2.5837 2.4847 2.4157 2.4272 2.3612 2.3429 2.4049 2.2170 2.2447 2.2303 2.2333 2.1427 2.1780 2.1237 2.0937 2.0324 2.1862 2.0625 2.0323 2.0445 1.9826 1.9725 1.9699 2.0031 2.0092 2.0489 2.0798 1.0762 
2.6708 3.5861 3.5981 3.3667 3.2461 3.1698 3.0365 3.0341 2.9626 2.8987 2.8756 2.8532 2.7904 2.7384 2.7059 2.6845 2.6519 2.6445 2.6254 2.6200 2.6184 2.6196 2.5936 2.5717 2.5888 2.5992 2.5267 2.5576 2.5396 2.5415 2.5910 2.2913 1.0147 
2.2260 3.9377 3.2638 2.8542 2.6085 2.6395 2.7125 2.5161 2.0855 2.5240 2.3142 2.3016 2.1730 1.9264 1.4646 1.8458 1.8847 1.7971 1.3896 1.7816 2.0025 2.0652 2.0332 2.1870 1.7033 2.0548 2.1945 2.0286 1.8924 2.0081 2.2351 2.6313 1.1439 
3.8858 4.1974 3.9048 3.5924 3.3698 3.2788 3.2615 3.2610 3.2941 3.2294 3.1369 3.0787 2.9553 2.9167 2.8904 2.8842 2.8552 2.8268 2.7830 2.7717 2.7722 2.8731 2.8683 2.9034 2.9151 2.8077 2.7235 2.6657 2.6589 2.7389 2.8913 2.8945 1.8119 
3.2950 3.8862 4.0132 3.7337 3.5753 3.4758 3.2730 3.2285 3.2517 3.3101 3.2260 3.0226 3.1396 3.1316 3.0638 3.0099 2.9845 2.9680 2.9803 2.9910 2.9542 2.8090 2.9430 2.9793 2.8812 2.7605 2.7393 2.8628 2.8824 2.9024 2.9933 2.5841 1.0582 
3.9825 4.3123 3.8261 3.5439 3.2370 3.2629 3.3223 3.2014 2.9752 2.4897 2.3204 2.4640 2.3666 2.3329 2.3793 2.4019 2.3927 2.3613 2.3026 2.2038 2.1931 2.2595 2.0404 2.1500 2.5980 2.7189 2.7979 2.6509 2.5234 2.6882 2.7663 2.9957 2.1267 
4.0232 4.1952 4.0759 3.7836 3.5907 3.5068 3.2981 3.3046 3.3199 3.3071 3.2138 3.2063 3.1351 3.0797 3.0408 3.0213 3.0111 2.9847 2.9617 2.9521 2.9506 2.9646 2.9302 2.9764 2.9367 2.8716 2.7660 2.8942 2.8942 2.9306 3.0256 2.8950 2.0048 
3.6480 4.1565 3.7044 3.1591 2.9135 2.1869 2.9567 2.9504 2.5168 2.1855 2.2738 2.3101 2.4600 2.2614 2.2097 2.1949 2.0576 2.1430 2.1063 2.1010 2.2951 2.0690 1.9864 1.8315 2.1193 2.4970 2.4157 1.5584 2.1920 2.3045 2.6584 2.8438 1.9881 
4.0226 3.9535 3.6236 3.3519 3.2511 3.1183 3.1983 3.0222 2.8949 2.9508 2.8850 2.8478 2.8144 2.7693 2.7337 2.7127 2.6897 2.6749 2.6545 2.6424 2.6345 2.6163 2.5992 2.6232 2.4889 2.5909 2.6532 2.5054 2.5474 2.5242 2.6036 2.6384 2.0703 
4.1200 4.1446 3.4232 2.9605 2.8208 2.7690 2.7598 2.4538 2.5796 2.5102 2.4408 2.4582 2.3256 2.3074 2.3425 2.2935 2.2847 2.2557 2.2733 2.1661 2.1364 2.2511 2.1685 2.1714 2.1674 2.0093 2.2501 2.1544 2.0940 2.0985 2.3660 2.8184 2.2338 
3.9540 3.6232 3.6669 3.5088 3.3618 3.2801 3.1914 3.1003 3.0190 2.9865 2.9570 2.9093 2.8718 2.8671 2.8225 2.7845 2.7782 2.7339 2.7194 2.7117 2.6738 2.6700 2.6772 2.6567 2.6382 2.6463 2.6433 2.6680 2.6556 2.6507 2.6581 2.3059 2.0873 
4.1791 4.2358 3.7371 3.2364 3.0099 2.9276 2.7498 2.7802 2.7343 2.7036 2.6473 2.6441 2.6137 2.5924 2.5408 2.4670 2.4588 2.4172 2.4335 2.4384 2.4179 2.4071 2.3669 2.3717 2.3520 2.3294 2.2393 2.3125 2.3038 2.3709 2.6932 2.9233 2.2870 
3.9606 3.8228 3.6785 3.5595 3.3472 3.2719 3.1266 3.0929 3.0198 2.9872 2.9463 2.9261 2.8920 2.8392 2.8052 2.7751 2.7523 2.7253 2.7100 2.6946 2.6936 2.6905 2.6656 2.6572 2.6394 2.6415 2.6034 2.6594 2.6444 2.7092 2.6738 2.4860 2.1211 
4.2741 4.4103 3.9471 3.5725 3.3029 3.2493 3.2353 3.1813 3.0287 2.9478 2.9312 2.9085 2.8464 2.7949 2.7419 2.7249 2.7141 2.6882 2.6611 2.6611 2.6558 2.6688 2.6490 2.6197 2.6479 2.7040 2.6986 2.6355 2.5997 2.7142 2.9270 3.0648 2.3442 
3.9103 3.6258 3.9164 3.6655 3.5182 3.4037 3.2935 3.4046 3.2836 3.2072 3.0847 3.0982 3.0311 2.9962 2.9688 2.9524 2.9387 2.9166 2.8973 2.8860 2.8821 2.8901 2.8139 2.8808 2.9058 2.9523 2.7650 2.7927 2.7933 2.8390 2.9160 2.3086 2.0946 
4.2659 4.4640 3.8871 3.5399 3.1550 2.9213 2.9868 3.0408 2.3842 2.2521 2.6203 2.5382 2.5570 2.3643 2.1301 1.8664 1.8159 1.8150 2.0454 2.2420 2.3569 2.3052 2.3346 1.9275 2.0007 2.6020 2.4518 2.3021 2.4070 2.6764 2.8578 3.1498 2.3876 
3.8724 3.8256 4.1240 3.9370 3.7372 3.6297 3.5410 3.3316 3.2971 3.2884 3.2845 3.3253 3.2694 3.2737 3.1965 3.1746 3.1536 3.1181 3.0886 3.1527 3.0897 3.1058 3.0072 2.9598 2.9179 2.8993 3.0039 3.0160 3.0149 3.0984 3.0855 2.5276 2.0039 
4.2218 4.4894 4.0877 3.8141 3.7168 3.6131 3.5307 3.4315 3.3711 3.2980 3.2852 3.2435 3.2198 3.1257 3.0798 3.0430 3.0215 3.0052 2.9931 2.9859 3.0217 3.0100 3.0065 2.9675 2.9843 2.9696 2.9904 2.9988 2.9967 2.9501 3.0322 3.1870 2.2624 
3.3615 4.1486 3.6503 3.1836 1.5916 2.5924 2.2890 2.9196 2.5087 2.4834 2.5891 2.5892 2.3797 2.5576 2.3733 2.1833 2.2585 2.1318 2.2987 2.4022 2.2170 2.3551 2.2978 2.1450 2.1032 2.4588 1.7599 2.0005 1.1780 2.3062 2.6568 2.8332 0.9643 
4.0191 4.1530 3.8721 3.4584 3.4478 3.3085 3.2151 3.1960 3.1569 3.0493 3.0105 3.0125 2.9409 2.8914 2.9150 2.9439 2.6721 2.9083 2.8263 2.7320 2.7529 2.7874 2.7261 2.7160 2.7476 2.7136 2.6743 2.6954 2.7148 2.6159 2.8512 2.8410 2.1913 
3.8467 4.3477 4.1553 3.9627 3.6241 3.5474 3.3102 3.2496 3.3661 3.2626 3.0877 3.1277 3.1638 3.1108 3.0836 2.9830 2.9896 2.9437 2.9962 2.9746 2.9702 2.9070 2.8162 2.9337 2.9797 2.7910 2.7794 2.9326 2.9169 3.1273 3.1242 3.0199 2.1310 
4.0152 3.7377 4.0573 3.8421 3.6178 3.5345 3.4837 3.4961 3.2898 3.2588 3.3090 3.1835 3.1235 3.0347 3.0935 3.0486 3.0209 3.0102 3.0046 2.9193 2.9427 2.9404 3.0243 2.9312 2.9121 3.0158 2.9423 2.9223 2.9146 2.9949 3.0200 2.4320 2.1200 
3.2035 3.8917 3.3825 3.3706 3.0643 3.0155 2.9272 3.1901 2.6697 1.9889 3.0954 2.9264 2.5802 2.4219 2.4630 2.4262 2.3012 2.3888 2.3761 2.3064 2.3794 2.6891 2.8257 1.6393 2.2910 2.7097 2.3903 2.4015 2.3518 2.5340 2.3829 2.5856 0.9998 
3.3204 4.2085 4.1420 3.8284 3.2671 3.2168 2.7612 3.3740 3.2532 3.0055 2.6740 2.8861 2.8758 2.9037 2.5728 2.6676 2.7024 2.6297 2.4605 2.7516 2.6769 2.6408 2.3972 2.6725 2.8792 2.9297 2.2681 2.6020 2.5698 2.9660 3.1058 2.9074 0.6160 
3.8512 3.6524 4.0148 3.1962 2.9514 2.9066 2.6466 3.2959 2.9459 2.9025 2.7997 2.7236 2.7147 2.6357 2.6425 2.5642 2.4281 2.5066 2.5706 2.5038 2.5621 2.5088 2.5344 2.5785 2.5734 2.8570 2.1160 2.3017 2.2534 2.3721 2.9887 2.3700 1.9791 
3.5822 3.5845 3.6524 3.2661 3.0456 3.0117 3.0139 2.8433 2.6692 2.8101 2.4478 2.8031 2.5485 2.4177 2.6906 2.6269 2.3072 2.5922 2.6138 2.3022 2.3556 2.5891 2.1795 2.4722 2.2905 2.3724 2.4857 2.3948 2.3322 2.4129 2.6391 2.2959 1.7085 
3.8365 4.1152 4.0962 3.9418 3.5503 3.5100 3.5929 3.5335 3.3566 3.1465 3.0711 3.0590 2.9782 2.9711 2.8750 2.9124 2.8679 2.8778 2.7641 2.8524 2.8026 2.8506 2.8002 2.8069 2.9720 3.0637 3.0603 2.8974 2.8372 3.1016 3.0467 2.7767 2.0374 
3.6588 3.5773 4.1176 3.3023 2.1343 1.9147 3.2772 3.1537 2.8322 2.4558 2.6612 2.3674 2.3102 2.5210 2.3044 2.3889 2.2521 2.3471 2.2125 2.3808 2.1129 2.1357 2.3809 2.1260 2.4264 2.6831 2.7444 1.3712 1.3553 2.4370 3.0717 2.2924 1.8547 
3.7954 3.3885 3.5794 3.1600 2.8106 2.6847 3.0155 2.6431 2.3272 2.4018 2.5373 1.8126 1.9895 1.9705 2.0729 0.4416 1.9072 0.4391 1.9946 1.8064 1.7827 1.6159 2.2612 2.0841 1.9282 2.1995 2.4872 2.0582 2.0702 2.3099 2.5749 2.0803 1.9145 
3.1557 4.1337 4.0521 3.8479 3.3520 3.3568 3.5851 3.5957 3.2649 2.6731 2.6522 2.8162 2.4596 2.6143 2.8421 2.7460 2.7119 2.7071 2.7358 2.4729 2.2955 2.5973 2.3729 2.3425 2.8905 3.1526 3.0511 2.7455 2.6410 2.9905 3.0148 2.8088 1.6880 
3.5825 3.4284 3.7560 3.6659 3.4211 3.2801 3.4529 2.9448 2.5053 2.8114 2.5644 2.6254 2.5678 2.2433 2.5823 2.5891 2.5975 2.5446 2.4756 2.0921 2.3665 2.3898 2.2793 2.4827 2.0988 2.4742 2.9205 2.6691 2.7036 2.8540 2.7096 2.1419 1.7382 
3.8439 4.1195 3.4953 3.5420 3.4334 3.3495 3.1513 3.0196 3.1141 3.0804 2.9112 2.9032 2.8504 2.8985 2.8397 2.7777 2.7664 2.7275 2.7338 2.7440 2.6593 2.6621 2.6258 2.7450 2.7132 2.5903 2.6151 2.7366 2.7101 2.6902 2.4272 2.7792 1.8474 
2.9092 3.5617 3.8891 3.5135 3.2107 3.1252 3.3151 2.6472 2.8972 3.0113 2.9178 2.8192 2.6512 2.7099 2.4873 2.4683 2.4076 2.4181 2.3969 2.5950 2.4699 2.6003 2.6329 2.6836 2.4909 2.1894 2.7900 2.5078 2.4757 2.6420 2.8924 2.2699 0.2861 
2.5912 4.0927 3.8977 3.7481 3.5244 3.3445 3.5626 3.3173 3.2156 3.0859 3.1774 3.0532 2.9957 3.0592 3.0184 2.9868 2.9641 2.9473 2.9403 2.9371 2.8263 2.8445 2.8975 2.7489 2.8177 2.8838 3.0226 2.7315 2.7983 2.9091 2.8902 2.7619 1.2945 
2.8556 3.7413 4.0174 3.3958 3.0224 3.0194 2.9755 2.8003 2.7869 2.9337 2.2817 2.4815 2.0601 2.8734 2.5136 2.4600 2.4167 2.4103 2.4088 2.7148 1.8967 2.2772 1.9988 2.6046 2.3979 2.3455 2.4474 2.4033 2.3167 2.5481 2.9935 2.4354 0.5291 
3.6654 4.0002 3.6092 3.5129 3.2250 3.3257 3.1822 3.1603 3.0508 2.9699 2.9120 2.9068 2.8478 2.8107 2.7834 2.7421 2.7024 2.7035 2.6952 2.6730 2.6573 2.6668 2.6292 2.6409 2.6670 2.6901 2.6368 2.7128 2.5069 2.6490 2.5994 2.6797 1.6672 
3.2920 3.6646 3.1971 3.3906 3.1923 2.9033 3.0522 2.9782 2.8494 2.7938 2.6690 2.6822 2.6357 2.6458 2.6006 2.6235 2.5986 2.5902 2.5054 2.5197 2.4480 2.4534 2.3904 2.4553 2.4401 2.5332 2.5476 2.2894 2.4524 2.5695 2.1588 2.3597 1.3886 
2.7813 3.5346 3.2826 2.9893 2.9013 2.8849 2.8252 2.3727 2.3417 2.3611 2.3807 2.3746 2.3605 2.2362 2.1391 2.1652 2.0686 2.1152 2.0559 2.0873 2.1842 2.1443 2.0984 2.0315 1.9701 1.9275 2.2979 2.2715 2.1713 2.1357 2.2834 2.2301 0.8535 
2.8017 3.5546 3.3117 3.0153 2.9233 2.7230 2.7490 2.6514 2.5933 2.5300 2.4172 2.3958 2.4091 2.3885 2.3561 2.3285 2.2859 2.2937 2.2843 2.2762 2.2591 2.1695 2.1433 2.1915 2.1906 2.1996 2.2405 2.1093 2.2064 2.1719 2.2981 2.2577 0.7501 
2.5866 3.4771 3.0932 2.8062 2.4716 2.2911 2.6248 2.4435 2.4647 2.3175 2.2784 2.2817 2.1594 2.2164 2.1317 2.1040 2.1002 2.0676 2.0504 2.0738 1.9933 2.0393 1.9923 1.9916 2.0745 2.0012 2.0913 1.6770 1.7541 1.9730 2.0627 2.1467 0.5646 
1.6640 3.2740 3.0319 2.6033 2.3358 1.7660 2.2765 2.3822 2.2991 2.1042 2.0952 2.0464 2.0904 2.1145 2.0141 1.9674 1.8577 1.9146 1.9356 1.9987 1.9273 1.8115 1.8154 1.7787 1.9064 1.9467 1.7338 1.1665 1.6307 1.7370 2.0173 1.9786 0.3257 
3.0286 2.9288 2.2488 2.6787 2.4766 2.2952 2.1277 2.0155 1.7354 1.5953 1.2479 1.3576 1.6763 1.4402 1.4656 1.5671 1.6021 1.5150 1.3890 1.3274 1.4806 1.1147 0.9766 1.2547 1.3570 1.5538 1.6192 1.6772 1.7615 1.8305 1.2576 1.6394 1.1499 
2.2805 2.7317 2.5792 1.9318 2.3245 2.4577 1.8034 1.6255 0.0267 1.6106 1.4538 1.6300 1.2500 1.0982 1.1355 1.1165 0.8380 1.0806 1.0629 0.9630 1.0815 1.3927 1.1740 1.2730 -0.3718 1.1540 1.2798 1.8444 1.6222 1.0817 1.5210 1.4219 0.1000 
2.4981 2.5941 2.3276 1.0190 1.3743 2.1892 1.6349 1.4588 1.5171 1.2162 1.4690 1.0048 1.6008 1.2808 1.1912 1.1003 0.5406 1.0665 1.1130 1.1419 1.4163 0.7693 1.1839 0.8792 1.1320 1.0165 1.0940 1.5764 0.6618 0.1125 1.3000 1.2661 0.6925 
2.7711 2.3190 1.9023 1.7190 0.9958 1.9698 1.4196 1.6394 0.7513 1.3730 0.2532 0.9101 1.3914 1.3822 1.1486 0.4904 0.6742 0.4581 1.0705 1.2391 1.2001 0.7000 0.0004 1.0458 0.3737 1.1617 0.8800 1.3569 0.2828 0.8658 0.8785 1.0041 0.8800 
3.1148 2.5760 2.1462 2.0458 1.8745 1.7504 1.1928 1.7686 1.6660 1.3810 1.5361 1.5361 1.3398 1.4852 1.4811 1.3404 0.9623 1.2833 1.4018 1.3734 1.1396 1.3297 1.2662 1.0542 1.2587 1.3312 0.6915 1.1366 1.1559 1.1891 1.1314 1.1957 1.2026 
2.0297 2.2536 2.0005 1.8663 1.8892 1.8126 1.4111 1.3171 1.6184 1.1753 1.0881 1.0623 1.2182 1.1253 0.1378 1.3757 1.6613 1.3428 0.0533 1.0042 1.0586 0.8204 0.8073 0.8436 1.2089 0.8501 0.8688 1.1982 1.1689 1.0389 0.9701 0.9130 0.2340 
