2.0752 1.7556 1.7789 1.6601 1.9179 1.7811 1.4023 1.4729 1.6541 1.3644 0.9663 1.1828 1.3403 1.0838 1.2411 1.3545 0.8600 1.3133 1.1499 0.9549 1.1376 0.9738 0.6963 1.0333 1.2423 1.0398 0.8523 1.1607 1.1762 0.7942 0.7615 0.4166 0.1537 
1.6695 2.0004 1.6897 1.7175 1.5558 1.6657 1.5069 1.3530 1.0799 1.2083 0.2490 0.7170 1.1909 0.9787 1.2182 0.7721 0.5354 0.7347 1.1313 0.8327 1.0353 0.4707 -0.0194 0.8684 0.7023 0.8686 0.9930 1.0455 0.8327 0.8525 0.6781 0.6821 -0.1841 
1.6562 1.5331 1.6809 1.4739 0.7954 1.4139 1.3200 1.3229 1.4707 1.1589 1.3375 1.2202 1.0637 1.3525 1.3476 1.2067 0.7652 1.1609 1.2427 1.2002 0.8651 1.0131 1.0487 0.8265 1.0850 0.8457 0.7722 0.7938 0.1045 0.6219 0.6467 0.2134 -0.2596 
2.3234 1.6257 1.4428 1.5656 1.5010 0.9946 1.4378 1.1317 1.5683 1.1282 1.3706 1.4821 1.1479 1.1450 1.3297 1.3409 0.7481 1.2872 1.2174 1.0329 0.9764 1.2663 1.0865 0.7892 1.1630 0.6828 0.9009 0.3928 0.7840 0.7287 0.4220 0.2568 0.4208 
2.3686 1.9476 1.7290 1.8844 1.5737 0.8716 0.8878 1.3213 1.2846 1.6285 1.2260 1.3821 1.1009 1.5508 1.1512 1.5422 1.3557 1.4913 1.0709 1.4170 0.9174 1.1462 0.9483 1.2853 0.8759 0.8405 0.3783 0.2469 0.8413 1.0407 0.7208 0.5476 0.4396 
2.4051 2.1407 1.8175 1.7457 1.3603 1.3964 1.0987 1.5144 1.4703 1.3391 1.0363 1.5034 1.2776 1.1912 0.8860 1.1357 1.1192 1.0949 0.8049 1.0712 1.0892 1.2930 0.7506 0.9969 1.0845 1.0682 0.5484 0.7766 0.6306 0.8816 0.7921 0.7913 0.4746 
1.3453 1.1768 1.3446 1.3652 0.6088 0.9731 1.3658 1.3412 1.3015 0.7175 1.0504 1.4197 0.8968 1.5498 1.0356 0.7511 1.1948 0.7171 0.9255 1.4164 0.7337 1.1836 0.7647 0.3763 0.8839 0.8567 0.8190 0.3708 -0.1104 0.4987 0.2861 -0.1129 -0.6566 
1.9097 1.4772 1.3494 1.3953 1.1637 1.2254 1.0213 1.3262 1.3553 1.3392 1.1811 1.2137 0.8304 1.2342 1.1314 1.0672 1.3184 1.0331 1.0546 1.1026 0.6647 1.0037 0.9027 1.0004 0.9524 0.8456 0.4679 0.6037 0.4551 0.5402 0.3123 0.1315 -0.0973 
1.7817 1.5655 1.5786 1.2405 1.3213 1.1618 0.9437 1.2483 1.1628 1.3407 1.3774 1.2139 1.0347 0.7909 0.9775 1.1070 0.6413 1.0695 0.8720 0.6686 0.8334 1.0038 1.0919 1.0038 0.7808 0.7904 0.4225 0.5397 0.5646 0.4159 0.5410 0.2636 -0.1989 
2.6099 1.9978 1.5786 1.2272 0.7474 1.1976 1.3970 1.4442 1.3983 1.4245 1.2445 1.1561 1.3123 1.1821 1.0913 0.9862 1.0712 0.9329 1.0236 1.0643 1.1164 0.9294 0.9711 1.0918 1.0210 1.0005 0.8517 0.5741 -0.0046 0.3886 0.5258 0.6012 0.6734 
1.9750 1.5894 1.0858 1.4160 1.5519 0.5418 1.4231 1.5840 1.4727 1.1932 1.1750 1.4175 1.3024 0.8238 1.3590 1.1204 0.5533 1.0802 1.2632 0.7166 1.1076 1.1803 0.8996 0.8561 1.0870 1.1167 0.8850 -0.1041 0.8254 0.5557 0.0499 0.2116 -0.0047 
2.3815 1.7501 1.5952 0.2834 1.4039 1.5322 1.3341 1.1533 0.9660 1.2063 1.1083 1.0820 1.0113 0.9317 0.5684 1.4335 1.5222 1.3952 0.4897 0.7956 0.8127 0.8463 0.8234 0.8698 0.5669 0.7194 0.7760 0.9090 0.7074 -0.5547 0.5457 0.4018 0.4557 
2.0049 2.0459 1.5969 1.2039 1.4835 1.6477 1.6668 1.5232 0.8783 1.0760 1.3768 1.1850 1.4013 1.3945 1.3778 1.3810 0.9293 1.3463 1.2934 1.2634 1.2159 0.9747 1.0933 0.7458 0.4882 1.0745 1.1190 1.0298 0.7746 0.3617 0.5396 0.7277 0.0760 
2.6228 2.0519 1.7350 1.4090 1.3297 1.2908 1.2561 1.0874 1.1438 1.1630 0.9440 0.8668 1.1015 0.9733 1.0246 0.8074 0.1711 0.7696 0.9125 0.8277 0.9175 0.6500 0.6732 0.8338 0.7569 0.6233 0.7316 0.6679 0.5745 0.5413 0.7111 0.6836 0.6879 
1.6876 0.8010 1.3858 1.0266 1.1938 1.1068 0.2115 1.0307 0.9465 0.5693 0.8231 0.8972 0.8758 0.5870 0.3082 0.3492 0.0374 0.2958 0.2154 0.4623 0.7218 0.6891 0.5393 0.2359 0.5412 0.5428 -0.3042 0.4867 0.4790 0.1607 0.3632 -0.4650 -0.2609 
2.5719 1.8405 1.2836 1.1428 0.7785 1.2816 1.4722 1.5633 1.3651 0.9842 1.3825 1.4843 1.4287 1.1258 0.5047 1.0042 1.1113 0.9471 0.4302 1.0114 1.2509 1.2697 1.0975 0.6372 0.9647 1.0998 0.9478 0.6677 0.1017 0.2882 0.2289 0.4460 0.6027 
2.0526 1.5025 0.8044 1.3101 1.3990 1.4715 1.3732 1.4567 1.2892 1.3351 1.1233 1.2803 1.4857 1.3804 1.2350 0.9632 0.4768 0.9126 1.1446 1.2400 1.3347 1.0551 0.8436 0.9923 0.8814 1.0175 0.8272 0.8520 0.7004 0.4502 -0.1845 0.1343 0.1119 
2.6914 2.0279 1.8520 1.5582 1.2474 1.6134 1.1924 0.9914 1.0607 1.2683 1.1085 1.3626 -0.1572 1.3158 0.7893 1.1572 1.2455 1.1150 0.7202 1.1596 -0.3297 1.1209 0.8270 0.9253 0.6661 0.5142 0.6793 0.9935 0.5191 0.7183 0.8088 0.6307 0.7586 
2.0894 1.6042 1.0656 1.2132 1.1038 -0.2552 1.4006 0.9572 0.8554 1.1386 0.5273 0.7746 1.1346 1.2606 1.2835 1.1625 0.6587 1.1237 1.1793 1.1207 0.9639 0.5387 0.2376 0.8061 0.4702 0.4899 0.8558 -0.8170 0.4044 0.3748 0.0308 0.2581 0.1843 
2.5156 1.7855 1.7097 1.6093 1.4196 1.5859 1.7013 1.4620 0.7806 1.4234 1.3510 1.4030 0.9590 1.1629 1.1686 1.4134 1.4602 1.3764 1.0926 1.0491 0.7748 1.1635 1.0635 1.0916 0.4014 1.0215 1.1594 0.9690 0.7178 0.7506 0.6876 0.4144 0.5702 
1.9719 1.7066 1.2824 1.0384 1.4617 1.5738 1.4676 1.3175 0.9549 1.1656 1.1922 1.3959 1.0294 0.6319 1.1166 1.2306 1.3036 1.1802 1.0433 0.4989 0.8248 1.1589 0.9183 0.8394 0.5454 0.8390 0.9384 0.9556 0.7507 0.1730 0.2249 0.3620 0.0078 
2.0744 1.4148 1.6062 1.3475 1.4390 1.4035 0.8603 1.1120 1.1149 1.3579 0.8039 1.4020 -0.3273 1.3376 1.0560 1.0772 1.1598 1.0442 0.9638 1.1753 -0.4898 1.1625 0.5309 1.0288 0.7365 0.6615 0.3449 0.7826 0.7353 0.4725 0.5533 0.0197 0.1491 
2.3262 2.0168 1.5926 1.6908 1.3947 -0.4361 1.6525 1.4007 1.3982 0.8424 1.0598 1.3777 0.5855 0.5439 0.8852 1.3013 1.0081 1.2459 0.8041 0.4269 0.4214 1.1400 0.7737 0.5131 1.0220 0.9345 1.1031 -0.8010 0.6811 0.8293 0.5422 0.6713 0.4122 
1.9226 1.6376 1.4503 0.8493 1.0966 1.4940 1.4551 1.3245 0.6813 1.4722 1.0717 0.7232 1.1229 1.1584 1.1370 1.2121 1.4083 1.1635 1.0594 1.0446 0.9452 0.4780 0.7885 1.1425 0.2836 0.8421 0.9192 0.8790 0.4075 -0.0600 0.4266 0.3479 -0.0838 
1.8644 1.4176 1.1685 1.3363 1.0902 0.8527 0.9704 0.7358 0.7300 0.9735 0.8308 0.8125 0.5335 0.0287 1.0292 1.0565 0.5159 1.0256 0.9164 -0.0938 0.3766 0.5763 0.5437 0.6318 0.3362 0.2516 0.4314 0.2482 0.4045 0.4565 0.1782 0.1536 -0.1470 
2.2106 0.9121 1.1869 0.5321 0.9121 1.2990 1.4696 1.3716 1.3504 1.0815 1.1927 1.0872 1.0799 0.8124 1.1552 0.7206 1.0632 0.6654 1.0745 0.6860 0.8883 0.8510 0.9210 0.7471 0.9457 0.9012 0.9419 0.6862 0.1853 -0.3182 0.1982 -0.1595 0.2315 
1.8387 1.3142 1.1633 1.2781 0.6946 0.9900 1.3217 1.0206 1.1580 1.1498 1.0889 0.8670 0.6007 1.1568 0.9425 0.4121 0.7519 0.3555 0.8450 1.0411 0.4442 0.6571 0.8026 0.8194 0.7679 0.5377 0.7719 0.3844 -0.0335 0.4346 0.1298 0.0099 -0.0969 
2.2373 1.6688 1.5586 1.4501 1.1334 1.1026 1.4588 1.5591 1.4136 1.4390 1.1630 0.8164 1.1051 1.1367 1.1546 0.7831 0.7627 0.7469 1.0750 1.0234 0.9292 0.5815 0.8818 1.1046 1.0367 1.0992 0.9265 0.4851 0.4288 0.5926 0.5273 0.2814 0.2835 
2.2568 2.0477 1.7561 1.0008 1.4176 1.3388 1.0579 1.3420 1.4075 1.3859 1.0521 1.2247 1.2475 1.3021 0.9011 0.8631 1.1122 0.8267 0.8150 1.1525 1.0719 1.0186 0.7650 1.0553 1.0310 0.8554 0.5145 0.7174 0.7182 0.1282 0.7318 0.7235 0.3038 
2.5343 1.9093 1.7456 1.4038 1.0311 1.3698 1.4215 0.8974 1.3359 1.2719 1.1280 1.5022 1.6142 1.4495 1.1340 1.0339 1.2343 0.9852 1.0565 1.3371 1.4191 1.2903 0.8446 0.9280 0.9201 0.4549 0.8779 0.7488 0.2769 0.5391 0.7257 0.5157 0.5911 
2.0643 1.4540 1.7315 0.6717 1.1567 1.6400 1.4635 1.4156 1.0934 1.0899 1.0531 1.3100 1.3144 1.3604 1.1907 1.0539 0.1082 1.0203 1.1089 1.2095 1.1166 1.0719 0.7710 0.7588 0.7178 0.9617 0.9291 1.0247 0.4420 -0.1967 0.7172 0.1053 0.1300 
2.2714 1.3969 1.6387 0.9521 1.5037 0.4917 1.5538 0.1008 1.3876 1.2419 1.5208 1.2014 1.1952 1.5334 1.1201 0.8818 -0.1769 0.8424 1.0433 1.4040 1.0380 0.9906 1.2466 0.9037 1.0052 -0.3006 1.0368 -0.1740 0.7923 0.1164 0.5732 -0.0636 0.3103 
1.9037 1.4576 1.5023 1.2736 1.0806 1.3009 0.8566 1.0460 1.1139 0.7484 1.2768 1.0746 1.2378 1.2708 0.8533 1.0333 0.0433 0.9826 0.7754 1.1289 1.0652 0.8382 1.0072 0.4171 0.7346 0.5653 0.3394 0.6802 0.3682 0.4258 0.4776 0.1161 -0.0534 
2.4640 1.9839 1.9606 1.1268 1.6627 1.6325 1.0955 1.3758 1.2111 1.3966 1.1573 0.7743 1.0773 1.3526 0.9679 0.7679 0.5124 0.7357 0.8600 1.1973 0.8870 0.5422 0.8673 1.0671 0.8186 0.9075 0.5556 1.0127 0.9284 0.2695 0.9002 0.6016 0.5328 
1.6197 1.3797 1.6079 1.4660 0.5991 0.9393 1.2108 1.3895 1.3909 1.4262 1.0927 1.3230 1.1636 0.4174 0.6782 1.0856 -0.8269 1.0498 0.5727 0.2691 1.0080 1.0805 0.8068 1.0934 1.0123 0.9236 0.7018 0.3315 -0.1441 0.6091 0.5560 0.0516 -0.3422 
2.2009 1.7057 1.6836 1.4787 1.1946 1.5697 1.4661 1.5006 1.4024 1.5843 1.0502 0.8494 0.8783 1.3896 1.2882 -0.2773 0.9445 -0.3421 1.1796 1.2560 0.7221 0.6262 0.7660 1.2414 1.0281 1.0573 0.9363 0.9523 0.4807 0.6361 0.6455 0.3339 0.2430 
2.0373 1.6664 1.1585 1.3010 1.6044 1.3777 1.4301 1.4181 1.3405 1.3627 1.1718 1.0573 1.4094 1.4040 1.1156 0.8669 1.3882 0.8307 1.0400 1.2782 1.2239 0.8201 0.9003 1.0320 0.9339 0.9616 0.8962 0.7589 0.8690 0.4565 0.1575 0.3930 0.0986 
2.5079 1.6785 0.6200 0.8878 1.2086 1.3400 1.3634 1.1886 0.8134 0.9434 1.2300 1.2487 1.3497 1.2765 1.2638 1.3475 1.1864 1.3016 1.1644 1.1352 1.1506 1.0329 0.9547 0.6150 0.4192 0.7409 0.8178 0.7266 0.5012 -0.0007 -0.2674 0.3034 0.5496 
2.3358 1.4678 1.4197 1.3986 0.1266 1.0740 1.4903 1.5498 1.1097 0.8049 1.2584 1.0099 1.1618 1.3486 1.2307 1.0425 0.6480 0.9984 1.1402 1.1921 1.0075 0.7700 0.9886 0.4723 0.7281 1.0901 0.9761 0.4651 -0.4837 0.5440 0.3818 0.1260 0.4104 
2.5749 2.1337 1.7538 1.6312 1.4263 1.4769 1.3618 1.1448 1.4137 1.1488 0.6904 1.0349 1.2663 0.5521 0.7574 0.1467 0.7891 0.1113 0.6709 0.4430 1.0841 0.7899 0.4110 0.8126 1.0366 0.7048 0.8180 0.8554 0.7234 0.7648 0.7327 0.7823 0.6301 
2.3273 1.9934 1.5407 0.8291 0.8880 1.3551 1.1595 1.5740 1.7499 1.4711 1.4507 1.4283 1.2592 1.0496 0.8640 0.6683 1.5389 0.6265 0.7867 0.8981 1.0782 1.1943 1.1632 1.1404 1.3667 1.1116 0.6269 0.7360 0.1726 -0.0216 0.4990 0.6332 0.4077 
2.6014 2.0755 1.7194 1.4366 1.4637 1.1607 1.0324 1.4070 1.2342 1.1688 0.8080 0.8192 1.0450 0.8730 1.0347 0.9937 1.0465 0.9388 0.9292 0.7550 0.8476 0.5848 0.5240 0.8406 0.8387 0.9510 0.4817 0.5400 0.7479 0.5691 0.6880 0.7195 0.6567 
2.2662 1.9199 1.5532 1.4982 1.1521 1.0829 1.3849 1.4108 1.4261 1.0358 1.4116 1.4302 1.0386 1.4210 1.5045 1.1954 0.8492 1.1548 1.4222 1.3015 0.8434 1.1942 1.1301 0.7006 1.0451 0.9573 0.8440 0.4651 0.4390 0.6627 0.5131 0.5433 0.3051 
2.1226 1.4916 -0.4112 1.5692 1.4373 1.6181 1.3088 1.4501 1.2319 1.3643 0.9458 1.2913 1.4250 1.0813 0.5451 1.1617 1.3491 1.1241 0.4684 0.9467 1.2454 1.0592 0.6715 1.0335 0.8317 1.0126 0.7608 0.9959 0.7304 0.7266 -1.0027 0.1244 0.1576 
2.0434 1.1272 1.3215 1.0907 1.3915 1.0318 1.0312 1.1503 1.0909 1.0637 0.0128 0.9078 1.0340 1.0208 0.5022 0.7871 1.0594 0.7506 0.4295 0.8565 0.8334 0.6982 -0.2830 0.7320 0.7175 0.7095 0.4807 0.4036 0.6721 0.2603 0.2901 -0.0921 0.0729 
2.2448 0.9971 0.7749 0.7067 1.1150 0.9776 1.3406 1.4352 0.9773 1.0794 1.1536 1.2359 1.0303 1.0415 0.8048 0.7532 1.0824 0.7190 0.7322 0.8853 0.8269 1.0284 0.8674 0.7512 0.5607 0.9898 0.7874 0.3752 0.4046 -0.1890 -0.1843 -0.1209 0.2646 
2.3088 1.3072 1.3553 0.8544 1.2392 1.4680 1.3766 1.0923 1.2716 0.9047 1.5058 1.5411 1.0560 0.8059 0.9913 1.1372 1.4377 1.0964 0.8813 0.6815 0.8530 1.3330 1.2337 0.5549 0.8669 0.6286 0.8367 0.8489 0.5138 0.0105 0.2836 -0.0010 0.3424 
2.6027 1.9876 1.6522 1.2972 0.9141 1.0520 0.5004 1.0201 1.1232 1.0789 1.1128 1.3114 1.3425 1.2627 1.1865 1.3446 1.2653 1.2950 1.1048 1.1231 1.1408 1.0722 0.8295 0.7459 0.7395 0.5339 -0.0549 0.4348 0.1873 0.4385 0.5872 0.5869 0.6618 
2.3445 2.0482 1.6363 1.0917 0.8358 0.7227 0.8247 0.9159 0.9875 1.0101 0.7646 1.4882 1.1406 1.0373 1.1690 1.4158 0.6069 1.3783 1.0933 0.8795 0.9656 1.2757 0.4891 0.6703 0.5741 0.4618 0.2784 0.1089 0.1299 0.2216 0.5745 0.7188 0.4275 
2.6335 2.2224 2.2252 1.9973 2.0872 2.1173 2.0426 1.9588 1.9897 1.9750 1.8345 1.7258 1.7054 1.5515 1.3813 1.3680 0.5612 1.3355 1.3013 1.4160 1.5166 1.4886 1.5591 1.6470 1.5964 1.4716 1.5023 1.4977 1.3758 1.1343 1.1680 0.8481 0.6995 
2.4276 2.0865 1.7139 1.4642 1.6558 1.2952 0.6715 1.6782 1.4109 1.1252 1.1629 1.5045 1.5033 1.3169 0.7773 0.4176 -0.8883 0.3653 0.7054 1.1598 1.3462 1.2938 0.8853 0.7965 1.0321 1.2052 0.1348 0.6718 0.9086 0.6029 0.6777 0.7347 0.4804 
1.7841 1.8854 1.7609 1.3363 1.7023 1.7991 1.0624 1.5036 1.8112 1.6008 1.2522 1.1208 1.4853 1.2759 0.9995 0.5634 0.9467 0.5307 0.8883 1.1312 1.3352 0.8898 0.9838 1.2601 1.4246 1.0583 0.5258 1.1774 0.9866 0.4777 0.7334 0.5378 -0.2135 
2.1197 1.7445 1.4699 1.4444 1.5382 1.5014 1.2903 0.2939 1.2249 1.6628 1.2579 1.0272 1.1625 1.4499 1.3420 0.6619 1.1855 0.6075 1.2324 1.3384 1.0092 0.7804 0.9826 1.3350 0.8359 -0.1466 0.7525 0.8831 0.8148 0.5897 0.4568 0.4107 0.2198 
2.3778 2.0253 1.3812 1.0940 0.9950 1.3249 1.5010 1.1033 1.4147 1.3723 1.2454 1.4760 1.1846 1.3587 0.7207 1.0801 -0.3176 1.0456 0.6108 1.2070 1.0295 1.2610 0.9723 1.0444 1.0355 0.6476 0.9873 0.7086 0.2491 0.2295 0.3464 0.6830 0.4601 
1.7826 1.9126 1.9043 1.6104 1.7049 1.5799 1.2437 1.2548 1.3564 1.4470 1.3364 0.8192 1.4231 0.0156 0.8762 1.2893 1.1007 1.2342 0.8003 -0.1023 1.2433 0.5892 1.0468 1.1123 0.9597 0.7966 0.7189 0.9598 0.9940 0.7564 0.8564 0.5701 -0.1176 
1.8744 1.8664 1.9881 1.7571 1.7194 1.2545 1.1978 0.8040 1.4092 1.1958 1.4312 1.0665 0.9350 0.7158 0.4260 0.8009 0.8504 0.7638 0.3252 0.5527 0.7582 0.8264 1.1496 0.8609 1.0329 0.3463 0.6866 0.6242 1.0153 0.8959 0.9531 0.5288 -0.0768 
-0.8335 2.0132 1.9562 1.8421 1.5672 1.4041 1.1117 1.0298 1.4737 1.4856 1.1975 1.3660 0.8703 0.7654 1.2121 1.1113 1.1337 1.0740 1.1264 0.6388 0.7137 1.1234 0.9269 1.1572 1.0897 0.5535 0.5795 0.7787 0.8390 1.0086 0.9032 0.7110 -1.7527 
2.4634 2.3900 2.0804 1.8775 1.7377 1.3874 0.9057 0.9742 1.4594 1.1764 1.2017 0.7930 1.2053 1.0325 1.4084 1.1662 0.9715 1.1300 1.3390 0.8730 1.0446 0.5604 0.9284 0.8437 1.0733 0.5103 0.4020 0.7646 1.0321 1.0361 1.0544 1.0599 0.5179 
2.9413 2.9339 2.6831 2.4232 2.3062 2.2403 2.1794 1.9956 2.0031 1.8425 1.7104 1.8399 1.7977 1.6977 1.7458 1.7967 1.7169 1.7596 1.6708 1.5613 1.6475 1.6315 1.4277 1.5025 1.6179 1.5230 1.6589 1.6223 1.5826 1.5839 1.6621 1.6174 1.0730 
3.6319 3.4888 2.7122 2.4618 2.3961 2.4029 2.4088 1.5827 2.1192 2.0930 2.0954 1.9232 1.8317 1.8566 1.6547 1.7840 1.7305 1.7474 1.5509 1.7226 1.6660 1.6896 1.8178 1.7660 1.7378 1.1000 1.8847 1.7852 1.6887 1.6513 1.7305 2.1284 1.7788 
2.6332 3.6362 3.5229 3.2396 3.0705 2.9627 2.8934 3.0720 2.5640 2.6811 2.6422 2.5776 2.6201 2.6181 2.5389 2.5113 2.4710 2.4575 2.4307 2.4771 2.4255 2.3309 2.3591 2.3479 2.1447 2.6224 2.3449 2.3437 2.3534 2.3794 2.4675 2.3171 0.2302 
3.7441 3.7883 3.3004 3.1489 3.0093 2.9030 2.8260 2.8470 2.7680 2.7015 2.6720 2.6347 2.5725 2.5382 2.4989 2.4738 2.4201 2.4228 2.4012 2.3903 2.3698 2.3987 2.3908 2.3669 2.3752 2.3731 2.2951 2.2821 2.2965 2.2919 2.2701 2.4220 1.7191 
3.9419 3.7805 3.4408 3.0339 2.8062 2.7449 2.6567 2.6021 2.4507 1.6885 1.8327 1.9234 1.8174 1.7191 1.5668 1.6600 1.7361 1.6121 1.4678 1.5918 1.6565 1.6883 1.5490 1.3479 2.0635 2.1246 2.1112 2.1195 2.0699 2.1774 2.3917 2.4238 2.0647 
3.5322 4.0109 3.6137 3.3235 3.2288 3.1050 3.1043 2.9231 2.8231 2.8384 2.7498 2.6592 2.7122 2.6602 2.6594 2.6322 2.5977 2.5973 2.5877 2.5389 2.5553 2.4216 2.4744 2.4962 2.4141 2.4480 2.5867 2.4862 2.5008 2.4733 2.5888 2.6872 1.5559 
3.6265 3.7754 2.6672 2.9532 2.6816 2.4991 2.3611 2.5784 2.6764 2.5287 2.1174 2.5290 1.9884 1.8010 1.8024 1.9847 1.9761 1.9490 1.7209 1.6840 1.7896 2.2992 1.8429 2.1880 2.2931 2.0899 1.8272 1.8771 1.9694 2.0859 1.5250 2.4206 1.8112 
3.8501 4.0619 3.9127 3.6729 3.5010 3.4042 3.4257 3.3109 3.1744 3.1128 2.8436 2.8463 2.9738 3.0251 3.0439 2.9721 2.9243 2.9339 2.9639 2.9119 2.7956 2.6138 2.5740 2.7726 2.7592 2.8697 2.9038 2.7851 2.7520 2.8336 2.8904 2.7184 1.7286 
4.0317 4.1639 3.8600 3.3919 3.2754 3.1573 2.9935 3.2786 2.7202 2.9823 2.8519 3.0080 2.9290 2.8129 2.6901 2.7154 2.7650 2.6804 2.6110 2.6739 2.7333 2.7802 2.5792 2.6523 2.3296 2.8267 2.4650 2.5419 2.5772 2.5678 2.8238 2.8267 2.0926 
3.8933 4.2606 3.5015 2.5241 2.7114 2.7018 2.7026 2.3980 2.2359 2.9151 2.7353 2.7631 2.3340 2.1628 2.2808 2.3296 2.3237 2.2940 2.1767 2.0288 2.1481 2.5550 2.4602 2.5867 1.8108 1.9514 2.1648 2.0761 1.9917 1.7086 2.4155 2.9331 1.8147 
4.2079 3.8850 3.8453 3.3354 3.2899 3.1886 3.0605 2.9433 2.7958 2.7702 2.7188 2.7671 2.6167 2.6319 2.6284 2.5777 2.5873 2.5215 2.5504 2.4969 2.4227 2.5578 2.4423 2.4333 2.3941 2.4769 2.5460 2.5683 2.5858 2.4913 2.8116 2.5536 2.3291 
3.7212 4.2314 3.9649 3.5731 3.4011 3.3256 3.2413 3.0507 3.1396 3.0272 2.9871 2.9676 2.8971 2.9143 2.8884 2.8548 2.8292 2.7986 2.7772 2.7656 2.6983 2.7297 2.7062 2.6997 2.7284 2.6086 2.6986 2.7063 2.6801 2.7097 2.9389 2.9178 1.7089 
3.1506 4.1516 3.5511 3.4943 2.9705 2.9219 2.9453 2.7296 2.3977 2.4540 2.4376 2.4937 2.3420 2.2898 2.3577 2.2971 2.2765 2.2652 2.2841 2.1381 2.1588 2.2788 2.1631 2.1160 2.0115 2.2905 2.4019 2.3022 2.2689 2.6271 2.4863 2.8077 1.7307 
3.9931 4.0270 3.5989 3.5043 3.2353 3.0568 3.0559 2.9223 2.9151 2.8481 2.7784 2.7082 2.6814 2.6575 2.6391 2.6011 2.5991 2.5640 2.5676 2.5352 2.5082 2.4824 2.5049 2.5059 2.5174 2.4483 2.5411 2.4359 2.5078 2.6307 2.5601 2.6841 1.9409 
3.2076 4.0990 3.7742 3.3761 3.2945 3.2215 3.1474 3.0754 3.0021 2.9623 2.9312 2.9008 2.8479 2.8203 2.7801 2.7587 2.7151 2.7127 2.6915 2.6791 2.6558 2.6564 2.6462 2.6306 2.6167 2.6249 2.6124 2.6016 2.5884 2.5383 2.7107 2.7456 0.9860 
4.3037 4.1929 3.7480 3.4522 3.2468 3.0021 2.7192 2.5890 2.5868 2.5341 2.4689 2.4036 2.3675 2.3605 2.3152 2.3012 2.2882 2.2689 2.2341 2.2434 2.1919 2.1839 2.1931 2.1898 2.1742 2.0994 2.1912 2.3761 2.5216 2.5981 2.7062 2.8684 2.4044 
4.1449 4.4017 3.8385 3.6252 3.4336 3.3148 3.2060 3.1510 3.0264 3.0003 2.9595 2.9154 2.8928 2.8554 2.8289 2.7855 2.7684 2.7344 2.7239 2.7058 2.6918 2.6743 2.6765 2.6661 2.6434 2.6781 2.6552 2.6939 2.7026 2.7720 2.7704 3.0510 2.1828 
3.0192 4.1965 3.5780 2.7017 2.7532 2.4788 2.5783 2.5156 2.4723 2.3761 2.2544 2.1810 2.1794 2.1501 2.0636 2.0439 2.0101 2.0052 1.9874 2.0234 2.0055 1.9673 1.9733 2.0447 2.0817 2.0568 2.0365 1.8855 2.0532 1.8730 2.5353 2.8868 1.4970 
3.8268 4.0158 3.7137 3.4367 3.2146 3.0772 2.9754 3.0095 2.7854 2.7153 2.7125 2.7101 2.6662 2.6343 2.6074 2.5801 2.5574 2.5256 2.5165 2.5012 2.4885 2.4874 2.4331 2.3885 2.3904 2.5730 2.4392 2.4621 2.4854 2.5974 2.6838 2.6767 1.8000 
4.1830 4.2378 3.7452 3.6837 3.4139 3.3164 3.2461 3.2319 3.0700 2.9951 2.9007 3.0059 3.0292 2.9795 2.9688 2.9155 2.9008 2.8812 2.8974 2.8626 2.8777 2.7760 2.6137 2.6599 2.6774 2.7569 2.7035 2.6949 2.6855 2.8418 2.7108 2.9113 2.2634 
3.3270 4.2463 4.0976 3.7744 3.5538 3.4779 3.3628 3.2866 3.2296 3.1996 3.0600 2.9682 2.9000 3.0014 2.9954 2.9539 2.9264 2.9176 2.9182 2.8894 2.7017 2.7294 2.7840 2.8582 2.8338 2.8356 2.8468 2.8566 2.8311 2.9163 3.0359 2.9288 1.7371 
3.7563 4.2378 3.8280 3.5619 3.4063 3.2480 3.1702 3.0196 3.0088 2.9575 2.9472 2.8964 2.8140 2.7806 2.7076 2.7028 2.6807 2.6605 2.6266 2.6494 2.6335 2.6509 2.6637 2.6260 2.6220 2.5817 2.6257 2.6271 2.6802 2.6999 2.7521 2.9189 2.0277 
3.0775 4.1535 3.8582 3.5405 3.4673 3.3435 3.2822 3.1623 3.1570 3.1259 3.0675 3.1028 3.0303 2.9635 2.9151 2.8545 2.8128 2.7983 2.8217 2.8394 2.8782 2.8926 2.7927 2.7856 2.7444 2.6881 2.7417 2.7250 2.7257 2.6761 2.8093 2.8238 0.8144 
4.0759 4.2440 3.8445 3.5259 3.2038 3.0926 2.9967 2.9358 2.9543 2.8470 2.8887 2.7031 2.4604 2.4099 2.6287 2.6351 2.4700 2.5995 2.5531 2.2965 2.2931 2.4728 2.6004 2.5055 2.5783 2.4720 2.4627 2.4759 2.4638 2.6609 2.7930 2.9206 2.1475 
3.6437 4.2044 3.0084 3.0186 2.8382 2.8285 2.7574 2.6728 2.5700 2.4134 1.7299 2.9009 2.7101 2.1532 2.4991 2.5256 2.4410 2.4710 2.4013 2.0236 2.5476 2.6564 1.4530 2.0832 2.1497 2.2225 2.2408 2.2014 2.0910 2.1458 1.9964 2.8897 1.6180 
4.3086 4.0672 3.9747 3.6234 3.3127 2.9911 2.6345 2.4327 2.5755 2.5110 2.5074 2.3801 2.4994 2.4339 2.1759 2.2459 2.2392 2.1817 2.0737 2.3102 2.3157 2.1391 2.2335 2.1559 2.1453 1.9885 2.0765 2.3597 2.5965 2.7616 2.9502 2.7138 2.4000 
3.9670 4.3863 4.1933 3.6747 3.3512 3.1545 3.0680 2.3473 3.0337 2.8394 2.6956 2.2562 2.9793 2.9760 2.6466 2.6493 2.6188 2.6123 2.5767 2.8563 2.8021 2.0143 2.4081 2.4948 2.6490 1.9054 2.5535 2.5326 2.6374 2.8277 3.1647 3.0425 2.0217 
2.8778 4.1413 4.1567 3.6144 3.5534 3.3781 3.3161 3.2229 3.1337 3.0883 3.1404 2.9998 3.0949 2.9668 2.9958 2.9657 2.9392 2.9283 2.9190 2.8441 2.9240 2.7688 2.8715 2.7485 2.7240 2.7473 2.7832 2.7598 2.8352 2.7696 3.1201 2.7925 1.0492 
3.9041 4.0123 3.6762 3.2678 2.7727 2.3915 2.3303 2.3758 2.4250 2.5758 2.7106 2.6847 2.3982 2.1022 1.6427 1.7521 1.6347 1.7456 1.6092 1.9712 2.2178 2.4437 2.4251 2.2446 2.0590 1.9646 1.7775 1.7112 2.0134 2.3962 2.6632 2.6654 1.9546 
2.4521 3.9466 3.8864 3.3195 3.1624 3.0317 3.0068 2.7020 3.0194 2.9188 2.8203 2.9689 2.6149 3.0311 2.6632 2.7172 2.4703 2.6807 2.5901 2.9164 2.4201 2.7320 2.5446 2.5907 2.6309 2.2681 2.4712 2.4094 2.4140 2.4540 2.8636 2.6299 1.1259 
4.3461 4.2193 4.0435 3.7154 3.5097 3.3379 3.1818 2.7945 2.9918 2.8513 2.8617 2.6852 2.2467 2.3224 0.7713 1.5245 0.5329 1.4667 0.5507 2.1856 2.0432 2.4500 2.5840 2.5055 2.6077 2.3344 2.6315 2.7162 2.7603 2.8751 3.0055 2.8963 2.4111 
3.2942 4.2756 4.2955 3.8268 3.4556 3.2631 3.5652 3.3801 2.3204 3.2333 2.9797 3.1538 2.7485 2.5593 2.6902 2.6874 2.6966 2.6467 2.6122 2.4016 2.5908 2.9220 2.6993 2.9041 1.9546 2.9300 3.0222 2.6418 2.7142 2.9493 3.2664 2.9662 1.4679 
3.5468 3.6578 4.1159 2.8962 2.9551 2.7292 3.3564 2.6767 2.4558 2.6541 2.1253 2.6317 2.4912 2.4377 2.3854 2.2187 2.0527 2.1634 2.3083 2.3195 2.3232 2.3902 1.8325 2.3227 2.0717 2.2403 2.8374 2.1163 2.2434 2.1310 3.0599 2.3097 1.7513 
3.9873 3.9567 3.9829 3.2064 2.7810 2.7732 3.0160 2.3998 1.9805 2.3034 2.8325 2.7628 2.6461 2.5940 2.5751 2.2695 1.4667 2.2121 2.4622 2.4406 2.4595 2.5546 2.5629 1.9750 1.5894 1.9625 2.4879 2.1390 2.0472 2.3163 2.9545 2.6402 2.0719 
2.7882 3.9364 3.2985 3.1084 3.0143 3.0627 3.1484 3.1425 2.8988 2.5682 2.9071 2.8574 2.7689 2.8613 2.6439 2.6242 2.6349 2.5902 2.5746 2.7087 2.6027 2.6204 2.6191 2.2287 2.4889 2.6707 2.6155 2.4427 2.3053 2.2732 2.2861 2.6122 0.9204 
4.1194 4.2149 4.2090 3.9887 3.8367 3.6419 3.2472 2.5143 2.7839 3.2309 3.3319 3.2955 3.2508 3.2070 3.1309 3.0755 3.0334 3.0259 3.0271 3.0482 3.0595 3.0607 3.0492 2.9013 2.3856 2.0507 2.7054 3.0210 3.0982 3.1468 3.1928 2.9030 2.2694 
2.8923 4.0940 4.2258 3.8409 3.5296 3.5029 3.7733 3.2571 3.0016 2.9591 2.7346 2.9373 2.7820 2.3598 2.5766 2.5404 2.3920 2.4846 2.4644 2.2458 2.6099 2.7032 2.4543 2.6290 2.6168 2.7884 3.2361 2.8873 2.7961 2.9681 3.2122 2.7460 1.4195 
3.7677 3.7356 4.0398 3.5907 3.4954 3.3882 3.8213 3.4834 3.3167 3.4018 3.2750 3.1868 3.1371 3.0247 2.9763 2.9158 2.9013 2.8821 2.9032 2.9111 2.9514 2.9418 2.9914 3.0623 2.9295 3.0027 3.2698 2.7685 2.7484 2.7156 3.0024 2.3972 1.5941 
3.7315 3.6482 3.8293 2.9986 2.4639 2.5940 3.3036 2.8948 2.5977 2.8115 2.3832 2.4469 2.3314 2.6182 2.1793 2.2075 1.9036 2.1486 2.0867 2.4756 2.1553 2.2367 2.0889 2.4731 2.2072 2.4201 2.7649 1.9969 1.7430 2.1740 2.7780 2.3295 1.7782 
4.3216 4.2834 4.1789 3.9119 3.6723 3.5511 3.5342 3.4755 3.3302 3.2274 3.1217 2.9522 2.8804 2.8746 2.7826 2.6879 2.6711 2.6468 2.6927 2.7134 2.6774 2.7125 2.8479 2.8974 2.9423 2.9991 2.9888 2.9299 2.9572 3.0513 3.1490 2.9594 2.3799 
3.0093 4.0407 4.1738 3.7950 2.9983 2.9733 3.4410 3.2891 3.2560 3.2830 2.8076 2.9264 2.6227 2.7089 2.7086 2.6654 2.6501 2.6269 2.6281 2.5938 2.4273 2.6880 2.5358 2.9498 2.8817 2.8376 2.9135 2.3577 2.2888 2.9266 3.1450 2.7116 1.0893 
