2.2639 1.9478 1.9539 1.6848 1.2158 1.2564 1.4307 1.1986 1.0744 0.5768 1.4604 1.1119 1.4429 0.7802 0.8886 1.2032 0.9745 1.1428 0.7715 0.6389 1.2484 0.8650 1.1335 0.1896 0.6318 0.6696 0.8148 0.5502 0.3722 0.6832 0.7477 0.3903 0.0338 
2.1758 1.9579 1.6123 1.1370 1.6789 1.1082 1.0052 1.5624 1.4948 1.5304 1.2570 1.4208 1.2571 1.4047 1.0273 0.1379 0.7851 0.0793 0.9438 1.2652 1.0370 1.1539 0.9432 1.1411 1.0481 1.0340 0.3815 0.3931 0.8261 0.2033 0.3933 0.3936 -0.0383 
2.3958 1.8273 1.0551 1.4459 1.4807 1.4202 1.3258 1.5138 1.5758 1.1143 1.4331 1.6002 1.3374 0.9151 0.4641 1.3265 0.6874 1.2760 0.3617 0.7441 1.1070 1.3399 1.1060 0.7402 1.1074 1.0002 0.6891 0.7068 0.6577 0.4617 -0.0827 0.2647 0.1205 
2.4941 2.3035 1.7439 1.4316 1.4279 1.0659 1.4867 1.1491 1.3976 1.5142 1.4067 1.5648 1.2779 1.0756 1.0937 0.3521 -0.6976 0.3017 0.9996 0.9456 1.0502 1.3189 1.0831 1.1262 0.9647 0.6386 0.8941 0.3639 0.6138 0.4572 0.5535 0.7469 0.2843 
2.5830 2.1219 1.8439 1.0435 0.9819 1.4881 1.3592 1.2248 1.6842 1.1161 1.2134 1.2934 1.2525 1.1420 0.5270 1.0141 1.0490 0.9739 0.4131 1.0016 1.0348 1.0129 0.9014 0.7367 1.2184 0.6956 0.7329 0.7780 0.1265 0.0647 0.6621 0.5806 0.3717 
2.6705 2.3827 1.9176 1.7034 1.5447 1.6561 1.0780 0.9794 1.3673 1.1305 1.3350 0.7484 1.0354 1.5446 1.2500 0.5640 1.2154 0.5012 1.1255 1.3936 0.8245 0.4878 1.0045 0.7497 0.9251 0.4297 0.4652 0.9402 0.7163 0.7018 0.7252 0.7974 0.4266 
2.0546 1.7235 2.0100 1.7163 1.6548 0.8390 1.3345 1.3609 0.4987 1.3091 1.1383 0.8662 0.7979 0.6973 0.2414 1.0911 0.5706 1.0428 0.1254 0.5618 0.6117 0.6134 0.8199 0.9164 0.0418 0.8247 0.7020 0.1098 0.7905 0.7258 0.7907 0.2050 -0.1687 
1.5095 1.7399 1.4194 1.0503 1.4586 0.9309 0.3314 1.3085 1.3870 1.2890 1.4082 1.2420 0.9612 1.4359 1.4199 1.3327 1.0952 1.2890 1.3340 1.3083 0.7339 0.9840 1.0839 0.8980 0.9559 0.7502 -0.2738 0.2304 0.6402 0.0769 0.2561 0.2226 -0.7243 
1.9020 0.7472 1.5018 1.4782 1.1335 1.4263 1.6080 1.2077 1.1978 1.2877 1.1412 0.9840 0.6627 1.0884 1.1782 1.1092 0.9554 1.0667 1.0790 0.9548 0.4480 0.7098 0.8249 0.8939 0.7401 0.6737 0.9915 0.7186 0.3170 0.5110 0.3233 -0.6480 -0.3332 
2.0815 1.6676 1.4022 1.4171 1.5224 1.1184 0.7703 0.9056 0.5186 0.6698 1.2224 0.9777 1.2763 0.9369 1.3149 1.2516 1.2691 1.1870 1.1919 0.7529 1.0512 0.6974 0.9115 0.2808 0.0568 0.3666 0.1809 0.3956 0.6951 0.4348 0.2431 0.1103 -0.0928 
2.4962 1.9813 1.1592 1.0306 0.8157 1.4664 1.1340 1.3484 0.8615 1.0227 0.9120 1.0358 1.3071 1.2101 1.6069 1.1817 1.4596 1.1218 1.4843 1.0500 1.0733 0.7618 0.5947 0.6436 0.3954 0.7976 0.5464 0.7514 0.0041 0.0334 -0.0348 0.3926 0.2899 
1.9937 1.3423 1.4078 1.7306 1.4753 1.6354 1.6387 1.4280 1.4561 1.3963 1.4378 1.0401 0.1107 1.0013 0.9859 0.7449 -1.1099 0.6980 0.8774 0.8426 -0.0752 0.7664 1.1081 1.0141 1.0095 0.9191 1.0098 0.9286 0.6494 0.7454 0.2510 -0.2182 -0.2499 
2.4006 1.4040 1.6915 1.2782 1.1182 1.2579 0.8721 1.4162 1.4916 1.0005 1.6616 1.5967 1.6833 1.1067 0.3213 0.4042 1.0258 0.3654 0.2436 0.9721 1.4563 1.3374 1.3310 0.6261 1.0457 0.9045 0.2636 0.5499 0.3013 0.2852 0.4789 -0.2651 0.1500 
0.9840 1.3680 1.5185 0.8283 1.0472 1.3469 1.2600 1.2546 1.3296 1.1609 1.0816 1.0116 0.9258 0.6795 1.1638 0.9705 0.7241 0.9199 1.0656 0.5434 0.6998 0.7378 0.7515 0.7716 0.8683 0.7082 0.6390 0.6384 0.2406 -0.1719 0.3276 -0.1135 -1.0543 
2.2064 1.1892 1.7337 1.3337 1.7993 1.6655 1.1663 1.2615 0.9889 1.4608 1.0737 1.1806 1.0749 1.1341 0.6085 0.8846 1.1711 0.8206 0.4885 0.9958 0.8737 0.9472 0.7451 1.0781 0.5441 0.7187 0.5707 0.9517 0.9845 0.3370 0.5501 -0.2590 -0.0245 
1.9696 1.3428 1.5785 1.1992 1.5687 1.2226 1.6374 0.6212 1.6589 0.9925 1.1447 1.2879 1.0211 0.6416 0.9989 0.7676 0.6719 0.7241 0.9039 0.4802 0.8015 1.0085 0.8271 0.6127 1.1791 0.0390 1.0112 0.5180 0.7365 0.2398 0.3651 -0.1704 -0.3483 
2.2513 1.9246 2.0488 1.7411 1.0145 1.1073 1.7123 1.3299 1.0257 1.1326 0.7377 1.3624 1.3339 0.6170 0.9728 1.1297 0.9674 1.0866 0.8637 0.4368 1.1055 1.0915 0.4072 0.7482 0.5908 0.7689 1.0893 0.3887 0.1808 0.7458 0.8522 0.3730 0.0449 
2.5840 1.8484 1.6895 1.6213 0.9335 0.8150 1.0870 1.2674 1.0158 0.6993 1.3764 0.8643 0.6197 0.0188 1.1676 1.0553 -0.4156 1.0099 1.0703 -0.1104 0.3909 0.6119 1.0496 0.3208 0.5818 0.7228 0.4725 0.0918 0.0634 0.6306 0.4727 0.2630 0.3522 
1.1632 1.3850 1.3785 1.1683 1.5615 1.2349 0.8363 0.2036 1.0478 1.3425 1.1448 0.5002 0.7270 1.2679 1.1081 0.7379 -0.5450 0.6875 1.0182 1.0972 0.5358 0.2493 0.8262 0.9645 0.6133 -0.3548 0.2454 0.5162 0.7274 0.2214 0.1934 -0.1101 -1.1057 
2.2857 2.0493 1.8879 1.6188 1.4607 1.6742 1.7389 1.6520 1.3819 1.2177 1.0121 1.0286 1.1086 0.8230 0.9753 1.1133 1.0639 1.0718 0.8664 0.6753 0.9313 0.7527 0.6835 0.8266 0.9492 1.0977 1.1101 0.9623 0.6456 0.6291 0.6990 0.4904 0.0346 
2.3934 1.9280 1.4366 0.9980 1.3120 1.6215 1.3759 1.3835 1.0484 1.4242 1.5666 1.0196 1.2254 1.2692 1.1798 0.9984 0.9500 0.9599 1.0785 1.0974 1.0166 0.7463 1.2533 1.0417 0.6116 0.8529 0.7492 0.9115 0.4591 -0.0038 0.2605 0.3623 0.1713 
-0.0510 1.6470 0.7185 1.1965 1.1993 0.7223 1.0557 0.9928 1.2929 -0.0746 0.9985 0.8340 1.0210 0.8380 1.0677 0.8084 0.3245 0.7548 0.9801 0.6855 0.8018 0.5959 0.6677 -0.4089 0.8157 0.4464 0.4316 -0.0006 0.3754 0.2307 -0.5014 0.1057 -1.8898 
1.0588 1.3080 1.3863 1.0924 1.2557 1.1095 1.2317 1.2300 1.3112 0.9146 0.7116 1.0481 1.0119 1.1296 1.1505 0.7047 -0.9690 0.6577 1.0543 0.9947 0.7924 0.7761 0.3880 0.5159 0.8356 0.6918 0.6253 0.3951 0.4034 0.1132 0.2097 -0.2429 -1.3401 
1.9822 2.0537 1.5433 1.2381 1.3229 0.6926 1.1854 1.1433 1.0980 1.4648 1.6207 1.9284 1.4138 1.1213 1.1117 1.0280 -0.1004 0.9847 1.0245 0.9851 1.2059 1.6796 1.3095 1.0899 0.6529 0.6342 0.5983 -0.0125 0.4741 0.2638 0.3499 0.5125 -0.2470 
1.1586 1.2279 0.9984 0.9783 1.0458 0.7793 1.1079 1.2184 1.0343 1.3298 1.2264 1.1114 1.1849 1.1833 0.6617 1.0791 1.0479 1.0320 0.5806 1.0317 0.9906 0.8636 0.9124 0.9527 0.6011 0.6856 0.5093 0.0751 0.2350 -0.0216 -0.1871 -0.3119 -0.9892 
1.3408 1.6636 1.3763 1.9021 2.0397 1.7644 1.7105 1.4370 1.2104 1.5841 0.9654 1.3730 1.0131 0.9795 1.1323 1.0184 1.0113 0.9772 1.0419 0.8041 0.7930 1.1017 0.6328 1.1919 0.7493 0.9278 1.0870 1.0493 1.1895 0.9511 0.2176 0.0979 -1.0353 
2.4233 1.9498 1.7238 1.0446 1.8727 1.7542 1.1495 1.5924 1.5965 1.1086 1.1669 1.5142 1.3294 1.1558 1.4661 1.1867 0.3532 1.1261 1.3782 1.0133 1.1009 1.2741 0.8542 0.7270 1.1243 1.0553 0.5664 1.0391 1.0477 0.0734 0.5415 0.3566 0.1857 
2.0776 1.5027 1.1392 1.5212 1.6715 1.5242 1.1625 1.2550 1.2850 1.0765 0.5727 0.7442 0.6716 1.3534 1.1071 0.9615 1.1872 0.9064 1.0163 1.1898 0.4696 0.4856 0.2519 0.6891 0.8070 0.7148 0.5738 0.8080 0.8146 0.5732 -0.0019 0.0359 -0.1704 
2.0379 1.9494 1.2065 1.5663 1.4662 1.5333 1.3567 1.4147 1.4639 1.5454 1.2544 1.5757 1.4640 1.2923 0.8904 0.9909 1.1726 0.9528 0.7628 1.1071 1.2811 1.3265 0.9387 1.1562 1.0215 0.8974 0.7387 0.8241 0.6513 0.6002 0.0084 0.3894 -0.2257 
1.8610 1.6488 0.9051 1.6815 1.2926 1.6722 1.0494 0.7169 1.5745 1.0280 0.7796 1.2066 1.4188 1.0073 0.7401 1.1132 0.8670 1.0715 0.6449 0.8483 1.2148 0.9606 0.4678 0.6441 1.1073 0.2001 0.4349 0.9567 0.4222 0.6816 -0.3168 0.1319 -0.4510 
2.6283 2.3102 1.6041 1.6238 1.5099 1.2476 1.4287 0.8534 1.0619 0.6433 0.8793 1.1344 0.4518 1.3669 0.8890 0.9751 1.0471 0.9306 0.7655 1.2102 0.2647 0.8918 0.5735 0.2633 0.6213 0.3272 0.8104 0.5397 0.6858 0.6382 0.3899 0.7416 0.3904 
2.7478 2.3272 1.8222 1.8505 1.5498 1.5697 1.5907 1.1672 1.2052 1.4076 0.9446 1.4200 1.0792 0.5809 1.0868 0.8156 0.9884 0.7579 0.9955 0.3961 0.8789 1.1515 0.6110 1.0248 0.7468 0.6440 0.9840 0.8527 0.7161 0.8899 0.6389 0.7482 0.5146 
2.7854 1.6991 1.8579 1.8626 1.5982 0.9802 1.3971 1.0697 0.6842 1.2710 1.1034 0.9397 1.3288 1.3963 1.4169 0.3608 0.2407 0.3200 1.3307 1.2517 1.1020 0.6610 0.7782 0.8758 0.2513 0.5568 0.7711 0.2716 0.7494 0.8983 0.6680 -0.0233 0.5538 
2.4573 2.5022 1.7716 1.3568 1.7832 1.4216 1.6810 1.2858 1.4134 1.5385 0.1582 0.9300 1.0414 0.9948 1.1792 0.8167 0.9551 0.7546 1.0764 0.8360 0.8321 0.6510 -0.1995 1.1469 0.9767 0.7301 1.0494 0.7175 0.9698 0.3727 0.6040 0.9793 0.2587 
2.9062 3.4875 3.0030 2.8046 2.5637 2.4480 2.3805 2.2426 2.1901 2.0501 1.9381 2.0636 2.0856 1.7375 2.0266 2.0726 1.9345 2.0339 1.9024 1.5856 1.8669 1.7891 1.6245 1.6722 1.7468 1.7226 1.7441 1.7346 1.7418 1.8142 1.7932 1.9564 0.9399 
4.0855 4.0448 3.9407 3.6408 3.4565 3.2335 3.1183 3.0620 2.9206 2.9569 2.9338 2.8722 2.8704 2.8231 2.8024 2.7665 2.7108 2.7258 2.7172 2.6799 2.6756 2.6087 2.6170 2.5682 2.4758 2.5130 2.4890 2.5201 2.5993 2.6773 2.7659 2.5116 1.8369 
3.5710 3.4851 3.6690 3.2310 3.1480 3.0227 2.9108 2.9176 2.7997 2.4141 2.5956 2.6005 2.6277 2.5758 2.4829 2.4985 2.4436 2.4522 2.3986 2.4352 2.4272 2.3632 2.2809 2.0376 2.3625 2.4104 2.3166 2.3130 2.3263 2.2701 2.4971 1.9013 1.5486 
3.5743 4.2487 3.9774 3.4062 2.8730 2.2073 2.8647 2.9097 2.6604 2.4615 2.1877 1.9972 2.0720 1.6727 1.6639 1.5036 0.5798 1.4612 1.5207 1.4864 1.8518 1.7333 1.8751 2.0840 2.1810 2.4055 2.2603 1.5217 2.0670 2.4204 2.7960 2.7361 0.5585 
4.0579 4.3102 4.0790 3.8428 3.6479 3.5072 3.3921 3.1391 3.0873 3.0915 2.9181 2.8862 2.9025 2.8276 2.8215 2.8113 2.7518 2.7697 2.7408 2.6865 2.7291 2.6260 2.6011 2.6963 2.6073 2.5966 2.7763 2.7942 2.8238 2.8484 2.8717 2.7856 1.6689 
3.6596 3.9569 3.6949 3.5203 3.1711 2.9718 2.6441 2.8068 2.8103 2.7827 2.6970 2.5743 2.6191 2.5468 2.4931 2.4667 2.5656 2.4245 2.4067 2.4146 2.4226 2.3318 2.3826 2.4044 2.3796 2.2806 2.0427 2.2648 2.3641 2.5342 2.5052 2.4379 1.3423 
3.8341 4.1121 3.3087 3.0984 1.9099 1.2375 2.5815 2.2115 2.3480 2.0635 1.8980 1.8926 1.7850 1.5006 1.4699 1.5651 1.3263 1.5044 1.3828 1.3626 1.5830 1.6573 1.5805 1.6854 1.8692 1.7042 1.9915 0.5595 1.0746 2.0970 2.1412 2.5529 1.6717 
2.9077 4.1047 3.9410 3.2659 3.1054 3.0626 2.9402 2.7857 2.6244 2.5908 2.5849 2.6112 2.6142 2.4950 2.4631 2.4429 2.3228 2.4025 2.3828 2.3635 2.4184 2.3741 2.2694 2.2008 2.1677 2.2464 2.3471 2.3524 2.2547 2.2889 2.7613 2.5579 0.3954 
4.1369 4.0223 3.9436 3.5654 3.1823 2.9811 3.0164 2.9290 2.5340 2.5204 2.4838 2.4625 2.4575 2.4092 2.2321 2.2830 2.2757 2.2232 2.1338 2.2363 2.2442 2.1869 2.1590 2.1343 2.0883 2.4157 2.4087 2.2677 2.3672 2.5771 2.7658 2.4926 1.8738 
3.4558 3.5456 3.5426 3.3046 2.9128 2.8881 2.7564 2.6325 1.9950 2.4136 2.4124 2.4127 2.3080 2.2188 2.1828 2.1789 2.0973 2.1361 2.0950 2.0776 2.0937 2.1370 2.0836 2.0370 1.5373 2.0998 2.1221 2.1767 2.0953 2.3435 2.3914 2.0363 0.9750 
3.3690 4.0383 3.2748 3.3268 2.9446 2.7709 2.8013 2.1959 2.5508 2.5305 2.4931 2.3802 2.3294 2.1789 2.2080 2.2138 2.1569 2.1691 2.1165 2.0486 2.1077 2.0959 2.1715 2.1491 2.1131 1.6920 2.1770 2.0674 2.1280 2.3843 2.1086 2.4965 1.5108 
3.9063 4.2617 3.5666 3.2590 2.7739 2.6955 2.6900 2.5786 2.7816 2.4512 2.3836 2.3263 2.3474 2.1403 2.0941 2.2104 2.1413 2.1657 2.0128 2.0113 2.1219 2.0615 2.0522 2.0713 2.3334 2.0670 2.0686 1.9832 1.9313 2.2948 2.3864 2.7448 1.5472 
4.1930 4.2083 4.0446 3.8083 3.4243 3.2286 3.1336 2.8540 2.4974 2.7569 2.7927 2.6897 2.4400 2.4314 2.4163 2.4173 2.3825 2.3800 2.3133 2.2716 2.2196 2.4210 2.4652 2.3805 2.0552 2.3404 2.5062 2.5150 2.5626 2.8048 2.8519 2.6726 1.9404 
4.0875 4.1700 3.7890 2.7145 2.6122 2.4123 2.4110 2.3884 2.4549 2.1277 2.6070 2.2653 2.4702 2.1153 1.8308 1.8174 1.4260 1.7786 1.7474 1.9815 2.2627 2.0181 2.2968 1.7627 2.0289 1.8283 1.7870 1.7124 1.8053 1.7428 2.5667 2.5965 1.7004 
2.6923 4.2533 4.0493 3.3187 3.2538 3.1347 2.9871 2.5566 2.9442 2.7762 2.6570 3.1216 2.5569 2.3560 2.4167 2.4810 2.4853 2.4375 2.3153 2.1732 2.3807 2.8436 2.3474 2.3985 2.4962 2.0469 2.3913 2.4223 2.4395 2.3778 2.8570 2.7461 -0.8056 
4.3232 4.6227 4.1701 3.9168 3.6504 3.4572 3.2896 3.3053 3.3719 3.3188 3.2836 3.2289 3.1754 3.1066 2.9225 2.8581 2.7540 2.8117 2.8295 2.9263 2.9631 2.9651 2.9660 2.9286 2.9008 2.7882 2.6981 2.7436 2.8253 2.9248 2.9368 3.1043 1.9565 
3.7482 3.9646 4.2738 3.9792 3.7505 3.6276 3.5414 3.5050 3.2907 3.2610 3.2737 3.0012 3.1805 3.1048 3.1554 2.9313 2.9525 2.8844 3.0680 2.9236 2.9715 2.7490 2.9570 2.8832 2.8411 2.9680 2.9181 2.9156 2.8989 3.0191 3.1073 2.4641 1.5861 
4.0955 4.5220 4.1830 3.8341 3.4754 3.3613 3.3016 3.1298 1.8127 3.0554 3.2195 3.1850 2.9595 2.4436 2.6330 2.7182 2.7092 2.6519 2.5276 2.2900 2.7676 2.9113 2.8912 2.6608 1.3609 2.5845 2.7137 2.6486 2.6273 2.8300 2.9586 2.9695 2.0251 
4.3853 4.5217 4.2349 3.7975 3.5384 3.4114 3.3197 3.2005 3.1179 3.1267 2.5317 3.1389 3.1188 2.9655 3.0324 2.8830 2.9623 2.8348 2.9113 2.8148 2.8916 2.8671 2.1869 2.7492 2.6641 2.6779 2.7349 2.7013 2.7347 2.7998 3.0493 2.9606 2.0925 
4.4221 4.5946 4.3172 3.7372 3.2488 3.1081 3.3499 3.4679 3.5004 3.3535 3.1256 3.1309 2.7538 2.3693 2.4205 2.2420 2.3322 2.1791 2.3092 2.1783 2.5272 2.8578 2.7977 2.9610 3.0535 2.9096 2.7490 2.3863 2.4163 2.7491 3.1324 3.0894 2.2391 
4.2701 4.3348 4.4162 3.8794 3.7156 3.5879 3.5106 3.5310 3.2522 3.1708 3.4630 3.1603 2.9997 2.7847 3.0715 2.8813 2.9948 2.8331 2.9432 2.6280 2.7907 2.8869 3.1336 2.7888 2.8129 2.9995 2.8876 2.8771 2.8790 2.8933 3.2213 2.8301 2.0720 
4.3655 4.7021 4.4674 4.0479 3.8796 3.7770 3.7157 3.7227 3.3974 3.4378 3.4723 3.2973 3.2906 3.2393 3.2107 3.1832 3.1677 3.1400 3.1234 3.1058 3.1079 3.0557 3.1416 3.0427 2.9221 3.1877 3.1132 3.0650 3.0633 3.0906 3.2507 3.1834 2.0876 
2.8036 4.0169 4.3509 3.9989 3.7467 3.5766 3.6514 3.5289 3.3840 2.9649 3.4061 3.2235 3.1108 3.1396 2.8933 2.8511 2.9696 2.8055 2.8047 2.9750 2.8837 2.9593 3.0923 2.5867 2.9123 2.9946 3.0648 2.8631 2.8941 3.0284 3.1814 2.5034 0.5667 
4.1136 4.2430 4.2588 3.7650 3.6135 3.5108 3.4388 3.2739 3.2818 3.2176 3.1133 3.1532 3.1314 2.9922 2.9938 2.9047 2.9426 2.8621 2.8862 2.8351 2.9026 2.8813 2.7823 2.8329 2.8342 2.7662 2.8044 2.7959 2.7959 2.7716 3.0924 2.7412 1.9831 
4.2407 4.1082 4.0041 3.6556 2.7638 2.1866 3.4480 3.2717 2.7323 3.3457 3.1211 2.1837 2.5296 1.8685 2.4813 2.0613 2.3809 2.0233 2.3962 1.7250 2.3389 1.9386 2.7893 2.9542 2.2634 2.7618 2.8133 1.4639 1.8979 2.6860 2.8299 2.5729 2.0698 
4.4627 3.9936 4.0156 3.1333 2.7166 2.7074 3.3156 2.7831 2.1759 2.8247 2.1005 1.3413 1.4090 1.9962 1.2286 1.6914 -0.7660 1.6467 1.1099 1.8164 1.1892 1.0857 1.7644 2.4432 1.7504 2.2473 2.7257 1.9960 1.8408 2.1067 2.8321 2.4540 2.2648 
4.2958 3.9456 4.1465 3.8424 3.2349 3.2495 2.1269 2.8127 2.5715 3.0992 2.9625 2.2021 2.6376 2.0671 2.4394 2.2655 2.2131 2.2037 2.3516 1.8993 2.4331 1.9582 2.6442 2.7149 2.1283 2.2863 1.4764 2.5329 2.4123 2.8423 2.9398 2.4198 2.1529 
4.4177 4.0624 3.8619 2.9413 2.8090 2.6227 2.9357 2.5101 2.4274 2.6049 2.3544 1.9731 2.0224 2.2467 2.1112 1.8606 2.0360 1.8130 2.0299 2.0987 1.7850 1.7076 2.0299 2.2190 1.9748 1.9894 2.3540 1.8866 1.9780 2.0214 2.6725 2.5135 2.2369 
4.2759 3.7832 3.8382 3.5888 3.1081 2.5718 3.3874 3.0058 3.0063 2.7791 2.4625 2.7288 2.5129 2.4418 2.4941 2.3831 2.3941 2.3208 2.4071 2.2867 2.3166 2.4451 2.1369 2.3983 2.5367 2.4695 2.7734 1.8597 2.2495 2.5967 2.6499 2.1987 2.1023 
3.7783 3.9404 3.6294 3.4209 2.8924 2.7424 3.2095 2.8395 2.7015 2.6778 2.4253 2.3210 2.4367 2.4126 2.4194 2.3256 2.3963 2.2617 2.3179 2.2423 2.2150 2.0561 2.0947 2.2810 2.2194 2.3137 2.5905 2.0228 2.0750 2.4258 2.4427 2.4255 1.6699 
3.8337 3.5300 2.9827 2.3495 2.3597 2.1630 1.6643 2.0903 2.0515 1.8372 1.4522 1.5683 1.4247 1.3881 1.2315 1.0953 1.3862 1.0504 1.1187 1.2361 1.2250 1.3214 1.1317 1.4532 1.5940 1.5627 1.0361 1.4574 1.5109 1.3588 1.7833 1.9959 1.6228 
3.8345 3.2984 3.0173 2.5921 2.5468 2.0605 2.1092 1.7044 1.4819 1.8786 1.6529 0.8064 1.2595 0.9251 1.3402 1.4515 1.3196 1.4032 1.2454 0.7465 1.0407 0.5838 1.3193 1.4865 1.0364 1.1450 1.4803 1.3469 1.7257 1.6357 1.8186 1.7501 1.6497 
3.2494 2.8928 2.8648 2.3382 2.0036 2.0294 2.1314 1.8280 1.5828 1.8255 1.7587 1.1814 1.0254 1.2339 1.1566 1.3884 1.2913 1.3524 1.0475 1.0624 0.8024 0.9186 1.4268 1.4505 1.1110 1.3237 1.5054 1.3213 1.1668 1.3302 1.6963 1.3619 1.1027 
3.1438 3.1382 2.8295 2.2763 2.0259 1.3400 2.0429 1.5169 1.7412 1.4968 1.7388 1.6727 1.3191 1.0665 1.1596 1.5415 1.4572 1.4818 1.0584 0.9304 1.0907 1.3889 1.4109 1.1084 1.3080 0.9999 1.4104 0.6152 1.1569 1.2954 1.6495 1.6078 1.0168 
3.2498 2.7744 1.9597 2.3188 1.6684 1.9873 1.6971 1.2740 1.2369 0.9850 1.2990 1.1376 0.7937 -0.8056 1.0944 0.4601 1.2363 0.4104 1.0030 -1.0494 0.6114 0.8910 0.9713 0.6045 0.7645 0.7281 1.0655 1.2761 0.8284 1.3397 0.7509 1.2006 1.0396 
2.7890 2.6114 2.1136 1.7918 2.0997 1.9389 1.6636 1.2136 1.3193 1.3146 0.6850 1.2021 0.4538 0.9754 1.3328 0.9987 1.3754 0.9626 1.2238 0.8103 0.2460 0.9592 0.3539 0.9258 0.8503 0.6937 1.0327 1.2164 1.2846 0.8397 0.9209 1.0762 0.6333 
1.9542 2.4870 2.1382 1.9701 2.0642 1.6140 1.0563 1.3223 1.0308 1.0506 1.2427 1.2402 -0.0907 1.0210 -0.0843 1.1222 1.3805 1.0846 -0.1785 0.8641 -0.2977 0.9807 0.9236 0.6727 0.6064 0.7614 0.4569 0.8971 1.2344 0.9809 0.9593 0.9790 -0.0589 
2.8919 2.5812 2.4063 1.7602 1.7918 1.5598 1.7994 1.4693 1.8289 1.7239 1.6141 1.5216 1.5557 1.4575 1.0471 0.4927 1.1903 0.4234 0.9631 1.3224 1.3557 1.2820 1.3015 1.3434 1.3884 0.9703 1.1842 0.8555 0.9784 0.7509 1.2071 1.0362 0.6875 
2.3423 2.4106 1.8871 1.4452 1.6853 1.3779 1.2657 1.5344 1.3224 1.0075 1.5040 0.7722 0.9025 0.7966 0.9935 1.0150 0.6332 0.9731 0.8976 0.6530 0.6818 0.5125 1.1868 0.6307 0.8515 1.0131 0.6521 0.6591 0.8447 0.4370 0.7144 0.8678 0.1593 
0.3224 2.0248 1.1403 1.2563 1.3221 0.6958 1.4881 0.8887 1.0381 1.2544 0.9378 1.3232 0.7254 0.6863 1.0805 1.1976 0.7884 1.1372 0.9940 0.5329 0.5403 1.0432 0.6061 0.8625 0.6041 0.3471 0.8948 0.0149 0.4823 0.2698 0.0253 0.4741 -0.9920 
3.0387 2.4765 1.9292 1.8555 1.8182 1.6742 1.6816 1.6821 1.1920 0.7462 1.3874 1.3654 1.4123 1.4896 1.3075 0.6292 1.1543 0.5961 1.1772 1.3531 1.2085 1.0941 1.0621 0.3668 0.7343 1.1264 1.0511 0.9593 0.9987 0.8921 0.7237 0.9210 0.7989 
2.8269 2.1730 1.8885 1.7719 1.7617 1.4394 1.3434 1.4655 1.4133 0.9251 1.0501 1.2952 1.1958 0.2075 1.0079 1.0747 0.4197 1.0284 0.9160 0.0354 0.9953 1.0124 0.7195 0.5191 0.9733 0.9679 0.7207 0.7329 0.9539 0.7760 0.6815 0.5964 0.5977 
2.7498 2.1329 1.7097 1.1397 1.4136 1.1523 1.2759 1.2944 0.6665 1.3071 0.8729 1.3292 1.2196 1.2491 1.3342 1.3542 1.2247 1.3147 1.2263 1.0831 1.0128 1.0507 0.5592 0.9140 0.2364 0.7405 0.6503 0.4380 0.6063 0.1778 0.5224 0.5944 0.5241 
2.7753 2.4633 2.0868 2.0260 1.8386 1.7579 1.2802 0.6611 0.9261 1.1465 1.0678 1.2642 0.9856 1.5047 1.1423 1.0433 1.0910 0.9986 1.0479 1.3648 0.7547 0.9963 0.7419 0.7595 0.4420 0.1266 0.6495 1.0431 1.0197 1.0229 0.9089 0.9270 0.5596 
2.0630 2.3623 2.0379 1.5808 1.7492 1.5354 1.3371 1.3327 1.0144 1.3605 1.3616 0.3585 1.0565 1.4750 0.8382 0.9685 1.2775 0.9255 0.7275 1.3425 0.8568 0.1119 1.0326 0.9837 0.5736 0.7800 0.7049 0.8280 0.9398 0.6092 0.8318 0.8089 -0.1326 
2.7704 2.0148 1.6103 1.5000 1.2442 1.1064 1.3177 0.9743 0.8106 0.6311 1.1761 0.9663 0.9568 0.7071 0.8132 0.9775 0.7748 0.9351 0.7115 0.5719 0.7265 0.6857 0.8614 0.2519 0.3529 0.4183 0.6841 0.3936 0.3906 0.5251 0.3772 0.3717 0.5032 
2.9611 2.5350 2.0100 1.8681 1.4835 1.6737 1.5366 1.4653 1.3496 1.3066 1.3098 0.9917 1.1701 1.2121 1.3467 0.8867 0.8144 0.8230 1.2442 1.0548 0.9794 0.7176 0.9771 0.9125 0.8967 0.9643 0.9480 0.9608 0.6603 0.9039 0.7749 0.9878 0.7262 
2.4225 2.4321 1.7477 1.4441 1.7378 1.3900 1.0920 1.2467 1.3703 1.1032 1.3264 1.1926 0.7405 1.0931 1.3649 0.9253 1.3052 0.8691 1.2723 0.9651 0.5399 0.9525 0.9984 0.7175 0.9318 0.7102 0.4737 0.6799 0.9222 0.4613 0.5637 0.8988 0.1965 
1.1562 2.0608 1.3025 1.3708 0.7832 1.3339 1.0742 1.7419 1.7585 1.5229 1.0821 1.1132 0.7591 0.9907 1.4661 0.6011 1.4813 0.5620 1.3776 0.8279 0.5804 0.8675 0.7533 1.1293 1.3228 1.2161 0.4684 0.6201 -0.0228 0.3870 0.0374 0.5359 -1.1196 
1.7612 1.7544 1.6702 1.3110 1.2533 0.7440 0.9767 0.9579 0.6225 1.0190 1.1456 0.8240 0.6279 0.5811 0.4289 1.0746 0.7213 1.0293 0.3257 0.3914 0.3991 0.5936 0.8251 0.6425 0.1568 0.3927 0.3543 0.0164 0.4065 0.3003 0.4537 0.2528 -0.3946 
2.1793 2.2161 1.7828 0.7422 1.4634 1.6837 1.3997 1.6452 1.4817 1.2556 0.8415 1.1176 0.4921 1.2347 1.0909 1.4298 0.9190 1.3832 1.0010 1.0714 0.2899 0.8711 0.5234 0.8621 1.0366 1.0950 0.7734 0.9708 0.6503 -0.2365 0.6014 0.6850 -0.0797 
1.6941 2.0393 1.3563 0.8535 1.3931 0.8010 1.3915 0.7136 1.3337 0.5978 1.1330 0.6289 1.0248 0.8209 0.3923 0.9022 0.2203 0.8351 0.2914 0.6704 0.8115 0.3439 0.8158 0.2254 0.8706 0.2340 0.7657 0.1198 0.5847 -0.0767 0.1385 0.5259 -0.6755 
2.1788 1.5927 1.3933 1.3827 1.3098 1.0231 1.5697 1.3321 1.5261 1.6067 1.3870 1.3502 1.1817 1.1568 1.3266 1.2753 1.1213 1.2084 1.2113 1.0145 0.9859 1.0757 1.0639 1.2132 1.0762 0.7780 0.9717 0.3131 0.4521 0.3876 0.1991 -0.0212 -0.0922 
2.4420 2.0869 1.6490 1.4464 1.3286 0.8187 0.9873 0.9931 1.3451 1.1082 1.1614 0.8774 1.1675 0.4864 0.8010 0.7919 -0.0716 0.7450 0.7021 0.3352 0.9774 0.6237 0.8412 0.7320 0.8904 0.4615 0.3652 0.1048 0.4756 0.4707 0.4293 0.5777 0.2598 
2.1852 1.9276 1.5578 1.4934 1.5334 1.3817 0.9686 0.6434 1.0205 0.9486 0.8343 1.0873 1.2279 0.6424 0.1513 0.9852 -0.0203 0.9498 0.0302 0.4737 1.0181 0.8235 0.5210 0.5460 0.5925 0.1107 0.3386 0.6645 0.7089 0.5235 0.3594 0.3861 0.0236 
2.1796 2.0219 1.6997 1.2066 1.4332 0.6494 1.0327 0.9509 1.2396 0.7792 1.4023 1.2819 1.6537 1.2832 1.2183 0.9581 0.6737 0.8966 1.1047 1.1043 1.4218 1.0092 1.0783 0.3928 0.7647 0.3947 0.4032 -0.0790 0.6151 0.2617 0.4861 0.4571 0.0074 
-0.7534 1.7861 1.2400 1.0390 0.2631 1.2256 1.6522 1.2156 0.8434 1.1929 1.2280 0.9861 -1.0759 1.0931 1.1991 1.2146 0.6171 1.1535 1.0957 0.9627 -1.3051 0.7093 0.9138 0.8026 0.3802 0.6793 1.0204 0.5272 -0.6462 0.0627 0.0103 0.2666 -1.0389 
2.7095 2.3447 1.8664 1.3255 1.4650 1.6789 1.4693 1.1066 1.5856 1.4330 0.9876 1.1622 0.8771 0.9852 1.2433 0.9680 0.7846 0.9225 1.1216 0.8192 0.6589 0.9225 0.6623 1.0468 1.1175 0.6065 0.8688 0.9673 0.6541 0.3477 0.6760 0.7700 0.4933 
1.3663 1.3380 1.0984 0.8721 0.7467 0.4392 1.2357 0.9402 1.1594 0.8307 0.4879 -0.3400 0.3049 0.9322 1.0463 0.9361 0.1885 0.8664 0.9640 0.7517 0.0799 -0.5869 0.1739 0.4357 0.7102 0.3915 0.6278 -0.2207 -0.0641 -0.0997 -0.0785 -0.1820 -0.7011 
1.4418 2.1446 1.3469 1.4632 1.8231 1.4018 1.4339 1.6124 1.6480 1.4087 1.3655 0.3916 1.2877 1.3971 1.2078 1.2517 1.0161 1.1845 1.1007 1.2548 1.0605 0.1034 1.0354 1.0259 1.1708 1.0691 0.8248 0.6988 1.0100 0.5241 0.1029 0.6395 -0.5204 
1.1757 1.7426 0.8745 0.9943 1.0682 1.0186 0.9990 1.3015 0.6412 0.8064 0.6473 0.6329 1.0044 1.1715 0.6938 0.8957 0.7592 0.8301 0.6075 1.0255 0.7782 0.3624 0.3267 0.4153 0.1780 0.7465 0.3749 0.3121 0.2590 0.0133 -0.2249 0.2439 -1.8671 
1.0973 0.3917 1.4639 0.9154 1.3435 1.0854 1.2819 1.2665 1.2352 0.8705 1.1015 1.3018 1.1231 1.3363 1.1099 1.3669 0.8899 1.3272 1.0239 1.1654 0.9519 1.0184 0.7710 0.4655 0.7609 0.7177 0.6557 0.3656 0.5141 -0.0825 0.2986 -1.1041 -1.3301 
2.5203 2.3554 1.8337 1.8580 1.6991 1.0507 1.7130 1.3811 1.3407 1.3584 1.4023 1.5034 0.6741 1.3523 1.3721 0.9865 0.7281 0.9470 1.2839 1.1908 0.4406 1.2597 1.0783 0.9799 0.8882 0.8458 1.0915 0.3589 0.8552 0.9035 0.6547 0.7868 0.3104 
2.6474 2.0308 1.5022 1.1701 1.0105 1.1996 1.1832 1.0828 0.1346 1.0293 0.9085 0.5501 0.2426 1.0133 0.9719 0.3256 -0.0794 0.2787 0.8587 0.8619 0.0002 0.2789 0.5882 0.6522 -0.3012 0.5769 0.5915 0.4801 0.1784 0.2199 0.3330 0.4498 0.4171 
1.7351 1.3389 1.3437 1.2037 0.8096 1.3123 1.3803 1.0481 1.3911 1.3953 0.8059 0.6356 0.7105 0.3521 0.7843 -0.1024 0.3037 -0.1378 0.6923 0.2118 0.5076 0.3660 0.4783 1.0157 0.9554 0.5336 0.7531 0.6006 -0.0243 0.2401 0.1467 -0.1627 -0.4605 
