3.5423 2.9018 2.5988 2.1990 2.0934 2.0453 1.9309 1.9292 1.6528 1.7335 1.5002 1.2344 1.4471 1.4629 1.2219 1.1638 0.9230 1.1070 1.1039 1.3253 1.2737 0.9713 1.2025 1.3654 1.2303 1.3997 1.3243 1.3604 1.3066 1.2675 1.4200 1.3622 1.3960 
3.4602 2.7973 2.1682 2.3823 1.9997 2.0109 2.0398 2.1214 1.8843 1.5331 1.4707 1.9210 1.7553 1.3161 0.2218 1.2460 -0.8005 1.1778 0.0612 1.1702 1.5887 1.6566 1.1687 1.1564 1.4298 1.6334 1.4427 1.3240 1.2004 1.4251 0.9995 1.2846 1.3167 
3.3188 2.5860 2.2180 2.1215 2.0455 1.7927 1.1374 1.5107 1.4552 1.2550 1.0742 1.4117 1.5384 1.4224 1.2055 1.4056 1.2285 1.3611 1.0874 1.2939 1.3304 1.1685 0.7708 0.8853 1.0221 0.9945 0.5773 1.1141 1.2692 1.1935 1.0516 1.0267 1.1479 
3.0578 2.3256 2.0968 1.5269 1.6607 1.7960 1.5401 1.7029 1.4495 0.7795 1.4712 0.9856 1.0759 1.3297 1.2270 1.3881 1.1364 1.3426 1.1062 1.1859 0.9130 0.7206 1.1651 0.4168 1.0204 1.2053 0.9520 1.1144 0.8706 0.5904 0.9617 0.7624 0.9284 
2.3454 2.1718 1.4390 1.7050 1.3125 1.8077 1.2174 1.3095 1.6162 1.6092 1.3888 1.3149 1.7232 1.8044 1.3349 1.7999 1.8730 1.7510 1.2587 1.6650 1.5347 1.0573 1.0689 1.2362 1.1669 0.7949 0.6202 1.1226 0.5394 0.7529 0.3380 0.6860 0.2461 
1.4415 2.3730 2.1844 1.8212 1.4613 1.5097 1.1729 0.6670 1.4144 1.5186 1.9103 1.6100 1.4861 1.4341 1.4545 1.7520 1.8238 1.7103 1.3654 1.3040 1.2942 1.3401 1.6062 1.1487 0.9951 0.1842 0.6051 0.8181 0.6581 0.8974 1.0437 0.9352 -0.8303 
2.7572 2.4239 1.9076 1.9782 1.8442 1.7542 1.4699 1.3328 1.2645 1.3357 0.7008 1.4499 1.4382 1.2412 1.4959 1.1761 1.0618 1.1208 1.3954 1.0636 1.2679 1.2174 0.3758 0.9716 0.8069 0.8271 0.8979 1.0708 1.0396 1.0271 0.7262 0.9451 0.6199 
1.3399 1.4795 1.5194 1.6112 1.6017 1.1309 1.3100 1.6138 1.5742 1.6750 1.4619 1.3630 1.3190 1.3714 1.0439 1.3580 0.8825 1.3149 0.9590 1.2448 1.1096 1.1034 1.1578 1.3089 1.1156 1.0790 0.7131 0.4470 0.7720 0.6513 0.3748 0.0172 -0.7133 
2.3957 2.4089 2.2433 1.9765 1.6947 1.2974 1.7825 1.6183 1.6972 1.1488 1.6667 1.8736 1.5476 0.9413 1.5205 1.3555 0.2683 1.3130 1.4093 0.7836 1.3371 1.6264 1.3552 0.7830 1.2761 1.0854 1.2172 0.6027 0.9171 1.0219 1.0719 0.9472 0.2325 
2.6193 2.0842 1.0323 1.3539 1.2854 1.2622 1.3895 1.8135 0.7708 1.0610 0.9675 1.1719 1.0229 0.9176 1.0619 1.2776 0.7866 1.2298 0.9748 0.7342 0.8346 0.9323 0.6586 0.6865 0.3228 1.3136 0.8176 0.5664 0.4939 0.3983 -0.1517 0.6542 0.4712 
2.0491 2.4174 2.3349 2.0011 1.7054 1.5846 1.6120 1.7802 1.6979 1.0622 1.0048 1.3777 1.5908 0.8505 1.3429 0.9949 1.2741 0.9596 1.2639 0.6884 1.3688 1.1216 0.7026 0.6972 1.2773 1.2903 1.0088 0.9140 0.9208 1.0459 1.1980 0.9649 -0.0487 
2.9819 1.9827 1.2302 1.2823 1.4521 1.3642 1.5308 1.7546 1.8664 1.9430 1.7035 1.4824 1.0946 1.0600 1.4427 1.5093 1.4105 1.4509 1.3546 0.9344 0.9256 1.2559 1.3918 1.5624 1.4130 1.2727 0.9442 0.6924 0.6597 0.2876 0.0261 0.3907 0.8102 
1.0399 2.2876 1.8877 1.9560 0.9226 1.3944 1.7342 2.0888 1.7179 2.0095 1.3960 1.6761 1.2985 1.2861 0.4662 1.0842 -0.2606 1.0432 0.3467 1.1213 1.0841 1.4104 1.0685 1.6443 1.2946 1.6057 1.1504 0.7166 0.0870 0.9988 0.7236 0.8062 -0.9294 
2.0452 1.8077 1.6805 1.5703 1.6195 1.6900 1.5591 1.5872 1.6727 1.2596 1.4152 1.6777 1.6033 1.3575 0.9983 1.5462 1.6044 1.4866 0.9177 1.2263 1.3813 1.4117 1.1134 0.8894 1.2582 1.0580 0.9701 1.0099 0.8100 0.6344 0.5899 0.3891 -0.2181 
0.8515 1.9674 1.8535 1.3524 1.5660 1.6242 1.9436 1.8827 1.6918 1.6625 1.2922 1.0595 1.5204 1.4071 1.6167 1.3168 1.1161 1.2778 1.5038 1.2796 1.3208 0.8136 0.9745 1.2969 1.2723 1.3643 1.3327 0.9414 0.7464 0.3944 0.7015 0.4907 -2.3479 
1.9856 1.6930 1.6339 0.9964 0.4079 1.0473 1.4037 1.2780 1.3486 1.5186 1.6444 0.3182 1.4131 1.7184 1.6338 1.3404 0.9902 1.2984 1.5332 1.5937 1.2510 0.0400 1.3271 1.1473 0.9287 0.7389 0.8225 0.3644 -0.3726 0.0388 0.4838 0.2387 -0.1335 
2.7253 2.2960 1.9883 1.9655 1.9494 1.2607 1.8338 1.6623 1.6096 1.7336 1.3659 1.4074 1.8337 1.6605 1.3361 0.6270 0.9808 0.5819 1.2575 1.5077 1.6432 1.1679 1.0529 1.3643 1.1520 1.1525 1.2637 0.5758 1.1228 1.0063 0.8340 0.7591 0.5848 
3.0087 2.4650 2.0424 1.7295 1.7335 1.9745 1.9175 1.7597 1.5919 1.6987 1.8218 1.7175 1.7276 1.3329 0.9488 1.5641 1.6526 1.5017 0.8441 1.1904 1.5386 1.4590 1.5177 1.3294 1.1280 1.2746 1.3129 1.2873 0.9448 0.7639 0.9014 0.9591 0.8469 
3.4371 2.8796 2.6876 2.3747 2.2109 2.0066 2.2453 1.2745 2.2787 1.8861 2.0655 2.0384 1.7246 1.7020 1.2288 1.5400 1.5679 1.4801 1.1064 1.5721 1.5340 1.7762 1.7509 1.5035 1.8186 0.7298 1.6494 1.3243 1.4034 1.4204 1.5400 1.3593 1.2957 
3.6223 2.9291 2.8122 2.6489 2.4414 2.2976 1.9812 2.0814 2.3228 2.1937 2.1081 1.8300 2.0096 2.0044 1.6092 1.7188 1.5384 1.6742 1.4894 1.8548 1.8010 1.6012 1.8006 1.8179 1.8886 1.5955 1.3830 1.6143 1.6599 1.6891 1.6720 1.3767 1.4468 
3.7302 3.0771 2.6516 2.3755 2.0918 2.3126 2.1007 2.0933 2.0980 2.0908 1.8540 1.9233 1.9145 1.3621 1.8428 1.8949 2.0020 1.8336 1.7412 1.2333 1.6982 1.6576 1.5527 1.7219 1.6735 1.6102 1.5246 1.6269 1.3032 1.4171 1.4809 1.5640 1.6063 
3.9407 3.8698 3.6008 3.3877 3.2123 3.0930 3.0242 2.9804 2.8348 2.7546 2.7110 2.6677 2.6637 2.6669 2.5260 2.5582 2.5693 2.4990 2.4252 2.5058 2.4434 2.4026 2.3985 2.3850 2.4019 2.4412 2.4251 2.4079 2.4102 2.4347 2.4362 2.3906 1.7481 
3.0192 4.0996 3.4650 2.6614 2.4959 2.5823 2.4542 2.3687 2.4383 2.4333 1.8507 1.6212 1.4640 1.2730 1.3042 1.3610 1.3313 1.3085 1.2373 1.0533 1.2865 1.3806 1.5680 2.0627 2.0087 1.8644 1.8572 1.9137 1.7373 1.7541 2.3508 2.6426 1.0724 
4.6713 4.6963 4.2771 3.7838 3.4431 3.2546 2.8531 3.2190 3.3162 3.3258 3.1880 2.9900 2.8442 2.8393 2.7929 2.8101 2.7797 2.7676 2.7066 2.6990 2.6605 2.7200 2.8851 2.9564 2.8564 2.7112 2.2879 2.5708 2.6591 2.8337 3.1130 3.1950 2.4610 
4.0051 4.0895 4.2087 3.8934 3.6993 3.5610 3.5806 3.2582 3.3719 3.5874 3.1356 3.4960 3.0737 3.2357 3.1455 3.1342 3.0978 3.0939 3.0567 3.0818 2.8860 3.2590 2.8371 3.2113 2.9572 2.7302 3.0008 2.8805 2.9029 2.9775 3.0720 2.6485 1.8355 
3.3608 4.5109 4.5053 3.9801 3.7341 3.5938 2.8460 3.6538 3.4961 3.2631 3.3823 2.8746 3.4416 3.3409 2.8907 3.0264 2.9566 2.9884 2.7808 3.1713 3.2556 2.6338 3.0694 2.8871 3.0664 3.1205 2.2761 2.9114 2.9547 3.0204 3.3787 3.0539 1.6837 
4.6490 4.7613 4.4076 4.1643 3.9345 3.7064 3.6356 3.5476 3.4641 3.2606 3.4050 3.4025 3.3477 3.4361 3.3260 3.1959 3.1622 3.1400 3.2097 3.3145 3.1266 3.1398 3.0926 2.8807 3.0371 3.0418 3.0317 3.0213 3.1211 3.2337 3.2565 3.2991 2.3628 
4.0171 4.4928 4.1923 4.0386 3.7528 3.5693 3.6064 3.4210 3.5740 3.4888 3.2200 3.4189 2.9631 2.8026 2.8012 2.7928 1.7641 2.7497 2.7116 2.6732 2.7342 3.1583 2.9188 3.1201 3.1282 2.9189 3.0157 2.8875 2.9799 3.0910 3.0553 3.0322 1.5669 
3.6763 4.6268 4.5643 3.4996 3.6079 3.4604 3.3436 3.4232 3.7192 3.4359 3.4039 3.3181 3.0222 3.3216 3.2107 3.1300 3.1363 3.0898 3.1103 3.1447 2.8067 3.0454 3.0917 3.0652 3.3002 2.9331 2.7394 2.7764 2.7898 2.5664 3.4213 3.1457 0.9843 
4.2977 4.6115 4.4865 4.3450 4.0032 3.8147 3.7398 3.6929 3.7163 3.4089 3.3895 3.3544 3.2039 3.2012 3.2235 3.2063 3.1813 3.1496 3.1192 3.0559 3.0139 3.0891 3.0763 3.0403 3.2929 3.1679 3.1401 3.1291 3.1770 3.3825 3.3540 3.1263 2.2220 
4.1473 4.1065 4.1356 3.8094 3.7949 3.7225 3.6923 3.5592 3.4883 3.4162 3.3557 3.3195 3.3411 3.2879 3.2177 3.1841 3.1532 3.1291 3.1162 3.1190 3.1220 3.0467 3.0400 3.0485 3.0615 3.0514 3.0896 3.0384 3.0099 2.8798 3.0121 2.6474 2.0547 
3.2179 4.1161 3.6400 3.4344 3.1507 3.0237 2.3759 2.7833 2.7432 2.7280 2.6301 2.6326 2.4107 2.4337 2.4336 2.4638 2.3597 2.4220 2.3446 2.3060 2.2353 2.3593 2.3122 2.3612 2.3259 2.3080 1.8233 2.3348 2.3725 2.4842 2.4931 2.6536 1.4519 
3.7490 4.4961 3.9927 3.9684 3.4660 3.4380 3.1903 3.0954 3.0851 2.9888 2.9188 3.0009 2.5975 2.8592 2.7192 2.6509 2.6754 2.6049 2.6403 2.7141 2.3785 2.7344 2.6195 2.6243 2.6621 2.6055 2.6258 2.7530 2.6796 3.0209 2.8088 3.0387 1.7908 
3.6656 4.5060 4.4379 3.3943 3.6723 3.5575 3.5645 3.2827 3.3298 3.3200 3.2279 3.2416 3.3669 3.1920 3.0684 3.0772 3.0244 3.0340 2.9882 3.0479 3.1534 2.9969 2.9278 2.9453 2.8810 2.7565 2.9883 2.8774 2.8565 2.4193 3.3149 3.0538 1.8102 
4.5027 4.4793 4.4867 4.3422 4.0766 3.8209 3.6917 3.6682 3.4805 3.4664 3.4607 3.4272 3.4354 3.3513 3.2888 3.2371 3.2190 3.1781 3.1671 3.1900 3.2444 3.1699 3.1448 3.1024 3.0546 3.1300 3.0894 3.1343 3.2934 3.3799 3.3546 3.0196 2.3412 
3.8123 4.0959 4.0133 2.9387 3.2832 3.1678 3.2380 3.1388 3.3168 3.0515 2.9836 2.9000 2.9336 2.8046 2.7824 2.7948 2.7589 2.7539 2.6980 2.6740 2.7192 2.6558 2.6660 2.6861 2.8569 2.6568 2.6597 2.4917 2.4683 1.9716 2.8491 2.6515 1.6481 
3.1683 4.4868 4.1723 4.1553 3.7748 3.5012 3.3757 3.3448 3.3520 3.4934 3.3591 3.3613 3.4184 3.0462 3.1273 3.1057 3.1063 3.0604 3.0423 2.9040 3.2214 3.0995 3.0429 3.1247 2.9129 2.8212 2.7764 2.8166 2.9915 3.2337 3.0372 3.0267 0.6385 
4.0723 4.8028 4.7643 4.4240 4.0871 3.9918 3.8936 3.8098 3.6070 3.6677 3.5921 3.1077 3.4717 3.6704 3.4515 3.4145 3.3231 3.3720 3.3628 3.4961 3.3074 2.8541 3.2910 3.2988 3.1517 3.3278 3.3244 3.3088 3.3120 3.4678 3.6355 3.3506 2.1311 
4.0527 4.4205 4.4364 3.9504 3.9440 3.8177 3.7351 3.6697 3.5274 3.5060 3.4683 3.3532 3.5118 3.3852 3.3393 3.2557 3.3937 3.1965 3.2331 3.2396 3.3353 3.0872 3.1618 3.1343 3.0946 3.1337 3.1349 3.1357 3.1286 3.0159 3.3196 2.9647 1.7794 
4.1999 4.6536 4.4431 4.1469 3.8459 3.6639 3.5394 3.4741 3.4302 3.3455 3.0841 3.5050 3.4606 3.1527 3.2104 3.1610 3.1912 3.1171 3.1108 3.0188 3.2773 3.2771 2.7683 2.9813 3.0092 2.9908 2.9755 2.9808 3.0558 3.2229 3.3302 3.1378 1.5079 
4.3329 4.9129 4.7387 4.1602 3.5824 3.3722 3.2130 2.9003 3.3889 3.2175 3.5744 3.6701 3.1116 3.2654 2.9900 2.9186 3.0995 2.8566 2.8783 3.1044 2.9245 3.3995 3.2748 2.8388 2.9724 2.3806 2.6434 2.6914 2.7787 3.2267 3.5895 3.4408 1.6197 
2.8561 4.5539 4.1043 3.9346 3.8534 3.7233 3.6100 3.3242 3.7777 3.4964 3.3730 3.6459 3.3910 3.4344 3.4176 3.4478 3.0052 3.4009 3.3364 3.3127 3.1878 3.3758 3.0623 3.1248 3.3541 2.7891 3.0176 3.0399 3.0633 3.0025 2.9737 3.0856 1.6602 
4.0668 4.3651 4.6523 3.6195 3.7248 3.5867 3.6266 3.6664 3.7470 3.5847 3.7259 3.1212 2.9082 2.8949 3.2544 3.0205 0.9977 2.9812 3.1374 2.7465 2.6987 2.8858 3.4105 3.2070 3.3281 3.1313 3.0270 2.9010 2.9371 2.6853 3.4920 2.8549 1.5228 
2.6530 4.7768 4.7734 4.5032 4.1284 4.0049 3.7253 3.5023 3.8455 3.9599 3.8158 2.6395 3.5163 3.5548 3.3566 3.3104 3.0449 3.2471 3.2592 3.4061 3.3374 2.3699 3.5089 3.5811 3.4169 3.0127 3.1222 3.3199 3.3429 3.5695 3.6467 3.3303 1.7424 
4.4394 4.4786 4.0699 2.7618 3.0991 2.8939 2.8835 3.7582 3.7558 3.3917 3.8160 3.3587 2.7649 2.9390 2.6377 3.1564 2.5277 3.1123 2.5344 2.7643 2.5580 3.0970 3.5092 3.0263 3.3340 3.2598 2.3346 2.1610 2.3125 2.0071 2.9488 2.9932 2.2047 
4.3935 4.5101 4.8317 4.0446 3.4623 3.2100 3.5046 3.7275 3.4148 3.3867 3.5320 2.9767 2.6431 3.2058 2.7567 2.4352 2.5042 2.3980 2.6709 3.0581 2.4216 2.7073 3.2269 3.0237 2.9930 3.2188 2.9368 2.5146 2.6702 3.0705 3.7005 3.0646 2.1871 
4.5469 4.7942 4.6925 4.3738 4.1451 4.0259 3.8949 3.8469 3.5598 3.3916 3.0699 3.3271 3.2019 2.9275 3.0694 3.1962 2.8922 3.1398 2.9895 2.7631 3.0126 3.0563 2.7599 3.0249 3.1184 3.3548 3.3248 3.3402 3.3548 3.4155 3.5183 3.3399 2.3424 
3.8054 4.1242 4.4852 4.0769 3.8399 3.6901 3.8514 3.3343 3.2118 3.3307 3.0490 3.3910 3.2986 3.2328 3.1538 3.0852 3.0874 3.0425 3.0620 3.0813 3.0774 3.1259 2.7372 2.9673 2.7656 2.8022 3.2853 3.0073 3.0571 3.1263 3.3567 2.6442 1.2920 
3.8641 4.3475 4.8558 4.5796 4.0544 3.8763 4.0431 4.1256 3.4092 3.9795 3.5803 3.3841 3.2393 3.4615 3.5119 3.3409 3.4630 3.2996 3.4186 3.3344 3.0353 3.1223 3.2750 3.6006 2.9914 3.6364 3.4452 3.1894 3.2581 3.6546 3.7290 2.8846 1.8888 
3.7092 4.4331 4.6405 3.5115 3.8139 3.7947 3.7917 3.4386 3.4622 3.2326 3.0721 3.0842 3.0118 2.9802 3.1850 3.1183 2.9557 3.0731 3.0898 2.8004 2.7897 2.8245 2.7606 2.8552 3.0341 2.9471 3.2001 3.1052 3.0229 2.5452 3.4689 2.9865 -0.1543 
3.6910 3.9925 4.7183 4.3068 3.7703 3.3978 3.7297 3.2545 3.3063 3.7171 3.0689 2.8705 2.4590 3.1090 2.6596 2.6472 0.2451 2.6055 2.5532 2.9828 2.3037 2.6409 2.7560 3.3521 2.8481 2.7351 3.1284 2.7275 2.9968 3.3552 3.5657 2.4637 0.3781 
1.6626 4.3476 4.7193 4.5107 4.0455 3.9644 3.7340 3.3095 3.6817 3.2442 3.4656 3.4241 3.1262 3.4791 3.3399 3.2221 3.2936 3.1646 3.2315 3.3515 2.9589 3.1644 3.1561 2.8643 3.2374 2.7762 3.1294 3.2784 3.2379 3.5789 3.5730 2.8686 1.3070 
4.0978 4.4129 4.6763 3.4007 3.7023 3.7298 3.6964 3.6381 3.3654 3.5011 3.0242 3.2322 3.2364 3.4013 3.2145 3.1702 3.2234 3.1215 3.1135 3.2646 3.0364 2.9913 2.7081 3.1270 2.9358 3.1083 3.0939 3.0427 2.8857 2.4697 3.4992 2.9641 1.7539 
3.3524 3.7299 4.6261 4.4160 3.8957 3.6982 3.6739 3.3316 3.3439 2.9562 3.5074 3.3541 3.1580 3.4091 3.1265 3.1246 3.0978 3.0842 3.0407 3.2764 2.9868 3.0886 3.2074 2.5746 2.9032 2.8072 3.0646 3.0198 3.0979 3.4657 3.4660 2.3186 1.3044 
3.3165 3.7403 4.7252 4.6112 4.1217 4.0050 3.6615 3.7550 3.6776 3.3155 3.6778 3.3774 3.3964 3.3359 3.3759 3.4077 3.3717 3.3658 3.2916 3.1668 3.1927 3.1173 3.3604 2.9388 3.2293 3.2570 3.0508 3.3182 3.3370 3.6746 3.5858 2.3148 1.3639 
3.7362 4.3899 4.5423 4.5315 4.3478 4.0584 3.4447 3.1456 3.3719 3.4613 3.5457 3.4958 3.3953 3.4145 3.3681 3.2833 3.1960 3.2206 3.2789 3.2828 3.1908 3.2601 3.2420 3.0905 2.9461 2.6633 2.8548 3.3715 3.5187 3.6064 3.4056 2.9382 1.8024 
3.8695 4.0009 3.9770 3.7738 3.4935 2.6615 3.8043 3.0306 2.8735 3.1961 2.5930 2.9682 2.9693 2.1187 2.4353 2.4919 2.0208 2.4360 2.3520 1.9998 2.7416 2.7015 2.2989 2.8160 2.4292 2.5377 3.2196 2.0117 2.7103 2.8243 2.8113 2.4760 1.6559 
2.7425 3.1819 3.6388 3.4141 1.9678 2.5238 2.6517 2.4040 2.0634 2.4273 2.7920 2.3950 1.6980 1.9684 1.3450 1.7858 1.7635 1.7418 1.2640 1.7998 1.4885 2.1362 2.4897 2.0495 1.6482 1.9180 2.0516 1.8477 1.1247 2.4597 2.4704 1.7100 0.8741 
3.5017 3.6897 3.6891 3.4784 2.9835 2.9812 2.2278 1.8992 2.0479 2.0948 2.2059 1.9342 1.7405 1.6012 1.7656 1.9303 1.7490 1.8665 1.6795 1.4198 1.5567 1.6630 1.9036 1.7278 1.6262 1.3767 1.6279 2.2962 2.1636 2.5452 2.5381 2.2098 1.3494 
2.6659 2.8976 3.3444 3.0780 3.0166 2.7834 2.7831 2.1486 2.2647 1.9916 1.8433 2.1612 1.7468 1.6055 1.5506 1.2795 1.3743 1.2398 1.4298 1.4268 1.5598 1.9338 1.5399 1.6271 1.8078 1.6600 2.2078 2.0985 2.2159 2.1209 2.2024 1.3915 0.6105 
2.5357 2.3630 2.2915 3.0518 2.3880 2.1030 2.8864 2.4216 2.0129 2.0881 1.9995 2.1219 2.1398 2.1811 1.9622 1.4831 2.0513 1.4266 1.8539 2.0313 1.9638 1.8861 1.6898 1.7159 1.5902 1.9372 2.3092 1.4301 1.6012 2.0976 1.1469 0.9298 0.3886 
3.0286 2.7599 2.6120 2.7305 2.5869 2.8130 2.9059 2.0366 2.0882 2.0367 1.8977 1.6130 1.5625 1.9588 1.9659 1.7535 1.6167 1.7119 1.8559 1.7877 1.3536 1.3411 1.5964 1.6701 1.6559 1.5171 2.3180 2.1340 1.7690 1.7875 1.4443 1.3357 0.8771 
2.4514 2.7777 2.3032 2.0121 2.4606 2.7939 2.7434 1.9730 1.7623 2.1835 2.4420 2.1469 1.4471 1.5441 1.7439 1.3504 0.6814 1.3081 1.6548 1.3851 1.2699 1.9132 2.1352 1.8089 1.3463 1.4534 2.1475 2.1112 1.6795 1.0623 1.1180 1.3190 0.4695 
2.3332 2.2113 2.9224 2.7231 2.3828 2.8169 2.2453 2.4583 2.6413 2.1689 2.4694 2.0802 1.7079 2.1567 1.7961 1.9431 1.9464 1.8789 1.7035 2.0155 1.5213 1.8249 2.1650 1.8007 2.1880 1.9740 1.6452 2.1308 1.6054 1.7641 1.7610 0.7573 0.2851 
2.6339 2.3268 2.7364 2.1168 2.4037 2.4339 2.6343 2.1973 2.0987 2.0911 1.7628 2.1340 1.4382 1.7517 1.6290 1.4264 1.3713 1.3852 1.5245 1.6266 1.2658 1.8998 1.4553 1.7247 1.6758 1.6858 2.0223 1.7503 1.6197 1.1927 1.6111 0.9213 0.4822 
2.6140 1.7123 2.3471 2.2186 2.2171 2.3045 2.4119 2.3015 1.9648 1.4970 1.3557 1.8742 1.9026 1.7358 1.6040 1.9524 1.9632 1.8986 1.4785 1.6122 1.6918 1.6282 1.0577 1.1151 1.5164 1.7682 1.8233 1.6217 1.4035 1.2826 1.1978 0.2933 0.3934 
2.3001 2.4480 2.7270 2.2847 2.3591 2.1889 1.5185 1.6424 1.3698 1.5320 1.7943 2.0655 1.7167 1.8234 1.2375 1.9369 1.9393 1.8745 1.1075 1.6810 1.5207 1.8104 1.4940 1.1545 0.9492 1.1231 0.9433 1.5035 1.5766 1.3114 1.6067 0.9877 0.0550 
2.8756 1.8301 2.1410 2.0638 2.3008 2.4134 2.1996 1.8168 1.8974 1.7187 1.7560 1.7285 1.6447 1.2671 0.9764 1.0399 0.3363 0.9951 0.8921 1.0911 1.4269 1.4745 1.4520 1.3478 1.4444 1.3139 1.6203 1.7295 1.4815 1.1284 0.9941 0.2028 0.7214 
2.3227 2.1306 1.9527 2.0439 0.8510 1.7696 1.5136 1.6223 1.4060 1.7199 1.5233 1.6688 1.7377 1.5531 1.3810 1.6259 -0.3466 1.5815 1.2991 1.3874 1.5526 1.4076 1.2225 1.3532 0.9816 1.0940 0.9379 1.0904 0.1207 1.0979 0.7991 0.7028 0.1237 
2.0565 2.2916 2.4636 1.9522 1.7863 1.3166 1.7454 1.5354 0.5287 1.5726 1.2039 1.7111 1.3081 1.2366 0.8595 0.8706 0.8714 0.8055 0.7418 1.0644 1.0921 1.4515 0.9145 1.1905 0.0341 1.0137 1.1562 0.6523 0.9917 0.9785 1.3334 0.8245 -0.0098 
2.6840 1.9870 0.7293 1.5498 1.6098 1.6308 1.5113 1.6972 0.9933 1.4303 0.9517 0.8592 1.4616 1.3758 1.0094 1.0492 1.1929 1.0035 0.9265 1.2511 1.2835 0.6033 0.6295 1.0649 0.5645 1.2000 0.9372 0.9460 0.8006 0.5962 -0.3097 0.5956 0.5475 
1.5548 2.1818 1.8133 1.7478 1.7107 1.6074 1.6520 1.7541 1.6509 1.8950 1.8745 1.7859 1.8292 0.7315 1.0606 1.7179 1.2205 1.6739 0.9667 0.6101 1.6395 1.5529 1.5737 1.5211 1.2206 1.2775 1.0516 0.9270 0.9325 0.7988 0.6816 0.7180 -0.6190 
2.9039 2.1877 1.4577 1.9603 1.7222 2.0128 1.9066 1.5390 1.0910 1.0510 1.2162 1.6089 0.7984 0.7580 1.4684 1.4825 0.7009 1.4266 1.3746 0.6254 0.6089 1.3370 0.9159 0.6799 0.6520 1.0231 1.3067 1.3274 0.9410 1.0088 0.3578 0.7339 0.7596 
2.8589 2.2342 2.0330 1.5363 1.6902 1.5914 1.9948 1.5886 1.1451 1.5842 1.4813 1.5035 1.6526 1.5207 1.5269 0.8791 1.2009 0.8198 1.4119 1.3655 1.4378 1.2680 1.1831 1.2025 0.7162 1.0509 1.3978 0.9170 0.9189 0.6022 0.9111 0.6903 0.7039 
3.1614 2.6446 2.3825 2.1807 2.1007 2.0226 1.9283 1.7252 1.6850 1.4186 1.6912 1.6969 1.6890 1.4203 0.9702 1.2115 0.8156 1.1515 0.8804 1.2934 1.4889 1.4362 1.3789 1.0574 1.2687 1.2403 1.3227 1.3367 1.3172 1.2588 1.2527 1.1038 1.0155 
3.1618 2.4691 1.8941 1.9514 1.6603 1.4512 1.6675 1.6915 1.3606 1.6892 1.8055 1.0315 0.6710 1.4721 1.3200 1.3395 0.8466 1.2999 1.2373 1.3296 0.4590 0.7735 1.5025 1.3214 0.9379 1.1937 1.0661 0.7606 0.8615 0.9811 0.7234 0.9431 1.0067 
3.4397 2.7417 2.5715 2.2753 2.3133 1.9653 2.0498 1.8710 1.7510 1.7515 1.0492 1.7737 1.8820 1.7062 1.8454 1.9656 1.7038 1.9194 1.7437 1.5750 1.6745 1.5355 0.7233 1.3839 1.3236 1.3531 1.4531 1.2774 1.4987 1.3098 1.4045 1.2128 1.3026 
3.4787 2.7743 2.6069 2.2863 2.0547 1.9108 1.9591 2.1034 2.0569 1.6658 1.4618 1.3866 1.4700 1.4497 1.7027 1.3507 1.6037 1.3081 1.6202 1.3128 1.2907 1.1329 1.1632 1.3019 1.6347 1.6213 1.3512 1.2240 1.2726 1.3189 1.4246 1.2545 1.3365 
3.5547 2.9542 2.5396 2.3673 2.1468 2.0963 2.0165 1.8983 1.8536 1.9456 1.9206 1.7629 1.7938 1.6321 1.5927 1.6718 1.7044 1.6324 1.4685 1.4680 1.6176 1.5247 1.6112 1.5663 1.4070 1.3732 1.4119 1.4100 1.3503 1.4097 1.3780 1.4032 1.4029 
3.5314 2.8950 2.5431 2.3159 2.0597 1.7996 1.6806 1.5418 1.7464 1.8555 1.8872 1.8598 1.7441 1.7855 1.7675 1.8238 1.7581 1.7678 1.6803 1.6515 1.5595 1.6182 1.5863 1.4782 1.3165 1.0201 1.0759 1.1112 1.2766 1.3562 1.3827 1.3564 1.3833 
3.6744 3.0092 2.6990 2.3298 2.2815 2.2805 2.0437 2.1261 2.0407 1.8811 1.6958 1.5855 1.2228 1.7140 1.6181 1.4937 1.9178 1.4370 1.5048 1.5880 1.0110 1.3199 1.3869 1.5056 1.6219 1.6364 1.4474 1.5945 1.4506 1.3706 1.5539 1.4589 1.5118 
3.6614 2.9348 2.4616 2.1500 2.2983 1.9763 2.1090 1.9290 1.8019 1.5376 1.5682 1.9020 1.7797 1.6266 1.0116 1.7533 1.7615 1.7118 0.9310 1.4626 1.6098 1.6440 1.2609 1.1597 1.3677 1.3959 1.5347 1.2885 1.4738 1.2104 1.3124 1.3709 1.4851 
3.6878 3.0582 2.7017 2.4845 2.4213 2.2146 2.2287 2.0300 2.0611 2.0169 2.0108 1.9561 1.9444 1.8749 1.6590 1.7905 1.3029 1.7462 1.5734 1.7176 1.7199 1.6848 1.6973 1.6503 1.6372 1.5259 1.6381 1.5283 1.6338 1.5554 1.5550 1.5362 1.5317 
3.6904 3.0137 2.6616 2.4672 2.3540 2.2726 2.2423 2.1071 1.7671 1.7980 1.9253 1.8878 1.9161 1.9658 1.7997 1.5503 1.5838 1.4903 1.7071 1.7971 1.6987 1.6346 1.6135 1.4235 1.3413 1.6232 1.6467 1.5856 1.5638 1.5340 1.4920 1.4621 1.5388 
3.6771 3.0843 2.6371 2.4641 2.3245 2.2922 2.0292 2.0947 1.9661 1.9897 1.9537 1.7706 1.8671 1.7508 1.7486 1.7438 1.5944 1.6969 1.6601 1.6240 1.6655 1.5337 1.6355 1.6248 1.5207 1.6123 1.4282 1.6059 1.5176 1.5305 1.4508 1.5787 1.5120 
3.6881 3.0250 2.6195 2.4117 2.2880 2.2355 2.0446 2.1767 1.9617 1.8854 1.6490 1.7533 1.1260 1.5934 1.5356 1.6864 1.5751 1.6449 1.4179 1.4109 0.9397 1.5156 1.3366 1.5101 1.5144 1.6720 1.4483 1.5487 1.4581 1.4596 1.4325 1.4832 1.5366 
3.6932 3.0735 2.7097 2.4770 2.3820 2.1897 2.1521 2.0969 2.0640 1.9687 2.0585 1.9908 1.8899 1.7402 1.7101 1.7192 1.7420 1.6746 1.6271 1.6131 1.6811 1.7282 1.7470 1.6058 1.6393 1.6153 1.5861 1.5028 1.6038 1.5456 1.5677 1.5595 1.5417 
3.6839 3.0280 2.6752 2.5133 2.3007 2.1348 2.1357 1.8235 1.6152 1.9554 1.7893 1.5447 1.7148 1.6395 1.5036 1.3457 1.5552 1.3054 1.4038 1.4817 1.5227 1.2925 1.4860 1.5876 1.1643 1.3223 1.5678 1.4494 1.4803 1.5903 1.5158 1.4877 1.5264 
3.5665 2.9544 2.4816 2.2079 2.2327 2.0737 1.8184 1.5893 1.9633 1.9454 1.6439 1.7190 1.7728 1.7422 1.2963 1.4554 1.6199 1.4056 1.1949 1.6139 1.6044 1.4630 1.3291 1.5679 1.5140 1.0523 1.2538 1.3878 1.4107 1.2686 1.3291 1.3993 1.4056 
3.4860 2.7864 2.3823 1.9723 2.1776 2.1039 1.8954 1.8555 1.4006 1.2752 1.4741 1.2529 1.5806 1.3093 1.6985 1.7670 1.6321 1.7250 1.6174 1.1508 1.3593 0.9769 1.1685 0.9036 0.9771 1.3469 1.3030 1.4184 1.3746 1.0031 1.2451 1.2737 1.3481 
3.4538 2.8264 2.3785 1.8687 2.0441 1.7186 1.6991 2.1326 1.5679 1.9865 1.9368 1.7550 1.5555 1.3627 1.7741 1.4307 1.4669 1.3880 1.6844 1.2341 1.3471 1.5167 1.6194 1.6216 1.1097 1.6400 1.1024 1.0292 1.2639 0.9274 1.2432 1.3103 1.3143 
3.3769 2.7519 2.3213 2.0786 1.9668 1.7637 1.7150 1.6909 1.6179 1.6521 1.5624 1.3194 1.4812 1.4882 1.5155 1.5336 1.3918 1.4738 1.4079 1.3425 1.2942 1.0599 1.2606 1.2883 1.1688 1.1926 1.1256 1.0835 1.1547 1.1275 1.1487 1.2405 1.2364 
3.4488 2.7844 2.6042 2.2600 2.0310 1.5185 0.9956 1.7857 2.0932 1.6163 1.6453 1.2181 1.8700 1.7478 1.2919 1.1887 0.4156 1.1271 1.1938 1.6201 1.6674 0.9560 1.3289 1.2474 1.6658 1.2934 0.3890 0.8256 1.2516 1.3028 1.4260 1.2773 1.3103 
3.2921 2.3465 2.2394 2.2432 1.6710 1.6999 1.7596 1.8096 1.9933 1.8084 1.6781 1.5708 1.2608 0.8610 0.8275 1.2864 1.3014 1.2524 0.7192 0.7032 1.0431 1.3097 1.3674 1.4353 1.5665 1.3115 1.1825 1.0111 0.8874 1.2952 1.0637 0.7373 1.1192 
3.3235 2.6670 2.3202 2.0221 1.9154 1.8034 1.3064 2.0632 2.0445 1.8240 1.9284 1.8004 0.9379 1.5978 1.6626 1.2636 0.5515 1.2064 1.5801 1.4173 0.7208 1.5689 1.6163 1.4483 1.6231 1.5732 0.7015 1.1171 1.0882 1.0639 1.1523 1.1175 1.1548 
3.1172 2.2627 1.9466 1.6653 1.5646 1.3441 1.6799 0.8054 1.2625 1.3460 1.2991 0.7316 0.6728 1.0481 0.9580 1.6355 0.6383 1.5985 0.8631 0.9173 0.4544 0.4841 0.9842 0.9765 0.8039 0.3100 1.0795 0.6639 0.7333 0.7080 0.7523 0.6553 0.9642 
3.3693 2.7366 2.4246 2.1869 2.0582 1.8050 1.9539 1.8223 1.9002 1.7609 1.8734 1.7446 1.7046 1.3617 1.6605 1.1311 1.5479 1.0749 1.5760 1.2310 1.5095 1.4922 1.5760 1.3970 1.4455 1.3208 1.3461 1.1192 1.2775 1.2612 1.2875 1.2256 1.2351 
2.9517 2.1341 1.6783 1.0428 1.6636 1.8808 1.7478 1.6651 1.7589 1.8429 1.3922 1.2661 1.5414 1.2028 1.3132 1.2540 0.7219 1.1874 1.2296 1.0388 1.3337 0.9994 1.0711 1.4683 1.3373 1.1554 1.1640 1.1961 0.8713 0.1371 0.5354 0.6078 0.7851 
3.0390 2.4509 1.9751 1.5222 1.4132 0.8466 1.5537 1.4604 1.1914 1.0684 1.3543 1.2166 1.1120 0.8385 1.3892 1.2171 1.0795 1.1548 1.3028 0.6879 0.9373 0.9603 1.0465 0.7109 0.7423 0.9649 0.9576 0.1422 0.6256 0.5810 0.7992 0.9450 0.8998 
