3.1287 2.1407 2.0415 1.5283 1.4284 1.6126 1.5599 1.3287 1.1497 0.7053 0.0602 0.8953 0.6932 1.3441 0.6434 0.5645 0.5771 0.4840 0.5161 1.1628 0.4579 0.6298 -0.3180 0.2966 0.6696 0.7447 0.8974 0.8390 0.4992 0.4466 0.7318 0.3198 0.7049 
2.4485 1.4018 1.7531 1.2333 1.0821 1.1458 1.5145 1.4627 1.4126 1.4341 1.2736 1.2621 0.4550 1.0706 0.8180 0.6147 1.1269 0.5450 0.7175 0.8981 0.2560 1.0021 0.9330 1.0226 0.9004 0.8747 0.8423 0.3797 0.1807 0.1625 0.4507 -0.4160 -0.0023 
2.5787 2.0733 1.6103 1.7018 1.4302 0.9046 1.6537 1.8113 0.8541 1.2603 1.6507 1.3312 1.1265 0.8819 0.7940 0.4276 0.7734 0.3840 0.6973 0.7196 0.9047 1.0486 1.3082 0.8372 0.3598 1.2051 1.0151 0.1641 0.4998 0.6489 0.3236 0.4264 0.1570 
0.6389 1.4357 1.6923 0.6896 1.5721 1.6959 1.6199 1.2339 1.1673 1.3119 1.5377 1.5482 1.5132 0.7900 1.3490 1.4948 1.2865 1.4485 1.2149 0.6489 1.2872 1.2605 1.1837 0.8802 0.6859 0.6766 0.9742 0.9228 0.6881 -0.3686 0.3926 -0.2198 -1.8880 
2.6453 1.3359 1.1957 1.5447 1.6250 0.9054 1.7255 1.6544 0.9416 0.5611 1.1970 1.4071 1.2300 1.0336 0.8086 0.7284 -0.6818 0.6833 0.7099 0.8399 1.0316 1.0971 0.8530 0.1497 0.4272 1.0865 1.0569 0.1193 0.7276 0.4927 -0.0612 -0.5382 0.2221 
2.1019 2.3294 1.7365 1.8433 1.8739 1.8699 1.3912 1.7855 1.1047 1.5603 1.0938 1.5100 0.7724 1.0092 1.3578 1.3673 0.0169 1.2964 1.2226 0.8061 0.5653 1.2132 0.7437 1.1415 0.6294 1.1805 0.6949 1.0952 0.9878 0.7658 0.4194 0.6679 -0.4329 
-0.3654 1.9346 1.7935 1.4071 0.9181 1.0310 1.3181 1.5285 1.1836 1.1930 1.2820 1.4885 1.5430 1.5666 1.5369 1.3504 0.8835 1.2801 1.4402 1.4214 1.3294 1.1893 0.9425 0.7825 0.6999 0.9719 0.6601 0.2615 0.0037 0.3165 0.4658 0.2879 -1.7260 
2.4962 1.5140 2.1515 1.8954 1.2814 1.3759 1.7227 1.4603 1.6077 1.1575 1.5268 1.0513 1.4338 1.4314 1.0737 1.1528 0.6693 1.1014 0.9706 1.2429 1.1849 0.7592 1.1741 0.7401 1.1249 0.8710 1.0587 0.6162 0.3589 0.8187 0.8420 -0.2156 0.0246 
2.3957 1.8185 1.7960 1.6476 1.6084 1.4615 0.7328 1.4259 0.4039 0.4636 1.2349 1.1534 0.2138 0.9537 1.0217 1.0575 0.8499 1.0163 0.8881 0.7697 -0.0366 0.8614 0.8926 0.0301 -0.0739 0.8230 0.0540 0.6870 0.7158 0.6003 0.4804 0.1373 -0.0052 
2.7759 2.1362 1.1348 1.0650 1.3691 1.3786 1.5140 1.8213 1.1791 1.2103 1.1051 1.6489 1.1226 1.7150 1.6756 1.3855 1.3062 1.3119 1.5618 1.5371 0.9061 1.3889 0.7566 0.7944 0.6900 1.2240 0.8424 0.6035 0.4275 -0.0324 -0.1668 0.3943 0.3546 
2.8403 2.1663 1.2919 1.4146 1.5090 0.8632 1.0780 1.0940 1.4566 1.5386 1.5617 1.5249 1.4921 1.2533 0.8901 0.5241 0.8982 0.4653 0.7787 1.0925 1.2595 1.2321 1.2013 1.1219 0.9754 0.5319 0.4048 0.1035 0.6326 0.3278 -0.0205 0.4106 0.4078 
2.2182 0.9156 1.2416 0.4139 -0.0622 1.3104 1.4025 1.4065 0.7090 0.8445 0.5183 1.1795 1.3108 0.8144 1.0713 0.5822 0.2610 0.5193 0.9642 0.6703 1.0821 0.9010 0.1520 0.4162 0.2149 0.7996 0.7079 0.5331 -0.9755 -0.6493 -0.0614 -0.9362 -0.2179 
2.4823 1.6470 1.5975 0.8543 1.1397 0.9495 1.0521 0.6912 0.8737 0.6264 0.6439 0.5063 0.6717 0.5736 0.3318 0.8483 -0.0677 0.7951 0.2374 0.3993 0.4242 0.2341 0.2824 0.1860 0.3838 0.0942 0.3768 0.1647 0.2646 -0.2061 0.3363 0.0491 0.0406 
2.3646 1.4296 1.7219 1.6697 1.2223 1.1593 1.3113 1.5677 1.5060 1.0890 1.4444 1.1136 0.9828 1.0379 1.5324 0.4773 1.5756 0.4267 1.4369 0.8459 0.7380 0.8131 1.0861 0.6778 1.0306 1.0201 0.6530 0.3750 0.3221 0.6155 0.4142 -0.1175 -0.0641 
2.2714 1.8530 1.6420 1.4074 1.2193 1.4360 1.4979 1.5124 1.1483 0.8269 1.2014 1.0620 0.9901 1.1813 0.8296 0.4694 1.0163 0.4159 0.7289 1.0361 0.7438 0.7618 0.8578 0.4077 0.6653 0.9487 0.8200 0.6624 0.3244 0.3211 0.3552 0.1697 -0.1317 
1.9862 1.5693 0.7909 1.0394 1.2499 1.0590 0.4800 1.1787 0.2926 1.1314 0.5539 1.1324 0.8941 0.7346 1.1612 0.7612 0.4661 0.7096 1.0627 0.5889 0.6754 0.8391 0.2012 0.7146 -0.1615 0.6297 -0.1447 0.2808 0.3522 -0.0389 -0.4814 -0.1074 -0.4143 
2.1200 1.7964 1.4801 1.2914 1.1882 1.1342 0.9163 0.7554 1.0359 0.5750 0.8791 1.3825 1.0754 0.1349 1.3743 1.0988 1.0113 1.0547 1.2364 -0.0632 0.8322 1.0818 0.5318 0.1591 0.5324 0.1985 0.2625 0.3487 0.3103 0.2375 0.2173 0.0570 -0.3502 
2.6124 1.4550 1.5664 1.6976 1.2347 0.8453 1.5739 1.3973 1.5510 1.4492 1.1975 1.3411 1.2957 1.3554 1.5337 1.6489 1.0669 1.5858 1.4395 1.1711 1.0729 1.0547 0.8587 1.0346 1.0719 0.7911 0.9264 0.0784 0.3393 0.6421 0.2695 -0.4132 0.1630 
-1.0509 1.8493 1.7522 1.5509 1.6482 1.7802 1.6864 1.5826 1.0833 0.9651 1.3755 1.4335 1.3239 1.1376 0.1119 0.6973 0.8089 0.6557 -0.0128 0.9918 1.0934 1.1313 1.0269 0.5400 0.6035 1.0352 1.0320 1.0067 0.7467 0.4944 0.4317 0.2313 -2.0399 
1.9058 2.2155 2.2295 1.3132 1.8273 1.6055 1.7626 1.3944 0.5887 1.2724 1.4068 1.6113 1.5394 1.3424 1.1293 1.1270 1.1595 1.0781 1.0385 1.1596 1.3226 1.3471 1.0468 0.8499 0.0778 0.7853 1.0771 0.8313 0.9143 0.2665 0.9337 0.5665 -0.4685 
1.6808 1.8139 1.9923 1.4711 1.6320 1.5355 1.6195 1.8040 1.2282 1.1672 1.4498 1.3425 0.5598 0.3257 0.6531 0.7995 0.7058 0.7539 0.5328 0.1674 0.3213 1.0539 1.0932 0.7523 0.7368 1.1963 0.9803 0.7578 0.7349 0.3823 0.7109 0.1637 -0.6799 
2.2187 1.0634 1.5193 0.9751 1.7186 1.7665 1.7296 1.5025 1.2623 1.4153 1.7712 1.4409 1.1841 0.6893 1.2570 0.7024 1.0693 0.6606 1.1475 0.5142 0.9844 1.1393 1.4170 1.0073 0.7682 0.9361 1.0605 0.9931 0.7980 -0.0999 0.2476 -0.7898 -0.2205 
1.6826 1.5992 1.5483 1.0784 1.5715 0.5722 0.9754 1.2026 1.2523 0.7555 1.1770 1.2626 0.6321 1.0667 1.2279 0.7220 1.0007 0.6756 1.1234 0.8937 0.3814 1.0010 0.8205 0.3395 0.7608 0.6549 0.2997 -0.2169 0.6834 0.0046 0.2725 -0.0646 -0.7623 
1.8280 1.8219 1.4841 0.4322 0.9230 0.4326 1.0860 1.0721 1.2501 1.2122 0.8089 1.0223 0.9573 0.8988 0.6364 0.5525 0.7135 0.4747 0.5106 0.7279 0.7200 0.7127 0.4762 0.7964 0.7539 0.4940 0.4053 -0.3214 0.0108 -0.6128 0.2067 0.1717 -0.5273 
1.9960 1.9873 1.1036 0.9718 0.4685 0.6549 1.0694 0.5094 0.9833 0.9272 0.6818 0.7579 1.1515 0.9511 1.1171 0.7227 0.0921 0.6754 1.0274 0.7696 0.9356 0.4767 0.3277 0.4952 0.4628 -0.0669 0.3955 -0.1046 -0.4590 -0.0925 -0.2817 0.3649 -0.4687 
0.8600 1.5281 1.5607 1.3761 1.3913 1.2040 1.4639 1.5076 1.3427 1.1888 1.3023 1.4602 1.3702 1.1745 1.1847 1.2427 1.3068 1.1851 1.0873 1.0292 1.1249 1.1639 0.9623 0.7792 0.8269 0.9426 0.7871 0.4315 0.4549 0.2938 0.2838 -0.1257 -1.7455 
2.3370 1.9543 1.6344 1.0196 1.1903 0.9791 1.0173 0.9500 0.9511 0.9011 0.8141 0.4601 1.1786 1.2032 1.2689 1.4760 1.5341 1.4324 1.1589 1.0575 0.9739 0.2065 0.4669 0.4759 0.4364 0.3616 0.3258 0.2048 0.3045 -0.0686 0.3413 0.2821 -0.0679 
2.2247 2.0218 1.4094 0.8203 1.4968 1.1330 1.1703 1.4308 1.6523 0.9278 1.4782 1.1273 1.4207 1.8347 1.5794 1.1207 0.0660 1.0713 1.4820 1.6542 1.1773 0.8299 1.1234 0.4943 1.1598 0.8326 0.5073 0.3479 0.6239 -0.2388 0.0698 0.3553 -0.1336 
2.3082 1.5753 1.7115 1.0702 1.6184 1.1710 1.6494 1.1740 1.4756 1.2733 1.3645 1.3442 1.2446 1.2102 1.2415 1.1188 1.1913 1.0714 1.1358 1.0620 1.0417 1.0552 1.0217 0.8445 1.0049 0.6188 1.0139 0.3839 0.7261 -0.0246 0.4060 -0.1283 -0.0963 
2.4680 1.8560 1.6222 1.1132 1.1514 1.3536 1.0738 1.4795 1.1380 1.7787 1.7752 1.4128 1.4953 1.5296 1.1136 1.5176 0.7548 1.4692 1.0227 1.3880 1.2673 1.1064 1.4199 1.3504 0.6611 0.9044 0.4049 0.5767 0.2776 0.0507 0.3235 0.1140 0.0143 
2.4104 2.2141 2.0966 1.8926 1.7971 1.6659 1.2100 1.4782 1.3827 1.3236 1.1853 1.0244 1.2088 1.0376 1.4216 1.5690 1.4742 1.5182 1.2959 0.8463 1.0186 0.7164 0.8350 0.8961 0.8616 0.9013 0.5620 0.8903 0.8633 0.8143 0.7892 0.5245 -0.0432 
1.8196 1.5616 0.7789 1.4271 1.3551 1.5707 1.0327 1.3284 1.0279 1.1320 0.4972 1.1714 1.0617 1.0849 1.3147 0.9263 0.7966 0.8570 1.1868 0.9232 0.8190 0.8874 0.1404 0.7097 0.5253 0.7390 0.3395 0.7963 0.4251 0.3448 -0.4573 -0.0481 -0.6787 
2.7374 2.1191 1.4582 1.7064 1.6297 1.9490 1.7883 1.4722 0.8046 1.5191 1.3650 1.1372 1.1253 1.2539 0.9701 0.9779 1.3803 0.9097 0.8327 1.0938 0.9051 0.8413 1.0211 1.1030 0.3356 0.8888 1.0964 1.1741 0.7355 0.6496 0.1635 0.3988 0.3458 
1.8715 2.0899 1.9513 2.2601 2.0539 2.2245 2.0684 1.9084 1.7965 1.3791 0.4778 -0.1479 1.4243 1.5236 1.4378 1.1879 1.0691 1.1393 1.3203 1.3770 1.1789 -0.4529 0.1199 0.9484 1.2754 1.3488 1.4171 1.4505 1.1485 1.1860 0.6747 0.4322 -0.5125 
1.7330 1.8940 1.7101 1.7436 1.7873 1.0905 1.3591 1.3719 0.8013 1.4957 1.5673 1.4463 1.1824 1.5062 1.4262 1.1629 -0.0289 1.1094 1.3013 1.3546 0.9824 1.1463 1.2098 1.0826 0.3259 0.7728 0.6862 0.3055 0.8493 0.6746 0.4071 0.2475 -0.7505 
2.2827 2.0569 2.3959 2.1583 1.9506 2.4840 2.1670 1.4979 1.2966 1.1057 1.7349 2.1855 1.8639 1.5032 1.0952 1.4324 1.4096 1.3844 1.0129 1.3521 1.6268 1.8771 1.3979 0.6911 0.7937 0.9164 1.4830 1.7100 1.0599 1.0788 1.1039 0.4003 -0.1195 
1.7139 1.5668 0.7337 1.6697 1.8824 1.8403 1.4557 1.6106 -0.0255 1.1839 1.5133 1.3541 1.1334 1.4285 1.1880 0.7992 0.3745 0.7574 1.0889 1.2413 0.9060 1.0614 1.1627 0.7723 -0.4792 1.0531 0.7794 1.0649 1.0061 0.6316 -0.5735 -0.0988 -0.6775 
2.5861 2.1690 2.1221 1.2553 1.7647 2.2849 1.8180 1.7126 1.7672 1.6888 1.1209 1.5356 1.2207 1.4381 1.0915 0.7164 0.1710 0.6695 1.0031 1.2547 1.0267 1.2420 0.7576 1.2563 1.2448 1.1250 1.1453 1.5085 0.8365 0.1738 0.7985 0.4437 0.1654 
2.6243 2.0186 2.0846 1.9611 1.6882 1.9383 1.5704 1.4878 1.5894 1.6169 1.7166 1.3997 1.6051 1.6196 1.6895 0.7978 1.0211 0.7418 1.5692 1.4675 1.4113 1.0911 1.3747 1.1935 1.1103 0.9168 0.9083 1.1635 0.7869 0.8983 0.7903 0.3305 0.2401 
2.5810 1.5343 1.7739 1.0748 1.8849 1.5628 1.2317 1.8387 1.8776 1.1831 0.8569 1.4943 1.5641 1.2022 1.1161 0.6876 0.8522 0.6460 1.0272 1.0567 1.3535 1.1980 0.5097 0.7602 1.4065 1.2516 0.5869 0.7879 1.0049 0.0167 0.4503 -0.1646 0.1705 
1.8333 1.5928 1.5974 1.1902 0.9395 1.2440 1.5525 0.7796 1.0270 1.4614 1.3592 0.8765 1.4477 1.4399 1.3936 1.0078 1.0443 0.9342 1.2541 1.2565 1.2014 0.6159 1.0195 1.0511 0.5202 0.2285 0.8896 0.4755 0.0207 0.1625 0.3302 -0.0214 -0.6301 
2.2799 1.4428 0.9920 1.6743 1.1862 0.8261 1.4666 1.5479 0.7846 1.4730 1.3324 1.2541 1.3118 1.1746 0.6808 1.0263 1.1174 0.9674 0.5784 1.0285 1.0847 0.9965 0.9919 1.0603 0.3029 0.9961 0.7930 0.0487 0.2845 0.6377 -0.3678 -0.3297 -0.1396 
3.0364 2.5783 2.1191 1.1108 1.5715 1.5165 1.9301 0.7884 1.1629 2.0335 0.4935 1.0155 1.5415 0.7305 1.1288 1.0187 0.8566 0.9479 1.0355 0.5804 1.3323 0.7114 0.0654 1.6084 0.6605 0.2565 1.2575 0.7407 0.6794 0.0086 0.7951 0.8456 0.6312 
1.8436 1.0659 1.4715 1.6642 1.3070 1.0549 0.4657 1.1624 0.9615 0.8669 0.9385 0.9335 1.1740 0.6491 1.0943 0.7979 1.0053 0.7496 1.0073 0.4539 0.9651 0.6546 0.6033 0.4395 0.4419 0.6175 -0.1553 0.2759 0.3958 0.6259 0.1882 -0.5290 -0.6062 
2.6214 1.7637 1.8085 1.8443 1.7226 1.6660 1.4320 1.4996 1.5055 1.0073 1.3815 0.8793 1.0207 1.2308 0.7729 0.9291 0.7866 0.8622 0.6698 1.0771 0.7706 0.6246 1.0300 0.5886 1.0317 0.9367 0.7461 0.8946 0.7966 0.7646 0.4639 0.1527 0.1648 
1.9470 2.0506 1.5950 1.0353 1.4058 1.6599 1.4203 1.4718 1.4197 0.6393 1.6135 0.9550 1.1491 1.0219 0.6913 0.6797 0.1234 0.6375 0.5921 0.8225 0.9329 0.6671 1.2697 0.2282 0.9068 0.8911 0.7328 0.8852 0.4814 -0.0461 0.2982 0.4057 -0.4527 
1.7151 1.9416 1.9347 0.9245 1.3176 1.4803 1.3434 1.5511 1.3212 1.3675 0.6297 1.5151 1.5311 1.4152 1.4122 1.5622 1.3539 1.5088 1.2838 1.2160 1.3150 1.2220 0.2662 0.9349 0.8102 1.0044 0.6738 0.7020 0.4036 -0.1193 0.6514 0.2876 -0.8749 
2.5660 2.1199 1.8439 1.5510 1.4355 1.4092 1.6486 1.6162 1.5568 1.4046 1.2393 1.6411 0.9247 0.9382 1.1445 1.0922 1.0174 1.0510 1.0466 0.7660 0.6918 1.3807 0.9036 0.9763 1.0742 1.0610 1.0136 0.6338 0.5098 0.4746 0.5563 0.4001 0.0729 
0.6295 2.3388 2.2061 2.1735 1.6292 1.5501 1.2684 1.7826 1.3597 1.5399 1.7438 1.5454 1.2357 1.1329 1.1969 1.4201 1.6021 1.3643 1.1009 0.9887 1.0356 1.2549 1.4033 1.1250 0.8381 1.1788 0.6354 0.7750 0.7395 1.0817 0.9053 0.6872 -1.0999 
1.5714 2.1739 1.8830 1.4540 1.2065 1.3857 1.6055 0.9527 1.8759 1.6746 1.2400 1.5354 1.3503 1.1822 0.8796 1.5012 0.9970 1.4544 0.7734 1.0384 1.1107 1.2433 0.8987 1.2479 1.4062 0.3808 0.9608 0.6153 0.3215 0.3658 0.6069 0.4843 -0.6336 
2.1790 2.6133 2.3450 1.1824 1.3619 1.8194 1.8795 1.5181 1.0201 1.3109 1.1467 1.1924 1.1502 0.7548 0.4493 1.2700 1.1554 1.2085 0.3422 0.6072 0.9351 0.9214 0.7951 0.8840 0.4906 0.9552 1.1974 1.0474 0.4353 0.0803 1.0584 0.9533 -0.4192 
3.1833 3.1071 2.6333 2.2909 1.8863 2.0446 2.1916 1.9679 1.9258 1.9546 1.9575 1.9019 1.7418 1.5674 1.7191 1.2827 1.3111 1.2167 1.5875 1.4224 1.5002 1.6077 1.6035 1.5370 1.4459 1.4235 1.5029 1.2746 1.0004 1.2157 1.3368 1.4453 0.7604 
3.2781 3.3085 3.0470 2.6496 2.5366 2.2502 2.0587 2.4188 1.9985 1.9921 2.4640 2.7821 2.7295 2.3063 1.9337 2.3193 1.8639 2.2692 1.8347 2.1671 2.5234 2.5183 2.1214 1.5830 1.5179 1.8488 1.4159 1.4673 1.5993 1.5897 1.7938 1.5949 1.0308 
3.3826 3.9380 3.6957 3.4697 3.3280 3.1242 3.0872 3.0286 2.9734 2.8168 2.7844 2.7379 2.7519 2.6426 2.6437 2.5666 2.5864 2.4942 2.5535 2.4773 2.5638 2.4642 2.4415 2.3905 2.4659 2.4493 2.4171 2.3489 2.3924 2.3965 2.3750 2.2916 1.0976 
4.0396 4.2486 3.4040 3.0553 2.8583 2.7737 2.7395 2.8032 2.4610 2.3219 2.5537 2.6065 2.5301 2.3527 2.3320 2.3395 2.2297 2.2866 2.2329 2.2116 2.2859 2.3084 2.2003 1.9060 1.9619 2.2436 2.0957 2.0132 1.9596 2.0066 2.1227 2.5946 1.8187 
4.4634 4.5318 4.2721 3.8170 3.5033 3.3838 3.2025 3.3514 3.4262 3.3673 2.7704 2.6998 2.9672 2.8930 2.7010 2.7397 2.7709 2.6940 2.6050 2.7109 2.7180 2.4112 2.4244 2.9566 2.9570 2.7425 2.5663 2.6097 2.6141 2.7375 2.9845 2.8471 1.8688 
4.2777 4.5415 4.2196 3.6397 3.5103 3.4014 3.3648 3.1737 3.0769 3.1222 2.8721 2.9317 2.9357 2.8511 2.8309 2.7466 2.7381 2.7009 2.7186 2.6794 2.6873 2.6298 2.5347 2.7053 2.6027 2.6131 2.6799 2.6279 2.6226 2.5888 2.9450 2.8692 1.9388 
4.3067 4.7162 3.7705 3.3474 2.9899 2.9917 2.9505 2.7156 2.8467 2.8246 2.7957 2.7311 2.5864 2.5720 2.5373 2.5090 2.4158 2.4401 2.4001 2.3697 2.3398 2.4475 2.4524 2.4000 2.3455 2.1662 2.2582 2.2148 2.0733 2.2535 2.4196 3.0540 1.8022 
4.5927 4.3084 4.0787 3.7652 3.4580 3.3747 3.2744 3.1295 3.0847 2.9847 3.0082 2.9514 2.8735 2.7975 2.7563 2.6933 2.6772 2.6436 2.6573 2.6398 2.6438 2.6416 2.6515 2.5735 2.6059 2.5858 2.6077 2.6001 2.5802 2.6783 2.7796 2.6424 2.2577 
3.8013 4.4353 4.1750 3.7659 3.5553 3.4211 3.3523 3.3931 3.2341 3.0716 3.0485 2.9677 3.0018 2.9681 2.8815 2.8349 2.8286 2.7705 2.7501 2.7703 2.7555 2.6608 2.6944 2.6550 2.7326 2.8032 2.6631 2.6446 2.6586 2.6843 2.8794 2.7652 1.4974 
4.2147 4.5243 3.5917 3.3596 2.7582 2.1465 1.0248 2.1528 2.1794 2.0866 1.8417 1.7244 1.8602 1.9288 1.8734 1.9450 2.0238 1.8887 1.7761 1.7794 1.6083 1.4224 1.4715 1.6417 1.6331 1.5632 0.2370 1.3658 1.8682 2.2646 2.2493 2.8377 1.9641 
4.3483 4.3902 4.1606 3.9281 3.7501 3.5475 3.4514 3.4204 3.3289 3.2462 3.1741 3.0994 3.0820 3.0321 3.0094 2.9894 2.9571 2.9459 2.9057 2.8678 2.8638 2.8114 2.8302 2.8201 2.8070 2.8429 2.7746 2.7716 2.8230 2.8759 2.8379 2.7274 1.8002 
4.2626 4.5392 4.1739 3.7401 3.6705 3.4848 3.4165 3.2479 3.3303 3.1585 3.0879 3.0587 2.9825 2.9824 2.9645 2.9324 2.9371 2.8609 2.8311 2.7927 2.7349 2.7621 2.7338 2.7387 2.8097 2.6679 2.7373 2.7108 2.7437 2.6550 2.8691 2.8661 1.9446 
4.6448 4.7946 3.8024 3.8124 3.6507 3.4591 3.3774 3.2302 3.2153 3.1651 3.0821 3.0350 3.0213 2.9975 2.9677 2.9068 2.8962 2.8369 2.8362 2.8158 2.7821 2.7368 2.7303 2.7421 2.7207 2.6541 2.6927 2.6826 2.7312 2.7343 2.4979 3.1161 2.2319 
4.2342 4.5704 4.1675 3.8117 3.5622 3.4695 3.4109 3.2431 3.1284 3.0630 3.0517 2.9944 2.9160 2.8688 2.8692 2.8692 2.8206 2.8021 2.7403 2.6930 2.6724 2.6936 2.6979 2.6467 2.6481 2.6632 2.7321 2.6924 2.6614 2.7292 2.8611 2.9200 1.9708 
4.2904 4.5644 3.7128 3.0882 2.7374 2.3222 2.2735 2.3769 2.2635 1.2713 1.4265 1.7002 1.7973 1.3891 1.0468 0.7424 0.2900 0.5253 0.8683 1.1511 1.5186 1.4269 1.0171 0.7442 1.7671 1.8127 1.5610 1.5106 1.8178 1.9827 2.3421 2.9089 1.9997 
3.8910 4.2076 3.8214 3.4608 3.3507 3.1758 3.0687 3.0122 2.8371 2.8767 2.7778 2.7393 2.7263 2.6972 2.6014 2.5901 2.5481 2.5375 2.4846 2.5565 2.5181 2.4675 2.4335 2.4500 2.3418 2.4259 2.3956 2.4021 2.4226 2.3879 2.5333 2.5788 1.4567 
4.3994 4.3530 3.6959 3.3458 3.0285 2.8775 2.7347 2.6794 2.5611 2.3434 2.2748 2.2713 2.3069 2.2241 2.2875 2.2649 2.0840 2.2189 2.1978 2.0487 2.0892 1.9742 1.9225 1.9318 2.0383 2.1214 2.0834 2.1129 2.1516 2.2683 2.3681 2.6767 1.9526 
4.1400 4.6354 3.7464 3.1363 3.0368 2.9912 2.9397 2.7596 2.7220 2.6162 2.5666 2.4059 2.6444 2.5248 2.4926 2.5084 2.4775 2.4395 2.3616 2.3379 2.4082 2.1420 2.2043 2.2033 2.2369 2.2078 2.2506 2.2133 2.1417 2.0701 2.3840 2.9827 1.5270 
4.3572 4.2115 3.7612 3.3597 3.2298 3.0892 3.0246 3.0003 2.8732 2.8514 2.7574 2.8298 2.7193 2.6784 2.6256 2.5378 2.5463 2.4662 2.5242 2.5293 2.5086 2.5696 2.4131 2.4265 2.3621 2.4103 2.3475 2.3167 2.3269 2.2748 2.4889 2.5576 2.0478 
4.0730 4.0263 4.0358 3.8309 3.5494 3.3964 3.2845 3.2056 3.1751 3.0952 2.7456 2.8867 2.9534 2.9768 2.7955 2.7542 2.7538 2.7079 2.6888 2.7840 2.6994 2.6033 2.3977 2.6766 2.6874 2.6379 2.6135 2.6206 2.6545 2.7530 2.7342 2.3648 1.6778 
4.1371 4.4672 3.9622 2.9724 2.5858 2.3519 2.0482 1.6358 2.6096 2.0211 2.5911 2.4357 1.9315 1.9259 1.9982 1.6816 1.6587 1.6130 1.8928 1.7843 1.7074 2.1781 2.2333 1.5959 2.1144 1.0880 1.3975 1.5716 1.6510 1.8678 2.6589 2.7791 1.7585 
3.5739 4.1472 4.0852 3.6087 3.4741 3.3771 3.2827 3.1570 3.1956 3.0818 3.2404 2.9534 2.9975 2.8465 2.8948 2.7686 2.7521 2.7206 2.7620 2.6756 2.7500 2.6409 2.9016 2.6652 2.7062 2.6037 2.6145 2.6041 2.5920 2.5761 2.7699 2.4687 1.4183 
4.4959 4.4072 3.6102 3.1114 2.2821 1.6689 1.9381 2.3241 2.3026 2.6603 2.9652 2.3499 1.9023 2.0111 2.2529 1.4645 -0.2023 1.4373 2.1726 1.8510 1.6618 2.0824 2.6045 2.2409 1.8327 1.7992 1.2578 1.0496 1.4649 2.0827 2.3140 2.7101 1.9562 
4.0364 4.0684 2.6882 3.3692 2.9739 2.8142 2.7603 2.9808 1.8050 2.2780 2.6264 2.3808 2.2281 2.1995 1.9668 2.0853 1.9569 2.0181 1.8708 2.0059 1.9836 2.1144 2.2705 1.8607 1.3006 2.3791 2.1137 2.0367 2.0417 2.2793 1.4399 2.3735 1.7552 
3.9145 4.2831 3.7736 3.4580 3.3783 3.3035 3.1845 2.9881 2.8677 2.8916 3.1289 2.7853 2.7949 2.8992 2.7778 2.7098 2.6561 2.6583 2.6746 2.7162 2.5930 2.5232 2.7817 2.4685 2.3596 2.3873 2.5451 2.5294 2.4650 2.3933 2.4620 2.6308 1.5196 
4.5313 4.1936 3.8468 3.2201 3.3469 3.1709 3.1047 2.7531 3.0285 2.8074 2.7036 2.5705 2.5503 2.6649 2.6303 2.6213 2.6506 2.5797 2.5325 2.5108 2.3006 2.2614 2.3481 2.3821 2.5557 2.2049 2.4377 2.3964 2.4138 2.1790 2.5768 2.5208 2.1365 
3.9497 4.2205 4.0716 3.9288 3.5744 3.3475 3.3920 3.4062 3.3992 3.0986 2.8133 2.9054 2.9710 2.9329 2.8360 2.7708 2.7022 2.7224 2.7225 2.7361 2.7230 2.6144 2.4706 2.6790 2.9146 2.8227 2.7139 2.5712 2.6730 2.8798 2.7518 2.5845 1.6408 
3.0436 4.2155 3.8527 3.4529 2.5725 2.3658 2.9188 3.1051 2.2355 2.3292 2.1349 2.2149 1.9929 2.4341 2.0043 1.9358 2.1207 1.8893 1.8946 2.2708 1.8021 1.9170 1.7921 1.9135 1.7353 2.5573 2.2458 1.5932 1.6532 2.3797 2.5714 2.5812 0.9475 
3.8985 3.4531 3.8501 2.8308 3.0892 3.0821 2.9781 3.0778 2.7560 2.5910 2.6301 2.5195 2.4235 2.5264 2.5041 2.4656 2.3764 2.3994 2.3713 2.3405 2.2152 2.2276 2.2752 2.1762 2.2735 2.5241 2.2867 2.3104 2.2056 1.8295 2.5850 1.7624 1.5859 
4.2605 3.8779 3.3791 3.4203 2.3749 0.6484 2.6286 2.5519 2.2703 2.6046 1.9571 1.8728 0.8139 1.9598 2.0212 1.9167 1.9806 1.8659 1.9125 1.8136 0.5826 1.5722 1.5989 2.1927 1.7980 1.9542 1.9550 -0.5130 1.4406 2.3483 2.0854 2.1948 1.8111 
4.0400 3.5235 3.0444 3.4538 2.7385 2.5729 2.8652 2.5440 2.6792 2.7360 2.6341 2.4243 2.3164 2.5979 1.9542 1.9875 2.1960 1.9392 1.8501 2.4100 2.0998 2.1668 2.2761 2.3260 2.2025 1.9550 2.2068 1.8058 1.8472 2.3795 1.7926 1.8558 1.6365 
3.8103 4.1241 3.7358 3.2361 3.2465 3.1301 3.0514 2.5664 2.5786 2.8466 2.6064 2.6071 2.5352 2.6591 2.5803 2.5037 2.4451 2.4346 2.4490 2.5017 2.2899 2.3057 2.2470 2.4213 2.0636 1.9621 2.3684 2.3532 2.3345 2.1990 2.4003 2.4356 1.4059 
4.2848 3.9759 3.3072 2.6839 2.7975 2.7831 3.0091 1.8772 2.3186 1.9105 1.9142 2.0711 1.9627 1.9237 1.9602 1.9586 1.8144 1.9085 1.8614 1.7890 1.7641 1.8029 1.5624 1.4871 1.8357 1.3330 2.3288 2.0084 1.8977 1.6248 1.9790 2.2956 1.9053 
3.4471 4.0081 3.7459 3.4299 3.3837 3.1244 3.2326 2.5709 2.4470 2.7699 2.4860 2.6043 2.4979 2.4163 2.4055 2.3818 2.4341 2.3339 2.2994 2.2569 2.2640 2.3021 2.1461 2.3504 1.9466 1.9592 2.5824 2.3473 2.4732 2.3515 2.4278 2.3475 1.1439 
4.2234 4.0281 3.3653 3.2284 2.9641 2.7467 2.8496 2.7147 2.6138 2.4494 2.5546 2.3911 2.4466 2.3399 2.3821 2.3367 2.2939 2.2835 2.2814 2.1950 2.2296 2.1284 2.1994 2.0213 2.1251 2.1620 2.2015 1.9658 2.0345 2.1835 2.0770 2.3416 1.8642 
3.7263 3.5755 3.0699 2.7687 2.6955 2.6329 2.7445 2.4709 2.2851 1.2673 2.1968 2.2131 2.2135 2.2562 2.0349 1.9874 1.8646 1.9395 1.9256 2.0909 1.9643 1.9132 1.8396 0.8231 1.8085 1.8899 2.0938 1.8639 1.8139 1.7329 1.8069 1.9483 1.2755 
2.9727 3.0031 3.0255 2.9719 2.7300 2.5678 2.6202 2.2586 2.2126 2.2431 2.1041 2.1616 1.9048 2.1512 1.8499 1.9574 1.7825 1.9066 1.7478 1.9584 1.6809 1.8569 1.7665 1.8297 1.7172 1.6793 1.9412 1.7959 1.8381 1.8896 1.7655 1.3516 0.6629 
3.4799 3.2525 2.3836 2.3727 2.2663 2.5245 2.2768 2.2547 1.8832 2.1553 2.1529 1.3973 1.9564 1.7660 1.7195 1.3674 1.4500 1.2964 1.5870 1.5709 1.7537 1.0837 1.8024 1.7276 1.4112 1.6754 1.5968 1.7516 1.3839 1.3255 1.0791 1.5601 1.0639 
2.0550 2.6272 1.4193 2.2227 2.0110 1.4460 2.0512 1.1881 1.0976 1.6791 1.3292 1.0730 1.2272 1.5052 1.2901 0.4901 0.9809 0.4268 1.1726 1.3537 1.0305 0.7833 0.9834 1.2561 0.6340 0.6320 1.4087 0.6850 1.1117 1.1468 0.0263 0.9704 -0.4970 
1.7481 2.4192 2.3955 2.1079 1.9926 1.7969 1.7319 1.7553 1.4851 1.1870 1.3668 0.9612 0.6250 1.0937 1.2774 0.8958 0.6183 0.8265 1.1642 0.9370 0.3599 0.6793 1.0203 0.7833 1.0109 1.1585 1.0651 1.0244 1.0985 1.0384 1.1097 0.7673 -0.7302 
2.7178 2.1935 2.3893 1.7936 1.7703 1.8540 1.7495 1.3490 1.3773 1.5127 1.0855 1.4505 0.8364 0.8455 1.5025 0.8446 1.0112 0.7906 1.4141 0.6913 0.6433 1.1502 0.7309 1.0962 0.8537 0.7544 1.0731 1.0792 0.8445 0.7005 1.0984 0.4592 0.2591 
2.2194 2.1990 2.0862 1.9545 1.8012 2.1916 1.8198 1.4093 1.4176 1.5624 1.4135 0.5269 0.8818 1.4648 0.4607 1.3914 1.2945 1.3192 0.3747 1.2945 0.6670 0.2619 1.0505 1.1437 0.9143 0.7970 1.1293 1.4178 0.8715 0.9060 0.7861 0.5235 -0.1320 
1.6927 2.1814 1.9963 0.3049 1.4136 1.9932 1.5199 1.5662 1.4728 1.3831 1.7504 1.8403 1.2782 1.0706 0.6434 1.4924 0.6752 1.4463 0.5272 0.8904 1.0628 1.5401 1.4098 0.9488 0.9974 1.0213 0.8398 1.2220 0.5103 -1.0635 0.7159 0.5268 -0.8268 
0.0657 1.6932 1.2106 1.2699 1.3207 0.7312 0.9715 0.3824 1.4350 0.7598 1.4499 1.0145 0.5148 1.1775 0.8012 1.0099 0.0161 0.9362 0.7096 1.0304 0.3039 0.7028 1.0933 0.3321 0.9406 -0.1510 0.2928 -0.0129 0.4078 0.2035 -0.0634 0.0355 -3.0678 
2.1907 2.0027 2.0684 1.5926 1.6615 1.7321 1.8174 1.3112 1.6101 1.4635 0.9362 0.6234 1.5674 1.4448 1.3991 1.0174 0.5367 0.9464 1.2579 1.2623 1.3630 0.3174 0.5984 1.0494 1.1231 0.7264 1.1305 0.9616 0.7580 0.5473 0.7765 0.3544 -0.2390 
2.3867 2.3077 1.6689 1.6712 1.8098 2.0743 1.7614 -0.3701 0.9355 0.8624 1.4534 1.7080 1.0520 1.1148 0.9311 1.1313 0.7184 1.0823 0.7996 0.9632 0.7987 1.4295 1.0984 0.4435 0.4262 -0.9007 1.0762 1.2999 0.8961 0.6254 0.3895 0.6477 -0.0234 
2.2152 2.2479 1.7269 0.8021 1.5134 1.5890 1.5149 1.4189 0.6988 1.4474 1.3668 1.1618 1.3342 1.7201 1.5610 1.1822 0.2789 1.1307 1.4594 1.5410 1.1017 0.8745 1.0199 1.0365 0.2189 0.8108 0.8392 0.8149 0.6356 -0.1993 0.4033 0.5879 -0.2387 
2.6136 2.1731 1.5748 0.6417 1.2875 0.9043 1.3863 1.5430 1.4159 1.6228 1.1760 1.4083 0.7423 1.4477 1.0217 1.1668 -0.1542 1.1135 0.8900 1.2691 0.5249 1.0983 0.8164 1.2002 0.8985 0.9944 0.7024 0.1310 0.3789 -0.4289 0.2946 0.4551 0.2365 
