1.2021 1.5123 1.2287 1.0916 1.1946 1.2133 1.2476 1.3499 1.3507 1.2659 1.0380 1.2538 1.1925 1.1611 0.7333 0.8716 1.0269 0.8298 0.6224 1.0247 1.0003 1.0153 0.7189 0.8807 0.8832 0.8185 0.6642 0.5093 0.3873 0.1133 0.0615 0.0267 -0.8832 
0.8371 1.9470 1.7280 1.7934 1.1404 1.2402 1.4575 1.2504 1.4264 -0.1381 1.0961 1.5763 1.1746 1.3105 0.9317 1.2500 1.4821 1.2074 0.8337 1.1557 0.9791 1.3321 0.7714 -0.5600 0.9609 0.7461 0.8423 0.5415 0.3308 0.8078 0.5288 0.4481 -1.9590 
1.8457 -0.0521 0.9356 0.9206 1.1930 1.1676 1.2681 0.6474 0.4322 0.0238 0.4998 0.9612 0.5025 0.9478 0.6216 0.3762 -0.2866 0.3202 0.5087 0.7969 0.3297 0.7174 0.1878 -0.3911 0.0031 0.1011 0.6835 0.4690 0.3923 -0.0038 -0.2699 -1.5031 -0.3758 
2.4819 1.8098 1.5016 0.4393 1.6884 1.6717 1.4686 1.5645 1.1380 0.8491 1.0379 1.3222 0.8915 1.1031 1.4361 1.2058 1.1423 1.1552 1.3256 0.9445 0.7144 1.0759 0.7204 0.4658 0.7108 1.0692 0.8547 0.9646 0.8623 -0.6108 0.3305 0.2604 0.2760 
1.9415 1.8515 1.7775 1.7515 1.6880 1.8137 1.4506 1.6151 1.4378 1.3877 1.3043 1.3468 0.8747 1.2448 1.1972 1.0965 0.7421 1.0592 1.1085 1.1077 0.7079 1.0894 0.9954 0.9982 0.9839 1.1065 0.8334 1.1099 0.8576 0.7642 0.5821 0.3347 -0.3146 
0.5810 1.7420 1.3626 1.1438 1.4438 1.4075 0.7629 1.2564 1.0799 0.8569 0.8269 0.9828 1.0811 0.8308 0.9459 0.2017 0.8583 0.1555 0.8441 0.7060 0.8562 0.7311 0.5089 0.4692 0.6217 0.7476 0.1532 0.7115 0.6145 0.1543 0.1705 0.2177 -2.1587 
1.0880 1.5344 1.3502 1.3848 1.4620 1.5375 1.4340 1.1154 1.4410 1.4647 1.1725 1.2070 1.2572 0.8020 0.7748 0.6395 0.2381 0.5828 0.6855 0.6601 1.0763 0.9523 0.8526 1.0885 0.9903 0.5898 0.8072 0.8355 0.6512 0.4029 0.1476 0.0569 -1.3995 
2.5080 2.0998 1.8311 1.8637 1.5964 1.3667 1.1217 0.5087 1.4696 1.4222 1.5209 1.4132 1.4044 1.6050 0.6643 1.4741 1.5270 1.4342 0.5299 1.4651 1.1774 1.1285 1.2017 1.0382 1.0350 0.0116 0.5044 0.6681 0.7851 0.8816 0.6589 0.5142 0.2753 
2.6380 1.9635 1.5476 1.8191 1.3964 0.5941 1.1455 1.2153 1.3441 1.1514 1.3414 1.7631 1.6294 1.4648 1.4109 1.0886 0.5963 1.0444 1.2792 1.3046 1.4402 1.4830 1.0390 0.7724 0.8807 0.7195 0.5280 -0.1025 0.5559 0.8451 0.3820 0.4038 0.4430 
2.1263 2.1423 1.4152 1.6812 1.5024 1.7945 1.8870 1.5819 1.5004 0.8042 1.4995 1.1588 1.0829 1.0213 1.1026 0.4949 0.9543 0.4420 1.0029 0.8561 0.8591 0.8887 1.1775 0.4263 1.0731 1.0806 1.2837 1.0881 0.6950 0.7287 0.2019 0.6205 -0.0291 
2.5106 2.0163 1.8715 1.6605 1.7317 1.6654 1.8549 1.6202 1.4386 0.6752 0.9852 0.8285 1.2208 1.5225 1.4452 1.1595 1.1583 1.1180 1.3399 1.3926 1.0495 0.5613 0.6824 0.2653 0.9906 1.1075 1.2423 0.9650 0.8849 0.7070 0.7074 0.4513 0.2642 
2.5538 2.4291 2.1540 1.5528 1.7672 1.6812 0.9854 1.2725 1.4020 1.5096 -0.1880 1.2571 1.3619 1.1293 1.3126 0.9445 0.9868 0.8848 1.2084 0.9812 1.1462 1.0224 -0.4498 1.1320 0.9312 0.7631 0.3824 0.9765 0.9236 0.5712 0.9678 0.8859 0.3709 
2.3619 2.1365 2.0624 1.8553 1.6871 1.2047 1.4874 1.4258 1.1862 1.2229 1.1692 1.6341 0.8629 1.4159 0.9159 0.5478 0.8564 0.4978 0.8237 1.2312 0.6770 1.3989 0.8535 0.8487 0.7526 0.8714 0.8691 0.5066 0.8539 0.8743 0.8665 0.5883 0.1501 
2.4901 2.1039 1.5514 1.5663 1.5086 1.7005 1.8179 1.6761 1.5058 1.0985 1.2988 1.4566 1.3068 1.2200 0.8629 0.8437 0.8438 0.7950 0.7785 1.0898 1.1090 1.1852 0.9914 0.7218 1.0748 1.1493 1.2036 0.9992 0.7162 0.6009 0.3998 0.5380 0.3196 
2.5783 2.7664 2.3255 2.2105 2.2029 2.1249 1.9792 1.6713 1.7443 1.9096 1.7346 1.7382 1.5628 1.8236 1.6574 1.6877 1.3973 1.6263 1.5532 1.6700 1.3792 1.4655 1.4209 1.5295 1.2763 1.1408 1.4004 1.4202 1.4075 1.2314 1.1611 1.2310 0.3840 
3.2395 3.9972 3.6841 3.3730 3.2428 3.1698 3.1024 2.6411 2.9978 2.7641 2.8259 2.9534 2.6061 2.6656 2.5729 2.5457 2.5452 2.5047 2.4890 2.5268 2.4127 2.6915 2.5001 2.3724 2.5600 2.1440 2.4998 2.4676 2.4336 2.4227 2.5195 2.5016 0.6133 
4.0340 4.0257 3.6185 3.4177 3.2777 3.1842 3.1836 2.9447 2.9238 2.8792 2.8500 2.6889 2.6396 2.5771 2.5416 2.5175 2.4743 2.4796 2.4609 2.4453 2.4689 2.4536 2.5244 2.5042 2.4914 2.4414 2.5573 2.4796 2.4765 2.4690 2.4377 2.5140 1.7190 
4.0244 4.1386 3.5904 3.0736 2.9582 2.6838 2.5439 3.1082 2.8804 2.6070 2.5775 2.4299 2.5505 2.4003 2.3950 2.2727 2.3170 2.2301 2.2770 2.2384 2.3409 2.1638 2.2591 2.2295 2.4468 2.5763 1.9209 1.9730 2.1455 2.1186 2.4049 2.6078 1.6893 
3.6603 4.1415 3.4519 3.1275 3.1961 3.1663 3.0471 2.4760 2.8001 2.2964 2.1636 2.7669 2.6294 2.5990 2.5264 2.4190 2.4939 2.3558 2.4369 2.4718 2.4552 2.5056 1.8402 1.9178 2.3266 1.9266 2.4666 2.4625 2.3574 2.1541 2.2434 2.6203 1.7014 
0.8096 4.2171 3.5296 2.8799 2.7891 2.5155 2.8577 2.6529 2.7511 2.5029 1.8717 2.1724 2.5959 2.2569 2.1163 2.0889 1.8476 2.0201 1.9882 2.1257 2.4033 1.8992 1.5648 2.1307 2.2884 2.1464 2.2432 1.8143 1.9479 1.9170 2.3260 2.6820 0.1480 
3.2821 3.9311 3.5349 2.6567 2.8935 2.7529 2.7929 2.2505 2.5450 2.6185 2.4269 2.5017 2.4024 2.2141 2.2055 2.1389 2.1533 2.0921 2.1250 2.0796 2.1886 2.2288 2.1186 2.2404 2.1184 1.7642 2.1793 2.0534 2.1017 1.7525 2.3747 2.4232 -0.5246 
1.9925 3.7843 3.7195 3.3049 3.2059 3.0213 2.8706 2.9841 2.8630 2.8212 2.7455 2.6921 2.7181 2.5549 2.5642 2.5031 2.4746 2.4641 2.4827 2.4122 2.5190 2.4579 2.4371 2.4319 2.4222 2.4891 2.2570 2.3215 2.3793 2.3570 2.5742 2.2438 1.2091 
2.4151 3.8230 3.5106 3.4157 3.0582 2.9278 2.8436 2.8406 2.6069 2.6621 2.6185 2.5378 2.6102 2.5022 2.4629 2.3572 2.3061 2.2997 2.3341 2.3338 2.4188 2.2700 2.2953 2.2819 2.1614 2.2941 2.2270 2.2271 2.2396 2.4813 2.3495 2.2707 1.2532 
3.3625 4.0890 2.8614 3.1977 2.6212 2.5519 2.5137 2.4242 2.2369 2.1939 2.1653 2.2651 2.1361 1.8566 1.9712 1.9631 1.8654 1.9164 1.8744 1.7111 1.9078 2.0097 1.8432 1.8206 1.8026 1.8833 1.8997 1.8562 1.8160 2.2317 1.6686 2.5823 1.5058 
3.3208 4.2823 3.4149 3.1778 2.3019 2.2455 1.8970 2.3527 2.5588 2.1067 1.9672 1.9762 1.8277 1.5023 1.6274 1.1002 1.5357 1.1049 1.5129 1.3473 1.5908 1.7470 1.6537 1.7197 2.1293 1.8511 1.3409 1.5669 1.5530 2.2087 2.2340 2.7773 1.5881 
3.2875 4.2509 3.3572 3.0295 2.6734 2.6199 2.6301 2.5451 2.4303 1.3718 1.9031 2.0118 2.0935 1.7957 1.8688 1.8429 1.6567 1.8013 1.7823 1.6299 1.8713 1.7778 1.5988 1.0346 1.9518 2.0208 2.0517 1.9237 1.8869 2.1102 2.2309 2.7200 1.6157 
3.6481 4.0932 3.6220 3.1611 3.2033 3.0815 2.9909 2.7180 3.2047 2.9369 2.8574 2.8388 2.7143 2.6982 2.6525 2.6132 2.6082 2.5652 2.5611 2.5502 2.5170 2.5620 2.5327 2.5591 2.7564 2.2025 2.4083 2.3872 2.3883 2.1894 2.5010 2.5720 1.7898 
4.0312 3.5446 3.9527 3.6286 3.6365 3.5338 3.4507 3.4230 3.0942 3.1833 3.1493 3.1260 3.0646 2.9994 2.9517 2.9307 2.9253 2.8863 2.8630 2.8653 2.8677 2.8632 2.8326 2.8035 2.6280 2.9019 2.8518 2.8316 2.8381 2.6663 2.8079 1.9838 1.9354 
4.3961 4.0222 4.1838 3.9786 3.8488 3.6807 3.5985 3.5112 3.5036 3.3829 3.3125 3.2805 3.2253 3.1933 3.1695 3.1360 3.1030 3.0723 3.0416 3.0180 3.0047 3.0141 2.9860 2.9986 3.0316 2.9665 2.9794 2.9769 3.0029 3.0050 2.9842 2.5216 2.1930 
4.6296 4.3800 4.1287 3.8924 3.4433 3.0240 2.7654 2.7707 2.8029 2.8194 2.7777 2.9434 2.8988 2.7273 2.4907 2.0860 1.9814 2.0225 2.3781 2.5712 2.6877 2.6794 2.4693 2.4266 2.3281 2.2365 2.1598 2.3217 2.6146 2.9079 2.9464 2.8613 2.3960 
3.6465 4.4456 4.4302 4.1150 3.7732 3.6797 3.5664 3.4110 3.3259 3.4452 3.3961 3.2116 3.1081 3.2328 3.1329 3.0904 3.0980 3.0302 3.0095 3.0787 2.8979 2.9375 3.0850 3.0591 2.8875 2.8928 2.9480 2.9756 2.9509 3.1672 3.2622 2.9459 1.6957 
4.3117 4.6604 4.2276 3.2151 3.4059 3.2948 3.0998 3.0646 3.1852 2.8400 3.0706 2.5689 2.6702 2.5583 2.8068 2.1783 2.5210 2.1371 2.6798 2.4202 2.4889 2.2952 2.7614 2.4678 2.7187 2.5465 2.4988 2.5918 2.5845 2.2524 3.0074 3.1678 1.9958 
3.6096 4.6087 4.1710 3.9707 3.6274 3.4040 3.3382 3.3305 3.0314 3.0624 2.9938 3.1239 3.0060 2.9717 2.8735 2.9489 2.9190 2.9029 2.7805 2.8398 2.8296 2.8623 2.6782 2.6771 2.5876 2.8359 2.7496 2.7015 2.8279 2.9946 2.9703 3.0848 1.0808 
4.2752 4.4646 4.2383 3.8373 3.6785 3.5594 3.4674 3.3340 3.2761 3.2095 3.2935 3.0496 3.1342 3.0455 2.9496 2.8990 2.8795 2.8580 2.8612 2.8987 2.9144 2.8157 2.9727 2.8360 2.8439 2.8400 2.8611 2.8569 2.8738 2.8646 3.0297 2.9514 1.8836 
4.1299 4.3315 3.4793 3.3287 2.9325 2.8009 2.8050 3.0491 3.0560 2.5676 3.3032 3.1920 2.6504 2.6245 2.8249 2.5018 2.2555 2.4609 2.6994 2.4968 2.4739 2.9138 2.9781 2.2010 2.6046 2.5352 2.1890 2.1052 2.1335 2.3900 2.3075 2.8330 2.0855 
4.1534 4.3374 4.0610 3.9299 3.8235 3.6813 3.5773 3.4022 3.5201 3.3697 3.3231 3.3111 3.2650 3.2726 3.2465 3.2058 3.1972 3.1670 3.1659 3.1366 3.0595 3.0508 2.9987 2.9861 3.0466 2.8869 2.9615 2.9775 2.9826 2.9571 2.8991 2.8467 1.9681 
3.8001 4.8418 4.7328 4.3406 3.9016 3.7862 3.5165 3.6992 3.6988 3.4346 3.3263 3.4446 3.4011 3.2350 3.2757 3.2367 3.2617 3.1971 3.1926 3.0816 3.2091 3.1952 3.0067 3.0449 3.2614 3.2010 2.8911 3.0826 3.0647 3.3582 3.5661 3.3255 1.0107 
3.7971 4.2838 4.3959 3.1265 3.2267 3.1277 2.8422 2.8671 2.3075 2.7089 3.2551 2.3801 2.8465 2.7612 2.8767 2.7395 2.6930 2.6796 2.7864 2.5982 2.6224 2.1205 2.9363 2.3244 1.8893 2.3201 2.2239 2.4229 2.4178 2.1981 3.2454 2.7410 1.9475 
4.2980 3.9809 4.0108 3.4385 2.8993 2.7848 2.6586 2.9561 1.7868 2.8089 2.7370 2.5006 2.1349 2.5005 2.5539 1.9862 1.6723 1.9247 2.4742 2.3330 1.9117 2.2261 2.4295 2.4188 1.3357 2.4567 2.0739 2.0755 2.0766 2.4810 2.8491 2.4801 2.1287 
4.6678 4.5919 4.2078 4.1293 3.8872 3.5805 3.4263 3.3251 3.3582 3.2462 2.9725 3.1779 3.0761 2.9688 2.5899 2.3976 2.3397 2.3359 2.5009 2.8365 2.8752 2.8982 2.6502 2.8698 2.9180 2.8285 2.8360 2.8760 3.0408 3.1786 3.0043 3.0438 2.4898 
3.9871 3.9334 4.6325 3.8224 2.7450 3.1767 3.4451 3.7759 3.3460 2.8586 3.5270 3.2418 2.9897 2.1333 2.9762 2.9728 2.8800 2.9271 2.8871 1.9845 2.8170 2.9737 3.1982 2.4944 2.9094 3.2558 2.8407 2.4775 1.9181 2.8360 3.4630 2.4737 1.8977 
3.2691 4.4309 4.2434 3.8119 3.5986 3.2769 3.3355 3.5970 3.1936 3.0193 3.1379 2.9167 2.7741 2.8588 3.1083 2.9628 2.9540 2.9153 2.9895 2.6943 2.5566 2.6488 2.8252 2.6351 2.7344 3.0708 2.7508 2.5681 2.7855 2.8512 3.0366 2.9345 1.4535 
4.2653 4.2975 4.4334 4.0564 3.2570 3.1811 4.0351 3.8830 3.2572 3.6047 3.1259 3.1132 2.8142 3.4117 3.2411 2.8240 2.8238 2.7596 3.1550 3.2619 2.5876 2.8555 2.8137 3.2281 2.8332 3.3281 3.4455 2.4909 2.4689 3.0977 3.2653 2.8275 2.0303 
4.5855 4.2578 4.2340 3.2348 2.6257 2.4615 3.8807 3.3652 2.6648 3.0082 2.5063 2.6830 2.1651 2.9732 2.6093 2.4443 2.5241 2.3829 2.5265 2.8392 1.9679 2.4535 2.1641 2.6290 2.2060 2.8636 3.2520 1.8013 1.7851 2.2663 3.0265 2.7291 2.4164 
4.4830 3.8285 4.6296 4.2684 3.4557 3.6086 3.1866 3.3095 3.0761 3.4798 3.2524 2.9188 2.9074 3.2411 2.9686 2.5852 2.5823 2.5397 2.8749 3.0926 2.6987 2.6527 2.9280 3.0902 2.6247 2.8093 2.5666 2.9010 2.6200 3.2793 3.4610 2.3648 2.3232 
4.4467 4.2263 4.0144 3.2076 2.8338 2.7340 3.3423 2.3592 2.4962 2.8182 2.7553 2.5651 2.1456 2.4925 2.5288 2.2845 2.2849 2.2427 2.4426 2.3103 1.9456 2.2986 2.4333 2.4334 2.0261 1.8016 2.7537 2.0780 2.0185 2.2674 2.8475 2.6809 2.3276 
4.3148 3.5770 4.3201 4.1840 3.2930 3.4934 2.5782 3.3725 3.2377 3.5152 2.5733 3.0138 2.9814 3.0327 2.9574 2.9316 2.8458 2.8868 2.8678 2.8891 2.8091 2.7738 2.2483 3.1243 2.8097 2.8653 1.9910 2.7881 2.4868 3.2085 3.1761 2.0257 2.1682 
4.3446 4.0075 3.2036 3.5682 3.3241 3.0840 3.5325 3.2046 2.9990 2.8083 2.8438 2.7454 2.6660 2.7269 2.7424 2.6416 2.6479 2.5989 2.6260 2.5721 2.4847 2.4930 2.5176 2.4157 2.5587 2.6604 2.9051 2.3898 2.5141 2.5926 1.9890 2.5069 2.1917 
4.2272 4.0155 3.5749 2.9739 2.2672 2.7778 2.5313 1.9089 2.3077 2.2827 1.8814 1.9584 1.7239 1.6134 1.8046 1.6668 1.5675 1.6068 1.7008 1.4657 1.5056 1.7201 1.5559 1.9116 1.8660 1.4040 1.9139 2.0686 1.4497 1.9956 2.3893 2.5141 2.1032 
4.3250 3.9409 3.3296 3.2238 2.8508 2.5778 2.5576 2.1448 1.4128 2.0450 2.2733 2.0337 1.4310 1.5585 1.0209 1.3314 0.7308 1.2623 0.9127 1.4245 1.1946 1.7799 1.9560 1.6684 0.9593 1.5968 1.9370 1.8715 2.0093 2.2400 2.1779 2.4223 2.1766 
4.2139 3.9054 3.4523 2.8403 2.6906 2.6043 2.2703 2.0824 1.8988 2.2152 2.1265 1.9906 1.5563 1.8164 1.7945 1.6184 1.8148 1.5657 1.6913 1.6565 1.3593 1.7488 1.7992 1.8391 1.4552 1.5442 1.6516 1.8985 1.8701 1.8426 2.2646 2.3691 2.0494 
4.0142 3.8232 3.1930 2.5644 2.4740 2.4256 2.8146 2.4838 2.2594 2.2064 2.0772 1.8382 2.0156 1.4934 1.8747 1.8941 1.9490 1.8462 1.7951 1.3367 1.8183 1.5597 1.7644 1.8280 1.8134 1.9285 2.1897 1.7330 1.6445 1.5911 1.9824 2.2818 1.8771 
3.9018 3.6751 3.1835 2.8306 2.7385 2.5284 2.5831 2.3732 2.3685 1.9969 1.9998 2.2162 2.1510 1.8186 1.8254 1.9266 1.6987 1.8843 1.7362 1.6611 1.9225 1.9481 1.6943 1.6111 1.9133 1.8492 1.9746 1.8202 1.9151 1.8373 1.9819 2.1622 1.7346 
3.5869 3.5136 2.6137 2.5885 2.3432 2.5073 2.2624 2.0736 2.1530 2.0278 1.7752 2.1188 1.4278 1.8266 1.7416 1.7881 1.2816 1.7422 1.6133 1.6774 1.2070 1.8361 1.4495 1.6418 1.6996 1.5345 1.6595 1.8067 1.5206 1.6269 1.4321 1.9693 1.4586 
3.3312 3.2953 2.8097 2.5837 2.3224 1.6839 2.1859 2.1156 1.9482 2.1309 1.8696 1.6335 1.8317 1.5046 1.7520 1.6845 1.4538 1.6223 1.6271 1.3606 1.6172 1.4016 1.5464 1.7541 1.5109 1.5634 1.5702 0.9375 1.5077 1.6077 1.6051 1.7942 1.1881 
3.5596 3.3113 2.7055 2.4993 2.4755 2.3028 2.1603 2.0504 1.8515 2.0437 1.9601 1.9178 1.7395 1.4254 1.6126 1.8318 1.8062 1.7918 1.5212 1.2466 1.5128 1.6661 1.6466 1.6580 1.4221 1.5186 1.5423 1.5990 1.6313 1.5140 1.5310 1.7976 1.3904 
2.6053 2.9590 2.3123 2.1745 2.1220 1.9985 2.0534 1.5803 1.6914 1.7857 1.8679 1.5684 1.3540 1.6236 1.6882 1.5053 1.4501 1.4611 1.5702 1.4825 1.1370 1.3232 1.5471 1.4149 1.2299 1.0803 1.4485 1.2994 1.2788 1.2084 1.1449 1.4634 0.5090 
3.1438 3.0378 2.4683 2.1421 2.1365 2.1700 2.1675 1.9795 2.1525 1.9671 1.7378 1.8885 1.6070 1.5636 1.7196 1.5402 1.4584 1.4948 1.5961 1.4346 1.4260 1.6254 1.4230 1.5816 1.7044 1.4674 1.5531 1.4670 1.3045 1.1508 1.2687 1.5183 0.9455 
2.3887 2.7693 2.2376 2.2743 2.0688 2.1023 1.8399 1.9140 1.5369 1.5692 1.4488 1.4815 1.5090 1.6033 1.5926 1.5626 1.5774 1.5163 1.5004 1.4678 1.3049 1.2141 1.1193 1.1973 1.0980 1.4174 1.2188 1.3988 1.2311 1.3167 1.1018 1.2386 0.2486 
2.5406 2.6424 1.9500 1.8935 0.1956 1.8402 1.6908 1.3085 1.5452 0.8032 1.1582 1.4870 1.5610 1.1848 1.3486 1.4310 1.2647 1.3803 1.2311 1.0617 1.3707 1.2164 0.8434 0.4352 1.1058 0.7838 1.0899 1.1390 -0.4139 0.9169 0.7836 1.1386 0.3730 
1.9479 2.1426 1.7239 1.7882 1.5095 1.1606 1.4202 1.6304 1.8544 1.6158 1.5143 1.3638 0.8066 0.8536 1.1630 0.9056 0.8016 0.8565 1.0780 0.7252 0.6082 1.0994 1.1913 1.2284 1.4248 1.1170 0.8008 0.4603 0.7097 0.8018 0.5563 0.6429 -0.2397 
2.6442 2.5927 2.3183 1.6724 1.8911 1.8027 1.6494 1.4827 1.4491 1.4794 1.6860 1.0811 1.3816 1.1229 0.5673 1.2178 0.7966 1.1769 0.4629 0.9680 1.1601 0.8024 1.3766 1.1069 0.9995 0.9589 1.0650 1.0989 1.0875 0.7103 1.1454 1.0861 0.4327 
2.3329 2.3182 2.1185 1.9317 1.6523 1.8041 1.8073 1.4807 1.7404 1.2260 1.0591 0.8643 1.3074 1.4479 0.8488 1.3024 -0.1424 1.2442 0.7567 1.2805 1.1102 0.6147 0.7264 0.8529 1.2689 0.9671 1.1941 1.0986 0.8292 0.9699 0.9078 0.8001 0.0782 
2.2113 2.1551 1.5624 1.9485 2.2349 1.8048 1.8919 1.4180 1.5918 0.9098 0.6992 1.3223 1.3256 1.2131 1.5676 1.3307 -0.6752 1.2681 1.4804 1.0809 1.1222 1.0760 0.3716 0.5221 1.1526 0.8614 1.2816 1.1027 1.4307 1.0091 0.4144 0.6325 0.0699 
2.5891 2.3907 1.7873 1.8319 1.3523 1.7600 1.4362 1.7351 1.1852 1.7036 1.3621 1.1036 1.4297 0.7338 1.3690 1.1715 0.6789 1.1256 1.2471 0.5567 1.2049 0.8363 1.0498 1.3170 0.7429 1.1931 0.8211 1.0539 0.5275 0.8529 0.5929 0.8545 0.4013 
2.6235 1.6828 1.8675 1.5797 1.4053 0.8445 1.6339 0.6772 0.4821 1.5074 1.4019 1.3276 1.1655 1.5394 1.2735 1.4184 0.2637 1.3581 1.1778 1.4131 0.9657 1.0777 1.0767 1.1311 0.0334 0.1374 1.0557 0.1477 0.5481 0.6324 0.7286 0.1776 0.4306 
2.0739 2.2715 1.5675 1.6437 1.9969 1.4778 1.6252 1.2963 1.1756 1.3847 1.4711 1.2011 0.2949 1.4146 1.1125 1.0661 1.0219 1.0096 1.0200 1.2291 0.0985 0.9389 1.1489 0.9953 0.7389 0.7846 1.0443 0.7708 1.1760 0.7106 0.3911 0.7681 -0.1397 
1.9775 1.1661 1.6600 1.4956 0.6861 1.1747 1.4582 1.8590 0.9945 1.5653 1.5239 1.4131 1.2134 1.1985 1.1749 1.5137 1.1846 1.4709 1.0903 1.0701 1.0356 1.1308 1.2063 1.1902 0.5376 1.3441 0.8445 0.4665 -0.1261 0.5086 0.4849 -0.4125 -0.2100 
1.8293 1.9199 1.8370 1.8115 1.6043 0.9789 1.4815 1.2056 1.5102 1.7701 1.6014 1.2402 1.5249 1.1681 0.2008 0.8627 0.5828 0.8186 0.1172 1.0320 1.3261 0.9977 1.2873 1.3860 1.0811 0.7101 0.8634 0.2920 0.7890 0.8334 0.6816 0.4167 -0.4115 
1.9152 1.9418 1.6238 1.6822 0.3931 0.8821 1.5005 1.4561 0.8874 0.5109 1.1500 1.1072 0.9119 1.1776 1.1890 0.8640 0.1392 0.8209 1.0988 1.0505 0.7312 0.8371 0.8279 0.1356 0.4540 0.9152 0.8861 0.1945 -0.3989 0.7195 0.4889 0.4659 -0.3497 
2.4212 2.2178 1.4756 1.8386 2.1698 1.9973 1.8880 1.8328 1.6790 1.6620 1.1250 1.0037 1.3270 0.8409 1.4474 1.3022 0.5538 1.2425 1.3453 0.7159 1.1224 0.7418 0.8032 1.2769 1.2161 1.3056 1.2805 1.2938 1.3534 0.8619 0.2903 0.7060 0.1586 
1.1904 2.1763 1.6766 1.8301 1.9525 1.3350 1.5105 0.6623 1.2944 0.8261 0.9397 1.6607 0.8080 1.5828 1.2287 1.6059 1.5693 1.5612 1.1411 1.4511 0.6089 1.4210 0.6175 0.4582 0.8458 0.1087 0.8987 0.6231 1.1405 0.8618 0.4943 0.6966 -0.9285 
2.5086 2.2083 1.1606 1.7348 1.9476 1.7869 1.4250 1.3449 1.3413 1.5160 0.8778 1.2054 1.3159 1.0858 1.0678 1.4140 -0.1439 1.3505 0.9455 0.9158 1.1144 0.9485 0.5603 1.1365 0.8789 0.8174 0.7999 1.0812 1.1371 0.7525 0.0157 0.6862 0.2937 
2.6041 2.2512 1.5497 1.5193 1.5174 1.8810 1.7453 1.5761 1.4642 1.2871 0.3815 0.8317 1.2955 1.2037 1.4126 1.3941 -0.8834 1.3274 1.2869 1.0715 1.1020 0.5718 0.0523 0.9003 1.0245 1.0808 1.1214 1.1792 0.7180 0.5438 0.4049 0.7321 0.4360 
2.0208 1.2119 1.9947 1.7856 1.1821 1.6049 1.3613 1.4453 1.5903 1.5336 1.4354 1.0943 1.1397 1.2024 1.0520 0.3780 1.1155 0.3369 0.9224 1.0724 0.9299 0.8230 1.1079 1.1574 1.1505 0.9069 0.7490 0.8982 0.3749 0.7953 0.8151 -0.1658 -0.2165 
2.0362 1.9411 1.2064 1.6339 1.5936 1.5617 1.2593 1.5499 1.5535 1.3951 1.2057 1.4617 1.3086 0.8366 0.9319 0.7180 1.2737 0.6552 0.8334 0.7090 1.1092 1.1922 0.8800 1.0059 1.1134 1.0537 0.6859 0.8569 0.7835 0.6937 0.0474 0.4381 -0.0715 
2.2694 1.7028 1.6438 1.8111 1.4755 1.8258 1.5443 1.8348 1.2893 1.2992 1.5023 0.9838 0.4811 1.0676 0.7071 1.5944 1.6297 1.5532 0.5979 0.8901 0.2784 0.7322 1.1841 0.9090 0.8307 1.3139 0.9252 1.1252 0.6732 0.8430 0.4937 0.1259 0.0038 
2.6062 2.3065 1.9055 0.6531 1.4157 1.4471 1.7504 1.0932 1.0970 1.0653 0.9858 1.2184 1.2142 1.4300 1.2929 1.4381 1.1398 1.3936 1.1931 1.2559 1.0355 0.9743 0.6871 0.6891 0.6429 0.5581 1.1278 0.7443 0.5596 -0.3478 0.7365 0.7825 0.4193 
1.9506 1.6608 1.8759 1.7278 1.8609 1.8098 1.5626 1.0505 1.1397 1.6021 0.4800 0.9190 1.0738 1.4343 1.0247 1.1134 0.0101 1.0745 0.8963 1.2608 0.8503 0.6693 0.1560 1.2169 0.7172 0.4983 0.9626 1.1071 1.0633 0.7454 0.7257 0.1474 -0.2052 
2.5013 2.2720 2.1280 1.5091 1.6117 1.8154 1.6488 1.4733 1.4433 1.1054 1.1173 1.3724 1.4172 1.4659 0.9728 0.9707 0.9433 0.9128 0.8594 1.3087 1.1888 1.1051 0.7954 0.7272 0.9908 0.9378 1.0710 1.1108 0.7881 0.5609 0.9261 0.7653 0.3312 
1.9820 1.9042 1.4605 1.6168 1.1817 1.1446 1.4606 0.6166 1.4361 1.0499 1.2895 1.5941 -0.3887 1.4126 1.1030 0.8081 1.3069 0.7646 1.0003 1.2251 -0.5445 1.3514 0.9821 0.6575 0.9798 0.0871 0.8436 0.4326 0.3854 0.6519 0.3168 0.4093 -0.3565 
1.8470 1.5243 1.8949 1.4568 1.7658 1.6587 1.3087 1.5599 1.3150 1.4140 1.1035 1.3006 0.9294 1.5873 1.2182 0.4772 1.0698 0.4388 1.1290 1.4552 0.7339 1.0657 0.7751 1.0220 0.8615 1.0648 0.7240 0.9503 0.9159 0.4585 0.7398 0.0715 -0.3663 
2.2632 1.7710 1.2088 1.8738 1.4332 1.0624 1.4382 1.1141 1.1758 1.1298 1.4438 1.6564 1.2333 0.5507 1.1790 1.3598 0.9104 1.2962 1.0951 0.4116 1.0575 1.4174 1.1209 0.7560 0.7423 0.5782 0.8169 0.3615 0.5957 0.9045 0.1161 0.3248 0.0356 
2.2489 2.2133 1.9874 1.2941 1.9032 1.7905 1.4372 0.8988 1.3302 0.8871 1.2867 1.0860 1.0351 1.2487 0.9164 1.0978 1.3500 1.0633 0.8215 1.1109 0.8136 0.8096 0.9760 0.5068 0.8690 0.3880 0.8155 1.0852 1.0966 0.3322 0.8101 0.7183 0.0752 
1.7916 1.4187 1.7669 1.8312 1.1117 1.6487 1.2245 1.3817 1.4283 1.5773 1.4618 1.5636 1.4156 1.2642 1.1783 0.9891 0.7013 0.9290 1.0923 1.1228 1.1841 1.3083 1.1367 1.2047 0.9627 0.8394 0.6477 0.9425 0.3176 0.8508 0.5737 -0.1785 -0.4728 
1.8020 1.9012 1.2661 1.4804 1.5413 1.3799 1.2363 1.2958 1.7415 1.7097 1.5690 0.7815 1.1789 1.4271 0.9023 1.1736 1.0946 1.1296 0.8100 1.2484 0.9845 0.5112 1.2518 1.3213 1.2701 0.7786 0.6489 0.6793 0.7344 0.5066 0.1026 0.3943 -0.4032 
2.1233 1.8275 1.7934 1.2148 0.8369 1.5293 1.1107 1.5125 1.4621 1.2488 1.2381 1.2851 1.1044 1.1031 1.2544 0.8921 0.9034 0.8499 1.1613 0.9419 0.8824 1.0495 0.9252 0.8645 1.0179 1.0042 0.4935 0.8306 0.0302 0.2681 0.5963 0.3728 -0.1101 
2.3987 2.1393 1.8238 1.6421 1.5633 0.7143 1.2696 1.0769 1.4823 0.8402 1.5035 1.6249 1.8077 1.2394 1.0085 1.0739 0.0813 1.0199 0.8887 1.1017 1.5846 1.3900 1.1832 0.4515 1.0529 0.5218 0.6923 0.0289 0.7473 0.7059 0.6491 0.6591 0.1976 
2.4859 1.7723 1.8878 1.6103 1.7010 1.5864 1.8113 0.6090 1.1376 0.7861 1.1684 1.2950 1.1536 0.5991 1.4228 1.2671 0.3673 1.2141 1.3061 0.4560 0.9422 1.0621 0.8475 0.4128 0.7081 0.1126 1.1938 0.8880 0.8640 0.6599 0.7289 0.1649 0.2665 
2.6271 2.1011 1.2360 1.0477 0.8651 1.5913 1.8143 1.5171 1.5075 1.3596 1.2355 0.5754 1.0700 0.5080 0.4112 0.9460 0.1319 0.8882 0.3242 0.3803 0.8411 0.3274 0.9224 0.9740 1.0763 1.0004 1.1984 0.8926 0.0879 0.0710 0.0810 0.5400 0.4550 
1.5644 1.3827 0.6465 0.9174 1.2997 0.7238 1.3053 1.3191 1.1471 1.1722 0.7717 1.0047 1.1775 1.0964 0.5200 0.4468 0.6148 0.4141 0.4318 0.9282 0.9791 0.7415 0.4486 0.7951 0.7133 0.7962 0.7230 0.0157 0.4737 -0.0245 -0.5363 -0.1618 -0.6219 
1.7798 1.3860 1.1451 0.7692 0.8738 1.4844 0.9731 0.9423 1.1466 1.1224 -0.0274 0.7299 1.0120 0.6217 0.5831 0.3750 0.8012 0.3271 0.4821 0.4640 0.7954 0.4528 -0.3503 0.7481 0.7175 0.4251 0.3753 0.7799 0.0756 -0.2157 -0.0127 -0.1987 -0.4776 
1.3349 1.9191 1.7254 1.5311 1.3811 1.7792 0.7211 1.4332 1.0985 1.2867 1.1088 1.0085 1.1309 1.1994 1.2132 1.1852 1.1421 1.1393 1.1235 1.0700 0.9198 0.7455 0.7862 0.8998 0.6575 0.8861 0.1076 1.0749 0.5396 0.5528 0.5339 0.4139 -0.9575 
2.0205 1.7869 1.5002 1.4876 1.4888 1.7741 1.1590 0.8360 1.3086 1.3548 1.3100 0.8950 0.4575 1.4413 1.4637 1.2236 0.5370 1.1808 1.3714 1.2709 0.2672 0.6552 1.0003 0.9675 0.8587 0.3537 0.5381 1.0716 0.6653 0.5062 0.3609 0.2174 -0.1995 
2.1246 1.5153 0.9458 1.6682 1.1311 1.3349 0.4400 1.5767 1.5388 1.4987 1.3310 1.0296 1.3510 1.1225 0.8378 1.2223 1.1385 1.1827 0.7473 0.9670 1.1380 0.7620 1.0229 1.1210 1.1019 1.0825 -0.1602 0.6282 0.3205 0.7193 -0.2312 0.0239 -0.0904 
2.5116 2.0764 1.7647 1.2485 1.5218 1.8001 1.3507 1.4868 0.4253 0.8803 1.3579 1.4122 1.1829 1.4308 1.4578 1.1084 1.2011 1.0689 1.3595 1.2576 0.9884 1.1306 1.0492 0.5084 -0.0102 0.9638 0.7430 1.0961 0.7270 0.3155 0.5523 0.5426 0.3539 
1.8381 1.5668 0.5841 1.6012 1.5976 1.4357 1.0631 1.5410 0.7940 1.4807 1.1234 1.1057 0.2490 1.4071 1.4707 1.1624 0.7808 1.1158 1.3817 1.2231 0.0485 0.8355 0.7991 1.1056 0.3649 1.0388 0.4488 0.7355 0.7841 0.6537 -0.5615 0.0875 -0.3198 
2.3634 1.5013 1.3779 1.5694 1.1373 1.0640 1.5477 0.7308 1.2085 1.0527 1.1455 1.2852 1.4117 1.4585 1.1181 1.2555 0.7557 1.2089 1.0288 1.2985 1.1797 1.0533 0.8212 0.6634 0.7663 0.1685 0.9427 0.3557 0.3593 0.6031 0.2250 -0.0712 0.1406 
2.1763 1.4975 2.0250 1.5771 1.4048 1.4232 1.5383 1.4524 1.5804 1.7104 1.6925 1.1620 1.4542 1.0540 0.8053 1.4915 0.6212 1.4507 0.7289 0.8642 1.2320 0.8870 1.3850 1.3236 1.1455 0.9140 0.9298 0.7179 0.5518 0.6053 0.8477 -0.1091 0.0026 
