1.3196 1.7246 1.6727 1.4995 1.4173 1.1305 1.0694 1.2507 1.6691 1.3112 1.2122 1.4974 1.4608 1.3585 1.3706 0.5685 -0.2787 0.4913 1.2309 1.1687 1.2187 1.1978 0.8635 0.8781 1.1662 0.6845 0.3895 0.3486 0.4735 0.4091 0.3736 0.0575 -1.2144 
2.2310 1.8995 1.7647 1.5321 1.1221 0.9770 0.9819 1.1291 1.4413 1.6240 1.4369 1.4864 1.3667 1.1424 1.1810 -0.0130 -0.1821 -0.0701 1.0832 1.0020 1.1174 1.1830 1.0750 1.1967 0.9476 0.5688 0.2922 0.2026 0.2297 0.4474 0.4211 0.2194 -0.2424 
1.8234 1.5345 1.6649 1.5461 1.4135 0.3460 1.2183 1.4232 1.5549 1.5094 1.1593 1.1001 1.0999 1.2421 0.9466 0.7774 0.7958 0.7229 0.8114 1.0817 0.8693 0.7972 0.7946 1.0888 1.0668 0.8162 0.5709 -0.4618 0.4761 0.4688 0.3560 -0.1455 -0.6993 
2.9989 2.2616 2.0345 1.7639 1.6373 0.2154 1.6973 1.3166 0.6900 1.0173 1.5659 1.3593 0.3553 1.0417 1.0678 1.1758 0.5144 1.1254 0.9670 0.8524 0.1351 1.0590 1.2065 0.5977 0.2217 0.7257 1.0339 -0.5986 0.7289 0.6691 0.7198 0.5089 0.5282 
1.7918 1.8283 1.7195 1.3383 1.7605 1.6318 1.7590 0.5257 1.1998 1.5873 0.9897 0.7802 1.0493 1.1770 1.0143 1.1265 1.3946 1.0799 0.8802 1.0334 0.7979 0.4890 0.6255 1.1718 0.7159 -0.0446 1.0699 0.8506 0.8201 0.2441 0.3960 0.1282 -0.7356 
2.3970 2.2173 2.1137 1.9460 2.0052 2.0010 1.7518 1.3878 1.2988 1.1713 1.4467 1.0476 0.8275 1.3755 1.3999 0.7451 0.8081 0.6940 1.2581 1.1765 0.6295 0.7434 1.0852 0.7480 0.7873 0.7787 1.0633 1.2169 1.1013 0.8708 0.7886 0.5137 -0.0373 
2.7441 2.1923 1.2682 1.1445 1.3881 1.4041 1.8070 1.5068 1.5172 0.7564 1.3517 0.6560 1.0638 0.9944 0.8672 1.2524 1.1712 1.1900 0.7559 0.7868 0.8197 0.3593 1.0069 0.3269 1.0346 0.9321 1.1159 0.6241 0.4470 0.0780 -0.0313 0.4435 0.3103 
2.3041 2.3538 2.1885 2.0719 1.7503 1.3010 1.5939 1.5590 1.3074 0.7575 0.6801 1.6049 1.3977 1.5558 1.4290 1.3080 1.0410 1.2374 1.3096 1.4111 1.1414 1.3370 0.3119 0.3390 0.7887 1.0056 0.9384 0.5229 0.8049 1.0110 0.8561 0.6753 -0.1686 
2.3249 1.7280 1.7687 1.7197 1.7584 1.6584 1.0826 1.2824 0.9682 1.1573 0.2493 1.1749 1.1754 0.5945 1.1843 0.9838 1.1346 0.9100 1.0863 0.3951 0.9726 0.8934 -0.1022 0.7366 0.4468 0.7030 0.3945 0.8712 0.8193 0.6444 0.4455 0.0337 -0.0765 
2.8860 2.3536 2.3353 2.0197 0.7367 1.6927 1.7917 1.6863 0.8092 1.0834 1.4607 1.1786 1.3996 0.6615 1.2374 1.4093 1.1914 1.3465 1.1307 0.4736 1.1427 0.9056 1.0994 0.6679 0.3248 1.0998 1.0939 0.9105 -0.1606 0.9580 1.0432 0.6539 0.4200 
2.2280 1.9983 1.1784 1.8220 1.7574 0.6720 1.6532 1.8012 1.5347 1.7213 1.5205 1.5198 1.5020 0.8858 1.1382 0.4725 -0.9513 0.4071 1.0430 0.7125 1.2715 1.2244 1.1646 1.2914 1.0496 1.1865 1.0095 -0.1207 0.8148 0.7261 -0.0856 0.2956 -0.3289 
0.6003 1.8695 1.5125 1.3271 0.9904 1.4532 1.6286 1.8204 0.2411 0.9367 1.0235 1.3319 1.4672 1.0117 0.1794 1.4354 1.0123 1.3944 0.0159 0.8103 1.2244 1.0449 0.6642 0.5142 -0.2988 1.2117 0.9907 0.6731 0.0678 0.2449 0.2316 0.2274 -1.9814 
2.0112 1.0717 1.5170 1.7640 0.6505 1.4827 1.2623 1.7471 1.5212 1.4799 0.8425 0.9940 1.0403 1.2632 1.3949 1.1345 0.5301 1.0818 1.2531 1.0987 0.7868 0.6869 0.4893 1.0616 1.0375 1.1476 0.6187 0.6991 -0.2564 0.6718 0.2432 -0.6797 -0.4493 
1.6531 2.2184 1.9534 1.8319 1.1829 1.4799 1.6425 1.1460 1.1697 1.0209 0.6628 1.0832 1.5323 1.5843 0.8235 1.5506 1.6451 1.4984 0.7223 1.4380 1.3142 0.7845 0.2966 0.6008 0.6791 0.5822 0.9968 0.6980 0.2928 0.7326 0.6649 0.5136 -1.1050 
2.1065 1.6509 0.9975 0.6160 0.6682 -0.1350 0.8486 0.8957 0.3549 0.6795 0.8293 0.0019 0.9211 -0.8565 0.6280 0.2311 0.1530 0.1712 0.4939 -0.9763 0.6883 -0.2935 0.4818 0.2625 -0.1378 0.3195 0.2061 -0.8971 -0.2304 -0.5045 -0.3744 -0.0738 -0.4062 
2.3874 2.2457 1.9604 1.6922 1.4772 1.4480 1.4226 1.5594 1.2172 0.2127 0.8269 0.6354 0.8371 0.8659 1.0300 0.3256 0.0633 0.2812 0.9049 0.7009 0.6363 0.3231 0.4799 -0.2302 0.7202 1.0102 0.7290 0.6587 0.5757 0.6293 0.6667 0.5792 0.0000 
2.2216 1.8637 1.6773 1.5962 1.0467 1.1756 1.4214 1.2042 1.3465 1.3004 0.6638 0.7077 0.7378 0.9625 1.3349 1.3106 -0.7939 1.2441 1.2058 0.7653 0.5054 0.4091 0.2988 0.8649 0.8290 0.6472 0.7236 0.4051 0.1186 0.5488 0.3431 0.2644 -0.3019 
1.3407 1.4113 1.8818 1.8385 1.3581 1.0700 1.5665 1.2151 1.4503 1.5301 1.0520 1.5205 0.7477 1.5756 0.6910 1.0418 0.8377 1.0006 0.5868 1.4322 0.5391 1.2247 0.6947 1.1079 0.9641 0.6506 0.9024 0.2953 0.4104 0.7468 0.6047 -0.2811 -1.0205 
2.4019 2.0704 1.1707 1.7376 0.8607 1.6254 1.6195 1.5933 1.4373 1.4679 1.8173 0.8205 0.6335 1.3127 1.4054 1.4562 1.1903 1.4127 1.2674 1.1376 0.3895 0.5370 1.4540 1.0540 0.9350 1.0378 0.9700 0.8472 -0.0407 0.6567 -0.1243 0.3509 -0.0625 
2.7741 2.3881 2.2453 2.0559 1.9900 1.4102 1.5499 1.5706 1.7639 1.2659 1.1421 1.4913 1.2808 1.2001 1.6076 0.7235 1.1639 0.6731 1.5040 1.0525 1.0628 1.1865 0.7866 0.8327 1.2379 1.0212 0.8799 0.6198 1.0882 1.0059 0.9409 0.6911 0.3258 
2.1258 2.1705 2.1101 1.5040 1.5406 0.7741 1.8940 1.0938 1.4562 1.2452 1.3307 1.2732 0.9088 1.4716 1.2310 1.1007 0.5763 1.0519 1.1234 1.3029 0.6834 1.0105 0.9890 0.8192 0.9703 0.5052 1.2097 -0.0114 0.6460 0.3987 0.7844 0.4686 -0.2478 
2.1701 2.1970 1.3544 1.5581 1.3944 1.4699 1.0939 0.8318 0.8846 0.0574 1.2820 0.5778 0.7981 1.5887 1.2015 1.2250 1.5116 1.1736 1.0990 1.4422 0.6142 0.2727 0.9363 -0.3399 0.3803 0.2775 0.4018 0.6907 0.4442 0.4728 -0.0189 0.5312 -0.3020 
2.5875 1.7214 1.3508 1.2619 1.1509 1.5732 1.7218 1.4574 1.5200 1.4313 1.3527 -0.3114 0.5149 0.6129 0.8176 0.9816 0.2350 0.9124 0.7221 0.3973 0.2744 -0.5087 1.0107 1.0115 1.0389 0.8679 1.0461 0.7975 0.2772 0.1657 0.0743 0.1476 0.0854 
2.7786 2.5376 2.0866 1.1118 1.8472 1.4922 1.2313 1.4230 1.3565 0.4929 1.4199 0.7696 1.2628 1.2740 1.2749 -0.0927 1.2581 -0.1196 1.1604 1.1058 1.0501 0.4728 1.0576 0.0527 0.8341 0.8138 0.5894 0.7043 0.9406 0.0000 0.7631 0.8059 0.3285 
2.7998 2.3187 1.4954 1.1867 0.4833 1.5188 1.5608 1.7514 1.4940 1.3864 1.5315 1.0482 1.4054 1.1148 1.4070 1.1110 1.6158 1.0660 1.2711 0.9696 1.1511 0.7462 1.1737 0.9522 1.0150 1.1525 0.8876 0.7391 -0.4575 0.1257 0.2057 0.6284 0.3742 
2.1085 1.9561 1.2374 1.6558 1.5687 1.0240 1.5522 1.5848 0.3242 1.4190 1.4037 0.2887 1.4530 1.1056 0.4901 1.2425 1.0818 1.1815 0.3677 0.9478 1.2076 -0.0201 1.0388 1.0053 -0.1703 1.0309 0.8801 0.2509 0.6685 0.6060 -0.0486 0.2678 -0.3837 
2.4664 2.3344 2.0314 1.5095 1.6863 1.7896 1.6846 1.4693 0.8635 1.4345 1.2910 1.5508 0.6527 1.3892 1.4782 1.3377 1.5380 1.2669 1.3888 1.1844 0.3973 1.2598 0.9488 1.0204 0.3699 0.8804 1.0254 1.0064 0.7679 0.4131 0.7236 0.6532 -0.0105 
2.2873 1.8637 1.5513 1.7447 1.5686 0.7161 0.8534 1.5328 1.4982 1.1600 1.5681 1.4073 1.4749 0.7329 1.1529 1.1568 1.0677 1.1033 1.0534 0.5891 1.2368 1.0960 1.2117 0.7366 1.0205 0.9749 0.2120 -0.0712 0.6649 0.6629 0.2838 0.2311 -0.1256 
2.3543 2.1164 1.4506 1.1566 1.5206 1.4199 1.0455 0.7869 1.0876 1.4676 1.3914 1.7463 1.7018 1.2528 1.1743 1.3768 0.2846 1.3031 1.0758 1.0879 1.4710 1.4506 1.0270 1.0516 0.6081 0.2390 0.3502 0.6343 0.6325 0.0753 0.1280 0.3986 -0.0348 
1.6097 2.1256 1.5191 0.8623 1.3183 -0.0006 1.4670 0.9488 1.4185 1.1015 1.3134 0.4627 0.8284 0.9278 1.0919 1.0489 1.1886 1.0074 1.0054 0.7463 0.6287 0.1757 0.9711 0.6746 0.9118 0.3360 0.7842 -0.6765 0.3939 -0.2071 0.2460 0.4514 -1.1497 
0.9577 1.4857 0.5521 1.1491 0.6323 0.5529 1.1016 0.7980 -0.1587 0.6693 0.5341 0.4898 0.6163 0.1260 0.6437 0.7194 0.9989 0.6759 0.5170 -0.0394 0.3560 0.2261 0.1945 0.2573 -0.6819 0.2387 0.4224 -0.2289 -0.2624 0.0585 -0.7867 -0.1755 -1.0743 
3.0439 2.6317 2.3086 1.9458 1.7076 1.8192 1.8476 1.7996 1.7864 1.5052 1.2238 0.8993 1.2893 1.2241 1.2236 1.2901 0.7027 1.2227 1.1196 1.0701 1.0680 0.6252 0.8775 1.0854 1.2567 1.1827 1.1634 1.0346 0.7796 0.8647 1.0218 0.9190 0.6257 
2.9740 2.4233 1.6177 1.8232 1.1243 1.2911 1.4489 1.2714 0.4138 1.4012 1.1588 0.4708 1.1220 1.2347 1.0739 0.6129 0.6806 0.5429 0.9778 1.0772 0.9029 0.2168 0.7941 0.9720 -0.0831 0.6987 0.7661 0.5193 0.2370 0.7301 0.3017 0.7038 0.4917 
2.3311 1.6872 1.1705 1.5694 0.8855 1.0118 0.7758 1.0564 0.8523 0.8606 1.0333 1.3139 0.6913 1.1211 1.0113 0.5009 1.0029 0.4339 0.8740 0.9712 0.4543 1.0333 0.6704 0.4326 0.3600 0.4632 0.1046 0.2238 -0.0196 0.4968 -0.1112 -0.0388 -0.0941 
1.6150 1.9413 2.0042 1.5782 1.8728 1.8416 1.6525 1.6755 1.3990 1.1560 0.5101 0.8519 1.2489 1.1141 1.1226 1.2939 0.1060 1.2258 1.0326 0.9633 1.0401 0.5876 0.1602 0.7379 0.8643 1.0930 1.0077 1.0585 0.9841 0.5292 0.7138 0.2927 -0.8318 
1.0625 1.4046 1.7989 1.4682 0.6549 1.3447 1.0173 0.5071 0.6262 0.5348 0.7533 1.3721 1.0829 0.8216 1.0496 1.3701 1.5049 1.3002 0.9374 0.6723 0.8405 1.0686 0.3971 0.1056 0.1124 -0.0752 0.3168 0.5628 -0.2453 0.3751 0.4673 -0.2692 -1.3497 
1.9662 2.3112 1.8210 1.6851 1.4637 1.0659 1.1382 1.0667 1.3186 1.2966 0.9505 0.7742 1.0500 1.6749 1.6292 1.5708 1.7908 1.5245 1.5203 1.5059 0.7933 0.4930 0.6086 0.8629 0.8017 0.4732 0.4622 0.2745 0.5564 0.6254 0.4781 0.6421 -0.6317 
2.6124 1.9507 1.2019 1.4671 1.1611 1.4440 1.6987 1.4024 1.3294 1.5409 1.7151 1.2860 1.2835 1.1676 1.3719 0.7825 1.0136 0.7265 1.2303 1.0206 1.0635 1.0170 1.3737 1.1180 0.8076 0.7877 1.0328 0.6626 0.2823 0.3911 -0.1065 0.2230 0.1274 
2.9716 2.4448 2.0169 1.7678 1.5894 1.3574 1.5960 1.5236 0.9878 1.2425 1.3477 1.0274 1.3501 1.4423 1.3441 0.8824 -0.1550 0.8159 1.2076 1.2603 1.1072 0.7206 1.0063 0.8124 0.4655 0.9600 0.9397 0.5737 0.6920 0.6705 0.7139 0.7257 0.5060 
1.9454 1.9660 1.6256 1.1795 0.5703 1.2097 1.5063 1.1150 0.6860 1.0272 1.0860 1.3765 1.0566 0.7787 1.0079 0.9440 1.0984 0.8758 0.8694 0.6303 0.8080 1.0705 0.7316 0.6124 0.2030 0.5375 0.8243 0.4351 -0.3040 0.1013 0.3246 0.3044 -0.4072 
2.2038 1.8475 1.6813 1.8436 1.3936 1.7526 1.4862 1.6035 1.4678 1.4286 0.7432 1.2879 1.0562 -0.1366 0.8934 0.7374 0.8204 0.6876 0.7796 -0.3211 0.8038 1.0176 0.3946 1.0111 0.9885 1.0469 0.7923 0.9705 0.4663 0.7575 0.3761 0.1450 -0.2122 
2.5104 1.5296 1.9896 1.8113 1.3388 0.9080 1.5574 0.8971 0.9294 1.1788 0.6271 1.3039 1.4205 1.4413 1.4616 1.1610 1.3975 1.1085 1.3615 1.2610 1.1723 1.0293 0.2611 0.7644 0.4154 0.3141 0.8826 0.1385 0.4098 0.7176 0.6905 -0.1962 0.0032 
1.7497 2.0970 1.4995 1.1773 1.5413 1.1110 1.3843 1.4025 0.8560 0.9066 1.2236 1.4168 1.3471 1.1441 1.3126 1.0239 1.0930 0.9650 1.1816 1.0058 1.1035 1.1085 0.8788 0.4793 0.3610 0.7873 0.6868 0.3422 0.6428 0.1260 0.1777 0.4194 -0.7316 
2.3571 1.9709 1.4724 1.9469 1.5685 1.5582 1.8389 1.3894 1.5747 1.6007 1.0342 1.3987 1.3515 -0.5338 1.1381 0.2833 0.2493 0.2412 1.0411 -0.7624 1.1065 1.0869 0.6678 1.1776 1.0928 0.7750 1.1523 0.7797 0.6664 0.8688 0.1951 0.2760 -0.0948 
1.9634 1.3518 1.4897 1.2182 1.3205 1.0747 1.1772 1.3978 1.4245 1.5209 1.0794 0.5288 1.0692 1.4392 0.9940 1.0778 1.0727 1.0370 0.8461 1.2558 0.8228 0.2518 0.7188 1.0998 0.9176 0.7828 0.5196 0.2929 0.3909 0.1815 0.1978 -0.3086 -0.4713 
2.7686 2.0379 1.6576 1.6936 1.5751 1.4379 1.2187 1.4416 1.9101 1.5597 1.3072 1.3360 1.4308 0.9330 1.3154 1.0599 -0.7982 1.0166 1.1835 0.7531 1.1778 1.0486 0.9666 1.1344 1.4298 0.8441 0.5553 0.6571 0.6774 0.6280 0.3553 0.3327 0.3537 
2.2515 2.2521 1.2626 1.4090 1.4129 1.4221 1.1711 0.9402 1.2976 1.1749 1.6172 1.4720 1.4904 1.3864 1.1561 0.8347 0.1209 0.7793 1.0574 1.1815 1.2568 1.1724 1.2701 0.7612 0.7880 0.3465 0.4930 0.6333 0.4814 0.2994 -0.0991 0.5819 -0.0788 
-0.2751 1.7101 1.3975 1.2671 1.4550 1.0392 1.3485 1.0725 0.7292 -0.3957 -0.2473 0.9709 0.7697 0.5140 0.6143 0.6658 0.2705 0.6256 0.4702 0.3311 0.5565 0.6717 -0.5850 -0.8298 0.2506 0.4873 0.6702 0.2658 0.5332 0.1926 0.0860 0.0262 -1.3481 
1.6153 2.5917 2.1832 1.9020 1.0679 1.5130 1.0405 1.8469 1.4790 1.4227 1.0500 1.4569 1.1185 1.2206 0.6849 1.2678 1.1725 1.2051 0.5898 1.0665 0.8911 1.1573 0.6961 1.0101 1.0026 1.2541 0.3755 0.7340 0.1445 0.8082 0.8545 0.9087 -0.8115 
3.6284 3.4339 2.7860 2.4533 2.1405 2.0837 2.0642 1.5650 1.4031 1.1035 1.3943 1.3179 1.1925 1.3928 0.3778 1.5196 0.4237 1.4701 0.2764 1.1849 0.9988 1.0361 1.0317 0.6820 0.8803 1.0114 1.4096 1.3018 1.1952 1.3962 1.4742 1.7596 1.2390 
4.3313 4.3986 3.4943 3.1295 2.9985 2.8161 2.6996 2.8035 2.5109 2.4637 2.5554 2.4656 2.3816 2.4353 2.3605 2.2629 2.2629 2.2176 2.2631 2.2710 2.1884 2.1949 2.1985 2.0359 1.9868 2.2372 2.0213 2.0322 2.0710 2.0516 2.1843 2.7121 1.9362 
4.4610 4.3629 3.8128 3.1477 2.8114 2.4760 2.6547 2.2919 1.8947 1.0302 0.6232 1.0717 1.4353 1.4301 1.5831 1.5425 1.2942 1.4931 1.4785 1.2495 1.1711 0.7235 -0.0272 0.6841 1.4359 1.7489 1.9831 1.7316 1.9255 2.1069 2.4953 2.6662 1.9008 
3.4387 4.0505 3.8116 3.4532 3.2456 3.0845 2.9961 2.9152 2.7877 2.6986 2.7867 2.6682 2.6441 2.6393 2.6187 2.5857 2.5888 2.5231 2.5074 2.4672 2.4037 2.3671 2.4390 2.2783 2.2981 2.3166 2.3071 2.3026 2.3305 2.3666 2.5037 2.3557 1.1495 
4.3875 4.4764 4.0316 3.7224 3.5368 3.4538 3.3839 2.9465 2.6156 2.9705 2.7095 3.1992 3.1641 2.8774 2.8212 2.6180 2.7048 2.5767 2.7107 2.6999 2.9703 2.9368 2.3533 2.5385 2.1213 2.3340 2.6900 2.6680 2.6415 2.6260 2.7259 2.7641 1.9623 
4.6583 4.2336 4.0561 3.5371 3.1988 2.8007 2.9387 3.0428 3.0683 3.1342 3.0112 2.9657 2.7458 2.3978 2.4616 2.2085 2.4150 2.1583 2.3450 2.2441 2.5442 2.6521 2.6498 2.7126 2.5906 2.4586 2.2514 2.0144 2.2879 2.4729 2.7391 2.5505 2.2352 
4.1100 4.6355 4.3149 3.8282 3.6090 3.4598 3.1564 3.2645 3.3565 2.8928 3.0252 2.9817 2.8608 2.9706 2.7975 2.8173 2.7714 2.7543 2.6922 2.7654 2.6374 2.6714 2.6666 2.4573 2.8271 2.6807 2.4990 2.6766 2.6970 2.7405 3.0176 2.9788 1.4965 
3.9931 4.4728 3.9025 3.1115 2.9871 2.7572 2.7413 2.6324 2.7452 2.5592 2.4032 2.3325 2.3811 2.3474 2.3152 2.2498 2.2460 2.2058 2.2182 2.1998 2.1872 2.0412 2.0527 2.1263 2.2583 2.0420 2.0735 1.9732 2.0532 2.0297 2.5982 2.7674 1.7885 
4.2271 3.8451 4.1365 3.9102 3.6583 3.5003 3.4387 3.3786 3.2391 2.8591 2.8207 2.9256 2.9378 2.8738 2.8096 2.8125 2.7480 2.7501 2.7015 2.6975 2.6889 2.6279 2.4745 2.4266 2.7365 2.7675 2.7498 2.7179 2.7381 2.8362 2.7987 2.2104 1.8211 
4.4847 4.2001 3.5330 2.9765 2.6009 2.2828 2.1140 1.9468 1.8599 1.5760 1.2306 1.5139 1.5262 0.8872 1.1810 0.1749 0.0077 0.2608 1.1154 0.7816 1.3464 1.2094 0.9456 1.1930 1.4001 1.4149 1.4577 1.5221 1.6841 1.8568 2.2562 2.4811 1.9609 
3.7568 4.3890 4.0301 3.5637 3.2966 3.1502 3.1345 3.1131 3.0099 2.8608 2.8552 2.8193 2.7355 2.7033 2.6517 2.6246 2.6088 2.5827 2.5600 2.5601 2.5246 2.5570 2.5109 2.4309 2.5119 2.5583 2.4690 2.3686 2.3621 2.4984 2.7087 2.7068 0.8672 
4.5479 4.4208 3.6782 3.4056 3.1773 3.0860 3.0415 3.0323 2.8625 2.7543 2.7508 2.6687 2.6385 2.5903 2.6173 2.6224 2.5944 2.5807 2.5057 2.3926 2.3958 2.3663 2.4007 2.3397 2.3530 2.4426 2.3549 2.3035 2.2740 2.3050 2.3606 2.7219 2.1308 
4.3472 3.9899 3.8408 3.8094 3.4804 3.2201 3.1305 3.1312 3.0550 2.9371 2.7954 2.7974 2.7446 2.7032 2.6542 2.6638 2.6554 2.6178 2.5638 2.5596 2.5432 2.5315 2.4474 2.5032 2.5785 2.5772 2.4585 2.4341 2.5856 2.7213 2.5649 2.3195 1.9549 
4.2562 4.5215 3.9429 3.6072 3.4933 3.3669 3.1402 3.1598 2.9651 2.9750 2.9138 2.8585 2.7999 2.7609 2.7686 2.7203 2.7063 2.6684 2.6684 2.6154 2.5966 2.5876 2.5722 2.5503 2.4372 2.6034 2.4826 2.5831 2.5977 2.5704 2.6356 2.8119 1.8218 
4.0182 4.1971 3.3882 3.4720 2.6980 2.4974 2.6161 2.4215 2.3155 2.0686 1.9940 2.0724 1.9916 1.8657 1.9325 1.9376 1.8442 1.8854 1.8347 1.7012 1.7980 1.8033 1.6499 1.6463 1.8285 1.8540 1.9329 1.7216 1.8081 2.3924 2.0444 2.5153 1.7551 
4.3613 4.0707 3.8846 3.1663 3.2018 3.1074 3.0134 2.9770 2.7686 2.7013 2.6785 2.6180 2.6394 2.5785 2.4967 2.5290 2.5195 2.4582 2.3644 2.3734 2.3968 2.3151 2.3216 2.2799 2.2812 2.3610 2.3257 2.3228 2.2897 2.1058 2.5880 2.3549 1.8485 
3.7972 4.1306 3.9030 3.8065 3.4992 3.3356 3.2545 3.2128 3.0339 2.9628 2.8924 2.7955 2.7830 2.7232 2.7436 2.6697 2.6750 2.6226 2.6434 2.5807 2.5860 2.5299 2.5498 2.5288 2.5499 2.6418 2.5956 2.5547 2.6051 2.7209 2.6111 2.4224 1.4428 
4.1754 4.3881 2.5384 3.5835 3.2942 3.1133 2.9987 2.9270 2.8246 2.7476 2.7034 2.6259 2.5993 2.5339 2.4755 2.4169 2.5229 2.3565 2.3520 2.3450 2.3495 2.3241 2.3477 2.3307 2.3262 2.3241 2.3065 2.3276 2.3552 2.5293 1.3855 2.7037 1.7641 
4.5075 3.9228 3.8882 3.4096 3.4176 3.3173 3.2213 3.1292 3.0526 3.0420 2.9237 2.8546 2.8525 2.8327 2.7486 2.6987 2.7070 2.6490 2.6507 2.6672 2.6312 2.5855 2.5777 2.6244 2.5776 2.5769 2.5762 2.5370 2.5115 2.3342 2.6027 2.2327 2.0862 
3.8343 4.2265 4.1840 4.0112 3.6803 3.4977 3.3840 3.2919 3.3221 3.1882 3.0192 3.0327 3.0559 2.9827 2.9045 2.9238 2.9596 2.8536 2.7701 2.7845 2.8226 2.7354 2.6587 2.7598 2.7985 2.6985 2.6912 2.7145 2.7466 2.9606 2.8734 2.5799 1.4891 
3.9464 4.4165 3.9526 2.9822 2.2284 2.1417 2.1261 1.6093 2.2721 1.8077 2.2794 1.7193 1.8054 1.9816 1.3426 1.6356 1.4915 1.5702 1.2204 1.8330 1.5472 1.4328 1.9219 1.3845 1.7922 1.0432 1.4343 1.3287 1.2621 1.8937 2.6434 2.7365 1.5810 
3.4790 4.1078 3.9775 3.7920 3.5421 3.4077 3.2794 3.1427 3.0789 3.0075 2.9929 2.7672 2.8076 2.7481 2.6771 2.7538 2.7045 2.7078 2.5868 2.6045 2.6011 2.4987 2.6296 2.5916 2.5992 2.5921 2.6101 2.6257 2.6458 2.7098 2.6823 2.3974 1.2690 
4.3681 4.3172 3.8134 3.3918 2.3584 2.0260 2.0877 2.1998 0.8977 1.4237 2.1217 1.0311 0.8150 1.5257 1.7762 0.9169 1.5542 0.7635 1.6255 1.4053 0.7104 0.6899 1.7962 1.0412 0.5957 1.5803 1.4464 1.2899 1.4733 2.3007 2.5221 2.6301 1.8518 
3.6200 4.1850 3.1150 3.4976 3.0570 2.8958 2.6599 2.2804 2.6879 2.5434 2.4174 2.3576 2.2545 2.2294 2.3421 2.2077 2.2639 2.1565 2.2401 2.0474 2.0141 2.0843 2.0695 2.1113 2.2074 1.7055 1.9709 2.1115 2.1621 2.4090 1.8225 2.4937 1.4548 
4.1787 4.2780 3.7595 3.7952 3.5354 3.3809 3.2109 3.1100 3.1735 3.1227 3.0646 2.9143 2.7883 2.8297 2.7908 2.7560 2.7524 2.7099 2.6865 2.6648 2.5893 2.6209 2.7064 2.7003 2.6840 2.5552 2.5649 2.5971 2.6393 2.7083 2.4257 2.6107 1.7648 
4.4963 4.0812 3.4988 3.3006 3.1128 2.9852 2.7387 2.8734 2.8010 2.6253 2.4380 2.4609 2.3748 2.3421 2.3757 2.3670 2.2084 2.3199 2.2765 2.1962 2.1830 2.1930 2.0889 2.2097 2.3052 2.2893 2.0645 2.2018 2.2146 2.2322 2.2040 2.3561 2.0720 
1.2241 4.4481 4.1910 3.7950 3.1392 2.9982 2.4425 2.8089 2.9660 1.8030 2.9678 2.8372 2.6206 2.5690 2.5945 2.5291 2.4949 2.4586 2.4665 2.3630 2.3694 2.5750 2.6046 1.3737 2.4352 2.2436 1.7945 2.2122 2.2378 2.6965 2.8743 2.7561 0.6964 
2.9643 4.0148 3.8376 3.4978 2.9826 2.7022 2.5800 2.6103 2.2679 0.9495 2.8420 2.2957 2.2920 2.3145 2.3274 2.2790 2.0782 2.2311 2.2282 2.1757 2.0674 1.9942 2.4990 0.6457 1.7989 2.0007 1.8918 1.9184 2.0503 2.4105 2.5721 2.3257 1.0889 
4.1677 3.8977 3.0268 3.7199 3.3688 3.1479 3.0755 2.8666 2.9211 2.7438 2.9246 2.5423 2.6252 2.5855 2.6492 2.4323 2.4084 2.3688 2.5561 2.3858 2.3793 2.2425 2.5778 2.3271 2.3992 2.2805 2.3940 2.3665 2.4317 2.6331 1.6816 2.2143 1.6107 
4.1551 3.8022 3.1069 2.9445 2.0285 2.1956 2.4553 2.6530 1.4463 2.3589 1.9853 1.7053 1.7697 1.4288 1.1279 1.4338 0.6625 1.3892 1.0426 1.2290 1.5176 1.4282 1.6356 1.9475 0.9802 2.0716 1.8022 1.4048 1.0993 1.8533 1.8025 2.0978 1.7162 
3.8637 4.1852 3.6696 3.5181 3.3612 3.0963 3.1125 2.8631 2.9841 2.8562 2.7912 2.7965 2.7192 2.7390 2.6693 2.6445 2.5953 2.6005 2.5805 2.5919 2.5038 2.5316 2.4423 2.4266 2.4699 2.2781 2.4377 2.3133 2.4151 2.4403 2.3436 2.4983 1.3554 
4.3883 4.2129 3.7624 3.4383 3.0544 3.0573 3.0678 3.0119 2.8667 3.0224 2.7852 2.6070 2.6147 2.5339 2.5256 2.3217 2.2786 2.2703 2.3890 2.3450 2.3628 2.3015 2.4355 2.6055 2.3547 2.4126 2.3820 2.2730 2.1537 2.3476 2.4184 2.5337 1.9897 
3.4180 4.2220 3.0529 2.9756 2.7873 2.9247 2.6244 2.0562 2.1324 2.0861 2.3886 2.1474 2.2565 1.9931 1.9127 2.0532 2.1739 1.9901 1.8192 1.8430 2.0173 1.8493 2.0441 1.6571 1.6004 1.4961 1.9260 2.1454 1.8786 1.8847 1.6511 2.5700 1.1014 
4.2047 3.1594 3.5169 3.2415 3.0289 2.8676 2.5758 2.6556 2.4657 2.3266 2.5861 2.4845 2.3574 2.4076 2.3407 2.2812 2.3406 2.2346 2.2397 2.2503 2.1655 2.2068 2.2229 1.9077 1.9597 2.0755 1.8756 2.0878 2.1231 2.1932 2.2267 1.4327 1.7983 
3.8481 3.4041 3.1573 3.0795 2.5708 2.6919 2.9711 2.6222 2.5598 2.4885 2.4824 2.3176 2.3212 2.2849 2.1971 2.1012 2.0314 2.0326 2.0648 2.1294 2.1055 2.0251 2.1368 2.0615 2.0335 2.0218 2.2766 1.9163 1.6392 1.9929 1.8817 1.7533 1.4271 
4.2085 4.0545 3.6708 3.3706 3.2572 3.1094 3.0232 2.8347 2.7487 2.6536 2.5142 2.5194 2.6208 2.5716 2.5159 2.4578 2.2819 2.3918 2.3809 2.3640 2.3718 2.2276 2.1722 2.2361 2.2630 2.2604 2.3357 2.3285 2.3372 2.2724 2.3478 2.3492 1.7760 
3.5936 3.6363 3.0998 3.0031 2.6433 2.7093 2.0277 2.0807 2.0263 2.1270 2.5390 2.3923 2.1887 2.2494 2.2195 2.2128 2.2954 2.1661 2.1035 2.0786 1.9357 2.1229 2.1905 1.7000 1.5295 1.5000 1.3652 1.9263 1.7348 1.9108 1.8048 1.9567 1.2423 
3.5817 3.4761 2.6901 2.5493 2.5857 2.6039 2.5807 2.0282 2.2152 1.9902 2.2174 1.8170 1.3846 1.7668 1.8229 1.8780 1.5058 1.8321 1.7041 1.5698 1.1252 1.5090 1.8566 1.5670 1.7131 1.4604 1.8811 1.8243 1.6486 1.4559 1.4107 1.8039 1.1632 
2.7807 2.2605 2.3847 2.2438 1.3581 1.9420 1.8249 1.6517 0.8025 2.0681 1.5128 1.6552 1.2030 1.1139 1.2150 1.2819 0.1076 1.2176 1.1144 0.9636 1.0093 1.3920 1.1586 1.6374 0.3227 1.0802 1.1319 1.1594 0.4299 1.1529 1.0851 0.6468 0.3410 
2.6065 2.6056 2.2475 1.5299 2.2656 2.2196 2.2669 1.4488 1.1445 1.4140 1.7085 1.0247 0.7447 0.2134 1.3235 1.1401 0.6927 1.0882 1.1924 0.0120 0.5206 0.7109 1.3648 1.0028 0.6578 0.8454 1.5769 1.4378 1.3699 0.4874 0.9407 0.9011 0.1537 
2.7679 2.5252 2.1600 1.5162 1.7989 2.0803 1.8841 1.5206 1.4548 1.5453 1.1974 1.1176 1.7051 1.0404 1.2016 1.1190 1.4799 1.0701 1.1009 0.8437 1.4746 0.8235 0.8484 1.1208 0.9682 0.9540 1.1979 1.2970 0.8672 0.4315 0.8112 0.8113 0.3819 
3.1401 2.5240 1.9961 1.8462 2.1030 1.4911 1.0214 1.5342 1.1371 1.3682 0.6268 0.8254 1.4441 1.1220 0.9742 0.9382 1.0815 0.8673 0.8365 0.9722 1.1950 0.5599 0.2643 0.9349 0.6527 0.9727 0.3312 0.7076 1.1739 0.7638 0.6886 0.7701 0.7022 
-0.2830 1.4874 1.7093 1.8849 1.8242 1.1918 1.5420 1.4154 0.7747 0.7832 1.1242 1.6295 1.5350 0.9462 1.5100 1.6647 1.3963 1.6000 1.4198 0.7631 1.3168 1.3683 0.7728 0.3575 0.2863 0.8021 0.8739 0.3950 0.8998 0.8007 0.3946 -0.1635 -3.1183 
2.4275 1.5671 2.0289 1.2441 1.1481 1.6219 0.7480 1.7486 0.8288 1.2790 1.2506 1.5324 1.1022 1.4663 1.0798 1.3382 -0.3250 1.2671 0.9915 1.2943 0.8746 1.2405 0.9044 0.8530 0.3369 1.1480 0.0864 0.8374 0.2428 0.1742 0.7187 -0.0321 -0.0164 
2.3360 2.0142 1.6471 1.2983 1.7154 1.5717 2.0961 1.8133 1.1760 -0.3830 -0.1157 0.8116 1.0675 1.3433 1.3140 0.7397 1.1147 0.6864 1.1823 1.1577 0.8250 0.5425 -0.4569 -0.8131 0.6843 1.2012 1.4298 0.7973 0.7837 0.2459 0.3437 0.3173 -0.0827 
2.6736 2.6324 2.2125 1.0909 1.9609 1.8806 1.6891 1.6563 1.3591 1.2988 1.5189 0.8728 1.0654 1.0909 1.5709 1.4425 0.9901 1.4008 1.4736 0.9348 0.8226 0.6057 1.1623 0.8704 0.8361 1.0783 1.0279 1.0993 1.0670 0.0523 0.8765 0.9565 0.2700 
2.5709 2.2506 2.1393 1.2227 1.5715 1.1390 1.3753 1.4379 1.3049 1.3484 1.1677 1.3989 1.1723 1.4876 1.4174 1.5534 1.6994 1.5017 1.2884 1.3280 0.9664 1.0862 0.8048 0.9143 0.7934 0.8340 0.6849 0.3564 0.6781 0.1370 0.8012 0.5623 0.0765 
2.6265 2.5292 2.2173 1.8813 1.9224 1.6613 1.4938 0.9552 1.3370 1.4537 0.8731 1.3986 1.5407 0.9857 1.4930 1.4809 1.4107 1.4346 1.4053 0.7886 1.3238 1.0870 0.5306 1.0368 0.8170 0.3539 0.8063 0.8741 1.0266 0.7989 0.8905 0.8090 0.1916 
1.4990 2.2715 1.9615 1.5706 1.5032 1.6934 1.6530 0.3596 1.4515 0.7738 0.7915 1.4087 1.4293 1.5165 1.1396 0.9142 1.2414 0.8493 1.0422 1.3678 1.1780 1.1004 0.4361 0.3490 0.9616 -0.2219 1.0066 0.9126 0.6136 0.5102 0.6605 0.6198 -1.0633 
2.8226 2.5035 1.5636 0.3121 1.5234 1.5713 1.8984 1.5896 1.1723 1.4755 1.3443 1.1779 1.0804 1.1574 0.8077 1.5012 0.0897 1.4528 0.7082 1.0129 0.8377 0.9016 0.9983 1.0573 0.6806 1.0306 1.2169 0.7849 0.6377 -0.8384 0.2611 0.7857 0.4040 
