3.5356 3.4341 3.6244 3.2833 3.1444 3.0148 2.8939 2.9262 2.9343 2.8084 2.6579 2.6618 2.5765 2.6017 2.5975 2.5430 2.4307 2.4806 2.5055 2.4521 2.3671 2.4141 2.3592 2.4443 2.5230 2.4283 2.3088 2.3574 2.3696 2.3724 2.5530 2.0220 1.3962 
4.1756 3.9587 3.7469 3.5048 3.2186 3.0558 3.0418 2.9099 2.8185 2.6953 2.4610 2.3751 2.5740 2.6515 2.6118 2.5348 2.4694 2.4740 2.5282 2.5251 2.3660 2.1455 2.1703 2.3374 2.3824 2.3986 2.4897 2.3972 2.4212 2.5912 2.6549 2.5514 2.1218 
3.8884 4.1864 3.3745 3.2760 3.0363 2.9314 2.7086 2.6564 2.7616 2.6644 2.5981 2.5316 2.6111 2.3605 2.3905 2.3712 2.3702 2.3294 2.3064 2.2378 2.4071 2.2765 2.2951 2.3098 2.3454 2.1793 2.1570 2.2725 2.2825 2.3640 2.2584 2.7487 1.8207 
3.7683 3.6904 3.5605 3.0817 2.9288 2.8442 2.7147 2.5728 2.4195 2.4921 2.5194 2.5186 2.4216 2.3490 2.3241 2.2611 2.2513 2.2268 2.2459 2.2306 2.2489 2.2702 2.2302 2.1309 2.0077 2.0572 2.1662 2.1896 2.1636 2.1952 2.4382 2.3047 1.7134 
2.6991 3.7044 3.6223 3.3266 3.1424 3.0140 2.8884 2.8654 2.7907 2.7431 2.6593 2.6418 2.5859 2.5606 2.5426 2.4822 2.4475 2.4254 2.4245 2.3881 2.3738 2.3890 2.3606 2.3840 2.3682 2.3578 2.3022 2.3566 2.3687 2.4171 2.5391 2.3054 0.9520 
4.2878 4.2178 3.7539 3.4606 3.1422 2.7813 2.6246 2.7048 2.6898 2.6674 2.6145 2.5599 2.4915 2.4616 2.3942 2.3713 2.3294 2.3293 2.3092 2.3178 2.2951 2.2968 2.3119 2.3129 2.2779 2.2426 2.0441 2.1169 2.3613 2.5636 2.6550 2.7733 2.2591 
4.0587 4.3200 3.5534 3.4505 2.9330 2.9067 2.5954 2.8869 2.3676 2.5520 2.4836 2.4398 2.3713 2.4161 2.3679 2.3363 2.2881 2.2943 2.2814 2.2846 2.2031 2.2191 2.1944 2.1866 1.9528 2.3691 2.0156 2.2462 2.1597 2.5575 2.4010 2.9184 2.0399 
4.0172 3.6287 3.2410 3.1882 2.6155 2.3142 2.3405 1.8769 2.4622 2.3281 2.1989 2.1106 2.1530 2.1249 2.0449 2.0372 1.9752 1.9916 1.9630 1.9829 1.9586 1.8905 1.9047 1.9738 2.0378 1.3782 1.7780 1.6632 1.8633 2.2746 2.1132 2.2415 1.9126 
4.2664 4.2084 3.6260 3.5403 3.4688 3.3635 3.2778 3.2090 3.2340 3.1274 3.0671 3.0324 2.9945 2.9575 2.9330 2.9170 2.8975 2.8801 2.8441 2.8200 2.8086 2.7989 2.7744 2.7656 2.8025 2.6969 2.7009 2.7045 2.6945 2.6160 2.5322 2.7556 2.2048 
3.9223 4.3441 3.7564 3.7019 3.4979 3.3456 3.2441 3.2093 2.9796 3.0050 2.9558 2.8900 2.8944 2.8881 2.8256 2.7899 2.7444 2.7348 2.7140 2.7141 2.6812 2.6272 2.6541 2.6503 2.5762 2.6955 2.6640 2.6854 2.7063 2.8139 2.6408 2.9393 1.8024 
4.0609 3.4137 3.3376 2.8745 2.9237 2.8557 2.5965 2.4285 2.7925 2.6060 2.5318 2.5002 2.3679 2.3457 2.3505 2.3155 2.2697 2.2754 2.2672 2.2282 2.1952 2.2587 2.2372 2.2565 2.3692 1.9541 2.0213 2.2018 2.1517 1.9530 2.2507 2.0533 1.9972 
4.0123 4.0866 3.7097 3.4382 3.2472 3.1260 3.0682 3.0013 2.9872 2.9213 2.8655 2.8119 2.7521 2.7038 2.6925 2.6652 2.6611 2.6231 2.6067 2.5830 2.5795 2.5777 2.5682 2.5718 2.5822 2.5305 2.5223 2.4670 2.4701 2.5542 2.6142 2.6682 1.9260 
3.0095 4.2094 3.9887 3.2294 3.2955 3.1869 3.1723 3.1651 3.0882 2.9153 3.0268 3.0725 2.9038 2.6927 2.6589 2.6448 2.6425 2.6049 2.5797 2.5696 2.6931 2.8483 2.7233 2.5665 2.6703 2.6646 2.6009 2.5281 2.5482 2.2879 2.9021 2.7807 1.3435 
3.9573 3.8129 3.3938 3.4804 2.9819 2.9224 2.7861 2.8826 2.5965 2.5820 2.4560 2.6285 2.6082 2.3341 2.4282 2.4622 2.4546 2.4086 2.3394 2.2045 2.4015 2.3757 2.1672 2.2322 2.1784 2.3698 2.2370 2.2649 2.2391 2.5828 2.3303 2.3733 2.0055 
3.0888 3.6479 3.6888 3.5106 3.2690 3.1517 3.0357 2.9909 2.9783 2.9014 2.8531 2.7075 2.7158 2.6999 2.6968 2.6058 2.6210 2.5697 2.6104 2.5780 2.5563 2.4776 2.5617 2.5499 2.5754 2.5173 2.4857 2.4956 2.5103 2.5996 2.6049 2.2587 1.0697 
4.2947 4.1097 3.9053 3.5991 3.2801 3.1025 2.9950 2.9472 2.9112 2.9053 2.8653 2.7616 2.3720 2.2670 1.7565 2.3717 2.3954 2.3314 1.6719 2.1096 2.1992 2.5385 2.5675 2.5563 2.4844 2.4529 2.4236 2.4423 2.5183 2.6793 2.7987 2.6792 2.2641 
3.9501 4.2700 3.4341 3.4145 3.0181 2.8299 2.6730 2.7288 1.7445 2.3065 2.4501 2.6316 2.3585 2.4215 2.2009 2.0381 2.0819 1.9924 2.0809 2.2898 2.1780 2.3798 2.1544 1.9485 1.3467 2.2552 2.1005 2.1651 2.2573 2.5292 2.2949 2.8716 1.9181 
4.0880 3.8641 3.7535 2.9729 2.8756 2.6989 2.6603 2.8336 2.4964 2.5717 2.6848 2.6204 2.2508 2.2160 2.0053 1.9276 2.1160 1.8879 1.9272 2.0481 2.0433 2.3698 2.3793 2.2177 2.0592 2.3340 2.0914 2.0430 2.0909 2.0610 2.6547 2.4131 1.9609 
3.3933 3.8917 3.3773 2.7629 2.8891 2.8668 2.8486 2.7452 2.5806 2.5347 2.6809 2.6388 2.3349 2.3698 2.0888 2.3137 2.3382 2.2742 1.9994 2.2477 2.1497 2.3845 2.3752 2.1662 2.1537 2.2691 2.2747 2.2064 2.0871 1.8353 2.2907 2.4514 1.1931 
3.3604 4.3168 4.2297 3.8516 3.4805 3.3433 3.0101 3.3478 3.3861 2.9503 3.1155 3.2531 3.2248 2.9532 2.9727 2.9697 2.9513 2.9301 2.8976 2.8125 3.0114 2.9983 2.8275 2.5966 2.9742 2.8854 2.4419 2.6833 2.6997 2.9299 3.1119 2.9190 1.7006 
3.9340 3.3587 4.0394 3.3719 3.3618 3.2508 3.2329 2.9416 3.0148 3.0996 3.3396 2.7066 2.6125 2.5432 2.5848 2.6208 2.6162 2.5834 2.4825 2.3752 2.4037 2.4811 3.0336 2.7415 2.6042 2.4567 2.6476 2.5916 2.6068 2.5019 2.9575 1.9208 1.9850 
3.8464 1.9525 3.6301 3.3300 2.8421 2.5689 2.5638 3.0819 2.7274 2.1954 3.0373 2.4488 2.3074 1.4653 2.0129 0.9748 1.4629 0.9319 1.9316 1.3245 2.1121 2.2240 2.7431 1.8484 2.3145 2.6055 1.9811 1.9062 2.0451 2.4127 2.5578 0.9311 1.7959 
4.3068 4.2026 3.8648 3.8526 3.6002 3.3869 3.1170 2.9093 3.0308 2.7324 2.6037 2.5785 2.6956 2.7027 2.4574 2.4313 2.5345 2.3787 2.3596 2.5804 2.5194 2.3237 2.2978 2.3753 2.6208 2.3999 2.5655 2.7272 2.8361 2.9337 2.7402 2.7443 2.2542 
3.0446 3.8637 4.0140 3.8148 3.4541 3.2512 2.6048 3.5038 2.9268 3.1321 3.1538 2.9964 3.0510 2.7288 2.9520 2.8759 2.8676 2.8149 2.8743 2.6040 2.8898 2.7457 2.8706 2.7664 2.5126 3.0015 2.0446 2.5929 2.6834 2.9100 2.9328 2.4219 1.2347 
3.9432 3.3218 3.7047 2.7882 2.3335 1.5824 2.9941 2.6882 2.7239 2.6953 2.9213 2.2573 2.1905 1.7696 2.2508 1.7237 1.4524 1.6854 2.1385 1.6577 1.9848 1.9909 2.6206 2.3367 2.3072 2.2258 2.4229 1.0144 1.5817 1.9271 2.6145 1.8794 1.9018 
3.9600 3.9692 3.0154 3.4713 3.3645 3.3194 2.9708 3.3041 3.2147 3.1492 3.0713 2.9656 2.9252 2.9001 2.7391 2.7425 2.7137 2.6986 2.6507 2.7329 2.7143 2.7111 2.7785 2.7871 2.7710 2.8247 2.3969 2.6620 2.6133 2.5779 1.9139 2.5668 1.9079 
3.7129 3.9058 4.1023 3.6912 2.9587 2.9484 3.6197 3.3244 2.7933 3.1757 2.9249 2.8188 2.1264 2.9129 2.6792 2.1721 2.2492 2.1159 2.5951 2.7542 1.9403 2.5818 2.6201 2.8124 2.3719 2.8474 3.0419 2.2989 2.2143 2.7856 2.9995 2.5205 1.6218 
4.0517 3.6612 3.6611 3.2132 2.9118 2.3551 3.4823 2.4143 1.7419 2.2828 2.6804 2.4261 2.4335 1.4710 2.5185 2.2383 2.3151 2.1875 2.4040 1.3412 2.2574 2.2026 2.3752 1.9341 1.3317 1.9314 2.9197 1.7157 2.1570 2.3000 2.5784 2.2196 1.9718 
3.9426 4.0183 3.5629 3.3185 3.2404 2.9935 3.2682 3.0779 2.9725 2.9213 2.8911 2.9524 2.8379 2.5865 2.6982 2.6401 2.6423 2.6006 2.6127 2.4300 2.6344 2.7004 2.5849 2.5730 2.5705 2.6039 2.6926 2.3431 2.4626 2.4096 2.4381 2.6117 1.9045 
3.2802 3.9794 3.8887 3.5974 2.7587 2.9960 2.9025 2.3734 2.8110 3.0827 2.9632 2.4505 2.6369 2.5677 1.9394 1.3031 1.4862 1.2827 1.8483 2.3998 2.4418 2.2291 2.6619 2.7226 2.3793 1.9007 2.3182 2.3395 1.9909 2.6789 2.7625 2.5920 1.2665 
4.0614 3.6216 3.2685 2.7472 2.8596 2.9096 3.3854 2.7051 2.2970 2.4498 2.5498 2.4586 1.9003 1.5309 2.1409 1.9292 1.9654 1.8945 2.0395 1.3702 1.6895 2.2342 2.2504 2.0774 1.8967 2.2337 2.8375 2.2620 2.0803 1.8906 2.1714 2.1978 2.0135 
3.6027 3.6565 3.4335 3.2868 2.6803 2.9580 2.6664 2.8053 2.6065 2.5751 2.3593 2.3488 2.4308 2.5581 2.4571 2.4127 2.3432 2.3687 2.3613 2.3850 2.2564 2.1047 2.0536 2.2276 2.1987 2.3135 2.0866 2.3030 1.9222 2.3703 2.3420 2.2563 1.6040 
3.5687 3.2596 3.1409 2.7119 2.4341 1.8517 2.5392 2.3478 2.2940 2.0427 1.8647 1.2855 1.6568 1.3996 0.7860 1.2585 0.8712 1.2182 0.7017 1.2726 1.4609 1.0438 1.5718 1.6866 1.8931 1.8780 1.9605 1.1707 1.6668 1.8124 2.0343 1.8422 1.5541 
3.2298 3.3455 3.1509 2.8228 2.6184 2.6663 2.2189 1.8669 2.0459 2.3068 1.7592 1.9418 1.7795 1.9980 1.8325 1.7760 1.6839 1.7223 1.7218 1.8725 1.6043 1.6872 1.4597 1.9550 1.6392 1.3608 1.6253 2.0074 1.8529 1.9249 2.0385 1.9424 1.1802 
3.1036 2.7341 2.5382 1.9192 1.2745 2.2010 2.1346 1.8453 1.3904 1.9250 1.6313 1.7163 1.2774 0.6622 0.8556 0.9080 0.8969 0.8454 0.7435 0.5268 1.0644 1.4851 1.3304 1.5766 0.9837 1.3407 1.5809 1.5475 0.4512 1.0158 1.4112 1.3122 1.0822 
2.8594 1.7749 2.1521 1.9319 1.9248 2.0388 2.1587 1.7431 1.5623 1.4409 1.3169 1.4174 1.1644 0.0230 0.7653 1.2213 0.3184 1.1590 0.6745 -0.0817 0.9678 1.1947 1.0185 1.0852 1.1181 1.2720 1.5960 1.3797 1.1506 1.0144 1.0536 0.4975 0.7672 
2.3250 2.4373 2.3360 1.7826 1.5114 1.9630 1.6668 1.4193 1.7262 1.6268 1.3275 1.4037 1.2853 0.9348 1.2507 0.9539 0.7059 0.9194 1.1427 0.7708 1.0769 1.1770 1.0284 1.2767 1.3159 0.9424 1.1027 1.3002 0.7424 0.8763 1.2523 1.0293 0.2883 
2.4056 2.3319 2.4520 2.2475 1.8975 1.7399 2.0407 1.2964 1.5660 1.6236 1.2263 1.4128 0.8977 0.4956 0.7672 1.0516 1.3726 1.0119 0.6822 0.3424 0.6866 1.1863 0.9207 1.2723 1.1233 0.7936 1.4824 1.0845 1.0998 1.3219 1.3554 0.9222 0.3509 
1.6549 1.9420 2.2659 2.0647 1.6360 1.7258 1.3843 1.6296 1.5995 1.3329 1.4265 1.5355 0.7958 1.1276 0.7346 1.1665 1.3999 1.1095 0.6562 0.9856 0.6194 1.2824 1.1370 0.9766 1.1771 1.1426 0.8243 1.0671 0.8796 1.1702 1.1672 0.5527 -0.3401 
2.1935 2.3255 2.4219 2.1404 1.4837 1.8882 1.6075 1.1164 1.2890 1.1317 1.0232 0.2503 0.7832 1.0785 0.5428 0.9294 0.6211 0.8844 0.4306 0.9510 0.6075 -0.0062 0.7204 0.7678 0.8823 0.6350 1.0266 1.2294 0.7035 1.2444 1.3284 0.9325 0.1060 
1.4923 2.0396 2.0925 1.9682 1.6264 1.0350 1.3240 1.6036 1.3738 1.4071 1.3106 0.8174 0.9630 1.1132 1.4089 1.0536 1.2936 1.0110 1.3231 0.9795 0.7605 0.5907 1.0078 1.0534 0.9609 1.1001 0.7449 0.3831 0.8603 1.0510 1.0002 0.6354 -0.3551 
2.5595 2.1567 1.8238 1.4016 1.2552 1.7121 1.4312 1.3246 1.2039 0.7775 1.3834 1.1267 1.0574 1.1162 1.0537 0.9526 -0.0349 0.9157 0.9710 0.9810 0.8961 0.9047 1.0854 0.4140 0.7631 0.8399 0.8872 1.0544 0.4818 0.5035 0.7209 0.7083 0.5163 
0.4683 2.0444 1.5262 1.5484 1.4177 1.3103 1.2850 0.7449 1.4073 1.3358 1.3146 1.2774 1.1808 1.0430 0.5824 1.0219 0.9916 0.9823 0.4603 0.9186 0.9842 1.0238 1.0114 0.9810 0.9985 0.2911 0.7127 0.6518 0.6508 0.6357 0.3697 0.6563 -1.0025 
1.2371 1.3165 1.2975 1.1455 0.6363 0.9409 1.0732 0.9312 0.6287 0.4997 0.4135 0.3736 0.9661 0.6143 0.7033 0.3904 -0.0198 0.3506 0.6215 0.4603 0.7615 0.1201 0.1193 0.1340 0.2237 0.4231 0.5225 0.2823 -0.1190 0.2506 0.2110 -0.1067 -0.9688 
2.2687 2.0231 1.7947 1.6886 1.5800 1.5147 1.5922 1.0653 1.5474 1.3539 1.2309 1.3160 0.6338 1.2005 1.0954 0.6388 1.2708 0.6093 1.0040 1.0450 0.4331 1.0611 0.9263 1.0001 1.1075 0.5998 1.0088 0.8609 0.7929 0.7821 0.6910 0.6089 0.2070 
2.1710 1.4725 1.2192 1.1497 1.1069 1.1052 0.9933 0.2851 1.0463 1.3734 1.3271 1.4050 1.1006 1.0702 0.7167 0.2948 0.6070 0.2579 0.6313 0.9456 0.9284 1.1775 1.0287 1.0176 0.6359 -0.2044 0.4178 0.4444 0.3485 0.2622 0.1022 0.0653 0.1217 
1.4826 1.9055 1.6860 1.4385 0.1731 1.3856 1.2130 1.0537 0.9812 1.0833 1.2463 1.0568 1.1168 0.9763 0.3778 1.1556 0.1766 1.0995 0.2955 0.8361 0.9391 0.8285 0.9395 0.7280 0.5803 0.5901 0.6315 0.7282 -0.5637 0.5500 0.5997 0.4761 -0.3895 
1.9773 1.6561 1.5855 1.1610 1.3846 0.5982 0.9038 1.0648 1.2476 0.0489 0.6824 0.7923 0.6574 0.9980 0.6877 0.4537 0.5905 0.3998 0.6044 0.8693 0.4612 0.5722 0.3798 -0.3261 0.8080 0.6036 0.3149 -0.0603 0.6322 0.2659 0.4668 0.2931 -0.0694 
2.0117 1.9321 1.7675 1.6314 1.2631 1.1315 1.1934 1.4345 1.0696 0.8793 0.8989 1.0739 1.2854 1.0196 1.2598 -0.1587 1.0547 -0.2657 1.1561 0.8975 1.0793 0.8494 0.5949 0.5173 0.6585 0.9555 0.6259 0.4615 0.4878 0.7126 0.6761 0.5068 -0.0253 
0.1786 1.6521 1.5526 1.3059 1.4002 1.1378 0.9154 1.0563 0.6805 0.9136 0.7694 1.2898 0.7427 0.5181 0.9104 0.4262 0.9076 0.3873 0.7912 0.3677 0.5837 1.0376 0.4860 0.5552 0.2729 0.5940 0.3284 0.4792 0.6449 0.3918 0.4234 0.2580 -1.3003 
1.7530 1.7525 1.7762 1.7481 1.4688 1.6147 1.2390 1.1804 0.6561 0.6003 1.1403 1.0011 0.9672 1.2463 0.6261 1.0289 1.0073 0.9860 0.5286 1.0761 0.7685 0.7470 0.8527 0.2448 0.2563 0.6806 0.6475 0.9560 0.7002 0.8567 0.6856 0.3346 -0.3282 
1.4022 1.4148 1.5971 1.4031 1.2021 1.3837 0.7201 1.2461 1.1007 1.0615 1.0558 1.2501 0.7577 1.2283 0.9224 0.9936 1.0219 0.9543 0.8113 1.0561 0.5938 0.9889 0.7633 0.7124 0.6856 0.7295 0.1573 0.7246 0.4228 0.5047 0.5007 -0.0015 -0.5734 
0.8780 1.4541 1.3409 1.0634 1.5682 1.5179 1.4598 1.3146 1.2840 1.3441 1.4976 1.3102 0.6567 0.7716 0.8339 1.1198 1.0927 1.0678 0.7263 0.6375 0.4610 1.0547 1.2079 0.9909 0.8719 0.8269 0.9135 0.8620 0.7771 0.1923 0.2649 0.0539 -1.1703 
1.6501 1.1384 1.2092 1.2315 1.3053 0.9523 0.9292 0.9615 0.6600 1.2496 0.6224 0.5885 0.5878 0.6514 0.7190 0.7306 0.5490 0.6926 0.6342 0.5183 0.3725 0.3310 0.3163 0.8952 0.2636 0.4640 0.3471 0.2934 0.5514 0.3085 0.0870 -0.2662 -0.3737 
1.9288 1.7217 1.5868 1.7595 1.6473 1.5875 0.8359 1.0560 1.3539 1.0647 1.2535 1.2016 0.9628 0.9086 0.7235 0.7035 0.9606 0.6611 0.6400 0.7328 0.7611 0.9504 0.9482 0.7178 0.9453 0.5943 0.2733 0.9271 0.8970 0.8759 0.4765 0.3087 -0.1248 
2.1052 1.7061 1.6372 1.6506 1.5091 1.5091 0.1628 1.0347 0.8740 1.5166 1.2874 1.3322 1.4052 1.0820 1.1233 0.7789 0.3340 0.7258 1.0297 0.9546 1.2425 1.0828 0.9834 1.1543 0.4315 0.5678 -0.4006 0.8493 0.7239 0.7307 0.5519 0.2750 0.0278 
1.4441 1.3786 1.2021 0.9928 1.1910 0.8112 0.6067 0.5298 0.4106 0.6810 0.9182 -0.0630 0.7586 0.7536 0.9239 1.0192 0.5572 0.9763 0.8140 0.6259 0.5910 -0.3397 0.6102 0.3286 0.0096 0.0187 0.0201 0.1709 0.4028 0.0801 0.0877 -0.0281 -0.4445 
2.3735 1.3802 1.5996 1.1958 1.5763 1.7210 1.5370 0.8184 0.8635 0.3401 1.1685 1.3064 1.1415 0.5723 0.4940 0.0370 -0.2243 -0.0023 0.3928 0.4017 0.9551 1.0534 0.8808 -0.0105 0.4287 0.3245 0.9594 1.0629 0.7864 0.2796 0.4770 -0.1849 0.3151 
2.5913 1.7139 1.4171 1.1364 1.4710 1.2506 1.0047 0.9415 0.9606 0.8830 0.6366 1.2263 0.5096 0.9418 0.9760 0.7852 0.9460 0.7360 0.8983 0.7895 0.3103 0.9693 0.3321 0.5270 0.5535 0.4331 0.4246 0.5916 0.6998 0.2450 0.3104 0.2520 0.5332 
0.3635 1.4974 1.5769 1.2370 1.0553 0.3644 0.5678 0.6549 1.0604 0.6696 1.1136 0.6690 0.8147 0.8269 0.9827 0.6836 1.0295 0.6432 0.9095 0.6761 0.6278 0.4256 0.8220 0.3150 0.6543 0.1770 -0.0102 -0.3029 0.2873 0.3290 0.4406 0.1123 -1.5785 
1.8846 1.6138 1.4633 1.3233 1.0878 1.3432 1.4669 1.5436 1.4087 0.7935 0.2397 0.5586 0.8988 1.0883 0.6125 0.9377 0.9713 0.9007 0.5097 0.9596 0.6858 0.3009 -0.0643 0.4357 0.9958 1.0373 0.9180 0.6852 0.3267 0.4110 0.3614 0.1846 -0.2022 
2.4046 1.8586 1.5871 1.1960 1.1462 1.2526 0.9218 0.7251 1.1508 0.9114 1.0538 1.2241 0.6977 1.0167 0.9214 0.8781 0.6966 0.8209 0.8084 0.8966 0.5260 0.9664 0.7616 0.5414 0.7254 0.2582 0.3454 0.5902 0.3657 0.2752 0.4558 0.3702 0.3380 
2.4166 2.1374 1.7542 1.7756 0.5813 1.6999 0.8057 1.1611 1.4946 1.5414 0.7979 1.3051 1.0408 1.2426 1.1169 0.2625 0.9163 0.2005 1.0228 1.0724 0.8572 1.0528 0.5146 1.1751 1.0636 0.6644 0.2392 1.0421 -0.1377 0.8865 0.6707 0.6967 0.3775 
0.9082 1.3825 1.2369 0.6701 0.5160 1.2566 1.0502 0.3772 1.0348 0.8492 0.6131 0.6433 0.5902 0.9459 0.7240 0.9499 0.8776 0.9166 0.6363 0.7902 0.3737 0.3918 0.3083 0.4839 0.6230 -0.0805 0.4893 0.5983 -0.2365 -0.2421 0.1301 -0.0232 -0.9744 
1.0549 0.7812 0.7437 0.8598 0.4091 0.1281 0.5719 0.7709 0.1153 0.6136 0.5675 0.3094 0.5102 -0.0311 0.5630 0.4428 -0.1065 0.3936 0.4456 -0.1769 0.3145 0.0599 0.2648 0.2651 -0.3067 0.2945 -0.0117 -0.5312 -0.3500 -0.0468 -0.3357 -0.6369 -0.9339 
0.2184 1.6737 1.3967 1.2537 1.2566 1.3755 1.0866 0.3684 1.3492 1.1557 0.8369 1.2280 0.9897 0.8366 1.1323 0.7198 -0.6516 0.6749 1.0371 0.6859 0.7943 0.9683 0.5527 0.7913 0.9431 -0.1149 0.5419 0.7154 0.4781 0.3296 0.3062 0.2755 -1.0971 
2.0454 1.9311 1.6611 0.7042 1.0092 1.3354 1.2435 1.2145 0.9853 1.3615 1.4328 0.9553 1.0558 1.1286 1.3247 0.5839 0.6066 0.5250 1.2483 0.9900 0.8942 0.6984 1.1412 1.0069 0.5867 0.7038 0.6577 0.6781 0.2597 -0.2464 0.5794 0.5002 -0.0087 
1.3286 1.4775 0.9529 1.1402 0.9238 0.9888 1.2522 1.2084 0.8271 1.1469 0.2645 0.2570 0.4333 0.6628 0.6623 0.8448 0.5832 0.7863 0.5886 0.5304 0.2665 -0.0052 -0.0413 0.7870 0.3957 0.7026 0.6651 0.3369 0.1386 0.2515 -0.1211 0.0633 -0.6610 
2.4855 1.9114 1.6622 1.2660 1.2986 1.3235 0.9422 1.0441 0.8825 1.0698 1.0390 0.9328 0.8342 0.7438 0.4124 0.7193 0.1828 0.6715 0.3219 0.6191 0.6365 0.6721 0.7338 0.7176 0.4460 0.5799 0.3594 0.6646 0.5307 0.3502 0.5801 0.4280 0.4205 
2.0284 1.4530 1.3831 1.5904 0.9267 0.6583 1.1512 0.7819 0.2317 1.0519 0.6105 0.6866 1.3268 1.0570 1.0960 1.2446 1.2282 1.1895 1.0075 0.9359 1.1356 0.4434 0.3049 0.6985 -0.2107 0.2995 0.5978 0.0047 0.1280 0.6691 0.3140 0.0665 -0.0060 
1.5394 0.3236 0.8864 0.7281 0.8842 0.8164 0.3628 0.5995 0.5639 0.6372 0.7162 1.0109 0.7354 0.7126 -0.5220 0.1535 0.3478 0.1026 -0.6091 0.5894 0.5735 0.7624 0.4143 0.2862 0.1186 0.0865 -0.2088 0.1533 0.1005 -0.1612 -0.2283 -1.2799 -0.5602 
1.9281 1.6535 1.2505 1.3267 1.6699 1.3807 1.2961 1.2566 1.0272 0.5673 0.6907 0.7653 0.6497 0.5972 1.0001 0.9943 1.0483 0.9540 0.9237 0.4383 0.4471 0.5383 0.3902 0.2084 0.6164 0.7445 0.7207 0.7201 0.9211 0.4268 0.1271 0.2459 -0.1188 
1.9865 1.8271 1.3998 1.1252 1.0884 0.8053 1.1291 0.9412 0.8739 0.4873 0.9506 1.0382 0.9657 0.4162 0.6091 0.1601 0.7463 0.1197 0.5165 0.2915 0.7606 0.7969 0.6448 0.1335 0.4311 0.4336 0.5848 0.1524 0.3262 0.2475 0.3016 0.4138 -0.0172 
2.0116 1.9943 1.9021 1.5305 0.9215 1.5707 1.7303 1.3410 1.0791 0.7443 -0.1218 1.3283 0.5887 1.3367 1.3664 0.9570 0.8467 0.9208 1.2815 1.2127 0.3653 1.0768 -0.4011 0.3933 0.6638 0.8621 1.1800 0.9146 0.1429 0.6142 0.7821 0.5907 -0.0292 
1.4281 1.6658 1.7087 1.3832 1.1700 1.2706 1.4935 1.4287 1.4262 1.4541 1.1707 1.1682 0.7478 0.2987 1.0349 1.0329 1.1760 0.9882 0.9513 0.1528 0.5855 0.9321 0.8803 1.0921 1.0104 0.9521 0.9351 0.6108 0.3908 0.4917 0.6273 0.2928 -0.7451 
2.2635 2.0892 1.9127 1.6680 1.5875 1.2429 1.1963 1.4536 1.3841 0.9244 1.2857 1.3088 0.9089 0.5922 1.1960 1.0394 0.7647 0.9935 1.0823 0.4300 0.6875 1.0545 0.9854 0.5599 0.9738 0.9724 0.6262 0.5857 0.8035 0.7578 0.7923 0.6716 0.1951 
1.4005 1.3070 1.3700 1.3023 0.9554 0.9467 1.2121 0.9266 0.9755 1.1504 0.9015 0.8429 0.9957 1.1066 1.0571 1.3580 1.1340 1.3152 0.9774 0.9743 0.8065 0.6073 0.5987 0.7896 0.5768 0.4101 0.6313 0.2862 0.1711 0.3861 0.2818 -0.0810 -0.5632 
1.7493 1.2934 1.1075 0.9424 0.6301 1.0720 0.7352 0.5784 0.2980 0.7321 0.6100 0.4282 0.5078 0.8439 0.6555 0.5987 0.2728 0.5534 0.5809 0.6930 0.3161 0.2014 0.3028 0.3819 -0.1020 0.0613 0.1792 0.4142 -0.1433 0.0264 0.0027 -0.1571 -0.3138 
2.3322 1.7635 1.4623 0.9658 1.4608 1.5198 -0.0610 1.3109 1.2898 -0.0593 1.3777 1.5433 1.1508 0.6156 0.9377 1.1168 1.2797 1.0619 0.8363 0.4535 0.9589 1.2883 1.0737 -0.4128 0.8789 0.8223 -0.5823 0.8575 0.6903 0.0712 0.3571 0.3174 0.2918 
1.9408 2.0889 1.8212 1.3515 1.6073 1.6424 1.4912 1.4290 1.2997 1.3685 1.2310 1.5111 1.3024 1.3367 0.9528 1.1877 0.7203 1.1285 0.8654 1.2116 1.1009 1.2697 0.9275 1.0140 0.8951 0.9560 0.9295 0.9853 0.8377 0.4243 0.7120 0.6708 -0.2175 
1.9080 1.2746 1.6100 1.6774 1.5697 1.0223 1.6584 1.3116 1.3545 0.7774 0.9247 0.8176 0.9654 1.0925 0.9300 0.9958 0.9837 0.9563 0.8233 0.9638 0.7600 0.5908 0.6174 0.4130 0.9475 0.8160 1.0851 0.3691 0.7739 0.7673 0.5163 -0.1955 -0.1525 
2.2616 2.0506 1.5786 1.4432 0.6800 0.8986 1.4347 0.9819 1.0399 1.3563 1.3732 1.1674 1.0254 1.3884 0.9741 1.2898 1.2996 1.2542 0.8939 1.2678 0.8466 0.9300 1.0679 1.0029 0.6290 0.4915 0.8919 0.2410 -0.0561 0.5567 0.4443 0.6375 0.2194 
1.4054 1.1769 1.0132 0.9200 1.3295 1.2915 1.2558 1.1723 1.1768 0.9887 0.7966 1.2576 1.0204 0.6592 0.8977 0.9783 0.3510 0.9398 0.7802 0.5264 0.8337 0.9995 0.5082 0.6357 0.7392 0.6755 0.6721 0.6339 0.5843 -0.0016 -0.0737 -0.2188 -0.6473 
1.9076 1.7342 1.6202 1.5461 1.4406 1.3647 1.4514 1.3255 0.9963 1.1667 1.0949 1.0327 0.2417 0.7828 0.6417 -0.3473 0.2234 -0.3827 0.5595 0.6479 0.0250 0.7875 0.8036 0.8054 0.5937 0.8428 0.9093 0.7048 0.6764 0.6266 0.5192 0.3185 -0.2144 
2.0157 1.3663 1.4511 1.0903 0.9110 1.0005 1.1884 0.9681 0.8724 0.7642 1.0544 0.9567 0.6409 1.1625 1.1738 0.4646 0.6272 0.3964 1.0628 1.0165 0.4361 0.7082 0.7539 0.4101 0.4269 0.4761 0.6211 0.3372 0.1411 0.2251 0.3398 -0.0097 -0.0353 
1.7189 0.8466 1.2744 1.1413 1.4055 1.4904 1.2840 1.2462 0.5785 0.5206 1.0144 1.3745 1.3101 1.1239 0.7221 0.4952 0.8240 0.4447 0.6360 0.9845 1.1119 1.1334 0.7183 0.1555 0.1327 0.7268 0.7078 0.8325 0.6504 0.2521 0.1781 -0.4629 -0.3417 
0.9660 0.6131 1.4719 1.5390 1.0819 0.9956 0.3325 0.8691 1.1359 1.3713 1.3577 0.8092 1.0023 1.0562 0.9551 1.1610 0.9500 1.1043 0.8695 0.9355 0.8120 0.5839 1.0535 1.0167 0.7166 0.3666 -0.2299 0.3375 0.3214 0.6229 0.3772 -0.8971 -1.2532 
2.4536 1.9958 1.5980 1.0205 1.1646 1.5742 1.0662 0.6668 0.5994 0.5953 0.7212 0.4843 0.9275 0.4901 0.8299 1.0909 1.0632 1.0485 0.7258 0.3533 0.7195 0.2591 0.4247 0.2491 0.1729 0.1856 0.5159 0.9159 0.3904 0.1030 0.4869 0.5663 0.3938 
0.3018 1.7229 1.8428 1.6146 1.6228 0.9701 1.0156 1.4100 1.3892 0.9548 1.0728 0.9947 0.6512 0.9174 1.2065 1.3279 1.2081 1.2884 1.0913 0.7527 0.4531 0.7394 0.7773 0.6031 0.9816 0.9404 0.4504 0.3165 0.8606 0.7014 0.7322 0.3412 -1.9384 
2.4033 1.7936 1.4674 1.4420 1.5850 1.4964 0.9284 0.1194 0.4653 1.3359 1.3278 1.1573 0.9317 1.2038 1.0549 0.5004 0.4139 0.4426 0.9708 1.0467 0.7223 0.9263 1.0273 0.9823 0.0545 -0.3556 0.3464 0.8360 0.8011 0.5480 0.3489 0.3197 0.3338 
1.0847 1.4498 0.9361 1.1747 0.6339 0.7391 1.0235 0.6752 0.7183 0.8405 0.6479 1.2199 0.8207 0.9734 0.9504 1.0764 0.7744 1.0332 0.8634 0.8338 0.6274 0.9641 0.3454 0.4832 0.3098 0.2003 0.4559 0.1024 -0.0832 0.2733 -0.2272 0.0559 -0.7823 
2.0827 1.7214 1.5534 1.4185 1.5413 1.3947 1.2725 1.1270 0.9099 1.1070 0.7991 0.4091 1.0435 0.7049 1.0418 0.3220 1.1628 0.2838 0.9559 0.5874 0.8621 0.1930 0.5082 0.7472 0.4705 0.6432 0.6922 0.7348 0.7461 0.5231 0.3992 0.3346 -0.0294 
1.5357 1.6879 1.6601 1.5008 1.0080 0.8574 1.3846 1.1960 1.0694 1.3289 1.4519 1.2546 1.3088 0.9456 1.2002 0.6831 0.7123 0.6398 1.0851 0.7913 1.1105 0.9949 1.1607 0.9769 0.6603 0.6930 0.8312 0.2110 0.2566 0.5985 0.5802 0.2890 -0.5508 
2.3851 1.9845 1.6148 1.3876 1.2394 1.0702 1.0494 1.0362 1.3469 0.8855 0.9945 0.8845 0.7656 0.8729 1.1911 0.9509 0.9284 0.9163 1.0758 0.7182 0.5941 0.6319 0.6941 0.5131 0.9411 0.5655 0.4918 0.4097 0.4424 0.4922 0.5160 0.5601 0.3491 
1.9963 1.7959 1.4343 1.4801 -0.2658 0.5783 1.2942 0.9194 1.0179 1.2198 1.2619 0.9736 0.8730 1.1859 0.9700 0.9486 0.8209 0.9144 0.8881 1.0333 0.6658 0.7193 0.9590 0.8495 0.6116 0.3996 0.7212 -0.0805 -1.0434 0.5848 0.3425 0.3923 -0.0210 
2.4631 1.7310 1.2704 0.2540 1.0758 0.9978 1.1575 1.2108 1.0513 1.3364 1.3328 1.1667 0.7593 0.9786 1.1394 0.7697 -0.1339 0.7227 1.0436 0.8440 0.5929 0.9310 1.0331 0.9834 0.6389 0.7024 0.5966 0.3339 0.3114 -0.6430 0.1657 0.2666 0.3895 
2.1025 1.4792 1.4803 1.2431 1.1618 1.3213 1.2579 0.9221 1.0490 0.7751 0.9992 0.6165 0.9712 0.8161 0.8707 0.7691 0.6053 0.7232 0.7522 0.6737 0.7688 0.3699 0.6969 0.4165 0.6388 0.4024 0.6762 0.6690 0.3769 0.3254 0.3667 0.1269 0.0338 
2.0210 1.6836 1.5148 0.6325 1.3058 1.4520 0.6634 1.4240 1.0446 1.3310 1.3531 1.3746 1.3574 0.9718 1.3246 1.1606 1.3265 1.1033 1.2496 0.8268 1.1750 1.1330 1.0515 0.9785 0.6324 0.9499 0.1036 0.7917 0.5563 -0.2652 0.4006 0.2641 0.0055 
1.8980 1.3755 1.2196 1.3032 0.9687 1.0007 0.6441 1.0254 1.2000 0.6375 1.0611 1.2428 0.6678 0.5772 0.9239 1.2364 0.6830 1.1748 0.8134 0.3955 0.4874 0.9781 0.7686 0.2789 0.7575 0.5609 0.0781 0.3355 0.2190 0.3901 0.0749 0.0067 -0.2346 
