1.5695 1.6935 1.7156 1.0368 1.2577 1.3939 1.0100 0.8216 0.9915 1.3463 1.3506 1.4383 0.9871 0.9726 -0.1692 0.2775 0.4835 0.2176 -0.2622 0.8117 0.7731 1.1871 1.0444 0.9907 0.5453 0.3582 0.4212 0.7298 0.4820 0.1093 0.6100 0.2698 -0.4229 
2.2550 2.1858 1.9847 1.5945 1.3414 1.4969 1.6673 1.1871 1.3378 0.4554 1.1259 1.4050 0.6801 0.9992 1.0389 0.8051 1.1295 0.7611 0.9429 0.8254 0.4628 1.1494 0.8196 0.0821 0.8891 0.7114 1.0761 0.8309 0.5452 0.7001 0.8445 0.7651 0.1877 
2.2376 1.4671 1.5728 0.6758 0.9689 1.0684 0.4711 0.9170 0.8206 1.0274 0.8311 0.7231 0.7861 0.4598 0.8433 0.5093 0.3803 0.4632 0.7541 0.3385 0.5938 0.4703 0.5277 0.6760 0.4021 0.4270 -0.1379 0.4126 0.1551 -0.2298 0.4626 0.0969 0.1663 
2.2157 1.4312 0.8027 1.4338 1.4943 1.2847 1.3157 0.8793 0.7348 1.0637 0.3972 0.7392 0.8031 0.6958 0.8568 0.6225 0.4699 0.5624 0.7677 0.5344 0.6243 0.4840 0.1041 0.7117 0.3226 0.4006 0.7267 0.6351 0.7322 0.5244 -0.2596 0.0544 0.1502 
2.3727 1.1102 1.1449 1.4774 1.2816 0.9317 1.3796 1.3262 0.9781 0.6776 0.8343 0.8779 0.8571 1.0464 1.2936 1.3243 1.1429 1.2633 1.1784 0.8954 0.6892 0.6522 0.5429 0.3161 0.5360 0.8095 0.8014 0.2785 0.4993 0.5553 0.0926 -0.1455 0.2855 
2.5302 1.7843 1.5727 1.3995 1.7891 1.5005 1.4890 1.3681 -0.1953 1.3020 1.3983 1.5539 1.6820 1.4842 0.8015 0.9433 0.1234 0.8844 0.7159 1.3622 1.4706 1.3347 1.0952 0.9362 -0.5723 0.8565 0.9380 0.8316 1.0315 0.4845 0.4586 0.3146 0.4692 
2.7163 2.1491 1.7981 1.6682 1.3716 1.1262 1.1777 1.3713 1.2943 1.2362 1.3649 1.3410 1.2589 1.1240 1.1718 1.1768 0.8238 1.1355 1.0877 1.0036 1.0649 1.0783 1.0591 0.8757 0.8527 0.8658 0.6321 0.4668 0.5944 0.7368 0.6978 0.7014 0.6576 
1.9095 1.5127 0.8599 0.6783 0.8449 1.5501 1.6764 1.3617 0.7318 1.1940 0.8898 1.0278 0.8655 1.3129 1.1306 0.4621 0.8145 0.4080 1.0444 1.1478 0.6906 0.7668 0.5995 0.8346 0.3358 0.8444 1.0880 0.8933 0.0910 -0.2400 -0.2557 0.0837 -0.1455 
2.7393 2.1844 1.7243 1.5856 1.6586 1.3547 1.4546 1.0478 1.0584 1.3841 0.8114 0.3553 1.3394 1.2959 1.0812 0.9646 1.2107 0.9058 1.0065 1.1368 1.1243 0.0969 0.5014 1.0302 0.6391 0.5439 0.8806 0.6868 0.8613 0.6809 0.6266 0.7295 0.6888 
2.6453 2.2630 1.8595 1.3813 1.6872 1.4839 1.3671 1.4563 1.2284 1.4061 1.2934 1.0172 1.1832 1.4208 1.1913 1.0010 1.0084 0.9359 1.1041 1.2881 1.0158 0.7576 1.0005 1.0533 0.8015 0.9836 0.7859 0.8194 0.9024 0.4470 0.7565 0.8038 0.5579 
2.4989 2.3335 1.6365 1.6940 1.6921 1.6509 1.6403 1.4115 1.1260 0.8361 1.2009 1.0720 1.4645 1.4001 0.7814 0.7378 0.0121 0.6987 0.6960 1.2579 1.2850 0.8180 0.9094 0.4808 0.7145 0.9215 1.0576 0.9904 0.9065 0.7717 0.4849 0.8686 0.4358 
1.7897 1.7010 1.4656 1.6114 1.4606 1.2351 1.5294 1.5138 1.2699 0.9297 1.0270 1.2853 1.2305 1.0858 1.3423 1.2128 0.5994 1.1579 1.2284 0.9537 1.0452 1.0394 0.7213 0.5642 0.8299 1.0382 0.9843 0.5764 0.7003 0.7006 0.3725 0.2672 -0.2456 
2.6009 2.0522 1.4885 1.1838 1.1148 1.4166 1.3980 1.1042 1.3964 1.0614 0.8145 1.3947 1.1788 1.3839 1.4593 1.4877 1.3692 1.4487 1.3740 1.2356 1.0087 1.1432 0.5082 0.7111 0.9864 0.6156 0.8156 0.7552 0.3527 0.2923 0.3912 0.5858 0.5135 
1.8999 1.3610 1.1497 1.0051 0.7514 0.5026 0.9001 0.7053 0.3892 0.0390 0.8183 0.7146 -0.5819 0.4853 0.5921 0.2256 0.1434 0.1719 0.4839 0.3633 -0.7400 0.4574 0.5218 -0.3017 -0.0265 0.1962 0.3496 -0.1529 -0.0003 0.0757 0.0585 -0.1176 -0.1730 
-0.7706 1.0933 1.3639 1.1468 1.3566 1.3463 1.2078 1.2875 1.0468 1.0903 0.8292 1.0808 0.8938 1.1690 1.1509 1.0543 1.2393 1.0172 1.0695 1.0423 0.7129 0.8238 0.5367 0.7350 0.6304 0.7828 0.6583 0.6845 0.5660 0.2485 0.2518 -0.2946 -1.5103 
2.2774 2.2168 1.7600 1.7649 1.5542 1.2824 1.4977 1.4844 1.3075 1.1512 1.3716 0.9878 0.7160 0.8153 1.2578 1.3863 0.8242 1.3495 1.1506 0.6911 0.5095 0.7253 1.0655 0.8036 0.8599 1.0190 0.9448 0.6230 0.7779 0.8466 0.6712 0.7836 0.1698 
1.6742 1.1320 0.5415 0.7959 1.0786 0.9242 1.2107 0.7705 -0.0926 0.7407 1.0082 0.5969 0.5546 0.4113 0.8525 0.2022 0.6799 0.1573 0.7638 0.2744 0.3748 0.3569 0.7027 0.3803 -0.4928 0.2753 0.6730 0.2473 0.3166 -0.1317 -0.4989 -0.2046 -0.5087 
2.4509 2.0056 1.7167 1.6103 1.0404 1.4713 1.4563 1.6976 1.3869 0.7480 0.9468 0.9564 1.6534 0.9758 0.9128 1.0622 1.0764 1.0240 0.8137 0.8097 1.4389 0.7142 0.6590 0.3869 0.9744 1.1877 0.8933 0.8088 0.2625 0.7012 0.6062 0.5194 0.3833 
0.4389 1.6832 1.5728 1.5747 1.7439 1.7076 1.7625 1.6002 1.4073 1.0258 1.2233 1.4215 1.4080 1.1268 0.7935 1.0665 1.2798 1.0317 0.7131 1.0046 1.2088 1.1688 0.9356 0.6772 1.0048 1.0998 1.1858 1.0473 0.9935 0.6874 0.4725 0.2776 -1.7895 
1.6940 0.7457 0.8886 0.6774 0.0188 0.7456 0.8780 0.9322 0.3863 1.0597 0.9027 0.4478 0.6843 -0.1997 0.6245 0.9292 0.6811 0.8725 0.5128 -0.3105 0.4738 0.1916 0.6108 0.7077 -0.0200 0.4336 0.3316 0.0834 -0.7490 -0.2522 -0.2344 -0.5644 -0.3932 
1.4805 1.6694 1.4032 1.3448 1.2782 1.3180 1.6888 1.2195 1.0744 1.0419 1.1453 1.0448 1.0216 1.2049 0.7118 0.4811 1.0511 0.4444 0.6255 1.0676 0.8139 0.7939 0.8385 0.6931 0.6712 0.7310 1.1054 0.6504 0.4879 0.4160 0.3064 0.2262 -0.5244 
1.6987 1.5724 1.3552 1.0623 1.0270 1.3765 0.9115 0.5898 0.8539 1.1496 0.8161 1.2402 0.6786 0.6897 1.0751 0.9756 0.2780 0.9176 1.0006 0.5220 0.4608 1.0127 0.5087 0.7984 0.4441 0.1023 0.3589 0.7112 0.2570 0.1238 0.2529 0.1791 -0.4843 
2.3004 2.0042 1.8072 1.7813 1.2627 1.2781 1.4720 1.2360 1.1506 1.3462 1.5410 1.4776 0.9359 0.8730 0.9381 1.0094 1.1608 0.9556 0.8262 0.7363 0.7385 1.2372 1.2496 0.9902 0.7418 0.7435 0.9037 0.6235 0.4768 0.8622 0.7147 0.5358 0.2315 
2.3749 1.9335 -0.0438 1.6183 1.3799 1.8043 1.7034 1.5967 1.6807 1.2511 1.2455 1.4291 1.4472 1.0295 0.7241 1.3773 0.9003 1.3416 0.6471 0.8670 1.2615 1.1774 0.9575 0.8829 1.2448 1.0976 1.1201 1.1436 0.6043 0.7053 -0.8972 0.4681 0.3061 
2.7744 2.7644 2.5244 2.3246 2.5144 2.8031 2.9277 2.9903 2.9530 2.8532 2.7128 2.4688 2.0313 1.4192 1.5111 1.5766 1.3485 1.5212 1.4247 1.2848 1.8160 2.2242 2.4076 2.4911 2.5109 2.4720 2.3613 2.1411 1.7527 1.3944 1.4204 1.3509 0.6863 
2.7350 2.4211 2.0607 1.5756 1.8411 1.6446 1.9027 1.8121 1.8468 1.5737 1.7231 1.1666 1.1370 0.9081 1.1386 1.0422 0.6601 1.0049 1.0510 0.7697 0.9651 0.9340 1.4193 1.2066 1.4318 1.3458 1.3487 0.9762 1.0763 0.6865 0.9648 0.9906 0.6568 
2.1693 2.0115 1.5892 2.0610 1.1390 1.6596 1.7305 2.1093 1.8547 1.5330 0.8076 0.9263 1.1847 0.8652 0.3392 1.0031 1.1363 0.9422 0.2175 0.7296 1.0164 0.6911 0.4960 1.1700 1.4366 1.6351 1.1485 1.0028 0.3660 1.1426 0.4848 0.5477 0.0607 
1.6680 2.0044 1.5093 1.6434 1.4626 1.8592 1.9193 2.1389 1.7612 1.6587 1.0273 1.4335 1.2385 1.1654 1.0451 0.8696 0.2396 0.8186 0.9508 1.0428 1.0514 1.1842 0.7232 1.2940 1.3530 1.6702 1.3588 1.1951 0.7103 0.7165 0.4118 0.5566 -0.2428 
2.1188 2.0043 0.7107 1.0358 1.1475 1.7412 1.4600 1.8302 1.8845 1.2043 1.4184 1.2500 0.9717 1.3540 1.5206 1.3340 0.9962 1.2711 1.4314 1.1919 0.7666 1.0186 1.1182 0.8427 1.4628 1.3610 0.8793 1.0791 0.3962 0.0886 -0.4563 0.5349 0.0422 
1.7807 1.3059 1.2808 1.3947 0.9756 1.1513 1.4962 1.4807 1.2499 1.0265 0.7002 0.6440 0.8822 0.8121 0.6019 0.7410 0.7918 0.7041 0.4882 0.6872 0.7030 0.3903 0.3914 0.6749 0.8179 1.0145 0.9437 0.4913 0.1707 0.4777 0.1679 -0.1229 -0.2555 
2.0198 1.2863 1.5684 0.6905 0.4645 0.8137 0.3553 1.2726 1.1668 0.4591 0.3210 0.7858 1.1659 0.9556 0.9144 0.4153 0.9873 0.3772 0.8097 0.8058 1.0036 0.5273 0.0244 0.0848 0.7561 0.7730 -0.1975 0.1523 -0.2721 -0.2286 0.4596 -0.0655 -0.0758 
2.0520 1.7326 1.4062 0.9122 1.2926 1.6398 1.6905 1.6789 1.3312 1.2713 0.9230 0.9713 0.9004 1.1171 0.7595 1.0513 1.0620 1.0190 0.6853 0.9917 0.7169 0.7194 0.6348 0.9060 0.8835 1.1602 1.1036 0.9832 0.5030 0.0022 0.2993 0.3502 0.0157 
1.2325 1.9765 1.4896 1.3692 1.6328 1.3188 1.6662 1.4855 1.2310 1.4168 1.4358 1.1735 1.3052 1.4754 1.0245 1.3088 0.9540 1.2480 0.9205 1.3517 1.0969 0.9483 1.1337 1.0620 0.8094 1.0182 1.0742 0.6520 0.8400 0.4667 0.3750 0.5529 -1.5980 
3.0223 3.0422 2.6637 2.4933 2.3863 2.2559 2.1024 2.1994 2.1340 2.0380 1.8085 1.8589 1.9952 1.8665 1.8241 1.9484 1.6819 1.8889 1.7414 1.7311 1.7784 1.6352 1.5048 1.6854 1.7198 1.7185 1.5271 1.5940 1.6210 1.5968 1.5263 1.6176 0.9262 
3.1406 3.3655 2.8289 2.7287 2.5558 2.3998 2.3386 2.1999 2.2636 2.3109 2.2599 2.1459 2.0836 2.0738 2.0191 2.0623 1.8955 2.0248 1.9136 1.9377 1.8901 1.9126 1.9706 1.9461 1.8277 1.7206 1.7497 1.7396 1.7844 1.8117 1.7750 1.9692 0.9449 
3.9008 3.6999 3.4705 3.2875 3.1305 3.0256 2.9236 2.9138 2.8220 2.7647 2.7307 2.7206 2.6732 2.6230 2.5826 2.5414 2.5063 2.4878 2.4758 2.4644 2.4602 2.4693 2.4280 2.4092 2.4098 2.4187 2.3586 2.3632 2.3697 2.3714 2.3884 2.2634 1.8755 
3.8564 4.2612 3.7674 3.0699 2.8400 2.6668 2.7503 2.3733 2.3608 2.3099 2.2824 2.0896 2.3603 2.0216 1.9791 2.0167 1.9819 1.9717 1.8611 1.8537 2.1460 1.8407 1.9893 1.9442 1.9280 1.8716 2.1682 2.0018 2.0714 2.1441 2.6665 2.8218 1.7518 
3.1377 4.1350 3.6465 3.2401 3.0083 2.8642 2.7930 2.8917 2.8497 2.7637 2.6216 2.4906 2.3983 2.3818 2.3639 2.3180 2.3430 2.2572 2.2670 2.2372 2.1967 2.2612 2.3305 2.4069 2.4355 2.4056 2.2337 2.2136 2.2326 2.3536 2.5153 2.7172 0.8548 
4.1392 4.2035 3.7610 3.1647 2.9331 2.7212 2.6661 2.6647 2.3839 2.4479 2.4190 2.3916 2.2413 2.2607 2.2514 2.2088 2.1275 2.1544 2.1444 2.1136 2.0507 2.1400 2.1197 2.0954 1.9849 2.1461 2.0864 2.0668 2.1561 2.2883 2.6746 2.7675 2.0252 
3.7466 4.2091 3.0811 2.5629 2.7441 2.6567 2.5559 2.5724 2.4519 2.3316 2.2522 2.2894 2.3183 2.3063 2.2907 2.2482 2.1417 2.1913 2.1746 2.1407 2.1020 2.0374 1.9583 1.9642 2.0397 2.0767 2.0027 1.9858 1.9737 1.5970 2.0082 2.7787 1.5380 
4.2740 3.8668 3.7869 3.2503 2.8537 2.6086 2.7125 2.8459 2.7940 2.6377 2.3004 1.8925 1.9161 1.9512 1.8787 1.7810 1.9079 1.7381 1.7815 1.7930 1.7195 1.6520 1.9968 2.2636 2.3774 2.3701 2.1373 1.9452 2.0771 2.3421 2.6942 2.4319 2.2287 
3.9160 4.3215 3.8429 3.2230 3.1752 3.0513 2.8498 3.1345 2.7387 2.6804 2.6809 2.5928 2.5213 2.5991 2.4818 2.4549 2.4356 2.4105 2.3993 2.4460 2.3495 2.3534 2.3736 2.3296 2.3325 2.6663 2.3072 2.3872 2.4095 2.3391 2.7295 2.8776 1.8073 
2.8234 4.1302 3.5175 3.2648 2.6104 2.7351 2.7275 2.6144 2.5874 2.3566 2.2768 2.2021 2.2874 2.0380 2.1437 2.1922 2.1113 2.1441 2.0630 1.8885 2.0851 1.9882 1.9909 2.0089 2.1638 2.1037 2.1439 2.0834 1.8584 2.3655 2.4171 2.7104 1.4633 
4.2227 4.2376 3.6379 3.1275 2.6604 2.5214 2.4093 2.2119 2.6460 2.2450 2.0768 1.9921 1.7834 1.7195 1.4454 1.6248 1.3996 1.5655 1.3976 1.5734 1.6243 1.7383 1.7923 1.8989 2.2127 1.7038 1.8501 1.8965 1.9101 2.2402 2.5030 2.7908 2.0758 
4.1338 4.3654 3.4132 3.4032 3.4217 3.3270 3.2297 3.1403 3.0150 3.0130 2.9836 2.9507 2.8932 2.8492 2.8299 2.7892 2.7478 2.7447 2.7444 2.7174 2.7069 2.7016 2.6787 2.6624 2.5824 2.6739 2.6739 2.6628 2.6670 2.4758 2.2705 2.9354 2.0090 
4.0348 4.2933 4.0787 3.6607 3.3670 3.4080 3.3438 3.0262 2.6262 2.9960 2.9875 2.9630 2.9331 2.9244 2.8139 2.8011 2.7701 2.7555 2.7315 2.7728 2.7334 2.7088 2.6803 2.6304 2.1811 2.5161 2.7558 2.7446 2.5871 2.7208 2.9883 2.8499 2.1007 
4.0230 4.3628 3.7980 3.6527 3.2892 3.0031 2.9014 3.0329 2.1768 2.6684 2.6330 2.5517 2.4674 2.5188 2.4501 2.4775 2.4297 2.4378 2.3666 2.3862 2.2884 2.3300 2.3362 2.3045 1.7653 2.5281 2.3447 2.3390 2.4889 2.7180 2.6839 2.9432 2.0915 
3.8166 4.2120 3.9939 3.6804 3.4864 3.4050 3.2933 3.2715 3.1620 3.0954 3.0339 2.9966 2.9600 2.9006 2.8947 2.8630 2.8167 2.8104 2.7975 2.7555 2.7521 2.7329 2.7290 2.7402 2.7486 2.7691 2.7130 2.7425 2.7248 2.7532 2.8481 2.7950 1.4867 
3.6484 4.2272 3.9227 3.4373 3.4399 3.2990 3.2713 3.1416 3.1370 3.1700 3.0336 3.0096 2.9468 2.8391 2.8686 2.8034 2.8017 2.7593 2.7761 2.7099 2.7432 2.7485 2.7286 2.8097 2.7263 2.6757 2.7011 2.6393 2.6845 2.5245 2.7986 2.8017 1.7715 
4.3195 4.2645 4.0000 3.8547 3.6366 3.5196 3.4469 3.3712 3.3023 3.2739 3.1974 3.1480 3.1264 3.0251 3.0401 3.0213 3.0030 2.9828 2.9513 2.8670 2.9469 2.9182 2.9037 2.9087 2.8576 2.8684 2.8752 2.8573 2.8370 2.9618 2.8881 2.8137 2.2773 
2.3619 4.3974 4.3215 3.8665 3.6898 3.6183 3.5179 3.4209 3.2405 3.3097 3.2892 2.8986 3.0643 3.1380 3.0121 2.9201 2.9793 2.8631 2.9042 3.0152 2.8664 2.6693 2.9960 2.9437 2.8071 2.9385 2.9695 2.9551 2.9090 2.9705 3.1841 3.0001 1.3822 
3.0172 4.4402 4.1090 3.8143 3.6536 3.4271 3.3678 3.1073 3.2283 3.0682 3.1279 3.3110 2.9344 2.8315 3.0246 2.9465 2.8744 2.8876 2.9255 2.7054 2.7347 3.0504 2.8222 2.7137 2.8025 2.6316 2.7874 2.7638 2.8515 2.9171 3.0088 3.0292 1.4815 
4.0326 4.3760 4.1219 3.6804 3.5560 3.4225 3.3636 3.0837 3.1751 3.1720 3.2663 2.6844 2.9589 2.9051 2.8062 2.8418 2.8162 2.8002 2.7221 2.7590 2.7510 2.4243 2.9765 2.8108 2.7598 2.6007 2.7820 2.7608 2.7830 2.7543 3.0212 2.9630 1.6917 
4.0191 4.2455 3.3788 3.4692 3.0536 2.9009 2.8335 2.8861 2.6935 2.7542 3.1838 3.0494 2.4617 2.5173 2.7395 2.5527 1.7358 2.4968 2.6654 2.3880 2.2796 2.7963 2.8900 2.4043 2.2643 2.3977 2.2879 2.2419 2.2919 2.5717 2.2567 2.8063 2.0530 
3.3881 4.0993 3.7024 3.5793 3.3392 3.2517 3.1387 3.2287 2.8056 2.8805 3.0500 3.1289 2.7895 2.8562 2.8311 2.7562 2.7525 2.7147 2.7462 2.7223 2.6109 2.8835 2.7478 2.5149 2.3939 2.7353 2.5787 2.5873 2.5458 2.6785 2.5985 2.6940 1.3158 
4.3635 4.1354 3.8287 3.6702 3.5212 3.4027 3.3360 3.1343 3.2782 3.2493 3.3275 3.0947 2.9676 2.9992 2.8922 2.9321 2.9594 2.8741 2.7950 2.8269 2.7564 2.8429 3.0188 2.8850 2.8383 2.6657 2.7478 2.7401 2.7527 2.7426 2.7354 2.7118 2.3224 
3.5037 4.3564 4.2421 3.8080 3.2760 3.0162 3.0401 3.4170 3.3222 2.6617 3.1582 3.2586 2.9360 2.8078 3.0305 2.8688 2.7732 2.8143 2.9363 2.6869 2.7338 3.0190 2.8655 2.2892 2.8737 2.9350 2.4687 2.3492 2.4794 2.8991 3.1263 2.9394 0.9705 
3.3453 4.0613 4.1370 3.5028 2.9597 2.8773 3.0705 3.1060 2.8247 2.5146 3.0878 2.4341 2.3250 2.5064 2.3795 1.7148 -0.0700 1.6778 2.2916 2.3779 2.1085 2.1835 2.7857 2.1639 2.4150 2.6269 2.4940 2.2138 2.1649 2.5930 3.0489 2.6594 -0.6885 
3.7219 3.5483 3.9643 3.1082 2.4862 2.4784 2.4577 3.1803 2.6334 2.3707 2.8131 1.8875 1.4192 0.6760 2.2408 1.1485 1.0400 1.0823 2.1379 0.6105 1.2267 1.6776 2.5163 2.0123 2.1863 2.7043 1.8850 1.8119 1.7018 2.2319 2.8371 2.1019 1.5447 
4.1164 4.0015 4.0681 3.5821 3.3281 3.1387 3.2312 2.9695 2.5035 1.9475 2.2319 1.8100 2.3869 2.0645 2.1558 2.4211 2.1385 2.3799 2.0703 1.9211 2.1805 1.5670 1.9391 1.5682 2.0948 2.4579 2.6743 2.4727 2.5216 2.6755 2.9795 2.5589 2.0555 
3.5241 3.8683 3.8146 2.8096 2.0870 2.5225 3.0403 3.2725 2.4285 2.8314 2.8627 2.0648 2.4864 2.8032 2.3923 2.3628 1.8481 2.3271 2.3047 2.6802 2.3284 1.8184 2.5737 2.4728 2.0086 2.7699 2.4637 1.8519 1.3298 1.8633 2.7202 2.4576 1.5761 
4.1965 4.1667 4.1167 3.7543 3.5305 3.4657 3.5279 3.3221 3.2950 3.2672 3.1518 3.1093 3.0821 3.0972 2.9727 2.9617 2.9073 2.9012 2.8543 2.9734 2.8887 2.8613 2.8552 2.9022 2.8509 2.8023 2.9829 2.8022 2.7608 2.8309 3.0250 2.7488 2.1302 
3.0465 4.2687 4.2237 3.8331 3.3038 3.4420 3.5463 3.0860 2.8768 3.1281 3.0092 2.5325 2.8075 2.7220 2.5685 2.4142 2.4024 2.3742 2.4696 2.5782 2.6402 2.3107 2.7007 2.7704 2.4586 2.5988 2.9973 2.7827 2.4999 2.9306 3.1119 2.8360 0.5224 
3.3509 3.6267 4.0774 3.4791 2.7431 2.4853 3.4385 3.0013 2.5690 2.9819 2.2795 2.3645 2.2757 2.5128 1.9696 1.8360 1.9125 1.7872 1.8362 2.3844 2.0822 2.1124 2.0003 2.6186 2.1420 2.4770 2.8636 1.8327 2.0118 2.5772 2.9962 2.1307 1.6299 
3.8165 3.6611 3.7522 2.9907 2.8860 2.8740 3.1822 2.8422 2.5207 2.9995 1.2900 2.3576 2.2827 2.5139 1.6659 1.8399 1.6641 1.7998 1.5546 2.3837 2.0789 2.0965 1.0115 2.6371 2.1051 2.3639 2.6334 2.2199 2.1240 2.0731 2.6639 2.2216 1.7963 
4.2234 4.0817 3.9468 3.6954 3.5237 3.2907 3.6068 3.2047 3.1049 2.9182 2.7971 2.6931 2.4712 2.6642 2.5257 2.3818 2.3567 2.3451 2.4348 2.4898 2.2953 2.4346 2.4883 2.5507 2.6932 2.7176 3.0334 2.6282 2.7539 2.7681 2.8215 2.6680 2.1658 
3.9031 3.8893 3.9957 3.3863 3.3770 3.4302 3.0721 3.0449 3.0209 2.9561 2.7420 2.7597 2.7496 2.6049 2.7143 2.7076 2.6251 2.6720 2.6297 2.4500 2.5578 2.5075 2.4381 2.5923 2.5942 2.5454 2.4924 2.7668 2.6090 2.4508 2.8725 2.4582 1.8640 
3.0284 3.9634 3.5541 3.2120 2.9621 2.9484 3.1119 2.8915 2.7822 2.6486 2.7106 2.6628 2.7099 2.5576 2.4745 2.4685 2.4120 2.4229 2.3900 2.4146 2.5023 2.3982 2.4050 2.2829 2.3694 2.3985 2.5417 2.2841 2.1630 2.3184 2.4393 2.5266 1.1664 
3.8597 3.5970 3.1362 2.4084 2.4876 2.4688 3.0048 2.4368 2.3606 2.4973 2.3797 2.0623 1.5854 2.0243 1.9196 1.9034 1.9337 1.8479 1.8126 1.8627 1.3967 1.8086 2.0729 2.1423 1.9326 1.9590 2.4162 1.8134 1.7262 1.4815 2.0385 2.1613 1.8302 
3.8164 3.5169 2.4401 3.1042 2.7929 2.7783 2.7020 2.4991 2.3350 2.1445 2.0408 2.0400 2.0835 2.0055 2.0667 2.0347 1.9940 2.0000 1.9919 1.8333 1.8909 1.7851 1.7351 1.7885 1.8921 2.0260 2.1179 2.1187 2.0322 2.1934 1.2883 2.0859 1.7902 
3.3540 3.2285 2.9913 2.8101 2.5996 2.6294 2.4689 2.3638 2.2697 2.1429 2.0411 2.1934 1.8610 1.9065 2.0490 1.8078 1.7687 1.7609 1.9626 1.7611 1.6871 1.9688 1.7381 1.7869 1.8324 1.8537 1.8980 1.9714 1.8131 1.9092 1.8657 1.7971 1.3287 
3.2668 3.0237 2.4780 2.0053 2.3711 2.2256 2.1790 2.1747 1.9204 2.1992 2.0103 1.3120 1.7947 1.8963 1.8021 1.6444 1.7057 1.5838 1.7155 1.7533 1.6160 1.0537 1.7010 1.8378 1.4844 1.7011 1.6275 1.5638 1.6015 1.0714 1.3785 1.5754 1.1913 
2.6895 2.7270 2.4355 2.2056 2.3166 2.2405 2.3555 0.8837 1.7173 1.0101 1.4666 1.7568 1.7143 1.1699 1.2662 0.8995 -0.3038 0.8334 1.1547 1.0396 1.5036 1.5061 1.1583 0.6708 1.3080 0.4391 1.7686 1.5816 1.5175 1.3176 1.3586 1.3096 0.6804 
3.1276 2.8316 2.5320 2.2787 1.9194 2.3767 2.0744 2.0113 1.7040 1.9582 1.7535 1.6065 1.7147 1.2060 1.6218 1.3923 1.2707 1.3548 1.5068 1.0739 1.5063 1.3643 1.4520 1.5931 1.2817 1.4928 1.4931 1.7142 1.1345 1.3733 1.4217 1.4044 1.0740 
2.4522 2.6719 2.1634 2.3400 2.0263 1.8847 1.8097 1.7609 0.4811 1.5744 1.7048 1.5932 1.4029 1.6948 1.4299 1.4832 1.0657 1.4437 1.3514 1.5360 1.2016 1.3570 1.3994 1.2133 0.0195 1.2776 1.2558 1.2205 1.2290 1.4132 1.0757 1.2345 0.4432 
2.9089 2.7192 2.4569 1.8294 1.9466 1.9144 1.5639 1.8236 1.4759 1.5175 1.6892 1.8037 1.8214 1.7232 1.3062 1.1118 1.5905 1.0689 1.1889 1.5783 1.6585 1.5616 1.3809 1.1552 1.0605 1.3540 1.0146 1.2476 1.1510 0.9395 1.3581 1.2894 0.8172 
1.5405 2.1049 2.0349 1.9984 1.6691 1.9111 1.3705 1.5973 1.5497 1.2002 1.0904 1.3387 1.4168 1.1432 1.0352 0.9181 -2.0494 0.8592 0.9338 1.0182 1.2201 1.0752 0.7967 0.8381 1.1250 1.0996 0.7877 1.2502 0.8761 1.0669 0.9335 0.7051 -0.6032 
2.6636 2.3736 2.0647 1.9787 1.8014 1.8896 1.7010 1.8096 1.7492 1.4612 1.5797 1.5819 1.1854 1.3868 1.1905 0.9547 1.2462 0.9000 1.0995 1.2388 1.0171 1.3487 1.2903 1.1016 1.3451 1.3425 1.1209 1.2275 1.0452 1.0525 0.9751 0.9300 0.5714 
1.3704 2.3852 1.8838 1.9849 1.4760 1.4261 1.8391 1.0794 1.3336 1.4457 1.1160 1.0519 0.8535 1.1724 1.1660 1.1634 0.9586 1.1222 1.0827 1.0474 0.6802 0.7957 0.8148 1.0878 0.8903 0.5699 1.2878 0.7752 0.7034 1.0610 0.7681 0.9854 -0.8265 
1.8783 2.2963 2.0529 1.9183 0.7293 1.3765 1.6092 1.3407 1.1303 1.3850 0.4831 0.4507 1.3319 1.3366 1.0628 1.1638 0.6577 1.1232 0.9863 1.1605 1.1170 0.1957 0.1848 1.0319 0.7180 0.8175 1.0390 0.7111 -0.0122 1.0150 0.9485 0.8540 -0.2685 
0.7874 1.8690 1.2835 0.7622 1.3011 0.9742 0.7362 1.0029 1.1775 0.7417 0.8602 0.8706 0.9729 1.3104 0.8686 0.4829 0.1696 0.4360 0.7817 1.1457 0.7604 0.6515 0.5652 0.3879 0.7643 0.4837 0.1476 0.3216 0.4972 -0.1492 0.1552 0.4564 -0.9853 
2.4733 1.9787 1.4851 1.3751 1.0797 1.3727 1.1044 0.7972 0.9503 1.0511 0.8008 1.0211 0.9078 1.0077 1.1586 0.1795 0.5936 0.1404 1.0749 0.8342 0.7194 0.7620 0.4918 0.6977 0.5125 0.3238 0.5258 0.7127 0.3312 0.4445 0.3969 0.5308 0.4298 
2.4998 2.3937 2.0032 2.0190 1.9499 2.0094 1.6117 1.6657 1.5200 1.5528 0.9621 1.3980 1.3896 1.3153 0.6028 1.3991 1.5204 1.3619 0.4945 1.1468 1.1837 1.1458 0.6668 1.1887 1.1029 1.1456 1.0371 1.3461 1.1586 1.0929 0.8757 0.9724 0.4433 
1.4620 1.4020 1.0584 1.5199 1.2555 0.5841 1.2255 -0.1402 0.7553 0.9752 0.8153 0.4294 0.9973 0.6505 0.7228 0.4868 0.2576 0.4475 0.6365 0.4855 0.7779 0.1700 0.5142 0.6041 0.3520 -0.5678 0.6763 -0.1165 0.4858 0.6274 -0.0991 0.0385 -0.6995 
2.4076 2.1829 1.6969 1.7941 1.6776 1.3526 1.2181 1.3133 1.3687 0.6775 1.1871 1.2579 1.3556 1.1192 0.7309 0.4741 1.4161 0.4357 0.6581 1.0014 1.1443 1.0223 0.8892 0.3173 0.9434 0.8000 0.6718 0.6879 0.8812 0.8777 0.5844 0.7441 0.3352 
1.7131 0.9405 1.4157 0.2628 1.4025 1.0757 1.5433 0.6992 1.1582 1.2849 1.1479 1.2635 1.3696 0.7849 1.2624 1.0328 -0.9581 0.9909 1.1509 0.6641 1.1547 1.0285 0.8449 0.9228 0.7501 0.1956 0.9969 0.4236 0.6480 -0.6276 0.3122 -0.5520 -0.4438 
2.0045 1.7688 1.4752 1.2258 1.2677 1.0032 0.9308 0.7008 1.1459 1.3394 1.0353 1.0066 1.1596 1.1725 0.9028 1.0736 1.1242 1.0366 0.8034 1.0455 1.0000 0.7437 0.7276 0.9775 0.7338 0.1966 0.3637 0.3411 0.4828 0.3339 0.3814 0.3532 -0.0563 
1.8086 1.6551 1.2484 1.4392 1.7231 1.4754 1.7470 1.3814 1.5035 1.4336 1.1497 1.1910 1.6545 1.4888 0.9175 0.8597 1.0721 0.8143 0.8139 1.3655 1.4405 0.9693 0.8494 1.0762 1.0915 0.8727 1.1670 0.8132 0.9590 0.5332 0.1318 0.1947 -0.2523 
2.3007 2.2196 1.5541 1.3694 1.4810 1.5056 1.6825 1.2265 1.4812 1.2690 1.6660 1.4082 1.3210 1.2011 0.7992 0.7215 0.0401 0.6858 0.7148 1.0646 1.1079 1.1501 1.3574 0.9046 1.0694 0.7398 1.0942 0.8502 0.7242 0.4500 0.4296 0.7905 0.2403 
2.2175 2.1656 2.0598 1.7505 1.4176 1.4698 1.4456 0.7037 1.0419 1.3441 1.1570 1.6199 1.2039 1.0619 1.0863 1.0387 1.3157 1.0044 1.0114 0.9159 1.0273 1.3726 0.8618 0.9880 0.6190 0.1926 0.8738 0.8044 0.6706 0.8225 0.9603 0.7436 0.1120 
2.5228 1.8188 1.6737 1.8616 1.6361 1.3817 1.2015 1.3615 1.5064 1.3250 0.8575 0.8454 0.7039 0.7318 1.0352 1.2117 1.2387 1.1594 0.9395 0.5948 0.4920 0.6186 0.5595 0.9570 1.0934 0.8512 0.6541 0.7193 0.8378 0.9704 0.5442 0.3590 0.4617 
0.8580 1.9624 1.4762 1.5349 1.4953 1.5016 1.3487 0.8011 1.3555 0.4869 1.1833 1.2710 1.0403 1.1544 1.1305 0.5950 1.0801 0.5301 1.0463 1.0330 0.8302 1.0311 0.8899 0.1364 0.9218 0.3169 0.7594 0.8335 0.7384 0.6420 0.3982 0.5310 -0.8686 
1.9131 1.5515 1.3959 1.0248 1.3659 0.9534 1.3503 0.3659 1.4157 -0.8399 0.4902 0.9403 0.4859 0.8990 0.4132 0.6479 1.0075 0.5862 0.3397 0.7567 0.2995 0.7013 0.1815 -1.2288 1.0112 -0.1621 0.7641 0.2907 0.5899 0.0792 0.3208 0.1076 -0.1064 
1.2313 2.1132 1.7699 1.8081 1.6702 0.8118 1.4649 1.4631 0.7332 1.4057 1.2765 0.3250 1.2491 0.7223 0.9166 1.0400 0.8168 1.0054 0.8145 0.5820 1.0573 0.0538 0.9851 1.0525 0.3090 0.9986 0.8922 0.1525 0.8691 0.9005 0.6814 0.7047 -1.3854 
2.2483 2.0822 1.6771 1.6774 1.7210 1.5110 1.3308 1.3071 1.1691 1.0923 1.4325 1.4381 0.3720 0.7280 1.1187 1.5945 1.3343 1.5376 1.0380 0.5837 0.1716 1.1859 1.1333 0.7363 0.7589 0.7982 0.7347 0.8509 0.9536 0.7495 0.5567 0.6643 0.1630 
0.0335 1.4732 1.4411 1.3252 1.0741 1.2357 0.8710 1.0516 0.3676 0.8937 0.9882 1.2841 1.0597 1.2542 1.1835 1.0430 1.2865 1.0087 1.0949 1.1068 0.8535 1.0383 0.6868 0.5317 -0.0567 0.5501 0.3221 0.5728 0.3204 0.3949 0.3535 0.0658 -2.4273 
2.4078 2.0940 1.9876 1.0864 1.5546 1.2064 1.7294 1.0510 1.2517 1.3903 1.3278 0.9528 1.0690 1.3483 1.0118 0.8429 1.1818 0.8017 0.8955 1.1813 0.8677 0.7059 1.0213 1.0368 0.8195 0.5370 1.1481 0.5593 0.7802 0.1853 0.8526 0.6742 0.3620 
1.6163 1.4178 1.4579 0.7417 1.3401 1.5033 1.2031 0.1499 1.3018 0.6876 1.0605 0.7289 1.3552 0.8081 1.1536 1.1894 0.9316 1.1440 1.0741 0.6792 1.1441 0.4841 0.7545 0.3425 0.8603 -0.3973 0.6682 0.8413 0.5437 -0.1787 0.3709 0.0293 -0.4517 
1.8030 1.6190 1.5296 0.7534 1.3358 1.4834 1.2117 1.1050 0.9715 1.2003 0.9403 1.4755 1.1821 1.4808 1.2559 0.6538 1.2722 0.5909 1.1489 1.3585 1.0144 1.2351 0.6509 0.8397 0.5233 0.6300 0.6617 0.8205 0.5356 -0.1205 0.4395 0.1883 -0.2272 
