2.2256 2.0851 1.9122 1.6779 1.0267 1.3696 1.5658 1.6890 1.3973 1.4866 1.5035 1.2652 1.4826 1.5695 1.3974 1.0849 1.2532 1.0408 1.3150 1.4167 1.3122 1.0037 1.1893 1.1141 0.9694 1.1351 0.9779 0.6655 0.1929 0.6846 0.7322 0.5638 0.0470 
2.8498 2.0839 1.7950 1.3220 1.3492 0.6599 1.3755 1.3292 1.4764 1.1804 1.2113 1.4586 1.4482 1.4625 1.1743 1.3477 1.2813 1.3022 1.0785 1.3310 1.2531 1.1949 0.9018 0.7893 1.0369 0.7698 0.7595 -0.0634 0.5138 0.3250 0.6293 0.4882 0.6535 
2.1035 1.9482 1.5388 1.4740 1.6805 1.7775 1.7856 1.2500 1.1093 1.3708 1.5627 1.0033 0.9924 1.1069 1.0195 1.2081 1.1656 1.1499 0.9259 0.9771 0.7675 0.7235 1.2514 0.9953 0.6676 0.7220 1.1690 1.0722 0.8317 0.4928 0.3698 0.3975 -0.1365 
1.0064 1.4110 1.6971 1.5224 1.0422 1.4895 1.7081 1.5486 1.5745 1.3834 1.1175 0.7576 1.2196 1.6428 1.6139 1.4130 1.0145 1.3691 1.4932 1.4718 1.0206 0.4993 0.7893 1.0056 1.1188 1.0309 1.0843 0.7863 0.2218 0.5602 0.4993 -0.0684 -1.4775 
1.3301 1.7269 1.8106 1.7946 1.7248 1.5924 1.6815 1.3388 1.2563 0.9897 0.5398 0.3716 0.6314 0.6190 0.4305 0.8973 0.9837 0.8356 0.3405 0.4366 0.4018 0.1179 0.2407 0.6127 0.7827 0.7807 1.0499 0.8840 0.9015 0.8197 0.6522 0.2387 -0.8108 
2.0562 1.2897 0.7635 1.1208 0.6160 1.1085 1.3522 1.0396 0.3973 0.8905 0.8878 -0.0288 0.8058 0.2991 0.6265 0.4168 0.5220 0.3736 0.5099 0.1423 0.6260 -0.2925 0.5800 0.5024 -0.0388 0.5119 0.7313 0.4101 -0.2612 0.1300 -0.4907 -0.2782 -0.2286 
1.3458 1.5347 1.1984 0.4525 1.6715 1.6110 1.4742 1.2854 0.9344 1.4490 1.4739 1.3406 0.8802 1.0144 1.0309 1.1430 0.9932 1.0995 0.9434 0.8511 0.6732 1.0595 1.1500 1.0706 0.4740 0.7407 0.8754 0.9016 0.8170 -0.4290 0.0036 0.0159 -0.9748 
2.4625 1.7760 1.2766 1.4106 1.3099 1.3635 1.2177 1.2216 1.2731 0.8114 1.1616 0.9821 0.8060 0.7949 0.8382 1.3343 1.1361 1.2771 0.7463 0.6554 0.6308 0.6981 0.8465 0.4177 0.7984 0.6946 0.6271 0.6597 0.4484 0.4234 0.1006 0.2885 0.2758 
2.5383 1.8791 1.3239 1.6828 1.6297 1.6674 1.8185 1.3109 1.1008 1.1238 0.1933 1.1568 1.1272 0.8788 1.1181 1.0548 1.2133 1.0133 1.0265 0.7201 0.9538 0.9155 -0.1156 0.7473 0.6606 0.7605 1.2110 0.9639 0.7861 0.6917 0.0989 0.3154 0.3311 
2.7577 2.3382 1.8851 1.8033 1.6054 1.3835 1.4099 0.9312 1.3295 1.2012 0.9985 1.0256 0.6390 0.9765 0.8007 1.2921 1.1234 1.2259 0.7103 0.7934 0.4102 0.7570 0.6718 0.8136 0.8583 0.3935 0.7902 0.6743 0.7660 0.8248 0.7081 0.7676 0.5420 
2.2688 2.0340 1.6078 1.0006 1.3252 1.5336 1.6978 1.2407 1.0877 1.5705 1.6714 1.4055 1.2854 1.0766 1.2982 1.1175 -0.0119 1.0659 1.1725 0.9490 1.0606 1.1328 1.3431 1.1858 0.6521 0.7090 1.0712 0.8286 0.4721 0.0109 0.4101 0.4761 0.0786 
2.0922 1.6699 1.6115 1.4718 1.6311 1.4648 1.4517 1.1134 0.9730 1.1300 0.7045 1.0576 1.3148 1.2120 1.5128 1.5014 1.6268 1.4588 1.4204 1.0618 1.0866 0.7862 0.3939 0.7591 0.4899 0.6197 0.8394 0.7634 0.7835 0.5097 0.4161 0.0940 -0.0943 
1.6710 1.0498 0.8282 0.9745 1.1678 0.9350 0.9748 0.7042 0.7675 0.0166 0.1767 -0.6196 0.6809 0.3900 0.5650 1.0331 0.8291 0.9940 0.4423 0.2637 0.4670 -0.8221 -0.1243 -0.3718 0.3285 0.1885 0.3447 0.2257 0.3501 -0.0138 -0.3596 -0.4953 -0.6034 
2.3920 1.1820 1.2751 1.3631 1.1820 1.0233 1.4215 1.5190 1.4750 0.3145 1.3225 1.4190 1.2959 1.4875 1.3689 0.9598 0.9491 0.8870 1.2724 1.3571 1.0724 1.1471 0.9933 -0.0781 1.0318 1.0103 0.8082 0.3303 0.3645 0.3902 0.1020 -0.5939 0.1232 
1.0085 1.8364 1.3746 1.0345 1.7395 1.2731 1.0687 1.6837 1.0868 1.4620 1.1782 1.4263 0.9897 1.1098 1.1007 1.3982 0.9594 1.3568 1.0133 0.9780 0.7643 1.1587 0.8594 1.0817 0.6452 1.1273 0.4522 0.5678 0.9252 0.0430 0.2139 0.3239 -2.3455 
2.0847 1.3038 1.6767 1.3266 1.5174 1.1937 1.3777 1.5522 1.0575 1.5457 1.3254 1.3235 0.7531 1.1524 1.2059 1.1429 0.8969 1.0998 1.1039 1.0168 0.5606 1.0403 0.9950 1.1590 0.6277 1.0329 0.7633 0.4754 0.7030 0.3186 0.4675 -0.3402 -0.1121 
2.0435 1.5197 1.8065 1.6848 1.5564 1.3888 1.0125 1.5558 1.2267 1.0598 1.3090 1.3371 0.9047 1.7076 1.7368 1.3928 1.2991 1.3513 1.6478 1.5391 0.6965 1.0569 0.9849 0.6821 0.7665 1.0360 0.4008 0.6787 0.7314 0.6890 0.6435 -0.0318 -0.2136 
2.5716 1.9704 1.8293 1.7351 1.4562 1.3926 1.0268 -0.2586 1.4337 1.7663 1.7172 1.4790 0.6984 1.0367 0.9689 0.4549 0.8551 0.4102 0.8411 0.8863 0.4866 1.2281 1.3907 1.3884 0.9987 -0.7919 0.4086 0.6858 0.6403 0.7512 0.6655 0.3880 0.3818 
2.5038 1.5353 1.5469 1.5424 1.2477 1.1229 1.6187 0.9726 1.0396 1.4456 1.0670 1.1828 0.5532 1.1253 1.3472 1.1701 1.3023 1.1225 1.2360 0.9978 0.3378 0.9429 0.7421 1.0632 0.6111 0.4110 1.0066 0.4164 0.4000 0.5836 0.3545 0.0389 0.3070 
3.0004 2.6188 2.4464 2.0290 1.8809 1.7606 2.2030 2.1812 2.0551 1.7442 1.8128 1.3861 0.9970 1.3542 1.5626 1.5479 1.3883 1.4913 1.4602 1.1880 0.7671 1.1181 1.4848 1.3666 1.5960 1.6809 1.6160 1.0481 1.0607 1.0340 1.2654 1.0746 0.7663 
2.5015 1.3390 1.0939 1.1924 1.5187 0.4371 1.6384 1.6511 1.0688 1.3727 1.3632 1.3279 1.0056 1.0241 1.1553 -0.2268 0.9849 -0.2665 1.0595 0.8640 0.7734 1.0429 1.0383 0.9984 0.6398 1.1087 1.0191 -0.2695 0.7021 0.2225 -0.1241 -0.0272 0.2744 
2.8337 2.5791 2.1131 1.7719 1.5958 1.7035 1.7574 0.5473 1.1936 1.0580 1.3293 1.3283 1.4831 1.6655 0.4956 1.1611 0.7203 1.1154 0.4074 1.4798 1.3121 1.0459 1.0018 0.6805 0.7446 0.0035 1.1349 0.9975 0.7631 0.7876 0.9380 1.0495 0.6301 
2.2410 1.7517 1.0365 1.1324 0.9018 1.0797 1.0715 0.5932 0.8169 0.0263 1.0216 0.2617 0.2444 1.3041 1.0671 0.6845 1.1560 0.6373 0.9846 1.1237 0.0179 -0.0176 0.6952 -0.3160 0.3687 0.0368 0.4595 0.3776 0.0723 0.1891 -0.2145 0.3023 0.0126 
1.8238 1.2136 1.0848 1.1682 1.1105 1.2491 1.3164 1.3814 1.3803 1.2615 0.9365 1.4576 1.0502 1.0213 1.2862 1.0250 1.0250 0.9851 1.1619 0.8641 0.8384 1.1958 0.6226 0.8697 0.9418 0.8534 0.6854 0.5465 0.3001 0.2070 -0.0756 -0.2986 -0.3682 
0.7543 1.3282 1.5966 0.8643 0.8067 0.9497 1.3660 1.4841 0.9978 1.0307 1.3606 0.8446 0.3752 -0.0212 1.1740 1.1764 0.8634 1.1240 1.0777 -0.1517 0.1653 0.6070 1.0344 0.6544 0.5393 0.9865 0.7482 0.2323 -0.0112 -0.0934 0.4090 -0.1921 -1.3492 
1.4058 1.7037 1.2449 1.1210 1.4694 0.1425 0.7903 0.4868 0.5383 0.9447 0.6553 0.9976 0.7969 0.6226 0.5617 0.9483 -0.6660 0.8811 0.4395 0.4422 0.6208 0.7219 0.3348 0.5554 0.0635 -0.0388 0.2130 -0.5182 0.6554 0.1325 0.0619 0.1605 -0.8932 
2.4165 2.1764 1.4920 1.2343 1.1216 1.3378 1.5848 1.0180 1.4280 1.6060 1.3405 1.4589 1.2261 1.5968 1.0920 0.6977 0.6728 0.6557 1.0018 1.4363 1.0276 1.1950 1.0137 1.2153 0.9959 0.4737 0.9880 0.6352 0.3169 0.2666 0.3222 0.6534 0.2271 
2.2549 2.1094 1.8672 1.6775 1.3631 1.3824 1.3518 1.4635 1.2044 1.0040 1.0495 1.3377 1.1951 0.7932 0.5095 1.0122 0.9808 0.9749 0.4092 0.6561 1.0028 1.0591 0.7269 0.6297 0.7510 0.9652 0.7291 0.6752 0.5332 0.6820 0.6923 0.5972 0.0330 
2.5742 1.6507 1.7248 1.7903 1.5759 1.5162 1.3420 0.8891 1.3795 1.5755 1.5463 1.1026 1.0169 0.9762 0.3407 0.8730 0.9365 0.8124 0.2590 0.7920 0.7949 0.8377 1.2335 1.1876 0.9423 0.3605 0.7159 0.8087 0.7459 0.8066 0.5315 -0.0161 0.3569 
2.0463 1.7560 0.2043 1.5914 1.5809 1.5039 1.3245 1.4366 1.4673 0.9920 1.4575 1.5097 0.3137 1.2618 1.4220 1.2792 1.1193 1.2157 1.3388 1.0995 0.0738 1.2667 1.1321 0.6089 1.0245 0.9321 0.6927 0.8024 0.7537 0.6375 -0.7522 0.2522 -0.0990 
1.9046 1.6674 1.0608 1.1229 0.7703 1.3554 0.5115 0.3115 1.2434 0.7947 0.8315 1.1780 1.3045 0.9418 1.0520 0.7319 0.9079 0.6816 0.9741 0.7651 1.0783 0.9368 0.5221 0.4120 0.7767 -0.2435 -0.0722 0.6477 -0.0287 0.1679 -0.1276 0.1722 -0.3186 
2.5055 1.8628 1.3182 1.3902 1.3746 0.7725 1.6183 1.4871 1.4735 1.4340 1.2334 1.3652 1.0378 1.1774 0.9855 0.9711 0.7376 0.9068 0.8751 1.0344 0.8258 1.0930 0.9211 1.0506 1.0326 0.9892 1.0099 0.0594 0.5568 0.4102 0.0957 0.3153 0.3102 
2.0385 1.9439 1.7667 1.2568 1.3684 1.5694 0.7717 1.5847 1.4425 1.3202 1.1717 1.5950 1.3568 1.2908 0.8397 0.7967 1.3625 0.7573 0.7381 1.1177 1.1282 1.3436 0.8647 0.9256 1.0044 1.0579 0.1600 0.8625 0.5491 0.2823 0.6033 0.4099 -0.1873 
1.1253 1.7334 0.7652 1.2899 1.1211 1.0357 0.9297 0.6707 0.0124 0.2159 0.1562 0.8669 0.7642 0.6574 1.1832 0.9694 0.5281 0.9031 1.0856 0.4982 0.5796 0.6230 -0.1591 -0.1720 -0.4274 0.1394 0.3094 0.3338 0.3117 0.3073 -0.3932 0.2177 -1.2833 
1.6437 1.0202 1.4850 1.3391 1.1204 0.2677 1.5637 1.4757 1.3653 1.5657 1.4644 1.3487 1.2261 1.2694 1.2345 1.0024 0.5884 0.9590 1.1217 1.1049 1.0227 1.0747 1.1361 1.1774 0.9183 0.9767 0.9779 -0.4158 0.3085 0.3530 0.3228 -0.5765 -0.6403 
2.3245 1.8261 1.3485 1.1719 0.7060 1.0581 1.2296 0.8617 0.8499 1.2063 0.7959 1.6331 1.5639 1.4175 0.2883 0.3921 0.9145 0.3449 0.1688 1.2782 1.3662 1.3675 0.4826 0.8161 0.4048 0.3360 0.6318 0.3559 -0.0917 0.2292 0.1528 0.2934 0.1017 
1.7403 1.0183 1.5734 1.5704 1.5960 1.7109 1.6063 1.4772 1.3225 1.5477 1.3078 1.2920 1.1168 1.0297 1.4008 1.4468 1.1624 1.3996 1.3231 0.8771 0.9241 1.0212 0.9830 1.1603 0.8495 0.9785 0.9995 1.0047 0.7607 0.6167 0.3972 -0.6444 -0.5081 
1.4128 1.5016 1.3370 -0.3049 0.0548 0.9823 0.7647 1.3208 0.6531 1.2618 1.0713 1.3592 1.3809 1.5065 1.0275 0.6035 -1.3351 0.5408 0.9362 1.3693 1.1649 1.0838 0.7499 0.8737 0.2068 0.7657 0.1774 0.2784 -0.7232 -1.4637 0.1360 -0.0072 -0.7370 
2.5515 2.2083 1.9655 1.6527 1.4561 1.5130 1.4430 1.1856 1.4307 1.1579 0.7116 1.1737 1.1531 0.6600 0.9935 1.1472 0.0954 1.1030 0.8859 0.4954 0.9756 0.9369 0.3838 0.7712 0.9975 0.6672 0.8271 0.8098 0.6470 0.6603 0.7704 0.6790 0.3657 
2.1186 2.2262 1.8677 2.0997 1.7159 1.5726 2.2030 1.8544 2.5516 2.2290 1.8635 1.7950 0.7940 1.0317 1.1891 1.6287 1.3749 1.5655 1.0928 0.8808 0.6143 1.5276 1.5528 1.8402 2.1134 1.3595 1.6111 0.8781 0.8953 1.1176 0.7197 0.7277 -0.0471 
2.1883 1.7534 1.3167 1.1978 -1.5925 1.5001 1.5441 1.4804 1.5158 1.4444 0.7091 0.7638 0.6463 1.3584 1.1651 0.3817 0.0011 0.3418 1.0678 1.1930 0.4247 0.5094 0.3848 1.0615 1.0735 0.9848 0.9603 0.7947 -1.4783 0.2593 0.0984 0.2009 -0.0238 
2.7809 2.5235 2.0922 1.6384 1.2941 1.3603 1.1164 1.4031 2.1296 1.3365 1.2795 1.4761 1.4808 1.0686 0.8515 0.3989 1.0133 0.3567 0.7470 0.9316 1.3041 1.2223 0.9711 0.9556 1.6965 0.8931 0.5285 0.6476 0.4350 0.6706 0.9125 1.0009 0.5582 
1.4770 1.8838 1.6832 1.6999 1.1727 1.3864 1.4765 1.0146 1.0506 1.3639 1.3829 1.2819 1.0355 1.4789 1.0824 0.0486 0.6886 -0.0025 0.9929 1.3497 0.8116 1.0148 1.0582 0.9917 0.6194 0.4763 0.8744 0.6803 0.3470 0.7096 0.4940 0.3930 -0.7807 
1.9293 1.0361 0.6422 1.2564 0.9835 1.5698 1.2351 1.3980 1.2066 1.0586 0.9091 1.2562 1.5244 1.2863 1.0992 1.4747 0.5951 1.4279 1.0130 1.1170 1.3424 0.9985 0.5962 0.6779 0.7557 0.8749 0.6352 0.8614 0.1579 0.2823 -0.5686 -0.6064 -0.3242 
2.4818 2.2332 1.7632 1.1191 1.6814 0.7091 1.4940 1.3784 0.6487 1.1660 0.7679 1.3930 -0.0352 1.1931 0.2622 1.0852 0.1331 1.0393 0.1249 1.0459 -0.2347 1.1220 0.4473 0.7802 0.1964 0.8430 0.9047 0.0313 0.8310 0.1561 0.5923 0.7053 0.2919 
2.2408 2.0014 1.7393 1.7391 1.1912 1.8301 1.8202 1.5022 1.4371 1.3542 1.2268 0.9073 0.9085 1.1637 0.5435 1.0040 0.9613 0.9689 0.4241 1.0257 0.6971 0.6434 0.9118 0.9808 0.9997 0.9977 1.2109 1.1236 0.3798 0.7563 0.5736 0.4427 0.0573 
1.5420 1.0210 1.7704 1.5042 1.6178 1.6493 1.5632 1.7506 1.7499 1.8089 1.5967 0.9711 1.0279 1.3041 1.3904 1.0551 1.1773 1.0087 1.3071 1.1251 0.8105 0.6829 1.2853 1.4285 1.3214 1.2261 0.9752 0.9379 0.7719 0.5437 0.6148 -0.4002 -0.7141 
2.6239 3.1090 2.6548 2.4287 2.3401 2.2369 2.2131 1.9064 2.0068 2.0566 1.9090 1.8581 1.9649 1.8088 1.7779 1.7254 1.7056 1.6869 1.6944 1.6807 1.7522 1.6159 1.5970 1.6820 1.5355 1.3837 1.6261 1.5301 1.4935 1.4443 1.4644 1.5773 0.3631 
3.8431 3.9085 3.6772 3.4385 3.1924 3.1185 2.9786 2.9380 2.8235 2.6541 2.6992 2.6744 2.5442 2.5362 2.5196 2.4975 2.4601 2.4523 2.4295 2.4044 2.3699 2.4160 2.3874 2.2651 2.3923 2.4287 2.3909 2.4110 2.3894 2.4443 2.4926 2.4075 1.7254 
3.9288 4.0406 3.0852 2.4796 2.1940 2.1887 2.0609 2.0141 2.2833 1.7720 1.8064 1.5600 1.4456 1.4059 1.4622 1.1698 1.3916 1.1113 1.3604 1.2722 1.2516 1.3239 1.4699 1.3822 1.8205 1.4731 1.4249 1.4767 1.3618 1.4583 1.8172 2.5177 1.8196 
3.1385 3.8804 3.2277 2.7712 2.5289 2.2880 2.4291 2.0241 2.5285 2.2230 1.8702 1.8057 2.0314 2.0064 1.9462 1.7626 1.7721 1.7207 1.8324 1.8293 1.7988 1.5397 1.5562 1.8364 2.0852 1.4716 1.8080 1.5801 1.7160 1.7812 2.0427 2.3796 1.2986 
4.0733 3.9273 3.4435 2.8856 2.7516 2.4404 2.1668 2.7374 2.5816 2.2913 2.3244 2.3089 2.1595 2.0486 2.0763 1.8952 1.8509 1.8392 1.9803 1.8737 1.9671 2.0562 2.0164 1.9057 2.1382 2.1821 1.5472 1.7352 1.9081 1.9128 2.2134 2.4042 1.7770 
3.5794 3.8223 3.5136 3.1167 2.8839 2.7459 2.6620 1.9913 2.5164 1.7416 2.1450 2.1100 2.0537 1.8871 1.8104 1.7559 1.7725 1.7119 1.7204 1.7464 1.8253 1.8408 1.8225 1.3474 2.0752 1.4523 2.0581 2.0385 2.0725 2.1328 2.3437 2.2868 1.4288 
3.0873 4.1306 3.3979 2.9230 2.6506 2.4977 2.4460 2.1553 1.4455 2.1892 2.1277 2.0708 2.0707 1.7780 1.9613 2.0137 1.4214 1.9489 1.8422 1.6420 1.8439 1.7963 1.8041 1.8122 1.0152 1.6638 1.8311 1.7969 1.8257 1.9723 2.1797 2.5803 0.4327 
3.2640 4.0892 3.3834 2.8037 2.4475 2.2582 2.3711 2.4934 2.4496 2.3945 1.5936 1.9991 1.9806 1.4764 1.3950 1.1832 0.6345 1.1259 1.3138 1.3402 1.7628 1.7280 1.2929 2.0099 2.0206 1.9845 1.7412 1.5589 1.6445 1.8314 2.1819 2.5521 1.1077 
2.0730 3.9324 3.2167 2.7909 2.4025 2.0676 2.0518 1.7567 2.2352 0.8393 1.3470 -0.1660 1.4231 1.1650 1.1096 -0.0745 0.9640 -0.2248 1.0210 1.0280 1.2250 -0.3180 1.0242 0.4720 1.7936 1.2418 1.4264 1.3700 1.5798 1.8263 2.0543 2.4272 0.8925 
3.3471 3.9764 2.7192 3.0514 2.7593 2.5393 2.4818 2.4290 1.9700 2.3493 2.1963 2.1115 2.1160 2.1219 2.1241 1.9544 1.7688 1.8917 2.0420 1.9816 1.9074 1.8369 1.8800 1.9574 1.5098 1.8870 1.8634 1.8303 1.9119 2.0808 1.6595 2.4696 1.3519 
3.7456 4.1575 2.5607 2.9202 2.5218 2.3860 2.4042 2.1084 2.6222 2.1851 2.1552 2.0853 2.0663 2.0563 1.8385 1.8167 1.9104 1.7703 1.7477 1.8826 1.8405 1.8124 1.8296 1.8037 2.1728 1.5965 1.7758 1.6819 1.7065 1.9715 1.5682 2.6119 1.7109 
3.7481 4.0166 3.3072 2.9762 2.9753 2.9243 2.8064 2.7735 2.5560 2.6580 2.6375 2.5669 2.4684 2.5053 2.4570 2.3937 2.4234 2.3366 2.3760 2.3780 2.2601 2.3246 2.3276 2.2710 2.1238 2.2313 2.1872 2.2242 2.1616 2.0459 2.1822 2.4917 1.7569 
4.0230 3.5276 3.8293 3.5895 3.5113 3.3969 3.2961 3.1868 3.2873 3.1260 3.0565 3.0102 2.9642 2.9023 2.8760 2.8628 2.8504 2.8168 2.7854 2.7721 2.7728 2.7596 2.7432 2.7509 2.8443 2.6720 2.7131 2.6932 2.7009 2.6279 2.6544 1.9834 1.9202 
4.3242 3.8433 4.0659 3.8748 3.6517 3.5250 3.4489 3.2993 3.3716 3.2130 3.1560 3.1226 3.0129 3.0196 3.0002 2.9572 2.9088 2.9004 2.8910 2.8580 2.8050 2.8470 2.8315 2.8325 2.9046 2.7884 2.8187 2.8186 2.8344 2.8932 2.8800 2.3250 2.1190 
4.5285 4.2687 4.0153 3.7144 3.2472 2.9593 2.7506 2.6789 2.7372 2.4760 2.5653 2.4780 2.5486 2.3937 2.2986 2.1848 2.1642 2.1398 2.1852 2.2102 2.3744 2.2036 2.2492 2.0977 2.2625 2.1473 2.1262 2.2567 2.4381 2.7549 2.8342 2.7501 2.2615 
4.2208 4.2408 4.2104 3.9477 3.6285 3.5037 3.4279 3.3535 3.3656 3.2534 3.1644 3.1069 3.0654 3.1165 3.1282 2.9389 2.8801 2.8904 3.0238 2.9435 2.8417 2.8273 2.8407 2.8797 2.8995 2.8271 2.8041 2.7974 2.8159 2.9736 3.0360 2.7427 2.0547 
3.8353 4.5570 4.3264 3.6866 3.6199 3.5031 3.4558 3.4290 3.3690 3.1826 3.2121 2.8751 2.9774 3.0520 2.9013 2.9105 2.9106 2.8681 2.8133 2.8822 2.7826 2.6099 2.8900 2.8034 2.9016 2.8818 2.8271 2.7959 2.8087 2.7323 3.1532 3.0465 1.1503 
4.1274 4.5299 4.0990 3.3568 3.3663 3.2470 3.0840 3.1247 3.1018 2.7540 2.8362 3.0134 2.4317 2.5058 2.5026 2.4670 2.4274 2.4249 2.4164 2.3767 2.2060 2.7610 2.5146 2.3780 2.6302 2.5815 2.4553 2.5393 2.5324 2.4045 2.8914 2.9988 1.9153 
3.9182 4.5461 3.9522 3.7468 3.1630 3.0100 2.8253 2.6769 2.6488 2.2947 2.2835 2.5631 2.6529 2.7390 2.3004 2.3626 2.2313 2.2973 2.1862 2.5521 2.4464 2.3170 1.9730 1.9094 2.1877 2.1457 2.2133 2.3119 2.3627 2.7781 2.7745 3.0136 0.9940 
4.2171 4.4073 4.1334 3.6724 3.5752 3.4635 3.3377 3.3071 3.1882 3.1392 3.0830 3.4012 2.8597 3.0128 2.8872 2.9295 2.9140 2.8849 2.7943 2.8526 2.6623 3.1357 2.7583 2.7643 2.7557 2.7945 2.7489 2.7576 2.7686 2.7244 2.9140 2.8810 1.8069 
4.2149 4.2457 3.2560 3.0192 1.6187 2.1098 2.3315 2.7141 2.2906 2.5330 2.4220 2.8067 2.4615 1.8051 1.8807 1.5296 0.3890 1.4776 1.7860 1.6706 2.2500 2.5376 2.0908 2.1510 1.8321 2.1691 1.7179 1.3937 0.8179 2.0455 2.1296 2.7396 2.0640 
2.1834 4.1767 3.8876 3.4037 3.3457 3.2544 3.1238 3.1430 2.7890 2.9459 2.7975 3.0115 2.9691 2.8885 2.7314 2.7702 2.7494 2.7295 2.6038 2.7551 2.7758 2.7608 2.4712 2.5590 2.3521 2.6043 2.4991 2.5450 2.5145 2.4294 2.7222 2.6557 0.1423 
4.4362 4.5302 4.3278 4.1897 3.9214 3.6823 3.6199 3.7599 3.8004 3.7302 3.6144 3.3014 3.1365 3.0998 3.2157 3.2083 3.1755 3.1628 3.1281 2.9169 2.9111 3.0614 3.2980 3.3403 3.3232 3.2188 3.0301 2.9737 3.1128 3.1993 3.1573 2.9968 2.3160 
3.0964 4.3127 4.3236 3.5362 2.7019 2.6638 2.7333 3.4065 3.0714 2.8406 3.0980 2.7489 2.8039 3.1079 2.6190 2.5120 2.5261 2.4640 2.5121 2.9307 2.5872 2.4655 2.7719 2.4608 2.5876 2.8688 2.1024 1.9763 1.8585 2.5353 3.1656 2.7989 1.5935 
4.2358 3.6900 3.9661 3.6297 3.1883 3.0403 2.7429 3.0958 0.2043 2.7287 2.6763 0.9344 1.9000 2.4119 2.4766 2.0830 2.1969 2.0445 2.3949 2.2403 1.7128 0.6664 2.3688 2.3360 -0.2936 2.5393 2.1082 2.3278 2.3782 2.6699 2.7999 2.1436 2.0460 
4.2950 4.4026 4.1892 4.0913 3.8366 3.4077 3.2245 3.5857 3.6010 3.4973 3.2520 3.1941 2.9123 2.9580 3.0156 3.0481 3.0350 2.9847 2.8977 2.8124 2.7400 2.9249 2.9352 3.1208 3.1603 3.0872 2.6135 2.6959 3.0001 3.1198 2.9924 2.8808 2.1728 
4.0273 3.8437 4.1761 3.8252 3.5782 3.2228 3.1793 3.4408 3.3870 3.3860 3.1125 3.1465 3.1399 3.1028 2.7926 2.8458 2.8706 2.8015 2.7041 2.9184 2.9170 2.8759 2.7842 2.9963 2.9183 2.8916 2.5613 2.5177 2.7697 2.8547 2.9732 2.3715 1.8667 
4.5150 4.6758 4.2390 3.9302 3.6758 3.5200 3.4217 3.4761 3.2205 3.0014 2.5775 2.5356 2.4963 2.4580 2.1943 2.1700 2.0515 2.1230 2.1053 2.3066 2.2920 2.2751 2.2582 2.6092 2.7785 2.9282 2.7987 2.8096 2.8511 2.9525 3.0617 3.1674 2.2434 
3.8886 4.0579 4.1739 3.8537 3.5260 3.4040 3.0253 3.3944 3.4473 3.3557 2.8097 3.0885 3.1050 2.8949 2.7836 2.8713 2.8455 2.8249 2.6854 2.7644 2.8769 2.8090 2.4876 2.9652 2.9730 2.8638 2.4104 2.7038 2.7338 2.8872 2.9629 2.5496 1.7435 
3.3631 3.9989 4.1361 4.1688 3.8105 3.5565 3.8876 3.7290 3.1109 3.2368 3.3217 3.1607 3.1267 3.2030 3.1462 3.0802 3.0770 3.0145 3.0534 3.0713 2.8991 2.8905 3.0092 2.8567 2.6421 3.1934 3.2693 2.8521 2.9569 3.1791 2.9380 2.4812 1.4890 
3.7050 4.0112 3.9685 3.5029 2.8273 2.8934 3.5454 2.2858 2.6158 2.8827 2.8893 2.1941 2.0396 2.5586 1.4876 0.8047 0.8075 0.6834 1.3691 2.4253 1.8174 1.9682 2.5676 2.4972 2.1591 1.7558 2.9262 2.1995 2.0490 2.5350 2.7921 2.5082 1.6938 
2.8000 3.9461 4.0979 4.0111 3.2644 3.2248 3.5422 3.1364 2.4059 2.7938 2.6019 1.9103 2.0946 2.0549 1.8526 2.0350 1.7998 1.9741 1.7609 1.8826 1.8793 1.6608 2.2901 2.4180 1.9352 2.5930 2.9253 2.5267 2.4501 3.0594 2.8969 2.4252 0.7410 
3.7956 4.1135 3.8595 3.9507 3.3279 3.3634 3.1357 2.7314 2.2617 2.8909 2.9996 1.5226 2.8330 2.7285 2.5343 2.5354 2.4493 2.4881 2.4417 2.5424 2.6282 1.2432 2.6884 2.5134 1.8159 2.1803 2.5144 2.6583 2.4915 2.9785 2.6954 2.5681 1.5158 
2.7918 3.5709 3.5241 2.9871 2.5396 2.3794 2.8227 2.2427 1.2480 2.0762 2.3577 2.1771 2.0114 1.2816 1.4434 1.5648 1.2980 1.5053 1.3591 1.1311 1.7777 1.9149 2.0428 1.7084 0.7353 1.7262 2.2053 1.6609 1.7394 2.0381 2.3506 2.0693 0.9635 
2.5005 3.1909 2.9628 2.6925 1.6283 2.4443 2.0198 2.1826 2.0659 1.8649 1.9053 1.8400 1.4593 1.5286 1.5256 1.6581 1.6772 1.5922 1.4288 1.3878 1.2656 1.5961 1.5910 1.4789 1.6093 1.6808 1.3865 1.7341 0.8221 1.7022 1.7878 1.6811 0.6486 
2.7434 3.0456 2.9910 2.5303 2.5439 2.3035 1.5805 2.0634 2.1922 1.9955 1.4889 2.0659 1.9400 1.7442 1.4600 1.6119 1.5250 1.5507 1.3681 1.5933 1.7337 1.7926 1.1717 1.6049 1.7544 1.5239 0.9776 1.5933 1.7364 1.5390 1.8195 1.5002 0.6164 
2.4171 2.5102 2.1658 2.0784 2.0248 2.1878 2.2322 1.8888 1.5413 1.3520 1.4587 1.3942 0.9187 1.2405 1.3248 1.4658 0.1111 1.4170 1.1991 1.0841 0.6971 1.1225 1.1372 0.9744 1.0863 1.3713 1.6474 1.4848 1.1780 1.1005 1.0066 0.9947 0.3228 
2.7073 2.9588 2.5913 2.3527 2.3352 2.1590 2.4070 2.1410 1.8313 1.7530 1.5530 1.4247 1.4525 1.4387 1.3610 1.4014 1.2171 1.3609 1.2570 1.3110 1.2598 1.1547 1.2413 1.3758 1.3922 1.6291 1.7819 1.4543 1.4856 1.3680 1.4137 1.4510 0.6002 
2.7518 2.6998 2.1712 2.1807 2.0748 1.2389 1.5854 1.8372 1.7013 1.5695 1.7084 1.1301 1.4738 1.5512 1.3826 1.4592 1.4369 1.4122 1.2947 1.4032 1.2922 0.8836 1.3816 1.1870 1.2436 1.3409 0.9901 0.5263 1.2493 1.2065 0.9968 1.1453 0.4874 
2.5822 2.3192 2.1361 2.0794 1.0230 1.5132 1.7383 1.4645 1.1240 1.1555 1.3404 1.4724 0.7421 1.3534 0.7950 0.7648 0.6697 0.7235 0.6975 1.1828 0.5434 1.2140 1.0151 0.7710 0.6875 0.9578 1.1217 0.8048 0.1877 1.0942 0.9782 0.7677 0.3916 
2.3752 2.5102 2.2076 1.3840 1.7624 1.2635 1.3719 1.0223 1.0538 1.2721 1.0473 1.5956 1.4248 0.8369 1.1092 0.9633 0.3084 0.8984 1.0181 0.6913 1.2193 1.3444 0.7193 0.8799 0.6209 0.4823 0.7568 0.5573 0.9542 0.4076 1.0303 0.9986 0.0689 
2.4731 1.7692 1.3267 1.3607 1.7060 1.7097 1.6887 0.4462 0.9848 1.3941 1.4091 1.3789 0.7503 0.7197 0.6505 1.1256 0.8619 1.0850 0.5541 0.5820 0.5482 1.1085 1.0876 1.0178 0.5198 -0.0721 1.0590 1.0047 0.8731 0.3706 0.1132 0.2973 0.2818 
1.9451 1.9931 2.0106 1.4977 1.0343 1.3375 1.1201 1.0042 0.3279 0.8194 0.8712 1.0862 0.1573 0.6232 1.1232 0.5466 0.4089 0.4814 1.0341 0.4452 -0.0418 0.8188 0.5606 0.4376 -0.0946 0.4577 0.5177 0.6318 0.2285 0.5336 0.7986 0.4559 -0.2131 
2.8243 2.1240 2.0466 1.5133 1.5325 1.3866 1.4057 0.7929 1.1242 1.3213 0.2684 1.1603 1.2621 0.7246 1.1203 0.7499 1.0130 0.7038 1.0288 0.5832 1.0491 0.9164 -0.0575 0.9312 0.6837 0.2958 0.7858 0.6823 0.7152 0.5599 0.8460 0.5607 0.6332 
1.7709 1.6772 1.0184 1.4724 0.1770 1.4726 0.8541 1.4366 0.9208 1.3371 0.9097 0.8451 1.1635 1.0810 1.3885 1.0543 1.2949 1.0111 1.3058 0.9543 0.9841 0.6100 0.5976 0.9563 0.4474 0.9252 0.2700 0.7654 -0.6271 0.5104 -0.2021 0.1555 -0.4017 
2.4089 1.8703 1.3461 1.1311 0.9710 0.9653 0.7523 1.3777 1.4483 1.3975 1.0523 1.0719 1.3541 1.2698 0.9666 0.7326 -1.3242 0.6891 0.8396 1.1010 1.1267 0.8044 0.7282 1.0180 1.0097 0.8471 0.1405 0.2608 0.1122 0.1809 0.1345 0.3643 0.2313 
1.9564 1.7349 1.3392 1.3665 1.3361 1.2247 1.0787 1.0559 1.2151 1.1751 1.2694 1.2362 0.9843 1.1555 0.8164 0.7097 0.6586 0.6667 0.7182 1.0187 0.7582 0.9864 0.9606 0.7897 0.7626 0.5384 0.4626 0.5187 0.4897 0.3843 0.1332 0.2020 -0.2848 
1.4452 1.7706 1.6019 1.1802 0.4565 0.7225 1.2071 1.2230 1.3960 1.3603 1.3996 1.3022 1.4610 1.3442 0.7690 1.0041 0.3426 0.9666 0.6808 1.1703 1.2696 1.0266 1.0751 0.9822 0.9675 0.6969 0.6170 0.0280 -0.3573 0.2080 0.3941 0.2711 -1.1413 
2.5513 1.6640 1.5886 1.7716 1.6783 1.3361 1.4792 1.3881 1.5248 1.3764 -0.2290 1.4087 1.6658 1.5510 1.4563 1.2488 1.4120 1.1886 1.3669 1.4024 1.4365 1.1363 -0.4936 0.9987 1.0778 0.8584 0.8847 0.6218 0.8210 0.7905 0.3974 0.0490 0.3634 
1.7875 1.5148 1.6140 1.2177 1.1859 1.3474 1.4339 1.3306 1.0494 1.1768 1.2677 1.4468 0.2658 1.0232 1.2637 1.1977 0.6625 1.1395 1.1428 0.8670 0.0481 1.1816 0.9604 0.7935 0.6186 0.7732 0.8198 0.6412 0.3622 0.2625 0.4166 0.0075 -0.3792 
2.3933 2.1924 1.2805 1.1428 0.9228 1.2503 1.0836 1.3930 1.2951 1.4752 1.1330 1.1393 1.0673 1.1250 0.8844 1.0346 1.0544 0.9946 0.7696 0.9958 0.8622 0.8951 0.8149 1.0961 0.8234 0.8667 0.4744 0.5418 0.0852 0.1822 0.0457 0.6761 0.2064 
2.3633 2.1122 1.9383 1.5832 1.3331 1.0614 1.0188 1.4821 1.4267 1.0358 0.2979 1.3770 1.5236 1.4723 1.0726 1.2206 1.3824 1.1624 0.9869 1.3391 1.3410 1.1088 -0.0131 0.6568 0.9915 0.9861 0.4023 0.3543 0.4831 0.6242 0.7473 0.5956 0.1053 
