2.7458 2.4645 1.6583 1.5544 1.3189 1.8372 1.9408 1.7727 0.5225 1.6769 1.4623 1.2963 1.6024 1.6136 1.6715 1.5542 0.6812 1.5077 1.5700 1.4742 1.3992 1.0475 1.1118 1.2683 0.0827 1.2008 1.2897 1.0904 0.4473 0.5138 0.3978 0.8308 0.4149 
2.7220 2.2514 1.8051 1.5032 1.3343 1.6109 1.2511 0.8694 1.3542 0.7510 1.0876 1.4014 1.1231 1.0963 0.3577 1.3575 0.2612 1.2937 0.2533 0.9075 0.8868 1.1206 0.7418 0.3514 0.8675 0.3443 0.6215 0.8619 0.4613 0.4579 0.5269 0.6351 0.4214 
2.8886 2.3686 1.8833 1.2302 1.4557 0.9880 1.1793 0.9923 1.4042 1.4535 1.1525 1.3669 1.4832 1.3241 1.1305 1.2377 1.4001 1.1871 1.0289 1.1655 1.2432 1.1010 0.8105 1.0415 0.9048 0.4314 0.5291 0.2380 0.5510 0.2084 0.6333 0.7495 0.5549 
2.4095 2.2077 2.0301 1.8681 1.6137 1.2642 1.2895 1.6808 1.5385 1.6327 1.5963 1.6053 1.4065 1.4642 0.8296 0.9154 -0.1974 0.8642 0.7359 1.2715 1.1755 1.3291 1.2497 1.2359 1.0833 1.1367 0.6732 0.5118 0.7515 0.8228 0.7855 0.5526 0.0276 
1.8720 1.5963 1.3190 1.3030 0.9749 0.2698 1.1344 0.3879 0.8559 1.1458 0.0542 -0.3857 0.1215 0.7834 0.8535 0.7046 0.3071 0.6347 0.7566 0.6281 -0.0629 -0.6861 -0.3018 0.7462 0.3911 -0.1946 0.4827 -0.4634 0.0941 0.2980 0.0624 -0.0162 -0.5101 
2.6904 2.3422 2.2510 1.4273 1.5840 1.1741 1.1063 1.6158 1.0823 1.3405 1.3839 1.4785 1.2117 1.5259 1.4722 1.4679 1.3818 1.4089 1.3513 1.3661 1.0028 1.1853 1.0588 0.9306 0.5704 1.0892 0.4423 0.4200 0.7315 0.3657 0.9962 0.7312 0.3630 
2.6790 2.5299 2.2033 1.9732 1.9222 1.4665 1.8147 1.8912 1.1009 1.4746 1.5494 1.4733 1.1970 1.2399 1.4847 1.2349 0.9035 1.1814 1.3712 1.1013 0.9792 1.1786 1.2077 1.0807 0.6025 1.3274 1.1534 0.7216 1.0728 0.9501 0.9193 0.8909 0.3684 
2.4986 1.0475 1.9285 0.9865 1.4682 0.6941 1.6196 0.8210 1.4634 1.2942 1.4719 1.1151 1.2686 1.2490 1.3468 1.5287 0.1340 1.4865 1.2350 1.1121 1.0825 0.8204 1.1243 0.8833 0.9654 0.2654 0.9869 -0.0976 0.5613 -0.0455 0.6856 -0.5535 0.1135 
2.4688 1.6731 1.0397 0.8754 1.2879 1.6879 1.8280 1.1861 1.0878 1.4739 1.6798 1.5741 1.5185 1.0011 0.9156 1.2938 1.2601 1.2410 0.8138 0.8269 1.2859 1.2904 1.3498 1.0787 0.5798 0.6389 1.1606 0.9410 0.4276 -0.1632 -0.2526 0.0178 0.0918 
2.9172 2.4034 2.2074 1.6780 1.8645 1.7154 1.1482 1.1865 1.3995 1.1536 1.4807 1.1195 1.5065 0.4479 1.1857 1.3405 1.1184 1.2764 1.0992 0.3086 1.2703 0.8354 1.1330 0.7584 0.8992 0.6476 0.4917 0.9654 0.9824 0.6775 0.9255 0.7748 0.5650 
2.3274 2.1131 1.6242 0.8674 1.5309 0.9394 1.3577 1.0402 1.0544 0.9303 1.0850 1.2323 1.2729 1.3890 1.6166 1.2603 1.4831 1.2150 1.5212 1.2166 1.0858 0.9597 0.7346 0.5263 0.5525 0.4610 0.7264 0.2025 0.6752 -0.1484 0.3815 0.4903 0.0548 
2.9775 2.1665 1.6718 1.3197 1.5538 1.2241 0.7790 1.4960 1.5084 1.7679 1.8230 1.6510 1.6150 0.8453 1.1294 1.0876 0.9437 1.0282 1.0233 0.7041 1.4186 1.3958 1.4762 1.3579 1.0426 0.9261 0.1241 0.4800 0.7079 0.3130 0.4225 0.4701 0.6305 
2.7383 2.2744 1.5811 1.9043 1.8950 1.8482 1.6348 1.9945 1.8463 1.4892 0.7319 0.8567 1.4729 1.0071 0.5048 0.9369 1.2031 0.8741 0.4146 0.8335 1.2344 0.5792 0.3905 1.0926 1.3540 1.4683 1.0043 1.0968 1.0346 0.8632 0.3293 0.6327 0.3904 
2.7138 2.3264 1.5267 1.6508 1.2952 1.4532 1.0732 1.4578 0.7271 1.5313 1.1069 1.4297 1.5208 1.4603 1.5972 1.6001 1.2042 1.5489 1.5028 1.2670 1.2906 1.1399 0.7552 1.1313 0.2523 0.8708 0.4025 0.7046 0.4332 0.6450 0.2688 0.7141 0.3885 
1.6195 1.9090 1.5274 0.9322 1.7554 1.6925 1.4603 1.4978 1.0457 1.4752 1.1427 1.3974 1.4733 1.7121 1.7259 1.3558 0.5237 1.2899 1.6126 1.5518 1.2350 1.1222 0.7950 1.0803 0.5423 0.9267 0.7941 0.9423 0.8701 -0.1210 0.2966 0.3275 -0.6368 
3.1184 2.2410 1.8884 1.5224 1.7258 1.7445 1.2977 1.2723 1.3168 1.0639 1.4660 1.1985 1.3212 1.1839 1.3773 1.2631 1.5148 1.2193 1.2505 1.0408 1.1181 0.9154 1.1170 0.6481 0.8385 0.7349 0.6787 0.9966 0.8502 0.4857 0.6262 0.5134 0.7840 
2.2327 2.2732 1.9070 1.2689 1.0930 1.8556 1.9652 1.5707 1.6072 0.3842 1.5229 1.8387 1.3892 1.2616 1.1145 1.2128 1.4724 1.1653 1.0031 1.1212 1.1624 1.5416 1.1817 -0.0111 1.1378 1.0317 1.3192 1.1097 0.2010 0.2707 0.6656 0.6706 -0.1538 
2.4472 2.0281 2.4574 2.4441 1.9313 2.7101 2.7865 2.4918 1.6229 1.8714 2.2389 2.5584 2.4130 2.0497 1.9313 1.9345 1.5854 1.8879 1.8447 1.8966 2.2202 2.2663 1.8948 1.4759 1.1534 1.9285 2.1654 1.9641 1.0863 1.4324 1.2135 0.4599 0.1133 
2.4863 1.8069 1.1191 1.4897 1.4695 1.5503 1.4029 1.4889 1.4992 1.5283 1.0235 0.9601 1.5493 1.7573 1.2096 -0.0228 1.1631 -0.0780 1.1161 1.5838 1.3328 0.7062 0.6966 1.1270 1.0286 0.9149 0.7534 0.8004 0.5824 0.4470 -0.1409 0.1225 0.1411 
3.0591 2.6163 2.0448 1.7031 1.5805 1.6178 1.4535 1.8288 1.6457 1.6689 1.4651 1.4583 1.1417 0.8710 1.5034 1.2381 1.7131 1.1877 1.4018 0.7374 0.9096 1.1602 1.1198 1.2590 1.1806 1.2413 0.7850 0.8704 0.7277 0.6989 0.7914 0.9622 0.7308 
2.3767 2.0441 1.4216 1.6949 1.5592 1.1274 1.3339 1.5216 1.9191 1.6811 0.6342 1.3534 1.6764 1.3306 1.4686 1.0862 -0.6150 1.0205 1.3431 1.1709 1.4795 1.0952 0.3084 1.2699 1.4636 0.9644 0.7145 0.3739 0.7103 0.6917 0.1582 0.4273 0.0968 
0.7152 1.8508 1.4197 1.3971 1.4568 1.4475 1.5065 1.1808 0.9333 0.9369 0.6648 1.2019 1.0385 0.7986 1.4291 0.7767 0.7334 0.7300 1.2961 0.6541 0.8028 0.9217 0.3375 0.5274 0.4605 0.6306 0.8529 0.7009 0.5556 0.3697 0.1226 0.2301 -1.1040 
2.6816 1.9295 2.1356 1.1153 1.4635 1.0977 1.4649 1.9913 1.6314 1.3788 0.9308 1.6475 1.3786 1.6206 0.4890 1.0360 0.5747 0.9690 0.4036 1.4839 1.1566 1.3912 0.6028 0.9689 1.1661 1.4629 0.8029 0.3346 0.5609 0.0536 0.8665 0.2497 0.3605 
2.5371 2.1039 1.9915 1.8682 1.9926 1.8591 1.2319 1.7854 1.1563 1.1434 1.0821 1.4395 0.7355 1.4251 1.3886 1.2062 0.9077 1.1570 1.2606 1.2405 0.4914 1.1451 0.7365 0.7442 0.6974 1.2124 0.6006 1.1085 1.1365 0.8212 0.7574 0.4526 0.1567 
1.7950 1.8978 1.5505 1.9524 2.0232 1.5061 1.4955 1.1337 0.7283 1.3016 1.1902 1.4782 1.3818 1.2516 0.5147 1.5097 1.4718 1.4696 0.4162 1.1134 1.1587 1.1842 0.8468 0.8945 0.2530 0.5638 0.8362 0.7508 1.1615 0.9252 0.3220 0.3005 -0.3870 
2.7100 2.1613 1.8223 2.0289 1.9252 2.3345 2.3018 2.0947 2.1327 2.2292 2.2157 2.1639 2.0115 1.9435 1.8632 1.7011 1.8652 1.6401 1.7527 1.8012 1.8294 1.8798 1.8676 1.8338 1.6382 1.5399 1.6471 1.5879 1.0785 1.0192 0.5318 0.4884 0.3808 
1.7846 1.5904 1.7850 1.4689 1.1937 1.2286 1.0945 0.7546 1.5103 1.6117 1.9255 1.1632 1.6224 1.4940 0.5561 1.3551 0.8849 1.2890 0.4649 1.3167 1.4396 0.8712 1.5844 1.2109 1.0470 0.1787 0.4295 0.4744 0.3418 0.4251 0.4989 -0.0238 -0.7665 
2.5948 2.2169 2.0812 2.0032 1.5431 1.7476 1.0078 1.4221 1.5522 0.4883 1.2066 1.3625 0.8462 1.0031 1.3585 1.2962 0.7113 1.2416 1.2416 0.8349 0.6437 1.0983 0.8654 0.0960 1.0941 0.8472 0.3691 0.9952 0.7067 0.9822 0.8321 0.5650 0.2487 
2.6953 1.9902 2.0714 1.6055 1.5625 1.2856 1.5146 1.5566 1.5504 1.4915 1.3337 1.3222 0.9086 1.1781 1.2132 0.8972 1.3594 0.8494 1.1182 1.0289 0.7185 1.0750 1.0017 1.0920 1.0936 1.0141 0.8637 0.5462 0.7157 0.5794 0.8195 0.3521 0.3402 
1.9474 2.6916 2.2521 1.9752 2.0007 1.5729 1.8725 0.9310 0.8069 1.1384 1.2478 1.5426 1.4431 1.7514 1.8347 1.1859 1.4996 1.1370 1.7032 1.5811 1.2029 1.2561 0.9110 0.7350 0.3569 0.3716 1.2138 0.8308 1.1414 0.9511 0.9921 1.1104 -0.2464 
3.9216 3.6675 3.1099 2.7049 2.3780 2.2135 2.0505 1.9181 2.2167 2.2719 1.9569 1.9602 1.9679 1.8086 1.8296 1.8292 1.9299 1.7612 1.6957 1.6176 1.7616 1.6823 1.6138 1.8728 1.7214 1.3737 1.4284 1.4626 1.5194 1.6633 1.8656 2.0224 1.6234 
3.6529 4.1041 2.7571 2.5607 1.9738 2.2132 2.0906 1.8346 2.0304 1.4636 1.5188 1.4787 1.4089 1.6705 1.6818 1.5661 0.9038 1.5005 1.5748 1.5274 1.2042 1.1865 1.1746 1.0794 1.5694 1.2055 1.4821 1.4896 1.1978 1.5720 1.5419 2.4737 1.5767 
3.3558 4.0190 3.1287 2.7201 2.3032 1.6972 1.2765 1.2376 1.9486 1.3123 0.5091 1.1988 1.0906 1.1076 0.7324 1.3186 0.5930 1.2634 0.5985 0.9355 0.8250 0.9394 0.2615 0.9245 1.4919 0.6749 0.6880 0.9802 1.4640 1.6962 1.8709 2.3902 1.2454 
3.7077 4.0434 3.7189 3.3523 3.1672 3.0287 2.9390 2.9056 2.8305 2.7700 2.7154 2.6017 2.5898 2.5496 2.4903 2.4910 2.3276 2.4260 2.3690 2.3640 2.3491 2.3091 2.3687 2.3679 2.3523 2.3351 2.2760 2.2813 2.3027 2.3072 2.4385 2.4122 1.4971 
4.3398 4.2724 3.7412 3.6130 3.3789 3.2854 3.1543 3.0892 3.0549 2.9720 2.8945 2.8979 2.8444 2.7796 2.8266 2.7399 2.7143 2.6912 2.7194 2.6338 2.6323 2.6194 2.5682 2.5740 2.5965 2.5567 2.5321 2.5364 2.5059 2.5936 2.4824 2.6638 1.9899 
4.2198 4.3770 4.1824 3.8160 3.6231 3.4903 3.3302 3.3864 3.4816 3.3743 3.0384 2.9882 3.0564 3.0014 2.9488 2.9405 2.9664 2.8710 2.8127 2.8294 2.8392 2.6978 2.6959 2.9756 3.0134 2.8232 2.6618 2.7405 2.7377 2.7722 2.9547 2.7563 1.9895 
4.2393 4.4591 3.7912 3.1106 2.8378 2.5997 2.4420 2.4658 2.4359 2.2635 1.8995 1.9320 1.5249 2.0502 1.8870 1.8094 1.5699 1.7227 1.7913 1.8992 1.2856 1.6549 1.5618 1.8603 1.9610 1.8987 1.8178 1.8418 1.9496 2.0651 2.5280 2.8275 1.9534 
4.3625 4.1455 4.1732 3.8064 3.6005 3.4747 3.3721 3.2705 3.0249 2.9710 3.0267 3.0495 2.9779 2.9691 2.9056 2.8740 2.8664 2.8090 2.7754 2.7805 2.7391 2.7623 2.6844 2.5743 2.5671 2.7012 2.7151 2.7268 2.7231 2.7659 2.9404 2.5760 1.9581 
3.3786 4.4036 4.1834 3.9052 3.7383 3.5830 3.4418 3.4312 3.1271 3.3315 3.2116 3.1496 3.1322 3.0774 3.0593 3.0188 2.9899 2.9768 2.9712 2.9413 2.9505 2.8940 2.8822 2.9217 2.6643 2.8858 2.7925 2.8357 2.8586 2.8993 2.9543 2.7790 1.4023 
4.5828 4.4834 3.7856 3.7427 3.4061 3.3305 3.2082 3.1139 3.1494 3.0248 2.9833 2.9466 2.8985 2.8538 2.7846 2.7457 2.7221 2.7020 2.6845 2.6880 2.6684 2.6489 2.6368 2.6250 2.6817 2.5854 2.5859 2.5813 2.5484 2.6951 2.5760 2.8519 2.2824 
3.5893 4.6123 4.2845 3.8838 3.7438 3.5816 3.5650 3.4032 3.3592 3.3142 3.2340 3.1965 3.1440 3.1237 3.0823 3.0555 3.0270 3.0095 2.9895 2.9865 2.9586 2.9472 2.9054 2.8993 2.8769 2.8451 2.9486 2.8332 2.8651 2.8667 3.0388 3.0200 0.8176 
4.1160 4.4135 3.5798 3.1379 2.5869 2.6227 2.6345 2.3154 2.1275 1.9603 2.0920 1.9045 1.8398 1.8809 1.7474 1.0332 1.5539 1.0562 1.6119 1.7048 1.6038 1.6125 1.7683 1.5682 1.6324 1.7825 1.9873 1.8936 1.7375 2.1571 2.3058 2.7757 1.9671 
4.2444 4.0191 3.8226 3.6138 3.4436 3.3436 3.1260 3.0628 3.0361 2.9541 2.8804 2.7838 2.7579 2.7393 2.7509 2.6928 2.6613 2.6456 2.6582 2.6005 2.5775 2.5294 2.5540 2.5426 2.5826 2.5236 2.5025 2.5984 2.5965 2.6075 2.6067 2.3535 1.8393 
4.8296 4.6659 3.9040 3.8634 3.5879 3.4647 3.3845 3.3410 3.2310 3.1712 3.1014 3.0555 3.0169 2.9812 2.9686 2.9031 2.8746 2.8358 2.8441 2.7989 2.7858 2.7695 2.7541 2.7622 2.7424 2.7542 2.7299 2.7157 2.7109 2.8322 2.6621 3.0491 2.4698 
4.3603 4.7870 4.1074 4.0234 3.7485 3.6041 3.4789 3.4113 3.3102 3.2880 3.2196 3.1661 3.1289 3.0728 3.0511 3.0155 3.0133 2.9741 2.9645 2.9344 2.9463 2.9124 2.8902 2.8744 2.8074 2.8561 2.8367 2.8549 2.8713 2.9922 2.8271 3.1568 1.9872 
4.5302 3.8636 4.0097 3.3295 3.2806 3.0907 3.0330 3.0070 2.9968 3.0977 3.1012 2.6573 2.3537 2.6169 2.6463 2.6076 2.5115 2.5625 2.5551 2.4402 2.1512 2.3678 2.7527 2.6944 2.5236 2.4390 2.3773 2.3454 2.3864 2.2784 2.7394 2.2874 2.1713 
4.2823 4.5713 4.1531 3.8572 3.6155 3.4892 3.4176 3.3836 3.1849 3.2670 3.1339 2.9833 3.0390 3.0607 2.9829 2.9278 2.9136 2.8589 2.8679 2.9172 2.8163 2.6915 2.7993 2.8542 2.7111 2.8173 2.7615 2.7403 2.7341 2.8257 2.9024 2.9775 1.8495 
4.3183 4.5127 4.2567 3.9098 3.4915 3.3637 3.3249 3.2673 3.2170 3.0934 2.8927 3.2589 3.0453 2.7653 2.8156 2.9057 2.8565 2.8383 2.7103 2.6228 2.8233 2.9858 2.5670 2.6888 2.7364 2.6980 2.6557 2.6134 2.6310 2.8878 3.0179 2.9185 2.1305 
4.1747 4.4906 2.9793 3.4369 2.7355 2.5579 2.5362 2.6979 1.6766 1.9066 2.0103 2.7396 2.1905 1.6926 2.0274 1.8374 1.7037 1.7700 1.9425 1.5605 1.9424 2.4667 1.6874 1.4999 1.1499 2.1650 1.8939 1.8374 1.8961 2.4219 1.6210 2.8702 2.0471 
4.3329 4.1003 3.9847 3.3678 3.2484 3.1079 2.9872 3.0503 2.9714 2.9057 2.6430 2.6158 2.7161 2.7149 2.5910 2.5795 2.4470 2.5117 2.4637 2.5800 2.5110 2.3325 2.2952 2.4955 2.4750 2.5069 2.3312 2.3622 2.3668 2.3391 2.7347 2.4610 1.9782 
4.8495 4.6557 4.4364 4.2375 3.9996 3.8012 3.6575 3.5504 3.3298 3.2364 3.0829 2.9604 3.0148 3.0139 2.9255 2.9748 3.0045 2.9240 2.7930 2.8483 2.7843 2.6605 2.7399 2.8235 2.8228 3.0069 3.0041 3.0511 3.1127 3.2107 3.1579 3.0460 2.5149 
3.7705 4.6271 4.2510 3.5173 2.7250 2.3542 1.8729 3.0078 2.9111 1.6376 3.1321 3.0023 2.0035 1.8767 2.4030 1.9805 1.8385 1.9223 2.3081 1.6860 1.8096 2.7129 2.8012 1.2220 2.4051 2.4443 1.1523 1.6138 1.8713 2.5066 3.0130 3.0382 1.5872 
4.5034 4.1187 3.8653 3.5865 3.1965 2.8604 3.0167 3.0705 3.1617 2.7899 3.1650 2.5663 2.1487 2.3376 2.3872 2.2475 2.0881 2.2068 2.2873 2.2040 1.9259 2.2589 2.8338 2.3759 2.6906 2.5405 2.3676 2.1342 2.3323 2.5889 2.6449 2.4592 2.1205 
4.4971 4.5520 4.3435 3.7349 3.6921 3.6399 3.4536 3.4218 3.4412 3.3920 3.2426 3.3342 3.2416 3.1781 3.2055 3.1092 3.0968 3.0578 3.0972 3.0259 3.0222 3.0358 2.9168 2.9925 2.9811 2.8727 2.8052 2.8931 2.7897 2.6883 3.0871 2.9649 2.1637 
3.8154 4.5366 4.4163 4.0535 3.4040 3.1416 3.4385 3.4911 2.6928 3.2459 3.1119 2.6785 2.2969 2.7087 2.8996 2.3674 2.3482 2.3190 2.7697 2.5776 2.0716 2.3913 2.7653 2.8352 2.2305 2.9630 2.7904 2.3921 2.5498 3.0055 3.1342 2.9630 1.5922 
4.5230 4.0914 4.0112 3.7801 3.5690 3.4572 3.3548 2.6764 2.9102 2.7420 2.8020 1.6053 2.2579 2.4786 2.1960 2.2557 2.3315 2.2145 2.0648 2.3136 2.0212 1.3379 2.4703 2.3407 2.4051 2.1259 2.6914 2.7089 2.7031 2.7455 2.7422 2.4367 2.1964 
3.5381 4.3582 4.0889 3.9689 3.6544 3.5322 3.2008 3.6071 3.4544 3.4366 2.8666 3.1261 3.0442 2.9772 3.0375 3.0123 3.0023 2.9712 2.9543 2.7926 2.8233 2.8662 2.5303 3.0350 2.9894 3.0511 2.5779 2.7846 2.7590 2.9619 2.8130 2.7481 1.1525 
4.0663 4.6121 4.5062 4.1935 3.4824 3.4446 3.4233 3.5072 2.2769 3.3866 3.3176 3.2679 2.7416 2.6372 2.8682 2.8682 2.6580 2.8033 2.7450 2.4715 2.5480 2.9902 2.9729 2.9887 1.8333 2.9774 2.7702 2.6974 2.6183 3.1494 3.2539 3.0184 1.9312 
4.2583 4.1456 4.4332 3.3756 1.8111 2.0296 2.7102 2.7711 2.8245 3.2467 2.7375 2.3563 2.2575 2.0005 2.1926 2.1378 2.1809 2.0756 2.0651 1.8522 2.0160 2.0919 2.4051 2.8325 2.3426 2.2444 2.0776 1.2497 1.1416 2.3198 3.1526 2.5672 2.0384 
3.9316 4.0094 4.0372 3.5493 3.4100 3.3463 2.4798 3.0330 2.8031 3.1249 2.7487 2.6558 2.5364 2.7095 2.5903 2.5866 2.4571 2.5248 2.4633 2.5754 2.3009 2.3667 2.4095 2.7279 2.3237 2.4749 1.8649 2.5940 2.5412 2.5584 2.7549 2.4014 1.6629 
4.5975 4.4474 4.1389 4.0641 3.8490 3.7092 3.7513 3.4016 3.1932 3.2512 3.0444 2.1686 1.4659 2.4059 2.4623 2.5615 2.3815 2.4918 2.3522 2.2582 1.2179 1.8869 2.7035 2.8403 2.7170 2.8404 3.0945 2.9589 2.9886 3.0123 2.8964 2.7990 2.3189 
4.0773 4.1862 4.2174 3.8353 3.5318 3.4638 3.4884 2.9829 2.9303 2.7935 2.8921 2.8201 2.7418 2.4824 2.5199 2.5258 2.5765 2.4590 2.3922 2.3145 2.5488 2.5718 2.5719 2.3761 2.4353 2.4100 2.8468 2.7162 2.6684 2.7852 2.9933 2.5920 1.8249 
4.0030 4.0256 2.7552 3.3529 3.2998 3.1742 3.2926 3.0542 2.9690 2.9636 2.9039 2.7420 2.8048 2.6120 2.6388 2.6277 2.5531 2.5878 2.5433 2.4322 2.6063 2.4757 2.5758 2.5610 2.4740 2.5077 2.6396 2.4237 2.4030 2.3099 1.5956 2.4084 1.7301 
4.3679 3.8956 3.2429 3.6234 3.1765 3.0858 3.4320 3.1837 3.1067 2.9792 2.9483 2.7787 2.7967 2.7677 2.6897 2.6872 2.6579 2.6406 2.6006 2.6249 2.6018 2.5234 2.6002 2.5836 2.6381 2.6394 2.7794 2.3425 2.3091 2.6019 1.9907 2.2702 2.0247 
3.2185 3.9130 3.4205 3.4080 3.2601 3.1659 3.1189 2.8376 2.7416 2.6463 2.7410 2.6690 2.5424 2.5876 2.5226 2.4285 2.3692 2.3698 2.3936 2.3947 2.3078 2.3794 2.4019 2.2460 2.2774 2.2833 2.4873 2.4216 2.3687 2.3680 2.1994 2.3162 0.7822 
3.6380 3.3484 2.8212 1.9994 1.9742 2.3430 2.3191 2.3652 2.2388 2.4645 1.5766 0.9159 1.9650 1.7165 1.7114 1.6542 1.5953 1.6071 1.6010 1.5562 1.7589 0.6493 1.2293 2.0530 1.7613 1.8383 1.6731 1.5923 1.1285 1.0074 1.5616 1.7313 1.3355 
3.1475 2.7371 3.0237 2.2607 2.4095 2.4928 1.8805 1.9012 2.0674 2.2325 1.9754 1.3895 1.3553 1.7117 1.5120 1.2456 0.8175 1.2032 1.4151 1.5525 1.1402 1.1194 1.6304 1.8372 1.5934 1.3373 1.2285 1.7442 1.5404 1.2093 1.7733 1.1347 0.7569 
3.0155 2.6807 3.0234 2.6362 2.8527 2.9656 3.1964 2.6433 2.2504 2.2450 2.3036 2.0899 2.0560 1.5928 1.1841 1.4638 1.3092 1.4070 1.0946 1.4545 1.8579 1.8345 1.9620 1.8482 1.7709 2.0740 2.5790 2.2202 1.9780 1.5992 1.7930 1.0959 0.7159 
2.8731 2.6013 2.0987 2.3707 1.5809 2.3085 2.5724 1.7308 1.8741 2.2111 2.1420 1.8627 1.2183 1.6462 1.3416 0.8968 0.7321 0.8440 1.2312 1.5044 1.0248 1.5676 1.8172 1.8031 1.4035 1.1627 1.9052 1.5647 0.7077 1.3644 0.8253 0.9862 0.5560 
2.6470 2.4312 2.3411 2.3234 1.2883 2.1469 2.0799 1.4371 0.5311 1.7293 1.6397 1.8590 1.6160 0.9217 1.3591 1.2854 1.4500 1.2374 1.2424 0.7699 1.4231 1.5673 1.3050 1.3195 0.0852 0.8535 1.4603 1.3969 0.4538 1.2858 1.1064 0.8489 0.3656 
2.7498 2.5880 2.3091 1.5931 2.0711 2.3630 2.2385 1.4790 0.7169 1.5034 1.6714 1.1861 1.6142 1.3336 1.2408 1.3452 0.5280 1.2815 1.1475 1.1731 1.4180 0.8906 1.3387 1.1076 0.2051 0.8923 1.5762 1.6156 1.2010 0.5966 1.0836 0.9393 0.4355 
2.6184 2.2518 2.2784 1.6405 1.4685 1.6329 1.8349 1.7907 1.3964 1.5560 1.1210 1.4314 1.4537 1.4105 1.5323 0.9287 1.1629 0.8679 1.4467 1.2335 1.2078 1.1422 0.7736 1.1543 0.9068 1.2161 1.1689 0.8824 0.5695 0.6002 1.0438 0.6373 0.3495 
3.0309 2.5886 1.9362 2.2260 1.8681 1.9992 1.8556 1.7148 1.7307 1.4564 1.2950 1.6132 1.6212 1.2018 1.4437 1.4050 0.9623 1.3368 1.3085 1.0694 1.4332 1.3437 0.9600 1.0419 1.2437 1.1580 1.1946 1.2519 0.9919 1.1777 0.7166 0.9185 0.7134 
2.8555 2.2698 1.6613 1.2496 1.0953 1.5984 1.6609 1.5913 1.6048 1.4891 1.2656 1.4052 1.2194 1.1422 1.4727 1.5460 1.1862 1.5015 1.3519 0.9794 1.0192 1.1251 0.9294 1.0928 1.1391 1.0584 1.0450 0.8555 0.2216 0.2252 0.4222 0.6421 0.5320 
2.4355 2.3629 2.2239 1.9148 1.8568 1.5714 1.3254 1.6726 1.5889 1.1385 0.8536 0.9768 1.1236 1.6120 0.8736 1.2049 -0.5413 1.1544 0.7696 1.4710 0.8887 0.7216 0.5112 0.7351 1.1240 1.1335 0.7054 0.8291 0.9685 0.8743 0.9483 0.7535 0.0280 
3.0708 2.7443 2.2665 1.9861 2.1188 2.1096 1.8777 1.6015 1.8989 1.8406 1.7780 1.7636 1.7397 1.6228 1.0935 0.1535 1.0123 0.1068 0.9655 1.4859 1.5201 1.4890 1.4486 1.4389 1.4428 1.0625 1.2207 1.3618 1.2389 0.9540 1.0167 1.1321 0.7445 
2.5872 1.8948 1.7491 1.2974 1.7386 1.2609 1.6315 1.4790 1.4028 1.5807 1.3771 1.1236 0.8639 1.3319 1.7749 0.6497 0.9819 0.5737 1.6450 1.1750 0.6659 0.8359 1.0460 1.1782 0.9054 0.8996 1.0066 0.5111 0.8612 0.2782 0.4893 0.2359 0.2238 
2.5323 2.0143 2.1396 1.9946 1.5876 0.7311 1.4862 1.6264 1.1368 1.2185 1.1414 1.4253 1.2144 1.0371 0.8620 -0.4193 0.0760 -0.4884 0.7629 0.8561 1.0075 1.1359 0.8015 0.8130 0.6765 1.0986 0.8293 -0.0284 0.7287 0.9731 0.8723 0.3887 0.1849 
2.6954 2.3669 2.1038 1.7863 2.0935 1.7801 1.6975 1.6678 1.8909 1.2100 1.5112 1.3264 0.8356 0.8967 1.2150 -0.0134 0.1391 -0.0677 1.1195 0.7559 0.6300 1.0722 1.1658 0.8049 1.4271 1.1324 1.0759 1.0343 1.2180 0.7505 0.8533 0.7528 0.3793 
2.9510 2.7156 2.3663 2.2013 1.5280 1.7512 1.5030 2.0448 1.9801 1.6582 1.4380 1.6272 1.2368 1.3031 1.2442 0.3934 0.7579 0.3467 1.1480 1.1532 1.0313 1.3669 1.0953 1.2483 1.5113 1.5052 0.8543 1.0036 0.6710 1.1475 1.1306 1.1104 0.5967 
2.9559 2.4113 1.9890 1.9547 1.4762 1.7130 1.7022 1.0290 1.1587 1.4248 1.2386 0.8684 0.9922 1.4824 0.6971 1.0825 1.4414 1.0187 0.5658 1.3005 0.7756 0.6039 0.8935 1.0126 0.7061 0.4615 1.0828 0.9666 0.5799 0.9172 0.7385 0.7702 0.5620 
2.6356 1.9917 1.8010 1.5215 1.6703 1.8636 0.9171 1.9318 1.8566 1.7235 0.3969 1.1340 1.3211 1.6040 -0.9805 1.3500 1.2153 1.2877 -1.0262 1.4650 1.1194 0.8469 0.0551 1.3108 1.3723 1.3873 0.3239 1.1145 0.8024 0.4893 0.5150 0.3521 0.3130 
2.6208 2.1543 1.8069 1.6687 0.7261 1.5577 1.2237 1.4916 1.1614 0.7178 1.3410 1.7675 1.3987 1.5729 1.6568 1.7041 1.8802 1.6433 1.5580 1.4346 1.1695 1.4911 1.0140 0.3272 0.7067 0.9140 0.5894 0.8073 -0.1658 0.6542 0.5269 0.4893 0.2851 
1.5907 2.0074 1.8345 1.5085 1.1242 1.3206 0.7226 1.3484 0.3748 1.0972 0.9565 0.9540 1.0289 0.7279 1.0785 0.5165 0.9518 0.4776 0.9439 0.5311 0.7997 0.7009 0.6365 0.6929 -0.0564 0.7915 0.0788 0.5789 0.2248 0.4687 0.5767 0.4375 -1.0689 
2.6634 1.9209 1.6502 1.5932 1.8746 1.6286 1.2425 1.6473 1.7312 1.0833 1.0976 1.2923 1.3909 0.9385 1.4942 1.5758 1.7682 1.5275 1.3855 0.7905 1.1649 1.0391 0.7491 0.6673 1.2425 1.1142 0.6034 0.8783 1.0012 0.5501 0.4084 0.2365 0.3326 
2.4091 2.2871 1.8448 1.5078 1.0564 0.8062 0.9771 1.3534 1.5222 1.6161 -0.0154 1.4555 1.3696 1.5003 0.9939 1.3054 1.2917 1.2468 0.8708 1.3275 1.1496 1.1572 -0.3973 1.2149 1.0673 0.7952 0.3502 0.0509 0.1605 0.4614 0.5624 0.6920 0.1133 
2.2227 1.6189 0.3804 1.2582 1.4447 1.4341 1.3747 1.4271 1.1964 0.2282 0.8922 1.0417 1.4322 0.5152 0.8213 0.4796 1.2323 0.4284 0.7279 0.3764 1.1933 0.7538 0.5542 -0.1906 0.7360 0.8479 0.7375 0.6913 0.5352 0.2637 -0.9724 0.0652 -0.1110 
2.2846 0.4514 1.1952 0.9003 1.4821 -0.0157 0.5554 1.5319 1.1448 0.4872 0.8010 1.3710 0.9813 0.8310 1.3193 1.3013 1.1478 1.2442 1.2150 0.6916 0.7654 1.1037 0.4621 0.0720 0.6770 0.9788 -0.0749 -0.8745 0.6064 -0.0803 -0.0044 -0.8426 -0.0851 
3.3688 2.7756 2.4236 2.1938 1.8840 1.9457 1.4910 1.1500 1.3427 1.3832 1.6735 1.7241 1.7944 1.6422 1.5435 0.9935 1.0988 0.9279 1.4595 1.4994 1.5589 1.4655 1.3420 0.9667 0.8589 0.5768 0.8280 1.1956 1.0087 1.1406 1.1699 1.1338 1.0204 
2.0351 1.6729 1.4292 1.4264 1.1032 1.3163 0.5080 0.7489 1.2382 0.4148 1.1116 1.1517 1.2275 1.0872 1.1566 1.1003 -0.3140 1.0485 1.0706 0.8940 1.0268 0.8662 0.7635 0.0122 0.7701 0.1795 -0.1233 0.5678 0.2138 0.3810 0.1579 0.0327 -0.3122 
2.6788 2.4178 1.9503 0.8786 1.5454 1.6385 1.6394 1.7752 1.9706 1.8000 0.9360 1.5599 1.2317 1.0782 1.1511 0.5211 0.8792 0.4742 1.0611 0.8811 1.0275 1.2749 0.6054 1.3837 1.5049 1.2074 1.0142 0.8916 0.7014 -0.1650 0.7131 0.7988 0.3491 
2.7204 2.3242 1.8964 1.6830 1.3530 1.2728 1.6907 0.8999 0.3821 1.7352 1.4291 0.4182 1.3332 1.4685 -0.0831 0.7304 1.4180 0.6814 -0.2330 1.2762 1.1243 0.1469 1.0886 1.3237 -0.0486 0.3641 1.0733 0.5222 0.4746 0.6610 0.6558 0.7063 0.3859 
2.7673 2.4970 1.9309 1.9074 1.6764 1.0103 1.6695 1.8061 1.2543 1.3087 1.3160 1.3042 1.0070 1.4590 1.6197 0.4971 0.9218 0.4349 1.5254 1.2681 0.7759 1.0543 0.9854 0.9050 0.7834 1.2280 1.0569 0.2807 0.8065 0.8696 0.7004 0.8607 0.4384 
2.9808 2.0591 1.6199 1.3545 0.9626 1.3544 1.4946 1.0013 1.0793 1.0784 0.8963 0.6576 0.6779 1.2343 1.2400 0.8292 0.4685 0.7804 1.1437 1.0949 0.4397 0.3729 0.5590 0.6676 0.5796 0.4448 0.8404 0.6136 0.0712 0.3442 0.3749 0.3584 0.6112 
2.2340 2.2784 2.0682 1.8293 1.6893 1.5087 0.8299 1.7872 1.5469 1.1519 1.4027 1.4263 1.5479 1.7484 1.5693 1.4233 1.1495 1.3513 1.4786 1.5776 1.3298 1.1395 1.0772 0.7544 1.0909 1.2149 0.1800 0.7639 0.8187 0.7732 0.8244 0.6864 -0.1042 
3.0265 2.1420 1.5022 1.7022 1.4833 0.8372 1.5771 1.3973 0.9738 1.2371 1.3345 1.3461 1.4401 0.9520 0.7976 1.0703 0.6978 1.0006 0.7126 0.7952 1.1994 1.0860 1.0099 0.8271 0.4906 0.8301 0.9269 0.0940 0.5899 0.6951 0.2061 0.4300 0.6986 
2.6672 1.5036 1.1675 1.6238 1.2586 1.8411 1.9310 1.5894 1.5912 0.9029 1.4522 1.2994 0.7068 0.7802 1.2316 1.2350 1.2721 1.1848 1.1353 0.6221 0.4656 1.0463 1.1040 0.4958 1.1262 1.0542 1.2764 1.0936 0.3870 0.6034 -0.0297 -0.2883 0.3367 
2.5138 2.3696 1.8962 1.9899 1.8445 1.6305 1.5231 1.4833 1.1885 1.3438 1.4530 0.7390 1.2396 1.6678 1.4491 1.4281 1.1296 1.3586 1.3104 1.5190 1.0522 0.4438 1.1020 0.9380 0.7207 0.9106 0.8699 0.8769 0.9487 0.9705 0.6860 0.7676 0.2048 
2.5906 1.5602 1.1498 1.4020 1.5142 1.3889 1.2978 1.4953 1.5434 1.1317 0.5855 1.5553 1.1882 1.4755 1.1591 0.8243 1.0781 0.7772 1.0711 1.2916 0.9749 1.2684 0.2831 0.7326 1.0872 0.9248 0.6726 0.6531 0.6374 0.3638 -0.0412 -0.0867 0.2270 
