2.5665 2.0248 1.5784 1.2707 1.2633 1.0875 1.1021 1.1424 1.0377 1.4753 1.4198 0.9844 1.2873 1.4770 1.4091 1.2192 1.2631 1.1663 1.3237 1.3340 1.1030 0.7553 1.1454 1.1360 0.6621 0.6920 0.5913 0.4738 0.5528 0.4066 0.5612 0.7093 0.6682 
2.7940 2.4221 2.1944 1.7923 1.7575 1.7435 1.5790 1.5416 1.5982 1.2213 1.4269 1.5212 1.0900 1.1431 1.3335 1.4034 0.9651 1.3607 1.2590 1.0077 0.9358 1.2807 1.1560 0.8848 1.2263 1.0587 1.0437 1.1316 1.0383 0.9468 1.1747 1.0578 0.8945 
2.1965 1.7198 0.9360 1.2149 1.3448 1.4978 1.4430 1.6169 1.6050 1.6102 1.5744 1.4247 1.4076 1.5594 1.3765 1.6367 1.2369 1.5978 1.2992 1.4098 1.2481 1.2216 1.2915 1.2812 1.2323 1.1733 0.9305 0.8796 0.6466 0.3807 0.0457 0.4394 0.2066 
2.6836 2.3440 1.9761 1.8966 1.8943 1.6207 1.3600 1.8840 1.5532 1.5441 1.2552 1.6276 1.5566 1.4836 1.0945 1.5497 1.3115 1.5038 1.0156 1.3394 1.3603 1.3951 0.9755 1.2100 1.1474 1.4204 0.8266 1.0126 1.1840 1.0476 0.9698 1.0072 0.7698 
2.7061 2.1334 1.8103 1.4593 1.5978 1.6891 1.6865 1.9504 1.6330 1.2734 1.2295 1.5931 1.5952 1.4376 1.3610 1.2981 1.0829 1.2620 1.2831 1.3051 1.4093 1.3604 0.9438 0.9493 1.2545 1.5130 1.1765 1.0728 0.8894 0.6138 0.7577 0.7474 0.7765 
2.1941 1.9410 2.0000 1.5116 1.3566 0.9076 1.4600 0.8219 1.2890 1.5723 1.5031 1.4387 1.1362 1.6226 1.4451 1.7033 1.5921 1.6652 1.3561 1.5034 0.9663 1.2326 1.2300 1.2477 0.9206 0.3668 0.9416 0.2818 0.6491 0.6484 0.9879 0.6338 0.3168 
2.8738 2.4393 2.2285 2.0729 1.7304 1.5920 1.0458 1.2912 1.6303 1.6698 1.6142 1.6949 1.3243 1.4750 0.7171 1.3638 1.2897 1.3263 0.6343 1.3346 1.1510 1.4856 1.3366 1.3434 1.2534 0.8300 0.5213 0.9786 1.0166 1.2399 1.2247 1.0613 0.9687 
2.7010 2.2814 1.9604 1.7860 1.8817 1.4644 1.4751 1.6561 1.2817 1.3836 1.3996 1.5408 1.0467 1.5592 1.6680 1.6219 1.3687 1.5836 1.5897 1.4117 0.8828 1.2970 1.1286 1.0545 0.8994 1.2247 0.9486 0.8538 1.1673 0.9443 0.9518 0.9469 0.7741 
3.0772 2.6007 2.1733 2.0166 1.8680 1.7101 1.5959 1.6478 1.4695 1.5365 1.5498 0.8047 1.6383 1.1322 1.1000 1.4795 1.1457 1.4262 1.0150 0.9973 1.4676 0.6141 1.2666 1.1970 1.0701 1.2154 1.0596 1.1019 1.1479 1.1893 1.1294 1.2642 1.1411 
2.8751 2.1975 1.8033 1.8127 1.5690 1.6294 1.4873 1.8314 1.8797 1.9985 1.8776 1.8897 1.8103 0.8896 2.0622 1.9414 1.6658 1.9015 1.9719 0.7366 1.6194 1.6561 1.5952 1.6686 1.4959 1.3553 0.9559 1.0148 0.8480 0.9599 0.7536 0.8211 0.9717 
2.8352 2.1708 1.0817 1.5705 1.4332 1.4150 0.9071 1.2831 1.1605 1.2875 1.4511 1.3965 1.6498 1.2864 1.3314 1.6550 1.4307 1.6137 1.2576 1.1526 1.4814 1.1884 1.1802 0.9600 0.7512 0.8191 0.3796 0.8022 0.7287 0.7346 -0.0107 0.7598 0.9256 
2.2424 1.6782 1.5172 1.8417 1.6347 1.5461 1.2510 1.5587 1.3881 1.5756 1.5412 1.4727 1.3827 1.3527 1.1149 1.3669 1.5487 1.3315 1.0306 1.2378 1.2299 1.2515 1.2540 1.2486 1.0047 1.0830 0.6981 0.9327 0.9346 0.9763 0.4443 0.3519 0.3140 
2.6119 1.9378 1.9364 1.6759 1.6060 1.4614 1.9009 1.6322 1.8983 1.6133 1.0797 1.4388 1.3698 1.1487 0.7063 1.2674 1.4927 1.2362 0.6344 1.0127 1.2185 1.2320 0.8013 1.2837 1.5235 1.1913 1.3634 0.8598 0.9029 0.8602 0.9334 0.6041 0.7119 
1.5406 1.9787 1.4291 1.2742 1.4545 0.7801 1.3697 1.3568 1.4529 0.9319 1.1635 0.7963 1.3413 1.3120 0.9858 1.0862 -0.2270 1.0472 0.9184 1.1904 1.1724 0.6034 0.8948 0.5886 1.0539 0.9304 0.8523 0.1336 0.7389 0.4072 0.4197 0.6862 -0.4810 
2.1757 1.0551 1.9406 1.5855 1.1676 1.5996 1.5280 1.7339 1.4252 0.4617 1.6695 1.3113 1.7678 1.4417 1.2296 1.5231 1.5689 1.4667 1.1210 1.3073 1.5897 1.0747 1.3921 0.1621 1.0344 1.2853 0.9845 0.9877 0.4309 0.7313 0.9355 -0.3500 0.2826 
2.6403 2.1766 1.6070 1.3244 1.4154 1.5851 1.2394 1.6665 1.6691 1.6201 1.6011 1.7191 1.5475 1.4405 1.4392 1.2381 1.1742 1.1895 1.3513 1.3073 1.3522 1.5127 1.3207 1.2906 1.2881 1.2322 0.6990 0.9681 0.7020 0.4563 0.5752 0.8026 0.7179 
2.5904 1.7351 1.5554 1.8170 1.8177 1.5881 1.5357 1.6261 1.1838 1.5880 1.6661 1.3397 1.1975 1.5935 1.4624 1.3255 0.3214 1.2869 1.3640 1.4618 1.0017 1.1072 1.3845 1.2641 0.7833 1.1848 0.9855 0.9691 1.0715 0.9612 0.4837 0.2763 0.6634 
2.7619 2.1993 1.8996 1.6356 1.5669 1.3774 1.2728 1.5149 1.5365 1.3588 1.2799 1.3393 1.4639 0.8826 0.6743 1.2491 0.7514 1.2092 0.6062 0.7382 1.2846 1.1121 0.9989 1.0278 1.1253 1.0415 0.7359 0.7636 0.8440 0.7843 0.8728 0.8300 0.8108 
2.8830 2.2818 1.9459 1.9176 1.6312 1.6343 1.4983 1.3824 1.2587 1.6991 1.1947 1.1219 1.7078 1.4240 1.5773 1.7720 1.5618 1.7195 1.4964 1.2967 1.5504 0.9209 0.9224 1.3652 0.8745 0.9462 0.9623 1.0242 0.9334 1.0668 0.9350 0.9329 0.9700 
2.8229 2.3887 1.9230 1.8627 1.9367 1.7889 0.7508 1.7521 1.7048 1.6095 1.6669 1.8605 1.7702 1.6282 1.4196 1.3424 1.2340 1.3013 1.3345 1.5119 1.5909 1.6200 1.3867 1.2802 1.3193 1.2981 0.2313 1.1745 1.2398 1.0045 0.9026 1.0293 0.9152 
2.7519 2.1730 1.8778 1.6955 1.7770 1.5333 1.5763 1.0432 1.3867 1.3080 1.1928 1.2390 1.2507 1.1527 1.2828 1.0559 0.8845 1.0163 1.2082 1.0167 1.0546 0.9971 0.9236 0.9789 1.0054 0.6112 1.0406 0.9215 1.0524 0.8623 0.8357 0.7836 0.8059 
2.9989 2.5058 2.1685 2.0920 1.8419 1.5341 1.8656 1.7110 1.6742 0.9199 1.6603 1.7089 1.0598 1.5387 1.3510 1.7822 -0.5597 1.7286 1.2746 1.3784 0.9065 1.5008 1.3772 0.5959 1.2965 1.2690 1.3264 0.9216 1.0994 1.2518 1.1183 1.1442 1.0595 
2.7766 2.1021 1.7906 1.6660 1.5278 1.7395 1.5614 0.8024 1.3652 1.0535 0.9928 0.5070 0.7460 1.0035 0.6634 1.0535 0.3146 1.0133 0.5849 0.8820 0.5701 0.3096 0.7099 0.7255 0.9899 0.3680 1.0186 1.1232 0.7815 0.8152 0.7390 0.7020 0.8371 
2.9082 2.3763 2.0431 1.7750 1.8621 1.6465 1.7068 1.5844 1.7824 1.8862 1.9168 1.5363 1.6136 1.6665 1.6147 1.5446 0.7171 1.4942 1.5440 1.5528 1.4316 1.2922 1.6369 1.5600 1.3777 1.1165 1.2005 1.0317 1.1350 0.9368 1.0139 1.0090 1.0013 
2.5562 1.9931 1.8346 1.3625 1.5430 1.4672 1.8036 1.5379 1.4675 1.3600 1.4676 1.7830 1.5915 1.2760 1.2429 1.3638 1.5555 1.3259 1.1423 1.1367 1.4025 1.5604 1.2019 1.0262 1.0647 1.0543 1.2705 0.8666 0.8135 0.5227 0.7745 0.6421 0.6324 
2.9437 2.5168 2.2708 2.0769 1.6531 1.9643 1.8575 1.5766 1.5680 1.6116 1.3732 1.4996 1.6423 1.3871 1.3780 0.8422 1.5610 0.7951 1.2999 1.2697 1.4720 1.2673 1.1001 1.2829 1.1772 1.1135 1.3125 1.3533 0.9467 1.2414 1.2552 1.1691 1.0244 
2.8894 2.1526 2.1280 1.8687 2.0028 1.7476 1.9247 1.7517 1.7667 1.7016 1.6535 1.5233 1.6243 1.1409 1.4546 1.2377 1.1181 1.1894 1.3605 1.0075 1.4485 1.2819 1.3694 1.3674 1.3644 1.2974 1.3879 1.1325 1.2946 1.0047 1.0637 0.7252 0.9648 
3.0835 2.5488 2.2509 2.0498 1.8509 1.5533 1.8717 1.8652 1.7491 1.4988 0.9085 1.4462 1.5801 1.6317 1.4441 1.4235 -0.4270 1.3746 1.3539 1.5174 1.3878 1.2361 0.6281 1.1613 1.3566 1.3903 1.3318 0.9374 1.1141 1.2244 1.2377 1.2019 1.1469 
2.9301 2.2542 1.6753 1.5766 1.6978 1.4371 1.8718 1.7334 1.7719 1.3326 0.9402 1.1635 0.4779 1.5829 1.4335 1.2931 1.6937 1.2581 1.3435 1.4447 0.3440 0.9416 0.6481 0.9938 1.3688 1.2890 1.3337 0.8155 0.9851 0.7069 0.6318 0.8626 1.0038 
3.1247 2.5821 2.2865 1.9440 1.8836 1.9023 1.9609 1.9230 1.6942 1.8210 1.7757 1.2638 1.5398 1.3599 1.6676 1.6201 1.4517 1.5825 1.5898 1.2464 1.3424 1.0230 1.5099 1.4831 1.3144 1.4746 1.4343 1.2884 1.1636 1.0878 1.2693 1.2356 1.2167 
3.0216 2.5160 2.1804 2.0009 1.8546 1.6060 1.8500 1.4164 1.6833 1.5379 1.5398 1.6491 1.6275 1.5579 1.6320 0.6872 1.5390 0.6467 1.5579 1.4095 1.4506 1.4222 1.2531 1.2012 1.3020 0.9681 1.3047 0.9897 1.1198 1.1679 1.1354 1.1563 1.0754 
3.1509 2.5862 2.2772 1.8273 1.8114 1.6569 1.5501 1.6940 1.2799 1.7013 1.6542 1.6217 1.7330 1.8778 1.5697 0.9122 0.4482 0.8591 1.4827 1.7353 1.5671 1.3869 1.3704 1.3665 0.9007 1.2567 1.0036 1.0386 1.0691 0.9679 1.2579 1.2372 1.2414 
3.0418 2.4708 2.0966 2.0257 1.7461 1.7480 1.6761 1.5595 1.6067 1.3797 1.5222 1.2996 1.4148 1.2402 1.1985 1.4303 0.9662 1.3806 1.0909 1.0851 1.2520 1.0619 1.2415 1.0523 1.2337 1.0833 1.1625 1.1326 1.0267 1.1964 1.0489 1.0771 1.0969 
3.0840 2.5407 2.1770 2.0889 2.0396 1.8810 1.9005 1.8601 1.5220 1.7900 1.7989 1.7545 1.7812 1.5435 1.6959 1.6651 1.5061 1.6231 1.6159 1.3856 1.5986 1.5435 1.5319 1.4517 1.1080 1.3831 1.3625 1.2667 1.3249 1.2462 1.1296 1.1852 1.1447 
3.0120 2.4410 2.1577 2.0519 1.9079 1.8312 1.5814 1.2974 1.8651 1.8638 1.0880 1.3825 1.3693 1.2732 1.5483 1.5364 1.2595 1.4813 1.4469 1.1332 1.2196 1.1720 0.8222 1.5392 1.4692 0.8406 1.0450 1.2177 1.2038 1.2249 1.0969 1.0470 1.0657 
3.1087 2.5935 2.2809 1.8029 1.8950 1.9008 1.9251 1.9333 1.8813 1.8234 1.5550 1.1227 1.5740 1.6373 1.2928 1.0358 1.0853 0.9946 1.2217 1.5264 1.3822 0.9251 1.2717 1.4863 1.4975 1.4903 1.3900 1.2864 1.1828 0.9489 1.2610 1.2530 1.1862 
2.8859 2.1837 2.1873 1.6723 1.6685 1.6523 1.8360 1.6101 1.3984 1.3605 1.3826 1.5049 1.6813 1.8955 1.5625 1.6839 1.0558 1.6467 1.4695 1.7608 1.5329 1.2695 1.1099 1.0316 1.0143 1.1584 1.2900 1.0378 0.9638 0.8271 1.1467 0.7674 0.9617 
2.9896 2.4093 2.1336 1.8215 1.6566 1.3339 1.7067 1.4452 0.9662 0.6228 0.9026 1.5947 1.2460 1.2690 1.3664 1.3823 0.6137 1.3448 1.2900 1.1268 1.0509 1.3600 0.6319 0.2586 0.5944 0.9870 1.2039 0.7263 0.9581 0.9695 1.0780 1.0244 1.0554 
2.8375 1.8707 1.6689 1.5071 0.7853 1.5012 1.1217 1.1006 1.3864 1.3539 1.7123 1.0498 1.5135 1.1559 1.2440 1.0524 0.5486 1.0135 1.1447 1.0178 1.3182 0.8245 1.4392 1.0254 1.0020 0.6518 0.6065 0.8818 0.0884 0.6465 0.6321 0.3613 0.9245 
3.0313 2.4776 2.1386 1.9889 1.7980 1.7969 1.7149 1.5772 1.6437 1.4284 1.6088 1.3174 1.5203 1.5053 1.2450 1.5147 1.1470 1.4589 1.1433 1.3585 1.3227 1.0867 1.3299 1.0929 1.2651 1.1115 1.2113 1.1840 1.0651 1.1557 1.0800 1.0926 1.0925 
2.8777 2.3516 2.1021 2.1963 1.8611 1.8790 1.3366 1.0225 1.1260 1.7116 1.6421 1.6170 1.6728 1.7718 1.6353 1.4757 1.7771 1.4244 1.5599 1.6332 1.5220 1.3814 1.3606 1.3781 0.7332 0.5844 0.8056 1.2668 1.1270 1.3442 1.0562 0.9903 0.9654 
2.8551 2.3226 1.9301 1.7531 1.6640 1.8353 1.4743 1.8633 1.9400 1.4569 1.5051 1.6046 1.6693 1.8020 1.5674 1.5412 1.0219 1.4876 1.4802 1.6558 1.5121 1.3680 1.2328 1.1161 1.5618 1.3890 0.9505 1.2195 0.9571 0.9246 0.9141 0.9713 0.9465 
2.9626 2.4231 2.2199 1.8449 1.4935 1.3393 1.8042 1.3194 1.2457 1.7839 1.8763 1.1356 1.6815 1.7360 1.7131 1.5876 1.6521 1.5533 1.6303 1.6060 1.5329 0.9238 1.5924 1.4466 0.8378 0.8709 1.2689 0.7189 0.7552 0.9789 1.1984 1.0368 1.0308 
2.9114 2.4872 1.9481 2.1062 2.0266 2.1587 2.0376 1.6710 1.8290 1.6084 1.4434 1.5845 1.6380 1.6010 1.2975 1.2217 1.5691 1.1654 1.2277 1.4707 1.4651 1.3522 1.1782 1.2809 1.4191 1.2421 1.5339 1.5468 1.3149 1.2573 0.9265 1.1151 0.9911 
2.8212 2.2142 1.7563 1.7798 1.7576 1.4596 0.7838 1.3856 1.2308 1.3655 1.7042 1.5809 1.3394 0.4285 1.0922 1.5775 1.4360 1.5446 1.0123 0.3125 1.1674 1.3468 1.4333 1.0435 0.8216 0.9502 0.2486 0.8512 1.0437 0.9448 0.7233 0.8352 0.9007 
2.6606 2.0947 1.6605 1.6568 1.4251 1.3699 1.4026 1.0816 0.9768 1.1501 1.1561 0.7551 1.2377 0.9060 0.9747 1.1483 0.4306 1.0960 0.8990 0.7490 1.0400 0.5429 0.8879 0.8139 0.5989 0.6430 0.8931 0.7565 0.7097 0.8099 0.6377 0.7145 0.7374 
2.2915 1.8684 1.8525 1.5026 1.6096 1.9460 1.5886 1.2397 1.6532 1.6045 1.5115 1.6313 1.3583 0.6921 1.5529 1.5517 1.2758 1.5079 1.4556 0.5615 1.1920 1.4001 1.2373 1.2762 1.2713 0.7684 1.0484 1.3356 0.9145 0.6602 0.8041 0.5102 0.3721 
2.8094 2.2947 2.0927 2.0061 1.8204 1.9710 1.8456 1.7304 1.7928 1.6103 1.7472 1.4361 1.5298 1.5315 0.8354 1.3419 0.8201 1.3015 0.7456 1.3689 1.3311 1.2294 1.4774 1.2828 1.3851 1.2828 1.2980 1.3584 1.0800 1.1741 1.0532 0.9517 0.8957 
2.7519 2.2197 1.7985 1.7068 1.5666 1.5824 1.5827 1.2782 1.2029 0.9947 -0.0387 1.2445 1.1413 0.8839 1.0707 0.9137 0.3277 0.8585 0.9939 0.7372 0.9670 1.0030 -0.3163 0.6677 0.7928 0.8193 1.0471 0.9712 0.8459 0.8786 0.7483 0.8639 0.8061 
2.8365 2.3360 1.2621 1.8566 1.5950 1.6570 0.7889 1.3615 1.3921 1.6869 1.5055 1.6731 1.6434 0.3626 1.1443 1.2737 1.2590 1.2416 1.0520 0.2565 1.4728 1.4608 1.2325 1.3610 1.0106 0.9283 0.2756 1.0451 0.8873 0.9924 0.1922 0.9843 0.9336 
2.7356 2.2169 1.8660 1.6615 1.3995 1.4880 0.8069 1.2880 1.3435 1.3268 1.2450 1.2618 0.7450 1.1293 1.2684 0.7817 0.3074 0.7415 1.1854 1.0003 0.5796 1.0266 0.9616 0.9981 0.9621 0.8279 0.2945 0.8745 0.6880 0.8121 0.8175 0.8597 0.7926 
3.0578 2.5899 2.2563 1.9413 2.0110 1.8245 1.9341 1.6486 1.6878 1.6652 1.6887 1.4084 0.9069 1.6686 1.5582 1.5549 1.0477 1.5130 1.4638 1.5547 0.7149 1.2000 1.4163 1.3330 1.3078 1.2108 1.4006 1.2129 1.3025 1.0904 1.2428 1.2565 1.1204 
3.1551 2.7841 2.2799 2.1617 1.9470 1.8974 1.9762 2.0408 1.7213 1.9877 1.7485 1.8373 1.8611 1.4769 1.6053 0.9566 1.3235 0.9253 1.5370 1.3333 1.6664 1.5943 1.4784 1.6638 1.3327 1.5912 1.4583 1.2822 1.2476 1.3005 1.2575 1.4199 1.2436 
3.2220 2.6627 2.3212 2.0212 1.9034 1.7358 1.8148 1.9526 1.7079 1.7246 1.6806 1.5776 1.6174 0.9998 1.5940 1.3779 -0.4038 1.3400 1.5207 0.8775 1.4407 1.3440 1.4078 1.3889 1.3204 1.5126 1.2774 1.1301 1.2055 1.1983 1.3003 1.2979 1.3088 
2.5119 3.0613 2.6690 2.4363 2.2301 2.0801 2.1174 1.6287 1.7996 1.6820 1.8749 2.0040 1.8501 1.7704 1.8689 1.6260 1.3203 1.5863 1.7757 1.6317 1.6533 1.7945 1.5946 1.3594 1.3999 1.1727 1.5804 1.4637 1.5359 1.5815 1.6428 1.7326 0.6778 
3.2739 2.9377 3.4492 3.1940 3.0855 2.9635 2.8971 2.8824 2.8368 2.7341 2.6876 2.6207 2.5869 2.5398 2.5040 2.5309 2.5129 2.4946 2.4250 2.4203 2.4259 2.4110 2.4196 2.3951 2.4635 2.4508 2.3813 2.3533 2.3595 2.3554 2.4580 1.6984 1.2452 
3.8912 3.7863 3.5049 3.4261 3.2672 3.1529 3.0536 2.9616 2.9142 3.0812 2.9131 2.8520 2.8313 2.7939 2.7745 2.7282 2.7813 2.6733 2.6719 2.6497 2.6482 2.6197 2.6403 2.7530 2.5359 2.5128 2.5141 2.5415 2.5559 2.5816 2.5123 2.4742 2.0814 
4.3023 4.0181 3.9509 3.5559 3.3944 3.2073 3.0856 2.9700 3.0717 2.9495 2.8496 2.8288 2.7999 2.7851 2.7266 2.7383 2.7018 2.6824 2.6196 2.6353 2.6055 2.5921 2.5703 2.6146 2.6613 2.5192 2.5421 2.5951 2.6659 2.7317 2.9043 2.6822 2.3550 
4.1039 4.0038 3.9420 3.6839 3.4695 3.3815 3.3057 3.1681 3.2181 3.0789 2.9989 2.9337 2.9321 2.9270 2.8838 2.8565 2.8284 2.8178 2.8049 2.8076 2.7759 2.7258 2.7294 2.7490 2.8376 2.7260 2.7863 2.7692 2.7737 2.8243 2.9023 2.6694 2.2072 
2.9949 4.1655 4.0402 3.6658 3.4866 3.3976 3.3903 3.2267 3.1230 3.1347 3.0890 3.0391 3.0031 2.9693 2.9213 2.9136 2.8958 2.8766 2.8418 2.8385 2.8223 2.8054 2.8052 2.8075 2.7468 2.7895 2.8477 2.7852 2.7865 2.8088 3.0170 2.8589 1.1008 
3.6968 4.2534 3.8706 3.5252 3.4366 3.3369 3.2016 3.1729 3.1194 3.0717 3.0255 2.9479 2.9259 2.9160 2.8873 2.8744 2.8353 2.8339 2.8077 2.7998 2.7717 2.7416 2.7580 2.7346 2.7407 2.7334 2.6812 2.7241 2.7328 2.6960 2.8403 2.9189 1.4835 
4.0698 4.2638 3.6845 3.4646 3.1018 2.9290 2.8146 2.7953 2.7428 2.5747 2.5799 2.5143 2.4882 2.4152 2.4272 2.4062 2.2841 2.3516 2.3195 2.2694 2.2909 2.2806 2.2956 2.2436 2.3306 2.3260 2.2782 2.3161 2.3789 2.6128 2.6134 2.9247 2.1525 
3.9481 4.1816 3.6943 3.4242 3.0931 2.9772 2.8240 2.7978 2.8503 2.6886 2.6406 2.5895 2.5934 2.5879 2.5309 2.5062 2.4919 2.4724 2.4613 2.4737 2.4422 2.3705 2.3690 2.3515 2.4744 2.3298 2.2854 2.3648 2.3690 2.5732 2.6344 2.8665 2.1294 
3.5946 4.2318 3.7298 3.2748 3.1639 3.0749 2.8972 2.9000 2.8710 2.8231 2.7810 2.7252 2.6478 2.6150 2.5967 2.5391 2.5379 2.5017 2.5208 2.4973 2.4835 2.4942 2.4971 2.4963 2.4918 2.4704 2.3810 2.4625 2.4674 2.4515 2.6856 2.8990 1.9794 
2.8744 4.1995 3.5317 2.7350 2.8263 2.5705 2.5855 2.5394 1.8987 1.8130 2.0479 2.1402 1.6701 1.5627 1.5413 1.3662 0.4593 1.3260 1.4872 1.4527 1.5506 1.9095 1.7949 1.4973 1.5575 2.1058 2.0748 1.9748 2.1449 1.8930 2.5044 2.8767 1.7030 
3.3076 4.1025 3.5205 2.9749 3.0847 2.9717 2.9045 2.9087 2.5983 2.7359 2.6996 2.6921 2.6221 2.5929 2.6035 2.5882 2.5818 2.5486 2.5269 2.4818 2.4676 2.4755 2.4342 2.4000 2.2239 2.4783 2.3984 2.3689 2.3693 2.1692 2.5103 2.7957 1.6831 
3.7207 4.0234 3.7178 3.4338 3.4192 3.3452 3.2393 3.1683 3.1162 3.0580 2.9712 2.9462 2.8490 2.8293 2.8196 2.8043 2.8049 2.7714 2.7460 2.7022 2.6719 2.7401 2.7014 2.7192 2.7364 2.7283 2.7330 2.7359 2.7090 2.5876 2.6823 2.7203 1.8323 
3.8831 4.0203 3.8711 3.5910 3.5319 3.4494 3.3785 3.3142 3.1647 3.0901 3.0244 3.0505 2.9323 2.9646 2.9565 2.9232 2.8890 2.8850 2.8703 2.8352 2.7759 2.8124 2.7575 2.7654 2.7876 2.8522 2.8325 2.8374 2.8285 2.7675 2.8448 2.7161 1.8932 
4.1545 4.2663 3.9964 3.7013 3.6105 3.5041 3.4256 3.2918 3.2918 3.2216 3.2460 3.0643 3.0065 2.9505 2.9793 2.9756 2.9540 2.9246 2.8890 2.8248 2.8240 2.8207 2.9742 2.8944 2.8951 2.8361 2.8909 2.8914 2.8889 2.8424 2.9352 2.9256 2.1078 
4.0877 4.2021 3.9169 3.5159 3.5467 3.4551 3.3830 3.2432 3.2046 3.1307 3.1092 3.0287 3.1106 3.1047 3.1215 3.1084 3.1016 3.0758 3.0449 2.9621 2.9176 2.7986 2.8273 2.8034 2.8247 2.8016 2.8382 2.8426 2.8385 2.6821 2.8734 2.8809 2.0051 
4.0970 4.2012 3.9312 3.5113 3.5176 3.4365 3.3659 3.2195 3.2104 3.1669 3.1557 2.9962 3.0711 2.9930 2.9544 2.9277 2.9123 2.8892 2.8687 2.8563 2.8709 2.7794 2.8771 2.8372 2.8311 2.7852 2.8223 2.8239 2.8161 2.6736 2.8851 2.8803 2.0197 
4.0320 4.1107 3.8786 3.4571 3.4481 3.3820 3.3049 3.2680 3.1720 3.1076 2.9610 3.1044 3.0367 3.0390 3.0067 2.9942 2.9739 2.9419 2.9038 2.8913 2.8457 2.8677 2.6919 2.7822 2.7935 2.8193 2.7854 2.7699 2.7532 2.6044 2.8475 2.8038 1.9691 
4.1544 4.2330 3.9987 3.6137 3.5273 3.4186 3.2937 3.3269 3.2098 3.2265 3.1564 3.3029 3.1799 3.0865 3.0483 2.9450 2.9270 2.8984 2.9393 2.9337 3.0106 3.0866 2.8780 2.8969 2.8310 2.8619 2.7787 2.8068 2.8253 2.7791 2.9431 2.8985 2.1306 
4.1879 4.1994 3.8461 3.4284 3.4080 3.3378 3.2507 3.2023 3.1199 3.0755 2.8835 2.6008 2.8140 2.7057 2.7705 2.7531 2.6680 2.6964 2.6653 2.5644 2.6256 2.3924 2.5999 2.7444 2.7431 2.7712 2.7462 2.7276 2.6907 2.5799 2.8214 2.8713 2.1675 
4.3067 4.3005 3.7330 3.0902 3.0334 2.8627 2.9375 3.0831 3.1089 3.0429 2.8714 2.9512 2.7476 2.2798 2.5080 2.5019 2.4702 2.4660 2.4217 2.1551 2.5514 2.7505 2.5914 2.7060 2.7251 2.6050 2.4290 2.2531 2.3095 2.2544 2.7014 2.9424 2.2731 
4.1775 4.1546 3.5135 2.8994 2.5533 2.7262 2.7708 2.5664 2.9252 3.0840 3.0687 3.1115 2.6826 2.6645 2.7613 2.4136 1.8000 2.3507 2.6492 2.5369 2.5027 2.8750 2.7855 2.7595 2.5478 2.1296 2.2253 2.1385 1.8645 2.0804 2.5132 2.8343 2.2732 
4.0330 4.0043 3.4814 3.4220 3.1092 3.1134 2.9915 3.0697 2.7820 2.7652 2.9172 3.0139 2.7238 2.6544 2.7003 2.6079 2.5792 2.5707 2.5972 2.5256 2.5330 2.7888 2.6439 2.4234 2.3822 2.5888 2.4733 2.4976 2.3822 2.5587 2.4825 2.6670 2.2166 
4.1943 4.3456 3.9833 3.7898 3.7097 3.5774 3.5128 3.4882 3.3008 3.2472 3.2608 3.1343 2.9139 3.0809 3.0538 3.0500 3.0269 2.9936 2.9452 2.9257 2.7655 2.8974 2.9879 2.9143 2.8981 3.0528 2.9975 2.9662 2.9879 2.9521 2.9219 3.0413 2.2747 
3.8764 4.6468 4.4373 4.0093 3.4542 3.2954 3.2129 3.4671 3.0780 3.5067 3.6804 3.2291 2.9539 2.7680 2.3773 2.6646 2.5440 2.6141 2.2821 2.6099 2.7917 3.0168 3.3955 3.1784 2.6662 3.0235 2.7028 2.6830 2.7623 3.1466 3.4226 3.3369 0.9195 
4.3276 3.9975 4.2336 3.4031 3.0975 2.9714 3.0780 2.9712 3.0722 3.0866 3.0445 2.4570 2.8607 2.7073 2.7231 2.5016 2.3045 2.4654 2.6150 2.5696 2.6930 2.2093 2.7666 2.7582 2.6597 2.5178 2.5399 2.3613 2.3768 2.5854 3.1999 2.6672 2.4279 
4.6158 4.6744 4.4603 4.0712 3.9028 3.7084 3.5428 3.1414 2.8477 2.2668 2.4596 2.5342 2.7488 2.6295 2.5026 2.2820 2.4564 2.2354 2.4215 2.5078 2.5448 2.2862 2.1625 1.9182 2.4655 2.6774 3.0285 3.0915 3.1816 3.2145 3.4414 3.3779 2.6846 
4.2087 4.2817 4.6268 3.3323 3.3865 3.0982 3.5474 3.1684 3.1199 3.1184 2.5063 3.0870 3.1807 3.0677 2.2795 2.3602 1.5784 2.2855 2.1758 2.8979 3.0199 2.8526 2.2753 2.7796 2.7268 2.7295 3.0328 2.5002 2.6350 2.5870 3.5900 2.9827 2.3499 
3.1039 4.1845 4.7283 4.4601 4.0855 3.9912 2.6343 3.8391 3.7360 3.7023 3.7042 3.2907 3.5848 3.6254 3.5170 3.5017 3.4519 3.4600 3.4409 3.4840 3.4152 3.0791 3.4204 3.3785 3.3579 3.4038 2.1684 3.3773 3.3878 3.6254 3.7188 2.8954 1.5447 
4.1868 4.2148 4.3847 4.2683 4.1257 3.9352 3.5180 3.8182 3.0805 3.5470 3.5144 3.4147 3.5366 3.4687 3.3519 3.2916 3.2586 3.2402 3.2436 3.3518 3.3844 3.1797 3.2429 3.2155 2.6751 3.3864 3.0154 3.3201 3.4259 3.4174 3.3816 2.8840 2.2497 
4.5595 4.6446 4.4462 4.4224 4.1368 3.9923 3.7200 3.8429 3.7066 3.2463 3.3914 3.1149 3.3567 3.2055 2.1895 2.5707 2.4703 2.5308 2.1182 3.0930 3.1604 2.8814 3.1078 2.9145 3.3079 3.4049 3.1840 3.3791 3.4347 3.5769 3.4356 3.3200 2.5564 
4.2626 4.3596 4.2075 4.5177 4.2221 4.0510 3.8354 3.8167 3.7257 3.7863 3.7139 3.8538 3.8576 3.9101 3.7744 3.7671 3.7334 3.7295 3.7015 3.7738 3.7001 3.6459 3.4309 3.4583 3.3411 3.3860 3.3207 3.4384 3.5019 3.6915 3.1873 3.0440 2.3015 
4.1858 4.5882 4.5169 4.6025 4.0315 3.5178 3.6105 3.9108 3.8533 3.7389 3.4008 3.4655 3.7130 3.3857 3.2493 2.8806 2.6223 2.8403 3.1663 3.2281 3.5149 3.2331 3.1190 3.4110 3.4673 3.4530 3.0931 2.9035 3.3076 3.7410 3.4922 3.2472 1.9982 
4.3090 4.0935 4.7432 4.6884 4.1595 3.8814 4.0809 4.0581 3.9964 3.5073 3.5341 3.3270 3.5665 3.3992 3.4764 3.3652 3.3497 3.3084 3.4013 3.2504 3.4023 3.1059 3.2611 3.1705 3.5879 3.6033 3.5498 3.2686 3.4490 3.8337 3.7410 2.7658 2.4181 
4.3355 4.5816 4.6082 4.3051 4.0255 3.7915 3.9054 3.4229 3.5706 3.0985 3.5450 3.3615 3.4452 3.3836 3.4419 3.2565 3.2151 3.2075 3.3738 3.2255 3.2625 3.1216 3.2717 2.7755 3.1798 2.9525 3.3897 3.1744 3.2968 3.4561 3.5544 3.2511 2.3965 
3.4266 4.4118 4.5261 4.1848 3.6223 3.7082 3.6912 3.5467 3.1042 3.2802 3.7123 3.2183 3.2646 3.1558 2.2271 2.6135 2.5796 2.5739 2.1556 3.0349 3.0991 3.0022 3.4294 2.9517 2.7138 3.1079 3.1476 3.0963 2.8869 3.3510 3.5036 3.1033 1.3479 
3.9913 4.5514 4.5594 4.1830 3.3832 3.5766 3.7055 2.9314 3.3213 3.1611 3.4628 3.2000 3.0993 3.2060 3.2137 2.9404 3.0140 2.8966 3.1367 3.0936 2.9001 2.9767 3.1850 2.8333 2.9182 2.4923 3.1659 2.9641 2.6368 3.3615 3.5127 3.2107 1.3036 
3.7533 4.6268 4.3982 4.4121 3.7434 3.3804 3.4816 3.6874 3.7860 3.6953 3.4180 2.9691 2.8755 2.7562 2.8949 2.7545 2.5141 2.6945 2.8190 2.5916 2.7048 2.7656 3.1342 3.3648 3.4069 3.2074 2.9457 2.7686 3.0282 3.5677 3.3893 3.3053 1.0575 
4.3013 4.2840 4.4437 4.4757 3.8386 3.5187 3.8703 3.9546 3.6398 3.8008 3.5105 3.1011 3.2141 3.1511 2.9888 3.0248 2.9960 2.9695 2.8953 3.0293 3.0646 2.8630 3.2354 3.4686 3.2330 3.4834 3.3695 2.9070 3.1294 3.6476 3.4443 2.9299 2.4461 
3.6098 4.2048 4.4491 4.4165 3.8375 3.6451 3.4857 3.2552 3.2141 3.5451 3.0783 2.5308 2.7504 2.4779 2.9064 2.2886 2.6154 2.2503 2.8304 2.3435 2.5580 2.3005 2.7948 3.2112 2.8338 2.8131 2.9505 3.0326 3.1334 3.5755 3.4366 2.8652 0.4922 
3.8881 3.2659 4.3134 4.3963 3.8486 3.6035 3.4475 3.8150 3.4237 3.5449 3.4899 3.3963 3.3717 3.3006 3.4666 3.3238 3.2647 3.2689 3.3942 3.1648 3.1723 3.1573 3.2069 3.2114 3.0446 3.3840 2.9157 2.9889 3.1396 3.5504 3.2785 2.0340 1.9970 
3.1747 3.8620 4.3221 4.1659 3.7549 3.1159 3.9039 3.5523 3.1853 3.4743 3.0902 3.1172 2.9211 3.0764 3.1348 2.9155 2.8302 2.8769 3.0667 2.9213 2.7706 2.8850 2.8092 3.1443 2.8012 3.1079 3.3909 2.5306 3.0630 3.3458 3.2869 2.5306 1.8289 
3.7415 3.6682 4.5204 4.2308 3.7938 3.5507 3.8215 3.5622 3.6724 3.3828 3.2969 2.9918 3.0784 3.1235 2.9726 3.0825 3.0832 3.0367 2.8829 2.9900 2.8805 2.7764 3.0272 3.0487 3.2619 3.1158 3.3069 2.9363 3.0885 3.3886 3.4985 2.3598 1.9621 
3.4795 4.2463 4.1700 4.1239 3.8674 3.7458 3.7385 3.7305 3.6447 3.5484 3.4312 3.4470 3.3856 3.4232 3.2752 3.2025 3.2316 3.1638 3.1859 3.2865 3.1883 3.2102 3.1479 3.2164 3.2355 3.2726 3.1992 3.1349 3.1557 3.2931 3.1495 2.9239 1.2897 
3.7058 3.6406 4.4594 3.8942 3.1962 2.6722 3.8162 3.4487 3.4126 3.4844 3.3555 3.2271 3.0936 3.1095 3.1160 2.9747 2.8910 2.9237 3.0358 2.9694 2.8971 3.0168 3.0777 3.1557 3.0231 2.9921 3.2975 2.0923 2.4886 3.0537 3.4477 2.3701 1.7543 
