1.3062 1.2711 1.3875 1.1905 1.0848 1.2682 1.4797 0.3249 0.9264 1.0258 1.1599 1.0062 0.9659 1.1213 1.0760 0.7123 0.8547 0.6431 0.9352 0.9263 0.7516 0.7317 0.7997 0.5992 0.4381 -0.3067 0.7868 0.4900 0.1371 0.1036 0.0877 -0.4009 -1.0208 
1.8964 1.5174 1.1381 0.9016 1.2530 0.3478 1.2360 1.1081 1.4186 0.7313 1.0050 0.1376 1.2216 1.3199 0.6642 0.1908 0.6875 0.1270 0.5224 1.1646 1.0022 -0.1365 0.6624 0.3134 0.9019 0.4951 0.5597 -0.4251 0.3597 -0.1442 -0.1822 -0.1826 -0.5060 
2.4169 1.7433 1.4568 1.1858 0.8372 -0.0440 0.1642 0.7592 0.6114 0.6666 0.5020 0.9824 0.9572 0.5904 0.6929 1.0868 0.8903 1.0136 0.5552 0.4227 0.7455 0.7174 0.1612 0.2311 0.1000 0.1720 -0.4930 -0.8474 -0.0574 0.0907 0.1299 0.0964 -0.0031 
2.3301 0.9303 1.5296 1.4436 1.1930 0.7597 0.5791 0.7295 0.7502 1.1349 1.1540 0.8540 0.7839 1.0205 1.1613 1.2037 0.8993 1.1561 1.0608 0.8425 0.5489 0.5606 0.7941 0.7230 0.2444 0.1275 -0.0700 -0.0206 0.3003 0.3675 0.2270 -0.7408 -0.0794 
2.5473 2.2833 1.6976 1.5632 1.4606 1.0884 1.3389 1.1897 1.0047 1.1599 0.7005 0.6100 0.8655 0.8064 1.1148 0.2249 1.1019 0.1627 0.9819 0.6510 0.6535 0.3383 0.3395 0.7437 0.4945 0.6078 0.6986 0.2991 0.5203 0.4804 0.3983 0.5553 0.0963 
0.5199 0.0436 1.2511 0.8782 0.6462 0.9263 0.6646 0.9950 0.9091 0.9555 1.0461 0.3274 0.7974 0.7456 0.3064 0.9006 0.2515 0.8539 0.1695 0.5566 0.5637 0.0215 0.7056 0.5295 0.4218 0.4154 -0.0217 0.1506 -0.2818 -0.2069 -0.0320 -1.4791 -1.7124 
2.3261 2.0468 1.8889 1.7770 1.6333 1.1984 1.3528 1.2617 0.6586 0.8291 -0.0001 1.2114 1.3194 1.1682 1.0514 1.0186 0.8808 0.9511 0.9166 0.9959 1.1191 0.9152 -0.3420 0.4083 0.1390 0.7096 0.7112 0.4185 0.7389 0.7211 0.5536 0.3610 -0.1472 
1.5629 0.6665 0.6113 0.7758 0.1906 0.5889 0.3083 0.7189 0.8241 0.6608 0.7343 0.4538 0.4056 0.8022 0.7580 0.7848 0.5908 0.7409 0.6450 0.6450 0.1660 0.1555 0.3751 0.2289 0.3430 0.1082 -0.3862 -0.1904 -0.7235 -0.3090 -0.7158 -1.1288 -0.8556 
2.3343 1.9773 1.7333 1.7590 1.1686 1.1283 1.2714 0.7603 0.4952 0.1936 0.9306 1.1512 1.0083 0.9379 0.7262 0.8813 0.5270 0.8318 0.5958 0.7808 0.7805 0.8506 0.5855 -0.2269 0.0153 0.1577 0.6102 0.3522 0.2560 0.7107 0.4349 0.2930 -0.0901 
2.0937 0.9316 1.3325 0.1411 -0.4010 0.8759 1.1511 1.1034 1.1449 1.0422 0.9245 0.8795 0.7189 0.0804 0.8250 0.4816 0.3623 0.4290 0.7322 -0.0616 0.4655 0.5961 0.5739 0.6108 0.6531 0.4883 0.4698 0.0964 -1.2347 -0.8785 0.0451 -0.8829 -0.3791 
2.2011 1.4625 1.4450 1.3548 1.2504 0.7938 0.9380 1.4179 0.8833 0.9847 1.4856 1.5249 0.8022 1.1847 0.8600 0.9462 0.8224 0.8854 0.7618 1.0210 0.5722 1.2190 1.1246 0.5554 0.3964 0.8261 0.3055 0.0084 0.3524 0.2952 0.1122 -0.3245 -0.2740 
1.9025 0.8895 0.8188 0.5295 0.1363 0.4094 0.6948 0.0059 0.3050 -0.1270 0.2553 0.5027 0.7910 0.5658 0.6260 0.8368 0.2668 0.7871 0.4973 0.4011 0.5520 0.2320 -0.0820 -0.5529 -0.2096 -0.6029 -0.0049 -0.3605 -0.7330 -0.4962 -0.4736 -0.8425 -0.6579 
2.3056 1.6883 1.5207 1.5339 1.6548 1.0741 1.2791 1.3151 1.0282 0.1615 1.0713 0.8418 0.9764 0.8611 0.7291 0.3733 1.1118 0.3323 0.5961 0.7178 0.7594 0.5467 0.7227 -0.2773 0.5146 0.7556 0.6252 0.2834 0.7557 0.4383 0.1868 -0.0201 -0.2096 
2.6998 1.8010 1.1210 1.3535 1.2957 1.1534 0.8824 1.1816 1.4357 1.2414 1.1211 0.6514 0.9848 1.0263 0.9195 0.8188 0.6376 0.7703 0.8162 0.8448 0.7646 0.3629 0.7599 0.8218 0.9163 0.6022 0.2178 0.3710 0.3949 0.2929 -0.2569 0.0210 0.2461 
2.2506 1.5075 0.7910 0.7114 0.2300 1.2863 0.8983 0.9614 0.9033 0.6967 0.8532 1.1045 0.3589 1.3219 1.2720 0.8893 0.6308 0.8427 1.1723 1.1679 0.1039 0.7918 0.4948 0.2643 0.4156 0.3909 0.2458 0.5074 -0.6855 -0.3806 -0.4940 -0.2221 -0.1962 
1.9503 0.7459 0.9219 0.4871 0.5682 0.9878 0.7434 0.2272 0.4122 0.4297 0.8818 0.6964 0.6895 0.7533 0.3340 0.7335 -0.6985 0.6793 0.1988 0.5693 0.4344 0.3940 0.5298 0.0037 -0.0700 -0.3641 0.0642 0.2195 -0.3447 -0.6516 -0.3224 -0.7843 -0.5642 
2.6558 1.9102 1.2322 0.2235 1.0166 1.2937 1.4987 1.4911 1.2910 1.2019 1.1955 0.9413 0.3919 -0.0196 -0.2946 0.5635 0.7856 0.5008 -0.3928 -0.1975 0.1501 0.6754 0.8387 0.7837 0.8054 0.8793 0.8048 0.5162 0.0967 -0.8312 -0.0502 0.1556 0.1949 
2.4702 1.8962 1.7478 0.6906 1.1142 1.1679 1.5409 1.5132 0.8977 1.1406 1.1111 1.0071 1.1155 0.9446 0.9144 0.7691 0.8917 0.7251 0.8127 0.7857 0.8651 0.7308 0.7502 0.7256 0.4113 0.9029 0.8605 0.3819 0.1835 -0.3932 0.4447 0.1496 0.0518 
2.0549 2.1125 1.9604 1.2621 0.9784 1.5747 1.5192 1.2404 0.9830 1.1981 0.7145 0.7605 -0.3755 0.9312 1.1095 0.9598 0.5914 0.8952 0.9727 0.7766 -0.6001 0.4607 0.3495 0.7798 0.4808 0.6788 0.8283 0.7954 0.0741 0.1726 0.6686 0.4386 -0.3764 
2.0586 1.3693 1.1216 1.1798 0.0979 0.9496 0.3868 0.7147 1.2618 0.9783 0.6228 0.7672 0.8077 1.4436 1.5208 1.1528 0.7335 1.1097 1.3973 1.2588 0.5870 0.4658 0.2817 0.5479 0.7765 0.0992 -0.2940 0.1755 -0.8012 0.0943 -0.2026 -0.3539 -0.3512 
1.4752 1.6141 1.5170 1.4018 1.2567 0.9806 0.7100 0.2671 0.8033 0.9508 0.7541 0.8217 0.5242 0.3403 0.5245 0.7444 0.6492 0.7015 0.4220 0.1422 0.3285 0.5251 0.3932 0.5240 0.3298 -0.3231 0.0121 0.1970 0.3607 0.3407 0.1944 -0.0425 -0.9161 
1.9275 1.7457 1.1858 0.6227 1.2651 1.4043 1.1104 0.9479 1.0217 0.6405 1.4071 1.4311 0.0848 1.1742 0.6550 0.9791 0.8439 0.9151 0.5179 1.0066 -0.1235 1.1417 1.0667 0.2128 0.5038 0.3824 0.4149 0.6226 0.3714 -0.4349 -0.1181 0.0600 -0.4713 
1.6970 1.0372 1.0918 0.3364 0.5862 0.7163 0.7554 0.3851 0.6285 0.7510 0.2799 0.8384 0.0084 0.7851 0.1578 0.1548 0.1906 0.0985 0.0511 0.6175 -0.2312 0.5452 -0.0647 0.3374 0.1120 -0.2058 0.0705 -0.0646 -0.3252 -0.7741 -0.2496 -0.7353 -0.7480 
2.2810 0.7169 1.6268 1.4740 1.4060 1.2800 1.4511 0.8515 0.7711 0.9169 1.2227 0.6036 0.8069 0.8271 0.7904 0.9175 0.8427 0.8664 0.7020 0.6760 0.5767 0.3327 0.8678 0.4963 0.2853 0.2883 0.7693 0.4997 0.4895 0.3821 0.3413 -1.5010 -0.1894 
2.0135 1.4552 1.4214 1.0279 0.8725 0.0565 0.9141 0.7644 1.1539 1.1541 0.3826 0.8265 0.4426 0.7528 0.2054 0.8473 0.4081 0.7972 0.0909 0.5707 0.2169 0.5316 0.0226 0.7382 0.6683 0.1705 0.2647 -0.7051 -0.0286 -0.0469 0.1015 -0.2782 -0.4022 
2.1031 1.7346 1.2262 0.0012 1.0238 1.1260 1.1938 1.2795 1.0334 1.2662 1.2387 0.7710 0.7861 0.9398 0.9200 0.6524 0.2215 0.5789 0.8143 0.7831 0.5535 0.4740 0.8802 0.8430 0.5239 0.7297 0.5157 0.3444 0.0967 -1.1065 -0.0666 0.0943 -0.3026 
2.0843 1.9484 1.8510 1.6387 1.4508 1.2614 1.4931 1.1666 0.7131 0.9868 1.2237 1.1196 0.9725 0.9377 0.3595 0.7204 0.9880 0.6593 0.2437 0.7805 0.7580 0.8115 0.8693 0.5606 0.1875 0.5768 0.7958 0.4832 0.5103 0.5589 0.5189 0.2684 -0.3654 
2.2227 1.5526 1.4335 0.8912 0.7796 1.1876 0.3849 0.4923 0.8819 0.7595 1.0367 1.1296 1.1126 1.2021 0.5685 0.3443 -0.3697 0.2931 0.4532 1.0468 0.8613 0.8233 0.6996 0.3497 0.3942 -0.0466 -0.2934 0.4057 -0.1241 -0.1442 0.1102 -0.1641 -0.2493 
2.4147 2.1508 1.6757 1.4451 0.8199 1.0341 1.4197 1.0992 1.4320 1.3836 1.2984 1.5257 1.2361 -0.2384 1.0898 1.0207 0.7024 0.9518 0.9503 -0.3973 1.0155 1.2218 0.9516 0.9542 0.9144 0.4891 0.7501 0.2634 -0.0744 0.3654 0.3816 0.4516 -0.0245 
1.3751 1.4633 1.5778 1.2265 1.1235 0.6534 1.3607 1.0296 1.3981 1.3271 1.2776 1.1364 0.4884 0.6239 0.4751 0.4951 1.0391 0.4538 0.3746 0.4458 0.2882 0.8303 0.9287 0.9007 0.8857 0.4414 0.7160 -0.1242 0.2005 0.1373 0.3013 -0.2441 -1.0867 
1.7995 1.2103 0.9059 0.9070 -0.2326 1.1779 1.1377 1.1784 0.9228 0.8265 0.3526 1.1036 0.8689 0.9799 0.8849 0.2064 -0.2412 0.1386 0.7877 0.8112 0.6617 0.7911 -0.0039 0.4071 0.4353 0.5953 0.4505 0.4004 -1.1385 -0.1447 -0.3903 -0.4720 -0.6424 
0.4023 0.5709 1.4189 1.3433 1.1227 0.5991 0.7476 0.4874 0.5503 0.8802 0.7740 -0.8927 0.8939 1.2464 1.2173 1.0559 0.8397 0.9830 1.1243 1.1067 0.7109 -1.1511 0.4153 0.4632 0.0496 -0.0596 0.0635 -0.1870 0.1896 0.2952 0.1042 -1.1284 -2.7010 
1.6233 0.9586 1.6289 1.2248 1.2202 1.3883 0.9073 0.8290 1.1074 1.0545 1.0572 0.9450 0.8026 0.6597 0.4955 0.3305 0.3875 0.2667 0.3988 0.4750 0.5676 0.6809 0.7150 0.6217 0.5863 0.2665 0.2513 0.6086 0.3366 0.1312 0.3505 -0.7531 -0.7439 
2.0173 1.9639 1.5437 1.3999 1.2368 1.2622 1.2854 1.4107 1.2850 1.2369 0.9206 1.2703 1.3274 0.8443 0.7783 1.0361 0.4912 0.9653 0.6848 0.7012 1.1238 0.9922 0.5690 0.8157 0.8032 0.8217 0.6343 0.4835 0.3455 0.3377 0.2344 0.2899 -0.4349 
1.8966 1.7949 1.2423 0.6482 0.8145 0.8846 0.3573 1.1463 0.5624 0.9373 0.7570 0.3890 0.7445 0.6454 1.0549 0.9092 0.2762 0.8655 0.9164 0.4700 0.4950 0.0935 0.4003 0.5106 0.0648 0.5497 -0.3056 0.1028 -0.0622 -0.4347 -0.0520 0.1180 -0.4792 
1.5067 1.1082 1.1966 0.9107 1.1321 0.7601 0.7581 0.9521 0.7462 1.0622 0.9114 1.1994 0.6829 0.7778 0.6705 -1.5897 0.7488 -1.7001 0.5333 0.6100 0.4297 0.8982 0.5630 0.6353 0.2496 0.3815 0.0765 -0.0165 0.2123 -0.1515 -0.0996 -0.5249 -1.0608 
2.2508 1.9534 1.6549 0.3978 1.5103 1.6393 1.2834 0.9949 1.4486 1.4373 1.2999 1.2460 1.0536 0.7745 0.6216 0.8804 0.9416 0.8309 0.4942 0.6006 0.8108 0.9553 0.9516 1.0066 0.9286 0.4153 0.6265 0.8590 0.5839 -0.7106 0.3600 0.2659 -0.2323 
2.0687 1.6583 1.2451 0.7588 0.6810 0.5037 0.1114 0.1264 0.7738 0.3384 0.9081 0.8174 0.5809 0.6547 0.8548 1.0160 0.7407 0.9480 0.7594 0.4678 0.3695 0.5138 0.5598 -0.0656 0.2896 -0.4129 -0.5714 -0.2774 -0.2444 -0.3185 -0.0445 0.0014 -0.3212 
2.2741 1.4942 1.1972 1.5015 1.5423 1.2647 0.4477 1.4961 1.1476 0.0232 0.9752 1.2752 0.7026 0.7448 0.3153 0.2594 0.4439 0.1876 0.1696 0.5521 0.4524 0.9994 0.6347 -0.3841 0.6480 0.8834 -0.2093 0.4861 0.6297 0.4101 -0.0934 -0.2937 -0.2060 
2.6117 2.0106 1.2872 1.0089 1.2384 1.2405 1.2310 1.3374 0.7562 0.5393 0.7336 1.1073 1.0695 1.3989 1.1214 1.0982 1.0065 1.0268 0.9918 1.2238 0.8224 0.7980 0.3743 0.1094 0.2640 0.7693 0.5575 0.4604 0.3497 -0.0589 0.0071 0.3249 0.1770 
2.4780 2.1323 1.6650 1.5481 1.4352 1.4242 1.4808 1.4783 0.9438 1.2832 1.2770 1.1047 1.1134 0.0877 0.8923 0.9260 0.8855 0.8756 0.7950 -0.0557 0.8620 0.7923 0.9270 0.8723 0.4510 0.8719 0.7884 0.6404 0.5079 0.4547 0.3808 0.4344 0.0618 
2.7156 2.2762 1.7304 1.6235 1.4964 0.8588 1.3089 1.2357 0.7536 0.9614 1.0393 0.7319 0.9502 0.8413 0.4190 0.7494 0.7138 0.7072 0.3297 0.6994 0.7421 0.4236 0.7006 0.5323 0.2592 0.6794 0.6573 0.0807 0.5552 0.5401 0.4269 0.5321 0.2929 
0.4008 1.5879 0.4691 0.7717 0.7553 1.2487 1.1309 0.7844 0.5475 0.9728 0.4889 0.8838 0.6222 0.8297 0.8497 0.5167 0.6018 0.4751 0.7501 0.6891 0.3885 0.6121 0.1390 0.5468 0.0581 0.2014 0.4437 0.4655 -0.1318 -0.3149 -0.8306 -0.0590 -1.7755 
2.0863 0.8834 0.5501 0.5719 0.9239 0.4925 0.7609 1.1052 1.0798 0.5810 0.7753 0.2006 0.6387 0.6388 -0.3077 0.1621 0.6271 0.1016 -0.4110 0.4567 0.4070 -0.0647 0.4165 0.1593 0.5529 0.4942 0.0723 -0.2910 0.0222 -0.4513 -0.8467 -0.7440 -0.3934 
2.4259 2.0000 1.5069 1.2727 1.2945 1.4450 0.3949 1.3468 1.1264 1.3831 1.1858 0.7216 0.9114 0.6253 1.2414 1.1206 0.3247 1.0623 1.1441 0.4504 0.7178 0.4123 0.8278 0.9550 0.6165 0.7787 -0.2945 0.6650 0.4018 0.2029 0.1789 0.3197 0.0007 
2.4200 1.9960 1.6739 1.1871 1.7030 0.9254 1.4580 1.2063 1.2549 1.5119 1.3489 1.4247 0.7862 0.9476 0.7875 0.8596 0.2711 0.8080 0.6913 0.7892 0.5442 1.1382 1.0043 1.0974 0.7699 0.6316 0.7739 0.1474 0.8024 0.1027 0.3838 0.3158 -0.0145 
2.2386 1.9503 1.7524 1.5033 1.3149 1.1345 0.8550 0.8649 1.2159 0.9668 0.9838 -0.0433 0.5511 0.7207 0.4277 0.8632 1.1613 0.8125 0.3401 0.5194 0.3481 -0.3440 0.6386 0.5377 0.7371 0.3173 0.1840 0.3533 0.4132 0.4089 0.4451 0.2647 -0.2241 
2.2882 1.8055 1.5166 1.6403 1.2695 1.4188 1.4767 1.2437 1.2284 1.0631 0.7726 1.0282 1.2279 0.6974 0.8774 1.2146 0.3454 1.1658 0.7783 0.4925 1.0068 0.7454 0.4143 0.6315 0.7468 0.6875 0.7843 0.6419 0.3681 0.5626 0.1947 0.0796 -0.1939 
1.2042 1.2803 1.3462 1.2715 1.0518 1.1050 1.4804 1.1145 1.2264 1.0046 -0.0113 0.7173 0.9494 0.9479 0.8590 0.9307 -0.3517 0.8778 0.7608 0.7873 0.7431 0.4059 -0.3741 0.5733 0.7453 0.5003 0.7883 0.3282 0.1102 0.1998 0.0459 -0.3772 -1.1125 
2.1961 1.5919 1.4399 1.3220 0.7261 1.2712 1.4044 1.3101 1.3191 1.1119 0.7272 0.3328 1.1078 0.6566 0.9733 0.9198 -0.1828 0.8704 0.8602 0.4734 0.8551 0.0299 0.3623 0.6895 0.8285 0.7513 0.7412 0.4918 -0.1897 0.2718 0.1121 -0.1015 -0.2948 
2.4070 2.0518 1.9663 1.2445 1.3453 1.1670 0.8659 1.3377 0.8578 0.8169 1.1238 1.1318 0.5717 0.8603 0.9794 1.1092 -0.3505 1.0417 0.8666 0.7193 0.3587 0.8251 0.7640 0.3972 0.3697 0.7724 0.1867 0.3897 0.4350 0.1580 0.6754 0.3697 -0.0248 
2.5034 1.9248 1.8120 0.8952 1.2139 1.4875 1.5412 1.2278 1.3135 1.4579 0.8820 -0.1422 0.2706 0.6281 0.9492 1.1351 0.8297 1.0899 0.8412 0.4498 0.0335 -0.4265 0.5231 1.0255 0.8278 0.6591 0.8571 0.7111 0.3271 -0.1838 0.4909 0.1919 0.0769 
2.0615 1.9741 1.7305 1.0125 1.1496 1.5188 1.3685 1.2109 1.1957 1.4174 1.3543 1.3752 0.7438 0.8612 0.8316 0.4741 0.8812 0.4180 0.7368 0.7198 0.4920 1.1083 1.0087 0.9882 0.7214 0.6390 0.7198 0.7385 0.2482 -0.0458 0.4307 0.3098 -0.3525 
2.4447 1.9268 1.9628 1.2588 0.9969 1.1892 1.0113 1.3077 1.5030 1.1139 1.2911 1.1699 1.3336 1.5036 0.8630 0.4122 -0.6634 0.3653 0.7605 1.3030 1.1293 0.8736 0.9432 0.6886 0.9843 0.7505 0.3490 0.4091 0.0794 0.1615 0.6756 0.1972 0.0194 
2.3269 2.1091 2.0477 1.6597 1.3553 1.1401 1.1617 1.1938 1.1970 0.8765 1.1554 1.0872 0.6502 0.8686 -0.1342 0.0553 0.6043 0.0048 -0.2739 0.7250 0.4109 0.7793 0.7943 0.4527 0.7208 0.6159 0.4848 0.3609 0.4385 0.5863 0.7570 0.4260 -0.1152 
2.3316 1.9424 1.6158 1.8690 1.6620 1.1457 1.4268 1.2605 0.9935 1.2169 1.0725 1.2104 0.5069 0.7883 0.8240 1.3191 0.9542 1.2680 0.7350 0.6228 0.3157 0.9113 0.7236 0.7973 0.4893 0.7111 0.7538 0.3730 0.7632 0.7777 0.3373 0.2304 -0.1124 
0.9345 1.1055 1.1592 0.8184 -0.0178 0.5315 0.8541 0.7324 -0.3295 0.2143 -0.6271 0.0547 0.6149 0.7250 0.0963 0.2805 -0.0578 0.2084 -0.0018 0.5285 0.3881 -0.2316 -0.9470 -0.2237 -0.8381 0.1265 0.1776 -0.2572 -0.9388 -0.2444 -0.1254 -0.5976 -1.6713 
1.6964 1.1813 0.8472 0.9972 0.5071 0.8817 1.0962 0.8865 1.1215 0.8319 0.5995 0.9329 0.6520 1.2309 0.5095 0.7930 1.2136 0.7511 0.4039 1.0884 0.4187 0.6650 0.2626 0.4135 0.6092 0.3370 0.4006 0.1063 -0.3797 -0.0673 -0.4249 -0.4407 -0.7268 
2.1856 1.9062 1.0188 1.2152 1.3038 1.4989 1.2499 1.2373 1.1748 1.0672 0.3465 1.0831 0.4937 0.7701 0.7896 0.0395 0.5995 -0.0068 0.6972 0.5963 0.2992 0.7778 -0.0167 0.6344 0.6969 0.6790 0.5794 0.7176 0.4102 0.1313 -0.2964 0.1969 -0.2242 
1.6966 0.5243 0.9098 0.8021 0.7320 0.5410 0.8767 0.1928 -0.5629 0.8528 0.3660 1.1333 0.5614 0.8182 -1.3101 0.6192 -1.4224 0.5506 -1.5184 0.6665 0.3482 0.8294 0.0099 0.4339 -1.1039 -0.3643 0.2111 -0.2420 -0.1638 -0.2722 -0.4184 -1.1383 -0.7977 
0.6799 1.3103 1.2622 0.9904 1.1216 1.1784 1.0326 1.1961 1.2896 1.1282 0.8159 1.1699 0.8832 0.8984 0.4040 0.2592 -0.0779 0.1913 0.3136 0.7525 0.6856 0.8739 0.4607 0.7135 0.8051 0.6248 0.3616 0.3988 0.1925 -0.0676 -0.0246 -0.3387 -2.0602 
2.3090 1.5632 1.0255 0.9623 0.3447 0.7164 0.2822 1.1008 0.9112 0.7240 0.7446 0.3985 0.4818 0.8919 1.1461 0.4034 -0.3099 0.3635 1.0316 0.7514 0.2659 0.0971 0.3866 0.2930 0.4261 0.4900 -0.4067 -0.0503 -0.6051 -0.0729 -0.3188 -0.0470 -0.1287 
2.4007 1.7935 1.0733 1.1318 1.0291 0.5423 0.7279 0.7269 0.5229 0.7563 0.6847 0.4417 0.0935 0.7093 0.4765 0.7182 -1.4080 0.6510 0.3761 0.5023 -0.1194 0.1458 0.3322 0.3410 0.0412 0.1126 0.0345 -0.2332 0.1004 0.0470 -0.2754 0.1082 0.0018 
2.7295 2.1034 1.7138 1.2478 1.1026 0.9395 1.0037 1.0913 0.9780 0.7440 0.7611 0.9150 0.8592 0.0218 -0.0277 0.5883 -1.4687 0.5264 -0.1417 -0.1410 0.6412 0.6451 0.3985 0.3265 0.4789 0.4828 0.3423 0.1586 0.1587 0.1681 0.4113 0.3896 0.3025 
2.4435 1.9295 1.7393 1.7708 1.0940 0.2649 1.0000 0.9179 1.0966 0.7378 1.2433 0.7685 1.2032 0.7137 0.2575 0.7937 1.1356 0.7505 0.1220 0.5055 0.9759 0.4674 0.8834 0.3234 0.5721 0.3578 0.3449 -0.5279 0.1421 0.7168 0.4453 0.2069 0.0310 
2.7130 2.2557 1.9471 1.6005 1.6344 1.4858 1.3627 1.2508 1.1587 1.2929 1.2238 0.9545 0.8226 0.8807 0.7853 0.7520 -0.4452 0.7117 0.6900 0.7377 0.5965 0.6900 0.8709 0.8777 0.6728 0.6971 0.7162 0.7030 0.7416 0.5112 0.6493 0.5099 0.2894 
1.5402 0.5496 0.0158 0.4087 0.9351 0.1425 0.5668 1.1167 0.7789 0.7998 0.4166 0.7165 0.0823 0.4403 -0.0631 0.2128 0.8783 0.1481 -0.2017 0.2995 -0.1211 0.4057 0.0591 0.3799 0.2916 0.5081 -0.0782 -0.6378 0.0316 -0.6719 -1.1921 -1.1923 -0.9583 
2.6059 2.1943 1.6148 1.4610 1.2385 0.9739 0.9196 1.1656 0.8794 1.2276 0.7941 1.1326 0.3170 0.9972 0.7279 1.0924 0.8777 1.0200 0.6027 0.8257 0.0590 0.8299 0.4351 0.8100 0.3910 0.5799 0.2663 0.1937 0.3444 0.3697 0.3298 0.4725 0.1394 
2.3370 2.2791 2.0621 1.6128 1.6293 1.7222 1.5646 1.1134 1.2325 1.5496 1.4896 1.2821 1.0841 1.1265 0.7270 1.3598 1.4150 1.2972 0.6003 0.9326 0.8323 1.0099 1.1254 1.1341 0.7524 0.5019 0.8790 0.9414 0.7408 0.5285 0.7750 0.5642 -0.1094 
1.7934 1.6624 1.5522 1.4616 1.3639 1.1726 1.5138 1.4944 1.1687 0.9872 1.0396 1.0387 0.6706 -0.1252 0.7219 0.3790 0.3452 0.3337 0.5890 -0.3171 0.4268 0.7499 0.6988 0.5585 0.6867 0.8812 0.8233 0.3930 0.4520 0.3773 0.2501 -0.0159 -0.6897 
2.1849 1.7615 0.7128 0.9748 0.5356 0.8026 0.8137 1.0158 1.1213 1.1898 0.9563 1.0331 1.2735 1.1453 0.9570 0.9982 0.9701 0.9322 0.8472 0.9618 1.0760 0.7482 0.6108 0.7724 0.6097 0.4308 0.1339 0.0226 -0.3680 -0.0691 -0.6292 0.0786 -0.2045 
1.7856 1.0981 1.1562 0.1339 0.3212 0.9244 0.8714 0.3291 0.9330 0.0238 0.7271 0.7760 0.7226 0.7131 0.7250 -0.0792 0.6070 -0.1574 0.5949 0.5041 0.4735 0.4802 0.3672 -0.3870 0.4406 -0.2870 0.2126 0.1419 -0.6433 -0.9234 -0.1698 -0.5406 -0.7155 
1.2542 1.7066 1.6798 1.5449 1.5993 1.2269 1.0026 0.6117 -0.6319 0.6658 0.7771 0.9693 0.9169 0.7157 -0.0041 -0.0545 0.3552 -0.0842 -0.1234 0.5049 0.7194 0.7075 0.4189 0.2352 -1.0769 0.0209 0.3408 0.4397 0.7146 0.4609 0.3977 0.0516 -1.1522 
1.1689 1.5459 0.6321 0.4744 1.2091 0.8777 1.1666 0.5099 0.8143 1.1753 0.9154 0.4386 0.7886 1.1245 0.6762 0.8204 0.4033 0.7738 0.5412 0.9287 0.5554 0.1403 0.5693 0.7583 0.3375 -0.0336 0.4855 0.1008 0.3222 -0.5957 -0.6785 -0.0974 -1.4727 
0.9506 1.6856 1.5581 1.5780 0.7788 1.0234 1.4592 1.2577 1.2759 1.3334 0.9069 1.3206 1.0595 -0.2912 -0.3505 0.7761 0.8460 0.7326 -0.4499 -0.4508 0.8152 1.0556 0.5581 0.9052 0.7908 0.7112 0.7718 0.2571 -0.1066 0.4905 0.2895 0.0461 -1.9166 
2.6914 1.9422 1.5587 1.2725 0.9499 0.9846 1.1133 0.7549 0.7462 0.3566 0.7789 0.7353 0.7622 0.0575 0.2127 0.3937 0.7539 0.3538 0.0938 -0.0695 0.5163 0.4297 0.4251 -0.0555 0.2522 0.1615 0.4229 0.2100 0.0467 0.2081 0.2548 0.1922 0.2397 
2.3317 1.8033 1.4933 1.0432 0.9162 1.1413 0.5366 1.2901 1.1685 0.1267 1.2839 0.8651 0.4871 1.3097 0.9078 0.6344 0.2809 0.5661 0.8058 1.1582 0.2879 0.5745 0.9360 -0.3019 0.6856 0.7389 -0.1029 0.3598 0.0194 -0.0335 0.1564 0.0920 -0.0653 
2.1211 1.5334 0.7196 1.2950 1.1134 1.0865 1.1708 0.9308 -0.1692 0.5688 0.9482 0.6883 0.8714 0.2263 0.2070 0.5225 -0.1006 0.4722 0.0921 0.0489 0.6626 0.3818 0.6036 0.1456 -0.6689 0.3674 0.4892 0.3081 0.1730 0.2446 -0.5736 -0.1119 -0.2887 
1.9792 0.7679 1.6397 1.1239 0.8003 1.1193 1.1312 0.8011 1.2923 0.7457 1.1312 0.6694 0.5836 0.3867 0.8057 -0.2555 0.6525 -0.3125 0.7178 0.2142 0.3675 0.3700 0.7705 0.3305 0.8078 0.2240 0.4407 0.3400 -0.0847 0.0270 0.3582 -0.9605 -0.4298 
2.4764 2.3089 1.9469 1.3156 0.1842 0.7114 1.1843 0.9017 1.2618 1.2357 1.1400 0.5642 0.6964 0.7686 1.2183 1.0511 0.5083 0.9793 1.1254 0.5977 0.4419 0.3029 0.7782 0.8155 0.7747 0.3498 0.4993 -0.0688 -0.7141 0.2500 0.6411 0.6074 0.0553 
0.0741 0.5113 1.5124 1.2496 1.0397 1.2004 1.2834 1.0871 0.7370 0.2914 0.4675 0.5530 0.7989 0.3942 0.7241 -0.0620 0.4559 -0.1067 0.5939 0.2178 0.5679 0.2836 0.1084 -0.1346 0.2360 0.4745 0.6376 0.4152 0.1208 0.1542 0.2050 -1.3095 -1.5883 
1.5463 1.8332 1.5276 1.1015 1.5142 1.1356 0.4395 0.3267 0.5008 0.0499 0.8811 0.8088 1.1254 1.0096 1.0286 1.1287 0.9065 1.0787 0.8957 0.8336 0.8769 0.5114 0.5294 -0.3744 0.0123 -0.2719 -0.2110 0.3495 0.5828 0.0016 0.2199 0.1352 -0.8272 
1.5649 1.0017 1.6060 1.0980 1.2684 0.7353 0.8524 1.2676 0.5195 0.7072 1.1338 0.8330 1.0322 0.9519 1.0574 0.6110 1.1301 0.5385 0.9240 0.7899 0.7997 0.5355 0.7748 0.2767 0.0295 0.7157 0.1788 -0.0564 0.3733 -0.0160 0.3285 -0.6269 -0.8341 
1.9701 2.3147 1.8637 1.6157 1.7911 1.5965 1.4172 1.4391 1.3971 1.1896 0.9018 0.7880 0.9501 1.0913 0.9854 0.8378 0.5154 0.7871 0.8696 0.8893 0.7398 0.4922 0.5527 0.7720 0.8837 0.8483 0.7441 0.8182 0.8741 0.5412 0.5235 0.6525 -0.3663 
3.7429 3.7508 3.4486 3.1702 2.9956 2.8391 2.7685 2.7248 2.5578 2.5433 2.4430 2.4180 2.3974 2.3216 2.3040 2.2217 2.1463 2.1514 2.1828 2.1411 2.1757 2.1277 2.0865 2.1152 2.0522 2.1350 2.0870 2.0580 2.0607 2.0853 2.1093 2.0529 1.2627 
3.7851 3.7194 4.0569 3.7232 3.4665 3.3248 3.0561 2.8507 3.1931 3.1885 3.0296 2.7320 2.8163 2.8208 2.7800 2.7261 2.7234 2.6833 2.6872 2.6768 2.6039 2.4355 2.6764 2.7684 2.7115 2.3061 2.3537 2.5448 2.5393 2.6728 2.7660 2.0567 1.3557 
3.5414 4.4992 4.2635 3.8294 3.4864 3.2592 3.4510 3.4070 2.8200 2.8699 3.0669 2.7844 2.4892 2.7644 2.6718 2.5853 2.5934 2.5177 2.5344 2.6089 2.2916 2.4878 2.7042 2.4489 2.3309 2.8076 2.7566 2.4789 2.5682 2.7304 2.9375 2.8232 1.5256 
4.3368 4.3061 3.8058 3.3074 3.0612 2.7303 1.8948 2.7548 2.9565 1.1660 2.5736 2.4629 2.1294 2.3098 2.1873 2.1685 2.0824 2.1027 2.0586 2.1261 1.9310 2.1902 2.2318 0.7292 2.4468 2.1895 1.1952 1.9578 2.1325 2.2768 2.4757 2.6234 1.8454 
4.0592 4.4512 4.4438 3.8151 3.6174 3.5404 3.5868 3.0414 3.0535 3.0908 2.9057 2.4896 3.0784 2.7373 2.7552 2.7309 2.6972 2.6876 2.6680 2.5668 2.8311 2.2174 2.5604 2.6776 2.5251 2.4346 2.9125 2.7611 2.7233 2.7273 3.1472 2.7913 1.4893 
4.5043 4.7872 4.2219 3.8531 3.3207 2.8097 2.7795 3.0101 3.0149 2.4514 2.5959 2.3606 2.4421 1.6281 1.3582 1.4458 1.5035 1.3509 1.2001 1.4596 2.2410 2.0708 2.2649 2.0447 2.4950 2.4147 2.1084 2.0421 2.4176 2.7609 2.8652 3.1139 1.9223 
4.2170 4.5845 4.3016 3.8643 3.6421 3.4898 3.1339 3.5535 3.2428 3.1064 3.1175 3.0948 3.0653 2.9322 2.9245 2.9091 2.8763 2.8464 2.8125 2.7645 2.8133 2.7926 2.7596 2.6919 2.7574 2.9869 2.4489 2.7112 2.7486 2.7765 3.0013 2.8809 1.5124 
4.0476 4.6242 4.1957 2.6813 2.9490 2.6793 2.9897 2.7698 3.1023 2.7259 2.5305 2.5398 2.5169 2.3874 2.3320 2.2758 2.2745 2.2044 2.2295 2.2384 2.3075 2.2799 2.1858 2.3093 2.6137 2.2017 2.3250 1.9115 2.0483 1.6549 2.8645 2.9125 1.3489 
4.2493 4.4736 4.3951 4.0146 3.7303 3.5241 3.4527 3.3133 3.2690 3.2575 3.1959 3.1388 3.0887 2.9979 2.9585 2.9301 2.8605 2.8655 2.8353 2.8138 2.8376 2.8378 2.8365 2.8367 2.7798 2.7403 2.7580 2.7435 2.8148 2.9526 3.1027 2.8009 1.6543 
3.1850 3.9974 3.6551 3.0564 3.1661 3.0577 3.1116 2.8154 2.8401 2.8189 2.7299 2.6752 2.5751 2.5518 2.4917 2.4603 2.4453 2.4137 2.3879 2.3815 2.3458 2.3672 2.3717 2.3984 2.3619 2.2700 2.4302 2.2840 2.2903 1.9733 2.3836 2.3167 1.2173 
2.5176 4.5157 4.0086 3.5390 3.4378 3.2237 3.2627 3.4320 2.6988 3.0069 2.8706 2.7815 2.7058 2.7590 2.7276 2.7023 2.6753 2.6601 2.6276 2.6011 2.4556 2.4850 2.5234 2.5767 2.1939 2.8259 2.6180 2.4423 2.4937 2.4586 2.7113 2.8307 1.1310 
4.1485 4.3083 4.0057 3.9318 3.6622 3.5135 3.3584 3.4142 3.1193 3.3298 3.1905 3.1378 3.1032 3.0574 3.0275 2.9633 2.9552 2.8964 2.8889 2.8520 2.8551 2.8374 2.8337 2.9015 2.6434 2.8138 2.6945 2.7346 2.7632 2.8504 2.7172 2.6458 1.7096 
4.2946 4.6562 4.2521 3.8798 3.3589 2.9438 2.7791 3.0723 2.3355 2.2038 2.8309 2.7667 2.3313 1.9689 1.8339 1.9807 1.9852 1.9344 1.7021 1.8108 2.0902 2.4685 2.4727 1.7734 1.8548 2.4645 2.1024 2.1764 2.4421 2.8009 2.9279 2.9638 1.5267 
4.5822 4.8792 4.3439 3.9156 3.6176 3.2254 3.1940 3.2634 3.2642 3.0911 3.0538 2.7060 2.0086 2.5777 2.6070 2.5661 2.5227 2.4998 2.4738 2.4063 1.7688 2.3984 2.6901 2.6769 2.7775 2.7079 2.5280 2.4481 2.7267 2.8325 3.0542 3.1973 2.0539 
4.3879 4.6817 4.6104 4.2001 3.9032 3.7543 3.6087 3.5395 3.4495 3.3931 3.1627 3.3261 3.3101 3.2408 3.1927 3.1505 3.1263 3.1039 3.0958 3.0955 3.0975 3.0629 2.8076 2.9620 2.9284 2.9643 2.9406 2.9760 3.0065 3.1130 3.2712 3.0221 1.8177 
