1.7595 1.7228 1.8766 1.6089 1.0287 1.2566 1.1091 0.9877 1.2678 0.9958 1.1441 1.1474 0.8410 1.3325 1.0651 0.9365 0.8468 0.8744 0.9792 1.1900 0.6472 0.9251 0.8462 0.6399 0.8153 0.4892 0.5485 0.5916 0.2748 0.6649 0.7450 0.3016 -0.2612 
2.3525 1.7791 1.3685 1.2702 1.4359 1.4681 1.3512 1.1305 0.8890 0.9221 1.0263 1.2327 1.2358 1.3427 1.0717 0.8216 -1.9472 0.7648 0.9832 1.2026 1.0264 0.9788 0.7233 0.5531 0.4470 0.6447 0.7656 0.7988 0.6681 0.3279 0.2757 0.3352 0.2937 
1.9519 1.2088 0.8243 0.2732 0.8232 0.7216 1.2019 0.8027 1.3917 0.9847 1.2200 0.9581 0.9452 0.3319 0.9553 0.9270 1.2634 0.8691 0.8496 0.1838 0.7287 0.6960 0.9272 0.6297 0.9755 0.3243 0.6300 0.0513 0.0326 -0.6650 -0.2894 -0.2455 -0.1483 
0.9742 0.9971 1.0397 1.3992 1.1709 0.5014 1.4339 1.2974 0.6399 1.3594 1.1956 0.9176 1.3723 1.3273 0.9848 1.1013 1.0014 1.0607 0.8982 1.1806 1.1829 0.6592 0.9000 1.0008 0.2320 0.7777 0.8774 -0.1405 0.3835 0.4795 -0.0458 -0.4310 -1.0405 
2.0672 0.8797 0.9900 1.4265 0.5922 0.7968 0.9341 1.2502 0.3664 0.9323 1.0788 1.0839 0.9713 0.7878 1.0797 0.9719 0.3016 0.9374 0.9938 0.6528 0.7543 0.8486 0.7756 0.5603 -0.0423 0.7361 0.3245 0.1234 -0.1714 0.5073 -0.0558 -0.3706 -0.0371 
2.1785 1.0816 1.3274 1.2487 1.1120 1.0133 1.0731 1.0557 0.8363 1.1806 1.0187 0.9994 0.9799 0.8794 0.9428 1.1783 1.2838 1.1214 0.8289 0.7246 0.7683 0.7439 0.7134 0.8147 0.4049 0.5774 0.5028 0.3404 0.3433 0.3243 0.2310 -0.3357 0.0765 
2.2551 1.8171 1.6002 1.4864 1.2217 1.4883 1.0184 0.5966 0.3076 1.2786 1.3250 0.9853 0.3871 0.8809 1.0918 0.6703 0.1586 0.6291 1.0087 0.7240 0.1907 0.7294 1.0170 0.9185 -0.0981 0.0774 0.4370 0.8177 0.4177 0.5890 0.4546 0.3621 0.1626 
1.3860 0.9675 1.8443 1.6939 1.5196 1.6096 1.2780 0.9957 1.2231 1.6421 0.9768 1.3444 1.3369 1.0047 0.6581 0.9566 1.0455 0.9143 0.5769 0.8636 1.1334 1.0863 0.6642 1.2865 0.7826 0.4893 0.6827 0.9398 0.7331 0.7603 0.7289 -0.5226 -0.6699 
2.0884 1.8838 1.5111 1.1943 1.4094 1.1425 0.9670 1.3090 1.1446 1.5065 1.7305 1.5077 1.2687 0.7438 0.6781 0.2857 0.3537 0.2362 0.6036 0.6164 1.0477 1.2774 1.4196 1.1421 0.7155 0.7994 0.3788 0.4657 0.6425 0.2714 0.3938 0.4112 0.0225 
1.9423 1.8026 0.9253 1.2804 1.3115 1.3185 1.6741 1.6886 1.0462 1.2785 1.0332 1.3094 1.1874 1.0926 0.7054 0.7654 -0.6756 0.7249 0.6230 0.9691 0.9909 1.0517 0.7330 0.9148 0.6320 1.1963 1.0863 0.6540 0.5268 0.3428 -0.1701 0.3553 -0.1458 
1.3765 1.5813 1.7731 1.6884 1.5056 1.3361 1.4199 1.2764 0.8084 1.2851 1.5030 1.5382 1.1589 1.0045 0.8143 0.8343 0.7968 0.7774 0.7174 0.8649 0.9730 1.2954 1.2088 0.9324 0.3795 0.7486 0.8591 0.6671 0.7216 0.7551 0.6702 0.1277 -0.6457 
1.6569 1.7412 1.2729 1.1719 1.3248 1.1604 1.4910 1.1846 0.8691 0.8614 1.0809 0.9628 0.2912 0.8188 0.9538 1.1853 0.4326 1.1281 0.8475 0.6780 0.0735 0.7053 0.7781 0.4859 0.4297 0.6846 0.9383 0.4793 0.5497 0.2804 0.1068 0.3245 -0.3683 
2.4988 2.2066 1.9300 1.5935 1.4973 1.1243 1.4154 0.8754 1.4315 0.9590 1.1557 1.3731 1.2054 0.9144 1.0325 1.1355 -1.1595 1.0837 0.9522 0.7467 1.0036 1.1203 0.8620 0.6039 1.0156 0.3648 0.8493 0.4546 0.7139 0.6555 0.7761 0.7388 0.3975 
1.7168 1.6285 0.7563 1.2826 1.3917 1.1901 1.4164 0.9193 0.6458 0.7484 0.7630 0.8575 1.1293 0.1458 0.3351 1.0079 0.6798 0.9679 0.2665 -0.0077 0.9550 0.6209 0.4594 0.3980 0.2230 0.4058 0.8506 0.5188 0.6259 0.3523 -0.3715 0.1979 -0.3169 
1.6640 1.3699 1.3602 0.7705 0.7771 0.9818 0.7548 0.8464 0.9392 0.7852 0.8101 0.9551 0.9168 0.5058 0.7446 0.8285 -0.1235 0.7699 0.6576 0.3546 0.6985 0.6936 0.5130 0.4265 0.4909 0.3457 0.2052 0.3081 0.0050 -0.1043 0.2648 -0.0589 -0.3769 
2.1028 1.7256 1.1322 1.0225 -0.2563 1.3716 1.4673 1.2930 1.1924 1.0269 1.2858 0.6448 1.2021 1.3590 1.5723 1.2742 0.7035 1.2145 1.4544 1.2293 1.0033 0.3830 0.9756 0.6669 0.7534 0.7723 0.9169 0.7010 -0.9126 0.0971 0.0088 0.2947 0.0553 
2.0264 1.8386 1.8035 1.8658 1.6964 0.7579 1.3419 1.0696 1.1494 1.3296 0.9930 1.2163 0.8788 0.9504 1.0111 0.8550 0.6814 0.7946 0.9375 0.7796 0.6772 0.9678 0.6878 0.9724 0.7253 0.6003 0.7515 0.1135 0.9348 0.9543 0.6969 0.3828 -0.0507 
1.8583 1.2683 0.8261 1.1083 1.2714 0.6757 0.9563 1.0188 0.5776 0.9457 0.0361 0.8653 0.3335 0.9922 0.6981 0.4468 -0.2319 0.3987 0.6194 0.8471 0.1353 0.6251 -0.2812 0.5797 0.1443 0.5283 0.3591 0.0286 0.4707 0.2347 -0.3660 -0.1260 -0.3282 
2.5202 1.9848 1.5729 1.3340 1.1785 0.9094 0.6625 1.3004 0.7122 1.0667 0.9456 1.2780 1.0551 1.4391 1.0102 1.0564 0.7493 1.0107 0.9362 1.3111 0.8745 1.0136 0.6348 0.7045 0.2972 0.7835 0.0892 0.2596 0.3876 0.4101 0.4420 0.5136 0.4227 
1.5512 1.2550 1.4131 1.3112 1.0339 0.7320 0.8677 1.4193 1.1728 0.9664 0.1783 0.3493 0.9311 1.1793 1.0798 0.9201 0.6637 0.8579 0.9943 1.0312 0.7150 0.0881 -0.1285 0.6113 0.7410 0.9496 0.3008 0.0607 0.2737 0.3775 0.3121 -0.2269 -0.5797 
2.0366 0.8099 1.3791 1.0809 0.6471 1.1294 1.0668 1.0597 0.9544 1.1107 1.2451 0.0701 0.3719 0.9788 1.0352 0.7525 1.0032 0.7188 0.9549 0.8281 0.1803 -0.1746 0.9439 0.7469 0.5267 0.5820 0.4870 0.4569 -0.1142 0.2057 0.2699 -0.6264 -0.0958 
1.7350 2.0070 1.6332 0.6725 1.0486 1.0880 1.0115 1.4917 1.6862 1.4652 1.3877 1.4684 1.2580 1.2485 0.7403 1.1185 1.2717 1.0771 0.6474 1.0803 1.0390 1.2438 1.0801 1.0984 1.2783 1.0027 0.4176 0.4208 0.2881 -0.2691 0.4999 0.5873 -0.3283 
2.4922 1.6098 1.3347 1.6100 1.6668 1.2129 1.7312 1.4198 0.6797 0.9391 0.8425 1.1216 0.8409 1.1405 1.0873 1.3175 1.5370 1.2814 1.0050 1.0027 0.6511 0.8934 0.5484 0.5776 0.2761 0.9484 1.1558 0.5377 0.8941 0.6660 0.1845 0.0253 0.3837 
1.2163 0.8605 0.7327 0.7004 0.4409 0.3999 0.6622 0.3303 0.5244 0.4662 0.5229 -0.1116 0.3546 -0.0311 0.4404 0.1891 -0.5651 0.1357 0.3521 -0.2002 0.1633 -0.3789 0.2319 0.0960 0.0853 -0.1713 0.0777 -0.2764 -0.3401 -0.2151 -0.3871 -0.5296 -0.9172 
1.8572 1.6153 1.3937 1.7337 1.4040 1.1575 1.2704 0.9940 1.0011 0.8074 1.3167 1.3041 1.2435 1.4930 1.2775 1.2645 1.3249 1.2027 1.1589 1.3501 1.0330 1.0417 1.0098 0.4385 0.5984 0.4892 0.6736 0.4775 0.6329 0.8089 0.3053 0.1247 -0.2186 
1.7992 1.6553 1.8781 1.6553 1.3507 0.9581 0.7808 1.4599 1.4065 1.4748 1.3877 1.6143 0.9031 1.1188 0.3747 0.7205 0.7913 0.6781 0.2904 0.9872 0.6893 1.3486 1.0811 1.1077 0.9885 0.9788 0.2172 0.2927 0.5829 0.7225 0.7485 0.1922 -0.2826 
1.8097 1.6177 1.1557 0.4878 0.9916 1.2766 1.0615 1.4545 1.2809 1.0564 0.8691 1.1892 1.0449 0.9588 0.7439 1.1103 1.2180 1.0698 0.6591 0.7965 0.8547 0.9525 0.5818 0.6943 0.8367 0.9744 0.4859 0.6077 0.2190 -0.3969 0.0285 0.1631 -0.2311 
2.5660 2.2828 1.7828 1.3742 1.2669 1.3928 1.7412 1.2012 0.0301 1.0096 1.1369 1.3529 1.0663 1.1767 0.5191 -0.3432 1.0970 -0.3734 0.4088 1.0304 0.8813 1.0947 0.8446 0.6507 -0.3514 0.6918 1.1666 0.7313 0.4603 0.4388 0.6711 0.8025 0.4731 
2.0599 1.6250 1.0525 1.4971 1.6639 1.5183 1.1771 1.0668 0.2644 1.3301 0.1817 0.5410 0.1427 1.0502 1.0328 0.2324 1.0713 0.1702 0.9530 0.9316 -0.0407 0.2986 -0.1396 0.9731 -0.1378 0.5997 0.6113 0.8440 0.8953 0.6055 -0.0495 0.1522 -0.0103 
2.4477 2.1456 1.6007 1.6320 0.9517 1.2262 1.3951 0.8193 1.1222 1.0311 1.1630 0.6638 0.9498 1.0222 0.4388 1.0246 0.2691 0.9837 0.3561 0.8903 0.7369 0.4109 0.8672 0.6697 0.7037 0.3310 0.8214 0.5512 0.1797 0.6959 0.4520 0.6904 0.3705 
1.8134 1.8092 1.4773 1.3562 1.4635 1.4182 1.0252 1.3309 1.4344 1.2117 -0.4034 1.0632 1.2514 1.3088 0.6491 1.1553 0.6373 1.0996 0.5520 1.1521 1.0376 0.8180 -0.6849 0.8424 1.0175 0.8312 0.4478 0.7467 0.6877 0.4327 0.3690 0.3631 -0.2612 
0.8495 1.3459 1.1487 0.7994 1.3196 1.1204 1.0778 1.0520 0.9124 0.8681 1.3211 1.1753 0.6141 1.1086 0.5529 0.2447 1.2408 0.1896 0.4371 0.9790 0.4096 0.9431 1.0153 0.4885 0.4669 0.5827 0.5008 0.4553 0.5504 -0.1218 0.0394 -0.0489 -2.1599 
1.8409 1.5541 1.3125 0.9591 1.0829 1.3304 1.1367 1.3240 1.1665 1.5144 1.2886 1.0824 0.3399 1.1075 1.2095 0.8458 0.6716 0.7912 1.0938 0.9801 0.1343 0.8471 0.9770 1.1475 0.7394 0.8215 0.5821 0.6611 0.3216 0.0172 0.2124 0.1052 -0.2045 
2.5659 2.0884 1.9682 1.8588 1.6930 1.6104 1.4293 1.3547 1.1625 1.2330 1.4000 1.4131 1.3408 1.3259 1.1061 0.9955 -0.0059 0.9572 1.0183 1.1779 1.1394 1.1710 1.0907 0.8654 0.7337 0.8630 0.8695 0.9410 0.9353 0.9490 0.8391 0.6370 0.4542 
1.9988 1.7718 1.8730 1.6854 1.6686 1.2211 0.5152 1.1520 0.8905 1.3317 1.2082 1.1561 1.0748 0.8780 0.9957 0.8072 1.2180 0.7589 0.9196 0.7156 0.9021 0.9307 0.9180 0.9752 0.4484 0.6637 -0.0452 0.5545 0.8959 0.7515 0.7431 0.3278 -0.0656 
1.6395 1.8052 1.7039 1.4962 1.5307 2.1882 1.9527 1.4278 1.2286 1.4147 1.0109 1.1369 1.0828 0.7062 0.9252 1.0420 0.9940 0.9988 0.8049 0.5781 0.9159 0.9141 0.7063 1.0587 0.7818 0.9515 1.3592 1.5193 0.7488 0.5915 0.6052 0.3852 -0.3821 
2.4125 1.5375 1.6256 1.6305 1.2547 1.2899 1.4361 0.5564 1.1181 1.5273 1.3163 1.1155 1.0768 1.2947 0.9147 0.5477 0.3895 0.4894 0.7962 1.1304 0.9009 0.8894 1.0060 1.1589 0.7032 0.0432 0.8809 0.6221 0.4574 0.6993 0.4940 -0.0119 0.3178 
2.3316 1.7306 1.6699 1.3826 1.1276 1.4979 1.1476 0.5444 1.4673 1.6904 1.1856 1.3234 1.4075 1.1140 0.9445 0.2477 0.7491 0.1842 0.8294 0.9830 1.2278 1.0684 0.8890 1.3316 1.0470 0.0400 0.5921 0.8296 0.3632 0.4487 0.5724 0.2726 0.2776 
1.4161 1.5962 1.0176 1.3490 0.8208 1.0834 1.3128 1.1289 1.2761 1.1063 1.0863 0.6702 1.0322 1.2341 1.1095 1.2187 0.9949 1.1585 1.0229 1.0724 0.8432 0.4121 0.7873 0.7442 0.8319 0.6443 0.7264 0.4164 0.0372 0.4182 -0.0863 0.1216 -0.7229 
2.0430 1.9992 1.7203 1.2847 1.3341 1.2002 0.9283 1.1061 0.7525 1.3767 1.3044 1.3835 1.3109 1.5679 1.2521 0.6251 1.1127 0.5727 1.1330 1.4062 1.1013 1.1322 0.9962 1.0177 0.3420 0.6301 0.3245 0.5337 0.5632 0.3598 0.6147 0.5660 -0.0280 
1.8453 1.8147 1.6362 1.2857 1.6698 0.9816 1.5735 1.7195 1.2919 1.3338 1.1780 0.6888 0.4615 1.1428 1.4713 1.3472 0.3677 1.3069 1.3786 1.0059 0.2807 0.4295 0.8840 0.9754 0.8483 1.2398 0.9894 0.2955 0.9035 0.3559 0.5132 0.3726 -0.2590 
1.9699 1.3186 1.8463 1.7484 1.6071 0.7136 1.1706 1.2647 1.0409 1.2554 0.9743 0.7922 0.9324 1.1649 1.0960 1.1359 1.3200 1.0838 1.0146 1.0212 0.7149 0.5651 0.6643 0.8845 0.6269 0.7399 0.6139 0.0139 0.7923 0.8335 0.7379 -0.1789 -0.1923 
2.4739 2.1288 1.7882 1.8755 1.4572 1.5583 1.2541 1.2690 1.3648 1.2715 1.3509 1.3005 1.0811 0.9701 1.1259 0.0012 1.2579 -0.0103 1.0372 0.8048 0.9133 1.0384 1.0477 0.9030 0.9549 0.7462 0.6579 0.8911 0.6809 0.9612 0.6841 0.6988 0.4111 
3.5420 3.3674 3.0203 2.6885 2.5129 2.3897 2.3049 2.1312 2.0248 2.0173 2.1529 1.9664 1.9925 2.0245 1.9512 1.7498 1.8707 1.7074 1.8373 1.8913 1.7848 1.7054 1.8568 1.6600 1.6157 1.6479 1.7141 1.7191 1.7276 1.7527 1.9106 1.9448 1.4952 
4.0248 3.8556 3.4978 3.0196 2.9493 2.8177 2.5861 2.7180 2.6748 2.5898 2.6137 2.5169 2.4120 2.3921 2.3451 2.2777 2.2762 2.2183 2.2692 2.2727 2.2319 2.2856 2.3022 2.2193 2.2670 2.2370 1.9965 2.1489 2.1429 2.0879 2.3703 2.3965 1.8866 
4.3405 4.3529 3.9324 3.6332 3.4025 3.0900 3.1596 3.1126 3.1566 2.9744 2.9585 2.5383 2.8624 2.7519 2.7057 2.6136 2.6463 2.5549 2.6265 2.6260 2.6682 2.2984 2.6468 2.6192 2.7306 2.6386 2.6071 2.4205 2.6345 2.6937 2.7795 2.9237 2.2508 
3.6527 4.1844 3.5180 3.0391 2.5607 2.1358 2.6130 2.3313 2.3566 2.0406 1.6457 1.5022 1.9711 1.4814 1.0744 1.2635 0.9590 1.2024 1.0234 1.3654 1.7537 1.2313 1.3263 1.6671 1.9458 1.8056 2.0262 1.4181 1.7350 2.1043 2.3803 2.7472 1.7014 
4.0853 3.9323 3.7737 3.2683 3.1961 3.1194 3.0416 3.0136 2.9497 2.8899 2.7698 2.7395 2.7073 2.6800 2.6983 2.6416 2.6159 2.6053 2.6212 2.5401 2.5157 2.4921 2.4722 2.5195 2.5066 2.5150 2.4621 2.4540 2.4147 2.3371 2.6726 2.4601 2.0041 
4.3203 4.2079 3.7579 3.5573 3.1245 2.9816 2.9915 3.0041 2.7570 2.6175 2.5983 2.3989 2.0916 2.3962 2.4003 2.3553 2.3080 2.3152 2.3147 2.2748 1.9255 2.1504 2.2906 2.2522 2.3403 2.4994 2.4008 2.3053 2.3414 2.6291 2.6479 2.7541 2.3092 
3.9350 3.9484 3.3743 3.3590 3.2664 3.0824 3.0691 2.8880 2.8687 2.8446 2.7853 2.7384 2.7245 2.6630 2.6297 2.6175 2.5562 2.5617 2.5228 2.5141 2.5378 2.4912 2.4879 2.4785 2.4282 2.3808 2.4952 2.4155 2.4616 2.4469 2.3063 2.4700 1.9765 
3.4458 4.1553 3.8946 3.7613 3.5377 3.4261 3.3592 3.2991 3.2015 3.1525 3.0935 3.0413 3.0251 2.9916 2.9702 2.9548 2.9056 2.9012 2.8666 2.8400 2.8269 2.7867 2.7923 2.7867 2.7605 2.7786 2.7724 2.7568 2.7511 2.8485 2.7567 2.7244 1.0660 
3.2862 4.4117 4.0020 3.3205 3.3601 3.2848 3.1401 3.0039 3.0329 2.9618 2.9193 2.8545 2.7980 2.7672 2.7516 2.7426 2.7257 2.6973 2.6640 2.6431 2.6257 2.6221 2.6184 2.6062 2.6235 2.5016 2.5847 2.6146 2.5967 2.3769 2.8709 2.9869 1.6507 
4.3353 3.8320 3.8926 3.3402 3.3074 3.1776 3.0794 3.0605 2.9057 2.8975 2.8658 2.8063 2.7888 2.7205 2.7127 2.6915 2.6540 2.6515 2.6325 2.5985 2.6202 2.5809 2.5729 2.5288 2.4599 2.5822 2.5063 2.5110 2.5193 2.4127 2.7553 2.3820 2.2106 
4.5629 4.5697 3.9548 3.7624 3.5802 3.3698 3.2137 3.1737 3.0874 3.0633 3.0167 2.9777 2.9415 2.9039 2.8394 2.8120 2.8029 2.7594 2.7418 2.7439 2.7221 2.7176 2.7105 2.7023 2.6685 2.6793 2.6398 2.6983 2.7729 2.8470 2.7988 3.1034 2.4569 
3.6963 4.3612 3.4154 3.2864 2.7910 2.3611 1.9335 1.8430 2.1437 2.3139 2.0435 1.7793 2.0338 1.9805 1.8311 1.6989 1.7757 1.6578 1.7341 1.8305 1.8623 1.5862 1.7583 1.9691 1.7504 1.2683 1.4140 1.7416 2.0296 2.3350 2.3112 2.9415 1.9600 
3.6017 4.2934 4.0916 3.9034 3.6918 3.5710 3.4630 3.3798 3.3582 3.2955 3.2297 3.1820 3.1295 3.1373 3.0936 3.0566 3.0567 3.0134 3.0104 3.0034 2.9589 2.9531 2.9374 2.9394 2.9512 2.8956 2.9080 2.9026 2.9298 2.9820 2.9814 2.8425 1.7132 
3.6019 4.5032 4.1294 3.7240 3.3652 3.3246 3.2438 3.0953 2.9691 3.0143 2.8554 2.8010 2.8807 2.8408 2.7798 2.7506 2.7424 2.7044 2.6932 2.6963 2.6797 2.5739 2.5601 2.6566 2.5349 2.6247 2.6589 2.6541 2.6050 2.7875 3.0115 3.0665 1.8865 
4.3235 4.0067 4.0898 3.9197 3.6167 3.4768 3.3928 3.3382 3.2885 3.2584 3.2051 3.1103 3.0658 3.0138 3.0170 2.9830 2.9467 2.9478 2.9424 2.8731 2.8806 2.8796 2.9116 2.8886 2.8446 2.8367 2.8146 2.8092 2.8122 2.9900 2.9831 2.5826 2.1989 
4.2937 4.4350 3.6366 3.3559 3.4070 3.3192 3.2598 3.1460 3.0894 3.0736 3.0557 3.0878 2.9899 2.9545 2.8710 2.8802 2.8124 2.8217 2.7596 2.7829 2.7787 2.8446 2.7517 2.7123 2.6717 2.6594 2.6681 2.6486 2.6372 2.4198 2.4768 3.0039 2.1437 
3.4234 4.3072 3.9140 3.3880 2.8193 2.7020 2.7124 2.5395 2.6518 2.4755 2.6837 2.0272 1.5589 2.1121 1.3265 1.8325 1.5582 1.7726 1.1685 1.9842 1.3794 1.7568 2.3734 2.1135 2.2233 2.0499 2.1214 2.0284 2.0460 2.4758 2.7572 2.8711 1.5147 
4.2845 4.1186 3.9650 3.5872 3.0771 2.8191 2.7565 2.9178 2.4821 2.6229 2.6531 2.1310 2.3314 2.3103 2.3378 2.2999 2.2798 2.2586 2.2593 2.1588 2.1285 1.9253 2.3375 2.2650 2.0487 2.4025 2.1982 2.1522 2.3141 2.6518 2.8382 2.6742 2.1297 
4.4296 4.3299 3.9827 3.8411 3.4445 2.8565 1.7007 2.9558 3.0388 2.9912 3.0977 2.8810 2.7092 2.4637 2.3353 2.4134 2.3773 2.3678 2.2514 2.3266 2.5123 2.6357 2.7985 2.6360 2.6303 2.4414 1.2745 2.1552 2.6668 2.9407 2.8561 2.8903 2.3835 
3.3480 3.5907 4.1496 2.9626 3.3103 3.2931 3.0358 3.3273 3.1023 2.9745 3.0769 2.9387 2.8146 2.7483 2.8344 2.7675 2.7433 2.7281 2.7372 2.6245 2.6366 2.6729 2.7647 2.6208 2.6890 2.8204 2.4537 2.6247 2.5259 1.9774 3.0446 2.0765 1.6096 
3.3110 4.1783 3.8500 3.7691 3.5097 3.3253 3.2159 3.2391 2.9866 2.9655 2.9699 2.8865 2.9051 2.9143 2.8212 2.8086 2.7815 2.7578 2.7271 2.7515 2.6967 2.6407 2.6602 2.6102 2.5656 2.7259 2.6418 2.6543 2.7248 2.8574 2.7246 2.7397 1.5854 
3.5901 4.3038 4.0676 3.7835 2.9730 3.0698 2.9527 3.0425 3.0158 2.7430 2.7979 2.6545 2.1949 2.2939 2.3288 2.1280 2.2157 2.0835 2.2446 2.1338 1.9939 2.3978 2.5021 2.3793 2.6104 2.5595 2.3545 2.4037 2.1790 2.8755 2.9619 2.8598 1.7295 
4.2962 4.0106 3.3054 3.5685 3.2256 3.1054 2.9134 3.3221 3.2818 3.1520 2.8340 2.9352 2.8924 2.7012 2.6541 2.6678 2.6303 2.6303 2.5631 2.5698 2.6876 2.6716 2.5398 2.7847 2.8330 2.8167 2.3241 2.4418 2.4362 2.6472 2.1676 2.5452 2.1385 
4.3459 4.3177 3.8379 3.8329 3.6861 3.6253 3.3990 3.3422 3.1889 3.1439 3.0739 3.0260 2.9557 2.9441 2.8484 2.7843 2.7498 2.7424 2.7495 2.7658 2.7402 2.7674 2.7635 2.7779 2.7544 2.8427 2.8186 2.9561 2.9202 2.9336 2.7275 2.8633 2.2753 
3.6631 3.8085 4.0043 3.4832 2.7742 2.7191 3.4241 3.0149 2.7987 3.1609 2.6415 2.7816 2.6909 2.6563 2.7257 2.6643 2.6646 2.6273 2.6423 2.5085 2.4921 2.5496 2.3318 2.7954 2.3753 2.5137 2.8581 2.0645 2.0024 2.5604 2.9050 2.3695 1.6875 
2.0839 4.0894 3.9645 3.4234 3.4089 3.0627 3.3135 3.1521 3.0040 3.1092 2.8759 2.9626 2.9647 2.8290 2.7971 2.7593 2.7533 2.7196 2.7072 2.6879 2.7517 2.6992 2.5825 2.7527 2.5912 2.6622 2.7267 2.3853 2.6399 2.5043 2.8221 2.6666 1.0113 
3.6631 3.9974 3.5799 3.2894 2.8024 2.9436 2.9403 2.6288 2.6706 2.9228 2.4801 1.7581 2.3080 2.0084 1.4252 0.9667 1.2901 0.9262 1.3415 1.8655 2.0925 1.5338 2.1805 2.5529 2.2629 2.1082 2.3420 2.2747 2.0226 2.3540 2.4233 2.5823 1.6482 
4.1883 3.6357 3.4430 3.3985 2.3320 2.4172 3.2708 2.7997 2.7566 2.6298 2.3776 2.0216 2.3299 1.9357 1.9385 1.9267 1.8542 1.8641 1.8186 1.7567 2.1237 1.7715 2.0792 2.2718 2.3431 2.3151 2.6778 1.7492 1.5487 2.4770 2.3394 2.1305 2.0899 
4.1155 3.8564 3.3331 3.1239 2.8632 3.0134 1.9403 2.5671 2.5419 2.6585 2.4245 2.1742 2.2741 2.2655 2.1589 2.1573 2.1369 2.1029 2.0629 2.0894 2.0555 1.9450 2.1228 2.3024 2.1005 2.0544 1.3366 2.3434 2.0734 2.2165 2.2351 2.3977 2.0706 
3.8393 3.6928 3.3528 2.9623 2.9865 2.6430 2.4967 2.5158 2.4753 2.6884 2.4501 2.4213 2.4150 2.3316 2.3106 2.2688 2.2535 2.2060 2.2134 2.1854 2.2352 2.1837 2.1515 2.3309 2.0543 2.0191 1.9449 1.9710 2.2060 2.0178 2.2637 2.2649 1.7901 
3.5232 3.5357 3.0367 2.7614 2.7064 2.6338 2.5507 2.2882 2.0898 2.3292 2.0899 1.9735 1.9618 1.8534 1.9067 1.8987 1.9414 1.8378 1.7900 1.7050 1.7482 1.7115 1.7889 1.9720 1.6776 1.7672 1.9716 1.9659 1.9451 1.8579 1.9411 2.0842 1.4596 
3.4172 3.3704 2.9458 2.7578 2.6682 2.5116 2.3221 2.0626 2.1847 2.0040 2.1498 2.0953 2.0755 2.0009 1.9677 1.8532 1.9254 1.7971 1.8649 1.8563 1.8957 1.8625 1.8543 1.6495 1.7503 1.5901 1.7296 1.8443 1.8951 1.8492 1.7972 1.9474 1.3541 
2.9599 3.2113 2.7510 2.4241 2.1770 1.9556 2.3724 2.2425 2.1149 2.0827 2.0175 1.9455 2.0358 1.8556 1.8764 1.7054 1.6945 1.6635 1.7626 1.7050 1.8431 1.6803 1.7116 1.7237 1.6966 1.7276 1.7920 1.3000 1.3869 1.5154 1.6414 1.7603 0.9139 
3.0325 3.0613 2.4755 2.2708 2.2549 1.9137 2.4181 2.1469 2.0128 1.9646 1.8462 1.6905 1.5530 1.5566 1.7201 1.5547 1.6177 1.4939 1.6367 1.4028 1.3439 1.4334 1.5510 1.6087 1.6069 1.6575 1.8510 1.2399 1.4532 1.3377 1.3571 1.6343 0.9813 
2.5090 2.8648 2.5355 2.3342 2.2642 1.8603 1.9742 1.4179 1.7296 1.6147 1.4160 1.7479 1.8082 1.8406 1.7076 1.6071 1.6038 1.5475 1.6268 1.6948 1.6317 1.5066 1.1179 1.2526 1.3141 0.9457 1.3845 1.1935 1.4535 1.4072 1.4108 1.4177 0.4096 
2.0062 2.6727 2.0944 1.9663 1.9445 1.3325 1.4090 0.7300 1.4402 0.9705 1.2098 0.9357 1.3710 1.2737 1.3768 1.2046 0.9692 1.1435 1.2964 1.0997 1.1809 0.6774 0.9185 0.6074 1.0239 0.2203 0.8415 0.6476 1.1375 1.0269 0.9892 1.2581 -0.0558 
2.6290 2.2537 2.0401 1.6407 1.2938 1.7390 1.0339 1.0578 1.0095 1.3511 1.1238 1.3888 1.2719 0.2392 0.9316 0.7139 0.4217 0.6645 0.8006 0.0453 1.0500 1.1367 0.8198 0.9902 0.6001 0.5981 0.4453 1.0662 0.4946 0.6842 0.9313 0.8559 0.5110 
2.7666 2.6784 2.3797 2.0896 2.0377 2.0022 1.7679 1.6494 1.6060 1.6561 1.4923 1.7387 1.6574 1.2920 1.4531 1.1881 1.3811 1.1290 1.3635 1.1298 1.4469 1.4928 1.1982 1.2998 1.1569 1.1417 1.2086 1.3329 1.2776 1.1828 1.2792 1.2451 0.6771 
2.3681 2.0941 1.2875 1.2355 1.5833 1.3894 1.0375 1.3082 1.1743 1.2844 0.9117 1.2499 1.2809 0.4521 1.1874 0.8230 -1.8273 0.7641 1.0797 0.3318 1.0634 0.9919 0.6097 0.9234 0.7437 0.8044 0.4480 0.7163 0.7852 0.3282 0.0449 0.7083 0.2509 
2.1073 2.3264 1.7966 1.6524 1.6334 1.6999 1.7362 1.2178 1.2687 1.1556 1.1608 1.0849 1.3082 1.3393 1.0944 1.0873 0.0527 1.0475 1.0090 1.1994 1.0947 0.8538 0.8666 0.7858 0.8204 0.7034 1.1602 1.0318 0.8467 0.7225 0.6679 0.8920 -0.0484 
2.3976 1.8929 1.6390 1.3043 0.7671 1.3252 1.3311 1.2397 1.0029 0.9761 1.1402 1.3017 1.1059 0.6626 0.7234 1.0767 0.6221 1.0317 0.6426 0.5130 0.9382 1.0431 0.8445 0.6206 0.5924 0.7264 0.7443 0.6557 0.0157 0.3624 0.5253 0.4357 0.3317 
1.3539 1.6945 1.9402 1.2224 1.0176 1.5380 1.2860 0.2371 1.0532 1.1575 1.2837 1.1753 1.0467 0.7404 1.3245 1.0055 0.7119 0.9658 1.2397 0.6184 0.8598 0.9466 0.9736 0.7950 0.6393 -0.2758 0.6929 0.8671 0.2631 0.2826 0.7877 0.2758 -1.1671 
2.6486 1.9873 1.6232 1.6333 1.5772 1.4420 1.1067 0.6569 1.0109 1.2795 1.2928 1.3376 1.1938 1.0609 1.0384 1.0806 0.9269 1.0383 0.9573 0.9388 0.9976 1.0810 0.9840 0.9187 0.6041 0.1545 0.5523 0.7720 0.7704 0.6943 0.4701 0.4734 0.5512 
1.7629 1.0869 1.0306 0.8117 0.6608 1.0374 0.7133 0.7679 0.7757 0.6548 0.3701 0.7369 0.7911 1.0216 0.8604 0.6576 0.2738 0.6192 0.7497 0.8919 0.6225 0.5003 0.0596 0.2896 0.3500 0.2925 0.1348 0.3726 -0.0957 -0.1189 -0.0551 -0.4483 -0.3675 
2.5667 1.7848 1.8460 1.5589 1.5040 1.2827 0.7927 1.3774 1.4729 1.4053 1.0964 1.2724 0.6754 0.9723 1.1309 0.2925 1.0230 0.2513 1.0397 0.8174 0.4734 1.0051 0.7968 1.0446 1.0492 0.8944 0.2491 0.6140 0.7194 0.6287 0.7139 0.2854 0.4344 
1.7510 1.7489 1.5281 0.0453 1.5599 1.6162 1.2085 1.0064 1.2464 1.1907 1.4150 1.3396 0.9742 0.9669 1.2916 1.1895 0.4416 1.1304 1.1873 0.8075 0.7621 1.0813 1.1113 0.8229 0.7975 0.5166 0.6306 0.9463 0.7608 -1.0234 0.3964 0.3192 -0.3005 
2.3252 1.3178 1.6175 1.0429 1.5238 1.0165 0.9868 1.2846 -0.5950 1.1353 0.9638 0.6429 1.4117 1.3129 1.0605 1.3346 1.3137 1.2963 0.9743 1.1572 1.2361 0.3873 0.6530 0.7746 -1.1058 0.7613 0.4089 0.3472 0.7411 0.1077 0.4615 -0.1685 0.2043 
2.0261 1.6508 1.2469 1.2173 0.6510 -0.6342 0.9504 1.2716 1.2145 1.3008 0.9864 1.2056 1.1189 0.7625 0.6524 0.6420 1.0905 0.6067 0.5702 0.6359 0.9466 0.9629 0.6811 0.9449 0.7713 0.7460 0.3594 -1.2633 -0.1301 0.2984 0.0958 0.2001 -0.0316 
2.5339 1.7294 0.9346 0.8873 1.1516 1.3860 1.3131 1.0928 0.9829 0.8184 0.9578 1.2768 1.3199 1.2808 1.0822 1.0731 1.0740 1.0271 0.9975 1.1101 1.1125 1.0132 0.6483 0.4440 0.5546 0.6147 0.7270 0.7226 0.3910 -0.0182 -0.1471 0.2436 0.4159 
2.1242 1.9577 1.4885 1.5592 1.7268 1.4711 0.5531 1.4410 1.4049 1.1956 1.0099 1.4180 1.3334 1.0157 0.9630 1.0634 0.9788 1.0197 0.8654 0.8805 1.1276 1.1823 0.7054 0.8241 0.9854 0.9664 -0.0407 0.7986 0.9620 0.6415 0.3679 0.4913 0.0378 
2.1672 1.8320 1.5954 1.4224 1.2470 0.2050 1.2325 1.2790 1.6061 1.6871 1.3770 1.1318 0.6580 1.2988 1.0488 0.9744 0.8308 0.9383 0.9659 1.1380 0.4575 0.9032 1.0730 1.3284 1.1585 0.7550 0.6487 -0.5198 0.4450 0.5072 0.4499 0.3687 0.0668 
2.5238 1.6394 1.6195 1.0594 1.4885 1.4370 1.5633 1.1944 0.9946 0.8977 1.1510 1.0298 1.2894 1.2285 1.1900 0.9463 0.8126 0.8958 1.0815 1.0676 1.0763 0.7775 0.8553 0.5316 0.5803 0.6884 0.9812 0.7708 0.7127 0.1536 0.4968 0.2232 0.4296 
1.0149 1.5388 1.4463 1.0306 1.1599 1.1878 1.2882 1.4151 1.4553 0.9207 0.9500 1.2777 0.9279 0.9480 0.9795 1.3254 1.3079 1.2889 0.8871 0.7791 0.7109 1.0115 0.6412 0.5507 1.0345 0.9438 0.6972 0.5138 0.3829 0.0855 0.3359 0.1031 -1.0215 
2.5591 2.1340 1.4041 1.6860 1.4195 1.1309 1.2940 0.7445 1.3697 1.1358 1.3471 0.9347 1.3867 1.2402 1.3695 1.4063 1.1554 1.3609 1.2898 1.0773 1.2008 0.6728 1.0406 0.7750 0.9581 0.2691 0.7050 0.4565 0.6588 0.7511 0.3131 0.6807 0.4844 
1.5673 1.3095 1.2622 1.1375 1.4001 1.1109 1.0478 1.2988 0.9563 0.6207 0.9796 1.0086 0.8539 0.7652 1.1491 1.2657 1.2203 1.2039 1.0534 0.6428 0.6541 0.7491 0.6700 0.2735 0.5129 0.7837 0.4790 0.4331 0.6360 0.2342 0.1131 -0.1229 -0.4739 
2.6121 2.0880 1.6699 1.5932 1.5333 1.3242 1.0226 1.3401 1.2840 0.7276 1.1783 1.3966 0.7064 0.8415 1.3057 0.8710 0.6530 0.8105 1.2082 0.6982 0.5098 1.1473 0.8883 0.3623 0.8425 0.8456 0.4428 0.6530 0.7431 0.6574 0.5581 0.6345 0.5074 
