2.3597 1.6726 1.5885 1.5214 0.9213 1.6912 1.2912 0.9967 1.4445 1.3513 1.4120 1.2595 1.4228 1.4011 1.2691 1.2986 0.3966 1.2591 1.1790 1.2741 1.2535 1.0103 1.1262 1.0045 1.0323 0.5153 0.7215 1.0455 0.1888 0.6251 0.4776 0.2116 0.3136 
0.7065 1.3502 1.4884 1.4943 1.3528 -0.0428 0.9096 1.1171 1.3360 1.5333 1.2836 1.2538 0.9647 1.3060 1.1845 1.1967 1.0056 1.1384 1.0729 1.1753 0.7653 1.0016 0.9869 1.1758 0.9376 0.6425 0.3395 -0.7090 0.6104 0.6087 0.4021 -0.0264 -2.1735 
2.8096 1.9362 1.7361 1.6000 1.5758 1.8627 1.4700 1.8178 1.8746 1.7469 1.3895 1.7302 1.9046 1.7042 1.4272 1.6000 1.2649 1.5649 1.3377 1.5835 1.6964 1.5117 1.1066 1.3924 1.4404 1.3295 0.9247 1.2180 0.8058 0.6992 0.6522 0.4482 0.7723 
2.6166 2.2474 2.0153 1.6561 1.3800 1.8967 1.8390 1.9868 1.9146 1.8301 1.5057 1.5154 1.7461 1.6004 0.9144 1.0631 -0.1411 1.0220 0.7963 1.4549 1.5757 1.2724 1.2184 1.4720 1.5051 1.5237 1.2794 1.2506 0.6388 0.7743 0.9453 0.8377 0.6173 
2.6484 1.8432 1.7701 1.6330 1.3566 1.5308 1.6259 1.3982 1.3728 1.4763 1.4846 1.4451 1.3763 1.5216 1.2638 1.1542 1.1084 1.0985 1.1677 1.3658 1.2192 1.2290 1.2045 1.1172 0.9735 0.9405 1.0561 0.8840 0.6061 0.7329 0.7080 0.3956 0.6344 
2.5678 1.9594 1.6354 1.6067 1.2478 0.9802 1.7499 1.9373 1.9740 1.3738 1.7605 1.8345 1.5771 1.5725 1.6412 1.7745 1.8754 1.7224 1.5679 1.4138 1.3700 1.5910 1.4746 1.0334 1.5754 1.4556 1.2236 0.3151 0.4658 0.7153 0.5851 0.5618 0.5727 
2.9077 2.2780 1.9758 1.8477 1.2293 0.7376 0.7198 1.2943 1.2679 1.3899 1.3738 1.4496 1.5642 1.6319 1.5936 1.4014 1.4262 1.3602 1.5032 1.5004 1.3563 1.2306 1.0820 1.0436 0.8529 0.8120 0.1941 0.1223 0.4573 0.9495 0.9109 0.8370 0.9016 
2.3079 2.1065 2.0130 1.9469 1.7942 1.5776 1.3156 1.6809 1.3306 1.2604 1.8476 1.5662 1.6244 1.7141 1.1243 1.4937 1.3665 1.4375 1.0239 1.5914 1.4318 1.3107 1.5596 0.9202 0.9311 1.2267 0.7433 0.9337 1.0328 1.0464 0.9472 0.6943 0.2755 
2.6790 2.1832 2.1574 1.6738 1.6088 1.4689 1.9228 1.7580 1.5201 1.5481 1.7058 1.5698 1.5968 1.7029 1.2724 1.1821 1.0753 1.1258 1.1808 1.5833 1.3954 1.3143 1.4172 1.1924 1.0873 1.2840 1.3585 0.8301 0.8602 0.7762 1.0567 0.7245 0.6736 
2.5177 2.0180 1.8779 1.7311 1.7724 1.6017 1.7862 2.1356 2.0144 0.7246 1.4381 1.0474 0.9544 1.3677 1.3718 1.2618 0.8699 1.2274 1.2909 1.2476 0.7549 0.8194 1.1529 0.3750 1.6097 1.6489 1.2436 0.9584 1.0150 0.8554 0.7783 0.6067 0.4803 
2.5468 2.1471 2.1448 1.9795 1.8503 1.9713 1.7059 1.4855 1.3243 1.3626 1.2358 1.6131 1.6760 1.4751 1.1270 1.0791 0.6834 1.0364 1.0336 1.3303 1.4985 1.3673 0.9350 1.0125 0.9239 0.9991 1.1636 1.3241 1.0715 1.0769 1.0484 0.7094 0.4970 
1.8551 1.2563 1.5169 1.3151 1.1129 0.7435 1.3995 1.1933 1.1340 1.0261 0.6166 0.9951 -0.0818 0.7432 0.3594 0.6061 0.6042 0.5668 0.2839 0.6227 -0.2685 0.7478 0.3264 0.6752 0.7211 0.6945 0.8639 0.0947 0.3589 0.4211 0.4355 -0.2305 -0.2655 
2.7289 2.2765 1.3904 1.1787 1.6517 1.5977 2.0908 2.0472 2.1656 2.0139 2.1314 1.9223 2.0151 1.6633 1.7048 1.1570 1.5371 1.0969 1.6227 1.5460 1.8472 1.6755 1.8484 1.6652 1.7327 1.5851 1.5565 0.9497 0.9184 0.3036 0.3324 0.8658 0.7100 
1.7065 1.9940 1.6621 1.6621 1.0142 1.6274 2.0911 1.9094 1.9755 1.7468 1.6964 1.5010 0.9968 1.6946 1.4799 1.4811 1.1910 1.4237 1.3736 1.5758 0.8044 1.2634 1.4040 1.3975 1.5770 1.4134 1.5561 0.9886 0.3000 0.7809 0.5768 0.6395 -0.3878 
2.8753 2.3133 1.9934 1.8302 1.6593 1.3813 1.8798 0.9423 1.1941 1.5013 1.2575 0.9667 1.3262 0.9266 1.3091 0.1163 0.8222 0.0800 1.2348 0.7718 1.1403 0.7223 0.9562 1.1479 0.7587 0.4666 1.3042 0.7512 0.9243 0.9424 0.9267 0.9061 0.8540 
2.6129 2.3067 1.5547 1.6128 0.8985 1.4455 1.3669 1.3307 0.2646 1.3882 1.2393 1.4481 1.5154 1.4862 1.5723 1.6009 1.3669 1.5657 1.4695 1.3413 1.3137 1.2325 0.9402 1.0438 -0.1826 0.8648 0.8106 0.8042 0.1203 0.7139 0.4342 0.9157 0.6143 
2.0565 1.5147 1.2959 1.3139 1.3126 1.2136 1.2013 0.3226 0.9240 1.0726 1.0318 0.9867 0.8065 0.7640 1.0437 1.1239 1.0390 1.0679 0.9582 0.6358 0.6258 0.7406 0.7391 0.7204 0.5041 -0.1800 0.6269 0.5609 0.5651 0.4165 0.1883 0.0590 -0.0015 
1.7285 2.1958 1.8727 1.4640 1.2460 1.6447 1.9282 1.7218 1.5676 1.0153 1.5307 1.3729 1.0436 0.7155 1.3796 1.1110 1.2730 1.0613 1.2991 0.5982 0.8700 1.1454 1.2394 0.6664 1.1443 1.2595 1.3640 1.0029 0.4839 0.5858 0.7597 0.7852 -0.2625 
2.4932 2.3030 2.0176 1.8830 1.6426 2.0008 2.0780 1.6528 1.5795 1.6092 1.2933 1.3673 1.2622 1.6749 1.6726 1.2967 -0.1192 1.2596 1.5895 1.5594 1.0594 1.1337 0.9931 1.2652 1.1618 1.1860 1.5445 1.3582 0.9172 0.9737 0.9518 0.9229 0.4593 
2.2603 1.6381 0.7744 1.6006 0.2324 1.5212 1.6470 1.6546 1.2557 1.7807 1.6390 0.8488 0.5693 1.0455 1.2171 1.4947 1.2465 1.4387 1.1024 0.9251 0.3579 0.6066 1.3428 1.4278 0.8445 1.1880 1.0829 0.8814 -0.6620 0.7127 -0.1194 0.3299 0.2059 
1.5554 1.9057 1.9036 0.7026 1.0496 1.3928 1.7818 1.5797 1.5193 0.6318 1.2427 1.1658 1.2989 1.0408 1.2664 0.8381 0.8941 0.7786 1.1755 0.9192 1.1056 0.9291 0.9440 0.2802 1.0861 1.0832 1.2411 0.7516 0.3130 -0.2226 0.8102 0.5229 -0.3407 
2.6348 1.6825 1.1465 0.7570 1.5658 1.6502 1.5844 1.9135 1.8881 1.6303 1.5730 1.5983 1.2468 1.5241 1.1238 1.0667 0.4333 1.0285 1.0310 1.3655 1.0423 1.3509 1.2739 1.2835 1.4593 1.4207 1.0178 1.0018 0.7971 -0.1436 0.0594 0.1951 0.6214 
1.8733 1.3691 1.4170 1.5063 1.5915 1.7356 1.8872 1.8101 1.7030 1.7224 1.6142 1.2814 1.2754 1.2858 1.0450 0.8469 -1.0271 0.7859 0.9622 1.1458 1.0736 1.0338 1.3169 1.3723 1.3027 1.3230 1.3135 1.0934 0.8358 0.6168 0.3389 -0.0394 -0.2078 
2.7766 2.4116 2.5251 2.2290 2.1361 2.1573 2.2600 1.9694 1.9007 1.7049 1.1727 1.6333 1.8357 1.6912 1.7608 1.9238 1.7294 1.8886 1.6717 1.5700 1.6365 1.3902 0.8770 1.3613 1.4841 1.5029 1.6948 1.5074 1.3706 1.3260 1.4297 1.0032 0.7869 
2.5363 3.3375 2.9291 2.7263 2.5870 2.4887 2.2258 2.3502 2.2369 2.2624 2.2221 2.2407 2.0158 2.0686 2.0605 2.1731 1.9832 2.1140 1.9734 1.9374 1.8482 1.9921 1.9228 1.9179 1.8271 1.8944 1.6550 1.8404 1.8409 1.8512 1.8471 1.9563 0.9167 
3.9978 4.1917 3.6095 3.2634 3.0959 2.9389 2.8565 2.8770 2.7501 2.7043 2.6735 2.6059 2.6073 2.5569 2.4888 2.4707 2.4683 2.4138 2.3749 2.4044 2.4180 2.3574 2.3847 2.3515 2.3355 2.3796 2.2826 2.2908 2.3332 2.3609 2.5345 2.8079 1.9649 
3.3929 4.5139 3.9259 3.6748 3.5185 3.3503 3.5712 3.3439 3.2055 3.1578 3.1429 3.0778 2.9879 2.9739 2.9502 2.9320 2.9037 2.8927 2.8717 2.8549 2.8226 2.8557 2.8539 2.8000 2.7951 2.8796 3.0038 2.6987 2.7482 2.7925 2.8461 3.1273 1.4894 
3.9590 4.3260 3.7838 3.5302 3.3987 3.2504 3.5423 3.2787 2.9928 2.9761 2.8934 2.9002 2.8653 2.8228 2.7676 2.7616 2.7227 2.7067 2.6647 2.6619 2.6601 2.6537 2.5956 2.6259 2.5928 2.8092 2.9790 2.6006 2.6406 2.6268 2.6735 2.9429 1.9251 
4.0209 4.2792 3.8490 3.6278 3.4987 3.3446 2.9426 3.2749 2.9503 2.8598 2.6164 2.6845 2.6109 2.4157 2.6315 2.6137 2.6014 2.5742 2.5524 2.2785 2.4221 2.4636 2.3214 2.5146 2.5486 2.8116 2.3691 2.6971 2.7183 2.7355 2.7542 2.8990 1.9713 
4.2464 4.4069 3.9292 3.2466 2.6899 2.9020 3.4959 3.1293 3.6036 3.5352 3.3583 3.1699 3.0942 2.8174 2.7906 2.7665 2.6839 2.7112 2.6810 2.6602 2.9054 2.9109 3.0699 3.1910 3.2037 2.6321 2.9191 2.2553 1.9139 2.3308 2.8527 3.0019 2.2940 
3.7239 4.4627 4.1334 3.5993 3.5197 3.2323 2.8586 3.2807 3.4109 3.5488 3.1221 3.4437 3.1888 2.9826 3.0678 2.9785 2.9630 2.9348 2.9738 2.8618 2.9832 3.2044 2.8448 3.2046 2.9896 2.8188 2.2815 2.5828 2.7505 2.6949 3.0144 3.0475 1.0747 
4.2100 4.4964 3.8424 3.5896 3.3344 3.3884 3.7172 3.6362 3.4373 3.3155 2.6245 2.0702 3.1001 2.8795 2.5866 2.5634 2.5450 2.5294 2.5118 2.7261 2.9086 1.8501 2.3343 2.9735 3.0087 3.1800 3.1787 2.7397 2.5843 2.6851 2.7133 3.1062 2.2886 
4.0317 4.5609 3.7929 3.6500 3.5492 3.3423 3.5383 3.5966 3.1720 3.4266 3.3211 3.2015 3.0240 3.1324 3.1261 3.0540 3.0435 3.0015 3.0140 2.9775 2.8599 2.9499 3.0327 3.0716 2.7411 3.1309 2.9733 2.6902 2.7951 2.7625 2.6606 3.1841 1.7154 
3.7088 4.5400 4.1520 3.8619 3.5992 3.4657 3.1870 3.5745 3.5925 3.3996 3.2980 3.3097 3.2524 3.1404 3.1030 3.0708 3.0451 3.0170 2.9944 2.9835 3.0624 3.0771 2.9982 3.0454 3.1947 3.0996 2.6113 2.8151 2.8596 2.9548 3.0304 3.1706 2.1183 
4.2089 4.4743 3.7532 3.2124 2.9427 3.1479 3.3218 2.9125 3.2914 2.7205 2.7080 2.6479 2.3796 2.1532 1.5951 1.4830 1.6835 1.4108 1.4702 1.9847 2.2150 2.3990 2.4202 2.3573 2.8892 2.4397 2.7852 2.5088 2.2004 2.2927 2.6282 3.0693 2.2725 
4.1363 4.4789 3.8210 3.4851 3.2775 3.1518 3.0723 2.9737 2.8487 2.8536 2.8463 2.7893 2.8000 2.7914 2.7513 2.6785 2.6592 2.6397 2.6560 2.6405 2.6012 2.5522 2.5442 2.4999 2.4144 2.5140 2.5324 2.5030 2.5380 2.5716 2.6936 3.0717 2.0170 
4.1815 4.5868 4.0983 3.8244 3.6192 3.5159 3.4272 3.3376 3.2203 3.1967 3.1595 3.1310 3.0928 3.0236 2.9981 2.9872 2.9744 2.9460 2.9171 2.8966 2.9042 2.8871 2.8626 2.8540 2.8181 2.8765 2.8745 2.8685 2.8763 2.9122 2.9856 3.2048 1.9331 
4.3471 4.7575 4.1958 3.8710 3.7184 3.5826 3.5071 3.4399 3.4071 3.3132 3.2683 3.2199 3.1900 3.1469 3.1230 3.0810 3.0411 3.0265 3.0115 2.9860 2.9843 2.9730 2.9748 2.9695 2.9871 2.9488 2.9327 2.9349 2.9597 2.9683 3.0966 3.3409 2.1289 
4.4803 4.8146 4.1807 3.9072 3.6305 3.5072 3.4136 3.3241 3.2441 3.2116 3.1780 3.1137 3.0658 3.0131 3.0048 2.9660 2.9471 2.9232 2.9225 2.8890 2.8864 2.8767 2.8773 2.8679 2.8512 2.8670 2.8664 2.8595 2.8842 3.0040 3.0698 3.4131 2.3151 
4.4820 4.8293 4.2165 4.0670 3.8134 3.6417 3.5427 3.4295 3.3762 3.3119 3.2823 3.2404 3.2070 3.1738 3.1504 3.1024 3.0636 3.0462 3.0351 3.0048 3.0005 2.9905 2.9863 2.9670 2.9653 2.9413 2.9770 2.9940 3.0284 3.1836 3.1293 3.4373 2.3125 
4.4026 4.8799 4.3502 4.1099 3.9373 3.8411 3.7117 3.6103 3.5951 3.5373 3.4913 3.4246 3.3973 3.3665 3.3160 3.3017 3.2821 3.2576 3.2362 3.2342 3.2151 3.1927 3.1906 3.1933 3.1965 3.1491 3.1746 3.1936 3.1946 3.2095 3.2533 3.5052 2.0930 
4.0085 4.7074 4.1699 3.9241 3.6352 3.5112 3.4287 3.3790 3.1914 3.1959 3.1803 3.1955 3.0653 3.0180 2.9903 2.9845 2.9489 2.9411 2.9098 2.8926 2.8861 2.9431 2.8797 2.8532 2.7712 2.9054 2.8751 2.8634 2.8923 3.0222 3.0488 3.3086 2.3395 
3.9527 4.2149 3.7832 3.3236 3.3737 3.3362 3.3088 3.1723 3.0987 2.9450 2.8467 2.7716 2.6622 2.3435 1.8117 2.0140 2.1021 1.9697 1.6997 2.2269 2.4947 2.5434 2.5464 2.5983 2.6731 2.6648 2.7591 2.6912 2.6237 2.4403 2.6670 2.8383 1.7737 
4.2088 4.2341 3.8837 3.3458 2.5523 2.4036 2.5041 2.1294 2.2076 1.5527 2.9340 2.3930 2.8677 2.8932 2.3393 1.8152 1.4491 1.7610 2.2534 2.7471 2.6629 2.1689 2.6400 1.1208 1.7726 1.6529 1.9326 1.7702 1.8277 2.4673 2.8122 2.8568 2.1845 
4.1344 4.1208 4.2025 3.8637 3.7728 3.6306 3.5533 3.5407 3.5154 3.3853 3.4233 3.4170 3.1436 3.3146 3.3299 3.0397 3.0450 2.9897 3.2468 3.1971 2.9388 3.1880 3.1415 3.0310 3.0958 3.0529 2.9876 2.9847 3.0000 2.9686 3.1324 2.7231 2.0451 
4.4805 4.6345 4.0833 4.0038 3.8465 3.7321 3.6245 3.5669 3.5404 3.4710 3.4356 3.4385 3.2685 3.2874 3.3143 3.2652 3.2306 3.2252 3.2342 3.1715 3.0860 3.2006 3.1540 3.1139 3.1369 3.0895 3.0695 3.0856 3.0831 3.1313 2.9846 3.2504 2.4082 
3.9217 4.6034 4.1771 3.8270 3.6691 3.5570 3.4987 3.3552 3.3190 3.3120 3.2643 3.2359 3.0570 3.2190 3.1442 3.0145 2.9971 2.9746 3.0284 3.0749 2.8818 2.9874 2.9705 2.9676 2.9194 2.8887 2.9228 2.9108 2.9230 2.9232 3.0789 3.2307 1.8746 
3.5311 4.4208 3.7614 3.4657 3.0571 3.0771 2.9100 2.5290 2.8413 2.8502 2.5837 2.9187 2.6022 2.5850 2.5729 2.5752 2.4402 2.5384 2.4809 2.4426 2.4024 2.6662 2.2822 2.4910 2.4023 2.0315 2.3423 2.4383 2.3202 2.5775 2.6593 3.0110 1.8852 
4.3076 4.5252 4.0032 3.4472 3.0057 2.8944 2.8637 3.1916 2.5137 2.2967 2.3069 1.9023 2.5838 2.5461 2.2550 2.6510 2.5419 2.6106 2.1995 2.3890 2.3811 1.6378 2.0222 1.9671 2.0663 2.6863 2.2970 2.2553 2.2751 2.5663 2.9314 3.1398 2.2411 
1.6496 4.3567 3.4683 3.4247 3.1616 3.1983 3.2408 3.5644 3.1178 3.0689 3.2493 3.0643 2.8509 2.7952 2.6675 2.2556 2.7649 2.2171 2.5878 2.6447 2.6434 2.8476 2.9557 2.7150 2.6850 3.0848 2.6686 2.5480 2.3732 2.5312 2.3958 2.9678 1.1394 
4.5644 4.3226 4.0637 3.8573 3.6649 3.5823 3.5509 3.3078 3.4113 3.4518 3.3641 3.2274 3.1126 3.2229 2.8915 2.9444 2.9416 2.9039 2.8026 3.0791 2.9180 2.9826 3.0761 3.0961 2.9904 2.8485 2.9863 2.9366 2.9217 2.9573 2.9811 2.9278 2.5703 
3.3623 4.4716 4.4487 4.1521 3.8337 3.6847 3.6107 2.7239 3.1692 3.5136 2.8742 3.2730 2.7886 3.2773 3.3014 3.2395 3.1150 3.2017 3.2171 3.1607 2.5936 3.0283 2.5747 3.1711 2.7346 2.2437 3.0509 3.0383 3.0599 3.2421 3.3421 3.0698 0.9883 
3.5218 4.2683 4.4332 3.8773 3.5069 3.2210 3.3012 3.5115 3.2742 3.1549 3.4966 3.0500 3.0248 2.9639 2.2287 2.4784 2.3283 2.4195 2.1309 2.8475 2.8611 2.8294 3.1958 2.7998 2.8733 3.0090 2.7484 2.5739 2.7341 2.9710 3.3303 2.9034 1.4192 
2.6512 3.9827 4.3161 3.7814 3.2952 3.2754 3.4733 3.3371 2.7176 2.9017 3.0889 2.7897 2.1920 2.3288 2.7184 2.3785 2.6685 2.3375 2.6292 2.2172 1.9821 2.5559 2.8005 2.5602 2.3142 2.8743 2.9042 2.6287 2.5498 2.8747 3.2530 2.5864 1.4097 
2.8918 3.4259 4.2309 3.4118 2.5422 2.6288 3.0262 3.4503 2.8991 2.7250 2.8389 1.9646 2.5103 3.1321 2.6746 2.5050 2.5280 2.4442 2.5926 2.9772 2.2988 1.7478 2.5380 2.3689 2.5019 2.9587 2.4827 1.9378 1.6952 2.5333 3.1740 1.9026 1.4607 
3.3301 3.6157 4.0094 3.5008 3.1826 3.2218 3.3154 3.0363 2.4788 2.7303 2.7661 2.6086 2.4113 2.6871 1.8987 1.8450 1.4091 1.8097 1.8141 2.5636 2.2386 2.3575 2.4780 2.3705 2.0345 2.5713 2.7730 2.5760 2.4198 2.5945 2.9356 2.2524 0.5697 
4.0165 4.0639 4.1184 3.4662 3.4911 3.4219 3.4494 3.0220 2.9856 2.7731 2.8739 2.3929 2.9144 3.2083 2.6470 2.5890 2.2482 2.5511 2.5710 3.0591 2.7299 2.1937 2.5810 2.4327 2.5884 2.5621 2.8876 2.7717 2.7019 2.5506 3.0072 2.6546 1.8897 
4.0762 4.0125 3.9817 3.4803 3.4596 3.5167 3.5000 3.5890 3.5149 3.5063 3.3707 3.3621 3.2327 3.3449 3.0311 2.9086 2.8032 2.8712 2.9430 3.2185 3.0361 3.1440 3.0844 3.1602 3.0942 3.1204 2.9252 2.8691 2.6827 2.5841 2.9091 2.6305 2.0461 
3.8998 3.9497 3.9779 3.1935 2.7436 2.9277 3.1880 3.0747 3.1213 3.0357 2.5687 2.4161 2.5542 2.8473 2.5456 1.6832 1.3694 1.6400 2.4417 2.6762 2.3474 2.2018 2.2683 2.6814 2.6925 2.5954 2.6172 2.2850 1.9775 2.2737 2.9108 2.5725 1.9154 
3.7772 3.7982 3.8733 3.1249 2.8552 2.8825 2.9131 2.9700 2.2192 2.6071 2.6557 2.2779 1.8195 2.4182 1.7602 1.6985 1.8447 1.6694 1.6560 2.2832 1.6324 2.0321 2.3573 2.2603 1.8077 2.5156 2.3439 2.2316 2.0588 2.2224 2.8046 2.3910 1.8550 
3.5848 3.5362 3.7940 3.1932 2.9108 2.6606 2.7215 2.6204 2.7402 2.9322 2.2780 2.4113 2.2533 1.5660 2.5157 2.3926 2.4316 2.3432 2.3987 1.4009 2.0543 2.1967 1.9803 2.5864 2.3269 2.1511 2.1816 2.0012 2.1527 2.2711 2.6998 2.1390 1.6250 
3.8264 3.9348 3.9816 3.6280 3.5665 3.5040 3.5512 3.6570 3.4030 3.5183 3.3016 3.1453 3.1545 2.3097 3.1485 3.0636 3.1377 3.0104 3.0346 2.1721 2.9458 2.8941 3.0069 3.1749 2.9859 3.1968 2.9883 2.8560 2.8290 2.7564 2.9129 2.5669 1.8572 
4.3892 4.2340 3.9454 3.7138 3.5342 3.4861 3.3944 3.1290 2.9307 2.7863 2.7773 2.4426 2.2262 2.4031 1.8709 2.0147 1.9527 1.9761 1.7675 2.2648 2.0172 2.2112 2.4940 2.4251 2.5352 2.6412 2.8532 2.8429 2.7810 2.8448 2.8756 2.8526 2.3434 
2.8574 4.2840 4.2095 3.8732 3.2842 3.4296 3.5118 3.2687 2.8715 2.5242 1.8449 1.6977 2.4312 2.2469 2.3148 2.5280 2.3930 2.4724 2.2366 2.0981 2.2488 1.4809 1.5544 2.1674 2.4486 2.8004 2.9395 2.7876 2.5423 2.9720 3.1403 2.9129 1.1949 
3.2690 3.8212 4.1327 3.7832 3.4220 3.4189 3.5017 2.6509 2.5690 2.8239 2.3649 2.3820 0.8507 2.2894 2.4977 2.2029 2.3066 2.1465 2.3839 2.1710 0.4295 2.1619 2.0830 2.4631 2.1698 2.1894 2.9240 2.7761 2.6595 2.8801 3.0394 2.3907 1.5704 
4.0724 3.8663 3.9820 3.7103 3.2412 2.9593 3.6342 3.2056 2.8659 3.1101 2.7110 2.6537 2.6993 2.7366 2.6016 2.6057 2.5377 2.5668 2.5293 2.6003 2.5356 2.4150 2.4256 2.7550 2.4451 2.7075 3.0872 2.3115 2.5115 2.8400 2.9104 2.4518 1.9465 
3.7575 3.6209 3.5322 3.3053 2.8537 2.6641 3.0619 3.1265 2.9931 2.5731 2.8648 2.6718 2.5761 2.6611 2.2560 2.2717 2.4895 2.2352 2.1774 2.5383 2.3767 2.4490 2.5645 2.2366 2.5954 2.6394 2.5192 2.0388 2.0926 2.4364 2.4420 2.2519 1.7356 
3.8353 4.3084 4.3182 4.0634 3.7153 3.0534 3.2119 3.4947 3.2545 2.4633 3.0071 3.2109 3.2489 3.1876 3.1054 2.9965 2.9874 2.9584 2.9963 3.0261 3.0578 2.9623 2.7193 2.1025 2.8593 2.9871 2.6475 2.4031 2.9569 3.1819 3.2447 2.9340 1.9985 
4.1165 3.9815 3.9532 3.8049 3.5323 3.3702 3.4913 2.4404 3.2139 3.3152 3.0437 2.7509 2.8719 2.8476 2.7408 2.6257 2.5987 2.5843 2.6491 2.6718 2.6653 2.5294 2.7529 2.9739 2.8140 1.9875 2.9130 2.7252 2.7832 2.9111 2.8765 2.6116 2.1210 
3.9604 4.3370 4.1938 4.0934 3.8365 3.5603 2.6011 2.9234 3.2570 3.2496 3.1979 3.0275 2.6345 2.5541 2.6119 2.7064 2.6944 2.6622 2.5369 2.3999 2.4535 2.8070 2.8989 2.9032 2.8616 2.4460 2.0490 2.9111 3.0656 3.2025 3.1156 2.9553 2.0280 
3.9825 3.8495 3.5586 2.9036 2.9617 2.6031 3.3012 2.8159 2.6228 2.3445 2.5208 2.3271 2.1782 2.4578 2.0724 2.1020 1.9817 2.0490 1.9840 2.3089 1.9744 2.0923 2.2199 2.0020 2.2260 2.3166 2.7486 1.9649 2.2232 2.0174 2.4891 2.4334 1.9721 
2.2765 3.3949 3.8179 3.8161 3.1622 3.2225 3.5230 3.0656 2.6124 2.9057 2.8956 2.2922 2.4013 2.8066 2.6110 2.5515 2.5691 2.5150 2.5355 2.6529 2.2301 2.0420 2.5988 2.5598 2.2240 2.5870 2.9538 2.5826 2.3833 2.9076 2.7184 1.9726 0.9274 
3.8539 4.1590 3.7999 2.5313 3.1859 2.9630 3.2368 2.8633 2.8892 3.0901 3.1173 2.9567 2.8515 2.5657 2.5142 2.3868 2.3294 2.3410 2.3961 2.4160 2.6407 2.7140 2.8360 2.7377 2.4889 2.3601 2.6669 2.3127 2.4183 1.6176 2.6833 2.7611 1.8081 
3.5114 3.9820 3.8962 3.6551 3.3460 2.4884 3.2608 2.8942 2.8524 2.9477 2.7337 2.3329 2.4022 2.3581 2.3111 2.2670 2.2835 2.2296 2.2305 2.2357 2.2285 2.0933 2.4443 2.6005 2.4216 2.4067 2.6984 1.8597 2.5995 2.7793 2.8332 2.6097 1.4320 
3.6548 3.8115 3.4713 3.5485 3.1128 2.8625 3.1957 2.8872 2.8662 2.7166 2.5909 2.7406 2.6237 2.5424 2.5223 2.4914 2.5106 2.4324 2.4047 2.3817 2.4393 2.5246 2.2945 2.3640 2.4429 2.3928 2.6269 2.2187 2.3434 2.6504 2.3953 2.3936 1.6999 
2.8050 3.1925 2.9408 2.6829 2.5513 2.2143 2.6897 2.2044 1.6724 2.0195 2.2984 2.0151 1.9400 1.8761 1.7318 1.8782 1.6469 1.8191 1.6469 1.7031 1.7448 1.7820 2.0046 1.6802 1.2670 1.6955 2.1522 1.5736 1.7862 1.8094 1.8759 1.7995 0.8768 
1.5776 2.2458 2.1755 1.7318 1.5248 1.8732 2.4722 2.2202 1.8676 1.5648 2.1930 2.0049 1.8062 1.6012 1.6502 1.4109 1.6186 1.3673 1.5733 1.4528 1.6151 1.7660 1.8949 1.2238 1.4297 1.7169 1.9152 1.2356 0.7627 0.8555 1.0667 0.8887 -0.3598 
2.5738 2.6257 1.7533 2.2104 1.9016 1.9943 1.8758 1.7887 1.6467 1.9210 1.6456 1.7157 1.5274 0.2081 1.3546 1.2542 0.6934 1.2105 1.2703 0.0950 1.3205 1.4891 1.3510 1.5777 1.2542 1.3170 1.2988 1.3480 1.1291 1.2984 0.7405 1.2660 0.4097 
2.1258 2.5828 2.5741 2.5097 2.6551 2.5217 2.5993 2.2547 2.1780 1.9081 1.6170 1.5172 1.3799 1.5844 1.1757 1.3844 -0.2793 1.3429 1.0657 1.4301 1.2265 1.2722 1.3164 1.5636 1.7425 1.7689 2.0349 1.8718 1.9125 1.6060 1.5129 1.2393 -0.0166 
3.0407 2.6641 2.3272 2.0693 1.6989 2.1055 1.9223 1.4608 1.4076 1.7460 1.6502 1.2789 1.4449 0.6319 1.2141 1.3675 0.9174 1.3235 1.0997 0.4861 1.2663 1.0341 1.3554 1.3939 1.0027 0.9837 1.3555 1.4608 0.9635 1.1934 1.2612 1.2721 1.0465 
2.6750 1.9128 2.2808 2.2004 2.0577 1.6907 1.9606 1.7460 1.1424 1.6418 1.7905 1.8118 1.1422 1.0995 1.2662 1.2675 0.9563 1.2334 1.1766 0.9685 0.9576 1.5775 1.5057 1.2968 0.7241 1.2746 1.3979 1.0424 1.3105 1.2902 1.2161 0.6233 0.6600 
2.7981 2.3593 1.9365 2.1673 1.9974 1.7200 1.6936 1.9296 1.8836 1.6258 1.9400 1.6088 1.2887 1.5977 1.5594 1.4771 1.1587 1.4210 1.4472 1.4513 1.0928 1.3599 1.6452 1.2773 1.4535 1.4456 1.1461 1.0745 1.2571 1.2735 0.8494 0.9609 0.7682 
2.0094 1.5010 2.1952 2.2522 1.9842 1.6026 1.7280 1.1701 0.9425 1.4589 1.5679 1.5367 1.4048 1.5970 0.6383 1.2418 0.4994 1.1899 0.5828 1.4482 1.2436 1.2823 1.2686 1.1066 0.5413 0.6763 1.1935 0.9564 1.2440 1.3570 1.0976 0.0918 0.0147 
1.8242 2.0799 2.2788 2.0880 1.9227 1.6900 1.9753 1.5936 0.1696 1.2538 1.3355 1.5282 0.9361 1.5538 0.2596 1.1624 1.4225 1.1063 0.1091 1.3840 0.7233 1.2792 1.0435 0.9088 -0.3405 1.0954 1.4171 1.0399 1.1727 1.2182 1.2180 0.7132 -0.0787 
2.2343 2.0870 1.6757 1.7730 1.4112 1.9205 2.1583 1.5795 1.7414 1.5529 1.6409 1.7227 1.3534 0.8378 1.5006 1.3558 1.0455 1.3113 1.3899 0.6939 1.1746 1.5004 1.3486 1.1913 1.3336 1.0732 1.5965 1.2794 0.6802 0.8977 0.5996 0.6979 0.2725 
2.0623 2.2442 1.7706 1.6578 1.7491 1.8984 1.9742 1.5582 1.4711 1.2963 1.3605 1.5713 1.6622 1.2973 0.9169 1.3695 1.0471 1.3296 0.7992 1.1589 1.4820 1.3190 1.0622 0.9520 1.0472 1.0478 1.4124 1.2509 1.0061 0.7549 0.6968 0.8543 0.0335 
2.7946 2.2152 1.6954 1.8818 1.5636 1.4245 1.3118 1.2727 1.3691 0.8665 1.4879 1.9450 1.6250 1.3343 1.7225 1.2515 1.2574 1.2056 1.6380 1.2183 1.4302 1.6962 1.2097 0.5130 0.9665 0.7838 0.7456 0.7755 0.7966 0.9702 0.6463 0.8133 0.7772 
2.4756 2.2523 0.5635 1.9289 1.8762 1.5546 1.8860 1.8441 1.7464 1.5154 1.2999 1.4924 1.5061 1.3605 1.3001 0.9372 1.4361 0.9066 1.2268 1.2408 1.3070 1.2582 1.0035 1.1564 1.3382 1.3468 1.3138 0.9057 1.0943 1.0351 -0.8953 0.8506 0.4360 
1.8930 2.1702 1.4942 1.5623 1.2304 1.1381 1.2843 1.1849 0.9682 1.3295 1.2867 1.4103 0.7852 0.9049 0.6722 1.0619 1.0995 1.0220 0.6021 0.7300 0.6102 1.1895 0.9921 0.9811 0.5820 0.6854 0.7220 0.4729 0.4613 0.6516 0.3890 0.7854 -0.1844 
2.5086 2.1258 1.7621 1.7066 1.9539 1.7584 1.9435 1.5116 1.3293 1.5172 1.4939 1.8043 0.8686 1.5222 1.2921 1.3337 0.7535 1.2929 1.2148 1.3645 0.6685 1.5738 1.2098 1.1621 0.9347 1.0198 1.3740 1.1212 1.2236 0.8394 0.6762 0.7190 0.5029 
2.5341 1.8233 1.9125 1.4057 1.3722 1.3162 1.5910 1.4597 1.2943 1.6045 1.7862 1.3387 1.6458 1.6967 1.6100 1.0441 1.1895 1.0039 1.5295 1.5783 1.4598 1.0925 1.5017 1.2632 0.9047 0.9770 1.0286 0.6831 0.6262 0.5374 0.8296 0.3770 0.5151 
2.1095 1.2972 0.6914 0.7579 1.1353 1.2525 1.1017 1.2517 1.1067 1.2945 1.2349 0.9327 1.2306 1.0114 0.3529 -0.2388 -0.0996 -0.2731 0.2788 0.8895 1.0208 0.6825 0.9335 0.9486 0.6961 0.7548 0.5701 0.6099 0.3965 -0.1581 -0.2717 -0.2446 0.0468 
2.0544 1.6468 1.5805 1.2478 1.5261 1.5110 1.8952 1.3000 1.4949 1.2845 0.9743 1.2453 1.3257 1.6979 1.5588 1.3872 1.2007 1.3481 1.4446 1.5802 1.1441 0.9923 0.6790 0.9387 1.0683 0.8254 1.3232 0.8688 0.7469 0.3296 0.5043 0.2800 0.0799 
1.9458 1.6237 1.7076 1.4571 1.4014 1.2704 1.2550 0.9310 1.1268 1.1281 1.3933 0.9828 1.2731 1.2570 1.2988 1.2972 1.0420 1.2584 1.2291 1.0983 1.0721 0.7314 1.1060 0.7766 0.7173 0.4163 0.6923 0.6158 0.6658 0.5731 0.6446 0.2235 -0.0098 
2.3955 2.2967 1.9764 1.4652 1.4269 0.9252 1.7242 1.5036 1.5942 1.7342 1.4724 1.6070 1.5748 1.5464 0.7551 1.5197 0.6763 1.4611 0.6797 1.3748 1.3686 1.3614 1.1895 1.3812 1.1923 1.0086 1.1901 0.2887 0.6794 0.5850 0.9115 0.9192 0.3878 
2.5757 2.2387 1.8807 1.2883 1.3128 1.7591 1.9608 1.6541 1.4167 1.3248 1.7947 1.5445 1.7175 0.7755 1.5413 1.3287 1.2593 1.2879 1.4252 0.6387 1.5572 1.2883 1.5115 0.9796 1.0123 1.1849 1.3962 1.1174 0.5807 0.3968 0.7689 0.8226 0.5799 
2.2382 2.0449 1.4806 1.5262 1.6835 0.7384 1.6029 1.0436 0.9533 1.2837 1.3475 1.1839 0.9097 0.4497 0.8004 0.9421 1.0595 0.9091 0.7071 0.3235 0.6987 0.9427 1.0480 0.9403 0.5384 0.5867 1.0381 0.0800 0.9405 0.6422 0.3752 0.6888 0.2540 
2.2826 1.5490 1.9114 1.7046 1.6442 1.5714 1.6928 1.2339 1.5929 1.4958 1.7635 1.0601 1.6238 1.4533 1.1235 1.1124 1.0478 1.0596 1.0314 1.3120 1.4304 0.8442 1.4775 1.1465 1.1865 0.7284 1.1467 0.9265 0.9124 0.8216 0.8176 0.2017 0.2227 
2.5173 2.2416 2.1405 1.9573 1.2364 1.4459 1.8070 1.3408 1.4225 1.3564 1.5740 1.6232 1.5646 1.6212 1.2514 1.4122 1.0129 1.3686 1.1443 1.4859 1.3590 1.3727 1.2756 1.0103 1.0143 0.8682 1.2571 0.7980 0.4648 1.0531 1.0488 0.8338 0.4841 
