4.2140 4.0239 3.9711 3.6942 3.4832 3.3801 3.3274 3.3212 3.2298 3.0726 3.0457 2.9645 2.9785 2.9109 2.9013 2.8762 2.8115 2.8201 2.7970 2.7575 2.7583 2.7014 2.7321 2.7074 2.7919 2.7922 2.7199 2.6970 2.6983 2.7387 2.8027 2.5667 2.0703 
4.3322 4.2231 3.8910 3.6012 3.4186 3.2802 3.1860 3.2190 2.9401 2.9188 2.9605 2.9172 2.7744 2.7875 2.7570 2.7563 2.7217 2.7131 2.6749 2.6615 2.5860 2.6736 2.6572 2.5447 2.4858 2.7179 2.6267 2.6039 2.6517 2.6764 2.7586 2.7399 2.1235 
4.7891 4.7528 4.2273 4.0762 3.9192 3.8098 3.7333 3.6936 3.5803 3.5323 3.4813 3.4491 3.4045 3.3765 3.3398 3.3356 3.3061 3.2727 3.2193 3.2183 3.1975 3.1923 3.1671 3.1590 3.1392 3.1596 3.1368 3.1260 3.1181 3.1246 3.0845 3.2754 2.6548 
4.4489 4.8836 4.1931 4.0849 3.7866 3.6267 3.5988 3.3892 3.4972 3.3902 3.3494 3.3047 3.1908 3.1932 3.1479 3.1379 3.0952 3.0914 3.0634 3.0551 3.0132 3.0418 3.0321 3.0259 3.0726 2.8758 3.0170 2.9423 3.0060 3.1357 3.0480 3.4246 2.2903 
4.6104 4.1559 4.1719 3.9066 3.7615 3.6083 3.5102 3.4774 3.3415 3.3501 3.3722 3.2881 3.1670 3.1483 3.0982 3.0893 3.0811 3.0472 3.0161 3.0230 2.9982 3.0320 3.0581 2.9852 2.8894 2.9952 2.9442 2.9287 2.9903 2.9992 3.0552 2.6685 2.4346 
3.2407 5.0689 4.3971 4.0220 3.8226 3.7210 3.5685 3.5745 3.4422 3.3650 3.1450 3.4251 3.1922 3.4172 3.3010 3.2067 3.1402 3.1519 3.1805 3.2790 3.0130 3.1628 2.8360 3.0023 3.0203 3.0680 2.9995 3.0366 3.0346 3.0586 3.2176 3.5869 2.0093 
3.7908 4.6725 4.5873 4.3687 4.1561 4.0532 3.9424 3.8536 3.7782 3.7076 3.6770 3.6748 3.5742 3.5549 3.4852 3.4580 3.4496 3.4129 3.3991 3.4115 3.3821 3.4018 3.3585 3.3452 3.3581 3.3666 3.3612 3.3700 3.3722 3.4097 3.4452 3.1903 1.9381 
4.3123 4.4472 4.2239 3.8244 3.6149 3.4601 3.3577 3.1337 3.3697 3.2658 3.2407 2.7957 3.0678 2.9480 2.9735 2.9917 2.8845 2.9273 2.8516 2.7867 2.8628 2.5475 2.9404 2.8891 2.9359 2.6567 2.7553 2.7806 2.8060 2.8927 3.0945 2.9867 2.0674 
4.1395 4.7046 4.1152 3.9726 3.6658 3.4339 3.3366 3.1810 3.4364 3.1639 3.2487 3.1414 3.1691 3.0343 3.1580 3.0580 2.7808 3.0189 3.0719 2.8766 2.9985 2.8971 2.9479 2.7976 3.0164 2.6912 2.7265 2.7503 2.8394 3.0290 2.9719 3.2080 2.2733 
3.4068 4.5096 4.1102 3.9599 3.7046 3.4796 3.3411 3.3437 3.4007 2.9334 3.0224 3.6322 3.2708 3.0352 3.2392 3.0693 2.8689 3.0286 3.1375 2.8771 3.0652 3.3759 2.7103 2.5536 2.9844 2.8060 2.7327 2.7960 2.8968 3.0221 2.9740 3.0534 1.7564 
3.6597 4.6448 3.8268 4.0602 3.4589 3.1340 2.8888 2.9864 3.2673 3.1404 2.9394 3.5707 2.9940 2.8851 2.1603 2.9564 2.9411 2.8974 2.0854 2.7364 2.7626 3.3404 2.6566 2.7756 2.8232 2.4529 2.3225 2.4530 2.6821 3.1197 2.6854 3.1468 2.0466 
4.7318 4.6708 4.4524 4.4760 4.0236 3.7226 3.6639 3.7996 3.5578 3.6242 3.8172 3.1279 3.0587 2.9873 2.8016 2.8625 2.7798 2.8148 2.7095 2.8024 2.8443 2.8640 3.4995 3.2468 3.1185 3.3145 3.0566 3.0352 3.1930 3.5291 3.3418 3.1761 2.6422 
4.5424 4.8876 4.6029 4.0633 2.2929 2.3491 3.2496 3.2591 3.1606 3.4361 3.1740 2.3480 2.7255 2.3659 2.6783 2.7481 1.4513 2.7044 2.5763 2.2206 2.5209 2.0866 2.8668 3.0691 2.7399 2.7432 2.6737 1.6657 1.4981 3.1073 3.4504 3.4286 2.3865 
4.7092 4.8959 4.4742 4.2041 4.0273 3.7716 3.5393 3.3886 3.6952 3.3556 3.4165 3.3798 3.4452 3.3336 3.5794 3.3635 3.3712 3.3233 3.4781 3.1529 3.2510 3.1182 3.1045 2.9944 3.2468 2.8754 2.9804 3.0883 3.2030 3.2680 3.3494 3.4236 2.4612 
4.3764 4.7443 4.4271 3.8423 3.2867 2.9996 3.4976 3.9514 3.5189 3.5252 3.3220 2.7705 2.6777 3.1056 3.0410 2.6185 1.5023 2.5572 2.9489 2.9816 2.4575 2.5108 3.0068 3.1538 3.0898 3.4353 2.9331 2.3148 2.4676 2.9069 3.3028 3.2729 2.2278 
3.0877 4.6820 4.6735 4.1727 3.6967 3.4011 2.7195 3.3065 3.8478 3.4990 3.4388 3.3116 3.3602 3.3448 3.1842 3.3479 3.2586 3.2943 3.0920 3.1684 3.1406 3.0466 3.1285 3.1367 3.4228 2.7784 2.1321 2.7233 2.8844 3.2335 3.4988 3.1968 1.6923 
4.4072 4.6080 4.4641 4.0749 3.8468 3.7603 3.7463 3.6881 3.8119 3.5264 3.2946 3.0652 2.8873 3.0460 3.3697 3.1307 3.0355 3.0845 3.2692 2.8939 2.6961 2.8027 2.9947 3.1575 3.3857 3.1527 3.1438 3.0748 3.0597 3.1128 3.3431 3.1141 2.0702 
3.8506 4.4403 4.4843 4.0426 3.5209 3.1682 3.1385 3.4059 3.4264 2.7735 2.7042 2.9630 2.7419 3.0448 3.0726 2.3607 2.6692 2.3253 2.9946 2.8936 2.5459 2.7018 2.3973 2.4070 3.0084 2.9002 2.5518 2.4853 2.7296 3.0797 3.3630 2.9934 1.9043 
4.2128 4.7443 4.6634 4.0187 3.5538 3.3574 2.9673 3.4306 3.4843 3.0365 2.3388 3.0108 2.9275 2.2351 2.7228 2.6918 2.6196 2.6513 2.6497 2.0913 2.7266 2.7460 2.0367 2.6762 3.0603 2.9335 2.3732 2.6805 2.7584 3.0497 3.4913 3.2792 1.7682 
4.3617 4.6091 4.4786 3.9448 3.7304 3.6205 3.4784 3.4499 3.4220 3.3706 2.7954 3.1326 3.1328 3.3785 3.1621 3.3374 3.3104 3.2762 3.0741 3.2214 2.9477 2.8806 2.4824 3.0089 3.0046 2.9567 2.8878 2.9321 2.9338 3.0036 3.3524 3.1221 2.0312 
3.6784 4.4462 4.5093 4.1762 3.7061 3.4844 3.5085 3.6769 3.0936 3.1510 3.0823 3.0620 2.7683 2.9902 3.1031 2.9549 2.6364 2.8919 3.0197 2.8101 2.5761 2.7989 2.7715 2.7888 2.6728 3.1404 2.9427 2.8006 2.8904 3.2407 3.3852 2.9983 1.0667 
4.3956 4.7843 4.6971 3.6034 3.8169 3.6630 3.5756 3.7981 3.5797 3.3926 3.5217 3.4202 3.4240 3.1915 3.3475 3.3219 3.1971 3.2586 3.2326 3.0538 3.2237 3.1570 3.2169 3.0281 3.1387 3.3100 3.0033 2.9760 3.0247 2.6694 3.5181 3.3370 2.0692 
3.8770 4.8077 4.4466 4.2076 3.3210 3.0141 3.3516 3.6619 3.0601 2.9725 3.1393 2.7473 2.8909 3.1544 2.9364 3.0182 2.7954 2.9747 2.8202 3.0274 2.6990 2.4903 2.8267 2.5959 2.6435 3.1334 2.7469 2.3246 2.4820 3.2877 3.3150 3.3531 1.2897 
4.3857 4.5228 4.2485 4.3039 3.3631 3.1679 3.1817 3.4298 2.8591 2.8289 2.3289 2.5288 2.3735 2.7506 3.1913 2.8151 1.1008 2.7685 3.0995 2.6316 2.1804 2.3121 1.9965 2.4596 2.4282 2.9269 2.6239 2.4698 2.5217 3.3613 3.1313 3.0601 2.3632 
2.1993 4.3264 4.2609 4.0289 2.9008 1.9776 2.8924 3.1793 2.5107 2.8402 2.9587 2.5920 2.1391 2.9504 2.8527 2.4602 2.4439 2.4213 2.7610 2.7897 1.9737 2.3388 2.6560 2.4735 2.0885 2.6952 2.3081 1.3713 2.1520 3.0770 3.1110 2.8213 1.4669 
4.0012 3.8237 4.1566 4.1639 3.4197 3.2079 3.0409 3.3905 2.8295 2.3968 3.1839 2.6527 2.6732 2.5699 2.4955 2.6566 2.3360 2.6000 2.4029 2.4160 2.4549 2.3843 2.8807 2.0332 2.4046 2.8762 2.4449 2.5143 2.6387 3.2276 3.0261 2.3966 1.8785 
4.1086 3.6950 3.9830 4.2003 3.4987 3.4253 3.2375 3.3846 3.2908 3.1534 3.4452 3.0329 2.8386 3.0580 3.4086 2.8442 2.7923 2.7956 3.3315 2.9192 2.6679 2.7658 3.1377 2.7823 2.8398 2.8660 2.6720 2.7430 2.7157 3.2825 2.8131 2.2309 2.0379 
4.1665 4.2321 4.5928 4.2415 3.6622 2.4713 3.6162 3.4795 3.4048 3.3403 2.8116 3.0232 3.0480 2.0342 2.2203 2.3888 2.4550 2.3488 2.1140 1.8819 2.8353 2.7590 2.5045 2.9656 2.9922 2.9954 3.0296 1.7771 2.8347 3.3135 3.4550 2.7532 2.0374 
3.8435 4.3870 4.3175 4.3036 3.8374 3.1455 3.6772 3.9787 3.8925 3.7335 3.5320 3.4005 3.3720 3.4030 3.3982 3.3541 3.2271 3.3054 3.3163 3.2579 3.1529 3.1393 3.2272 3.3685 3.4583 3.4565 3.0724 2.4505 3.0515 3.3652 3.1544 2.9141 1.7775 
4.4442 4.3684 4.3016 4.1660 3.8634 3.7203 3.7980 3.3698 3.3981 3.7223 3.3018 3.1516 3.1983 3.1085 3.1979 3.1122 3.1875 3.0680 3.1030 2.9851 3.0172 2.9141 2.9960 3.3588 2.9816 2.8554 3.2069 3.0392 3.0765 3.2260 3.1444 2.8550 2.2577 
4.2384 4.6604 4.3476 4.0471 3.5812 3.1434 3.8001 4.0928 3.9895 3.6959 3.4015 2.3209 3.0686 3.1353 3.1093 2.9683 2.7276 2.9060 3.0248 3.0075 2.8651 2.0554 3.0874 3.3329 3.5311 3.5866 3.2133 2.4607 2.7817 3.0898 3.1650 3.1734 2.2784 
4.3520 4.3756 3.7947 4.1773 3.8876 3.8901 4.1030 3.4416 3.3640 3.3054 2.7570 2.9572 3.0813 3.2191 3.0159 3.1035 3.0641 3.0604 2.9062 3.0759 2.8831 2.6990 2.4562 2.9310 2.9139 2.9508 3.5007 3.2145 3.0976 3.2604 2.6536 2.9000 2.2272 
3.8814 4.6998 4.0479 3.9954 3.9158 3.8322 3.3932 3.5208 3.5390 3.6670 3.3545 3.3804 3.3374 3.3122 3.2937 3.2410 3.3327 3.1839 3.1743 3.1411 3.1140 3.1180 3.0358 3.2900 3.1069 3.0296 2.8006 3.1469 3.1174 3.0436 2.8768 3.2073 1.4340 
4.1759 4.6565 4.4965 4.1300 3.4798 3.7913 3.8184 3.6527 3.4385 3.5046 3.5270 3.1179 2.9046 3.0920 2.8470 2.5607 2.6523 2.5029 2.7537 2.9613 2.7089 2.8609 3.2230 3.1398 3.0179 3.1256 3.2323 3.1086 2.6840 3.1749 3.3650 3.1820 2.1761 
4.2406 4.2960 4.4186 4.1264 3.5526 3.3220 3.7635 3.2615 3.0082 3.4898 2.7467 2.4568 2.6713 2.6859 2.3243 2.2693 2.2262 2.2087 2.2161 2.5298 2.4561 2.2147 2.4380 3.1292 2.5599 2.7411 3.1641 2.6461 2.7616 3.1756 3.2853 2.8012 2.2801 
4.0406 4.0368 4.0796 3.6036 2.7911 2.7720 3.5466 3.0588 2.9518 2.5782 1.5757 2.3526 2.5398 1.6416 1.6861 1.2165 1.6325 1.2459 1.6445 1.4641 2.3411 2.0931 1.2811 2.2054 2.4814 2.5477 2.9827 2.0811 2.0315 2.6728 2.9428 2.5512 1.8351 
3.5306 4.1569 3.7875 3.6216 3.4445 3.3978 3.3245 2.3484 2.4759 2.3659 2.4162 2.3805 2.3155 2.6917 2.6234 2.5240 2.4452 2.4690 2.5025 2.5349 2.0957 2.1186 2.1078 2.0042 2.0512 1.8357 2.7172 2.7154 2.6665 2.6759 2.6641 2.6935 1.6935 
4.5151 4.3844 3.9924 3.8423 3.3658 3.4368 3.1675 3.1937 3.1401 2.9681 3.0316 3.0267 3.0752 2.9566 2.8788 2.8627 2.8024 2.8076 2.7805 2.7915 2.8730 2.7628 2.7171 2.5896 2.7137 2.6993 2.5990 2.7545 2.5614 2.9113 2.8294 2.8919 2.4062 
4.2529 4.1935 4.0976 4.1879 4.0669 4.0138 3.9086 3.7048 3.4130 3.1185 3.1294 3.1702 3.2350 3.2215 3.2041 3.1310 3.0922 3.0843 3.1088 3.0761 3.0417 2.9365 2.8125 2.7498 2.9966 3.1756 3.3407 3.3307 3.2691 3.2638 2.9761 2.7336 2.1839 
3.8284 4.2048 4.2960 4.0768 3.4411 3.7543 3.6367 2.8556 3.2832 3.0954 2.6482 2.8847 2.6678 2.5324 2.5817 2.4906 2.6141 2.4477 2.4666 2.3882 2.4493 2.6536 2.3300 2.7276 2.8295 2.3574 3.0394 3.0718 2.6632 3.1251 3.1401 2.7651 1.7402 
3.5296 4.0008 4.1236 3.8719 3.6695 3.5904 3.0999 2.3607 2.0110 3.1295 2.5742 2.7844 2.3759 2.4305 2.3317 2.2785 2.2981 2.2165 2.2225 2.3088 2.1602 2.5332 2.2598 2.7620 1.5329 1.8615 2.5125 2.9022 2.8508 2.9409 3.0112 2.4972 1.5961 
2.7477 3.8177 3.9389 3.5542 3.3670 3.3174 2.7917 2.5911 2.3874 2.6196 2.4873 2.3748 1.8304 1.2875 1.7233 1.6833 0.6162 1.6571 1.6430 1.1755 1.6624 2.1142 2.1899 2.2495 1.9803 2.0653 2.1984 2.6298 2.5693 2.6535 2.7877 2.3351 1.4018 
4.1037 3.7190 3.9475 3.8961 3.8142 3.4129 2.8917 2.4920 2.6953 3.1429 2.8518 2.7495 2.6958 2.3254 1.9929 1.8399 2.0587 1.7938 1.8941 2.1573 2.4819 2.4880 2.5462 2.7781 2.2701 2.0035 2.3217 2.7263 3.0293 2.9749 2.7980 2.2369 1.9704 
4.0290 3.7079 3.4306 3.1385 2.7287 2.9878 2.8050 2.6635 1.6793 1.9671 1.5959 1.9785 1.6472 1.3194 1.6677 0.8884 1.4931 0.8301 1.5749 1.1654 1.4311 1.7124 1.2879 1.5923 1.2773 2.1283 2.2334 2.3050 1.9484 2.2022 2.3125 2.2021 1.8494 
4.0387 3.4584 3.0959 3.0244 2.6836 2.6095 2.4370 1.7207 0.4026 2.1051 1.7224 1.9829 2.3287 1.9421 1.6658 1.7004 1.9645 1.6602 1.5740 1.7703 2.1118 1.7193 1.4131 1.7373 -0.0995 1.2439 1.8423 1.9320 1.8850 2.0718 1.9805 1.9801 1.9192 
3.5712 3.4125 2.9923 2.7535 2.8945 2.3220 2.0913 1.9466 1.9038 1.5963 1.9746 1.9633 1.8381 1.3926 0.8984 1.7077 0.8579 1.6666 0.7612 1.2625 1.6526 1.6900 1.6582 1.2112 1.4577 1.4127 1.4927 1.6340 2.0903 1.8232 1.8145 1.9834 1.4545 
3.6126 3.1298 2.3283 2.5460 2.4019 2.5393 2.2610 1.9033 2.0091 1.7167 1.7691 1.4116 1.8583 1.7784 1.7420 1.4889 0.3461 1.4321 1.6562 1.6541 1.6675 1.1743 1.4530 1.3494 1.5794 1.3922 1.6689 1.8623 1.6234 1.6343 1.1200 1.7008 1.4780 
3.0479 3.1588 2.4531 2.9385 2.7428 2.6417 1.6460 1.9256 2.0740 1.2578 2.0223 1.7217 1.7752 1.1831 1.8977 1.6148 1.7701 1.5516 1.7831 1.0524 1.6014 1.4585 1.7099 0.8654 1.6510 1.4060 1.0168 1.9529 1.9684 2.0005 1.3620 1.7204 0.9388 
3.3696 2.7977 2.6794 2.7051 2.0787 1.9103 2.1295 1.3013 1.8713 1.6009 1.4904 1.6394 1.2780 1.6249 1.7765 1.3567 1.8157 1.3157 1.6918 1.4486 1.0527 1.3727 1.1812 1.2203 1.4303 0.7475 1.5609 1.2333 1.2928 1.7553 1.5371 1.3100 1.2550 
2.5881 3.0075 2.6575 2.5133 2.3895 2.2122 1.9578 2.0500 2.2390 1.8855 1.8038 1.8349 1.8766 1.6829 1.9498 1.7735 2.0166 1.7304 1.8274 1.5346 1.6785 1.6069 1.4964 1.5084 1.7856 1.5519 1.3492 1.5291 1.6121 1.5941 1.4837 1.5257 0.6263 
2.7730 2.7644 2.3310 2.0891 1.3181 2.0523 1.3974 1.4348 1.1695 1.4734 1.9364 1.9030 1.5417 0.9458 1.5043 1.5371 0.9543 1.4789 1.4090 0.7687 1.3417 1.6534 1.6308 1.1021 0.7340 0.9534 0.8160 1.3705 0.5162 1.1399 1.1568 1.2982 0.5797 
2.8697 2.5409 1.8337 1.9429 2.0066 2.2268 2.1118 2.0440 1.7454 0.6436 1.2997 1.5279 1.4240 1.4731 1.4327 0.3203 1.0330 0.2797 1.3452 1.3375 1.2372 1.2920 0.9863 0.2881 1.3171 1.5407 1.5243 1.5479 1.2071 0.9972 0.6972 1.0511 0.7522 
3.0061 2.8693 2.5780 1.8058 1.9127 2.0947 2.2469 1.9825 2.0259 1.9637 1.7101 1.7754 1.5985 1.6245 1.7831 1.4227 -1.4150 1.3767 1.6971 1.4460 1.3797 1.5362 1.3983 1.5842 1.6071 1.4455 1.6605 1.4083 1.0964 0.8757 1.4178 1.3869 0.7835 
2.7348 2.4300 2.0986 1.9531 1.3096 1.7686 1.8923 1.3406 1.6846 1.1421 1.7172 1.6475 1.2596 1.6338 1.3420 1.3214 0.9059 1.2831 1.2554 1.4573 1.0367 1.3813 1.4067 0.7729 1.2681 0.8272 1.3085 1.0836 0.5450 0.9908 0.9699 0.9862 0.6407 
3.1611 2.9758 2.5137 1.3814 2.2602 1.9733 2.0902 1.9134 1.9599 1.8230 1.6982 1.7060 1.6868 1.4361 1.5936 1.6511 0.2561 1.6100 1.4730 1.3115 1.4760 1.4431 1.3835 1.4502 1.4984 1.3934 1.5018 1.2892 1.4411 0.4146 1.3645 1.4572 0.9981 
3.1797 2.3696 1.6538 2.0944 1.3522 1.3369 1.9908 1.4305 1.2824 0.7606 1.4287 1.0792 1.4998 1.4213 1.3767 1.0132 0.7867 0.9719 1.2976 1.2946 1.3141 0.8340 1.1187 0.4015 0.8357 0.9561 1.3829 0.6355 0.5710 1.1437 0.4962 0.8157 1.0434 
3.4533 3.0224 2.8697 1.8774 2.3042 1.9788 1.7218 2.2551 1.9606 1.7942 1.8839 1.9910 2.0467 2.0442 1.9158 1.9256 1.6910 1.8639 1.7974 1.9039 1.8440 1.7229 1.5863 1.4274 1.4987 1.7350 1.1290 1.2924 1.4777 0.9291 1.7259 1.5082 1.3217 
3.3804 2.4692 2.2579 2.1173 2.2778 2.1195 1.6627 1.6859 1.8031 1.8916 1.7764 1.4589 1.2683 1.4846 1.5749 1.4840 1.6765 1.4314 1.4570 1.3482 1.0447 1.2193 1.4711 1.5176 1.3784 1.1768 1.0664 1.4362 1.4533 1.1819 1.0865 0.9588 1.2580 
3.2913 2.4583 2.0872 2.1059 1.8424 1.9964 1.5825 1.7064 1.8357 1.4440 1.1337 1.7622 1.2356 0.6201 1.2205 1.3968 1.0456 1.3537 1.1043 0.4410 1.0266 1.5114 0.8245 1.0851 1.4020 1.1997 0.9831 1.3108 1.0387 1.1573 0.9505 0.9843 1.1467 
3.4120 2.8370 2.5305 2.5446 2.1022 2.0208 1.8173 1.8138 2.0765 1.8180 1.9744 1.7737 1.7876 1.3798 1.5369 1.0971 1.8935 1.0635 1.4298 1.2478 1.6216 1.5292 1.6565 1.4441 1.6543 1.3263 1.2475 1.3385 1.3168 1.6260 1.3910 1.3382 1.2962 
3.5747 3.0131 2.4931 2.3276 2.2882 1.9622 1.8374 2.0229 1.9396 1.5089 1.9154 1.8423 1.5381 1.7504 1.6969 1.6297 1.6291 1.5709 1.6202 1.6271 1.3411 1.6154 1.6194 1.1389 1.4833 1.5080 1.2688 1.2730 1.4596 1.3648 1.3464 1.4699 1.4265 
3.2957 2.6589 2.4158 2.3120 1.8853 1.9607 2.0981 1.8679 1.5617 1.5333 1.8502 1.7740 1.5263 1.7525 1.3123 0.7335 1.4330 0.6892 1.2115 1.6282 1.3309 1.5279 1.5463 1.1651 1.1106 1.3602 1.5094 1.2714 1.0750 1.3461 1.2819 1.0950 1.1107 
3.3983 2.8908 2.3837 1.9970 1.9713 2.1803 1.8902 1.3476 1.5836 1.9363 1.6197 1.3587 1.3793 1.7303 1.2178 1.6247 1.3293 1.5630 1.1029 1.6031 1.1816 1.0951 1.3032 1.5585 1.1232 0.8275 1.3074 1.4954 1.1383 1.0296 1.2321 1.3736 1.2615 
3.3235 2.6809 2.4684 2.3143 1.9915 2.0497 1.8298 1.6320 1.7927 1.4319 2.0255 2.0715 0.9942 1.4764 1.6553 1.6865 1.4289 1.6475 1.5517 1.3413 0.7730 1.8122 1.7125 1.0722 1.3683 1.0975 1.2643 1.3671 1.1816 1.3515 1.3374 1.1376 1.1600 
3.3519 2.9454 2.4676 2.4397 2.0080 2.0669 1.9891 2.0611 1.9109 1.3974 0.9468 1.5789 1.7523 1.8159 1.7325 1.8068 1.4511 1.7641 1.6498 1.6803 1.5653 1.3214 0.6318 1.0287 1.4558 1.5638 1.3856 1.3842 1.2073 1.4954 1.3342 1.4278 1.1912 
3.1026 2.3549 1.8957 1.8888 1.1407 1.0911 1.4994 1.5056 1.4145 1.3061 1.4586 1.4312 1.3015 1.5692 1.2300 0.9442 -0.0552 0.8848 1.1146 1.4102 1.0844 1.1879 1.1540 0.9448 0.9888 1.0079 0.9411 0.4285 0.3548 0.9549 0.7246 0.7869 0.9655 
3.1658 2.7662 2.4216 2.3667 1.9931 1.7736 2.1874 2.1057 2.0229 1.9571 1.7729 0.9697 1.6072 1.6040 1.6696 1.7583 1.2511 1.7117 1.5763 1.4312 1.3861 0.7083 1.4623 1.5778 1.6015 1.6230 1.6248 1.0885 1.1793 1.4154 1.2901 1.2858 1.0193 
3.1891 2.6764 2.1221 1.6486 1.3768 2.1980 1.8521 1.7093 1.6646 1.6553 1.4409 1.5009 1.6500 1.2970 1.2349 0.9853 1.0561 0.9489 1.1171 1.1255 1.4304 1.2746 1.1353 1.2925 1.2344 1.2064 1.2838 1.5146 0.6150 0.6915 0.9904 1.1511 1.0609 
3.0995 2.6394 2.2586 1.7779 1.8417 1.9891 2.0298 1.7699 1.5826 1.8115 1.7777 1.7999 1.8400 1.5590 1.2864 1.7212 1.8034 1.6788 1.1678 1.4005 1.6551 1.5652 1.4717 1.4396 1.1245 1.2860 1.4303 1.3050 1.0426 0.8384 1.0879 1.0972 0.9641 
3.0655 2.3459 2.0501 1.8810 1.7326 1.6072 1.4350 1.1307 1.3600 1.0610 1.6351 1.0913 1.4935 1.3132 1.3007 0.6581 1.3081 0.6170 1.1918 1.1487 1.3114 0.8481 1.3175 0.6944 0.9445 0.6381 0.8640 0.9239 0.9552 0.9501 0.9158 0.7863 0.9428 
3.2219 2.7957 2.4643 2.1243 2.1599 1.9817 1.7188 1.8196 1.9381 1.7028 1.5173 1.8701 1.7312 1.2728 0.9675 1.5381 1.6076 1.4796 0.8622 1.0926 1.5352 1.6345 1.2178 1.3360 1.4803 1.3263 1.1209 1.2966 1.3686 1.1937 1.3306 1.3091 1.0680 
3.0151 2.5423 2.0003 1.8687 2.1455 1.8700 1.7701 1.0619 1.8018 1.5956 1.9795 1.5650 1.5739 1.5370 1.8549 1.5590 0.9729 1.4960 1.7566 1.3853 1.3639 1.3132 1.6623 1.2198 1.3744 0.5938 1.1844 1.1861 1.3599 0.9470 0.8411 1.0397 0.8681 
3.4334 2.8763 2.6150 2.4456 2.3837 2.2702 2.0176 1.8554 1.9914 1.7770 1.5028 1.8455 2.0626 1.8159 1.2956 1.6181 1.6939 1.5543 1.1807 1.6797 1.8653 1.6180 1.2018 1.4150 1.5489 1.3525 1.4191 1.5865 1.6020 1.5001 1.4372 1.3618 1.2996 
3.3431 2.8660 2.4609 2.3054 2.0496 2.1928 1.6924 1.7773 1.9929 1.6441 1.6977 1.7354 1.5783 1.6355 1.7321 1.3458 1.5220 1.3082 1.6489 1.4615 1.3683 1.4767 1.3862 1.2815 1.5509 1.2973 1.0914 1.5080 1.2752 1.3412 1.3284 1.3647 1.1806 
3.4218 2.8020 2.3826 1.9815 2.3072 2.0071 1.7232 1.7491 1.9102 1.7064 1.1890 1.8574 1.6355 1.4862 1.3497 1.6735 1.5588 1.6365 1.2729 1.3481 1.4162 1.6280 0.8898 1.3421 1.4560 1.2626 1.1289 1.3228 1.4779 1.0142 1.2372 1.3003 1.2944 
3.1801 2.6735 2.0779 2.3146 2.1837 2.0167 1.6986 2.0096 1.9145 0.9009 1.6219 0.9649 1.0748 0.7726 1.5328 1.2214 0.6094 1.1598 1.4277 0.6441 0.8935 0.6935 1.3052 0.5224 1.4598 1.4914 1.0971 1.3328 1.3867 1.3530 0.9466 1.1382 1.0440 
3.1840 2.6524 2.2672 2.2866 2.0189 1.6381 1.5923 1.7815 1.9653 1.9992 1.8758 1.8968 1.7192 1.6075 1.6743 1.6076 1.5603 1.5427 1.5860 1.4311 1.5219 1.6497 1.5761 1.6361 1.5040 1.3007 0.9885 0.9560 1.2226 1.3318 1.0937 1.1015 1.0468 
3.0030 2.4234 2.0536 1.9543 1.8584 1.1513 1.4949 1.5026 1.4308 1.0146 1.5167 1.6722 1.6705 1.5855 1.0517 1.5978 1.0480 1.5351 0.9694 1.4208 1.4558 1.4097 1.2163 0.6495 1.0062 1.0010 0.9290 0.4625 1.0603 0.9934 0.9222 0.9221 0.8355 
3.2388 2.7000 2.2028 2.1191 2.1789 2.1216 1.7585 1.5370 1.9914 2.0312 1.7076 1.8619 1.9432 1.0858 1.7971 1.4336 1.2141 1.3930 1.7095 0.9623 1.7248 1.6298 1.3972 1.6653 1.5507 1.0227 1.1691 1.4368 1.3840 1.1838 1.0492 1.1772 1.0890 
3.0385 2.3465 2.0077 2.0539 2.0105 1.9486 1.6529 1.3301 1.0335 1.5717 1.6685 1.5675 1.0501 0.5858 1.1712 1.4757 1.6867 1.4287 1.0716 0.4036 0.8585 1.3156 1.3536 1.1943 0.6123 0.8124 1.0506 1.2645 1.2100 1.0977 0.8374 0.7871 0.8912 
3.1977 2.7226 2.1152 1.9603 1.7963 1.7820 1.8059 2.1486 1.8851 0.8680 1.0903 1.4238 1.1391 1.7683 1.7807 1.6097 1.0962 1.5451 1.6952 1.6399 0.9600 1.1707 0.7858 0.4943 1.4339 1.6602 1.2416 1.0963 1.0111 0.9971 0.9788 1.2237 1.0636 
2.3440 1.7730 1.5544 1.4761 1.6502 1.1505 1.3594 1.8285 1.7209 1.3659 1.4472 1.5717 1.6126 1.3227 1.0224 0.9463 0.3815 0.8851 0.9428 1.1624 1.3920 1.3195 1.1445 0.9972 1.2996 1.3328 0.7687 0.4740 0.8461 0.5622 0.3880 0.2757 0.1500 
2.6919 1.7717 1.4357 1.6695 0.6247 1.0379 1.2350 1.5205 1.2794 1.5917 1.6746 1.7637 1.4660 1.1679 1.2836 0.4993 -0.4304 0.4520 1.1632 1.0242 1.2914 1.5127 1.3598 1.2140 0.8216 1.0172 0.6415 0.3551 -0.0984 0.7053 0.3093 0.3777 0.5543 
2.6066 2.5839 2.3451 2.0210 1.6490 1.6184 1.7507 1.3914 1.2831 1.5859 1.6261 1.5169 1.0772 1.3601 1.4450 1.1555 0.7267 1.1015 1.3575 1.2223 0.8943 1.2839 1.3092 1.2099 0.8200 0.9014 1.1605 0.9372 0.8415 1.0650 1.1921 1.0913 0.4181 
2.2310 2.0735 1.9704 1.2038 0.9131 0.9225 0.7301 1.0954 1.5178 1.6409 1.6335 1.6418 1.4613 1.2498 1.3646 1.2442 1.0632 1.1811 1.2889 1.0828 1.2883 1.3738 1.3174 1.2761 1.0797 0.6188 0.1518 0.2374 0.0734 0.2514 0.7984 0.6199 0.1168 
2.1426 2.2595 2.0511 1.9817 1.8193 1.6285 1.5537 1.1300 1.2264 1.5311 1.2086 1.5431 1.4265 1.6453 1.7426 1.5736 1.5920 1.5114 1.6589 1.4762 1.2475 1.3008 0.9097 1.1555 0.7746 0.6411 0.9662 0.9396 1.0261 1.0252 0.9373 0.7705 0.0473 
2.5530 2.3625 2.0513 2.1936 2.1713 1.7551 1.0751 1.4909 1.2477 1.5383 1.5673 1.3923 1.1321 1.3816 1.2560 0.6816 0.4811 0.6377 1.1325 1.2538 0.9553 1.1365 1.2689 1.1616 0.7965 0.9909 0.4956 1.0646 1.3764 1.2814 0.9327 0.8885 0.4122 
2.7286 1.9691 1.6161 1.5693 1.0641 1.5533 1.4430 1.1010 1.6260 1.3158 1.1454 1.6228 1.2348 1.6374 1.7692 1.7432 1.4811 1.6979 1.6799 1.4650 1.0225 1.3495 0.8551 0.9487 1.1687 0.6294 0.8742 0.8787 0.2746 0.6354 0.4758 0.4204 0.6052 
1.7728 2.0324 1.6355 1.2347 1.0576 1.2851 1.4101 1.3451 1.2133 0.8076 1.3583 1.4499 1.4305 1.5296 1.1202 1.2371 0.1246 1.1723 1.0359 1.3786 1.2575 1.2130 1.0465 0.4343 0.7579 0.8393 0.8160 0.5992 0.2961 0.3112 0.4569 0.6041 -0.4296 
2.6802 1.5522 1.8281 1.4686 1.6415 1.4082 1.8162 1.9349 1.5011 0.9700 1.7476 1.8387 1.6756 1.5714 1.7697 1.5042 0.2555 1.4464 1.6807 1.4132 1.4610 1.6101 1.4327 0.6150 1.0628 1.4082 1.2547 0.7289 0.8308 0.5547 0.6956 -0.0454 0.5487 
2.3460 1.9610 1.6041 1.4377 1.5240 1.3171 1.5422 1.3851 1.2980 1.5804 0.8183 1.0164 1.4348 1.7693 1.7431 1.8404 0.4949 1.7851 1.6588 1.6409 1.2683 0.7561 0.5321 1.2026 0.8554 0.8950 0.9598 0.6356 0.7229 0.5206 0.4603 0.4299 0.1934 
2.6351 1.9176 2.0112 1.8366 1.9952 1.7528 1.6569 1.4793 1.3095 1.4341 1.7162 1.2883 1.0892 1.0560 1.3409 1.1119 1.5027 1.0733 1.2577 0.9295 0.9148 1.0151 1.4045 1.0760 0.8698 0.9851 1.0563 1.0665 1.1867 0.9274 0.8870 0.3999 0.4651 
2.6985 2.0826 1.7282 1.6686 1.1119 0.7212 1.7051 1.7322 1.5775 1.6772 1.5841 1.4168 1.6489 1.0763 1.4660 1.3246 0.5257 1.2872 1.3771 0.9471 1.4303 1.1663 1.2826 1.3125 1.1214 1.2384 1.1115 0.0465 0.3535 0.7110 0.6226 0.6157 0.5817 
3.0525 2.4304 1.9943 1.7701 1.4896 1.9160 1.5704 1.6622 1.8517 1.4903 1.5945 1.6985 1.3843 1.5982 1.3905 1.6147 1.2991 1.5509 1.3065 1.4291 1.1894 1.4335 1.2886 1.1168 1.4161 1.1400 0.9769 1.2311 0.6934 0.8318 0.8318 0.9360 0.9282 
2.7264 1.8728 1.0695 1.0485 1.4451 1.1839 1.4067 0.9507 1.6622 1.9171 1.9356 1.7844 1.3574 1.0957 1.4221 1.3356 0.9509 1.2972 1.3321 0.9731 1.1476 1.5453 1.6303 1.5418 1.2336 0.4286 0.8237 0.4928 0.6678 0.1567 0.0028 0.4020 0.6062 
2.9948 2.2928 1.6385 1.6644 1.7197 1.0423 1.7561 1.3180 0.8745 1.3181 1.1562 1.4667 1.4907 0.3527 1.0553 1.4396 0.9466 1.3993 0.9709 0.2182 1.3088 1.2344 0.8529 0.9549 0.4233 0.7937 1.1673 0.3649 0.9436 0.7055 0.4508 0.7400 0.8343 
3.1160 2.2844 1.6632 1.2681 1.5297 1.2859 1.0255 1.3593 1.4649 1.3043 1.3022 1.1816 1.0160 1.4125 1.4608 1.7119 1.8661 1.6704 1.3741 1.2888 0.8092 0.9453 0.9877 0.9414 1.0345 0.8508 0.4262 0.6106 0.7235 0.2933 0.5190 0.7146 0.9829 
3.2139 2.7533 2.1377 2.0228 1.8055 1.6926 1.6552 1.5410 1.6348 1.4313 1.7286 1.8033 1.8626 1.6903 1.7724 1.8036 1.4860 1.7606 1.6845 1.5433 1.6704 1.5677 1.4185 1.0657 1.1782 1.0268 1.0475 1.0054 1.0135 1.0691 0.9901 1.2642 1.0617 
3.1465 2.3516 2.1209 1.9492 1.3595 1.8348 1.8686 1.5499 1.6494 1.4180 1.3864 1.4161 1.1021 1.4646 1.3234 1.0617 0.9949 1.0179 1.2291 1.3336 0.9398 1.1604 1.0708 1.0529 1.2107 1.0331 1.2930 1.1473 0.5952 0.9955 0.9878 0.7836 1.0182 
