2.6830 2.0059 0.9749 0.6389 1.1020 1.5136 1.6217 1.3282 0.9348 1.5918 1.9392 1.6262 1.2606 1.3856 1.2219 1.4029 1.6266 1.3316 1.1169 1.1985 1.0342 1.2982 1.5412 1.1389 0.3869 0.7073 0.8756 0.6582 0.0990 -0.5539 -0.4390 0.1719 0.0402 
3.1980 2.2484 1.3340 1.5595 1.3542 0.9231 1.1048 1.2500 1.3958 -0.6128 1.4489 1.4264 1.1979 1.5907 1.2547 1.2506 1.3589 1.1942 1.1421 1.4102 0.9560 1.1157 1.0732 -1.0556 0.8362 0.6577 0.3338 0.1166 0.3453 0.3973 -0.0423 0.3499 0.4930 
2.0736 1.8997 1.9878 1.6548 1.6349 1.1187 1.5082 1.3513 1.4602 1.1895 1.5361 1.5602 0.7811 0.6779 0.7505 1.3011 1.3264 1.2489 0.6573 0.4647 0.5310 1.2300 1.1404 0.7345 0.8896 0.7263 0.7463 0.2590 0.6619 0.4721 0.5575 0.0201 -0.5906 
2.3245 2.0880 2.0556 1.5332 1.8248 1.6232 1.5956 1.4634 1.9011 1.7750 1.1282 1.4700 1.9039 1.9477 1.5559 1.1315 0.6482 1.0828 1.4305 1.7278 1.6333 1.1441 0.7426 1.3048 1.3322 0.8090 0.8514 0.7649 0.8300 0.3301 0.6630 0.2610 -0.3440 
2.5111 1.6957 0.8384 1.5125 1.1152 1.4707 1.1517 0.4876 -0.0730 1.2538 1.1987 1.1324 1.4424 1.6257 1.0492 0.9971 0.8386 0.9193 0.8985 1.4572 1.1842 0.7977 0.8164 0.7914 -0.5592 -0.1447 0.4065 0.6185 0.1120 0.3103 -0.5610 -0.1367 -0.1359 
2.9573 1.2549 1.7554 1.5136 1.1705 0.8055 1.7176 1.5697 1.6938 1.7742 1.5411 1.3695 1.0801 1.6811 1.2632 1.5012 1.8403 1.4257 1.1506 1.5227 0.8022 1.0819 1.1458 1.3071 1.1643 0.9210 1.0044 -0.0392 0.1989 0.3080 0.3166 -0.4402 0.2922 
2.6119 2.0156 1.4188 1.2553 0.9788 0.8139 0.7807 0.6988 1.2602 1.3865 0.7058 1.0291 1.5728 1.1489 1.2639 1.3062 -0.2203 1.2516 1.1566 0.9583 1.3072 0.7072 0.3134 0.9165 0.7254 0.0437 0.0396 -0.0359 -0.0282 0.0745 -0.0144 0.1971 -0.0152 
1.5998 1.4165 1.7376 1.2770 1.7995 0.8398 1.5283 1.4047 1.6513 1.0151 1.4153 0.3624 1.4565 0.8486 1.5175 1.1330 1.5553 1.0881 1.3701 0.6965 1.1901 0.0436 1.0425 0.5339 1.1225 0.7681 0.7717 -0.0208 0.8022 0.1419 0.3245 -0.4354 -1.0463 
2.9758 2.3528 2.1167 1.6664 1.5537 1.5717 1.7457 0.7221 1.4422 1.1152 0.7961 1.1960 0.5444 0.4092 0.9917 1.5202 0.2356 1.4525 0.8499 0.2481 0.2934 0.8670 0.4067 0.6607 0.8751 0.0673 1.0389 0.7184 0.5423 0.4867 0.6932 0.4225 0.2928 
2.1341 2.0603 1.6466 1.2857 1.5493 1.5351 1.7109 1.2925 0.0853 1.0321 1.6054 1.6176 1.4129 1.3062 0.7506 1.4658 1.5188 1.3901 0.6536 1.1400 1.1597 1.2895 1.2163 0.5656 -0.4581 0.6818 0.9971 0.6828 0.5412 0.1432 0.2305 0.2394 -0.4991 
1.8363 1.5483 1.9503 1.6282 1.9363 1.7424 1.6197 1.8419 1.5227 1.5448 1.5585 0.5872 1.3570 0.6612 0.7022 0.7304 0.2333 0.6804 0.5858 0.4361 1.1250 0.2686 1.1645 1.0919 0.9511 1.1984 0.8677 0.8840 0.9042 0.4337 0.4978 -0.3221 -0.9397 
2.2113 2.1080 1.8486 2.0983 1.6748 1.0902 0.0118 1.6151 1.6976 1.6400 1.9526 1.9516 0.7618 1.3696 1.3305 1.1511 1.1398 1.1034 1.2133 1.1870 0.4935 1.6128 1.5561 1.1840 1.1675 0.9937 -0.7558 0.2412 0.6882 0.9213 0.4141 0.2703 -0.4759 
3.2509 2.8613 1.9628 1.5472 1.5719 1.4263 1.5583 1.5026 1.5253 1.7221 1.2044 1.4806 1.5749 1.8820 1.5660 0.3239 0.0418 0.2802 1.4480 1.6772 1.3124 1.1510 0.8093 1.2634 0.9724 0.8329 0.8099 0.5830 0.5770 0.3606 0.4941 1.0053 0.5943 
3.2188 2.4606 2.3416 1.7606 1.2196 1.5674 1.2770 1.9130 1.4583 0.9529 1.3297 0.8105 1.6478 1.1623 1.2635 0.4144 -0.1794 0.3648 1.1547 0.9779 1.4071 0.4892 0.9517 0.4846 0.8886 1.2530 0.5639 0.7083 0.2445 0.5983 0.8759 0.5698 0.5179 
2.9408 2.1133 2.0455 1.6766 1.7524 1.6294 1.2739 1.6644 0.9439 1.1695 1.3177 1.4498 1.4482 1.5968 1.3990 1.6401 1.2241 1.5861 1.2651 1.4170 1.1864 1.1294 0.9380 0.7181 0.3981 1.0622 0.5463 0.7786 0.7650 0.4928 0.6400 0.2252 0.2815 
2.6060 1.5495 1.0083 1.5359 1.1555 1.2704 1.2647 1.7770 0.7492 1.6414 1.8271 1.3190 1.2540 1.3404 1.5202 1.0907 1.0033 1.0184 1.3740 1.1668 1.0263 1.0244 1.4517 1.1847 0.2184 1.1538 0.5191 0.4294 0.1616 0.3489 -0.3642 -0.2404 -0.0690 
0.6934 2.2169 1.9834 1.9180 1.7359 1.6882 1.5093 1.6495 0.9600 1.5339 0.1834 1.5544 1.0558 1.6412 0.8314 1.0067 0.1629 0.9301 0.7151 1.4817 0.7847 1.2261 -0.1843 1.0807 0.3921 1.0350 0.7497 0.8340 0.7503 0.7174 0.5447 0.4008 -2.7126 
1.8942 2.3639 1.5362 1.5413 0.9561 1.7580 0.7164 0.4511 1.9198 1.6633 1.9104 1.4114 1.4282 1.5732 1.5647 1.3098 0.4521 1.2527 1.4480 1.3839 1.1714 1.1057 1.5227 1.2039 1.3480 -0.1713 -0.0228 0.9048 -0.0146 0.3547 0.1375 0.5278 -0.9102 
1.1831 1.8718 1.5680 1.6884 1.7669 1.6770 1.4806 0.8647 0.4709 1.1957 1.4620 1.3461 1.4383 1.5819 1.4427 1.3631 1.5024 1.2932 1.2941 1.3949 1.1773 1.0565 1.0833 0.7420 -0.0599 0.2463 0.7209 0.8207 0.7773 0.5298 0.1658 0.0497 -1.6199 
1.1549 2.1943 1.9764 1.7344 1.2804 1.2677 1.5601 1.7401 1.6276 1.4883 1.2567 1.6408 1.7306 1.6382 1.7698 1.2165 1.5701 1.1615 1.6508 1.4772 1.5174 1.3176 0.8617 1.0136 1.1023 1.1270 0.8108 0.4206 0.2978 0.5692 0.5423 0.3726 -1.2894 
2.5633 2.1756 1.7634 1.3690 1.0191 1.5085 1.6590 1.7855 1.6984 0.8794 0.5675 1.1066 1.3289 0.8132 1.0972 1.3900 1.3857 1.3186 0.9586 0.6551 1.1054 0.7728 0.2021 0.4113 1.1690 1.1590 0.9209 0.6555 0.0041 0.2147 0.3437 0.3257 -0.0886 
2.6519 1.6190 1.6332 0.0376 1.0876 0.9331 1.2521 1.3424 1.7270 1.0265 0.4368 0.4342 1.4597 1.0459 0.7521 1.0621 1.3960 0.9855 0.6569 0.8345 1.1922 0.1322 0.0487 0.5478 1.1918 0.7270 0.5091 0.1008 0.0464 -1.3978 0.2389 -0.0794 -0.0541 
2.0325 2.0657 1.9543 1.6871 1.6442 1.1448 1.7733 2.1125 2.1817 1.6353 1.0968 1.5659 1.5680 1.2624 1.0174 1.5186 -0.3207 1.4477 0.8714 1.1056 1.3008 1.2398 0.6990 1.1760 1.6422 1.5095 1.0738 0.2787 0.6683 0.4980 0.5332 0.2770 -0.7477 
2.3323 2.0294 2.0256 1.5156 1.7988 2.1128 1.7349 2.2363 2.5119 2.4322 1.4013 2.0474 1.9589 1.3444 1.5550 0.6481 1.2604 0.5890 1.4335 1.1651 1.6879 1.7193 1.0224 1.9758 1.9833 1.6050 1.0208 1.2573 0.7987 0.3143 0.5943 0.2364 -0.4589 
2.1843 2.1971 1.8694 1.5178 0.9597 1.1648 1.4200 1.9491 1.8941 2.4163 2.6881 1.8581 2.6697 2.3579 2.4197 2.2504 2.1600 2.1781 2.3028 2.1344 2.4274 1.5471 2.3117 1.9632 1.3213 1.2792 0.6800 0.3222 -0.0471 0.3094 0.4130 0.3453 -0.5139 
2.7934 2.5847 1.7689 2.5233 2.3399 2.3132 2.6002 2.6227 2.1489 2.9238 3.0463 2.4943 1.9916 2.5555 2.4498 2.2367 2.3281 2.1656 2.3503 2.4013 1.7224 2.1681 2.6669 2.4652 1.6180 1.9996 1.8898 1.4743 1.3097 1.3508 0.3239 0.7275 -0.0174 
3.1918 3.4428 3.8241 3.1083 2.4225 2.6766 2.7223 3.0099 3.4518 2.9650 3.0336 3.4079 2.7809 2.7689 2.5077 2.0948 2.3140 2.0360 2.4020 2.5507 2.4972 3.1057 2.6562 2.5013 2.9168 2.4037 1.9856 1.8168 1.4472 1.9512 2.4123 1.6259 0.3440 
2.1422 2.4010 2.7958 2.9271 2.5833 2.3330 1.3564 2.0231 2.6608 2.5023 3.3218 2.8898 2.6114 2.7316 2.5099 1.7557 1.9658 1.6944 2.4025 2.5294 2.3906 2.5551 2.9326 2.0495 2.1139 1.3847 0.6380 1.4732 1.5990 1.7410 1.3430 0.5581 -0.7264 
2.3751 2.8548 3.2862 2.8352 2.3950 2.3687 2.2802 2.6108 3.0596 3.3845 3.3663 2.5915 1.8726 2.0297 2.3701 1.8981 1.8818 1.8153 2.2208 1.8528 1.6117 2.2931 2.9747 2.9247 2.5185 1.9980 1.5470 1.5138 1.3841 1.6333 1.8666 1.0575 -0.4531 
2.0348 2.6251 1.0086 2.0959 2.4001 2.3336 2.3647 2.3860 2.5573 3.1346 2.4062 2.1013 2.3186 1.7521 2.1450 2.1606 0.6714 2.1067 2.0357 1.5769 2.0541 1.7787 2.0026 2.6659 2.0226 1.7272 1.6036 1.4936 1.4005 0.9289 -0.4527 0.7791 -0.5237 
1.5130 2.2984 2.4669 2.5243 2.3721 2.3662 2.4480 2.4887 3.4073 2.9755 2.9732 2.8691 2.8599 2.7513 2.3142 2.4197 2.2563 2.3739 2.1624 2.5436 2.5932 2.5453 2.5791 2.5144 2.8773 1.8830 1.6958 1.5144 1.3479 1.3536 1.0611 0.4641 -1.0480 
0.5369 2.2739 1.9598 2.4580 0.3508 1.3667 2.5185 2.5866 3.0721 3.6253 3.2836 2.5487 2.8112 2.5469 2.3566 1.9032 2.1707 1.8224 2.1979 2.3851 2.5368 2.2374 2.8881 3.1535 2.5325 1.9754 1.7837 0.5046 -0.4268 1.2733 0.5959 0.4588 -0.8194 
2.0806 2.8290 3.3026 2.7322 2.0956 2.6414 2.9920 3.2828 3.8598 3.4036 3.2826 2.9213 2.4785 2.6510 2.2531 2.3223 2.3170 2.2442 2.1184 2.4682 2.2272 2.5959 2.8871 2.9462 3.3281 2.6444 2.2767 1.7789 1.1060 1.5513 1.8918 0.9629 -1.0076 
2.7981 2.5554 2.8941 3.0989 2.0573 2.4948 2.3295 2.4536 1.7215 2.0944 1.9462 2.4807 2.0123 1.9472 1.7783 1.6690 1.0705 1.6095 1.6563 1.7268 1.7492 2.1563 1.5546 1.6382 1.1941 1.8228 1.5719 1.6395 1.0516 1.9441 1.5056 0.7449 0.2290 
2.6719 2.6104 2.5498 2.8163 2.4186 2.4360 1.8929 2.0985 1.9280 2.2125 1.9106 1.4559 1.5100 1.9708 1.1604 0.9558 1.2277 0.8792 1.0582 1.7635 1.2271 1.1246 1.5220 1.7404 1.3523 1.4970 1.1497 1.5805 1.4188 1.6148 1.1454 0.7528 -0.1994 
2.6229 2.7367 2.4512 2.2386 1.6956 1.1043 1.7505 2.1160 1.2164 1.5461 1.2218 1.6416 2.0158 1.5197 1.6049 1.5697 1.4770 1.5230 1.5099 1.2980 1.7554 1.3222 0.8329 1.0897 0.6915 1.5120 1.0523 0.2477 0.7076 1.0889 1.0438 0.8719 0.0947 
2.4405 2.4363 1.5798 2.9769 1.9823 2.1198 2.2706 1.8208 2.0136 2.2240 2.0642 2.1160 2.0620 1.5571 1.8653 0.8381 -0.3917 0.7821 1.7161 1.3612 1.8146 1.8058 1.6733 1.7604 1.4856 1.1892 1.5424 1.2673 0.9560 1.8165 0.1894 0.5428 -0.4514 
3.4143 2.9743 2.6434 2.4143 1.3514 1.3908 0.9727 0.8038 1.7968 1.9977 0.9767 1.6281 1.7573 1.8581 1.9377 1.5322 1.6071 1.4715 1.7832 1.6637 1.5312 1.3068 0.5931 1.5424 1.2557 0.1953 0.2496 0.5472 0.3677 1.2306 1.2050 1.1355 0.7783 
1.8140 2.6684 2.5906 2.4780 2.1404 1.5725 1.0665 0.6540 1.5582 1.5210 1.5439 1.0840 2.1063 1.9338 1.3006 1.2668 1.1402 1.2129 1.1831 1.7060 1.8762 0.7581 1.1525 1.0571 1.0253 -0.0226 0.3150 0.7133 1.1589 1.2857 1.1722 0.8400 -0.7357 
3.0007 2.6769 2.7020 2.9908 2.1595 2.4445 2.1250 2.0340 1.9639 1.8304 1.4860 1.8777 1.2264 1.5866 0.0629 0.2352 0.8953 0.1703 -0.0526 1.4037 0.9808 1.5573 1.1001 1.3588 1.4084 1.3989 1.4117 1.5856 1.1801 1.8332 1.2673 0.7989 0.3573 
2.8445 3.2188 2.8610 3.0925 2.4596 2.1824 1.5173 2.2363 2.4357 2.5785 2.4240 2.3629 3.3286 1.9320 2.6278 2.3497 1.6744 2.2647 2.5079 1.7301 3.0790 2.0112 2.0354 2.1206 1.9103 1.6024 0.7481 1.3304 1.4776 1.9428 1.4409 1.3491 0.3798 
2.7910 3.1617 3.0485 2.5815 2.0636 1.6880 1.9487 1.9677 2.4183 2.5972 2.4976 2.9582 2.2266 2.4290 2.9308 3.0427 2.1078 2.9787 2.8277 2.2411 1.9873 2.6416 2.1094 2.1332 1.8841 1.3071 1.1857 0.8361 1.0867 1.4250 1.6255 1.2941 -0.1469 
2.5860 3.0024 3.1046 2.5445 2.1447 2.3905 2.3625 2.2991 2.0331 1.9836 2.0967 2.5777 2.5825 2.5817 2.4121 2.7799 2.1675 2.6980 2.2923 2.4152 2.3747 2.2837 1.6936 1.5303 1.5095 1.6463 1.5960 1.5373 1.1607 1.3720 1.6720 1.1844 -0.3431 
2.9821 3.2341 3.3519 2.9433 2.4169 1.9545 2.5462 2.6157 2.9013 2.5780 2.8145 2.8957 3.1199 2.6795 2.8355 3.1897 2.6263 3.1108 2.7150 2.4885 2.8690 2.5682 2.4199 2.1177 2.3796 1.9959 1.8186 1.1042 1.4193 1.7534 1.9470 1.3859 0.1336 
3.2686 2.7913 2.5640 2.7362 2.6140 2.7156 2.8606 3.0103 3.0283 2.9697 2.5190 3.3662 3.3191 2.5541 2.3921 3.2444 2.9340 3.1877 2.2562 2.4003 3.0625 3.0489 2.1271 2.5069 2.4935 2.4019 2.1148 1.8607 1.6175 1.5617 1.1489 0.8932 0.6515 
3.5779 3.2945 2.8553 2.7831 2.5067 2.4604 2.5344 2.7923 3.2419 3.5642 2.9839 3.4359 3.2514 2.8445 2.9857 3.0089 3.2444 2.9558 2.8808 2.6505 2.9771 3.1409 2.6059 3.0943 2.6815 2.1189 1.8006 1.6013 1.5291 1.5838 1.4071 1.4440 0.8379 
2.6452 2.2567 2.9229 3.2620 2.9587 2.8653 2.1335 2.3828 3.0443 3.0486 2.8971 3.6651 2.5592 2.4778 1.5530 2.9325 2.9806 2.8777 1.3969 2.3168 2.3427 3.3278 2.5039 2.5875 2.5073 1.7201 1.4136 2.0064 1.9733 2.0677 1.5312 0.5131 -0.1252 
2.8615 3.1813 3.0488 2.8791 2.9364 2.5732 2.8045 3.2856 3.6787 3.7305 3.3746 4.0496 3.5682 3.4685 3.1576 3.3595 3.0953 3.3055 3.0060 3.2971 3.3090 3.7179 2.9786 3.2748 3.1255 2.6411 2.0454 1.7232 1.9629 1.6940 1.6229 1.3092 0.1933 
2.9277 3.2531 3.5165 2.7722 2.2291 2.0800 2.6364 1.9521 3.7292 3.2267 3.3933 3.7892 2.5653 1.8866 3.2755 3.3252 3.2882 3.2729 3.1602 1.6657 2.3508 3.4672 3.0027 2.7595 3.2075 1.3260 1.9387 1.2168 1.2404 1.5697 2.0838 1.4151 0.2205 
2.9288 2.8522 3.4751 3.0031 2.1237 2.8656 3.1780 3.2640 3.5501 3.9484 3.6626 3.3201 3.1717 2.0905 3.2786 3.1257 2.2020 3.0486 3.1672 1.9538 2.9067 2.9848 3.2661 3.4802 2.9901 2.6081 2.4264 2.0098 1.1533 1.8370 2.0567 0.9542 0.1436 
3.1385 2.4407 3.4291 2.8658 3.0121 3.0541 3.0256 3.5066 3.9361 3.7238 3.5482 3.3181 3.7116 3.0991 3.3958 3.2518 3.6011 3.2035 3.2833 2.9131 3.4437 2.9897 3.1706 3.2647 3.3910 2.8793 2.3164 2.1992 2.0258 1.6910 2.0159 0.7840 0.3295 
3.0971 2.9716 2.9793 2.7669 2.6771 2.0875 2.4298 2.7864 4.1914 3.5393 3.6047 3.6198 3.4609 3.6217 3.2057 3.1931 2.0027 3.1146 3.0467 3.4050 3.2421 3.2892 3.2248 3.0594 3.6689 2.1422 1.6869 1.1884 1.6688 1.5729 1.5636 1.1632 0.5499 
2.9811 2.9275 3.2578 3.3959 2.9231 2.7494 2.7786 3.2333 3.9709 3.8015 3.6933 3.2800 3.2089 3.3198 2.9393 2.8876 1.9866 2.8378 2.8324 3.1483 2.9309 2.9493 3.2989 3.3403 3.4095 2.5725 2.0295 1.9056 1.9506 2.2142 1.8339 1.0436 -0.0194 
2.4259 3.1330 2.7189 3.5898 3.2647 2.9732 3.0576 3.5513 3.3995 3.5089 3.5025 3.7534 3.4655 2.9656 3.0337 2.4628 2.4847 2.4120 2.9191 2.8049 3.2425 3.4246 3.1285 3.0413 2.8643 2.9081 2.3515 2.1071 2.2456 2.4130 1.2702 1.2490 -0.8136 
2.9288 1.9890 3.0139 3.3062 3.0872 2.8650 3.0648 3.4633 3.4298 3.4088 3.9380 3.2312 2.3757 2.8236 2.3773 3.0397 2.9915 2.9787 2.2373 2.6174 2.1037 2.8871 3.5621 2.9538 2.9002 2.8460 2.3616 2.0121 2.0878 2.1184 1.6109 0.2624 0.3096 
3.1428 2.3746 3.2661 3.4655 3.3939 2.8810 3.3055 3.5976 4.1924 3.8113 3.6385 3.0542 3.3523 2.8388 3.2813 3.2788 3.3036 3.2335 3.1677 2.6407 3.1077 2.7661 3.2442 3.3460 3.6699 2.9505 2.5546 2.0288 2.4138 2.3132 1.8451 0.4660 0.4941 
3.2433 2.6704 3.1566 3.2591 2.7429 1.8517 2.9190 3.7110 4.3407 3.7882 2.9789 3.7596 2.6702 3.0770 1.7970 2.5276 2.1227 2.4701 1.6651 2.8924 2.4277 3.4325 2.5819 3.3254 3.7996 3.0711 2.1697 0.9520 1.6959 2.0762 1.6910 0.7662 0.4212 
1.9875 2.4791 3.2550 3.8053 3.1850 2.5890 2.6785 3.3925 3.8449 3.3798 3.7585 2.7938 2.8188 2.7321 2.1243 2.9126 2.5148 2.8597 2.0172 2.5303 2.5451 2.4478 3.3680 2.9197 3.3162 2.7919 1.9597 1.7308 2.1448 2.6276 1.8415 0.6746 -0.6095 
2.7333 2.8299 3.2502 2.9808 2.9174 3.1121 2.1815 3.4638 3.5643 3.6622 3.8498 3.5201 2.8334 1.7892 2.9736 3.2272 1.7018 3.1539 2.8653 1.6001 2.5597 3.2281 3.4675 3.2072 2.9998 2.8434 1.4485 2.2585 1.9506 1.8318 1.7953 1.0083 0.2462 
1.9817 2.5935 3.3186 3.3983 3.7701 3.5473 2.7812 3.6815 3.5443 3.2566 3.3114 3.4889 2.8092 2.8578 2.1592 2.5113 2.5970 2.4597 2.0417 2.6663 2.5326 3.2055 2.9187 2.8058 2.9837 3.0189 2.0131 2.6840 2.7995 2.2395 1.9326 0.8615 -1.2706 
3.3241 2.9775 3.5924 3.0718 3.4235 3.2468 3.3291 3.7635 3.6810 2.9215 3.2641 2.7280 2.8430 2.6357 2.2110 2.0452 2.6414 2.0016 2.0821 2.4580 2.5745 2.4052 2.8701 2.4629 3.1269 3.1412 2.5804 2.3989 2.4470 1.9290 2.1391 1.1455 0.6473 
3.2708 3.0461 3.4495 3.8439 3.2474 2.8879 3.3316 2.8825 3.7203 3.6279 3.5629 2.8190 2.8403 3.2588 2.8701 2.8052 2.3994 2.7365 2.7669 3.0541 2.5685 2.4804 3.1860 3.1528 3.1965 2.2649 2.5867 2.0373 2.2157 2.6845 2.0528 1.2252 0.6509 
2.8590 2.3543 2.7810 3.6718 3.4064 2.9668 3.2519 3.5222 3.7352 3.1802 3.8094 3.3518 3.0549 2.4318 2.7053 2.8834 1.9488 2.8327 2.5656 2.2306 2.8277 3.0230 3.4141 2.7023 3.2183 2.8912 2.4946 2.1191 2.4276 2.4750 1.2942 0.5492 0.2764 
2.4274 2.0721 2.1141 3.8553 3.6507 3.2672 2.9117 3.2494 3.6759 3.6430 3.3342 3.1442 2.9112 1.5756 2.3642 2.2271 2.4572 2.1661 2.2109 1.4325 2.6648 2.8308 2.9423 3.1674 3.1234 2.5893 2.1683 2.4090 2.6181 2.7025 0.7763 0.2603 -0.2118 
-0.0333 2.6024 2.9359 2.8465 1.9724 2.5198 2.9658 3.3627 3.3468 3.7277 3.5648 3.3151 3.1721 2.9747 1.8186 1.3811 1.5915 1.2889 1.6723 2.8126 2.9045 2.9853 3.1890 3.2713 2.8251 2.7538 2.2455 1.6841 1.0538 1.6619 1.5210 0.7417 -1.8842 
0.8479 3.2180 2.4633 3.5037 3.1316 3.3693 3.6619 3.6393 3.5398 3.3736 3.1649 3.3071 2.6117 2.1254 2.4074 2.5455 2.4563 2.4899 2.2819 1.9668 2.3894 2.9779 2.7916 2.9142 2.9801 2.9731 2.9029 2.5158 2.1135 2.3606 0.9282 1.3353 -0.2836 
3.0193 2.5508 2.3711 1.8040 2.9660 2.9245 3.6440 2.9221 2.8471 2.9179 3.2609 1.9897 1.6097 2.0982 1.2915 2.4120 2.3301 2.3676 1.1786 1.9457 1.3388 1.6702 2.8657 2.4594 2.3104 2.2963 2.8808 2.0883 1.9825 0.6887 0.8891 0.6874 0.3407 
1.2122 2.2977 2.9594 2.9936 3.6663 3.7922 2.9727 3.5905 2.8870 3.4213 3.5446 2.8590 3.1386 2.7626 1.9595 1.8035 1.4622 1.7230 1.8291 2.5455 2.8832 2.5311 3.1677 2.9714 2.3711 2.9403 2.2339 2.9360 2.6493 1.8455 1.5551 0.4658 -1.2134 
2.5809 2.5477 2.5663 3.0752 3.1342 3.6254 3.9362 3.4800 2.8636 2.8731 2.8269 2.8879 2.7514 2.6139 2.3846 2.3224 1.5471 2.2423 2.2453 2.4396 2.4826 2.5560 2.4313 2.4154 2.3367 2.8549 3.2270 2.7830 2.1194 1.9349 1.1507 0.7195 -0.1346 
3.2338 2.3898 2.6157 3.2663 3.5677 3.3476 2.6379 2.8150 2.5055 2.6142 3.0287 2.8390 2.0979 1.3804 2.0364 1.2737 1.1399 1.2122 1.9434 1.2031 1.8616 2.5064 2.6494 2.1479 1.9750 2.1458 1.9429 2.4874 2.5520 2.0839 1.2094 0.4683 0.5600 
2.5255 2.7643 2.6487 2.2570 2.8015 3.4396 3.1037 2.6079 1.3368 1.5502 1.9796 2.6622 2.9026 1.5444 1.2039 1.2161 1.6961 1.1657 1.1033 1.3215 2.6512 2.3738 1.5844 1.0905 0.7814 1.9897 2.3818 2.5875 1.7860 1.0974 1.2154 0.8969 -0.2140 
3.2080 2.6892 2.6250 2.2431 2.8065 2.8681 3.2194 2.7843 2.5211 2.6308 3.0356 2.6310 2.5186 1.6336 2.4324 2.3720 2.1015 2.2987 2.3216 1.4783 2.2799 2.3450 2.6552 2.1657 1.9879 2.1165 2.4585 2.0148 1.7755 1.0941 1.1948 0.8000 0.4712 
1.9346 2.1485 2.4131 2.2454 2.3694 2.8990 2.8486 2.3320 1.0833 1.2433 2.6431 0.4433 2.0510 2.3876 1.5236 1.8002 0.9177 1.7283 1.3796 2.1746 1.8044 0.0925 2.2666 0.7635 0.4906 1.6749 2.0988 2.0476 1.3322 1.0918 0.9721 0.3236 -0.9996 
2.8368 2.4228 1.9450 2.5173 2.6531 2.5135 2.5540 2.2662 2.1867 2.0634 2.0547 1.9608 2.4592 2.3200 1.6697 0.7017 1.0163 0.6521 1.5588 2.1124 2.2040 1.6315 1.6663 1.6011 1.6488 1.6258 1.8364 1.6609 1.6522 1.3396 0.5057 0.5360 0.1059 
1.2748 1.9631 1.4063 2.0616 2.5527 2.9317 2.4696 1.2951 1.2661 1.7671 2.3274 1.8897 2.0790 1.6802 1.4241 1.1379 0.7323 1.0924 1.2816 1.5222 1.8375 1.5666 1.9443 1.2999 0.7343 0.6769 1.7236 2.0749 1.5845 0.8612 -0.0419 0.1082 -0.9890 
2.8975 2.3690 2.1263 1.9174 2.3704 2.7873 2.3905 1.8286 1.9202 1.6679 1.2302 1.9414 2.0000 2.0469 1.9082 0.3643 0.9549 0.3020 1.7541 1.8779 1.7334 1.6021 0.8419 1.2037 1.3484 1.1887 1.6326 1.9332 1.3517 0.7224 0.7214 0.4542 0.2572 
2.8655 2.1007 2.1565 2.4335 2.2204 2.5957 1.6138 1.3646 0.9574 1.2263 1.6367 1.2253 1.2162 1.1795 1.1925 1.4571 1.0468 1.3790 1.0950 1.0014 0.9755 0.9093 1.2503 0.7603 0.4084 0.7402 0.8550 1.7398 1.2293 1.2495 0.7490 0.2306 0.2247 
2.9449 2.6829 2.1351 1.9399 2.1225 2.2864 2.0347 1.6508 1.6176 1.4956 1.0940 1.5425 1.7471 0.7989 1.6047 1.4192 1.7991 1.3486 1.5104 0.6508 1.5278 1.2115 0.6949 1.0216 1.0961 1.0393 1.2831 1.4314 1.1457 0.7472 0.7156 0.8182 0.2732 
2.8469 2.4015 2.2438 1.7491 2.1092 2.1570 2.3574 1.7083 0.9940 1.5928 1.9828 1.5647 0.8648 1.1691 1.1612 0.7399 0.5415 0.6890 1.0589 0.9889 0.6590 1.2342 1.5879 1.1391 0.4339 1.1038 1.5952 1.3047 1.1298 0.5906 0.8089 0.5296 0.2015 
3.3436 2.4331 1.6826 1.9843 2.0813 1.6466 2.1277 1.8249 1.9566 1.5810 1.8857 1.0850 0.6734 0.4133 1.2527 0.5393 0.6078 0.4635 1.1412 0.2624 0.3950 0.7409 1.5088 1.1246 1.3998 1.1821 1.4178 0.7937 1.1081 0.7949 0.2493 0.4978 0.6837 
2.9204 1.8656 2.2700 2.1055 1.4658 2.0380 1.6646 0.9389 1.1647 1.5565 1.3677 1.7048 1.4864 1.2081 1.4478 1.3374 -0.1521 1.2683 1.3018 1.0517 1.2082 1.4094 0.9920 1.1045 0.6508 0.3192 0.9236 1.1887 0.4356 0.9201 0.8313 -0.1121 0.2637 
1.9106 1.9712 1.1345 2.2245 1.5738 2.2139 1.3723 1.5069 0.7702 1.2399 1.4048 1.5042 0.9915 1.1584 1.3552 1.1177 1.3895 1.0702 1.2348 0.9734 0.7357 1.1633 1.0293 0.7796 0.2478 0.8359 0.6522 1.3612 0.5766 1.0791 -0.2505 0.1162 -0.7537 
2.2725 1.9620 2.3732 1.9608 1.8167 1.6543 1.0608 1.9494 1.2704 1.2953 1.4343 1.4059 0.6623 0.7902 1.1115 1.4101 0.7730 1.3359 0.9826 0.6348 0.3874 1.1020 1.0633 0.8367 0.7362 1.2801 0.3096 0.7966 0.8179 0.7593 0.9225 0.0972 -0.4439 
2.4182 1.8340 1.3362 1.6708 1.3554 1.2059 1.5812 2.0193 1.6652 1.4743 1.1248 1.2988 0.6520 1.0010 1.2112 1.5085 1.7098 1.4325 1.1079 0.8024 0.3805 1.0043 0.7299 1.0022 1.1319 1.3834 0.8366 0.3474 0.3533 0.4994 -0.0963 -0.0274 -0.2034 
2.4221 1.5106 2.1889 1.9824 1.4809 1.6205 1.6901 1.2663 2.0803 1.2370 1.6524 1.7827 1.5354 -0.0617 1.3034 0.7039 0.5883 0.6604 1.1909 -0.2757 1.2623 1.4991 1.2630 0.7707 1.5510 0.6605 0.9583 0.7652 0.4471 0.7811 0.7724 -0.4795 -0.2390 
3.0007 2.1173 2.0391 1.9410 1.7119 1.2819 1.8865 1.0959 1.3763 1.1777 0.2833 0.9517 1.6745 1.5524 1.3409 1.3257 0.7461 1.2624 1.2243 1.3496 1.4415 0.6637 -0.1140 0.7183 0.8296 0.4170 1.1396 0.4395 0.7287 0.7396 0.6293 0.2292 0.3375 
1.4691 1.3477 1.6883 1.3067 1.2306 1.2771 1.2164 1.8272 1.3175 1.7438 1.6210 0.8679 1.2673 1.4693 1.5115 1.5433 1.5937 1.4957 1.3585 1.2616 1.0492 0.5733 1.2300 1.2777 0.7803 1.1882 0.4892 0.4250 0.2495 0.1499 0.2806 -0.4832 -1.1199 
1.7482 1.9938 1.5522 1.7122 1.5702 1.5300 1.5407 1.5501 0.5650 1.5572 1.1818 0.7897 1.4275 1.5202 1.2623 1.7617 -1.6511 1.6961 1.1574 1.2995 1.1732 0.4737 0.7888 1.1042 0.0005 0.8937 0.7865 0.6785 0.5716 0.5655 0.1009 0.1712 -0.8053 
1.3406 1.6934 0.6836 1.5382 1.3503 0.2878 0.7617 0.8086 0.9697 0.8599 1.3418 1.0401 1.2637 1.1546 1.0809 1.1684 1.1003 1.1191 0.9278 0.9665 1.0450 0.7084 0.9649 0.4053 0.4118 0.1980 0.0177 -0.5545 0.3516 0.3485 -0.8328 -0.1341 -1.4888 
2.5333 1.5931 1.5412 2.0563 1.6193 1.3365 1.0172 1.5264 1.3434 1.6354 1.4927 1.2683 1.5328 1.1422 1.6190 0.7026 0.8245 0.6543 1.5196 0.9559 1.2615 0.9745 1.0985 1.1778 0.8052 0.8590 0.2747 0.4814 0.6406 0.8674 0.1396 -0.2785 -0.1346 
0.2927 1.8912 1.3015 1.5672 1.6961 1.5901 1.2081 1.5206 1.2989 1.4578 1.6652 1.6884 1.6480 0.7207 1.4888 0.8696 1.2666 0.8157 1.3355 0.5396 1.4062 1.3774 1.2692 0.9888 0.7633 0.8512 0.4586 0.7336 0.7180 0.3906 -0.1327 0.0446 -2.0696 
2.8834 2.4415 2.0615 1.3784 1.8933 1.5558 1.1473 1.2048 0.9813 1.0173 1.5796 1.7680 0.8591 1.6218 1.5957 1.5289 0.9612 1.4658 1.5005 1.4540 0.6521 1.4790 1.1894 0.5448 0.4183 0.5839 0.4022 0.7015 0.8649 0.2491 0.6538 0.5985 0.2539 
3.2090 2.5925 2.1387 1.7587 1.7362 1.4011 1.2494 1.3144 1.0906 0.4804 1.4071 1.3625 1.2210 1.4170 1.2084 0.6669 0.2468 0.6025 1.1067 1.2216 0.9818 1.0810 1.0360 0.0180 0.5223 0.6995 0.5119 0.5483 0.7497 0.5990 0.7249 0.7243 0.5087 
2.9428 2.7131 2.4943 2.1483 1.8360 1.3509 1.5518 1.8713 1.7273 0.9956 1.3569 1.6294 1.3240 0.5312 1.3283 1.2305 0.6064 1.1735 1.2126 0.3473 1.1008 1.3042 0.9834 0.5147 1.1923 1.2213 0.8039 0.4898 0.8270 0.9878 1.0893 0.8383 0.2622 
1.9678 1.9563 1.5930 1.6747 1.2691 0.7007 1.3697 1.0935 1.4449 1.6308 1.5082 0.8774 1.0454 1.7850 1.4832 0.0084 1.0040 -0.0340 1.3282 1.6052 0.7804 0.5825 1.1089 1.1719 0.8792 0.4195 0.6601 -0.1521 0.2907 0.4940 0.1771 0.0970 -0.6006 
1.7985 1.8882 1.4987 0.1995 1.0855 1.1952 0.7713 1.3367 -0.1693 1.0397 0.6931 0.7650 0.9495 0.8059 1.2596 0.9749 -0.2460 0.9046 1.1465 0.6533 0.7140 0.4476 0.3046 0.5646 -0.6739 0.7184 0.0216 0.3445 0.0597 -1.0864 0.0796 0.0537 -1.0067 
2.4644 1.9152 1.5037 1.3739 0.7459 1.3010 1.4978 1.1689 1.0954 0.6658 1.3178 1.2313 1.2898 1.0944 1.3554 1.1901 -0.4384 1.1400 1.2353 0.8760 1.0783 0.9076 0.9440 0.2217 0.5258 0.5249 0.7343 0.4498 -0.2075 0.2303 0.0307 -0.0120 -0.2610 
2.3504 1.2235 1.2195 1.2905 1.2056 1.3344 1.1291 0.8894 1.1218 0.7659 0.3329 0.4021 0.6341 0.8714 1.2810 0.9762 0.1521 0.9080 1.1738 0.7042 0.3547 0.0806 -0.0525 0.3049 0.5743 0.2824 0.3845 0.4754 0.2392 0.1384 -0.1929 -0.6702 -0.3787 
2.9836 2.3380 1.4045 1.8680 2.0350 2.0022 1.9358 1.7266 1.5848 1.7737 1.8102 1.6945 1.8075 1.5937 1.6661 1.6878 1.5221 1.6289 1.5574 1.4132 1.5672 1.3921 1.4346 1.3035 1.0657 1.1131 1.1735 1.1479 1.0714 0.6964 -0.0508 0.4104 0.3195 
