4.0567 3.7631 3.7564 3.5504 3.4378 3.3307 3.2845 3.1901 3.2855 3.1681 3.0190 2.9403 3.0296 2.9674 2.9706 2.9233 2.8968 2.8866 2.8914 2.8553 2.8690 2.7100 2.7491 2.8431 2.9099 2.7257 2.7711 2.7235 2.7065 2.7112 2.7300 2.4140 2.2153 
4.3693 4.0317 3.9071 3.5549 3.0563 2.8594 3.1249 3.3084 3.2522 3.0931 3.1968 3.1586 2.9615 2.8216 2.6324 2.4560 2.4324 2.4047 2.5596 2.6712 2.7936 2.9160 2.9161 2.7589 2.8752 2.8745 2.5943 2.2562 2.3387 2.7097 2.9026 2.6853 2.4479 
2.8464 4.3756 4.3149 3.9916 3.8336 3.6446 3.5678 3.7255 3.3153 3.6703 3.5365 3.4544 3.3565 3.3709 3.3441 3.3110 3.2746 3.2731 3.2583 3.2371 3.1889 3.2109 3.2588 3.3375 2.9366 3.2598 3.0472 3.0368 3.1439 3.1646 3.2838 3.0581 1.3917 
4.3104 4.5206 4.1275 3.4655 3.1022 2.7582 3.4467 3.3229 3.1707 3.3043 2.9527 2.9711 1.9853 2.3439 2.2983 2.1777 2.2101 2.1251 2.2290 2.2354 1.7795 2.7457 2.6743 2.9780 2.7800 2.8829 2.9085 2.1484 2.3763 2.6140 3.1104 3.2204 2.3480 
3.2689 4.5138 4.1729 3.8380 3.6754 3.5597 3.6321 3.1801 2.9550 3.3888 3.2524 3.2282 3.1677 3.1250 3.1009 3.0491 3.0355 2.9992 2.9970 2.9762 2.9743 2.9952 2.9761 3.0544 2.5784 2.7106 3.1286 2.9511 2.9625 2.9918 3.1630 3.2166 1.8110 
3.7877 4.4451 4.0744 3.8307 3.7169 3.5918 3.5891 3.3650 3.3297 3.1992 3.1563 3.0601 2.7353 2.7207 2.6695 2.6719 2.6425 2.6314 2.5889 2.5964 2.5678 2.8514 2.8720 2.8739 2.9456 2.9133 3.0758 2.9847 2.9926 2.9892 3.0356 3.1548 1.6686 
4.4507 4.6084 4.3378 3.9537 3.7619 3.5949 3.4383 3.6322 3.6777 3.5938 3.3774 3.2911 3.4599 3.3533 3.2627 3.2570 3.2398 3.2174 3.1861 3.2242 3.2620 3.0803 3.1099 3.2716 3.2830 3.1928 2.9001 2.9866 3.0275 3.1337 3.2882 3.2838 2.3924 
4.3823 4.5027 4.1828 3.7827 3.5819 3.4586 3.4011 3.2479 3.3306 3.2000 3.1605 3.0894 3.0345 3.0422 2.9760 2.9809 2.9700 2.9441 2.8968 2.9153 2.8721 2.8696 2.8785 2.8755 2.9477 2.8146 2.8784 2.8520 2.8849 2.9360 3.1772 3.2019 2.4775 
3.5543 4.5473 4.1200 3.7407 3.6143 3.4643 3.2163 3.5197 3.1053 3.2781 3.2399 3.1831 3.1777 3.1324 3.0854 3.0535 3.0185 3.0032 2.9836 2.9789 2.9816 2.9476 2.9634 2.9492 2.7019 3.0683 2.6823 2.8564 2.9144 2.8929 3.0934 3.2413 1.7038 
3.9499 4.4614 3.6532 3.4021 1.9811 1.9433 2.6139 2.4595 2.9940 2.6849 2.5549 2.6143 2.3145 1.6572 2.0802 2.0018 2.0441 1.9682 2.0043 1.5479 2.1427 2.3812 2.2741 2.3646 2.6166 1.9999 2.0689 1.3959 1.0592 2.5755 2.6143 3.1663 1.9211 
4.0885 4.3876 3.2912 2.8536 2.6728 2.5964 2.8364 2.6264 2.1600 2.2086 2.3462 2.3820 2.3370 2.3581 2.2987 2.1736 2.1823 2.1209 2.2274 2.2454 2.1653 2.1730 2.0671 1.8705 1.7559 2.1795 2.2954 1.9901 1.9842 2.0042 2.2718 3.0681 2.2780 
4.1295 4.0906 3.8319 3.6413 3.5515 3.4684 3.3592 3.2439 3.2209 3.1801 3.1352 3.1158 3.0620 3.0047 2.9828 2.9710 2.9568 2.9296 2.9077 2.8876 2.8900 2.8860 2.8589 2.8579 2.8519 2.8045 2.8541 2.8612 2.8614 2.8372 2.8560 2.7603 2.3522 
4.3983 3.5813 4.0727 3.7792 3.5861 3.4404 3.1752 2.8860 3.1692 3.0543 3.0030 2.9616 2.9926 2.9334 2.9111 2.8949 2.8894 2.8614 2.8430 2.8162 2.8458 2.7364 2.7328 2.7216 2.7736 2.4256 2.6357 2.8312 2.8872 2.9290 3.0396 2.2603 2.5137 
4.2344 3.5946 3.9663 3.7289 3.3530 3.2332 3.2367 3.1848 2.9832 2.9491 2.9774 2.9616 2.9060 2.8006 2.7370 2.7039 2.6915 2.6657 2.6504 2.6565 2.7203 2.7356 2.6991 2.6220 2.6086 2.7177 2.7079 2.6272 2.6446 2.8845 2.9602 2.2603 2.3114 
3.5492 4.1327 4.1597 3.6842 3.6843 3.5211 3.5245 3.4839 3.2825 3.3100 3.2734 3.2632 3.2353 3.1706 3.1533 3.1226 3.0824 3.0673 3.0443 3.0205 3.0587 3.0372 2.9916 2.9813 2.9042 3.0145 2.9924 2.9129 2.9720 2.8589 3.1617 2.8549 1.7546 
4.1572 4.4064 4.0273 3.8476 3.6246 3.5231 3.3673 3.3271 3.1762 3.2013 3.1697 3.1226 3.1520 3.0460 3.0212 2.9967 2.9774 2.9599 2.9387 2.9176 2.9526 2.8901 2.8877 2.8771 2.7856 2.8863 2.8590 2.9139 2.9216 3.0047 2.9813 3.0997 2.1997 
3.8937 4.3728 4.0420 3.8626 3.5912 3.4251 3.3483 3.2066 3.2553 3.2720 3.1118 3.1811 2.9579 3.0356 2.9835 2.9845 2.9638 2.9490 2.9085 2.9099 2.7907 2.9448 2.8456 2.9441 2.8780 2.7520 2.8466 2.8161 2.8938 3.0216 2.9919 3.0463 2.1506 
3.8599 4.4377 3.9103 3.4565 3.1129 2.9058 2.7568 2.9196 2.7086 2.3823 2.6642 2.5616 2.3085 2.8190 2.5637 2.4826 2.4862 2.4293 2.4695 2.6714 2.1314 2.3283 2.3775 2.0590 2.3285 2.4743 2.2540 2.3094 2.3998 2.6114 2.8952 3.1403 1.2918 
3.5482 4.3067 4.1515 3.7807 3.7534 3.6053 3.5294 3.4619 3.4537 3.3677 3.3546 3.3447 3.2192 3.2078 3.1573 3.1620 3.1467 3.1147 3.0514 3.0765 3.0363 3.1422 3.0859 3.0342 3.0438 2.9837 2.9968 2.9988 3.0204 2.9311 3.1520 2.9926 1.3582 
4.4357 4.5625 4.1893 3.9087 3.6012 3.4781 3.4187 3.4670 3.4140 3.2423 2.8811 3.2536 3.2096 3.1653 2.8612 2.9984 3.0912 2.9613 2.7613 3.0122 3.0237 3.0249 2.6002 2.9160 3.0092 2.9908 2.8888 2.8696 2.9035 3.0836 3.1738 3.2483 2.3907 
4.2077 4.4307 4.1024 3.7849 3.5457 3.4739 3.3755 3.3571 3.1988 3.1772 3.1020 3.1635 3.0309 2.9657 3.0148 2.9399 2.9301 2.9012 2.9340 2.8537 2.8698 2.9233 2.8370 2.8550 2.8207 2.9092 2.8640 2.8667 2.8573 2.9374 3.0795 3.1365 2.3628 
3.6385 4.4551 3.7219 3.4603 3.1347 2.8461 2.6240 2.9193 3.0736 2.7533 2.9753 3.2046 1.9373 2.5578 2.3992 2.5596 2.5756 2.5180 2.3250 2.4008 1.7594 2.9750 2.6937 2.4170 2.6766 2.4650 2.0876 2.2411 2.4058 2.6030 2.6684 3.1599 1.0404 
4.2191 4.1950 4.0702 3.9624 3.7901 3.6918 3.5892 3.5868 3.4457 3.4146 3.4483 3.3603 3.4013 3.2489 3.2528 3.2399 3.2050 3.2020 3.1779 3.1371 3.2179 3.1541 3.1686 3.0780 3.0345 3.1580 3.0741 3.0837 3.0732 3.1505 3.0466 2.8923 2.3803 
3.7987 4.5218 4.4834 4.2211 3.9816 3.8885 3.7735 3.3897 3.5434 3.7610 3.7678 3.6175 3.3652 3.2418 3.3229 3.3612 3.3158 3.3107 3.2414 3.1266 3.1930 3.4086 3.4848 3.4256 3.1710 2.9308 3.2325 3.2798 3.2667 3.3946 3.4790 3.2287 2.1661 
3.8932 4.5471 4.3074 3.6218 3.5508 3.4121 3.1236 3.7333 2.8252 2.9544 3.6996 3.3134 2.6777 2.7202 2.5645 2.4596 2.3462 2.4058 2.4670 2.6025 2.5265 3.1010 3.4348 2.6275 2.4259 3.2662 2.5984 2.8080 2.8600 2.8207 3.2814 3.2402 0.4312 
4.2717 4.2328 4.0189 3.6983 3.1100 2.9024 2.8859 3.5546 3.1611 2.7317 3.4596 3.0399 2.8670 2.6704 1.9671 2.2625 1.9817 2.2204 1.8760 2.5548 2.6664 2.8343 3.1781 2.4029 2.7424 3.1192 2.3677 2.3092 2.3729 2.8570 3.0025 2.9090 2.2989 
4.6180 4.5758 4.0978 4.1615 4.0562 3.9299 3.8922 3.8613 3.6417 3.6069 3.3450 3.4714 3.5297 3.5042 3.4627 3.4470 3.4117 3.3905 3.3574 3.3690 3.3506 3.2322 3.0741 3.2818 3.2563 3.4232 3.3761 3.3219 3.3223 3.3215 3.0649 3.2610 2.6837 
2.1313 3.8688 4.5010 4.0922 3.7545 3.7086 3.8513 3.7897 3.6398 3.7385 3.7333 3.5802 3.1193 3.3369 2.7035 2.9759 2.8752 2.9355 2.6317 3.2097 2.9312 3.3585 3.4603 3.4057 3.2555 3.3174 3.3243 3.1012 3.0189 3.2337 3.5029 2.5437 1.6970 
3.7596 4.4574 4.3408 4.1354 3.9740 3.7805 3.7610 3.8719 3.5632 3.5856 3.5313 3.5318 3.4866 3.4319 3.3848 3.3577 3.3230 3.3076 3.2856 3.2813 3.2914 3.2984 3.2520 3.2591 3.1857 3.4386 3.2186 3.1704 3.2593 3.2857 3.2987 3.1670 2.1286 
4.2531 4.1594 4.5495 4.1851 3.8217 3.5523 4.0692 3.9634 3.4911 3.7927 3.8597 3.2501 3.2465 3.2451 3.1494 3.1148 2.9598 3.0596 3.0366 3.1321 3.0742 3.0175 3.5836 3.4707 3.1037 3.5151 3.5279 2.9442 3.1208 3.3362 3.5438 2.8717 2.3312 
4.3263 4.1863 4.3576 3.9713 3.8567 3.7406 3.4475 3.5714 3.4629 3.2227 3.5517 3.2832 3.1351 3.2873 3.2607 3.2444 3.1968 3.2059 3.1844 3.1757 2.9376 3.0623 3.2745 2.8937 3.0532 3.1395 2.9008 3.1269 3.1601 3.1477 3.3163 2.8919 2.4918 
3.9604 3.9490 4.6211 3.9723 3.4792 3.5273 4.0414 3.8332 3.5881 3.5981 3.4790 3.3331 2.8020 3.1882 2.8786 3.0330 2.8939 2.9845 2.7888 3.0482 2.6180 3.1293 3.1960 3.2780 3.2096 3.3818 3.5076 2.9179 2.7560 3.1351 3.5913 2.6763 2.0502 
3.9834 4.5315 4.4026 4.2420 4.1290 4.1134 4.0847 3.8188 3.8448 3.8079 3.7101 3.6559 3.5226 3.4865 3.3915 3.1705 3.1557 3.1304 3.2897 3.3427 3.3402 3.4528 3.4437 3.4834 3.4713 3.3623 3.5450 3.5040 3.4304 3.4216 3.3765 3.2387 1.9944 
3.6139 4.2033 4.1147 4.0262 3.7202 3.7344 3.7734 3.3996 3.3519 2.9791 3.0578 3.1663 3.1885 2.9974 3.0764 2.9262 3.0843 2.8900 2.9800 2.8835 2.9971 2.9300 2.7951 2.6561 2.9671 2.9400 3.2337 3.1211 2.9916 3.1835 3.1163 2.8887 1.0384 
3.4793 4.0426 4.5357 4.2424 3.4833 3.0469 4.0331 4.0391 3.4581 3.8289 3.6561 3.3531 3.4378 3.2666 3.4067 3.2135 3.2386 3.1781 3.3022 3.1569 3.2419 3.1515 3.3849 3.5042 3.0490 3.5695 3.5039 2.4165 2.7633 3.4140 3.5311 2.7472 1.6648 
3.9615 4.1827 4.2110 3.7987 3.7877 3.7593 2.9799 3.2155 3.2643 3.1819 2.9179 3.0367 2.9956 3.1121 3.0751 2.9751 2.9920 2.9334 2.9792 2.9675 2.8473 2.8319 2.6368 2.8575 2.8844 2.7625 2.4707 3.1466 3.0632 2.9562 3.2012 2.8885 1.9451 
3.1655 3.9270 4.3297 4.0405 3.5270 3.0472 3.9486 3.4929 3.4893 3.5065 2.3058 3.0661 2.8223 2.9830 2.9961 2.7745 2.7609 2.7205 2.9193 2.8744 2.6300 2.8586 2.0503 3.1810 3.1019 3.0271 3.4497 2.4898 2.8473 3.1979 3.2904 2.6112 1.2529 
3.3603 4.3158 4.3338 4.2020 3.7075 3.4189 3.8959 3.8354 3.4081 3.1555 3.3845 3.3190 3.1540 3.1535 3.1756 3.0419 3.0047 2.9922 3.0820 2.9939 2.9550 3.1104 3.1178 2.8272 2.9993 3.3867 3.3858 2.8244 2.9780 3.3751 3.2982 2.9952 1.2989 
4.1642 4.1054 4.1210 3.4474 2.0620 2.2395 3.5090 3.0615 2.9683 3.2095 2.9432 2.7084 1.8002 1.3524 2.2041 2.2060 2.1545 2.1424 2.1051 1.1866 1.6270 2.5014 2.6653 2.8867 2.5879 2.5991 2.9777 1.7125 1.5071 2.6041 3.1084 2.7954 2.2936 
4.2126 3.7674 4.4257 4.1178 3.4978 3.5236 3.5678 3.5800 3.2360 3.5430 3.2633 3.0256 3.0752 2.9601 2.9605 2.9801 2.9833 2.9429 2.8829 2.8508 2.8980 2.8225 2.9799 3.2169 2.8672 3.1503 3.0477 2.9119 2.7888 3.2671 3.4230 2.5019 2.3385 
4.3119 4.1522 4.0612 3.3995 3.1894 2.9398 3.4303 3.3230 3.2071 2.9349 2.9752 2.6702 2.8880 2.8678 2.7136 2.8762 2.7089 2.8436 2.6322 2.7197 2.6952 2.4435 2.6944 2.6025 2.8367 2.8863 2.8975 2.3247 2.4776 2.5938 3.0127 2.8607 2.4630 
4.2058 4.4116 4.1743 3.9499 3.6427 3.1846 3.4341 3.3826 3.4194 3.1376 2.5751 2.8564 2.8047 2.5433 2.1978 2.5541 2.5599 2.5068 2.0893 2.3861 2.6160 2.6125 2.2868 2.8016 3.0152 2.9279 2.8972 2.5744 2.9367 3.1262 3.1657 3.1104 2.4351 
4.1648 4.1103 4.1773 3.9308 3.5975 3.4738 3.2300 3.5278 3.4835 3.5358 3.3290 3.1528 3.0775 3.0856 3.1065 3.0027 3.0079 2.9645 3.0017 2.9479 2.8999 2.9089 3.0590 3.2096 3.0953 3.0825 2.7132 2.8658 2.9020 3.1291 3.1690 2.8259 2.3590 
2.9813 4.0674 4.0846 3.2515 3.2849 3.3116 3.6765 3.2039 3.0308 2.9963 3.1065 2.7785 2.9272 2.8792 2.7076 2.6495 2.7605 2.6093 2.6266 2.7360 2.7489 2.5613 2.8423 2.6699 2.6474 2.7452 3.1649 2.7068 2.5861 2.4384 3.0542 2.7531 1.1302 
3.5854 3.5093 3.9124 3.6153 3.5104 3.4313 3.2760 3.2217 3.1998 3.1498 3.0637 2.9214 2.8939 2.9039 2.8487 2.8143 2.8647 2.7591 2.7398 2.7730 2.7044 2.6869 2.7953 2.8116 2.8210 2.7689 2.7557 2.8170 2.8056 2.7914 2.9075 2.2373 1.6662 
4.3255 4.1949 3.8251 3.8257 3.6900 3.6313 3.3803 3.4840 3.4120 3.3278 3.3272 3.2785 3.1830 3.1829 3.1563 3.0922 3.0659 3.0389 3.0494 3.0397 2.9874 3.0548 3.0573 2.9955 3.0065 3.0149 2.8688 3.0211 2.9731 2.9816 2.8156 2.8889 2.4042 
4.1787 3.9660 3.9458 3.7696 3.7486 3.5609 3.5183 3.3582 3.3140 3.2850 3.2762 3.2644 3.2101 3.1650 3.1421 3.1104 3.0956 3.0559 3.0322 3.0116 3.0248 3.0381 2.9948 2.9609 2.9335 2.9089 2.9825 2.9530 3.0139 2.9169 2.9335 2.6472 2.2879 
4.0655 4.1161 4.0286 3.9310 3.8706 3.8452 3.7583 3.5993 3.5283 3.4395 3.4011 3.2957 3.2398 3.2179 3.2041 3.1856 3.1603 3.1536 3.1287 3.0919 3.0646 3.0847 3.1349 3.1024 3.1578 3.1696 3.2150 3.2370 3.1747 3.1095 2.9899 2.8172 2.2124 
4.0725 4.0841 4.1194 3.9302 3.8901 3.8341 3.7810 3.6515 3.5939 3.5350 3.5021 3.4290 3.3533 3.3420 3.3067 3.2863 3.2590 3.2498 3.2281 3.2159 3.1860 3.1953 3.2223 3.2089 3.2177 3.2060 3.2430 3.2255 3.1910 3.1086 3.1101 2.7682 2.2195 
4.2488 4.1321 3.8388 3.8300 3.5499 3.2125 3.2315 3.1789 3.0523 2.8539 2.8650 2.8081 2.7474 2.7193 2.6645 2.5910 2.5652 2.5573 2.5854 2.5970 2.5786 2.5789 2.5832 2.5232 2.6632 2.7099 2.6973 2.6055 2.8546 2.9821 2.8368 2.8293 2.3304 
4.0130 3.8418 3.5326 3.5474 3.4778 3.5271 3.1602 3.1246 3.1029 2.9514 2.9577 2.9277 2.9078 2.8601 2.8281 2.8202 2.8026 2.7647 2.7194 2.7068 2.7234 2.6950 2.6766 2.6239 2.6986 2.6572 2.6192 2.9181 2.7596 2.7061 2.5264 2.5430 2.0718 
3.7059 3.6674 3.5099 3.3553 3.2860 3.0816 2.7406 2.7800 2.7515 2.7960 2.5723 2.5685 2.5702 2.5549 2.5066 2.4053 2.4022 2.3660 2.4003 2.4012 2.3734 2.3327 2.2900 2.4607 2.3630 2.3243 2.2399 2.4680 2.5917 2.5351 2.4995 2.3523 1.7611 
3.3694 3.2018 2.9353 3.0883 3.2016 2.9769 2.2374 2.2382 2.3472 2.1681 2.3160 2.2742 2.3502 2.1959 2.2314 2.1902 2.1408 2.1355 2.1220 2.0517 2.1835 2.0412 2.0393 1.8376 1.9704 1.7619 1.6885 2.3683 2.4957 2.2638 1.9266 1.8971 1.4658 
3.2020 3.2823 3.4602 3.3164 3.2761 3.3588 2.9411 2.8581 2.5362 2.5294 2.4237 2.3577 2.5528 2.4989 2.3729 2.3806 2.2745 2.3445 2.2980 2.3546 2.3607 2.1358 2.1592 2.1930 2.1304 2.3813 2.4204 2.7538 2.5785 2.4802 2.4224 1.9949 0.8595 
3.3786 3.3818 2.6763 3.1192 2.6736 2.8396 2.5674 1.9979 2.0579 2.2878 1.6179 1.6554 0.7226 1.4709 1.4910 1.5399 1.4832 1.4908 1.4100 1.3556 0.5385 1.4171 1.3323 1.9619 1.6823 1.5517 2.0266 2.2350 1.9790 2.2808 1.7032 2.0710 1.3732 
3.5435 2.6988 3.2533 3.0938 2.8366 2.3411 1.9504 2.2794 2.0681 2.4147 1.9392 2.0170 2.0422 2.0575 1.9742 1.8624 1.9738 1.8095 1.8915 1.9439 1.8734 1.7846 1.6530 2.0823 1.6930 1.8158 1.4136 1.7341 2.0992 2.2593 2.2539 1.4383 1.6514 
2.1752 2.8461 2.9527 2.5789 2.2492 2.2758 1.5795 1.8088 1.9586 1.8447 1.5094 1.5282 1.2783 1.1442 1.4051 0.8521 1.3695 0.8184 1.3332 1.0316 1.0914 1.3245 1.2374 1.5088 1.5670 1.3707 1.0501 1.6694 1.5148 1.7239 1.9532 1.5260 0.4252 
2.8598 2.6988 2.8142 2.3187 2.4336 2.0156 2.1733 2.0349 1.2960 2.0300 1.7930 1.8479 1.7813 1.7140 1.6470 1.6677 1.8198 1.6349 1.5533 1.5958 1.6312 1.6382 1.5270 1.7030 0.8924 1.5975 1.6553 1.3996 1.7283 1.4589 1.7767 1.3976 0.9386 
2.0157 2.3850 2.6206 1.7136 2.1544 2.1883 1.8825 1.9607 1.9386 1.1241 1.4637 1.7382 1.6703 1.6543 1.7600 1.6517 0.9283 1.6122 1.6826 1.5085 1.4805 1.5120 1.1938 0.8030 1.5294 1.4958 1.3536 1.5806 1.4447 0.8527 1.6275 1.0952 0.0735 
2.1504 2.1302 1.9373 1.8523 1.7283 1.7564 1.0633 1.7208 1.3883 1.4635 1.3266 1.3583 1.5688 1.1623 1.4335 1.1545 0.9843 1.1185 1.3573 1.0506 1.3857 1.1254 1.0438 1.1418 1.0177 1.2823 0.5209 1.1440 1.0385 1.0248 0.9261 0.8395 0.2335 
2.8720 2.2344 1.9998 1.4187 1.4550 1.8796 1.4488 1.6352 0.8458 1.6420 1.7065 1.5106 1.1374 1.0348 1.2513 1.2070 1.2826 1.1620 1.1548 0.8829 0.9689 1.3078 1.4297 1.3177 0.4503 1.1605 0.9337 1.2700 0.7486 0.5525 0.9771 0.8293 0.9494 
1.8481 1.9426 2.3927 2.0970 2.0386 1.9387 1.7108 1.6441 1.4711 1.5165 1.4592 1.6308 1.3002 1.6900 1.4308 1.4843 1.3277 1.4484 1.3519 1.5626 1.1081 1.3884 1.1867 1.1830 1.0927 1.1679 1.1840 1.3268 1.3443 1.2690 1.3912 0.6216 -0.0419 
2.8679 2.2609 2.2339 2.1977 1.9665 1.9507 2.0198 1.9563 1.9768 1.7900 1.8068 1.7263 1.4428 1.6583 1.6333 0.6749 1.0673 0.6194 1.5274 1.5133 1.2792 1.4975 1.5361 1.4589 1.5973 1.4846 1.4911 1.3426 1.2510 1.3593 1.1874 0.8917 0.9626 
2.3000 1.7488 2.0222 1.6391 1.7181 1.6859 1.5522 1.7618 1.6578 1.2230 1.5213 1.3427 1.1159 0.8900 1.1114 1.2026 0.4477 1.1549 1.0379 0.7654 0.9442 1.1031 1.2533 0.8887 1.2674 1.3340 1.0382 1.0766 1.0299 0.7813 1.0267 0.4339 0.4130 
2.6056 2.4544 2.0156 1.9648 1.4828 1.9589 1.8728 1.4630 1.1603 1.7830 1.5840 1.2277 1.6822 1.6291 1.3273 0.9331 1.2623 0.8839 1.2191 1.4668 1.4969 1.0199 1.3158 1.4567 0.7740 1.0370 1.3499 1.3532 0.7711 1.1156 1.0197 1.1309 0.7189 
2.5660 2.2977 1.9481 1.9366 1.4733 1.7759 1.2085 1.5072 1.6851 1.7085 1.6094 1.5677 1.1523 1.4341 1.1278 1.6368 1.0109 1.5863 1.0547 1.3253 0.9975 1.3478 1.3339 1.3815 1.3140 1.0667 0.6872 1.1738 0.7868 1.0753 0.9076 1.0233 0.7006 
2.6602 2.4601 2.1695 2.0669 2.1040 1.7744 1.8328 1.6557 1.5841 1.0436 1.3153 1.4416 1.4458 1.7631 1.5977 1.5111 1.8348 1.4647 1.4892 1.6533 1.2771 1.2224 1.0311 0.7326 1.1800 1.1818 1.3296 1.1615 1.4030 1.2389 1.1477 1.1359 0.7665 
2.6284 2.4532 2.3445 2.0352 1.9663 1.9433 1.5974 1.8136 1.7226 1.7912 1.2053 1.3428 1.3681 1.5829 1.7742 1.4206 1.3500 1.3779 1.6973 1.4411 1.1808 1.1059 0.9219 1.4600 1.3465 1.3739 1.0598 1.3340 1.2560 1.1904 1.3448 1.1369 0.7532 
2.1584 1.9745 1.9141 1.5780 1.7135 1.7549 1.4345 1.7413 1.5397 1.3187 1.0275 1.1927 1.4958 1.3607 0.8072 0.9836 0.8515 0.9250 0.7358 1.2186 1.3389 0.9913 0.7453 0.9803 1.1463 1.3139 0.8977 1.1476 1.0245 0.7387 0.8689 0.7028 0.2636 
2.6921 2.5049 2.1322 1.7593 1.9847 1.5233 1.7595 1.3593 1.5810 1.1495 1.5675 1.4536 1.5308 1.3227 1.2820 1.1676 1.2609 1.1316 1.1766 1.1577 1.3609 1.2357 1.2994 0.8276 1.1727 0.9000 1.2397 0.9097 1.2841 0.9230 1.1139 1.1673 0.8196 
2.4315 2.1616 2.1620 1.9839 1.3517 1.7586 1.6725 1.4340 1.4824 1.2535 1.4094 1.1504 0.9040 0.8261 1.1613 1.3200 1.0336 1.2616 1.0859 0.7167 0.7417 0.9286 1.1333 0.9226 1.1009 1.0005 1.1401 1.1501 0.6519 1.1353 1.1424 0.8367 0.5463 
2.3659 2.4396 2.0622 2.1298 2.0577 2.0388 1.0873 1.5081 1.9540 1.6181 1.3326 1.5172 1.6338 1.1064 1.0632 1.5089 1.4945 1.4614 0.9880 0.9984 1.4355 1.3129 1.0540 1.2804 1.5593 1.0728 0.5371 1.4277 1.3621 1.3136 1.0599 1.1317 0.4763 
2.6098 2.6373 2.2527 2.0949 1.6150 1.5823 1.7717 1.9417 1.5931 1.7401 1.3749 0.8479 0.3612 1.6651 1.4112 1.2848 1.1294 1.2274 1.3402 1.5241 0.1736 0.6285 1.0946 1.4113 1.1843 1.4634 1.2662 0.9784 0.8621 1.2669 1.2236 1.3401 0.7337 
2.5491 2.2611 2.1775 1.1551 1.4674 1.4595 1.7129 1.6197 1.7021 0.8760 1.1917 1.2603 1.0055 1.4080 1.2167 0.3958 0.8883 0.3700 1.1259 1.2875 0.8111 1.0398 0.9229 0.5391 1.3310 1.1488 1.1788 0.8663 0.7650 0.2328 1.1488 0.9814 0.6477 
1.9625 2.6206 2.1384 1.9562 1.7196 1.9351 1.3402 1.4347 1.7375 1.6580 1.6907 1.4522 1.6310 1.2989 1.6538 1.3784 0.7349 1.3417 1.5635 1.1473 1.4318 1.2304 1.4130 1.3372 1.3605 1.0121 0.7914 1.3270 1.0318 1.1084 1.1082 1.3350 -0.0642 
2.1692 2.1050 1.9552 1.9767 2.0061 1.8637 1.5322 0.7836 1.7578 1.8687 1.7591 1.4192 1.6936 1.1421 1.6583 1.4199 1.6311 1.3809 1.5688 1.0237 1.5098 1.1939 1.4779 1.5346 1.3799 0.3457 1.0279 1.2508 1.3158 1.1326 0.9380 0.7990 0.2649 
1.8279 2.0690 2.0348 1.7685 1.9554 1.7602 1.4260 1.4110 1.6892 1.7594 1.4748 1.2621 1.3865 1.1522 1.4781 1.6987 1.6752 1.6625 1.4010 1.0417 1.2039 1.0419 1.2014 1.4342 1.3222 0.9686 0.8920 1.1490 1.2339 0.9436 1.0338 0.7824 -0.0660 
2.4373 2.3056 2.2618 1.9444 1.5221 1.4601 1.6602 1.6270 1.1168 1.5712 1.7038 1.7569 1.5016 1.0126 1.2026 1.6254 1.6599 1.5694 1.1202 0.8498 1.3405 1.5330 1.4266 1.2383 0.7389 1.1490 1.1270 0.8630 0.8015 1.0888 1.2351 1.0162 0.5416 
2.1222 2.1492 1.9913 1.8637 1.5746 1.7514 1.7505 1.7142 1.4664 1.1949 1.3594 1.3536 1.4033 1.3621 1.6006 1.7917 1.7391 1.7537 1.4950 1.2230 1.2249 1.1180 1.0788 0.8628 1.0874 1.2708 1.2288 1.1449 0.8496 1.0351 0.9837 0.8360 0.1844 
2.5413 2.0793 1.9926 2.2856 2.0456 1.3177 1.9428 1.2052 1.4260 1.5727 1.6937 1.4880 0.9049 1.2868 0.5237 1.6571 1.3590 1.6252 0.4366 1.1419 0.7445 1.2792 1.4151 1.2399 1.0467 0.7684 1.4024 0.6859 1.3473 1.4424 0.9880 0.7602 0.5939 
2.5496 1.9984 1.9578 2.0621 1.7942 1.4535 1.6926 1.2892 1.8443 1.5471 1.0853 1.7659 1.8117 1.7498 1.4263 1.6306 1.7321 1.5776 1.3496 1.6367 1.6500 1.5543 0.8095 1.2081 1.4526 0.8251 1.1568 0.8478 1.0865 1.2308 0.9188 0.6694 0.6181 
1.5996 2.1915 1.9362 2.1707 1.7309 1.8118 1.3432 1.7589 1.4007 1.8956 1.4315 1.3148 1.0317 1.1049 1.6444 1.0569 1.2233 1.0230 1.5457 0.9875 0.8400 1.0742 1.1499 1.5598 1.0282 1.3306 0.7993 1.2057 1.0330 1.3406 0.9004 0.8610 -0.7736 
2.2434 2.0332 1.9303 1.8441 1.7808 1.7744 1.8447 1.8042 1.4690 1.2561 -0.0665 1.3895 1.3999 1.1479 1.5117 1.5512 1.5467 1.4999 1.4296 1.0312 1.2205 1.1583 -0.4576 0.9154 1.0926 1.3646 1.3360 1.1645 1.0819 1.0246 0.8774 0.7350 0.2510 
2.5412 2.0160 2.0939 1.7235 1.0485 1.5012 1.8759 1.7365 1.6531 1.3232 1.1931 1.3335 1.4326 1.4542 1.4711 1.3691 1.2666 1.3370 1.3921 1.3429 1.2643 1.0914 0.9249 0.9815 1.2599 1.3029 1.3544 0.8951 0.2990 0.8728 1.0927 0.7099 0.6167 
-0.0943 1.7282 1.7382 1.7776 1.6469 0.8256 1.1635 1.2366 0.7807 1.5005 1.0466 1.6976 1.1636 1.4091 1.2714 0.8788 1.6279 0.8376 1.1674 1.2923 1.0183 1.4620 0.7579 1.1699 0.4114 0.7868 0.6531 0.2130 0.9204 0.9616 0.7295 0.4438 -1.0428 
2.4687 1.6942 2.0395 1.8115 1.5299 1.7377 1.6447 0.5935 1.2628 0.8983 1.5870 1.5957 1.5053 1.6748 1.6976 1.5401 1.6788 1.4871 1.6293 1.5371 1.3431 1.3639 1.3222 0.5496 0.8592 0.1524 1.1032 1.1319 0.8143 0.9861 1.0361 0.4586 0.5556 
2.6595 2.4709 1.8519 1.8473 1.6693 1.7533 1.6458 1.6327 1.2761 1.1843 1.3600 0.9908 1.5901 1.4635 1.4247 1.2959 1.5560 1.2421 1.3498 1.3510 1.4019 0.7585 1.0801 0.8504 0.8739 1.1530 1.1090 1.1433 0.9669 1.0232 0.8248 1.1412 0.7649 
2.3781 1.7793 2.0962 2.0072 1.9628 1.6028 1.8227 1.6634 0.9647 1.4748 1.3876 1.2462 1.4241 1.2446 1.0126 1.6679 0.9765 1.6358 0.8983 1.1090 1.2515 1.0335 1.1122 1.1500 0.5767 1.1992 1.3204 0.9946 1.2418 1.1550 1.0917 0.4134 0.4744 
2.5319 2.3024 1.3331 1.6810 1.9307 1.7806 1.5351 1.9504 0.7720 1.5176 1.6777 1.7402 1.7176 1.7766 1.4367 1.5550 1.6680 1.5033 1.3597 1.6618 1.5433 1.5151 1.3978 1.1854 0.3989 1.4767 1.0300 1.1693 1.1988 0.8363 0.2381 0.9924 0.6139 
2.0357 2.0440 1.9251 1.6869 1.5808 1.6965 1.3637 1.6491 1.3566 1.2196 1.6164 1.1328 1.4425 1.0386 1.4562 1.2568 0.2748 1.2074 1.3780 0.8930 1.2758 0.9195 1.3365 0.8919 0.9741 1.1763 0.8396 1.0878 0.8475 0.8552 0.8774 0.7724 0.1369 
2.8605 2.3716 2.0837 1.9795 1.7874 1.6785 1.4062 1.0297 0.8807 1.4214 1.4568 1.5599 1.5482 1.4637 1.3635 1.1975 1.2371 1.1530 1.2813 1.3521 1.3728 1.3435 1.1799 1.0939 0.4911 0.5523 0.8774 1.0711 1.0864 1.1342 1.0726 1.0440 0.9404 
2.6764 2.2945 2.0782 1.7496 1.6920 1.7138 1.3819 1.7592 0.8095 1.7851 1.6460 1.5313 1.3989 1.2050 1.3059 1.6911 0.7478 1.6557 1.2003 1.0785 1.2182 1.3274 1.3615 1.4573 0.4211 1.3301 0.8499 1.1041 0.9945 0.9183 1.0719 0.9681 0.7907 
2.5498 2.0163 2.0257 1.0278 1.3653 1.5070 1.8236 1.5241 1.5491 1.7404 1.6496 1.2858 1.6672 1.6760 0.9968 1.2076 1.2173 1.1582 0.8845 1.5396 1.4772 1.0557 1.3673 1.4116 1.1534 1.0719 1.3236 0.9115 0.6671 0.1658 1.0341 0.6798 0.6102 
2.7914 2.2446 1.9434 1.7040 1.3974 1.5378 1.7384 1.5511 1.3742 1.3427 0.9456 1.3752 0.7839 1.0437 1.2661 0.8559 0.4979 0.8193 1.1639 0.9007 0.6084 1.1453 0.6853 1.0210 1.0010 1.0958 1.2142 0.9273 0.7033 0.8515 0.8966 0.8591 0.8656 
2.6068 2.4193 2.0203 1.8809 1.4401 1.6647 1.4900 1.7758 1.1518 1.5628 1.6076 1.0894 1.2260 1.6041 1.0563 1.3757 0.2277 1.3408 0.9812 1.4533 1.0588 0.8601 1.3317 1.2312 0.7713 1.3450 0.9906 1.0563 0.7388 1.0453 1.0199 1.1026 0.7224 
2.7520 2.1091 1.9566 1.7583 1.8056 1.7825 1.6093 1.4552 1.3048 1.4905 1.6486 1.4889 1.4881 0.9792 1.3066 1.4981 1.5036 1.4550 1.1978 0.8344 1.3341 1.2816 1.3664 1.1583 0.8942 1.0274 1.0736 1.1744 1.1008 0.9206 0.9187 0.7498 0.8422 
1.3881 1.5406 1.8835 1.6319 1.9218 1.6623 1.8383 1.0369 1.5547 1.0840 1.5981 1.2905 1.4210 1.2095 1.0688 0.6293 0.4556 0.5811 0.9895 1.0827 1.2497 1.0580 1.3281 0.7585 1.1552 0.5664 1.3304 1.0555 1.1886 0.7769 0.8499 0.2373 -0.4255 
2.5064 2.2760 2.1451 1.9480 1.5031 1.4428 1.7638 1.4555 1.7381 0.9833 1.4886 1.6957 1.5077 0.8734 1.3771 1.4564 1.3904 1.4174 1.3041 0.7580 1.3462 1.4601 1.2180 0.6438 1.3615 1.0235 1.2508 0.8203 0.7861 1.0922 1.1163 0.9524 0.5399 
2.7290 2.3589 1.8720 1.4432 1.4777 1.4594 1.6475 1.4550 1.1807 1.7152 1.1958 1.6927 1.5899 1.6478 1.5473 1.4326 1.7032 1.3941 1.4532 1.5002 1.3994 1.4589 0.9314 1.3895 0.8021 1.0232 1.1079 0.8599 0.7824 0.5991 0.8452 1.0397 0.8434 
