1.7777 1.3798 1.6589 1.1783 1.4220 1.4655 1.4067 1.1797 1.1639 0.9195 1.1589 1.4063 1.0394 0.8117 1.3583 1.2100 1.0941 1.1664 1.2413 0.6817 0.8202 1.1339 0.8477 0.5538 0.7461 0.6921 0.7976 0.7831 0.6093 0.2455 0.5235 -0.0456 -0.3758 
2.1376 2.0868 2.0733 1.8646 1.4570 0.9584 1.0440 0.9008 1.2134 1.4446 1.5076 1.5238 1.4435 1.3667 1.1221 1.6337 1.2642 1.5780 1.0445 1.2031 1.2266 1.2715 1.1990 1.0855 0.7884 0.4199 0.4443 0.2616 0.6578 0.9203 0.9138 0.5945 0.0432 
2.1694 1.3562 1.0636 0.5331 1.3977 1.3908 1.1506 1.1507 1.2578 1.0304 1.4650 1.2794 0.9210 1.1843 0.9056 1.0681 0.6287 1.0080 0.8162 1.0626 0.7435 1.0520 1.1524 0.6562 0.8320 0.6496 0.5568 0.7078 0.5834 -0.4176 -0.0935 -0.1993 0.0475 
2.4029 1.8736 1.0661 0.8691 1.0788 0.7974 1.4715 1.3531 0.9284 1.1086 1.4528 1.1139 1.1241 1.2822 0.7401 0.9225 0.7780 0.8733 0.6293 1.1391 0.9151 0.8541 1.1390 0.7470 0.4997 0.8334 0.8742 0.1155 0.2716 -0.0670 -0.0811 0.4275 0.2954 
0.9641 1.2700 1.6060 1.5146 1.3834 0.6037 0.9633 1.1894 1.4224 1.3979 1.3340 1.3415 1.2768 1.4344 1.1271 0.4024 0.4938 0.3517 1.0425 1.2702 1.0945 1.0939 1.0354 1.0204 0.9770 0.7073 0.3952 -0.0784 0.5617 0.5710 0.4743 -0.1649 -1.2988 
2.0419 2.1134 2.1774 1.6716 1.6365 1.4582 1.0264 1.5861 1.4639 1.3428 1.4412 1.5226 1.4047 0.8487 0.9423 1.2729 0.8703 1.2172 0.8506 0.7311 1.1777 1.2687 1.1298 0.9611 1.0451 1.0995 0.4495 0.7808 0.8366 0.7457 1.0657 0.6593 -0.0430 
2.1297 2.0249 1.6813 1.1583 1.2884 1.3132 1.6405 1.3149 1.0299 1.0905 1.2636 1.7548 1.4789 1.3217 1.4708 1.4535 1.5319 1.4165 1.3889 1.1721 1.2705 1.4851 0.9680 0.7314 0.5767 0.8046 1.0725 0.6429 0.4896 0.2338 0.5229 0.5373 0.0146 
1.0643 1.8948 2.0724 1.8322 1.0923 1.7766 1.1065 1.5039 0.7424 1.2507 1.5026 1.5557 1.3854 1.4990 1.6936 1.4848 1.3465 1.4440 1.5763 1.3695 1.1704 1.3129 1.1953 0.8811 0.3067 1.0077 0.5055 1.0969 0.3001 0.8808 0.9148 0.4568 -1.1329 
2.2726 1.0348 1.0286 1.8580 1.7136 0.8774 1.2910 1.6370 1.4903 1.4587 1.4728 1.2113 1.4145 -1.0919 1.0873 0.8220 0.2188 0.7764 0.9805 -1.8559 1.1931 0.9721 1.1598 1.1004 1.0739 1.1375 0.7264 0.1908 0.8889 0.9154 -0.1667 -0.2481 0.1348 
1.4956 1.4452 1.5211 1.1465 1.4451 1.4912 1.2224 1.2654 1.4130 1.1097 1.1601 1.1429 1.2898 1.1760 1.4265 1.2951 0.0651 1.2371 1.3183 1.0524 1.1031 0.8794 0.8506 0.7481 0.9597 0.7731 0.6489 0.8106 0.6527 0.1935 0.3963 0.0350 -0.6396 
2.1663 1.6208 1.5785 1.1363 0.9525 1.2956 0.9450 1.3628 1.4031 1.2486 0.6204 1.2968 1.1875 1.4177 1.0763 1.2136 0.4279 1.1718 0.9565 1.2455 0.9993 1.0686 0.3067 0.8755 0.9466 0.8463 0.3615 0.6291 0.1271 0.2099 0.4362 0.2156 -0.0025 
1.7679 1.2188 1.2004 1.1431 0.8396 1.0375 1.0746 1.1773 0.7916 0.4063 1.1025 0.6133 0.8720 0.9735 1.0677 0.7755 0.0700 0.7392 0.9469 0.8254 0.7036 0.3866 0.7868 0.0574 0.3735 0.6858 0.4702 0.3620 0.0500 0.2031 0.0849 -0.2790 -0.4967 
2.0128 0.5281 1.3942 0.7723 1.3314 1.4063 1.0785 0.9696 0.1290 0.5238 1.1672 0.8272 0.5986 0.4122 0.8241 0.9354 0.8903 0.8834 0.7413 0.2570 0.4171 0.5698 0.8582 0.1488 -0.2888 0.4600 0.4810 0.7253 0.5268 -0.1514 0.2358 -1.3262 -0.1367 
2.2048 1.1075 1.4734 1.1424 0.5036 1.0738 1.0689 1.1658 1.1458 1.1671 0.9247 1.0223 0.5924 0.5301 1.1523 0.8794 0.5262 0.8394 1.0733 0.4056 0.4071 0.7674 0.6239 0.8018 0.7294 0.6755 0.4593 0.3933 -0.2931 0.1983 0.3494 -0.2594 0.0936 
2.6654 2.1389 0.5190 1.7954 1.5808 1.3044 1.5969 1.6571 1.5102 1.5553 1.6334 0.7403 1.0975 1.5498 1.5409 1.5072 1.5039 1.4653 1.4522 1.4224 0.8817 0.4668 1.3321 1.1939 1.0906 1.1489 1.0354 0.6269 0.7945 0.8523 -0.5612 0.6505 0.5532 
1.6899 1.7701 1.4079 0.9149 1.0096 1.2146 1.5137 1.4772 1.2809 1.0693 1.4206 1.5093 1.3332 1.2132 1.4389 1.4302 1.4519 1.3880 1.3391 1.0883 1.1303 1.2519 1.1055 0.6997 0.8463 0.9700 0.9238 0.5362 0.1938 0.0182 0.2300 0.2971 -0.4352 
1.9377 1.1314 1.2974 0.8679 0.8663 1.1991 1.2121 1.0795 0.4112 0.7621 1.2153 0.4848 1.0758 1.1127 0.2684 1.1433 0.5059 1.1052 0.1624 0.9631 0.8508 0.2382 0.9059 0.4033 -0.0255 0.5537 0.6278 0.5265 0.0821 -0.0217 0.1467 -0.2136 -0.2201 
2.4323 1.7045 1.6576 1.4130 1.5302 0.4655 1.3406 0.9322 0.5099 1.2818 1.1328 1.5532 1.5190 1.1343 1.5175 1.3609 0.5405 1.2991 1.4344 0.9910 1.3263 1.3125 0.8185 0.9112 0.0820 0.4336 0.7554 -0.2443 0.7484 0.4566 0.5265 0.1896 0.2884 
2.6206 2.3647 2.0748 1.6646 1.6710 1.5365 1.1934 1.3730 1.4935 1.2451 1.3872 1.5748 1.0973 1.4445 1.2962 1.3259 1.2134 1.2690 1.1939 1.2885 0.8776 1.3387 1.0808 0.8747 1.0780 0.8498 0.6088 0.8539 0.8647 0.7443 0.9006 0.8701 0.4934 
2.1293 1.7260 1.0767 0.9891 1.4110 0.8625 1.4102 0.8029 0.3037 1.2309 1.1884 -0.1863 0.8422 1.2328 1.0679 1.2546 1.2246 1.2094 0.9487 1.1048 0.6450 -0.4955 0.8770 0.8662 -0.0939 0.2743 0.8055 0.2062 0.5859 0.0675 -0.1461 0.2938 0.0035 
0.3015 2.1208 2.1725 2.1066 2.1143 1.8832 2.0072 1.8171 1.7369 1.8182 1.4159 1.4588 1.2194 1.0882 1.3075 1.4384 1.1333 1.4016 1.2092 0.9208 1.0540 1.1978 1.0980 1.4529 1.2786 1.3102 1.4288 1.2033 1.3099 1.1575 1.0645 0.6768 -1.8522 
2.5747 1.9056 1.9714 1.9523 1.7610 1.0868 1.4565 1.0965 1.1272 1.3902 1.5718 1.3198 1.2010 0.9195 1.4196 1.4225 0.4454 1.3722 1.3081 0.7793 1.0186 1.0824 1.2668 1.0192 0.7112 0.5737 0.8629 0.4068 0.9460 1.0356 0.8267 0.4148 0.4354 
1.9269 1.7764 1.3324 1.6402 1.7487 1.5215 1.5530 1.4226 1.2117 1.3926 1.6553 1.4613 1.7435 1.7278 1.1784 1.4069 -0.5173 1.3428 1.0975 1.5537 1.5213 1.2035 1.3561 1.0221 0.7908 0.8860 0.9815 0.8374 0.9314 0.7319 0.2158 0.3517 -0.2072 
2.7745 2.2277 1.5851 1.6995 1.4138 1.4588 1.0438 1.4732 0.6930 1.3953 0.2187 1.3373 1.1170 0.6333 1.0792 1.1276 -0.0996 1.0891 0.9653 0.4802 0.9065 1.0908 -0.0691 1.0185 0.2359 0.9680 0.4426 0.7771 0.5910 0.7567 0.4361 0.7358 0.6032 
2.5721 2.1358 1.5538 1.4285 1.3712 1.1292 1.6615 1.4078 1.2641 1.1915 1.3738 1.0859 1.1066 0.7733 0.6635 1.3294 1.3115 1.2709 0.5509 0.6216 0.8894 0.8210 1.0698 0.8263 0.8344 0.8710 1.0863 0.4508 0.5591 0.4724 0.4348 0.6465 0.4677 
1.7001 1.9083 1.9519 1.6301 1.6370 1.8460 1.6263 1.5476 1.7232 1.1058 1.2347 1.1300 1.3541 0.7632 0.7895 0.9896 0.4034 0.9310 0.7087 0.6049 1.1454 0.8692 0.9271 0.7496 1.2630 1.0706 1.0604 1.1668 0.8472 0.7157 0.8188 0.4623 -0.5157 
2.6268 2.3692 1.8932 1.2190 1.6088 1.6884 1.3864 1.5364 1.4029 1.2086 1.0479 1.4550 1.3125 1.2885 0.7029 1.2016 -0.3592 1.1549 0.5832 1.1448 1.1157 1.1954 0.7412 0.8387 0.9415 1.0573 0.7813 1.0083 0.8201 0.3292 0.7627 0.8728 0.5218 
1.9415 1.2656 1.4224 1.2091 1.0131 1.1273 0.3818 1.0023 0.5912 0.8725 0.4695 1.2444 0.9357 0.9663 0.7879 0.7787 0.0701 0.7418 0.7066 0.8166 0.7519 1.0123 0.1618 0.5090 0.1663 0.4877 -0.2214 0.4455 0.1913 0.2799 0.2559 -0.2249 -0.2048 
1.5724 1.7722 1.7689 1.5827 1.4741 1.4581 1.2966 1.5979 1.3925 1.2855 1.4026 1.1804 1.1777 1.3012 0.7032 0.5928 1.1086 0.5351 0.5805 1.1527 0.9871 0.9257 1.0860 0.9132 0.9361 1.1071 0.7295 0.7781 0.6864 0.6621 0.6218 0.3023 -0.5262 
1.4083 1.8365 1.7788 1.0797 1.6795 1.5472 1.3782 1.4118 1.3992 1.4500 1.6193 0.7350 1.4141 1.5521 1.2424 1.3721 0.8879 1.3112 1.1507 1.4258 1.1935 0.4783 1.3168 1.0909 0.9376 0.8757 0.7835 0.8619 0.8725 0.1342 0.6283 0.3933 -0.9372 
2.2603 1.1091 1.6405 1.5923 1.4897 1.1412 1.2412 1.1266 1.4045 1.0155 1.3382 1.3465 0.9679 0.4708 1.8001 1.7409 1.5000 1.6765 1.7146 0.3551 0.7765 1.0953 1.0413 0.6417 0.9439 0.6200 0.6752 0.4604 0.7165 0.6726 0.4946 -0.2145 0.1342 
0.5781 1.4550 1.1512 1.7464 0.7547 1.5149 1.5974 1.3927 1.2001 1.6403 1.3118 0.4765 1.1353 1.2217 1.1365 1.1799 1.0302 1.1376 1.0608 1.0987 0.9352 0.2066 1.0082 1.2658 0.7780 0.8602 1.0325 0.8375 -0.1150 0.7916 0.0805 0.0224 -1.3447 
2.8207 2.4200 1.9514 1.6914 1.8267 1.5773 1.5471 1.3008 1.7791 1.4106 1.4666 1.7812 1.7683 1.5837 1.2054 1.1150 0.4164 1.0772 1.1163 1.4505 1.5513 1.5180 1.1571 1.0331 1.3458 0.7983 0.9656 0.8991 1.0537 0.7518 0.8142 0.8954 0.7147 
2.3761 2.1982 1.5917 1.7729 1.5138 1.5975 1.2311 1.3157 0.8773 0.8469 0.9250 1.3115 0.9351 0.8369 0.6727 0.1998 1.0984 0.1780 0.5504 0.7108 0.7536 1.0742 0.6309 0.4875 0.4583 0.8047 0.6558 0.9182 0.7372 0.8239 0.4574 0.7437 0.2876 
2.7024 2.7817 2.3523 2.2657 2.1117 1.9235 1.8087 1.5591 1.4165 1.8302 1.8848 1.5541 1.1726 1.4837 1.6113 1.2583 1.5565 1.2118 1.5173 1.3444 0.9920 1.3063 1.5687 1.4674 0.9691 1.0806 1.2124 1.2386 1.3076 1.3468 1.2139 1.3002 0.6253 
2.4924 3.3200 2.9142 2.7649 2.5756 2.4868 2.4533 2.4420 2.2338 2.2767 1.9254 1.8636 2.0378 2.1388 2.1520 2.0408 2.0351 1.9801 2.0712 1.9870 1.8304 1.6095 1.6212 1.9047 1.8085 1.9093 1.8523 1.8062 1.7946 1.8088 1.7910 1.8707 0.4612 
4.0656 3.9138 3.3778 3.2162 3.0192 2.8969 2.8175 2.8278 2.7735 2.5619 2.6105 2.5691 2.5045 2.5104 2.4273 2.4105 2.3140 2.3474 2.3029 2.3724 2.3011 2.3186 2.3077 2.1943 2.3165 2.3169 2.2214 2.2155 2.2182 2.2701 2.2326 2.4534 1.9411 
3.7047 3.0621 2.8773 2.7346 2.4232 2.2140 1.1164 1.7334 2.4802 2.0284 1.9383 1.9813 1.5021 1.6220 1.7893 1.3906 1.1920 1.3280 1.6950 1.4812 1.3065 1.7514 1.6361 1.6519 2.0574 1.2094 0.5263 1.5366 1.6031 1.7944 1.7590 1.5312 1.5505 
3.2194 4.1894 3.5563 3.2147 3.0009 2.8768 2.4580 3.0138 2.3368 2.5760 2.5329 2.2987 2.4542 2.4411 2.3995 2.4136 2.2950 2.3503 2.2786 2.2677 2.2356 2.0691 2.2231 2.2100 1.8943 2.5080 1.8570 2.1953 2.2037 2.2660 2.4130 2.7333 1.5855 
3.1097 4.0882 3.3942 2.9614 2.7270 2.5326 2.5807 1.8075 1.7332 1.8903 1.6018 1.7834 1.6536 1.7586 1.5798 1.5917 0.7941 1.5423 1.4868 1.5859 1.4672 1.5311 1.3202 1.5317 1.2788 1.3137 2.0168 1.8637 1.9264 2.0571 2.2245 2.5994 0.1863 
4.1161 4.1343 3.7836 3.3007 3.1451 3.0433 2.8454 2.9123 2.7130 2.6553 2.5631 2.5895 2.5667 2.5180 2.5059 2.4747 2.4715 2.4380 2.4299 2.3838 2.3835 2.3539 2.2477 2.2826 2.2611 2.4311 2.2462 2.3620 2.3430 2.3768 2.6023 2.6311 1.8612 
3.1959 4.2232 3.8185 3.3442 3.1895 3.0663 3.0081 3.0084 2.5894 2.7489 2.6012 2.4552 2.7474 2.6339 2.5247 2.5096 2.5505 2.4692 2.4447 2.4951 2.5297 2.1906 2.2972 2.3715 2.1669 2.5033 2.4396 2.3855 2.4136 2.4292 2.6523 2.7789 1.5524 
3.6238 4.2065 2.9961 2.5915 2.5755 2.6008 2.1793 2.4647 2.3984 2.2286 2.0988 2.0971 2.1307 2.1223 2.1117 2.1054 2.0239 2.0571 2.0050 1.9620 1.9145 1.8259 1.7812 1.8570 1.9433 1.9390 1.5726 1.9150 1.7871 1.6826 1.9145 2.7637 1.5900 
4.1816 3.6312 3.9219 3.6892 3.5407 3.4849 3.4213 3.3005 3.2474 3.1640 3.1386 3.0851 3.0636 3.0130 2.9769 2.9550 2.9137 2.9119 2.8826 2.8640 2.8541 2.8218 2.8238 2.8016 2.8222 2.8110 2.8247 2.8053 2.7719 2.7760 2.8069 2.1608 2.1179 
4.4761 4.1565 3.8938 3.5166 3.0189 2.8276 2.9687 3.1145 3.0520 3.0339 2.7910 2.4727 1.5414 1.8904 2.1264 2.1681 2.2057 2.1278 2.0305 1.7636 1.3629 2.2112 2.4753 2.6593 2.6012 2.5794 2.4084 2.1502 2.2207 2.5734 2.7737 2.6557 2.2941 
3.7818 4.2001 4.1994 3.9271 3.6659 3.5211 3.2561 3.4737 3.5006 3.3459 3.2464 3.2438 3.1827 3.0968 3.0799 3.0350 3.0139 2.9761 2.9597 2.9203 2.9772 2.9922 2.9307 2.9716 3.0758 2.9478 2.6767 2.8397 2.8747 2.9879 3.0744 2.7663 1.7634 
3.9439 4.4694 4.1133 3.3494 3.4650 3.3428 2.9387 3.3387 3.3022 3.0086 2.9682 2.9995 2.9443 2.8368 2.8210 2.8022 2.8001 2.7661 2.7321 2.6920 2.7750 2.7714 2.6662 2.6347 2.8731 2.8392 2.3672 2.6625 2.6496 2.4403 2.9363 2.9809 1.6277 
4.1695 4.4103 3.7548 3.6195 3.1144 2.7850 2.9431 2.6165 2.9674 2.1640 2.1384 1.8856 2.1446 1.7979 2.0486 2.0550 1.9744 1.9932 1.9297 1.6440 1.9342 1.6325 1.8245 1.7977 2.5375 2.1309 2.3741 2.1025 2.2892 2.6987 2.5764 2.9264 2.0608 
3.2437 4.3529 3.8533 3.1784 3.2406 3.1254 3.0512 2.8067 2.9744 2.8999 2.8103 2.8094 2.6045 2.6483 2.6526 2.6055 2.5795 2.5634 2.5552 2.5056 2.4350 2.5467 2.4962 2.5315 2.5445 2.2857 2.4665 2.4460 2.4620 2.2339 2.7012 2.8874 1.7253 
3.5515 4.1477 3.9401 3.7095 3.5925 3.4350 3.3037 3.1187 3.2302 3.0991 3.0758 3.0241 2.9535 2.9252 2.8660 2.8549 2.8481 2.8140 2.7858 2.8001 2.7811 2.7854 2.7739 2.7230 2.8084 2.5851 2.7406 2.7563 2.8098 2.7874 2.8128 2.6812 1.4675 
4.3081 4.3700 4.1004 3.7379 3.4694 3.3904 3.3071 3.1973 2.9730 3.0403 3.0006 2.9526 2.9449 2.8974 2.8933 2.8506 2.8287 2.8101 2.8077 2.7738 2.7757 2.7203 2.7003 2.6650 2.5428 2.6979 2.7433 2.7104 2.6599 2.8000 2.9266 2.8964 2.0835 
4.3379 4.3680 3.8380 2.3355 3.1481 2.8556 2.9740 2.7665 2.9437 2.8204 2.6724 2.5586 2.5897 2.4913 2.5046 2.4799 2.4356 2.4423 2.4298 2.3447 2.4267 2.3089 2.3751 2.4582 2.5239 2.2380 2.4207 2.1904 2.3661 1.4991 2.6973 2.8903 2.1760 
3.1524 4.3746 4.0477 3.7556 3.4871 3.3254 3.2245 3.1810 3.1492 3.1088 3.0060 2.9910 2.9283 2.8801 2.8603 2.8375 2.8276 2.7984 2.7813 2.7548 2.7621 2.7641 2.7063 2.7314 2.7180 2.6753 2.6361 2.6450 2.6871 2.8119 2.8938 2.9094 1.6155 
3.8631 4.3955 3.5756 3.1610 2.7452 2.7651 2.5017 2.7314 2.0431 2.5209 2.3216 2.3494 2.2600 2.1987 2.1920 2.0047 2.0693 1.9484 2.1106 2.0728 2.0917 2.1085 2.0244 2.1566 1.5793 2.2097 1.9036 2.0867 1.9325 2.2242 2.4378 2.9162 1.4886 
3.5508 4.1751 3.5765 3.5997 3.0727 3.0038 2.8797 2.8818 2.6658 2.6870 2.6966 2.3035 2.4274 2.5370 2.4347 2.4513 2.4711 2.4078 2.3187 2.4107 2.2084 2.0854 2.3901 2.3124 2.2244 2.3954 2.2881 2.3234 2.2494 2.6764 2.4834 2.7100 1.7571 
3.9182 3.4848 3.9319 3.5458 3.4485 3.3316 3.2528 3.1967 3.1499 3.0868 2.9352 2.9915 2.9839 2.9801 2.8611 2.8492 2.8352 2.8090 2.7813 2.8401 2.8013 2.7654 2.6319 2.7105 2.7205 2.6988 2.6714 2.6556 2.6327 2.6001 2.8183 1.9548 1.9137 
4.3097 4.0791 3.9883 3.6592 3.6315 3.5229 3.4613 3.3622 3.2780 3.2517 3.2562 3.1963 3.1264 3.0505 3.0778 3.0105 3.0119 2.9537 2.9578 2.8926 2.9091 2.9341 2.9441 2.8840 2.8546 2.8543 2.8565 2.8425 2.8478 2.7501 2.8531 2.5881 2.1618 
4.4785 4.2788 3.8610 3.6812 3.4750 3.2395 3.0345 2.8555 2.8572 2.9138 2.9861 2.9214 3.0157 2.9866 2.9299 2.9152 2.8689 2.8700 2.8445 2.8443 2.8214 2.6836 2.6848 2.5469 2.4417 2.3561 2.4555 2.5589 2.6664 2.7684 2.7188 2.8109 2.2812 
4.3336 4.2048 3.8160 3.7466 3.4800 3.2895 3.2423 3.2319 3.2746 3.2568 3.1626 3.0290 2.5066 2.3951 2.5760 2.6931 2.6670 2.6350 2.4909 2.2292 2.2991 2.7866 2.8492 2.8910 2.8526 2.7480 2.6593 2.6108 2.6773 2.8087 2.6608 2.7433 2.2140 
3.8192 4.2891 4.1622 3.9861 3.7005 3.5603 3.4364 3.1562 3.3103 3.4537 3.3101 2.8305 2.8220 3.0989 3.1141 2.8835 2.8550 2.8389 2.9930 2.9215 2.6119 2.5700 3.0067 3.0798 2.8824 2.6386 2.8326 2.8794 2.9005 3.0662 3.0106 2.8425 1.8629 
3.5055 4.4136 4.1866 3.7185 3.3696 3.2349 3.2700 3.3209 2.6689 3.0584 3.1698 3.0228 2.3826 2.8137 2.2811 2.4639 2.4696 2.4290 2.1868 2.6576 2.1775 2.7834 2.8575 2.6848 2.2241 2.8242 2.7022 2.5532 2.5683 2.7841 3.0453 2.9344 0.1553 
3.6033 4.3256 4.0972 3.6069 3.1120 2.8289 2.9754 2.8265 3.1456 2.4753 2.8694 2.8544 2.5063 2.6771 2.4533 2.1142 2.2203 2.0740 2.3457 2.5266 2.3001 2.5912 2.5608 2.1047 2.7126 2.3129 2.4148 2.1480 2.2914 2.6757 2.9284 2.8734 1.3705 
2.6676 4.2251 4.1471 3.5318 3.0886 2.9220 2.5804 3.2677 2.8764 2.8431 2.8494 2.7815 2.2883 2.5312 2.1856 2.4700 2.1326 2.4338 2.1054 2.4021 2.1096 2.5107 2.5396 2.4798 2.4547 2.7885 2.0162 2.2423 2.2712 2.5780 2.9838 2.7884 0.8571 
3.2091 4.1237 4.0141 3.3053 2.7006 2.5823 2.8713 2.9252 2.8830 2.7599 3.0472 2.0940 1.7750 2.2446 1.2897 1.5017 1.3088 1.4677 1.1485 2.1163 1.5387 1.8409 2.7484 2.3863 2.4641 2.4416 2.2883 1.9046 1.8969 2.3737 2.8822 2.6311 0.7821 
3.2057 3.5856 4.0075 1.1368 3.0114 2.9096 2.7204 3.1217 2.7044 2.8523 2.1290 2.0926 2.4870 2.6930 2.0090 2.1148 2.0752 2.0729 1.8936 2.5384 2.2795 1.8217 1.8149 2.4905 2.2565 2.5832 2.1392 2.2261 2.2152 1.0434 2.8795 2.1044 1.4349 
3.9030 3.7898 3.5444 3.5253 3.2245 3.0779 3.1366 3.3793 3.1910 3.1097 3.0681 2.9266 2.7867 2.7546 2.6139 2.7060 2.7053 2.6459 2.5228 2.5787 2.5691 2.6889 2.7687 2.7302 2.7748 2.8676 2.5335 2.3993 2.4515 2.5776 2.4356 2.2627 1.6344 
4.1864 4.0370 3.9817 3.1035 2.8453 2.8884 2.4446 2.8485 2.7939 2.6790 2.6741 1.7765 2.0984 2.1565 2.2571 2.0334 1.1316 1.9730 2.1702 2.0127 1.8778 1.5036 2.3741 2.3032 2.3534 2.3531 1.8283 2.1967 2.0573 2.1405 2.8482 2.5696 2.0962 
3.8128 4.1758 3.7401 3.2686 3.3756 3.3561 3.4453 2.8607 2.8945 2.4998 2.8804 2.6721 2.6025 2.7178 2.6656 2.7317 2.7332 2.6703 2.5663 2.5576 2.4346 2.4389 2.5723 2.1354 2.4697 2.3618 2.8370 2.6765 2.5718 2.3405 2.5760 2.7119 1.5526 
3.4642 4.3203 4.2269 3.9214 3.2299 3.3893 3.5568 3.2475 3.3017 3.0601 2.8858 1.7943 2.7152 2.8276 2.4240 1.5066 1.1770 1.4572 2.2959 2.6774 2.5098 1.5201 2.5744 2.6841 2.8740 2.7652 2.9651 2.7154 2.4483 2.9771 3.1101 2.8718 1.6193 
4.2174 3.8566 3.4010 3.6304 3.0934 3.3876 3.4642 2.7654 2.7808 3.1768 2.7697 1.8502 2.7141 2.8167 2.3647 2.4292 2.4824 2.3703 2.2545 2.6577 2.5121 1.6164 2.4505 2.8132 2.3442 2.2251 2.8570 2.7119 2.2856 2.7184 2.2318 2.3886 2.1126 
4.3162 4.3472 3.5781 3.6824 3.5055 3.2156 2.2085 3.4578 3.3458 3.1288 3.1463 3.1358 3.1172 2.9571 3.0187 2.9555 2.9349 2.9125 2.9152 2.8226 2.8969 2.8709 2.8339 2.7651 2.9110 2.9240 1.6703 2.5348 2.7165 2.7690 2.4618 2.8804 2.2180 
3.9257 3.9999 3.9125 3.0357 3.2332 3.4750 3.6348 3.0801 2.6596 2.5191 2.8107 2.8625 2.5781 2.2729 2.6213 2.6645 2.5390 2.6079 2.5305 2.1467 2.4003 2.6013 2.4997 2.1524 2.2135 2.5476 3.0684 2.7970 2.4645 2.1512 2.7914 2.5464 1.8966 
4.0881 4.2251 3.8033 3.5584 3.4853 3.3161 2.6861 2.9009 3.1067 2.9222 2.7755 2.5666 2.7870 2.6307 2.6151 2.5733 2.5479 2.5275 2.5243 2.4922 2.5711 2.3159 2.4582 2.5610 2.6479 2.4210 2.1052 2.6332 2.6823 2.6107 2.6398 2.7777 1.9182 
3.8737 3.9743 3.5773 3.4264 3.1697 3.1291 3.3566 3.1331 3.0780 2.9662 2.9266 2.8613 2.8178 2.6981 2.7401 2.7106 2.6849 2.6504 2.6199 2.5426 2.6036 2.6005 2.6219 2.5945 2.6219 2.6044 2.7859 2.4509 2.3883 2.4783 2.4593 2.5198 1.7870 
3.5460 3.8374 3.5314 3.0628 3.0801 2.9493 2.8480 2.6714 2.6703 2.7332 2.6121 2.5749 2.5785 2.5444 2.4499 2.4624 2.4512 2.4272 2.3413 2.4212 2.4065 2.3298 2.3081 2.3577 2.2322 2.1636 2.2531 2.2652 2.2616 2.1211 2.4169 2.3819 1.4601 
3.4005 3.7910 3.3895 3.1339 3.0245 2.9050 2.5020 2.6937 2.6400 2.5377 2.4858 2.4460 2.4344 2.3462 2.3339 2.3094 2.3018 2.2541 2.2316 2.1940 2.2127 2.1779 2.1736 2.1705 2.2092 2.1811 1.9057 2.2221 2.2247 2.1813 2.2353 2.3047 1.2367 
2.8718 3.5333 2.9323 2.8905 2.6317 2.6817 2.7692 2.4572 2.5108 2.4472 2.1150 2.3795 2.0986 2.2063 2.2496 2.2008 2.0533 2.1560 2.1641 2.0860 1.8797 2.1254 1.8014 2.0848 2.0965 1.9326 2.1601 2.0101 1.8397 1.9565 1.8024 2.0975 0.7988 
2.9382 3.4743 3.1647 2.6758 2.5391 1.9684 2.2546 2.4191 1.9169 1.8610 1.5684 2.2102 2.3562 2.1231 2.2090 2.0863 1.9133 2.0218 2.1238 1.9637 2.1545 1.9603 1.2745 1.4921 1.4953 1.8896 1.6913 1.2812 1.7631 1.7467 2.0270 2.0055 0.7609 
2.4825 3.1140 2.3372 2.2957 2.3181 2.5463 2.4370 2.3164 1.9763 1.8898 2.1089 2.1267 1.8014 1.9579 2.1159 1.8902 1.6928 1.8429 2.0116 1.8192 1.5915 1.8635 1.7934 1.5269 1.5400 1.8129 1.8324 1.8668 1.5290 1.3863 1.2104 1.6428 0.3901 
2.5507 3.0967 2.8069 2.5532 2.2234 2.4713 2.4060 2.4156 2.2119 1.6158 2.0290 1.7943 2.2407 1.7314 1.7487 1.8649 1.8166 1.8208 1.6272 1.5552 2.0728 1.5360 1.7331 1.2408 1.7874 1.8868 1.8082 1.7907 1.4454 1.6109 1.6634 1.6093 0.2597 
2.9491 2.8173 2.2458 1.9748 1.9251 2.1587 1.6797 1.3351 1.1488 1.5044 1.4535 1.3450 1.8611 0.7426 0.5974 0.9529 1.2984 0.8978 0.4941 0.5510 1.6699 1.0941 1.1449 1.1396 0.7377 0.8266 1.0884 1.4777 1.1417 1.0764 1.1084 1.3910 0.8588 
0.8080 2.6381 2.5087 1.9381 2.1931 2.1094 1.2208 1.1665 0.5897 1.5826 1.3046 1.2946 1.0969 1.1983 0.8708 1.0313 0.8424 0.9684 0.7845 1.0731 0.8760 1.0656 1.0051 1.2142 0.1738 0.6689 0.6444 1.4261 1.4187 1.0177 1.3847 1.1840 -0.6160 
2.8767 2.3701 1.7845 1.3030 0.7804 1.5958 1.5755 1.3259 1.3782 1.3536 1.2107 1.0896 1.0920 1.2464 0.9050 0.8802 0.3854 0.8395 0.8175 1.1133 0.8733 0.8191 0.9034 0.9718 0.9302 0.8183 1.0017 0.9179 0.0322 0.4039 0.6417 0.8961 0.7782 
2.1648 2.3307 1.8730 2.1231 1.6475 1.4144 1.1743 1.0028 1.3868 1.4765 1.2559 1.3735 1.1267 0.3187 1.2538 1.2164 1.2904 1.1760 1.1647 0.1565 0.9172 1.1136 0.9563 1.1117 0.9295 0.4841 0.5819 0.7274 0.8505 1.1715 0.7509 0.8567 -0.0550 
2.6405 2.2060 2.0311 1.7898 1.2461 1.3030 1.3492 1.3977 1.2837 1.1455 0.8685 0.5032 1.4398 1.0997 0.6801 0.7407 -0.1291 0.6885 0.5663 0.9348 1.2221 0.2469 0.5557 0.7787 0.8501 0.8692 0.7621 0.6249 0.4599 0.8484 0.8706 0.7655 0.5344 
1.5530 1.8978 2.1373 1.7140 1.6704 2.0841 1.9074 1.5500 1.2813 1.4338 0.7465 1.6038 1.5567 1.4487 1.4078 0.8538 0.5110 0.8067 1.2857 1.2919 1.3865 1.3745 0.4290 1.0725 0.8512 1.0664 1.3372 1.4045 0.8688 0.7626 1.0023 0.4399 -0.8417 
2.7970 2.1661 0.6970 1.5715 1.2874 1.6756 1.5878 1.4517 0.8429 1.4920 0.9185 1.4300 1.6426 1.2939 1.3016 1.3864 1.2308 1.3210 1.2021 1.1466 1.4518 1.1674 0.6161 1.1274 0.4230 0.9334 1.0232 0.9953 0.4975 0.6479 -0.4390 0.6780 0.6767 
2.1460 1.6251 1.5205 1.1930 1.3694 1.3614 1.4245 1.4713 0.9589 1.1847 1.4056 1.4260 1.4498 1.3694 1.3041 1.0673 0.0463 1.0040 1.2027 1.2042 1.2341 1.1591 1.0880 0.8204 0.5256 0.9626 0.8227 0.6822 0.5490 0.2416 0.3926 0.1158 -0.0252 
2.3253 1.7971 1.5756 0.6658 0.7629 1.4586 1.4853 0.8640 1.4439 0.6759 0.9793 0.6535 0.7710 0.9945 1.1004 1.2120 0.5561 1.1681 0.9975 0.8415 0.5535 0.4048 0.6835 0.3122 1.0119 0.3677 0.8891 0.7789 -0.0497 -0.2965 0.4434 0.3611 0.2117 
1.6746 1.4416 1.7267 1.4184 1.4651 1.2916 1.1722 1.1866 1.1749 1.2488 1.3018 1.2352 1.2736 1.1999 1.1012 1.1342 0.9123 1.0947 1.0027 1.0739 1.0918 1.0011 1.0008 0.8788 0.7537 0.7022 0.5815 0.6078 0.6831 0.4599 0.5688 -0.0186 -0.4329 
2.4529 1.7517 1.7613 1.4043 0.6551 1.5445 1.5616 0.7204 1.0736 1.3895 1.0914 1.2572 1.2729 0.7167 1.1108 0.7988 0.6782 0.7607 1.0177 0.5380 1.0915 1.0264 0.7778 1.0114 0.6284 0.1932 0.9867 0.8686 -0.1302 0.4501 0.6088 0.3085 0.3218 
2.5754 2.4722 2.0323 1.9398 1.4559 1.6979 1.5953 1.2160 1.7869 1.2431 1.1650 1.5287 0.7975 1.4193 1.2155 1.2434 0.9886 1.1990 1.1331 1.2463 0.6077 1.2747 0.8617 0.8716 1.3569 0.7468 1.0292 1.0208 0.6682 1.0220 0.8722 0.9980 0.4428 
1.8894 1.4028 1.1758 0.5391 1.1188 0.6137 0.4907 0.6724 1.0688 0.7519 1.2165 1.1612 0.6307 1.1198 0.8596 0.7348 0.7748 0.6791 0.7744 0.9687 0.4371 0.8999 0.9131 0.3895 0.6130 0.1532 -0.1047 -0.0699 0.3311 -0.4018 0.0678 -0.0770 -0.1990 
1.9654 0.9416 0.9969 1.1227 1.3705 1.1531 1.3377 0.9982 1.1508 1.2002 0.2764 1.2533 0.8362 0.8378 0.8009 0.9489 0.5698 0.8937 0.7268 0.7135 0.6472 1.0212 -0.0302 0.8306 0.7381 0.4842 0.7547 0.4744 0.5496 0.1778 -0.1621 -0.4063 -0.1604 
2.6002 2.2322 1.8537 1.7840 1.4924 1.4537 1.8246 1.2090 1.1064 0.4489 1.2554 0.4009 1.4643 1.6503 1.1073 1.1352 0.7751 1.0953 1.0119 1.5004 1.2566 0.1289 0.9541 0.0814 0.6748 0.7250 1.2267 0.7760 0.7181 0.8350 0.7334 0.7601 0.4930 
1.2193 1.5432 1.7989 1.4172 1.3384 1.4902 1.4999 0.8875 0.8771 1.0745 1.1828 1.3111 1.5899 1.4650 0.7828 0.7811 0.8697 0.7430 0.7049 1.3135 1.4181 1.0763 0.8705 0.7115 0.4614 0.4058 0.9023 0.8109 0.5338 0.4560 0.6666 0.1041 -0.9352 
1.8915 1.8319 1.4712 1.2131 1.5520 1.2143 1.4351 1.2352 1.4109 1.3510 1.0707 1.4717 1.0074 1.3314 1.2117 1.2101 1.1525 1.1641 1.1255 1.1759 0.8020 1.2114 0.7535 0.9765 0.9545 0.7533 0.8349 0.5305 0.7722 0.2746 0.3405 0.3799 -0.2569 
2.1904 1.7868 1.5066 1.0488 0.9143 1.4371 1.1552 0.5553 0.7812 1.0904 1.4211 1.3970 1.1268 1.3516 1.1144 0.9330 0.7208 0.8792 1.0224 1.1923 0.9181 1.1268 1.1063 0.7293 0.3557 0.0730 0.5656 0.7545 0.1422 0.1111 0.3847 0.3641 0.0940 
1.8779 1.8433 1.4718 0.9301 1.4358 1.0862 1.4923 0.8233 0.7344 0.6613 1.2063 1.4179 1.2942 1.4895 1.1314 1.5243 1.1743 1.4796 1.0501 1.3521 1.1038 1.1510 0.8898 0.3063 0.2832 0.3498 0.8969 0.4163 0.6413 0.0378 0.3220 0.3941 -0.4444 
