3.0147 2.4081 2.2110 2.0989 2.0109 1.6329 1.1270 1.7121 1.6143 1.5663 1.0937 1.3705 1.2992 1.4589 0.3860 1.1908 1.1360 1.1485 0.2741 1.2772 1.1100 1.1184 0.7529 1.1586 1.1471 1.1673 0.4432 0.8671 1.1416 1.0677 0.9158 0.7487 0.6157 
2.4334 2.2468 1.9584 1.9027 2.0618 1.9083 1.4820 1.6135 1.7331 1.1389 0.9500 1.2467 0.8512 1.2892 1.4379 1.5126 0.2995 1.4436 1.3089 1.1472 0.6261 0.9578 0.6149 0.7197 1.2512 1.0586 0.8087 1.1438 1.1890 0.8355 0.6827 0.5620 0.0201 
2.9235 2.5721 1.9410 1.8970 1.8985 1.5432 1.7506 1.5733 1.5993 1.2238 0.7353 1.4446 0.9851 1.1953 0.5377 1.1131 1.0963 1.0400 0.4524 1.0291 0.7832 1.1641 0.3826 0.8141 1.1340 1.0013 1.1194 0.7862 0.9779 0.8267 0.6453 0.8952 0.5228 
2.4264 1.6486 1.5285 0.8403 1.6481 1.5725 1.5203 1.5948 1.6691 1.6108 1.2518 1.0791 1.0668 1.5160 1.1064 1.0671 0.8379 1.0019 0.9651 1.3189 0.8352 0.7933 0.9025 1.2022 1.1900 1.0337 0.8413 0.8132 0.7777 -0.2186 0.2018 -0.0066 0.0099 
2.7499 1.8306 1.6166 1.8928 1.9687 1.8064 1.2990 1.9067 1.1606 1.9347 1.4863 1.1747 1.3928 1.3487 1.2519 0.8508 1.2272 0.8006 1.1598 1.1963 1.1773 0.8805 1.1379 1.5293 0.6810 1.3082 0.6681 1.0398 1.0874 0.8184 0.3564 0.0626 0.3729 
2.6758 1.1471 2.1022 1.6299 1.8025 1.7079 1.5775 1.7033 1.6763 1.2275 1.4495 1.3895 1.6679 0.3466 1.3574 0.7018 1.0066 0.6377 1.2517 0.1461 1.4635 1.1339 1.1173 0.8234 1.2014 1.1602 0.9098 0.9442 0.9009 0.5656 0.8308 -0.3617 0.2664 
3.2100 2.5073 1.5649 2.0604 1.9685 0.8371 1.7017 0.1268 1.1861 1.1349 1.3637 1.0253 1.3840 0.9741 0.1782 0.5670 0.8343 0.5132 0.0837 0.8209 1.1709 0.7633 1.0280 0.7265 0.7055 -0.5147 1.0601 0.0594 1.0909 1.0159 0.2534 0.8117 0.8304 
2.8278 1.4915 1.9595 1.6453 1.6770 1.9058 1.7074 1.3439 1.4090 1.6770 1.5743 1.0376 1.1713 0.9905 1.1310 1.3497 0.8727 1.2932 0.9982 0.8363 0.9228 0.7680 1.2245 1.2716 0.9149 0.7954 1.0734 1.1427 0.8012 0.5755 0.6776 -0.3164 0.4445 
3.1199 3.1866 3.0831 2.8262 2.1707 2.1364 2.6267 2.7399 2.6965 2.3358 1.5293 2.3148 2.3637 2.4241 2.1401 1.6277 1.2204 1.5771 2.0300 2.2837 2.1376 2.0207 1.1752 1.9276 2.2096 2.1748 1.9570 1.3821 1.2632 1.7830 1.8021 1.5564 0.7192 
3.3348 2.6687 1.7436 0.7901 2.0134 2.1916 2.1577 1.1129 1.2892 1.2416 1.1586 1.6306 1.7309 1.1991 1.1024 1.0942 1.5252 1.0204 0.9593 1.0275 1.5307 1.3448 0.8098 0.8348 0.8129 0.5232 1.5213 1.4329 1.1438 -0.3567 0.4764 0.9318 0.9156 
2.7389 2.5132 2.2251 2.3764 2.0431 1.9285 1.3507 1.7770 1.3730 1.4412 1.5383 1.4071 1.1541 0.9639 1.2934 1.5678 1.2127 1.5264 1.1981 0.8157 0.9081 1.1421 1.1849 1.0192 0.8878 1.2121 0.7275 1.1631 1.1645 1.3173 0.9434 0.8597 0.3944 
2.8547 2.1157 2.2880 1.7828 1.9313 1.9147 1.3786 1.1369 1.7055 1.4722 1.4983 1.1999 1.3008 1.6903 2.0007 1.6067 0.0209 1.5596 1.9101 1.5501 1.1124 0.9105 1.1468 1.0499 1.2296 0.5322 0.7506 1.1492 1.0349 0.7392 0.9890 0.4081 0.4754 
2.7836 2.4844 2.0628 1.9014 1.5088 1.7123 1.1618 1.6625 1.7057 0.7658 1.6921 1.5658 1.0559 1.5705 1.1729 0.9042 -0.5026 0.8492 1.0613 1.4031 0.8219 1.2738 1.3520 0.3684 1.2283 1.1243 0.4843 0.9467 0.5908 0.8339 0.7956 0.8402 0.4298 
2.3097 1.2193 1.5005 1.7031 1.6732 0.7923 1.6945 1.5675 1.8266 1.3764 1.3274 0.9940 1.3975 1.6048 0.8613 1.3857 -0.3701 1.3230 0.7733 1.4507 1.1819 0.7363 0.9832 0.9605 1.3228 0.9892 1.0531 0.0171 0.7924 0.6676 0.2144 -0.3246 -0.0984 
2.7695 2.2721 1.8303 1.5349 1.4855 1.3852 1.5712 1.0193 1.2223 0.9659 1.1711 1.2448 1.4008 1.3599 1.5539 0.9663 0.6521 0.9094 1.4468 1.2047 1.1828 0.9545 0.8199 0.5494 0.7564 0.4504 0.9057 0.6246 0.5623 0.4671 0.5331 0.5821 0.4192 
2.7368 1.9267 1.5980 2.1159 1.9431 2.0431 1.9000 1.7072 1.8343 0.9281 0.8225 1.0929 1.2721 0.8537 1.5561 1.2384 1.1880 1.1888 1.4495 0.6972 1.0647 0.7987 0.4684 0.5159 1.3249 1.1680 1.2175 1.2822 1.0541 1.0884 0.2948 0.2054 0.3439 
2.9819 2.3250 2.0006 1.9565 1.6042 1.6900 1.9040 1.8915 1.7772 1.8222 1.9084 1.6583 1.8904 2.0388 1.7647 1.2314 1.2401 1.1842 1.6534 1.8992 1.6405 1.3735 1.5539 1.4002 1.2879 1.2936 1.2261 0.9241 0.7478 0.8900 0.7479 0.6149 0.5793 
1.5225 1.8707 2.1077 1.4601 1.9904 2.1969 1.7979 1.8243 1.5434 1.9290 1.6509 1.9533 1.2838 1.7085 1.2033 1.5222 0.8836 1.4613 1.1086 1.5627 1.0660 1.6619 1.2974 1.5259 1.0518 1.2523 1.1516 1.4327 1.1297 0.3907 0.8480 0.2375 -0.9449 
2.9273 2.3195 2.1150 1.7347 0.8255 2.1107 1.8280 0.8398 1.2400 1.5350 1.2659 1.1055 1.4364 1.4501 1.2786 0.6692 0.9765 0.6011 1.1801 1.2718 1.2082 0.8057 0.9124 1.1302 0.7715 0.2834 1.1654 1.3517 0.0111 0.7122 0.8511 0.6197 0.5282 
2.4572 1.9648 1.7358 2.0082 2.2295 2.3420 1.9176 1.8515 2.1574 1.5294 1.6731 1.2648 1.8349 1.4871 1.5322 1.5341 1.3393 1.4797 1.4112 1.2908 1.6024 0.9882 1.3222 1.1233 1.6694 1.2677 1.2379 1.5787 1.3149 0.9570 0.4760 0.3010 0.0818 
2.8562 2.3555 2.2796 1.7459 1.6730 1.5196 1.5614 1.5091 0.5560 1.8034 1.5840 1.5746 1.3947 1.6800 1.6850 1.4974 1.2822 1.4271 1.5896 1.5407 1.1828 1.2828 1.2324 1.3855 0.0732 0.9097 0.8923 0.7576 0.7991 0.7030 0.9738 0.6914 0.4881 
2.6488 2.1482 1.5745 1.5751 1.8785 1.3766 1.2744 1.7035 1.8809 1.7587 1.7253 0.7655 1.3470 1.5633 1.3215 0.9008 0.9102 0.8519 1.2217 1.3913 1.1480 0.4679 1.3865 1.3422 1.3657 1.1605 0.6083 0.6110 0.9627 0.5256 0.3472 0.4550 0.1879 
2.6403 2.4279 1.9665 1.8939 1.4496 1.4199 1.8939 2.0260 1.9757 1.5366 1.5339 1.3422 1.5261 0.9488 1.2044 1.1589 1.4428 1.1166 1.1156 0.7981 1.2815 1.0809 1.1831 1.1298 1.5124 1.4814 1.2147 0.6653 0.5302 0.8265 0.6846 0.7887 0.2299 
2.4213 1.6863 2.2012 1.3838 1.1328 1.6163 1.3596 1.5551 1.6981 0.7441 1.3463 1.4409 1.3516 1.3408 0.8388 1.5157 1.3170 1.4482 0.7580 1.1871 1.1529 1.1620 1.0136 0.3169 1.2241 0.9721 0.7181 0.8506 0.1851 0.3131 0.9129 0.1397 0.0148 
2.9033 2.3510 2.1246 1.2679 1.5447 1.9231 1.7905 1.5061 1.7819 1.4893 1.5356 1.1334 1.2792 1.4543 1.3028 1.3346 0.5846 1.2859 1.2082 1.2741 1.0727 0.8313 1.1808 1.0651 1.2916 0.9070 1.1471 1.1627 0.6379 0.2063 0.8530 0.6848 0.5250 
2.5302 1.9374 1.3047 1.2986 1.0949 1.0010 1.5306 1.5955 1.6683 1.3043 1.3755 0.6857 0.8266 0.4757 1.0210 0.8951 -0.1157 0.8437 0.9077 0.3390 0.5992 0.3997 1.0389 0.8964 1.1926 1.0277 0.8580 0.2378 0.1787 0.2592 0.0549 0.3289 0.1673 
2.9899 2.4358 2.3437 1.9291 2.0504 1.9721 1.4151 1.4924 1.5075 1.8473 1.0626 1.0700 1.1459 1.5134 1.5668 0.7018 -0.5843 0.6295 1.4656 1.3143 0.9015 0.7874 0.7252 1.4264 0.9891 0.9013 0.7734 1.2059 1.1755 0.8554 1.0797 0.7739 0.5840 
2.9837 2.3713 1.9998 1.2331 1.4305 1.3899 1.0225 1.0438 1.5403 1.7445 0.9001 1.0620 1.1399 1.3944 1.6457 1.6474 0.5691 1.5962 1.5513 1.2314 0.8988 0.7799 0.5438 1.3249 1.0525 0.4796 0.3898 0.6247 0.5336 0.1547 0.7543 0.7223 0.5925 
2.3378 1.9350 2.1247 1.9669 0.8336 1.6561 1.0809 1.8600 1.3203 1.1332 1.1654 1.2597 1.2177 1.4217 1.8240 1.7145 1.1361 1.6647 1.6942 1.2518 0.9987 0.9745 0.8143 0.7228 0.8473 1.2709 0.4170 0.8913 -0.0319 0.9068 0.8576 0.2939 -0.0148 
2.2433 1.8650 2.0559 1.2781 1.2978 1.5230 1.5442 1.6789 1.5751 1.6810 1.2652 1.2907 1.2032 1.1650 1.5267 1.1571 1.2683 1.1070 1.3993 0.9843 0.9772 1.0100 0.9136 1.2781 1.1049 1.1412 0.8706 0.7622 0.4172 0.2149 0.7959 0.1901 -0.1478 
2.5438 1.6839 1.5768 1.7426 1.9509 1.7718 1.4230 1.0692 1.2943 1.2280 1.4738 1.2606 1.5161 1.5953 1.7283 1.5354 1.5287 1.4857 1.6235 1.4412 1.2656 0.9763 1.1339 0.8158 0.8236 0.4829 0.7749 1.0052 1.0617 0.7309 0.2834 -0.0274 0.1344 
2.2130 2.2911 2.1137 1.4727 1.6720 1.6552 1.7925 1.6244 1.8735 1.6780 1.3019 0.9012 1.3118 1.3398 0.9670 1.3967 1.5256 1.3346 0.8654 1.1898 1.1285 0.6239 0.9579 1.2727 1.3592 1.0720 1.1468 0.9019 0.7912 0.4444 0.8383 0.6484 -0.1166 
1.8027 1.8881 1.9209 1.6670 1.7463 1.2071 1.2808 1.1193 1.3102 1.5265 1.1362 1.1312 0.9555 1.0656 1.4384 1.1750 1.4298 1.1346 1.3094 0.8876 0.7622 0.8262 0.7807 1.1186 0.8378 0.5267 0.6241 0.4417 0.8593 0.6169 0.6325 0.2203 -0.6106 
1.7358 1.8124 1.9377 1.9944 1.8930 1.8958 1.7208 1.5629 1.6680 0.9734 1.1315 0.9534 1.3610 1.1377 1.2118 1.3895 0.4424 1.3253 1.1290 0.9395 1.1594 0.6945 0.7748 0.5479 1.1889 0.9882 1.0829 1.1351 0.9753 0.9377 0.6806 0.1634 -0.5994 
2.4053 2.3248 1.3074 1.8733 1.5661 1.8934 1.9328 1.5190 1.8351 1.5992 0.7987 1.3177 1.5954 1.0583 1.1915 1.2658 -0.0610 1.2125 1.1028 0.8758 1.3670 1.0533 0.4609 1.1890 1.3281 0.9237 1.2616 1.1332 0.6927 0.8080 0.0798 0.7014 0.0871 
2.5479 2.3402 2.1638 1.5771 0.9645 1.6010 1.8288 1.5226 1.2533 1.0182 0.9902 1.3184 1.5263 1.5054 1.5744 1.6527 1.4668 1.6014 1.4800 1.3040 1.2831 1.0594 0.6534 0.5953 0.7838 0.9218 1.1697 0.8391 0.1018 0.5053 0.8812 0.6964 0.1476 
2.2921 1.6141 1.8301 1.4686 1.5732 1.1688 1.4065 1.5166 1.4530 1.3212 1.2521 1.4471 0.8792 1.2214 1.4619 0.8535 1.0295 0.7971 1.3295 1.0750 0.6537 1.1659 0.9083 0.9129 0.9418 0.9175 0.7671 0.4034 0.6969 0.4012 0.5493 0.0448 -0.1236 
2.3515 1.6389 1.3063 1.3959 1.1934 0.9834 1.5676 1.0820 0.5013 1.4398 1.1111 0.0121 1.2087 1.2688 0.5080 0.9810 1.1746 0.9207 0.4082 1.1303 0.9807 -0.2942 0.7611 1.0197 0.0349 0.5011 0.8999 0.2276 0.3123 0.3691 0.0460 -0.0199 -0.0061 
2.1149 1.7279 1.8320 1.5433 1.4150 1.0125 0.7601 1.6696 1.1732 1.6052 1.6328 1.3851 1.6676 1.7586 0.8786 1.1477 1.2105 1.0917 0.7880 1.5972 1.4643 1.1297 1.2857 1.1962 0.6828 1.1296 0.1000 0.2323 0.5279 0.4625 0.5234 0.0996 -0.3714 
1.0026 1.9065 2.0548 1.7564 1.5516 1.3844 1.3389 1.1828 1.5918 1.5558 1.3937 1.6371 1.5214 1.2791 1.3396 1.2366 1.4412 1.1895 1.2373 1.1388 1.2740 1.3504 1.0575 1.1500 1.1298 0.6113 0.7026 0.6201 0.6512 0.7295 0.7954 0.2652 -1.4459 
2.7042 1.9508 1.5467 1.2071 1.5669 1.5979 1.5727 1.1984 1.5786 1.7323 1.2786 1.1317 1.3829 1.2061 -1.3430 1.4593 1.5824 1.3928 -1.5180 1.0425 1.1710 0.8321 0.9165 1.3157 1.1149 0.6374 0.9075 0.8341 0.6782 0.1482 0.2870 0.3050 0.3438 
0.5253 1.1722 1.3144 1.3273 1.2372 1.3290 1.2860 1.1580 0.5381 0.8325 1.0444 1.4101 1.1187 1.2164 1.0390 0.8858 0.7281 0.8345 0.9143 1.0612 0.8692 1.1437 0.7142 0.4253 0.0619 0.5696 0.6290 0.5673 0.3724 0.2986 0.0519 -0.4274 -2.1040 
1.1369 1.5878 1.7426 1.6429 1.6780 1.4385 1.2734 1.5528 1.1517 1.6718 1.5107 1.5098 0.4957 1.8595 1.5681 1.3796 1.5310 1.3206 1.4638 1.6730 0.2728 1.2055 1.1536 1.2634 0.6452 0.9760 0.6158 0.6883 0.8074 0.6000 0.4796 -0.0258 -0.8742 
3.0445 2.2936 1.9361 1.4221 1.4536 0.9202 1.2757 1.6788 1.6825 1.6116 1.4662 1.4280 1.3231 0.9443 0.9243 1.0146 0.9921 0.9512 0.8298 0.7966 1.1333 1.1536 1.1296 1.2026 1.2117 1.1443 0.6289 0.1591 0.5379 0.3814 0.6559 0.5758 0.6512 
2.1498 1.9059 1.6768 1.6635 1.5566 1.4397 1.4123 1.5920 1.6021 1.0790 1.4408 1.2004 1.2898 1.1856 1.1727 0.9553 1.1447 0.9063 1.0652 1.0145 1.0870 0.9094 1.1082 0.6529 1.1366 1.0281 0.7678 0.6760 0.6651 0.6111 0.4177 0.2215 -0.2696 
2.9546 2.5940 2.0682 1.9603 1.6917 1.6747 1.5552 1.1961 0.9301 1.4161 1.5462 1.0951 1.1420 1.5305 0.2075 1.5116 0.4234 1.4421 0.1021 1.3406 0.8989 0.7974 1.1956 0.9935 0.4632 0.6235 0.8844 0.9118 0.8143 0.9044 0.8024 0.9106 0.5492 
2.3177 1.9487 1.8974 1.4387 1.1533 1.6252 1.7793 1.6869 1.7139 1.2272 1.0791 1.3821 1.6119 1.6140 1.5197 1.4854 0.6288 1.4131 1.3885 1.4654 1.3906 1.1287 0.7497 0.8135 1.2357 1.1501 1.1428 0.8693 0.2707 0.3954 0.6023 0.3108 -0.0146 
2.6778 2.4771 2.2980 1.8991 1.1543 1.7228 1.8058 1.5083 1.3352 1.6274 1.7333 1.7538 1.4011 1.1334 0.9691 0.3691 0.2633 0.3001 0.8652 0.9317 1.1833 1.4993 1.3958 1.2185 0.8557 0.9085 1.1553 0.9626 0.2785 0.8189 1.0030 0.8360 0.2738 
1.9105 1.9824 2.0575 1.7485 1.8027 1.9937 2.0277 1.2592 1.2808 1.2273 0.7549 1.2826 1.2685 1.6698 1.8855 1.8023 1.2441 1.7352 1.7480 1.5280 1.0622 1.0023 0.4057 0.8188 0.8076 0.7000 1.3664 1.2330 0.9100 0.7295 0.8047 0.3751 -0.3770 
2.3688 2.2707 2.2143 2.0592 1.8163 1.5653 1.4383 1.6224 1.5332 1.3309 1.2875 -0.0641 1.1668 1.5289 1.2932 1.3862 1.4333 1.3218 1.1931 1.3381 0.9278 -0.3980 0.9295 0.9154 1.0337 1.0692 0.7868 0.7990 0.9092 1.0188 0.9180 0.5990 0.0013 
2.5284 2.3206 1.5007 1.1345 1.4057 1.2663 1.2411 1.1114 0.8046 0.8689 1.1009 1.2207 0.7587 1.1965 1.3482 0.3811 0.9023 0.3371 1.2438 1.0337 0.5151 0.9258 0.7566 0.4559 0.3291 0.5249 0.5748 0.5054 0.5088 0.0887 0.1437 0.7224 0.1599 
1.6747 2.0959 1.5195 1.6418 1.5737 1.1827 1.3423 1.8977 1.6146 1.6740 1.1352 1.7651 1.5914 1.5538 1.3620 1.0087 0.5562 0.9482 1.2538 1.3772 1.3607 1.5109 0.7829 1.2633 1.1473 1.2969 0.7227 0.4112 0.6867 0.5923 0.2331 0.4877 -0.7630 
2.5959 2.4225 2.7132 2.6317 1.8355 2.7675 3.0237 3.0018 2.7978 2.1922 1.9834 2.4122 2.3862 2.0533 1.7607 1.8645 1.9937 1.7945 1.6516 1.9087 2.1663 2.1287 1.6399 1.7661 2.3220 2.4154 2.3481 2.0080 0.9539 1.5665 1.4551 0.8075 0.2176 
3.4225 3.2305 2.9340 2.7235 2.6374 2.3611 2.0357 2.4724 1.9232 1.8897 2.0226 2.0602 2.0084 1.7080 1.8433 1.5326 1.9178 1.4787 1.7107 1.5606 1.7890 1.7909 1.6744 1.4684 1.4253 1.9281 1.3847 1.5967 1.7162 1.6679 1.6542 1.5929 1.0218 
3.8939 3.7254 3.4051 3.1844 3.0344 2.8707 2.6479 2.4230 2.6075 2.5648 2.4883 2.4801 2.3978 2.3671 2.3137 2.2942 2.2824 2.2399 2.2024 2.2137 2.1820 2.2199 2.1500 2.1462 2.0996 1.8846 1.9686 2.1072 2.1123 2.1309 2.0991 2.0696 1.5754 
4.3650 4.4114 3.2472 2.7291 2.3190 1.9376 2.1210 2.5874 2.1135 1.4318 1.4887 1.3141 1.7687 1.5729 1.5804 1.0868 1.6324 1.0387 1.4771 1.3981 1.5588 1.1064 1.1125 0.9854 1.6175 2.0047 1.5241 1.1422 1.3670 1.6326 1.9136 2.7718 2.0777 
3.8085 4.0130 3.4581 2.7722 2.3836 2.4112 2.3464 2.3459 1.9953 2.0773 2.0573 1.9796 1.7545 1.7578 1.6776 1.9504 1.7568 1.9082 1.5798 1.5971 1.5464 1.6828 1.7082 1.6718 1.5284 1.7803 1.6766 1.6446 1.5128 1.6991 2.1427 2.3795 1.5721 
4.2060 4.2599 3.2398 1.6061 1.9687 1.5418 1.9692 2.6736 1.9740 1.7612 1.6362 1.2470 1.4289 1.2969 0.0389 0.5948 0.8765 0.5929 0.1405 1.1386 1.1827 1.0064 1.2628 1.3263 1.4915 2.0835 1.2998 0.7636 1.0313 0.2372 1.9312 2.6328 1.9409 
3.8542 3.8762 2.9994 1.9938 2.2975 2.1529 2.2953 2.9875 1.5353 1.5752 1.7465 1.4189 1.6800 1.2963 1.6088 1.6592 0.9385 1.6083 1.5259 1.1414 1.4824 1.1644 1.4125 1.1800 1.0604 2.4033 1.6305 1.4112 1.4248 1.0654 1.6837 2.2461 1.6011 
4.0209 4.0226 3.0583 2.3850 2.4868 2.3571 2.7222 3.2226 3.0900 2.4330 2.5550 2.4397 2.1648 2.0722 2.0190 2.1355 2.0534 2.0745 1.9250 1.9301 1.9450 2.1617 2.2234 2.0076 2.6087 2.6847 2.0643 1.6042 1.6238 1.3605 1.8101 2.3820 1.7703 
3.2608 3.9073 2.7113 1.7088 1.9511 1.7970 2.0592 2.4380 2.2884 2.4608 2.2029 2.0570 1.9360 1.8731 1.9849 1.5602 1.7774 1.5183 1.8989 1.6762 1.6960 1.7972 1.8585 2.0547 1.7861 1.9042 1.4356 1.0528 1.1350 0.6567 1.5436 2.2859 1.2157 
4.0021 4.5725 3.8263 3.1082 2.8368 2.4972 2.2472 2.5790 2.2794 2.0720 2.2744 2.3085 1.9686 0.9701 1.8641 2.0234 2.0075 1.9785 1.7335 0.8087 1.7389 2.0067 1.9196 1.6772 1.7513 2.0007 1.5535 1.7247 1.9519 2.0375 2.4961 2.9114 1.6580 
4.2205 4.3017 4.1363 3.6449 3.4699 3.2084 3.1187 3.2885 3.1163 2.9537 2.8727 2.8928 2.8993 2.6711 2.7572 2.7245 2.6490 2.6812 2.6696 2.4789 2.6921 2.6389 2.5352 2.5350 2.6500 2.7303 2.4455 2.4446 2.5775 2.6097 2.8317 2.6845 1.9339 
4.5079 4.1573 3.7643 3.4405 3.3623 3.2363 3.2336 3.3064 3.1136 2.9211 2.6493 2.6190 2.3099 2.6563 2.6075 2.4042 2.5166 2.3547 2.4745 2.4544 2.0633 2.3280 2.2973 2.5034 2.6492 2.7412 2.5986 2.4711 2.4452 2.3642 2.4556 2.4537 2.0844 
4.2047 3.8298 3.4817 2.9668 3.0903 3.0494 3.2370 2.8232 2.8276 2.7172 2.7464 2.7192 2.4962 2.4439 2.3528 2.1937 2.4467 2.1281 2.2656 2.3041 2.2957 2.4296 2.3992 2.3135 2.3526 2.2885 2.6020 2.2881 2.2009 1.9304 2.2038 2.1496 1.8107 
3.5827 4.1988 3.3688 3.4076 3.0187 2.9761 2.6189 2.8402 2.7000 2.2363 2.3110 2.4225 2.3955 2.0388 1.9702 2.1123 1.8749 2.0575 1.8827 1.8986 2.1748 2.1423 1.9585 1.8170 2.2085 2.3003 1.9471 2.2110 2.0919 2.3396 2.0773 2.5457 1.3024 
3.6980 4.3700 3.7879 3.5934 3.2511 3.0950 2.8787 2.7895 3.0794 3.0259 2.8542 2.7864 2.5004 2.6948 2.6715 2.5095 2.4881 2.4481 2.5436 2.5140 2.3003 2.4997 2.5139 2.6012 2.5959 2.2410 2.2452 2.3320 2.3677 2.5564 2.4576 2.7432 1.6027 
4.4894 4.5280 3.7500 2.8955 1.9596 1.8947 2.4149 2.6380 2.6718 2.4408 2.1522 1.8724 1.5153 1.8896 1.5736 1.1303 0.6860 1.0731 1.4774 1.6844 1.2670 1.5753 1.8151 2.0309 2.1671 2.0492 1.7615 1.1341 1.1029 1.8667 2.4355 2.8547 2.1218 
4.4878 4.6235 4.0953 3.6864 3.4540 3.3356 3.1397 2.6778 2.8623 2.8805 2.8839 2.8381 2.8256 2.8087 2.7670 2.7402 2.6831 2.6955 2.6766 2.6675 2.6334 2.5731 2.5448 2.4625 2.3827 2.0838 2.4732 2.5729 2.5529 2.6567 2.7918 2.9729 1.9375 
3.3927 4.3539 4.0234 3.5790 3.5031 3.4258 3.2213 3.2829 3.1927 3.1215 3.0693 3.0049 2.8742 2.8958 2.8531 2.8440 2.8282 2.7981 2.7541 2.7378 2.6772 2.7120 2.7164 2.7142 2.7163 2.7257 2.5859 2.6640 2.6329 2.5337 2.7471 2.7353 0.4610 
3.8057 4.6298 3.9184 3.5305 2.9120 2.8451 2.4834 1.9367 2.7611 2.5569 2.4894 2.2080 2.1634 2.1441 2.2587 2.0990 1.9033 2.0540 2.1222 1.9810 1.9492 1.9260 2.1490 2.1335 2.2956 1.3369 1.8758 2.0949 2.0384 2.4824 2.6529 2.9893 -0.1789 
4.0495 4.5913 4.0091 3.4244 3.2495 3.1289 2.9451 3.0746 2.5264 2.6432 2.8113 2.4359 2.4422 2.2816 2.1930 2.2247 2.0455 2.1569 2.0657 2.0842 2.2494 2.1586 2.4577 2.2192 2.0400 2.4864 2.2963 2.3611 2.3594 2.3474 2.7240 2.9448 1.7993 
3.9750 4.7022 4.3343 3.5826 3.5322 3.4306 3.3093 3.1925 3.1010 3.0965 2.9239 2.8990 2.9428 2.9408 3.0449 2.7376 2.8079 2.6931 2.9102 2.7719 2.7211 2.6462 2.5854 2.6902 2.6292 2.6528 2.6704 2.6668 2.6647 2.5257 3.0666 3.0801 1.3710 
4.1850 4.5831 4.3412 3.9915 3.7466 3.6199 3.5032 3.4460 3.3441 3.2079 3.2019 3.1316 3.1704 3.1635 3.0805 3.0011 3.0931 2.9322 2.9703 3.0236 2.9583 2.8369 2.8518 2.8018 2.8393 2.8530 2.8312 2.8564 2.8304 2.9510 3.0755 2.9286 1.9640 
4.6676 4.4928 3.9511 3.6737 3.4652 3.2145 3.0509 2.9115 3.0356 2.8934 2.7827 1.9129 2.4143 2.5300 2.6727 2.6476 2.6162 2.5762 2.5471 2.3679 2.2073 1.6041 2.4355 2.4774 2.5210 2.3508 2.3732 2.4515 2.5697 2.6438 2.6851 2.8240 2.3296 
4.7716 4.6079 4.0699 3.8022 3.5411 3.2682 3.1102 2.8572 2.8671 3.0670 3.1224 3.0629 2.9587 2.9643 2.8249 2.4082 2.5147 2.3582 2.7289 2.7886 2.7325 2.7630 2.7735 2.6622 2.3881 2.3104 2.4404 2.5035 2.6708 2.7238 2.7852 2.9419 2.3831 
4.8270 4.6655 4.2196 3.9541 3.6807 3.4975 3.3978 3.2201 2.8591 2.7330 2.8264 2.7903 2.8555 2.8447 2.9005 2.6960 2.5605 2.6560 2.7926 2.7006 2.6647 2.5061 2.4822 2.3264 2.3809 2.6807 2.7243 2.7342 2.7884 2.8980 2.9248 3.0334 2.4176 
4.8488 4.6619 4.3035 3.9842 3.5817 3.1180 2.8480 2.9770 3.3492 3.2003 3.1960 2.8994 2.4879 2.3500 2.2421 2.6788 2.6934 2.6278 2.1099 2.1852 2.2916 2.6409 2.8422 2.7881 2.8439 2.4006 2.2126 2.3519 2.7009 2.9455 3.0473 3.0314 2.4422 
4.4368 4.6350 4.5552 4.3327 4.0075 3.8438 3.8252 3.6881 3.6122 3.2910 3.0808 3.1067 3.3590 3.2705 3.3506 3.2710 3.1789 3.2100 3.2211 3.1146 3.1265 2.8181 2.7282 2.8702 3.1366 3.1221 3.1497 3.0803 3.1255 3.2770 3.2461 3.0138 2.1718 
3.9651 4.8542 4.6713 4.1821 3.5596 3.4489 3.5038 3.6237 2.9870 3.1207 3.2944 3.1481 2.8065 2.7115 2.3281 2.0095 1.0754 1.9613 2.2232 2.5392 2.6035 2.8558 2.9587 2.7134 2.4703 3.0770 2.8336 2.6838 2.6862 3.1030 3.4192 3.2071 1.2437 
3.1053 4.4969 4.6266 3.7524 3.3289 3.1829 3.0412 3.1491 3.4165 3.2608 3.3506 2.8996 2.6593 3.3293 2.5795 2.0066 2.3545 1.9594 2.4451 3.1575 2.4178 2.6394 3.0140 2.8504 2.8983 2.5969 2.3640 2.4204 2.4276 2.6774 3.3696 2.8256 1.5451 
4.5029 4.2257 3.9644 3.4215 3.1013 2.8552 3.2972 3.4650 3.2652 2.7617 3.5877 3.0263 3.1561 3.4684 2.8973 2.3621 2.2206 2.3171 2.7873 3.2919 2.9378 2.7271 3.2419 2.3496 2.7810 2.8839 2.6691 2.1125 2.2530 2.3824 2.7193 2.5229 1.9812 
4.3601 4.0404 3.9423 3.5779 3.2067 3.0580 3.1014 3.1798 3.3484 3.1004 3.0475 3.0914 2.2921 2.9229 2.4743 2.3497 2.5858 2.3054 2.3765 2.7575 2.0508 2.7967 2.6941 2.6933 2.8405 2.6438 2.4310 2.2924 2.3258 2.5365 2.6826 2.4052 2.0164 
4.8662 4.8526 4.6249 4.4660 4.0885 3.5516 3.3357 3.6059 3.6708 3.5988 3.4193 3.4597 3.0840 2.9544 2.8448 3.0283 3.1114 2.9578 2.7491 2.7804 2.8410 3.1636 3.0635 3.1939 3.1852 3.0651 2.6881 2.7847 3.1887 3.4297 3.3511 3.2007 2.5158 
4.5199 4.4210 4.7603 3.5878 3.6912 3.6024 3.4045 3.9740 3.8227 3.7672 3.4401 3.5291 3.4285 3.8025 3.3362 3.3507 3.3368 3.2835 3.2087 3.6004 3.1819 3.2400 3.0820 3.3483 3.3229 3.4378 2.7394 2.8378 2.7964 2.6054 3.4996 2.7919 2.2037 
4.1018 4.8739 4.5852 4.2610 4.0700 3.9532 3.9107 3.7774 3.6888 3.5682 3.8546 3.6029 3.4559 3.1294 3.4293 3.4243 3.3717 3.3564 3.2978 2.9737 3.2089 3.3396 3.5028 3.1578 3.1997 3.1903 3.2420 3.1914 3.1762 3.2024 3.2835 3.2207 1.4985 
3.6359 4.3977 4.9481 3.9053 3.6279 3.8707 4.0325 3.5550 3.6512 3.9270 3.3153 3.3506 3.3654 3.1393 2.8237 2.5193 2.2050 2.4518 2.7237 2.9839 3.1307 3.0697 2.9713 3.5167 3.1666 3.0092 3.4025 3.1094 2.7509 2.8152 3.6454 2.7876 1.5265 
4.2781 4.8027 4.6074 4.3653 4.0815 3.8836 3.9415 3.4703 3.0943 3.1421 3.5907 3.2179 2.8242 2.0713 2.6804 2.5606 2.1329 2.4944 2.5553 1.9241 2.6103 2.9444 3.2490 2.7453 2.6361 2.8930 3.2789 3.1137 3.1783 3.3280 3.3176 3.1766 1.9070 
4.3318 4.5598 4.6544 4.1818 3.1934 3.1350 3.9882 3.5822 3.2253 3.2281 3.5274 3.2229 3.2024 3.0475 2.5298 2.3518 2.6289 2.3094 2.4219 2.8525 3.0060 2.9586 3.1791 2.8222 2.7527 3.0416 3.3525 2.3689 2.3162 3.1059 3.3967 2.8596 1.7175 
4.4075 4.0202 4.6946 4.4201 3.9085 3.6534 3.5897 3.5518 3.5382 2.7897 3.4247 2.3094 2.7715 2.4304 1.5359 2.0479 1.9691 2.0034 1.4351 2.2874 2.5500 2.0105 3.0681 2.3875 3.0671 3.0065 2.9479 2.8896 3.0411 3.3860 3.4447 2.3644 2.0601 
3.1483 4.5877 4.5666 4.2707 3.2995 3.5548 3.8895 3.4930 3.0622 1.2100 3.0774 2.6885 2.8463 2.5267 2.2519 2.0168 1.9118 1.9685 2.1164 2.3631 2.6580 2.3880 2.7241 0.8873 2.5568 2.9235 3.2190 2.7959 2.3992 3.2051 3.2568 2.9456 0.3494 
3.9733 4.1573 4.0073 3.5993 2.9214 3.0689 3.2648 2.8948 2.3775 2.5375 2.0085 2.2097 2.2653 1.8584 1.6974 1.3933 1.4598 1.3237 1.5996 1.6741 2.0182 1.9305 1.6672 2.1201 1.9130 2.3360 2.6357 2.3041 2.0398 2.5593 2.7389 2.4929 1.6739 
2.7930 3.2073 3.0616 2.7617 2.0782 2.1883 2.6074 2.1713 2.3720 2.3633 2.4045 2.3519 2.0288 1.7451 1.5637 1.1565 1.4638 1.1077 1.4572 1.5842 1.8153 2.0579 2.0562 1.9556 1.9073 1.6155 1.9443 1.4228 1.1955 1.7203 1.7882 1.5711 0.6751 
2.1145 3.4913 3.4454 2.8998 2.0597 2.1528 2.7052 2.2747 1.4649 2.1258 2.1061 1.5958 1.5169 1.4547 1.5625 1.5172 -0.0352 1.4506 1.4623 1.2779 1.2657 1.3023 1.7657 1.7094 0.9582 1.6729 2.0396 1.3768 1.1913 1.8775 2.1477 1.8880 0.0772 
2.6370 2.9136 3.0256 2.7454 2.3445 2.4163 2.1836 0.3314 1.7362 2.0579 1.9826 0.9002 1.5127 1.6954 1.5989 1.4902 0.0638 1.4195 1.5123 1.5506 1.2667 0.6200 1.6321 1.6500 1.2604 -0.3721 1.5358 1.6578 1.4649 1.6756 1.7351 1.2404 -0.0853 
2.4882 2.9628 2.7889 2.5043 2.0328 2.0953 2.6762 2.4130 2.2963 2.1140 2.4468 2.0936 1.7780 1.6571 2.0233 1.6920 1.0475 1.6450 1.9283 1.5221 1.5610 1.8282 2.1061 1.6998 1.7988 1.8691 2.0023 1.3332 1.1684 1.4715 1.5321 1.3119 0.2643 
2.7587 2.5691 2.6719 2.4676 2.0676 2.4441 2.7088 2.3274 2.1451 1.8412 1.7106 2.0761 1.7799 1.2586 0.5512 1.2392 1.2514 1.1918 0.4616 1.1162 1.5611 1.8123 1.3728 1.4139 1.6558 1.7469 2.0410 1.6851 1.2080 1.4288 1.3866 0.9069 0.3874 
2.1701 2.5937 2.7546 2.6249 2.2028 2.2892 2.3657 1.8588 2.0635 1.8289 1.5401 1.9586 1.7171 1.5232 1.3887 1.3287 1.3297 1.2834 1.2789 1.3336 1.5232 1.6689 1.1843 1.4042 1.5903 1.2704 1.6970 1.5276 1.2935 1.5589 1.5110 0.9191 -0.3740 
2.2338 2.4529 2.3220 2.1665 2.0613 2.1411 2.1771 0.5899 1.6506 1.8019 1.7734 1.9828 1.6364 1.3276 1.2822 0.7790 0.1844 0.7317 1.1840 1.1786 1.4197 1.6876 1.4391 1.3827 1.1786 -0.0077 1.5320 1.3811 1.1884 1.1370 1.0405 0.8173 -0.3623 
