2.2567 1.0199 1.4187 1.2172 0.9110 1.4097 1.0602 1.4010 1.2631 1.1085 0.7832 1.1755 0.5704 1.0552 0.9520 1.1303 1.2771 1.0731 0.8583 0.9290 0.3411 0.9256 0.4814 0.7293 0.8018 0.9113 0.4742 0.7209 0.0625 0.2652 0.2862 -0.7078 0.0243 
1.7795 0.5021 1.2325 0.9583 0.3950 0.5965 0.7699 0.7847 0.4673 0.5844 0.5527 1.0317 0.9259 0.3071 0.5995 0.8055 0.9128 0.7496 0.5078 0.1732 0.7019 0.7728 0.2371 0.2178 0.0190 0.2716 0.1944 -0.1035 -0.4269 -0.0054 0.0540 -1.2034 -0.3987 
2.1835 1.6474 1.6283 1.5505 1.3353 1.3134 1.1461 0.8706 1.0134 0.7705 1.1417 1.2268 0.6986 0.5475 0.9172 0.6705 -0.0756 0.6242 0.8047 0.3602 0.5084 0.9558 0.8374 0.3840 0.5878 0.3379 0.5637 0.6157 0.5490 0.5870 0.4673 0.1500 0.0194 
0.8742 1.5200 1.3307 0.9153 1.2799 1.0970 1.0487 0.7633 0.7613 0.8597 0.9764 1.1601 0.9315 1.2465 1.0064 0.9807 1.1283 0.9398 0.9223 1.0625 0.7073 0.9153 0.6614 0.4768 0.3218 0.2545 0.4542 0.4004 0.4643 -0.0586 0.1795 0.0266 -1.3707 
2.4761 1.0538 2.4723 1.6008 1.6132 2.1695 2.1783 1.7405 1.6230 1.6683 0.7565 1.2015 0.9319 1.8993 1.2537 1.3689 0.6237 1.3257 1.1243 1.7334 0.7060 0.9431 0.4453 1.2992 1.1742 1.2503 1.5995 1.4796 0.7837 0.6371 1.3200 -1.2900 0.3240 
2.0096 1.7085 1.6784 1.6949 1.5582 1.4698 1.2705 1.5786 1.0975 0.7580 1.0548 1.4961 1.1681 1.1666 1.0694 0.9322 -0.3519 0.8922 0.9816 1.0091 0.9619 1.2576 0.7460 0.3797 0.6557 1.0410 0.6565 0.7723 0.7199 0.7284 0.5402 0.2202 -0.1532 
1.5174 1.6766 1.6101 1.4694 0.6905 0.8315 1.2382 1.0545 1.2489 1.4017 1.2896 0.5738 0.9419 1.0704 1.1925 1.1904 -0.1177 1.1279 1.0734 0.9398 0.7225 0.3001 0.9677 1.0319 0.7845 0.5631 0.6218 0.1398 -0.1116 0.5324 0.4250 0.2059 -0.5512 
0.6563 1.6416 1.3893 1.4762 1.3228 1.3894 1.4442 1.1005 0.9630 1.3415 1.3890 1.0393 1.1640 1.3993 1.2889 1.4009 0.8225 1.3577 1.1915 1.2706 0.9614 0.7852 1.0651 0.9699 0.5387 0.5951 0.8692 0.6944 0.5329 0.5319 0.2517 0.1666 -1.1668 
2.3820 2.3088 2.0159 1.7210 1.4123 1.4003 1.3867 0.9926 1.4246 1.3562 1.3575 1.3912 1.3805 1.4755 1.0496 1.3427 1.3783 1.3006 0.9618 1.3276 1.1919 1.1363 1.0393 0.9838 0.9926 0.4943 0.7883 0.7112 0.5996 0.7674 0.8672 0.7954 0.2631 
1.8742 2.1152 2.0786 1.6373 1.5451 1.0381 1.4672 1.3950 1.3239 1.3400 0.9911 1.3127 1.0037 1.1035 0.5169 0.7611 1.1742 0.7066 0.4063 0.9614 0.8060 1.0475 0.6789 0.9679 0.8986 0.9059 0.8956 0.3547 0.7066 0.6674 0.9338 0.6364 -0.3001 
2.3278 1.8804 0.7844 1.4150 1.6693 1.5362 1.8942 1.7231 1.5920 0.9062 1.3046 1.0499 1.3611 0.9632 1.2613 0.7523 0.5379 0.7003 1.1461 0.8075 1.1649 0.8023 0.9856 0.5171 1.1216 1.2263 1.2923 0.8467 0.8723 0.4806 -0.4161 0.3429 0.1474 
1.7580 1.8990 1.7221 1.3188 1.2282 1.3701 1.4459 1.3085 1.2165 1.3216 0.9158 0.8182 1.0896 1.2731 1.0235 0.5108 -0.7324 0.4523 0.9353 1.1021 0.9124 0.5711 0.5919 0.9514 0.7534 0.7861 0.8669 0.6724 0.3824 0.3392 0.5681 0.3694 -0.6220 
1.0833 1.4002 1.2176 0.6895 0.6251 0.7061 0.3453 0.7042 0.7082 0.9242 0.4780 0.2812 0.6195 0.6977 0.6696 0.5805 -2.1359 0.5330 0.5814 0.5692 0.4154 0.0245 0.1565 0.5552 0.2834 0.2125 -0.2634 0.0091 -0.1667 -0.2414 0.0117 -0.0748 -0.8609 
2.1456 1.7483 1.4956 1.5595 1.3027 1.3675 1.7491 1.1363 1.5015 1.5603 1.3480 -0.8429 1.0752 0.7690 1.2868 1.2606 0.7517 1.2054 1.1873 0.6254 0.9052 -1.1403 1.0291 1.1755 1.0513 0.6237 1.1616 0.6782 0.4912 0.5937 0.3311 0.2373 -0.0302 
1.9136 1.5481 1.3886 1.3722 0.6207 0.9474 1.6022 1.0338 1.4549 1.3906 1.1908 0.8420 -0.1079 1.0616 1.1024 0.9954 1.4912 0.9548 1.0072 0.9336 -0.3514 0.5858 0.8851 1.0143 1.0173 0.5306 0.9831 0.2587 -0.1868 0.4069 0.2507 0.0097 -0.2267 
1.9737 2.0542 1.7469 1.0727 1.1773 1.1801 1.0766 1.5091 1.3821 1.0820 0.5884 0.9435 1.1450 1.3535 1.3359 1.2986 0.6746 1.2602 1.2563 1.2233 0.9496 0.6776 0.2683 0.7046 0.9478 0.9903 0.5007 0.4819 0.3541 0.1256 0.5924 0.5739 -0.2362 
1.0031 1.2288 1.2577 1.0479 0.6334 0.9802 1.1603 0.6553 0.5129 0.4900 0.8682 -0.3737 0.6798 0.6436 0.7433 0.0719 0.6796 0.0090 0.6507 0.5092 0.4907 -0.6419 0.5585 0.1087 0.0430 0.1409 0.5713 0.2951 -0.1754 0.0828 0.0773 -0.2716 -0.9769 
2.3187 2.1336 1.7482 1.7500 1.3732 1.0545 1.1321 0.3520 1.5266 1.2615 1.1741 1.2832 1.3396 0.9805 1.1238 1.3395 0.8415 1.2970 1.0282 0.8334 1.1367 1.0141 0.8724 0.8846 1.0678 -0.1541 0.5586 0.3558 0.5750 0.8003 0.6041 0.6317 0.1355 
2.1007 1.7034 1.9487 1.2620 1.4283 0.8178 1.3955 1.4019 1.4038 1.5140 1.0741 1.4147 0.9428 1.0679 0.6197 0.3251 1.0153 0.2782 0.5343 0.9383 0.7223 1.1726 0.7658 1.1302 0.9756 0.9129 0.8027 0.1168 0.6270 0.2697 0.7615 0.2041 -0.0550 
1.7556 0.7949 0.7218 0.4261 1.1364 0.9535 1.1415 0.6392 1.1382 0.4106 0.5862 0.9040 0.8776 0.9185 0.6424 0.6184 0.9985 0.5805 0.5614 0.7455 0.6540 0.6287 0.2634 0.0288 0.6938 0.1360 0.5597 0.2579 0.3230 -0.4917 -0.4395 -0.8125 -0.4147 
1.6444 1.7680 1.7894 1.7464 1.3806 1.2699 1.4037 1.3615 1.4624 0.8588 1.1867 0.9964 0.9630 1.0235 0.9011 1.2048 -1.1212 1.1420 0.7750 0.8989 0.7494 0.7329 0.8835 0.4648 1.0224 0.8613 0.8226 0.5730 0.5799 0.7904 0.6381 0.2732 -0.6559 
2.0781 1.3054 1.2115 0.6780 1.0919 1.0703 1.0651 0.9722 1.1296 0.5894 1.1865 0.8276 0.4866 1.0262 0.6971 0.6602 0.6835 0.6130 0.6093 0.9016 0.2793 0.5765 0.8822 0.2263 0.6907 0.4533 0.4760 0.3767 0.2860 -0.2787 0.0209 -0.1067 -0.0980 
0.9934 1.6111 1.5090 1.0774 0.9322 1.0631 1.3623 1.1489 1.0685 1.2565 1.3604 1.2394 0.5486 1.1981 1.2256 0.8911 0.6667 0.8258 1.0990 1.0351 0.3291 0.9628 1.0450 0.8841 0.6341 0.6323 0.7587 0.3658 0.1272 0.1262 0.3428 0.1035 -0.9616 
1.3138 2.0620 1.9713 1.3946 1.6517 1.4286 1.1528 0.2102 1.3074 1.5012 1.4355 0.9083 0.4153 1.1712 1.2460 0.8390 -0.4944 0.7745 1.1179 1.0128 0.2343 0.6276 1.1246 1.1194 0.8829 -0.3215 0.5631 0.7352 0.8444 0.4310 0.8012 0.5860 -0.9538 
1.4827 1.1460 1.5160 1.5812 1.0752 1.2935 0.6135 0.8452 1.0895 0.5827 1.1544 0.7739 1.1103 0.9876 0.7357 1.1261 0.7468 1.0673 0.6428 0.8455 0.9285 0.5322 0.8506 0.2012 0.6560 0.3214 0.0051 0.5978 0.2873 0.6112 0.3449 -0.3543 -0.6950 
1.9729 0.9506 1.9124 1.6003 1.6415 0.8501 1.6053 1.6451 1.5461 1.3286 1.0815 0.9722 1.3804 0.2446 0.9348 0.8734 0.5182 0.8112 0.8324 0.0695 1.1893 0.7064 0.7739 0.9536 1.0831 1.1182 0.9874 0.1675 0.8277 0.6223 0.7269 -0.6931 -0.1993 
1.6071 1.6781 1.5836 1.1762 0.7906 0.9727 1.1746 0.4095 0.5863 0.8683 1.0488 0.2561 0.2754 0.8354 0.6906 0.2509 0.8651 0.2161 0.5986 0.6768 0.0613 -0.0099 0.7305 0.4791 0.1502 -0.1062 0.5829 0.2737 -0.0155 0.2238 0.3960 0.2106 -0.4683 
1.7809 1.8872 1.7141 1.3998 1.6458 1.6123 1.3890 1.3909 0.9650 1.2666 1.2686 1.0996 1.0380 1.0157 1.2906 1.2584 -0.5209 1.2007 1.1940 0.8917 0.8517 0.8599 0.9466 0.8993 0.5436 0.8988 0.7918 0.9159 0.8401 0.4429 0.5737 0.3658 -0.4169 
0.9797 2.0083 1.7464 1.6824 1.6761 1.6109 1.3637 1.5452 0.5410 0.5743 1.1912 1.2782 0.6260 0.6669 0.9844 1.0381 1.2382 0.9919 0.9054 0.5463 0.4116 1.0078 0.8883 0.2022 0.0535 1.0165 0.7535 0.9164 0.8819 0.7107 0.6010 0.5406 -1.2131 
2.3105 1.5404 1.2307 1.5901 1.1837 1.0917 0.4036 1.0482 0.4297 1.0329 0.2107 1.0421 1.0417 1.1441 0.9387 0.9200 0.7622 0.8729 0.8379 0.9935 0.8531 0.7888 -0.1076 0.6581 -0.0183 0.5557 -0.1819 0.3988 0.3530 0.6162 0.0486 0.0192 0.1469 
1.4837 1.2224 0.8450 0.9892 0.9021 0.9930 0.9929 0.8403 1.2023 1.0189 0.4849 0.4556 1.0525 0.5815 0.6183 1.0309 0.3368 0.9854 0.5306 0.4208 0.8772 0.2130 0.1779 0.6427 0.7369 0.3200 0.3880 0.2927 0.0785 0.0225 -0.3535 -0.3046 -0.6813 
2.0426 1.3947 1.2054 1.1476 -0.4444 0.7960 1.1742 0.8800 1.2919 1.2361 0.9350 0.9257 1.0182 1.3230 1.0584 0.9327 0.9944 0.8946 0.9719 1.1781 0.8260 0.6529 0.6143 0.8491 0.8555 0.3361 0.5821 0.0979 -1.3894 0.2118 0.0232 -0.1066 -0.0999 
2.1002 1.3307 1.2019 0.9503 0.9815 0.8981 1.1152 -0.0720 0.7105 1.1235 0.5689 0.4681 0.2513 0.5097 0.5785 0.5678 0.3555 0.5150 0.4732 0.3455 0.0332 0.2160 0.2491 0.7416 0.2891 -0.5263 0.5389 0.2122 0.1991 -0.0129 0.0353 -0.0864 -0.0823 
2.2789 0.5890 0.8066 1.3423 1.3229 0.9294 1.3826 1.2496 1.1747 0.9045 1.0326 0.7884 0.8520 0.1366 1.3122 1.2984 0.6139 1.2598 1.2290 -0.0219 0.6369 0.5559 0.7102 0.5251 0.7131 0.7002 0.7857 0.2362 0.5343 0.3854 -0.3810 -0.6329 0.0484 
2.2193 1.6388 1.2922 1.3412 0.5789 0.9077 0.6882 1.3001 1.2940 1.0577 1.3359 1.4809 0.9961 1.0746 1.3213 0.5604 0.2620 0.5033 1.2412 0.9423 0.7909 1.2476 1.0211 0.6905 0.8586 0.7777 0.0932 0.2210 -0.2375 0.3777 0.0924 0.0660 -0.0148 
2.5189 1.7223 1.7476 0.8407 1.2011 0.7528 0.9455 1.4026 1.0609 1.1977 1.2937 1.2600 1.5792 1.5968 1.2830 1.0820 1.4508 1.0399 1.1787 1.4122 1.3553 0.9854 0.9749 0.8131 0.6293 0.9123 0.3353 0.0677 0.3579 -0.0970 0.5926 0.1476 0.3331 
1.7427 1.7928 1.6605 1.5544 1.4249 1.5681 1.5087 1.5320 1.4719 1.3472 1.0846 1.2619 0.4370 0.8826 0.7606 0.6756 0.6081 0.6311 0.6660 0.7051 0.2401 0.9865 0.7694 0.9717 1.0293 1.0055 0.9213 0.8746 0.6248 0.5942 0.5161 0.2959 -0.4401 
2.1113 1.7247 1.8480 1.6609 1.6138 1.6031 1.3356 1.3606 1.0656 1.1451 0.6780 -0.1925 0.6844 1.0881 1.0952 1.1244 -0.3736 1.0679 1.0008 0.9528 0.4894 -0.4352 0.3570 0.7609 0.6343 0.8595 0.7243 0.9080 0.7815 0.6966 0.6802 0.2218 -0.0771 
1.3966 0.6188 1.0963 1.0661 0.6826 0.4033 1.0461 0.3559 0.4687 0.9948 1.1237 0.7708 0.6160 0.2076 0.5938 0.6091 0.2601 0.5719 0.4961 0.0172 0.4008 0.5459 0.8177 0.6189 0.0081 -0.1458 0.4519 -0.2844 -0.1190 0.1353 -0.0501 -0.9246 -0.8487 
1.4657 1.0023 0.3489 1.1541 1.0938 0.9798 0.6845 0.9037 0.6018 0.6856 0.3769 -0.0465 0.6026 0.4340 0.3874 0.0698 0.5751 0.0149 0.2983 0.2872 0.3824 -0.3044 0.0752 0.3063 0.1489 0.3570 0.0959 0.2708 0.2824 0.2160 -0.8393 -0.4909 -0.8396 
2.2206 1.9816 1.8722 1.2868 1.4125 1.5613 0.8850 0.9636 1.3020 0.7863 1.2097 1.0245 1.3432 1.2802 0.9150 1.2768 1.0885 1.2368 0.7967 1.1133 1.1416 0.7651 0.9025 0.4146 0.8680 0.4498 0.2612 0.8671 0.6160 0.3134 0.6983 0.4684 0.0360 
2.3967 1.4544 1.3520 0.9227 0.5205 0.9371 1.1988 1.5168 0.9052 0.8016 1.0441 1.2104 0.8773 1.2297 0.7751 0.9540 1.0410 0.9182 0.6762 1.0519 0.6540 0.9463 0.7235 0.4169 0.4296 0.9962 0.5963 0.2350 -0.3074 -0.0857 0.2219 -0.0127 0.2279 
1.6608 1.5612 1.5277 0.8003 1.4728 1.0479 1.2097 0.3536 1.2786 1.1628 1.0619 1.5117 1.1912 0.6133 1.0879 0.8272 1.0051 0.7668 0.9964 0.4672 0.9773 1.2662 0.7571 0.7759 0.8337 -0.1277 0.6011 0.3509 0.6637 -0.1189 0.3525 0.0624 -0.4715 
2.5014 1.8622 1.5291 -0.4469 0.7881 0.9197 1.2120 1.2970 1.4304 1.2164 0.5822 1.2264 1.1892 0.9301 1.1982 0.4837 1.0507 0.4287 1.0778 0.7678 0.9780 0.9576 0.2569 0.8245 0.9969 0.7703 0.6101 0.2223 -0.0301 -1.6323 0.3581 0.3308 0.3386 
1.2901 1.5943 1.5176 1.5113 1.5913 1.3738 1.4723 0.8729 1.3649 1.3874 1.2305 1.1718 0.8797 1.1676 0.6870 0.6898 0.6708 0.6370 0.6014 1.0086 0.6559 0.9246 0.9110 1.0147 0.9348 0.3393 0.8997 0.6802 0.7553 0.5699 0.3549 0.1099 -0.9556 
2.6394 2.4006 2.0007 1.6985 1.6502 1.7013 1.6665 1.4067 1.0107 1.4550 0.4911 1.4452 1.1923 1.2492 0.9390 1.2692 0.8271 1.2220 0.8481 1.0635 0.9810 1.2103 0.2024 1.0757 0.5853 0.9141 1.0536 1.0076 0.8415 0.7399 0.8387 0.9140 0.4675 
2.9220 3.0563 2.8068 2.5980 2.4437 2.3701 2.3579 2.0246 2.0914 1.8251 1.8428 1.8976 1.9698 1.8808 1.8096 1.7364 1.6391 1.6888 1.7127 1.7196 1.7472 1.6373 1.5372 1.4429 1.6549 1.5099 1.7476 1.6740 1.6459 1.6351 1.6589 1.5907 0.8351 
3.6129 3.6718 2.8175 2.6387 2.4705 2.4274 2.5451 1.9825 1.9375 1.8614 2.0044 2.0286 1.9503 1.9924 1.9574 1.9518 1.6769 1.8922 1.8415 1.8357 1.7251 1.7633 1.6870 1.4887 1.4652 1.4480 1.9619 1.7400 1.6813 1.6880 1.7092 2.1420 1.5991 
3.7183 3.6428 3.1240 2.8369 2.6516 2.4095 2.3362 2.0701 2.3107 2.1094 2.0376 2.3050 2.0018 1.9580 1.8414 1.9300 1.7149 1.8658 1.7394 1.7821 1.7863 2.0299 1.7210 1.7414 1.8545 1.5762 1.7283 1.7163 1.8216 1.9018 1.9613 2.1086 1.3952 
3.7148 4.0604 3.5359 3.1871 3.0159 2.8594 2.7346 2.6212 2.5604 2.6737 2.3758 2.6687 2.3123 2.4040 2.3334 2.2519 2.3694 2.1888 2.2348 2.2745 2.0905 2.3974 2.0572 2.3051 2.1021 2.0841 2.1277 2.1653 2.1943 2.2528 2.3694 2.5551 1.6802 
2.6474 4.0235 3.0578 2.2385 2.3530 2.3957 2.2085 1.6655 2.3839 1.5614 1.9995 2.0230 1.8487 1.7399 1.6580 1.6602 1.7515 1.6205 1.5721 1.6102 1.6514 1.7524 1.6786 1.1720 1.9575 1.1396 1.6185 1.6958 1.5306 1.2508 1.8515 2.5022 1.0236 
2.9078 3.8461 3.1376 2.7295 2.3740 2.1942 2.1697 1.8947 2.0088 1.6936 1.1906 1.5741 1.7906 1.5363 1.6531 1.0254 1.3991 0.9770 1.5605 1.3722 1.6128 1.3093 0.8688 1.3133 1.5907 1.3504 1.5913 1.5041 1.5791 1.7688 1.9966 2.3716 0.1769 
2.7180 3.7815 3.4253 3.0997 2.9143 2.7607 2.6385 2.5577 2.6205 2.5984 2.4935 2.4390 2.4261 2.3579 2.3344 2.3417 2.1646 2.3038 2.2365 2.2078 2.2362 2.1845 2.1848 2.2151 2.1542 2.0400 2.0176 2.0652 2.0934 2.1365 2.3114 2.3065 1.0787 
3.4083 3.8473 3.3165 3.0100 2.8367 2.7353 2.5872 2.5850 2.5367 2.4957 2.4118 2.3687 2.3294 2.3288 2.3306 2.3185 2.2594 2.2747 2.2309 2.1646 2.1072 2.0999 2.0940 2.1170 2.0919 2.0574 1.9866 2.0398 2.0341 2.0409 2.1661 2.3669 1.4426 
3.7320 3.9979 3.0363 2.9571 2.9619 2.8093 2.7248 2.7284 2.3173 2.4426 2.3570 2.3990 2.3575 2.3054 2.3443 2.2901 2.2494 2.2252 2.2523 2.1289 2.1458 2.1359 2.0396 2.0691 1.8613 2.2170 2.1169 2.1163 2.1283 2.0123 1.9527 2.4777 1.7163 
3.8371 3.8084 3.5189 3.2812 3.2491 3.1181 3.0596 3.0884 2.8502 2.7984 2.7732 2.7353 2.6773 2.6784 2.6240 2.5965 2.5820 2.5343 2.4991 2.5153 2.4534 2.4700 2.4506 2.4319 2.4068 2.5853 2.4488 2.4258 2.4368 2.3362 2.3938 2.3161 1.8167 
4.2119 3.4926 3.9434 3.7716 3.6072 3.4566 3.4012 3.3380 3.3717 3.2082 3.1412 3.1008 3.0341 3.0328 3.0036 2.9792 2.9528 2.9145 2.8874 2.8724 2.8138 2.8385 2.8247 2.8280 2.9260 2.7929 2.7925 2.7619 2.7889 2.8065 2.7807 2.0026 2.0667 
4.3741 3.9353 3.8929 3.4892 3.0323 2.3113 2.5790 2.7133 2.6287 2.4540 2.3548 2.0424 2.0714 2.1504 2.0999 2.0833 2.0947 2.0362 2.0139 2.0099 1.8810 1.7775 2.0362 2.0867 2.1612 2.1983 1.9843 1.6187 2.2165 2.5383 2.7348 2.4132 2.1477 
2.4200 4.1984 4.1743 3.6245 3.4748 3.3468 3.2161 3.1159 3.3643 3.4354 3.1556 3.0797 3.0462 2.9495 2.9332 2.9083 2.8594 2.8484 2.8141 2.7825 2.8301 2.8128 2.8436 3.0622 2.9166 2.6252 2.6430 2.6508 2.6784 2.6650 3.0249 2.7281 0.9266 
3.9937 4.3233 3.8152 3.5197 3.3331 3.0974 2.9590 2.4428 2.9397 2.7071 2.7189 2.7138 2.6156 2.7956 2.5269 2.5167 2.4536 2.4603 2.4258 2.6679 2.3935 2.4462 2.3999 2.3346 2.4766 1.9478 2.3480 2.3996 2.4879 2.5821 2.6569 2.8104 1.9069 
3.1385 4.1259 3.8866 3.6564 3.3347 3.1927 3.1223 3.1166 2.9233 2.9352 2.9732 3.0253 2.7520 2.5675 2.6686 2.7306 2.7408 2.6890 2.5624 2.4090 2.5522 2.7559 2.6561 2.5533 2.4666 2.6205 2.5269 2.5009 2.5010 2.6919 2.7353 2.6516 1.2616 
4.2486 4.3094 3.8233 3.4180 3.0947 2.9909 2.8030 2.7969 2.8545 2.6820 2.5943 2.5955 2.5069 2.6002 2.5998 2.5808 2.4041 2.5189 2.4812 2.4334 2.3217 2.3373 2.2927 2.3143 2.4150 2.3109 2.2303 2.2998 2.3085 2.4640 2.6775 2.7906 2.0404 
4.2472 4.4045 3.7950 3.7443 3.6714 3.5250 3.4514 3.3653 3.2825 3.2334 3.1389 3.1054 3.0571 3.0488 3.0485 2.9790 2.9553 2.9138 2.9612 2.8961 2.8449 2.8438 2.8188 2.8514 2.8194 2.8266 2.8471 2.8280 2.8301 2.7773 2.6626 2.8886 2.0809 
3.7279 4.4562 3.9905 3.5189 3.0999 2.8870 2.7077 3.1228 3.2196 2.5973 3.0012 3.0364 2.5674 2.7391 2.1101 2.7126 2.4731 2.6726 2.0296 2.6042 2.3612 2.7706 2.6772 2.2161 2.7734 2.6366 2.0943 2.1895 2.3058 2.5902 2.7928 2.9899 1.5751 
4.2727 4.3050 4.1868 3.6935 3.2836 3.1184 3.0004 2.4021 3.4046 3.1797 3.3991 2.8850 2.8538 2.6549 2.8686 2.7391 2.7239 2.6953 2.7702 2.4771 2.6710 2.6460 3.0794 2.8013 2.9851 1.9233 2.3865 2.4283 2.4563 2.7097 3.0415 2.7949 2.1214 
3.2510 4.6450 4.4414 3.8126 3.3466 3.1886 3.3417 3.5545 3.1151 3.2080 3.5752 3.2891 2.0824 2.9636 2.8922 2.3726 1.6289 2.3313 2.7870 2.7906 1.8769 3.0265 3.2690 2.8347 2.6774 3.0482 2.7280 2.4982 2.5177 2.8459 3.2791 3.1420 1.7527 
4.2843 4.1413 3.8032 3.2996 2.8948 2.5111 2.1926 2.4370 3.0050 2.6026 3.0481 2.5726 1.9859 2.2704 2.4444 1.9683 1.7499 1.9170 2.3607 2.0957 1.7465 2.3285 2.7241 2.2171 2.5461 1.9219 1.5662 1.7828 2.0526 2.3233 2.6690 2.6493 2.1446 
3.8484 3.9482 4.4559 3.5859 3.0107 3.1726 3.4173 3.7113 3.4102 3.3961 3.6535 3.3246 3.1206 2.9152 2.6584 2.4531 2.2981 2.4120 2.5421 2.7562 2.9299 3.0493 3.3445 3.0241 2.9901 3.1719 2.8090 2.4781 2.1714 2.6180 3.3108 2.4618 1.6693 
3.7068 4.1549 4.2816 3.7422 3.2859 3.0355 3.0590 2.7423 3.1886 3.2176 3.6561 2.7956 3.0715 2.9710 2.3020 2.5892 2.5312 2.5263 2.1852 2.7929 2.8655 2.5380 3.3453 2.8428 2.7511 2.2429 2.4494 2.3407 2.4513 2.7653 3.1140 2.6838 1.6463 
2.8304 4.0158 3.9611 3.5707 3.1194 3.1063 2.5545 3.1257 3.1769 2.5656 2.4360 3.0010 2.4662 2.6733 2.6291 2.1606 0.2631 2.1008 2.5047 2.5057 2.3002 2.7262 2.1154 2.1804 2.7394 2.6377 1.9591 2.4101 2.3206 2.6363 2.7892 2.5064 1.0500 
3.8472 4.0822 3.7605 3.7340 3.2365 2.8791 3.3029 3.1686 2.0260 2.8705 3.0222 2.5314 2.3975 2.7857 2.3902 0.7107 2.1000 0.7656 2.3098 2.6543 2.1927 2.2902 2.7022 2.4925 1.6134 2.6739 2.6925 2.1682 2.4129 2.7593 2.6442 2.5761 1.8830 
3.6287 4.2945 4.1538 3.5559 3.3156 3.2862 3.3339 3.1566 2.7327 2.6381 2.6884 2.6309 2.4989 2.2407 2.4382 2.4296 2.4649 2.3818 2.3454 2.0770 2.3175 2.3574 2.3684 2.2546 2.3094 2.6653 2.7135 2.5876 2.4655 2.6013 3.0006 2.7943 1.7502 
3.6532 4.2613 3.9925 3.7590 3.4469 3.4229 3.1975 3.0955 2.9958 2.9824 2.7934 2.9088 2.7800 2.7342 2.6722 2.7074 2.6702 2.6678 2.5674 2.5976 2.5916 2.6620 2.4762 2.5960 2.5302 2.5936 2.6228 2.7274 2.6553 2.7887 2.7989 2.7544 0.0534 
3.1968 4.0293 3.2608 3.7540 3.5291 3.4343 3.2036 3.1126 2.9568 2.9578 2.7425 2.7750 2.6900 2.7235 2.6795 2.6744 2.6650 2.6370 2.5794 2.5821 2.4714 2.5175 2.4269 2.5731 2.4924 2.6181 2.6274 2.7396 2.7247 2.7908 2.0791 2.5026 -0.3976 
3.8648 4.2100 3.7379 2.4182 2.7283 2.3332 3.1122 2.7259 2.4671 2.5050 2.5932 2.4561 2.3291 2.1584 2.1262 2.1767 2.2100 2.1197 2.0359 2.0144 2.1050 2.2145 2.2893 2.1247 2.0332 2.2091 2.5133 1.6274 1.9435 1.4517 2.5705 2.7248 1.7322 
3.4856 3.9438 3.2418 2.9369 2.6586 2.7012 2.5992 1.8774 1.8406 1.1175 1.9755 0.9705 1.2941 1.5989 1.6479 1.6257 1.4880 1.5828 1.5693 1.4330 1.1205 0.6524 1.6563 0.7304 1.4125 1.3268 1.9885 2.0151 1.8502 1.9891 2.0572 2.4334 1.0147 
3.0632 3.5931 3.0277 2.6628 2.7885 2.6695 2.4322 2.2944 2.1160 2.2101 2.2205 2.1822 2.0011 2.0305 1.9967 1.9565 1.9109 1.9015 1.9053 1.8901 1.7858 1.9475 1.9165 1.8269 1.6840 1.7472 1.8354 1.9725 1.9898 1.6881 1.8369 2.0869 0.3717 
2.8216 3.1218 2.7052 2.0865 1.8803 1.7563 2.3211 2.0113 1.8828 1.9544 2.3003 2.2127 1.7912 1.5658 0.6941 1.2498 1.3546 1.1921 0.5938 1.3931 1.6113 1.9646 1.9777 1.5799 1.4252 1.4928 1.7089 1.0696 1.0513 1.1399 1.5538 1.6353 0.6913 
2.3029 2.9222 2.6508 2.2154 1.6769 2.1511 2.1908 1.7256 1.8977 1.7350 1.9069 1.9586 1.9433 1.8505 1.3662 1.0915 1.6262 1.0526 1.2761 1.6967 1.7134 1.6855 1.6013 1.3604 1.4392 1.2355 1.6059 1.4625 0.8911 1.2698 1.4626 1.4065 -0.1508 
2.3337 2.4535 1.9083 2.0798 2.2943 2.5623 2.5442 2.3084 1.9752 1.6404 2.0406 1.7161 2.1055 1.9729 1.8076 1.4398 1.3888 1.3921 1.7113 1.8044 1.9361 1.4557 1.7234 1.2729 1.5233 1.7618 1.9601 1.8683 1.4626 1.1262 0.7058 0.9673 0.0600 
1.2514 2.7376 2.3608 1.9879 1.9878 2.3910 2.2349 1.7309 2.0408 1.2296 1.3490 2.3035 2.3669 2.1794 1.6970 1.6714 1.6932 1.6301 1.6171 2.0293 2.1576 2.0291 1.0430 0.8423 1.6146 1.2396 1.6343 1.6963 1.1823 1.0188 1.1979 1.2614 -0.4725 
1.4774 2.4253 2.4412 2.1632 2.3204 2.1354 2.2303 2.3797 1.9480 1.4222 1.9475 2.0460 1.9675 2.1364 1.7087 1.4123 1.1134 1.3673 1.6211 1.9996 1.7461 1.7808 1.6260 1.0505 1.4774 1.8683 1.6350 1.4381 1.4954 1.2317 1.2914 0.9485 -0.3544 
0.9605 2.4398 2.4935 2.2305 1.8650 1.7816 1.8099 1.5790 1.1396 0.7542 1.8927 1.7447 1.6264 1.7414 1.6035 1.2574 1.2528 1.2020 1.4820 1.6110 1.4037 1.4871 1.5896 0.3685 0.7017 1.0350 1.2445 1.0836 1.0431 1.2731 1.3373 0.9628 -0.5612 
1.1812 1.9464 1.5150 2.0013 1.4637 1.4142 1.3327 1.4352 1.2759 1.1801 1.2817 1.2888 1.6085 1.5669 0.6663 1.1864 1.1676 1.1276 0.5781 1.3953 1.3840 1.0230 0.9572 0.8025 0.8208 0.9407 0.7123 0.7259 0.6516 1.0456 0.3320 0.3937 -1.4777 
2.0166 1.7708 1.9930 1.8485 1.8823 1.3759 1.4219 1.0872 0.6783 1.3308 1.4751 1.4845 1.3995 1.5277 1.2946 0.8149 0.4863 0.7488 1.1986 1.3686 1.2226 1.2503 1.1673 0.9584 0.2477 0.5911 0.8399 0.6879 1.0503 0.9102 0.8414 0.2896 -0.1665 
1.4506 1.7335 1.1324 1.3936 1.0698 1.2117 0.5880 0.4763 0.4337 0.3044 1.0037 0.9981 -0.1344 0.9720 0.6604 0.2357 -0.5051 0.2061 0.5744 0.8311 -0.3800 0.7264 0.6904 -0.0767 -0.0235 -0.0538 -0.0289 0.5133 0.2768 0.4297 0.0059 0.2318 -1.0573 
2.4606 2.1772 1.9819 1.5984 1.3100 1.4834 0.6660 0.4113 1.1829 0.6870 0.5710 0.9440 1.0072 0.6433 0.8189 0.9015 0.5747 0.8372 0.7054 0.5114 0.8072 0.6780 0.2497 0.3113 0.7226 -0.1009 0.0611 0.7856 0.5106 0.6236 0.8090 0.6661 0.2879 
1.9496 2.1523 1.9515 0.9744 1.3666 1.3189 0.5632 0.9784 1.1310 1.0545 0.5935 0.6986 0.7227 0.6562 0.9081 0.9349 0.7961 0.8992 0.7941 0.5217 0.5548 0.4511 0.2784 0.6879 0.6849 0.4590 -0.0590 0.6172 0.5716 0.0033 0.7545 0.6700 -0.1425 
2.0909 2.0869 1.6396 1.8048 1.6056 1.1060 1.2229 1.5952 1.2190 1.6120 1.6423 1.3756 1.0552 1.1241 0.9056 0.6291 1.0930 0.5913 0.7831 0.9772 0.8843 1.1152 1.3215 1.2428 0.7532 1.0493 0.6155 0.4131 0.7642 0.8743 0.4525 0.5951 -0.1264 
2.3782 2.0540 1.9155 1.4073 0.7591 1.4642 1.0218 1.0044 0.8011 0.7808 0.8950 0.5228 0.9491 1.2501 0.7116 0.6240 0.9628 0.5820 0.6244 1.0665 0.7329 0.2581 0.5718 0.4015 0.3502 0.5049 0.4204 0.7682 -0.0280 0.4519 0.7269 0.5646 0.2353 
0.1147 1.6694 1.6625 1.3704 1.4604 0.5507 1.2351 1.1284 1.3679 1.0480 0.8891 1.1830 1.2160 0.5985 0.9683 0.9507 0.0801 0.9121 0.8885 0.4367 0.9959 0.9303 0.5714 0.6708 0.9372 0.6183 0.6196 -0.1668 0.6527 0.4093 0.5122 0.2022 -1.3002 
1.7382 1.3552 1.2565 1.2856 1.4224 1.1642 1.3555 0.9978 1.1086 1.3487 1.1522 1.0446 0.8004 1.2043 1.0697 0.6327 0.9982 0.5889 0.9819 1.0377 0.6071 0.7883 0.8441 0.9768 0.6676 0.4949 0.7516 0.4697 0.6254 0.3172 0.0857 -0.1269 -0.4030 
1.2287 1.7495 1.4632 1.0455 1.3832 1.2022 0.0072 1.4837 1.4702 0.9503 0.6624 1.0830 1.1909 0.5176 0.8075 0.6578 0.7335 0.6113 0.7022 0.3354 0.9785 0.8497 0.3430 0.5774 1.0282 0.9726 -0.5731 0.4990 0.5891 0.0981 0.2859 0.2680 -0.6637 
1.5229 1.5406 1.6735 1.3986 1.0583 1.3418 1.2443 0.9750 0.9705 0.9259 1.0573 1.0513 1.1522 1.3374 0.9100 0.8373 0.3318 0.7752 0.7909 1.1981 0.9541 0.8030 0.7486 0.5570 0.5493 0.4483 0.6219 0.6498 0.2659 0.4348 0.5350 0.0458 -0.5426 
0.9385 1.1536 0.8356 1.1255 1.0448 0.8154 0.9497 0.7001 0.9435 0.8521 0.8600 0.5059 0.6430 0.8458 0.7154 0.9380 0.6232 0.9010 0.6317 0.6802 0.4453 0.2401 0.5537 0.4662 0.5063 0.2104 0.3404 0.1339 0.2371 0.2064 -0.3803 -0.3298 -1.6127 
2.1715 1.9593 1.6013 1.7203 1.9023 1.5425 1.8657 1.9707 1.7417 0.7947 1.1488 1.1918 1.2020 0.9683 0.8666 1.2738 1.3467 1.2330 0.7477 0.8211 0.9868 0.9344 0.8470 0.4043 1.3050 1.4317 1.2764 0.8429 1.0672 0.7662 0.4115 0.4293 -0.0023 
2.3366 2.0963 1.6752 1.6397 1.4096 1.4686 1.3308 1.6255 0.7685 1.0415 1.3480 1.4061 0.6487 0.8444 1.2574 1.2005 0.2131 1.1369 1.1390 0.6865 0.4380 1.1626 1.0345 0.6659 0.3172 1.0888 0.7223 0.7814 0.6079 0.6758 0.5441 0.6045 0.2089 
1.1303 1.5940 1.2841 0.7067 0.9065 0.9282 0.4430 0.9288 -0.3449 0.6820 0.7744 0.5592 1.2744 0.9752 0.6614 0.1284 -0.0697 0.0666 0.5749 0.8283 1.0519 0.2898 0.4670 0.3042 -0.7425 0.3939 -0.1378 0.2310 0.0663 -0.2157 0.1276 0.0622 -1.0103 
2.0466 0.9513 1.2513 0.5394 0.7620 0.7879 0.7879 0.8355 0.9804 0.8501 0.6825 0.2297 0.9141 0.9791 0.8651 0.5934 0.4506 0.5558 0.7489 0.8354 0.6851 -0.0215 0.3633 0.4586 0.5573 0.3083 0.2119 0.0821 -0.0290 -0.4725 0.0322 -0.6237 -0.1411 
