1.4080 1.6489 1.7034 1.7085 1.4068 1.4481 0.9781 1.3303 1.7005 1.3566 1.3591 1.2800 1.4387 1.4406 1.4112 1.2000 0.0592 1.1503 1.3369 1.3314 1.2847 1.0548 1.0838 1.0392 1.3341 0.8753 0.4649 0.8487 0.7288 0.8883 0.7312 0.3922 -0.3874 
1.6668 1.4247 1.2344 1.2535 1.3238 0.6795 1.1603 0.3613 1.0449 1.1215 1.0567 0.9510 0.9599 1.0381 1.0397 0.5624 -0.4393 0.5288 0.9518 0.8945 0.7791 0.7373 0.7833 0.8008 0.6657 -0.0980 0.6627 0.0779 0.6159 0.4344 0.2437 0.1304 -0.2288 
1.5824 1.7130 0.8097 1.3604 1.3367 1.0345 1.0476 0.6284 0.6810 0.6974 0.8543 1.1135 0.3792 1.0628 1.2656 1.1886 0.9302 1.1440 1.1610 0.9352 0.2031 0.8912 0.5885 0.3692 0.2777 0.1929 0.5197 0.4467 0.6291 0.5346 -0.1058 0.4548 -0.2528 
2.0283 1.9258 0.8423 1.1393 0.7700 1.5871 1.5976 1.1917 0.4609 1.4280 1.5756 1.4063 0.2337 1.4929 1.1300 1.1773 1.4379 1.1398 1.0504 1.3712 0.0189 1.1809 1.3133 1.1096 0.1041 0.7551 1.0707 0.9965 0.1037 0.3287 -0.1571 0.6252 0.1846 
2.0574 0.8235 1.5525 1.6947 1.1105 1.0901 0.8844 0.9974 1.3860 1.4756 1.3159 1.3012 1.1370 1.1425 0.3837 0.7554 0.3173 0.7215 0.2918 1.0327 0.9779 1.0648 1.0387 1.1509 1.0237 0.5355 0.3875 0.4932 0.4186 0.8695 0.5555 -0.4500 0.1982 
0.3192 1.4602 1.5199 1.3804 1.3257 0.9113 0.3436 1.0501 1.1014 0.5123 1.0018 0.6023 0.4821 0.4422 0.9273 1.1373 0.7861 1.0965 0.8393 0.2963 0.3050 0.3980 0.7288 0.1858 0.7352 0.5984 -0.1713 0.3095 0.6202 0.5475 0.5296 0.1858 -0.9035 
1.5971 1.7644 1.4649 1.0999 1.1788 1.1375 1.0801 1.0252 1.4592 1.1221 1.0222 1.2101 0.8557 1.0152 1.0822 0.7502 0.8198 0.7163 1.0148 0.8609 0.7092 1.0113 0.7465 0.7987 1.0886 0.5653 0.5568 0.5411 0.4932 0.2764 0.4784 0.4930 -0.1508 
1.7401 0.9068 1.2078 0.7661 0.6665 0.8061 1.0085 0.9660 0.9187 0.8037 1.0698 1.1136 1.1869 0.5414 -0.1114 0.4400 0.7394 0.4070 -0.1709 0.4349 1.0292 0.8936 0.7974 0.4800 0.5367 0.5140 0.4764 0.2058 -0.0550 -0.0553 0.2282 -0.5231 -0.1470 
1.4241 1.5041 1.4734 1.2222 0.7409 0.2029 0.7534 1.0309 1.0273 0.7705 0.5877 0.7191 1.0211 1.0783 0.5160 0.8818 0.9984 0.8419 0.4521 0.9535 0.8308 0.4842 0.3201 0.4534 0.6417 0.5672 0.2362 -0.3677 0.0329 0.4235 0.4885 0.2343 -0.3614 
1.9301 1.2663 1.6753 0.9228 1.0211 1.2470 1.4603 1.5723 1.5501 1.5512 1.2503 1.2294 0.6353 0.9819 1.4179 1.1294 1.4195 1.0880 1.3435 0.8353 0.4669 1.0225 0.9861 1.2222 1.1558 1.1160 0.9663 0.6548 0.3094 0.1169 0.6928 -0.0573 0.0580 
2.3070 1.6121 1.3567 1.0232 1.0843 1.4694 1.3253 1.3211 0.8970 1.0295 1.2417 1.3753 1.3401 1.4895 1.2547 1.2804 0.5658 1.2240 1.1517 1.3667 1.1485 1.1440 0.9838 0.7140 0.5231 0.8538 0.7947 0.8754 0.4080 0.1755 0.3891 0.2487 0.4509 
0.7278 1.5425 1.3411 1.4228 1.4813 1.2118 1.4362 1.1546 1.3894 1.3100 1.1721 1.3556 1.0904 1.1346 0.5100 0.4703 1.0882 0.4380 0.4408 1.0228 0.9152 1.1287 0.9059 0.9819 1.0249 0.7338 0.9273 0.6157 0.7924 0.6025 0.3440 0.2519 -0.9331 
0.4864 1.3397 1.3312 1.4692 1.1752 1.3134 1.2776 1.0304 1.1113 0.7827 0.6403 1.3124 0.9812 0.7143 0.5275 1.2223 1.1123 1.1731 0.4552 0.5553 0.7922 1.0757 0.3845 0.4608 0.7444 0.5688 0.7567 0.7186 0.4861 0.6642 0.3321 0.0393 -1.5525 
2.4186 2.1858 1.5512 1.6773 1.4977 1.5577 1.6417 1.5837 1.4299 1.3990 0.7591 0.8494 0.9562 1.2655 1.2758 1.2794 1.3654 1.2250 1.1712 1.1260 0.7760 0.6393 0.4824 1.0782 1.0580 1.1240 1.1194 0.9611 0.8065 0.8454 0.5463 0.8612 0.5487 
1.1426 1.2747 1.1981 1.0147 1.1370 1.1266 0.8966 0.8921 1.2058 0.8054 0.9980 1.0907 0.5244 0.7346 0.5030 0.3276 0.7662 0.2815 0.4320 0.5888 0.3594 0.8627 0.7248 0.4866 0.8277 0.4609 0.4083 0.5297 0.4549 0.1775 0.2082 -0.0482 -0.7870 
1.8080 1.2804 1.6269 1.6654 1.6790 1.6785 1.3619 1.3934 1.3939 1.5104 1.4720 1.4982 1.5066 1.1832 0.8130 1.2921 0.8105 1.2385 0.7388 1.0612 1.3427 1.2986 1.2081 1.1834 1.0304 0.9614 0.8387 1.0845 1.0036 0.8433 0.6305 -0.0316 -0.0186 
2.0400 1.5766 1.4713 1.4366 1.0827 1.1214 1.2091 1.2889 1.3912 1.5321 1.5870 1.4856 0.8394 1.0799 1.0098 1.0890 0.8460 1.0536 0.9020 0.9577 0.6851 1.2823 1.3184 1.2057 1.0272 0.8343 0.7156 0.5314 0.4175 0.6246 0.4823 0.2392 0.1521 
0.0028 1.3017 1.2130 1.1966 1.2030 1.1742 1.2004 1.1007 1.3390 1.0397 1.1872 1.0560 1.0814 1.1189 0.9048 1.1432 1.0094 1.1071 0.8210 1.0121 0.9041 0.8276 0.9222 0.7233 0.9583 0.6685 0.7115 0.5811 0.5098 0.4021 0.2254 0.0107 -1.8579 
2.4541 1.9501 1.5798 1.5916 1.3515 1.2825 0.7260 1.4369 0.5677 0.7047 1.2809 1.3938 1.0617 1.2695 0.9449 1.0780 0.7234 1.0437 0.8456 1.1275 0.8710 1.1692 1.0146 0.3820 0.1925 1.0170 0.1923 0.6914 0.6556 0.7604 0.5670 0.6328 0.5906 
2.1953 1.6047 1.4796 1.3129 1.3702 1.4362 1.2876 1.1607 0.7129 1.1084 1.1392 0.6713 1.1598 0.8021 1.0366 0.6314 0.8777 0.5850 0.9432 0.7001 1.0121 0.4569 0.8715 0.7838 0.3394 0.7377 0.7574 0.8404 0.7000 0.4641 0.5052 0.3366 0.3121 
1.6126 1.5207 1.1384 1.6379 1.1157 1.0828 0.9190 1.0882 1.1585 1.1481 1.1159 1.1659 0.2049 1.1266 1.0037 0.8529 0.7673 0.8177 0.8957 1.0182 0.0292 0.9589 0.8442 0.8335 0.7872 0.6511 0.4212 0.4860 0.4407 0.8074 0.1551 0.2250 -0.3635 
2.0109 1.9942 1.6722 1.2100 0.7557 1.3489 0.9177 0.9023 1.0039 1.0038 1.0205 1.3020 1.4278 1.4118 1.5674 1.0700 1.3739 1.0349 1.4634 1.3057 1.2671 1.0667 0.7442 0.6744 0.6041 0.4680 0.4214 0.7531 0.0846 0.4110 0.6793 0.7235 0.1310 
1.4386 1.1598 1.5956 1.4356 1.6557 1.3146 0.9292 1.3292 1.0261 1.4156 1.3305 1.3120 0.9767 0.7422 0.6245 0.7286 0.7307 0.6872 0.5437 0.6004 0.7932 1.0715 1.0563 1.0958 0.6375 0.8669 0.4281 0.7156 0.9675 0.6237 0.5846 -0.0962 -0.5032 
1.7559 1.9830 1.8644 1.6075 1.6795 1.2531 1.3520 1.3761 1.2325 1.1461 1.3643 1.4370 1.1866 1.3207 0.8530 0.9981 1.1226 0.9454 0.7753 1.1699 1.0308 1.2199 1.0921 0.8292 0.8462 0.9353 0.8325 0.6514 1.0032 0.7640 0.8487 0.7239 0.0133 
1.8103 1.3716 1.2586 1.4174 0.8762 1.3606 1.5127 1.0848 1.4208 1.2580 1.1541 1.2894 1.0983 1.1641 1.1431 0.9063 0.6718 0.8541 1.0669 1.0488 0.9252 1.0599 0.8878 0.9334 1.0512 0.6429 1.0162 0.7626 0.1881 0.5895 0.2766 0.1442 -0.0927 
2.2249 2.4620 1.7865 1.8196 1.2779 1.6294 2.0387 1.6661 2.0726 1.8940 1.1936 1.9405 1.8260 1.7232 1.4082 1.1106 0.0765 1.0721 1.3350 1.6139 1.6549 1.7113 0.9190 1.5622 1.6990 1.2153 1.5391 1.0333 0.5560 1.0149 0.7663 1.1628 0.4947 
2.7722 2.3795 2.7732 2.6349 2.5320 2.3564 2.0898 2.0933 2.0739 2.0328 2.1652 1.6112 1.9534 1.9338 1.7515 1.7397 1.7262 1.7041 1.6761 1.7917 1.7688 1.3726 1.9041 1.7128 1.6996 1.6595 1.5976 1.7589 1.8298 1.8228 1.7625 1.0891 0.9147 
3.0509 3.3294 3.2301 2.9165 2.7814 2.5899 2.6249 2.5382 2.2331 2.3347 2.3180 2.2679 2.1740 2.1509 2.2283 2.1160 2.0503 2.0660 2.1369 2.0132 1.9866 2.0380 2.0413 2.0178 1.8476 2.0836 2.1139 1.9943 2.0633 2.0930 2.2441 2.0386 1.0239 
3.6149 4.0122 3.8763 3.1497 3.2265 3.1705 3.0056 3.1133 3.1253 2.7182 2.9112 2.7959 2.7421 2.6471 2.7261 2.6412 2.7038 2.6062 2.6324 2.5351 2.5642 2.5587 2.6353 2.3945 2.7409 2.6512 2.5105 2.5766 2.5446 2.3300 2.8858 2.7219 1.7170 
3.8872 4.1923 3.8154 3.6997 3.4440 3.3035 3.1622 3.1074 2.8076 2.9813 2.8632 2.8342 2.8395 2.8263 2.7619 2.7905 2.8120 2.7352 2.6587 2.6829 2.6514 2.6042 2.5912 2.6556 2.4129 2.6399 2.6382 2.7091 2.7547 2.8647 2.8226 2.9074 1.7902 
3.4621 4.0802 3.9899 3.7801 3.5418 3.4548 3.3462 3.2226 3.2041 3.1671 3.1737 3.0923 3.0572 3.0187 2.9915 2.9696 2.9748 2.9290 2.9072 2.8873 2.8740 2.8562 2.9020 2.8493 2.8356 2.8022 2.8334 2.8602 2.8603 2.9552 2.9707 2.8169 1.6170 
4.0105 4.2901 3.9525 3.2437 2.9533 2.8981 2.6223 2.8087 2.6415 2.5147 2.3931 2.5302 2.4060 2.3904 2.3780 2.2545 2.2457 2.2225 2.2977 2.2676 2.2420 2.3001 2.1343 2.2009 2.2761 2.3444 2.1197 2.3098 2.2782 2.4479 2.9331 2.9783 1.9337 
3.0683 4.1141 4.0104 3.5868 3.4885 3.4035 3.2585 3.2698 3.1788 3.1354 3.1064 3.0663 3.0209 2.9807 2.9388 2.9335 2.9190 2.8982 2.8647 2.8591 2.8496 2.8404 2.8296 2.8190 2.8147 2.8406 2.7647 2.8087 2.8124 2.7909 2.9991 2.8464 1.4659 
3.8375 4.2143 3.8331 3.6419 3.4334 3.2581 3.1564 3.1374 3.0622 3.0098 2.9806 2.9216 2.8891 2.8709 2.8415 2.8378 2.8085 2.8061 2.7609 2.7497 2.7184 2.7022 2.7169 2.6832 2.6649 2.6853 2.6336 2.6636 2.7375 2.8257 2.8411 2.9258 1.6828 
3.8839 4.1457 3.7861 3.4936 3.2256 3.1241 3.0600 2.9706 2.8830 2.8285 2.7841 2.7121 2.6808 2.6523 2.6287 2.6124 2.6183 2.5733 2.5510 2.5396 2.5243 2.5094 2.5142 2.5135 2.5193 2.5419 2.5457 2.5324 2.5460 2.6783 2.8100 2.8665 1.9069 
3.8538 4.2251 4.0221 3.6471 3.4861 3.3723 3.2380 3.1438 3.1375 3.1033 3.0559 3.0038 2.9682 2.9338 2.9156 2.8888 2.8611 2.8515 2.8395 2.8250 2.8151 2.8034 2.7959 2.7780 2.7632 2.6940 2.7401 2.7779 2.8099 2.8288 3.0116 2.9326 1.7367 
3.4390 4.1258 4.0484 3.7289 3.5897 3.4920 3.4060 3.3370 3.1961 3.1666 3.1668 3.1437 3.1233 3.1014 3.0531 3.0276 3.0102 2.9766 2.9508 2.9452 2.9320 2.9165 2.8953 2.8489 2.8279 2.8883 2.8772 2.8975 2.8980 2.9031 3.0626 2.8595 1.6129 
4.0958 4.3360 3.9357 3.6458 3.2528 3.0413 2.8686 2.8031 2.8640 1.9735 2.2943 2.4465 2.2903 2.2394 2.1097 2.1928 2.2091 2.1442 2.0257 2.1082 2.1272 2.2383 2.0354 1.6082 2.5028 2.3427 2.3567 2.4589 2.5754 2.8332 2.9269 3.0499 2.0518 
3.6916 4.2792 4.1358 3.7491 3.5958 3.4881 3.4112 3.2968 3.2834 3.2184 3.2302 3.2367 3.1599 3.1340 3.0756 3.0357 3.0430 2.9842 2.9699 2.9958 2.9800 3.0295 2.9620 2.8969 2.9068 2.8589 2.8836 2.8933 2.9025 2.9228 3.1495 2.9823 1.3489 
4.0575 4.3127 3.9125 3.2781 3.1240 2.9567 2.8508 2.6448 2.8841 2.7223 2.5955 2.5974 2.5351 2.3419 2.4272 2.3336 2.5629 2.2964 2.3359 2.2286 2.3459 2.3744 2.3271 2.3997 2.5232 2.2314 2.3359 2.3751 2.4373 2.5020 2.9143 3.0127 2.0359 
3.6711 4.2910 4.0790 3.8476 3.6993 3.5521 3.4829 3.4199 3.3542 3.2590 3.2285 3.1782 3.1580 3.1313 3.0775 3.0697 3.0408 3.0155 2.9717 2.9916 2.9773 2.9505 2.9575 2.9348 2.9576 2.9599 2.9645 2.9573 2.9830 3.0447 3.0991 2.9911 1.2683 
4.0495 4.3127 3.9248 3.6452 3.3237 3.1576 3.0435 2.9561 2.9538 2.7866 2.7196 2.8214 2.7411 2.6841 2.5374 2.5225 2.8459 2.4904 2.4503 2.5621 2.5645 2.5893 2.4626 2.4602 2.5830 2.5347 2.5368 2.5676 2.6300 2.8331 2.9224 3.0123 2.0179 
3.7110 4.2337 4.1049 3.6480 3.4901 3.4045 3.3140 3.2264 3.1225 3.1141 3.0345 3.0895 3.0275 2.9909 3.0053 2.9517 2.8331 2.9147 2.9190 2.8666 2.8540 2.8548 2.7742 2.7985 2.7384 2.8060 2.8145 2.8095 2.8137 2.8273 3.1197 2.9422 1.4171 
3.9239 4.1606 3.7889 2.9481 2.9620 2.8637 2.7763 2.6113 2.5506 2.6762 2.7181 2.2616 2.3389 2.3697 2.3927 2.1599 2.2578 2.1224 2.3046 2.2517 2.1933 2.0320 2.4577 2.3549 2.1986 2.1929 2.2608 2.2772 2.2867 2.1826 2.8142 2.8776 1.9309 
3.8088 4.1721 3.8759 3.8487 3.5854 3.4335 3.3262 3.2109 3.1656 3.1522 3.1520 2.8180 2.8908 2.9676 2.9945 2.8458 2.7548 2.8129 2.9094 2.8499 2.7206 2.5836 2.8784 2.8347 2.8041 2.7887 2.8214 2.8382 2.8931 3.0451 2.8770 2.8942 1.6885 
3.2681 3.9945 3.9783 3.8095 3.4243 3.3237 3.2475 3.1223 2.9575 2.9380 3.0140 3.1083 2.9442 3.0129 2.8575 2.8503 2.7880 2.8170 2.7858 2.8830 2.8004 2.8720 2.7558 2.6238 2.5858 2.6611 2.7516 2.7308 2.7242 2.9876 2.9633 2.6949 1.3417 
3.7137 4.0140 3.7777 3.4360 3.0166 2.9756 2.7644 2.9314 2.9725 2.6533 2.8391 2.5891 2.4722 2.6223 2.5140 2.6111 2.3962 2.5717 2.4136 2.5116 2.2851 2.3626 2.5646 2.3336 2.5965 2.5116 2.2422 2.3758 2.3065 2.6061 2.8017 2.7187 1.6165 
2.9633 3.8899 3.5304 3.8056 3.5663 3.4429 3.3684 3.2980 3.1993 3.1714 3.0623 3.1524 3.0759 3.0181 2.9269 2.8456 2.7079 2.8131 2.8484 2.8863 2.8868 2.9264 2.8024 2.8524 2.8301 2.8607 2.8464 2.8472 2.8783 2.9893 2.5447 2.6112 1.2680 
3.7933 4.0485 3.8042 3.8089 3.5005 3.2321 3.0194 2.7846 2.4526 2.6387 2.8310 2.8065 2.6714 2.5936 2.7422 2.7283 2.2110 2.6773 2.6425 2.4827 2.5172 2.5712 2.5571 2.3278 2.0474 2.3291 2.5157 2.6355 2.8210 2.9920 2.8220 2.7678 1.7392 
3.4118 3.9511 4.0005 3.6173 2.2060 2.7450 2.3051 2.7151 2.9538 2.5725 2.5842 2.5790 2.5302 2.3320 2.4598 2.6465 0.9479 2.6103 2.3597 2.2197 2.3385 2.3514 2.3142 2.2529 2.5834 2.2757 1.7741 2.1582 1.4454 2.8085 2.9834 2.6599 1.0647 
3.7663 3.9907 3.5348 3.7101 3.0999 3.0057 2.9668 3.0337 2.1140 2.7632 0.7356 2.5355 2.4506 2.4154 2.3708 2.5739 2.2840 2.5388 2.2909 2.2865 2.2708 2.3057 0.3403 2.4360 1.7298 2.5858 2.4754 2.4073 2.3774 2.8764 2.5631 2.6747 1.7609 
3.4749 4.0220 3.6962 3.9504 3.6483 3.4618 3.2955 3.4373 3.2285 3.1654 3.1419 3.0674 3.0234 3.0613 2.9687 2.9077 3.0166 2.8683 2.8888 2.9193 2.8510 2.8407 2.8682 2.8465 2.8574 2.9856 2.8032 2.8664 2.9365 3.1304 2.6726 2.7385 1.2486 
3.6650 4.0048 3.8246 3.8280 3.5305 3.3735 3.2354 2.7578 2.8041 2.3342 2.5970 2.7417 2.7615 2.7054 2.6466 2.5066 1.3170 2.4490 2.5696 2.5770 2.5774 2.5283 2.3240 2.0109 2.3985 2.3091 2.7322 2.7770 2.8509 3.0221 2.8429 2.6984 1.5854 
2.9678 3.8512 3.9018 3.5239 2.7689 2.8421 2.9851 2.7427 2.8072 2.8380 2.3698 2.1919 2.2925 2.0142 2.3431 2.5437 2.5100 2.5112 2.2683 1.9039 2.1191 1.9576 2.1025 2.5208 2.4113 2.2922 2.4952 2.2517 2.0375 2.7042 2.9040 2.5860 0.7516 
3.7160 3.9914 3.5993 3.6093 3.2842 3.1058 3.0476 2.9898 3.1117 2.4213 2.9577 2.8153 2.7350 2.6566 2.6215 2.5914 2.5910 2.5536 2.5447 2.5424 2.5592 2.5797 2.6927 2.0945 2.7184 2.5566 2.5332 2.5122 2.5885 2.8079 2.6042 2.6802 1.6656 
3.4298 3.8688 3.3818 3.7527 3.4069 3.3917 3.3872 3.1487 2.9646 2.7621 2.9937 2.8209 2.7769 2.6836 2.6748 2.6602 2.8110 2.6228 2.5949 2.5610 2.5877 2.5876 2.7307 2.4304 2.5928 2.6949 2.8599 2.7953 2.6943 2.9296 2.3592 2.5895 1.5651 
3.8283 4.0940 3.7913 3.7318 3.3868 3.1785 3.2299 3.1288 2.7162 2.7646 2.6009 2.6079 2.4073 2.3058 2.3948 2.3076 2.4444 2.2702 2.3135 2.2020 2.2435 2.3874 2.3310 2.4383 2.3340 2.6694 2.7306 2.5846 2.6733 2.9032 2.8073 2.8206 1.7477 
2.4169 3.8888 3.9697 3.7569 3.3654 2.4805 3.0946 3.4703 3.2971 3.2311 2.9353 2.8766 2.8617 2.8473 2.7587 2.8502 2.9582 2.8183 2.6556 2.7153 2.6815 2.6484 2.6672 2.9144 2.9186 3.0346 2.5717 1.8317 2.6487 2.9288 2.9543 2.6169 0.9324 
3.6608 3.9265 3.6265 3.7217 3.4658 3.2435 3.4122 3.2955 2.8162 2.9207 2.8004 2.6490 2.5995 2.5431 2.6097 2.6403 2.5427 2.6055 2.5349 2.4081 2.4317 2.4441 2.5229 2.6000 2.4290 2.8575 2.8836 2.6472 2.7788 2.8917 2.6233 2.6317 1.5995 
2.6552 3.7676 3.3142 3.7630 3.1670 2.9387 3.4190 3.2935 3.1440 3.0233 3.1140 3.0197 2.9492 2.8078 2.8503 2.8773 2.8265 2.8415 2.7757 2.6536 2.8030 2.8126 2.8377 2.6980 2.7742 2.8552 2.8955 2.3449 2.4843 2.9359 2.3104 2.5060 1.0466 
3.6514 3.8803 3.5502 3.3629 3.2202 3.0220 2.2214 2.8012 2.7262 2.6362 2.4143 2.0379 2.2454 2.0000 2.2952 2.1857 2.2418 2.1283 2.2250 1.8993 2.0599 1.8293 2.1487 2.3231 2.3378 2.3348 1.7229 2.4293 2.5415 2.5414 2.5571 2.5932 1.5899 
3.0208 3.5680 3.4716 2.9521 3.0097 2.5632 2.7798 2.3358 2.6063 2.5040 1.8676 2.3042 2.2225 2.0170 2.0005 2.5057 2.5171 2.4557 1.9335 1.9093 2.0323 2.0817 1.6191 2.1706 2.2390 1.9183 2.2584 1.9530 2.3165 2.1400 2.4957 2.2954 1.1608 
2.8243 3.1552 2.9023 2.9296 2.6174 2.6055 2.5118 2.5445 2.4990 2.4367 2.3160 2.4908 2.0850 2.1334 2.0275 2.1433 2.0668 2.0922 1.9492 1.9998 1.9260 2.2564 2.0413 2.1083 2.0985 2.0941 1.9856 2.0072 1.9392 2.1158 1.9187 1.8913 0.7485 
2.0503 2.4042 2.5952 2.0276 2.5765 2.5986 1.5260 2.4671 2.3027 2.4062 2.4065 2.3386 1.8693 1.9464 1.8307 1.9670 2.0534 1.9332 1.7374 1.8110 1.6840 2.1315 2.1432 2.0818 1.9365 2.0114 1.0469 2.0027 1.9046 1.1825 1.6207 1.1311 0.3627 
2.8629 2.6696 2.8000 2.6294 2.2967 2.8296 2.5034 2.0383 1.8704 1.9067 2.0221 2.3031 2.3397 1.9562 1.9996 1.8589 1.8121 1.8055 1.9272 1.8284 2.1927 2.0810 1.7453 1.5826 1.4731 1.6197 1.9681 2.2343 1.6298 1.8067 1.7887 1.3741 1.0395 
1.6013 2.0836 2.2326 2.3996 2.4646 1.9241 2.0407 1.6718 1.8885 2.2974 2.0332 2.0648 1.6541 1.6672 1.0600 1.4668 1.2711 1.4282 0.9820 1.5405 1.4705 1.8587 1.7604 1.9786 1.4874 1.2144 1.5427 1.3337 1.7465 1.6074 1.2304 0.8151 -0.5810 
2.3146 2.3060 2.4488 2.0491 1.6257 2.5520 2.4485 2.0293 1.7238 2.2063 2.1625 2.4801 1.9664 1.4011 1.3438 1.4279 1.5083 1.3917 1.2670 1.2997 1.7860 2.2492 1.9053 1.8802 1.3585 1.6072 1.9358 1.9582 0.9254 1.2369 1.4397 1.0280 0.4333 
1.9004 2.3338 2.3722 2.1989 2.3455 2.4785 2.3900 1.9387 2.0157 2.2679 2.1815 2.5935 2.3503 2.0864 1.9318 1.9619 0.7249 1.9281 1.8419 1.9642 2.2037 2.3680 1.9147 1.9491 1.6479 1.4776 1.8982 1.8842 1.6671 1.3624 1.3842 1.0673 0.1402 
2.2052 2.0797 1.7396 2.2588 2.1059 2.0688 2.0303 1.6903 1.9990 1.5047 1.9903 1.9760 2.1191 1.7656 1.3017 1.2550 0.9665 1.1996 1.1975 1.6484 1.9498 1.7480 1.7202 1.1754 1.6318 1.2525 1.5191 1.4746 1.4098 1.4350 0.7729 0.7903 0.2450 
1.4431 1.6433 1.9141 2.0384 1.6438 2.0040 1.5501 1.5242 1.1673 1.6606 1.4182 1.9200 1.6216 0.7737 1.1263 0.7087 0.8442 0.6473 1.0512 0.6506 1.4326 1.6855 1.1388 1.3452 0.7906 1.0757 1.0447 1.4094 0.9533 1.2226 0.9157 0.3496 -0.1994 
1.7745 1.8031 1.9374 1.3162 1.7347 1.4264 1.7000 1.5078 1.4293 0.6097 1.3712 1.7534 1.1402 0.8998 0.8952 1.0874 1.3590 1.0550 0.8080 0.7743 0.9760 1.5481 1.1018 0.2643 1.0577 1.0702 1.1836 0.8381 1.0503 0.4922 0.9380 0.5291 -0.0857 
2.2259 1.9986 1.6543 1.6088 1.3907 1.5687 1.7953 1.3215 1.4108 1.6664 1.5767 1.4140 1.5876 1.2832 1.4318 1.2346 1.1227 1.1812 1.3549 1.1346 1.3978 1.1916 1.3126 1.3496 1.0435 0.8543 1.3055 0.9771 0.7170 0.7696 0.6560 0.7144 0.3197 
1.1157 1.3920 0.5861 1.5408 1.5673 1.0809 1.4024 1.2232 1.0441 1.0332 1.4174 1.4283 0.9466 1.1281 0.8478 0.8882 0.2487 0.8440 0.7744 1.0186 0.7727 1.2070 1.1432 0.7195 0.6630 0.7828 0.8857 0.4767 0.8527 0.7319 -0.3421 0.1276 -0.6085 
2.2061 1.9592 1.8819 1.6447 1.4881 1.4969 1.1134 1.2914 1.1932 1.2412 0.9061 0.8831 1.1399 1.1502 0.6392 1.1636 1.0465 1.1278 0.5419 1.0394 0.9871 0.6813 0.6404 0.9137 0.8163 0.8314 0.5989 0.9005 0.7974 0.8147 0.8624 0.6746 0.3182 
2.2913 1.9123 1.2515 1.3893 1.6904 1.4597 1.5038 1.1391 1.2143 1.3927 0.9502 1.5482 1.4075 1.1119 0.8851 1.2111 0.2585 1.1623 0.8045 1.0018 1.2369 1.3331 0.6762 1.0730 0.8320 0.7169 1.0119 0.8610 1.0144 0.5786 0.2425 0.5714 0.4371 
2.2071 1.7919 1.4165 1.0899 1.2691 1.5189 1.4058 1.6001 1.6137 0.7978 1.3865 1.2375 1.3241 1.3893 1.1151 1.1043 0.8460 1.0660 1.0418 1.2715 1.1349 1.0293 1.1143 0.4860 1.2152 1.1375 0.8897 0.9246 0.5603 0.2620 0.4351 0.4940 0.3517 
1.6341 1.6601 1.1423 1.0754 1.3424 0.8628 1.2011 1.0200 1.3097 1.0168 0.7400 1.2048 1.3029 1.3082 1.0036 1.0403 0.7356 1.0118 0.8899 1.1483 1.1111 1.0106 0.4679 0.6881 0.9144 0.5458 0.7080 0.2711 0.6457 0.2457 0.1482 0.3928 -0.1608 
0.9421 1.6190 1.6264 0.9830 1.2872 1.2091 1.2467 1.6247 1.2078 0.9226 1.0022 1.2678 1.3709 0.3893 1.0541 1.1537 0.4436 1.1170 0.9767 0.2342 1.1904 1.0472 0.7293 0.5906 0.8216 1.1622 0.7436 0.6104 0.5636 0.1472 0.6166 0.3481 -0.7135 
1.9224 1.6670 1.4599 1.3046 1.3876 1.0531 1.6717 1.3324 1.0181 1.4361 1.3092 1.4099 1.3196 1.2167 1.0561 1.2978 0.9371 1.2431 0.9848 1.0865 1.1305 1.1875 1.0308 1.1137 0.6150 0.8663 1.1476 0.4666 0.7141 0.4702 0.4682 0.4340 0.0504 
1.9183 1.3125 1.6993 0.6608 1.3095 1.4936 1.1391 1.6599 1.4057 1.4282 1.3458 1.4128 1.3700 1.3278 1.2644 1.2785 1.0012 1.2255 1.1607 1.1795 1.1872 1.1897 1.0745 1.1036 1.0385 1.2145 0.6364 0.9003 0.5956 -0.1424 0.7233 0.0105 0.0606 
2.3113 1.5973 1.6737 1.7648 1.2652 1.2343 0.4804 1.3703 1.3843 1.1878 1.0126 1.1424 0.9907 1.2867 1.2423 1.3352 1.0701 1.2999 1.1437 1.1391 0.7968 0.9335 0.7326 0.8627 1.0216 0.9305 -0.0415 0.6317 0.5575 0.9643 0.6865 0.1938 0.4442 
2.4656 2.2118 1.7416 1.7916 1.5737 1.0161 1.2689 1.6475 1.3459 1.1446 1.3699 1.5997 1.3413 1.4094 1.6172 1.1704 1.0228 1.1303 1.5160 1.3019 1.1494 1.3642 1.0988 0.8298 0.9647 1.1957 0.7561 0.4135 0.8565 0.9899 0.7617 0.8927 0.6022 
2.4040 1.7954 1.1170 1.4295 1.5837 1.3167 1.3568 1.0399 1.8242 1.5531 1.3953 1.3655 1.1449 1.1147 1.3111 1.3338 0.7251 1.2980 1.2048 1.0105 0.9978 1.1385 1.1226 1.2229 1.4387 0.5966 0.8371 0.7219 0.8664 0.6073 0.1287 0.4748 0.5438 
1.9394 1.8963 1.9204 1.7897 1.7401 1.4287 1.2288 1.3459 0.8059 1.1597 1.0571 1.5113 1.1227 1.2814 1.2794 0.4270 1.2459 0.3656 1.1730 1.1381 0.9553 1.3120 0.7913 0.8424 0.4328 0.8916 0.7313 0.8288 1.0584 0.9926 0.9117 0.5979 0.0846 
2.2397 2.0157 1.7158 1.7972 1.3596 1.2491 1.6674 1.6591 1.3647 1.1531 0.8497 1.4583 1.4095 1.3193 1.3458 1.0346 0.9406 0.9969 1.2619 1.1684 1.2411 1.2544 0.5844 0.8366 0.9986 1.2120 1.1440 0.6610 0.6614 0.9957 0.7342 0.7304 0.3719 
1.2720 1.5173 1.0247 1.0543 1.4130 0.9286 1.3194 1.1744 1.3043 1.3341 1.2066 0.8990 1.1113 0.9576 1.2545 1.1039 0.6641 1.0657 1.1540 0.8203 0.9434 0.6959 0.9433 1.0181 0.9043 0.7466 0.7916 0.3307 0.7325 0.2386 -0.0039 0.2330 -0.5966 
2.1683 1.7349 1.3252 1.1767 1.5653 1.5992 1.2631 1.4521 1.3941 1.2697 1.2330 1.0920 0.8173 1.3846 1.0976 1.0209 1.1251 0.9773 1.0253 1.2679 0.6549 0.8680 0.9713 0.9435 1.0280 1.0310 0.7484 1.0018 0.8520 0.3505 0.3235 0.4328 0.2857 
2.1498 1.9553 1.7438 1.4376 1.4394 1.3937 1.4369 1.3965 1.1520 1.2261 1.3638 1.2286 0.8641 0.7124 0.3757 0.9296 -0.7425 0.8795 0.2844 0.5563 0.7155 1.0208 1.0902 0.9028 0.7793 0.9644 0.9315 0.7974 0.7555 0.6188 0.7601 0.6725 0.2823 
2.3134 2.1059 1.7965 1.6482 1.6467 1.6465 1.1289 1.4959 1.5337 1.4227 1.3764 0.7118 1.1783 1.0488 1.1503 1.3665 0.8339 1.3324 1.0770 0.9108 1.0259 0.4678 1.1045 1.1003 1.1432 1.0632 0.6059 1.0503 0.9534 0.8183 0.7998 0.8100 0.4480 
1.5935 1.3586 1.5010 0.8141 0.6260 1.0931 0.7702 1.0797 0.1371 1.1906 0.2173 1.0358 1.0855 1.1678 1.2946 1.0956 1.0505 1.0585 1.1892 1.0509 0.9132 0.8024 -0.0601 0.8667 -0.2103 0.6403 0.2441 0.4960 -0.0552 0.0142 0.5043 0.1235 -0.2933 
1.9977 1.0788 1.0575 1.4336 0.7991 0.8953 1.2637 1.2483 1.0765 1.3105 0.8268 0.6751 1.1759 1.2392 1.2177 1.1242 0.9064 1.0820 1.1325 1.1077 1.0211 0.4519 0.5564 0.9791 0.7155 0.7986 0.7513 0.3061 0.1418 0.6151 0.1178 -0.1588 0.1342 
2.1422 1.7402 1.0616 0.2656 1.0850 1.2846 1.1412 1.1676 1.1512 1.0009 0.8531 1.0040 0.9303 0.7530 0.9895 1.0176 0.9893 0.9667 0.8838 0.6222 0.7595 0.7693 0.5840 0.6713 0.7816 0.7406 0.6462 0.6849 0.4199 -0.6218 0.1257 0.5060 0.2674 
2.0243 1.3706 1.0672 0.7662 1.0124 1.5099 1.3054 0.2938 0.6247 1.5143 1.2292 1.1613 0.6993 0.2641 1.0069 1.0160 0.6075 0.9656 0.8987 0.1473 0.5057 0.9563 0.9658 1.1887 0.2316 -0.1504 0.7747 0.9148 0.3057 -0.0502 0.1026 0.1213 0.1783 
2.0523 1.9298 1.9216 1.6875 1.4448 1.2002 1.2330 1.1475 1.3308 1.3498 1.4233 1.2889 1.1748 1.3061 1.2289 1.3166 1.2337 1.2674 1.1384 1.1480 1.0239 1.0570 1.1472 1.0339 0.9448 0.7284 0.7308 0.6060 0.7607 0.8565 0.9114 0.6308 0.1932 
2.4340 1.9482 1.4869 1.3778 1.3371 1.1812 1.3654 1.6903 1.2425 1.3711 1.2911 1.4122 1.4924 1.4921 1.0697 0.4976 0.0647 0.4585 0.9982 1.3690 1.3342 1.1912 1.0211 1.0540 0.8514 1.2564 0.8448 0.5824 0.6325 0.5472 0.4867 0.6215 0.5507 
1.3963 1.1350 1.4153 1.4639 1.0564 1.0275 0.9028 1.2598 1.0426 0.8010 0.8397 1.3278 1.2481 1.1275 0.5487 0.8120 1.1077 0.7776 0.4691 1.0167 1.0711 1.0956 0.5711 0.4812 0.6641 0.8094 0.4200 0.4264 0.3522 0.6689 0.4501 -0.1660 -0.7553 
1.4282 1.3107 1.3774 0.8628 1.3828 1.3670 1.0269 1.0299 1.3332 1.3133 0.8270 1.2598 0.4603 1.0527 0.7382 0.8002 0.4165 0.7628 0.6439 0.9184 0.2630 1.0413 0.5538 0.9865 0.9474 0.5677 0.5038 0.7681 0.7119 0.0626 0.3948 0.0206 -0.3717 
1.4472 1.4163 1.3545 1.6304 1.4311 1.2085 1.4069 1.5659 0.7344 1.2573 1.3776 0.9346 0.4587 1.2311 1.1036 1.1747 0.4479 1.1372 1.0297 1.0999 0.2855 0.7247 1.1063 0.9289 0.3414 1.1106 0.8921 0.6158 0.7443 0.8005 0.3654 0.1461 -0.4162 
0.8238 0.8463 0.8357 0.9896 0.8672 0.7133 1.1379 0.8137 0.2304 1.0824 0.6793 0.9379 0.4889 0.8019 1.0474 0.8217 0.8464 0.7782 0.9669 0.6825 0.3277 0.7277 0.4187 0.7638 -0.1729 0.4013 0.6249 0.1343 0.1855 0.1491 -0.1178 -0.4634 -1.5349 
