2.9397 2.7529 2.2315 2.4339 2.1549 1.8857 1.7423 1.9778 1.9231 1.8834 1.7543 1.7435 1.7137 1.5351 1.6120 1.6201 1.7559 1.5621 1.5090 1.4024 1.4825 1.4683 1.4273 1.5111 1.4782 1.4541 1.1174 1.1802 1.3524 1.4470 1.0822 1.1982 0.7773 
3.3341 3.3599 3.0458 2.8421 2.6833 2.5789 2.4982 2.4487 2.3566 2.2012 2.3293 2.1677 2.1411 2.1204 2.1838 2.1162 2.0602 2.0783 2.0985 1.9613 1.9275 1.8981 2.0200 1.8216 1.8896 1.9019 1.8781 1.8735 1.8571 1.8659 1.8667 1.8649 1.1658 
4.0368 4.0244 3.2486 3.1994 3.0482 2.9426 2.8940 2.9255 2.8420 2.7766 2.6486 2.5808 2.6096 2.5832 2.5532 2.4855 2.4559 2.4460 2.4641 2.4544 2.4332 2.3330 2.3367 2.3857 2.4100 2.4269 2.2851 2.2378 2.2191 2.2202 2.1033 2.5102 1.8719 
4.1310 3.4066 3.6598 3.4768 3.2038 3.0556 2.9951 2.6617 2.7768 2.6785 2.6638 2.6587 2.5430 2.5067 2.5156 2.4481 2.4301 2.4021 2.4344 2.3632 2.3450 2.4237 2.3540 2.2912 2.3018 2.1409 2.4138 2.3511 2.3966 2.4875 2.5010 1.8372 1.9469 
4.0930 3.6988 3.7008 3.2536 2.9705 2.7399 2.7270 2.8222 2.6219 2.5916 2.5670 2.5514 2.4550 2.4718 2.4538 2.4249 2.4008 2.3602 2.3467 2.3115 2.2276 2.2887 2.2399 2.2188 2.1797 2.2837 2.1187 2.0321 2.1554 2.2718 2.5303 2.1903 1.9044 
4.0658 4.4556 4.0195 3.3662 3.2186 3.0671 2.8479 3.0553 2.8027 2.8119 2.8623 2.5027 2.6436 2.5874 2.6488 2.5885 2.5428 2.5467 2.5490 2.4579 2.4552 2.2283 2.5402 2.4375 2.3483 2.5237 2.2284 2.3614 2.4178 2.4212 2.8412 2.9311 1.7924 
3.8540 4.3479 3.9867 3.3290 3.1772 3.0413 3.0559 2.5780 2.8395 2.5470 2.6520 2.6359 2.5237 2.5235 2.4997 2.4932 2.4558 2.4534 2.4201 2.3881 2.3210 2.3978 2.3416 2.1687 2.4061 2.0809 2.4541 2.3368 2.3542 2.3773 2.8141 2.8490 1.7181 
2.6816 4.4014 3.9971 3.5000 3.3013 3.1705 2.8237 3.1184 2.9936 2.8586 2.8371 2.8218 2.5736 2.7172 2.6038 2.6111 2.6118 2.5670 2.5127 2.5527 2.3856 2.5506 2.5131 2.4808 2.5478 2.5710 2.2065 2.4655 2.4923 2.5136 2.8259 2.8906 1.4788 
3.5542 4.4085 3.8680 3.3535 3.0663 2.8631 2.8445 2.6033 1.8657 2.8865 2.6140 2.7511 2.5761 2.3931 2.3854 2.3468 2.2227 2.2861 2.2624 2.2211 2.3928 2.4785 2.3006 2.5079 1.4121 2.1018 2.2273 2.1625 2.2291 2.4133 2.6639 2.8889 0.7598 
3.2673 4.3374 3.6407 3.1756 2.7886 2.4869 2.5608 2.0356 2.5511 1.8668 1.8211 1.7202 2.1146 1.8850 1.6829 1.4455 1.7623 1.3987 1.5642 1.7605 1.8949 1.4481 1.4903 1.4821 2.1084 1.4760 1.9725 1.8059 1.9724 2.2122 2.4738 2.8229 1.1109 
1.6099 4.2883 3.5265 3.2056 2.8870 2.7875 2.8150 2.3094 2.4676 2.3652 2.2985 2.3030 2.3331 2.0880 2.1064 2.2479 2.1950 2.2040 2.0010 1.9114 2.1296 2.0674 1.9854 1.9739 2.0161 1.7991 2.2017 2.0872 2.0893 2.2271 2.3179 2.7859 1.4037 
3.7030 4.2090 3.1397 3.1534 2.6283 2.4957 2.7831 2.5428 2.2448 2.3840 2.1409 2.1752 2.0815 2.1249 2.1092 2.0757 2.0805 2.0143 2.0069 1.9658 1.8535 1.9095 1.8188 1.9933 1.8043 2.0361 2.1543 1.7885 1.8130 2.1649 1.8558 2.6745 1.7665 
3.9941 4.2435 3.4190 3.1982 2.6916 2.5729 2.5141 2.5141 2.4928 2.2896 2.2248 2.2458 2.1107 2.0005 1.8689 1.9652 1.7650 1.9064 1.7775 1.8388 1.8856 2.0028 1.9038 1.9037 2.0620 1.9945 1.8927 1.8624 1.8570 2.2144 2.1883 2.7343 1.9009 
4.0702 4.2498 3.3805 3.1748 2.4717 2.3114 1.9653 1.3683 2.0783 1.7679 1.7803 1.8261 1.4850 1.7516 1.6874 0.7485 0.8912 0.7035 1.5653 1.5818 1.2808 1.5556 1.4528 1.3886 1.6042 0.8091 1.3704 1.5980 1.6455 2.1890 2.1636 2.7422 1.9203 
4.0813 4.2707 3.4204 3.1797 2.4949 2.4455 2.1618 2.0180 2.1377 2.0640 1.9852 1.9348 1.9197 1.8758 1.7679 1.8146 1.9881 1.7727 1.6729 1.7468 1.7380 1.6949 1.6771 1.6725 1.7085 1.4727 1.5491 1.7373 1.6854 2.1923 2.1992 2.7737 1.8795 
4.1137 4.3364 3.6237 3.5525 3.1367 2.9384 2.8935 2.8405 2.6408 2.6070 2.5691 2.5656 2.4597 2.4538 2.4041 2.3933 2.3963 2.3291 2.2780 2.2839 2.2318 2.3058 2.2417 2.2260 2.1941 2.3115 2.2808 2.2344 2.2871 2.5730 2.4437 2.8266 1.8551 
4.0229 4.3391 3.6813 3.4896 3.1364 2.9208 2.8082 2.3281 2.8415 2.4644 2.4308 1.9258 2.4859 2.3538 2.3192 2.2501 2.1899 2.2058 2.2161 2.1912 2.2705 1.6742 2.1027 2.0881 2.4090 1.8024 2.1855 2.2136 2.2851 2.5014 2.4902 2.8311 1.7746 
4.0147 4.4937 3.9781 3.3330 3.2636 3.1564 3.0648 2.9306 2.8979 2.8802 2.5345 2.8333 2.6890 2.5917 2.5423 2.5616 2.5082 2.5139 2.4556 2.4604 2.4841 2.5644 2.2197 2.4993 2.4631 2.4320 2.4596 2.4502 2.4537 2.3900 2.8004 2.9575 1.7227 
3.9245 4.4796 4.0420 3.1616 3.2613 3.1510 3.0062 2.8332 2.8440 2.7885 2.4188 2.5299 2.5899 2.5938 2.5730 2.6179 2.5708 2.5731 2.4808 2.4619 2.4202 2.2634 2.0894 2.4097 2.4115 2.2998 2.4240 2.4445 2.4513 2.1740 2.8578 2.9461 1.5373 
3.6957 4.4887 4.1980 3.4884 3.3891 3.2685 3.1867 2.9596 3.1153 2.9514 3.2011 3.2041 2.6879 2.7810 2.8003 2.7310 2.6976 2.6678 2.6880 2.5978 2.4814 2.9320 2.8794 2.5750 2.6413 2.4568 2.5704 2.5631 2.5617 2.4882 2.9844 2.9547 1.0091 
3.1613 4.4204 4.2292 3.7309 3.4903 3.3405 3.2927 3.2473 3.0631 3.1386 3.1809 2.8267 2.5754 2.7959 2.8738 2.7842 2.8280 2.7258 2.7913 2.6207 2.3929 2.5562 2.8555 2.7574 2.5971 2.7401 2.7034 2.6354 2.6437 2.7764 3.0389 2.9088 0.8573 
3.7530 4.2998 4.2074 3.8890 3.5546 3.4688 3.3012 3.2415 3.1898 3.0824 2.9478 3.1251 3.0352 3.1486 2.9837 2.9255 2.8756 2.8770 2.8871 2.9724 2.8333 2.8441 2.6353 2.6911 2.7537 2.7331 2.7112 2.7634 2.7448 2.9041 3.0070 2.8043 1.7632 
4.1965 4.1798 3.9919 3.8645 3.5665 3.3880 3.3255 3.2800 3.1188 2.9910 3.2069 3.2347 2.9765 2.9265 2.7846 2.8261 2.7366 2.7879 2.6625 2.7933 2.7947 2.9658 2.8856 2.6047 2.6428 2.7812 2.7405 2.6827 2.7623 2.8778 2.8277 2.6363 2.0525 
4.3709 4.1838 3.8773 3.6550 3.2927 2.9714 2.6723 2.3092 2.7947 2.9396 3.0829 1.7396 2.5387 2.7599 2.6456 2.2767 2.2035 2.2246 2.5453 2.5795 2.3429 1.4390 2.7741 2.5689 2.3357 1.7976 2.0830 2.2656 2.4841 2.6984 2.6910 2.6226 2.1779 
4.4407 4.2220 3.9445 3.7659 3.5060 3.2866 3.1421 2.7776 2.8660 2.9190 3.2193 3.0021 2.6917 2.5816 2.1857 2.2428 2.4385 2.2006 2.1004 2.4528 2.4865 2.7639 2.8979 2.5376 2.4349 2.2224 2.5144 2.5800 2.6662 2.7999 2.7837 2.6784 2.2085 
4.3393 4.0902 3.8897 3.6822 3.5731 3.5037 3.3887 3.2359 3.2415 3.1088 2.7188 3.2147 3.0963 3.1316 3.0868 2.9864 2.9269 2.9330 2.9643 2.9456 2.8751 2.9429 2.4144 2.7179 2.8063 2.7257 2.7945 2.7979 2.7738 2.7317 2.7076 2.5546 2.1197 
4.1963 3.8874 3.7758 3.4565 3.3521 3.2653 3.1586 3.0344 2.9518 2.9977 2.8405 3.1342 2.9748 2.8754 2.8718 2.7987 2.7192 2.7508 2.7899 2.7389 2.7933 2.8541 2.5171 2.6132 2.5134 2.5091 2.5368 2.5605 2.5324 2.4768 2.5771 2.3607 1.9458 
4.0510 3.7816 3.9204 3.5816 3.3768 3.2857 3.2212 3.2275 3.1598 3.1957 3.4160 2.6590 2.7797 2.8927 2.8314 2.7109 2.6856 2.6480 2.7398 2.7622 2.5546 2.4131 3.1059 2.8212 2.7069 2.7178 2.6049 2.5810 2.5564 2.6044 2.7676 2.2533 1.8706 
3.9024 3.4376 3.8472 3.5197 3.1797 3.0854 2.8180 2.9304 3.0097 3.0389 2.8718 2.8418 2.7952 2.4518 2.5556 2.5753 2.5179 2.5294 2.4662 2.2762 2.5710 2.5737 2.5480 2.6527 2.5624 2.4359 2.1987 2.3817 2.3630 2.5382 2.6539 1.9219 1.7657 
3.8258 3.6344 3.8703 3.5575 3.2403 3.1337 3.2066 2.8447 2.9910 2.9567 3.0050 2.9987 2.9487 2.6208 2.7108 2.7424 2.6099 2.6780 2.5912 2.4805 2.7769 2.7613 2.6953 2.5781 2.5450 2.3249 2.5867 2.4301 2.4364 2.5804 2.6920 2.1439 1.7173 
3.6810 3.6488 3.7678 3.3721 3.1759 3.0567 2.8694 2.9266 2.7265 2.5520 3.1033 2.7621 2.6769 2.8386 2.7150 2.5922 2.5916 2.5497 2.5949 2.6841 2.4808 2.4850 2.7873 2.1703 2.2625 2.4266 2.2628 2.3520 2.3533 2.4386 2.5772 2.1607 1.6164 
3.5070 3.7296 3.6918 3.1358 2.8974 2.6414 2.1698 2.9590 3.0350 3.1797 2.9091 2.8107 2.5126 2.4338 2.4298 2.4584 2.4214 2.4206 2.3063 2.2517 2.3018 2.5348 2.5820 2.8044 2.5795 2.4609 1.5386 1.9491 2.0940 2.1771 2.5149 2.2252 1.4579 
3.7065 3.7920 3.7010 3.2144 3.0421 3.0124 2.3300 2.9731 2.8223 2.8979 2.9899 2.8097 2.5720 2.6962 2.6492 2.6443 2.5719 2.5871 2.5501 2.5386 2.3845 2.5363 2.6800 2.5160 2.3862 2.4702 1.7225 2.3156 2.2204 2.2624 2.5174 2.2734 1.6098 
3.8975 3.8075 3.3808 3.4844 3.2688 3.2160 3.1578 3.1499 3.1378 3.2362 3.0542 2.9878 2.6740 2.6630 2.6492 2.6333 2.5683 2.5799 2.5493 2.5120 2.4727 2.7489 2.7425 2.8583 2.6679 2.6006 2.5401 2.5120 2.4643 2.5015 2.1785 2.2702 1.7360 
4.1947 3.9336 3.5448 3.6777 3.5543 3.3933 3.5115 3.2762 3.3247 3.1457 3.1121 2.9606 2.5089 2.7209 2.7041 2.7275 2.6633 2.6644 2.5859 2.5557 2.2992 2.7177 2.7910 2.7675 2.8822 2.7796 2.8892 2.6907 2.7479 2.7245 2.3886 2.4166 1.9395 
4.3082 3.9954 3.6140 3.5764 3.3478 3.3024 3.2236 2.9353 3.0507 3.0219 2.5146 2.8024 2.7263 2.5755 2.5476 2.5593 2.4746 2.5120 2.4598 2.4441 2.5088 2.5266 2.1930 2.6338 2.5845 2.4387 2.6065 2.5954 2.5268 2.5924 2.4529 2.4727 2.1114 
4.0913 3.6008 3.6015 3.5495 3.4907 3.4942 3.4020 3.0403 2.9895 3.1641 2.8238 2.1604 1.0414 1.6068 1.2665 1.5238 1.7596 1.4827 1.1616 1.4503 0.8104 1.8875 2.4959 2.7899 2.5446 2.5125 2.8022 2.7890 2.6448 2.5703 2.4471 2.0799 1.9030 
3.9161 3.5637 3.5524 3.2846 3.1968 3.2511 2.8879 2.7693 2.7438 2.4702 2.4962 2.5295 2.1045 1.9716 1.5855 1.2638 1.0450 1.2091 1.4863 1.8160 1.8743 2.2613 2.1717 2.0942 2.2706 2.2188 2.2748 2.5450 2.3896 2.3222 2.3885 2.0453 1.7286 
3.8253 3.4630 3.2352 2.8712 2.8707 2.8158 2.5648 2.6857 2.5230 2.0774 1.4676 1.7829 1.8435 1.7591 1.7248 1.7897 1.6340 1.7490 1.6034 1.5950 1.6500 1.5146 1.1502 1.6888 2.0895 2.1587 1.9663 2.1079 2.0723 1.8957 2.0769 1.9086 1.6315 
3.6015 2.8869 2.7924 2.3709 2.1839 2.8292 2.4297 2.0763 2.1773 2.3677 2.2153 2.1353 1.8734 1.8432 1.8544 1.7364 1.7620 1.6869 1.7638 1.7167 1.6934 1.8660 1.8888 1.9799 1.7441 1.5208 1.7978 2.1235 1.3861 1.3968 1.5840 1.3205 1.3926 
3.1898 2.7398 2.5937 1.5341 1.7375 2.5631 2.3565 2.1712 1.9333 1.5038 1.7797 1.8461 1.2052 1.0517 0.4682 1.3568 1.1969 1.2912 0.3800 0.8846 1.0232 1.5823 1.4580 1.1248 1.4847 1.6586 1.7502 1.8601 0.8738 0.6354 1.4289 1.1868 1.0295 
2.4666 2.5765 2.2429 1.9148 2.2610 2.7486 2.1814 2.1199 2.0801 1.8750 1.8758 1.1119 1.7802 1.7274 1.4350 1.4877 1.6507 1.4429 1.3501 1.5475 1.5626 0.8556 1.5594 1.5004 1.6105 1.5841 1.5693 2.0448 1.4561 0.9673 1.0734 1.0746 0.2784 
1.8147 1.8230 1.5728 1.7769 2.4001 2.2410 1.9352 1.5777 1.5997 1.5216 1.4106 0.8826 1.4798 0.9854 1.3760 0.4297 1.2121 0.3931 1.2564 0.8118 1.2805 0.6426 1.0854 1.1491 1.1492 1.0642 1.3485 1.5394 1.5498 0.8039 0.4135 0.3161 -0.3510 
2.1924 2.0544 2.3362 2.1230 2.3115 1.7668 1.7441 1.6543 1.7971 1.7091 1.3482 1.1802 1.5697 1.3191 1.1645 1.3884 0.9834 1.3432 1.0761 1.1495 1.3865 0.9461 1.0259 1.3203 1.3708 1.1223 1.1178 1.0521 1.4847 1.1506 1.1550 0.5335 0.0034 
1.2889 2.1457 2.2579 2.2981 1.7432 1.2081 1.5904 1.5716 1.0676 1.5823 1.0268 1.3259 0.9574 0.7663 0.4271 0.8794 1.4191 0.8226 0.3359 0.6351 0.7420 1.0571 0.7022 1.1945 0.6333 1.0587 1.0121 0.4939 0.8976 1.3473 1.0951 0.6455 -2.7036 
0.0337 1.8677 2.0841 1.8785 1.9916 1.3753 0.6746 1.3849 1.0502 1.3004 0.9696 1.1432 1.2481 1.2727 1.1859 1.4324 1.4120 1.3917 1.0957 1.1154 1.0534 0.8846 0.6653 0.9123 0.6092 0.8351 0.0697 0.6647 1.1608 0.9279 0.8812 0.3688 -1.3050 
2.1745 1.8029 1.5877 1.2469 1.7639 1.7902 1.3533 1.3163 1.4330 1.1166 0.8957 1.0081 1.0972 1.2070 1.1632 1.0406 0.2862 0.9977 1.0699 1.0691 0.8891 0.7218 0.5905 0.7332 1.0050 0.7796 0.7239 1.0848 0.9450 0.3050 0.4118 0.3158 -0.0045 
1.8621 1.5059 1.5231 1.6204 1.4181 1.4561 1.0424 1.4136 1.3994 1.3894 1.2636 1.1362 1.2843 1.1066 0.9707 0.7187 1.0937 0.6801 0.8454 0.9705 1.0776 0.8726 0.9529 1.0161 0.9486 0.8788 0.4213 0.7502 0.5975 0.6651 0.3630 -0.0188 -0.3738 
2.5859 2.2282 1.9274 1.2066 1.0731 1.0943 1.4645 1.3253 1.1641 1.1547 1.1304 0.8339 1.1472 0.6348 -0.0328 1.3979 1.0736 1.3608 -0.1343 0.4581 0.9531 0.5905 0.8088 0.7752 0.7235 0.7848 0.8503 0.3861 0.2699 0.2477 0.7520 0.7135 0.4106 
2.3962 2.0911 1.5826 0.9383 1.4087 1.1439 1.4775 1.5398 1.5801 1.5507 1.4105 1.1877 1.3818 1.5461 1.0027 1.1774 1.0256 1.1367 0.8698 1.4105 1.1580 0.9472 1.0839 1.1683 1.1332 1.0408 0.8660 0.4439 0.5820 -0.0120 0.3992 0.5361 0.1738 
1.9649 1.2206 1.2402 1.6366 1.6619 2.1079 2.4415 2.5137 2.4046 1.2859 1.8864 1.8006 1.1751 1.5040 1.1238 1.4696 0.7355 1.4249 1.0423 1.3735 1.0028 1.5270 1.5728 0.8873 1.9288 1.9972 1.8180 1.4048 0.8260 0.6770 0.0616 -0.2426 -0.2417 
1.4177 1.7693 1.4917 1.4360 0.3257 0.7604 0.9655 0.5635 1.2069 0.6276 0.5422 0.7237 1.1044 0.9315 0.7082 0.8480 0.6832 0.8043 0.6138 0.7710 0.8974 0.4579 0.2300 0.2428 0.7645 0.0418 0.3514 0.0559 -0.4849 0.4592 0.3380 0.2454 -0.6719 
1.1644 1.0817 1.0160 1.0008 1.0445 1.2598 0.4605 1.1381 0.1301 0.8687 0.5765 0.7777 0.7418 1.2254 0.2879 1.0272 0.8198 0.9754 0.1634 1.0808 0.5383 0.5131 0.2605 0.4846 -0.3233 0.6367 -0.1549 0.5545 0.2241 0.0129 -0.1969 -0.4179 -1.0732 
0.5423 2.0973 1.8606 1.6058 1.3981 1.8088 1.5768 1.3630 0.7191 1.2309 1.4589 0.8151 1.4200 0.7734 1.0440 0.9063 1.0969 0.8480 0.9389 0.6361 1.2006 0.5540 1.1389 0.8466 0.2953 0.8088 0.9907 1.1043 0.5695 0.6525 0.6987 0.5774 -2.2073 
2.0988 2.2300 2.0072 1.3421 1.0828 1.3936 1.4113 0.9678 1.4670 1.4321 1.0136 1.5204 1.5126 1.1097 1.3503 1.3786 0.5913 1.3227 1.2259 0.9725 1.3233 1.2742 0.6905 1.0559 1.0355 0.4310 0.7947 0.6926 0.2931 0.3387 0.8085 0.7337 -0.0722 
2.2905 1.4932 1.5643 0.9623 1.2153 0.8688 1.6423 1.3794 1.5809 1.5397 0.9779 1.3663 1.4939 0.8542 1.4297 1.1615 1.0762 1.1130 1.3456 0.7145 1.2992 1.0858 0.6620 1.1617 1.1363 0.8216 1.0425 0.1531 0.4001 -0.0178 0.3918 -0.0631 0.0852 
2.1113 1.3087 1.8459 1.9499 1.7823 1.6784 1.2323 1.0990 1.0560 1.4558 1.6228 1.4085 1.0437 1.1538 1.4677 1.0581 0.9348 1.0226 1.3833 1.0241 0.8213 1.1340 1.3146 1.0793 0.6153 0.5811 0.6487 0.9729 0.9635 1.0120 0.6788 -0.3236 -0.0674 
2.3669 1.6669 1.1580 1.2351 1.3130 1.3503 1.3223 0.4546 1.4157 1.1203 1.6464 1.2526 0.8367 1.2430 1.2285 1.1115 0.5681 1.0671 1.1295 1.0951 0.6644 1.0128 1.3381 0.7426 0.9771 -0.0465 0.7088 0.6382 0.4748 0.2900 -0.0041 0.1004 0.1600 
2.0283 1.8311 1.3587 0.7100 1.4440 0.9682 1.4645 1.4949 1.1599 1.1364 1.5057 1.2126 1.1327 0.8757 0.8984 1.2996 1.4113 1.2401 0.7999 0.7255 0.9372 0.9680 1.1810 0.7569 0.7142 0.9931 0.8540 0.2523 0.6466 -0.3092 0.1501 0.3258 -0.1426 
-2.3328 1.7110 1.2588 0.8880 1.0396 1.3930 1.0615 1.0273 1.6036 1.0538 1.4403 1.0653 1.1364 1.4507 1.0649 0.8083 -0.0189 0.7640 0.9655 1.3095 0.9408 0.7926 1.1197 0.6704 1.1546 0.4837 0.4457 0.6872 0.2190 -0.0557 0.0719 0.1841 -2.3515 
2.2282 1.7905 1.6311 1.5860 0.8706 1.1959 1.0768 1.3765 0.9285 0.2128 0.3469 1.0896 1.3033 1.3026 1.2961 1.0256 0.3953 0.9689 1.1775 1.1402 1.0892 0.8175 0.0316 -0.1579 0.4595 0.8250 0.4566 0.4901 0.0617 0.6271 0.4578 0.3300 0.0358 
1.8334 1.3571 1.4099 1.1845 0.9892 0.9640 0.8660 1.1290 0.9913 1.0505 0.9338 0.2118 0.7520 0.3810 0.6638 0.3413 0.4192 0.3079 0.5439 0.2386 0.5418 -0.0438 0.6199 0.6740 0.5188 0.6262 0.2730 0.2645 0.1546 0.2173 0.2418 -0.2104 -0.3311 
1.9222 1.5561 1.8639 1.5167 1.4083 1.1545 1.0889 0.8983 0.9863 1.1429 1.1315 1.1307 0.6540 0.8448 0.7757 0.9030 0.8000 0.8446 0.6906 0.7066 0.4158 0.8664 0.8107 0.7615 0.5147 0.3755 0.4724 0.4511 0.5799 0.5579 0.6973 0.0658 -0.2452 
2.1160 1.7621 1.1803 0.8131 1.2523 0.4201 0.0540 1.2475 1.2512 1.3438 1.1289 1.0105 0.9203 0.8297 1.0601 0.8279 0.7797 0.7830 0.9666 0.6960 0.7157 0.7306 0.8067 0.9551 0.7999 0.7296 -0.5244 -0.3026 0.4294 -0.1131 -0.0124 0.3094 -0.0967 
1.6277 1.5629 0.9206 1.4037 0.8967 1.5099 1.4596 0.9608 1.0968 1.4099 1.2592 1.0917 1.0753 1.2229 1.0763 1.0612 1.2897 1.0231 0.9931 1.0785 0.8590 0.8195 0.9481 1.0354 0.6660 0.4317 0.8446 0.8030 0.0830 0.4237 -0.2965 0.0667 -0.6298 
2.2240 1.6280 1.2855 1.3857 0.2465 1.5228 1.3994 1.7826 1.4681 1.2167 1.4444 1.0155 0.9006 1.1183 0.5130 1.5154 1.3306 1.4697 0.4257 0.9890 0.7052 0.7320 1.1229 0.8272 1.0329 1.2559 0.7815 0.8252 -0.4829 0.3975 0.1229 0.0769 0.0192 
1.6965 1.8666 1.8917 1.1963 0.9618 1.2185 1.5593 1.2832 1.3703 0.8638 1.0878 1.3358 1.2434 1.3736 1.4259 1.4057 1.4003 1.3686 1.3382 1.1942 1.0483 1.0650 0.7679 0.4856 0.8994 0.7541 0.9726 0.5186 0.1218 0.2312 0.7240 0.3665 -0.5550 
1.5480 1.4756 1.0965 1.1394 1.1595 1.0195 0.8013 0.3777 0.6861 0.2843 0.5940 0.5504 1.0316 1.1758 0.6772 0.9415 0.7054 0.8780 0.5695 1.0455 0.8064 0.3149 0.2863 -0.0940 0.2355 -0.1483 0.1999 0.3112 0.3435 0.1707 -0.0412 -0.0339 -0.5982 
2.0928 1.6590 0.8250 1.3768 1.4049 1.1478 0.6200 1.0156 1.3067 1.3901 1.1786 1.2949 1.2982 1.1440 0.8601 1.0494 0.6445 1.0128 0.7646 1.0153 1.0865 1.0400 0.8626 1.0165 0.8403 0.4611 -0.0005 0.4430 0.5786 0.3887 -0.3171 0.1007 -0.1123 
1.3584 1.5604 1.1431 0.9292 1.0869 1.2725 0.1343 0.7432 0.8990 0.9482 1.3378 0.5313 0.4623 1.1452 0.5239 0.8282 1.0349 0.7862 0.4373 1.0167 0.2976 0.3105 1.0211 0.5629 0.4520 0.2401 -0.4478 0.5691 0.2841 -0.0439 -0.0237 0.0613 -0.7315 
2.3031 2.0419 1.6358 1.5359 1.6786 1.6682 1.7616 1.4955 1.0988 1.2041 1.3887 1.2018 1.1019 1.4833 1.3358 1.2091 1.0603 1.1618 1.2096 1.3561 0.8990 0.9585 1.0632 0.8222 0.6668 0.9900 1.1420 0.9633 0.8333 0.5893 0.4471 0.4859 0.1070 
1.7825 1.3511 1.0126 1.6338 1.2262 1.1215 0.7048 1.5048 1.1984 1.3834 1.4496 1.0221 1.4390 1.4312 0.8106 1.2064 -0.1904 1.1606 0.7201 1.2779 1.2278 0.7440 1.1279 1.0102 0.7553 1.0071 0.1005 0.4146 0.4133 0.6792 -0.1476 -0.2468 -0.5314 
0.4315 1.3788 1.0816 1.1337 1.2986 1.3773 1.1587 0.9820 1.1621 0.6686 1.0907 1.4780 1.4577 1.1892 1.1443 1.4724 1.3951 1.4283 1.0559 1.0540 1.2509 1.2132 0.7721 0.2843 0.7208 0.4430 0.5473 0.6731 0.4614 0.1589 -0.1019 -0.1391 -1.4455 
1.3844 1.0499 1.2698 1.2687 1.1648 1.2111 1.3137 1.1288 0.4867 0.0179 1.1907 1.0670 0.6929 1.0178 1.0562 1.0940 0.7237 1.0517 0.9594 0.8364 0.4686 0.7954 0.8789 -0.3479 0.0455 0.6227 0.7018 0.5059 0.3585 0.3147 0.0838 -0.4166 -0.8996 
2.4777 1.8987 1.5140 1.4566 1.0419 1.4164 1.1549 1.0570 1.0361 1.5856 1.6058 1.4217 1.2536 0.9554 0.5583 0.7581 0.8289 0.7152 0.4525 0.7901 1.0565 1.1512 1.2949 1.2019 0.5818 0.5203 0.5444 0.7077 0.2473 0.4735 0.3604 0.3488 0.2634 
2.0529 1.8069 1.6694 1.1633 1.5920 1.4883 1.5908 1.5728 1.3178 0.7090 -0.0105 1.1348 1.4318 1.5076 1.1426 0.6745 -0.6507 0.6166 1.0510 1.3760 1.2182 0.8747 -0.3381 0.3336 0.8460 1.0615 1.0102 0.7829 0.7738 0.1817 0.4676 0.3032 -0.1622 
1.9355 0.5425 1.0794 0.9399 0.7741 1.0242 1.0223 1.2684 0.3218 0.8953 0.8945 0.8008 0.6903 0.6251 0.9326 0.5786 -0.0792 0.5143 0.8172 0.4551 0.4621 0.5412 0.5838 0.5072 -0.1441 0.7414 0.3990 0.3203 -0.0255 -0.0158 -0.0647 -0.8839 -0.2746 
2.5782 2.2746 2.0729 1.6047 1.5232 1.3129 1.5458 1.3909 1.3748 1.0300 1.5216 1.4608 0.7074 1.0256 1.3968 0.6555 0.7838 0.5898 1.2901 0.8518 0.4902 1.1889 1.2060 0.6620 0.9057 0.8431 0.9628 0.5985 0.7182 0.6552 0.8609 0.7457 0.3742 
2.5140 1.8584 1.6727 1.6570 1.3899 1.4846 1.6022 1.6132 1.3368 1.0062 1.2993 1.4763 1.1022 1.0811 0.7993 0.6706 0.6300 0.6140 0.7076 0.9311 0.8939 1.2100 0.9918 0.6187 0.8608 1.0896 1.0178 0.7829 0.5526 0.6884 0.4795 0.3328 0.3464 
1.7956 1.8929 1.8545 1.7434 1.7121 1.4780 1.5982 1.4990 1.5070 1.3707 1.1874 1.1223 1.1171 1.0506 0.7872 1.0271 0.8238 0.9772 0.7017 0.8865 0.9162 0.8515 0.8666 0.9895 1.0639 1.0005 1.0150 0.7745 0.8603 0.7576 0.6957 0.3873 -0.3847 
2.2609 1.9754 1.7876 1.7265 1.5728 0.4867 1.1945 1.1650 1.5249 1.3730 0.8230 1.1397 1.0708 1.5175 1.4408 1.6846 1.7469 1.6213 1.3616 1.3870 0.8581 0.8743 0.5170 0.9874 1.0892 0.6716 0.6067 -0.2013 0.7533 0.7367 0.6215 0.4315 0.0446 
1.9548 1.4007 1.4557 1.4963 1.2342 1.0523 1.1209 0.4467 0.7537 0.7589 1.1051 0.3042 1.0441 0.9373 1.1288 1.0875 0.7132 1.0459 1.0431 0.7758 0.8164 0.0197 0.7835 0.3820 0.3187 -0.0566 0.5090 0.3409 0.4166 0.5215 0.3083 -0.1783 -0.2454 
2.5801 1.6716 1.5594 1.8939 1.8402 0.7415 1.6991 0.9522 1.5437 0.5757 0.8556 0.8249 0.8175 0.5276 1.2730 0.9976 0.7032 0.9306 1.1641 0.3900 0.6495 0.5774 0.5478 0.1681 1.1047 0.4266 1.0771 0.0420 1.0344 0.9379 0.3802 0.0098 0.3689 
2.6725 2.2042 1.5499 1.4684 1.7742 1.6741 1.5505 1.1827 1.0586 1.4049 1.2801 1.1481 0.8147 1.2805 1.1263 1.4739 1.5177 1.4296 1.0400 1.1220 0.6432 0.8852 0.9714 1.0297 0.6166 0.6830 0.9608 0.9710 0.9573 0.4875 0.3890 0.6740 0.4667 
2.7620 2.1304 1.7498 1.1689 1.4589 1.7599 1.7288 1.4704 1.4102 1.0928 0.7092 0.5701 0.1736 1.0660 1.1610 1.3826 1.3639 1.3333 1.0709 0.9108 -0.0161 0.3212 0.3829 0.7143 0.9647 0.9584 1.1027 1.0563 0.6620 0.2205 0.5594 0.5662 0.5414 
2.0525 1.7245 1.5285 1.1117 1.0341 1.0814 1.3501 1.1008 1.1719 0.8324 1.0641 1.1048 1.0525 1.2777 1.0456 0.7195 0.7197 0.6800 0.9400 1.1198 0.8285 0.8348 0.7407 0.4552 0.7355 0.5824 0.7260 0.3775 0.1961 0.1353 0.3627 0.1629 -0.1963 
2.4905 1.7356 1.1719 1.7633 1.4203 1.4919 1.3985 1.1139 0.8035 1.1205 0.4574 1.3580 1.6117 1.5053 1.4075 1.3511 0.4003 1.2829 1.3056 1.3737 1.4136 1.0816 0.1484 0.7378 0.3648 0.6021 0.7780 0.7905 0.5994 0.7839 -0.0089 0.1078 0.2865 
2.6909 2.4330 2.0496 1.7718 1.5670 1.5927 1.4787 1.1777 1.4814 1.4927 1.1337 1.5738 1.4586 1.1667 1.2285 0.7608 0.9814 0.7172 1.1290 1.0386 1.2503 1.3375 0.8089 1.1127 1.0449 0.6838 0.8643 0.8883 0.7502 0.7884 0.8388 0.8699 0.4620 
2.7926 2.2160 1.8806 1.6474 1.2367 1.4993 -0.2009 1.6792 0.9282 1.5246 1.0318 0.6392 1.2203 1.1729 1.2402 1.2491 0.7916 1.1895 1.1409 1.0419 1.0359 0.3641 0.7035 1.1510 0.4638 1.1379 -0.7285 0.7934 0.4100 0.6795 0.7064 0.6725 0.5552 
2.4643 2.1476 1.8501 1.4821 1.4996 1.7376 1.7610 1.7131 1.5602 1.4595 1.5450 1.3372 0.6464 0.9055 0.6571 1.2749 -1.8194 1.2140 0.5374 0.7527 0.4212 1.0625 1.2321 1.0813 1.1160 1.1628 1.1412 1.0329 0.6954 0.5003 0.6829 0.6238 0.2464 
2.8901 2.3160 1.9093 1.8441 1.7067 1.7137 1.4832 1.6624 1.5730 1.5167 1.4596 1.3884 1.2436 1.3732 1.3905 1.4786 1.4337 1.4337 1.2813 1.1915 1.0495 1.1116 1.1376 1.1377 1.1281 1.1255 0.8710 1.0058 0.8507 0.8640 0.7290 0.7495 0.6904 
2.1567 2.1643 1.9754 1.6526 1.4558 1.2802 1.2583 1.4111 1.4411 1.7253 1.5746 1.3532 1.3224 1.0328 0.9275 0.8118 0.8938 0.7663 0.8136 0.8581 1.1034 1.0742 1.2608 1.3422 1.0132 0.8764 0.6717 0.5713 0.6514 0.6837 0.7902 0.6597 -0.0761 
1.9702 1.3472 1.3136 1.1131 1.0084 0.9364 1.0610 0.3838 0.4009 0.7601 0.4242 0.3111 0.7160 0.7286 0.8562 0.5692 0.3412 0.5070 0.7606 0.5869 0.4966 0.0437 0.1047 0.3855 -0.0188 -0.1290 0.4383 0.2434 0.1630 0.1195 0.1033 -0.2763 -0.2792 
0.0936 1.6095 1.6487 1.1952 1.2332 0.7201 1.0604 1.1018 1.4028 1.4125 1.4083 1.5910 1.4774 1.3464 1.0112 1.0028 0.1534 0.9352 0.8841 1.1654 1.2777 1.3558 1.0844 1.0378 0.9552 0.5913 0.4467 0.0037 0.4136 0.2439 0.4583 0.1008 -2.4113 
2.4785 1.5612 1.4114 0.4922 1.2778 1.3497 1.6558 1.3686 1.4282 0.6497 1.0552 1.1685 1.4958 1.3605 1.4440 1.0872 0.3341 1.0472 1.3648 1.1753 1.3008 0.9229 0.7266 0.2552 0.9933 0.8126 1.0463 0.6466 0.4363 -0.3791 0.1792 0.0412 0.2310 
0.7585 1.7239 1.4330 1.4608 1.6286 1.3460 1.6811 1.7458 1.4878 1.6912 1.6826 1.4927 1.1020 1.4078 0.8131 0.8087 -0.0902 0.7596 0.7288 1.2443 0.8950 1.2299 1.3683 1.3029 1.0509 1.2006 1.0654 0.6453 0.7965 0.4928 0.2762 0.1896 -1.3684 
2.2840 1.7780 1.7440 1.3645 1.7397 1.5149 1.8882 1.7792 0.7801 1.5373 1.3797 1.4646 1.4946 1.3977 0.7373 1.4092 -0.0337 1.3714 0.6582 1.2289 1.3010 1.1941 1.0553 1.1612 0.3546 1.2477 1.3007 0.8107 0.9031 0.3667 0.5580 0.2138 0.0810 
2.5461 2.1665 1.7795 1.4081 0.8057 1.5203 1.3420 1.0024 1.5314 1.1189 0.9300 0.8581 1.2739 0.6990 1.1995 1.2454 0.2736 1.1864 1.1082 0.5470 1.0700 0.6260 0.6238 0.7370 1.0951 0.4484 0.7202 0.8155 -0.0018 0.4182 0.6097 0.6385 0.3522 
1.4389 1.6502 1.5406 1.6059 1.0891 1.2111 1.5443 1.4190 1.3787 1.5703 1.3476 1.1007 1.0351 1.0364 1.1099 1.0915 1.5330 1.0512 1.0265 0.8604 0.8116 0.8247 1.0232 1.1854 0.9108 0.8885 0.9568 0.5186 0.3116 0.6569 0.3838 0.1717 -0.9473 
