2.3404 1.6423 1.7738 1.6595 0.5245 1.2188 1.5293 0.9252 1.5315 1.5009 0.6794 1.4003 1.3187 1.2777 1.3204 1.2406 1.1297 1.1971 1.2248 1.1502 1.1392 1.1511 0.3746 1.1379 1.1193 0.4487 0.9293 0.5409 -0.2736 0.7414 0.6248 0.2367 0.2268 
2.7221 2.1249 1.7107 1.8300 1.2947 1.4975 1.3868 1.5027 1.0553 1.1946 1.2638 1.4513 1.2648 1.2975 0.8296 1.1989 0.5001 1.1576 0.7412 1.1631 1.0906 1.1792 0.9588 0.8275 0.6133 0.9840 0.8104 0.8194 0.5227 0.8850 0.5715 0.5845 0.5838 
2.5086 1.0593 1.8692 1.5757 1.6137 1.7174 1.5449 1.4612 1.5401 1.6792 1.4524 1.4890 1.1546 1.5892 0.9393 0.6006 1.3606 0.5634 0.8495 1.4650 0.9378 1.2225 1.1363 1.3083 1.1259 0.9258 0.9447 1.0356 0.8343 0.6207 0.7370 -0.6385 0.3603 
2.7384 2.6811 2.3185 2.2246 1.9934 1.5271 1.5436 1.9408 1.9103 1.7232 1.9428 1.8669 1.2792 1.4541 1.1772 1.4170 1.3648 1.3581 1.0870 1.2736 1.1120 1.6047 1.6303 1.3491 1.4896 1.4614 0.9432 0.8502 1.2049 1.2760 1.1921 1.2158 0.5936 
2.7490 2.1959 1.8403 1.6976 0.7952 1.9318 1.5315 1.5835 1.5188 1.5707 0.9132 1.2320 0.8914 1.2916 1.5508 1.2146 1.3086 1.1720 1.4709 1.1606 0.7144 0.9727 0.6037 1.2040 1.0985 1.1006 0.9266 1.2512 -0.0279 0.7796 0.6857 0.6862 0.5984 
1.9472 1.0979 1.6971 1.5640 1.4838 1.5303 1.3567 0.8704 1.4824 1.4405 1.0857 1.3453 1.5816 1.4409 0.4634 1.4616 1.4719 1.4049 0.3721 1.2656 1.3954 1.1189 0.7812 1.0606 1.0406 0.3831 0.7829 0.8485 0.6889 0.6196 0.5742 -0.2171 -0.2366 
2.1704 2.4417 2.3081 2.0730 1.7960 1.8694 1.7850 1.7648 1.6014 1.5576 1.5837 1.6062 1.2311 0.8043 1.2483 0.6260 1.1386 0.5751 1.1608 0.6292 1.0354 1.3630 1.2677 1.1938 1.1749 1.2389 1.1828 1.1905 0.9705 1.1394 1.1877 0.9639 0.0658 
2.4510 1.8296 1.3078 1.6132 0.9248 1.2072 1.3515 1.5043 1.2124 1.5969 1.2623 1.0590 0.7588 1.4198 1.5269 1.0641 0.8352 1.0018 1.4478 1.2584 0.5422 0.8089 0.9466 1.2291 0.7979 0.9909 0.7813 0.5271 0.1737 0.6844 0.2315 0.4335 0.2994 
1.4117 1.6596 1.6963 1.7986 1.3597 1.0132 1.7472 1.6239 1.6868 1.0719 1.1498 1.3345 1.5540 1.2421 1.1462 1.5692 1.5583 1.5269 1.0449 1.1205 1.3581 1.1133 0.8376 0.6860 1.2525 1.1411 1.1603 0.3334 0.5663 0.8430 0.5663 0.2073 -0.7617 
2.8383 2.4480 1.9394 2.1452 1.6345 1.9280 1.9060 1.7003 1.0920 1.6486 1.5221 1.2653 0.8793 1.4378 1.2403 0.6811 0.7200 0.6195 1.1540 1.2655 0.6872 1.0251 1.2112 1.2794 0.6365 1.1942 1.3134 1.2465 0.8511 1.1867 0.8038 0.9269 0.6743 
2.7850 1.9919 1.7106 1.1989 1.0469 0.6067 0.8871 0.8716 0.3804 1.4204 1.1954 1.1721 1.4386 1.2407 1.2662 1.4256 1.2158 1.3660 1.1822 1.1189 1.2195 0.9106 0.8818 1.0433 -0.0827 0.3891 0.3123 -0.1079 0.2423 0.2812 0.5814 0.4916 0.6346 
2.4279 2.2766 2.0039 1.3425 1.7985 1.3419 1.8244 1.9298 1.8254 1.4542 1.4367 1.4219 1.2092 1.2349 0.6587 1.3032 1.3461 1.2604 0.5677 1.1100 1.0102 1.1629 1.1269 1.0751 1.3847 1.4492 1.2268 0.6664 0.9791 0.4551 0.8656 0.8206 0.3028 
2.7951 2.1687 1.6542 1.6341 1.6076 1.1865 1.3108 1.4237 1.5167 1.2368 1.2148 1.1080 0.9557 0.7512 0.2238 1.1834 0.8071 1.1445 0.1376 0.5822 0.7861 0.8393 0.9070 0.8690 1.0975 0.8989 0.7440 0.5013 0.8259 0.7050 0.5066 0.6275 0.6348 
2.6634 2.3912 1.9662 1.8532 1.8255 0.8712 1.6909 1.6003 1.7270 1.2742 1.4370 1.3423 1.5810 1.4751 1.1759 0.9351 1.4821 0.9004 1.0957 1.3016 1.3947 1.1149 1.1312 0.9057 1.2761 1.1212 1.1258 0.2281 1.0203 0.9131 0.8430 0.9079 0.5581 
2.9224 2.6474 2.3738 1.8004 1.6571 1.8020 1.3985 1.6107 1.8109 1.7410 1.8146 1.5306 1.7992 1.5876 1.2566 1.5503 1.1038 1.5083 1.1685 1.4627 1.5761 1.2697 1.4978 1.3663 1.3631 1.1314 0.8162 1.1198 0.8735 0.8320 1.2315 1.1791 0.8058 
1.6502 2.0631 1.8835 1.7373 1.6531 1.5833 0.6849 1.2559 1.5505 1.6748 1.6836 1.6598 1.5457 1.5085 1.5163 1.1338 1.1241 1.0847 1.4303 1.3564 1.3477 1.4309 1.3848 1.3059 1.1359 0.7826 0.0807 0.9047 0.8651 0.8110 0.7840 0.5984 -0.2814 
2.7993 2.3743 1.9017 1.6984 1.4880 1.6726 1.1039 1.5671 0.9368 1.1984 1.0562 1.1762 0.4714 1.1934 1.2324 1.1179 1.1210 1.0543 1.1482 1.0515 0.2506 0.9167 0.7604 0.8344 0.5118 1.0814 0.5001 0.9907 0.6748 0.7759 0.7756 0.8739 0.6355 
2.2420 2.1972 1.8205 1.4337 1.2698 1.3227 0.9887 0.3637 1.1408 0.3927 1.3424 0.9580 1.3980 1.2584 1.1938 1.2353 1.2767 1.1926 1.1165 1.1299 1.1935 0.7251 1.0426 0.0018 0.6977 -0.1542 0.4352 0.6366 0.4952 0.4767 0.6613 0.7513 0.1893 
2.9889 2.5094 2.2104 1.8333 1.4743 1.7834 1.8511 1.7417 1.4479 1.1695 1.1417 1.2006 1.4163 1.5554 1.5541 1.3927 1.1986 1.3322 1.4734 1.4244 1.2035 0.9367 0.8249 0.8077 0.9911 1.2249 1.2568 1.1034 0.6615 0.8801 1.0787 0.9903 0.8616 
2.9912 1.9493 1.9365 0.8522 1.5554 1.2309 1.4166 1.0410 1.3943 1.1902 1.2221 1.1296 1.1223 0.0658 1.2851 1.0488 1.2754 0.9882 1.1969 -0.1035 0.9029 0.8613 0.9126 0.8245 0.9392 0.5208 0.8197 0.5382 0.7750 -0.1713 0.7972 0.3240 0.8596 
3.1551 2.5073 1.9732 2.0556 2.0189 1.8533 1.6239 1.2700 1.5915 1.5499 1.5795 1.4779 1.6363 1.6062 1.5058 1.4592 1.4582 1.3987 1.4153 1.4800 1.4646 1.2073 1.2641 1.1822 1.1647 0.7898 1.0541 1.1717 1.2235 1.1290 0.8344 0.9711 1.0048 
3.0408 2.2571 1.8794 1.8087 1.6071 1.1044 1.8687 1.8570 1.4800 0.6092 0.9208 1.5091 1.0844 0.6711 0.6427 1.2917 1.4917 1.2507 0.5505 0.5257 0.8695 1.2492 0.6113 0.2471 1.0363 1.3469 1.2702 0.4294 0.8262 0.8520 0.7579 0.7624 0.9200 
3.6993 3.6894 3.3816 3.1812 2.9949 2.8758 2.8260 2.7635 2.7045 2.6369 2.5976 2.5517 2.5108 2.5215 2.4580 2.3918 2.3176 2.3336 2.3365 2.3647 2.2909 2.2892 2.2858 2.2769 2.2706 2.2470 2.2202 2.1949 2.2115 2.2285 2.2446 2.2283 1.5671 
3.7881 4.2163 3.4295 3.2867 3.0938 2.9963 2.7949 2.7557 2.7734 2.7840 2.6502 2.6017 2.5652 2.5797 2.4819 2.4558 2.4836 2.3936 2.3594 2.4501 2.3651 2.3476 2.3467 2.4078 2.3194 2.2437 2.1926 2.3154 2.2855 2.3448 2.2560 2.7500 1.6015 
4.0653 4.0100 3.0075 2.3717 1.8827 1.7098 2.3380 2.8495 2.0875 2.3072 1.9899 1.6464 1.5723 1.3938 1.2669 1.6036 1.4816 1.5535 1.1610 1.2641 1.4079 1.3875 1.6792 1.9406 1.6258 2.3236 1.7825 1.0074 1.1459 1.4703 1.8313 2.5539 2.0480 
3.5758 3.8942 3.7034 3.4789 3.2425 3.1942 3.1403 2.4271 3.1734 2.9536 2.6978 2.8860 2.5681 2.6645 2.5432 2.5994 2.6092 2.5555 2.4596 2.5307 2.3737 2.6249 2.3997 2.5869 2.7235 1.9331 2.5392 2.5147 2.4736 2.5336 2.5708 2.4460 1.5382 
4.3225 4.2773 3.9617 3.8134 3.6427 3.5585 3.4605 3.3981 3.2543 3.2095 3.1664 3.0942 3.1364 3.0751 3.0162 2.9874 2.9652 2.9462 2.9240 2.9233 2.9198 2.8476 2.8496 2.8467 2.8370 2.8942 2.8670 2.8773 2.8599 2.8653 2.8501 2.8262 2.2268 
3.9855 4.4436 4.3190 3.9901 3.8111 3.6448 3.6136 3.6253 3.4544 3.3394 3.3224 3.2945 3.2526 3.2193 3.1921 3.1621 3.1373 3.0997 3.0902 3.0703 3.0542 3.0425 3.0185 2.9708 2.9996 3.1402 3.0244 2.9632 2.9914 3.0554 3.1935 2.9739 2.0084 
4.1145 4.5258 4.0054 3.5642 3.3826 3.2276 3.1635 2.9995 3.0145 2.8943 2.8337 2.8181 2.7702 2.7630 2.7410 2.6776 2.6780 2.6280 2.6300 2.6040 2.5613 2.5460 2.5175 2.5301 2.5858 2.5116 2.5552 2.5442 2.5858 2.6161 2.8666 3.0389 2.1613 
4.1575 4.2068 4.1198 3.7007 3.5081 3.3694 3.2516 3.2297 3.0961 3.0026 2.9933 2.9871 2.9218 2.8970 2.8723 2.8799 2.8479 2.8418 2.7840 2.7572 2.7271 2.7528 2.6908 2.6330 2.6446 2.7243 2.6577 2.6902 2.6920 2.7834 2.9657 2.7473 1.9172 
4.1908 4.0053 3.5178 3.5315 3.2069 3.0247 2.8941 2.8378 2.7812 2.7416 2.6379 2.6004 2.6088 2.5552 2.5079 2.4903 2.4039 2.4367 2.4039 2.4147 2.4241 2.3469 2.3351 2.3686 2.3272 2.3119 2.2975 2.3488 2.4186 2.5889 2.3658 2.5371 2.0212 
4.3097 4.5048 3.9220 3.7860 3.6124 3.5076 3.3946 3.3119 3.2756 3.2245 3.1814 3.1417 3.0949 3.0342 3.0136 2.9766 2.9654 2.9366 2.9218 2.8929 2.8911 2.8763 2.8658 2.8613 2.8544 2.8330 2.8279 2.8259 2.8355 2.8495 2.7830 3.0108 2.1421 
4.5674 4.2373 3.7936 3.5567 3.2588 2.8937 2.2450 2.3224 2.5394 2.5050 2.4872 2.2306 2.0100 2.1063 2.1247 1.9811 1.9491 1.9366 1.9997 1.9398 1.8254 1.9603 2.1683 2.1427 2.1210 1.8342 1.6152 2.1999 2.4788 2.6090 2.6419 2.7653 2.4995 
4.1772 4.5812 4.1427 3.6682 3.6513 3.5589 3.3668 3.3911 3.3092 3.2225 3.1931 3.1636 3.0648 3.0443 2.9958 2.9731 2.9551 2.9335 2.9075 2.9003 2.8710 2.8918 2.8786 2.8595 2.8848 2.8903 2.8042 2.8782 2.8700 2.7561 2.9715 3.1357 2.0066 
3.7139 4.3599 3.6839 3.4399 2.8533 2.8149 2.7989 2.7138 1.2703 2.0803 1.9738 2.1432 1.9290 1.8739 1.8814 1.8306 1.7764 1.7952 1.8064 1.7418 1.7532 1.8707 1.6752 1.7116 0.8921 2.2147 2.2030 2.1411 2.0676 2.5110 2.5363 2.9026 1.9059 
4.3619 4.3645 4.0500 3.7973 3.5983 3.5303 3.4731 3.4068 3.3575 3.3117 3.2526 3.2066 3.1678 3.0754 2.9740 2.8906 2.8406 2.8514 2.8901 2.9236 2.9471 2.9452 2.9425 2.9497 2.9284 2.9000 2.8748 2.8482 2.8240 2.8543 2.9020 2.9018 2.1390 
2.9809 4.5754 4.1980 3.9085 3.7034 3.5515 3.4557 3.2831 3.4268 3.2367 3.2962 3.0128 3.1125 3.0842 3.0055 2.9645 2.9699 2.9181 2.9154 2.9302 2.9030 2.7833 2.9799 2.8727 2.9777 2.7979 2.8648 2.8710 2.9141 2.9647 3.0253 3.1190 1.5574 
4.1365 4.4852 3.5441 3.6443 3.3790 3.1482 3.0621 3.1163 3.0802 2.8670 2.6943 2.9676 2.6958 2.8004 2.7157 2.6972 2.6469 2.6420 2.6164 2.6278 2.5115 2.7238 2.3936 2.5051 2.6309 2.5976 2.4913 2.4642 2.5806 2.7100 2.4725 2.9982 2.0950 
4.4919 3.6940 4.1281 3.8701 3.8621 3.7488 3.6381 3.5720 3.5005 3.4095 3.4181 3.3732 3.2821 3.2040 3.1802 3.1326 3.0442 3.0700 3.0702 3.0472 3.0929 3.1450 3.1199 3.0368 3.0402 3.0676 3.0543 3.0703 3.0551 2.9286 2.9758 2.2149 2.3859 
4.4711 4.2548 4.2649 4.1722 3.8844 3.6617 3.5698 3.4822 3.2076 3.3487 3.4679 3.4227 3.2564 3.1570 3.1253 3.1401 3.1037 3.0774 3.0066 2.9764 3.0587 3.1808 3.1662 2.9792 2.7834 2.9543 2.9712 2.9811 3.0867 3.2201 3.1531 2.7988 2.3268 
4.2099 4.6695 4.4198 3.7778 3.4635 3.2379 3.1360 3.3080 3.3654 2.9882 3.3528 2.9503 2.3350 2.6702 2.0446 2.4655 2.5008 2.4029 1.9430 2.5341 2.1626 2.6931 3.0502 2.6274 2.9336 2.8298 2.5369 2.5571 2.6480 2.8369 3.2740 3.2173 1.8980 
2.6064 4.5480 4.3363 3.2055 3.3840 3.3820 3.2554 3.3887 2.9375 3.1416 3.3196 3.1626 2.9421 2.8811 2.9493 2.8541 2.8522 2.8190 2.8624 2.7342 2.7550 2.8893 3.0169 2.7639 2.5136 2.8881 2.6597 2.7004 2.5877 2.2597 3.2101 3.0812 1.6047 
3.3423 4.1802 4.2336 3.6810 3.6024 3.3949 3.3590 3.4483 3.0326 2.8521 2.7356 3.0799 2.9897 2.9935 2.9525 2.9142 2.8984 2.8726 2.8659 2.8636 2.8239 2.8389 2.4492 2.4888 2.6006 2.9291 2.7964 2.7165 2.8293 2.7831 3.1088 2.6789 1.6071 
4.2980 4.3075 3.6188 3.5635 3.4425 3.2994 3.1947 2.7564 3.0269 2.8451 2.4263 2.6482 2.5430 1.9825 1.9475 2.4580 2.4892 2.3955 1.8641 1.8556 2.3398 2.4197 2.1254 2.4874 2.5991 2.2454 2.5975 2.6213 2.6347 2.6259 2.5016 2.8427 2.0204 
4.3773 4.2459 3.9459 3.4035 3.2227 3.1131 2.8239 3.3119 3.1616 2.8072 2.8370 2.6465 2.6088 2.5290 2.3857 2.3909 2.3821 2.3322 2.2831 2.3756 2.4209 2.4061 2.5187 2.4339 2.7027 2.8327 2.2132 2.4248 2.4266 2.4685 2.8276 2.7720 2.2486 
4.1259 4.1895 4.1133 3.5165 3.3638 3.3043 3.0538 3.5134 3.0765 3.1049 2.9992 2.2511 2.5752 2.6454 2.7566 2.5444 2.5612 2.5057 2.6405 2.5177 2.3770 1.9988 2.6944 2.7314 2.6277 2.9800 2.4863 2.6226 2.5699 2.5564 2.9630 2.7119 2.0821 
3.1329 4.1913 3.8593 2.9692 1.8391 2.0088 2.1969 3.3055 3.0841 3.0493 2.6354 2.5104 2.3627 2.5747 2.3983 2.3946 2.2670 2.3366 2.2875 2.4461 2.1768 2.2446 2.3339 2.6771 2.6331 2.8254 1.5963 1.3389 0.9345 2.0471 2.6996 2.7148 1.2817 
4.3357 4.2727 4.2975 3.9983 3.7967 3.6657 3.5872 3.4835 3.3332 3.3331 3.3842 3.2647 3.2220 3.1496 3.1983 3.1709 3.1206 3.1162 3.1007 2.9720 3.0132 3.0071 3.0843 2.9678 2.9110 2.9546 2.9916 2.9850 2.9797 3.0725 3.1827 2.8269 2.2442 
3.9844 4.5034 4.4404 4.1563 3.8491 3.5546 3.7495 3.9161 3.8611 3.5945 3.1970 2.9973 3.2116 3.2689 3.1865 3.1191 3.0974 3.0578 3.0803 3.1427 2.9988 2.7659 2.8808 3.2285 3.4144 3.4121 3.1783 2.8741 3.0256 3.2068 3.2946 3.0241 2.0401 
3.2453 4.1530 4.3704 3.9462 3.6465 3.4191 3.4438 3.3660 3.1780 3.4720 2.7416 2.8162 2.8637 2.7895 2.8768 2.8144 2.7166 2.7509 2.7899 2.6253 2.6473 2.5426 2.4545 3.0940 2.7375 2.8713 2.8571 2.7374 2.8623 2.9902 3.2508 2.6545 1.5352 
4.3371 4.0857 4.1908 3.6114 3.0837 2.9692 3.3275 2.8936 2.3657 2.6870 2.9392 2.8647 2.2172 2.7681 2.6723 2.6201 2.5303 2.5736 2.5801 2.6063 2.0231 2.6057 2.6269 2.3055 1.9245 2.3985 2.7678 2.2976 2.2894 2.6748 3.0187 2.5775 2.1381 
4.0461 4.3253 3.6396 3.3010 3.3157 3.1366 3.0325 3.5204 3.3057 3.3091 3.0212 3.1310 3.1759 3.1390 3.0038 2.9982 2.9706 2.9561 2.9140 2.9676 2.9588 2.8700 2.7186 2.9467 2.8797 2.9933 2.4685 2.4673 2.5405 2.3646 2.4994 2.8678 1.8419 
4.0079 4.0151 4.0379 4.0005 3.3764 3.0872 3.5844 3.4645 3.2980 3.5465 2.8722 3.1174 2.7148 3.0363 2.9108 2.8713 2.8345 2.8341 2.8314 2.8950 2.5237 2.8616 2.5551 3.1841 2.8757 2.9405 2.9918 2.3888 2.5861 3.0783 2.9101 2.5852 1.8455 
4.4653 4.2621 3.8457 2.9443 3.3778 3.3437 3.3198 3.0699 2.4795 2.9588 2.2990 2.3486 2.4781 1.9250 2.1878 2.0536 2.2449 1.9988 2.1055 1.7765 2.2533 2.1207 2.0067 2.5894 2.0243 2.5595 2.7497 2.6701 2.5904 2.0025 2.6704 2.8070 2.3656 
4.2178 4.3818 3.6356 3.4340 3.2345 3.0509 3.2525 2.9450 2.6308 2.8700 2.9382 2.6028 2.1410 1.5614 1.9739 1.9306 1.8367 1.8875 1.8972 1.4631 1.9115 2.3448 2.6277 2.5107 2.2008 2.4672 2.6648 2.3612 2.4546 2.5159 2.4874 2.9204 2.2384 
4.4445 4.0606 3.8491 3.5797 2.7171 3.1252 3.5107 3.1920 2.9831 2.9640 2.5236 2.5887 2.7715 2.6441 2.5286 2.5354 2.5510 2.4977 2.4389 2.5158 2.5631 2.3305 2.2138 2.5948 2.5619 2.6647 2.9061 2.4500 1.9045 2.6298 2.6904 2.5700 2.3141 
4.3562 4.2485 3.4523 3.4191 3.5179 3.2741 2.9394 2.7802 2.7451 2.5911 1.9695 2.1748 2.3333 2.4434 2.3118 2.2912 2.3083 2.2521 2.2247 2.2819 2.1582 1.9197 1.6595 2.2215 2.2951 2.2623 2.3524 2.5884 2.7060 2.4999 2.2852 2.7920 2.2916 
4.3139 3.9751 3.5148 2.9249 2.8546 2.9861 3.1993 2.8664 2.6340 2.4007 2.5052 2.4101 2.5087 2.4974 2.3195 2.3105 2.2767 2.2685 2.2298 2.3263 2.2902 2.1649 2.1896 2.0230 2.2110 2.3451 2.6024 2.3109 2.0734 1.9732 2.3587 2.5113 2.2325 
4.2062 4.0036 3.5089 3.0535 2.8819 2.9136 2.8657 2.3243 2.5255 2.3998 2.4954 2.4376 2.4975 2.4340 2.3212 2.2912 2.2303 2.2512 2.2315 2.2721 2.2811 2.1821 2.1800 2.0268 2.0991 1.8367 2.2672 2.2325 2.1050 2.1281 2.3488 2.5450 2.1383 
4.0659 3.9093 3.2636 3.1344 2.9902 2.8918 2.8191 2.8053 2.6709 2.6775 2.5821 2.6120 2.6718 2.5349 2.4238 2.4195 2.4422 2.3598 2.3066 2.3845 2.4958 2.3631 2.2723 2.3071 2.2435 2.2779 2.2133 2.2116 2.2089 2.1916 2.1542 2.4504 1.9859 
3.9660 3.8476 3.4778 3.2022 3.0515 3.0173 2.6914 2.7980 2.7081 2.6366 2.6073 2.2988 2.4793 2.4125 2.3600 2.3991 2.3652 2.3405 2.2636 2.2562 2.2558 2.0616 2.2902 2.2776 2.2724 2.2729 2.1331 2.3343 2.2598 2.2542 2.3170 2.3532 1.8737 
3.6477 3.6808 3.1218 2.9515 2.8375 2.8540 2.4488 2.5168 2.4312 2.2524 2.1035 2.2235 2.2822 2.2178 2.0909 2.1444 1.9838 2.0864 1.9728 2.0779 2.1012 1.9630 1.8016 1.8858 1.9753 1.9970 1.8496 2.1726 2.0254 2.0199 1.9655 2.2249 1.5821 
3.5568 3.5078 3.1187 2.7800 2.7020 2.6961 2.6021 2.4062 2.3368 2.2937 2.1488 2.2129 1.9456 2.0763 2.1225 2.0979 2.0656 2.0370 2.0006 1.9197 1.7674 1.9497 1.8313 1.9330 1.9078 1.8913 2.0145 2.0175 1.9108 1.8390 1.9603 2.0184 1.4785 
3.3103 3.4286 2.9346 2.7548 2.5267 2.2267 2.2363 2.2343 2.2872 2.1517 2.1614 2.2259 2.0951 2.0478 1.9892 2.0714 1.9346 2.0118 1.8981 1.8973 1.8836 1.9649 1.8462 1.7884 1.8645 1.7412 1.6419 1.5478 1.7304 1.8215 1.8165 1.9485 1.2127 
2.7049 3.1657 2.6520 2.5775 2.4358 2.3000 2.2781 2.1081 2.0268 1.8000 1.8461 1.8956 1.6330 1.7985 1.6868 1.8289 1.2638 1.7909 1.5886 1.6220 1.4600 1.6353 1.5358 1.4219 1.5901 1.5826 1.6943 1.6199 1.6205 1.6370 1.5308 1.6902 0.6639 
3.0148 3.0892 2.5709 2.5453 2.3493 2.2544 2.2854 2.2502 2.1318 1.9565 1.9006 1.8726 1.9451 1.7182 1.8098 1.6407 1.8134 1.5983 1.6945 1.5649 1.7689 1.6090 1.5915 1.5948 1.6722 1.7605 1.7073 1.5763 1.5575 1.6019 1.4580 1.6072 0.8924 
2.5723 2.6826 2.2661 2.0804 1.9060 1.2334 1.3655 1.8151 1.4592 1.6265 1.1325 1.4759 1.3285 1.4887 1.3190 1.3007 1.1379 1.2554 1.2252 1.3260 1.1471 1.2111 0.8075 1.2622 1.0038 1.2847 0.8063 0.5312 1.1273 1.1469 1.1487 1.2489 0.4455 
2.6958 2.7223 2.2048 2.2340 2.1421 2.0101 2.0476 1.8153 1.6831 1.4192 1.4636 1.3790 1.3965 1.3511 1.4997 1.3330 1.6899 1.2774 1.4059 1.2058 1.1899 1.1378 1.1445 1.0430 1.2455 1.2856 1.4730 1.3307 1.3221 1.2904 1.0917 1.2508 0.5817 
2.7950 2.7005 2.3858 2.0685 1.9027 1.6463 1.8696 2.0026 1.5888 1.6411 1.4187 1.5885 1.6084 1.2244 1.4357 0.9421 1.4707 0.9026 1.3138 1.0983 1.4375 1.3383 1.1160 1.2709 1.1608 1.5082 1.2729 0.9623 1.1284 1.1359 1.2386 1.2281 0.6142 
2.2742 2.3811 1.9010 1.9399 1.5987 1.5866 1.6599 1.7689 1.5037 1.0682 1.5511 1.4593 1.4835 1.0035 0.6734 0.5402 1.3725 0.4923 0.5598 0.8627 1.2641 1.1858 1.2429 0.6838 1.0743 1.2440 1.1019 0.9044 0.8172 1.0015 0.7864 0.9216 0.2265 
2.6913 2.1571 1.6274 1.4128 1.5110 1.2078 1.0856 1.2888 1.4104 1.2149 0.7038 0.8614 1.1673 1.0680 1.0878 0.8661 0.7721 0.8221 0.9702 0.9096 0.9554 0.5967 0.3906 0.8517 0.9544 0.8054 0.4804 0.5344 0.7132 0.4693 0.4939 0.7035 0.5792 
2.4371 2.2065 1.7699 1.5831 1.4366 1.6749 1.8650 1.6105 0.9348 1.6180 1.4185 1.4778 1.5788 1.2891 0.1134 1.1998 1.0635 1.1600 -0.0076 1.1577 1.3907 1.2126 1.1171 1.2580 0.5190 1.1304 1.2666 0.9979 0.6181 0.6452 0.5959 0.7373 0.2761 
1.6555 1.5604 1.4437 1.4806 1.4883 0.6873 1.2490 1.2370 1.2135 1.2746 0.9335 1.1068 0.5483 1.3198 1.1931 1.3666 0.4819 1.3077 1.1125 1.1818 0.3518 0.8357 0.6381 0.9111 0.8003 0.7516 0.6553 0.0638 0.6794 0.5474 0.2604 0.1606 -0.5462 
2.4039 2.0571 1.6227 1.3804 1.3330 1.3987 1.3640 1.3065 0.9635 1.1145 0.8623 1.1037 0.8926 1.1695 1.2949 1.5839 1.3240 1.5383 1.2082 1.0177 0.7050 0.8354 0.5556 0.7353 0.5367 0.8192 0.7939 0.7063 0.5430 0.4711 0.5167 0.5741 0.3486 
2.1836 2.0956 1.6089 1.5565 1.2059 1.5066 1.4664 1.3758 1.2903 1.6019 1.5854 1.3147 0.5957 0.6614 1.2669 1.2609 0.9827 1.2145 1.1826 0.5218 0.4337 1.0824 1.2686 1.2364 0.8659 0.8658 0.8610 0.8278 0.4355 0.6112 0.4778 0.6108 0.1275 
2.3576 1.8082 1.6157 1.2922 1.3312 1.8302 1.8142 1.3137 1.1643 0.9396 1.0183 1.5361 1.4993 1.5195 0.8854 1.1180 1.0626 1.0568 0.8000 1.3712 1.2838 1.2740 0.7240 0.5757 0.7421 0.8196 1.2091 1.1526 0.5424 0.3706 0.4879 0.2657 0.2109 
2.4951 2.4465 2.1104 1.7870 1.8926 1.3907 1.6808 1.0076 1.5508 1.5466 1.3155 1.1739 0.6075 1.4834 1.0237 1.2184 1.1803 1.1761 0.9174 1.3197 0.4229 0.9192 1.0088 1.1815 1.1346 0.5040 1.1181 0.7192 1.1204 0.8402 0.9448 0.9588 0.3933 
2.4484 2.1524 1.3448 0.9666 1.2018 1.2022 1.1027 1.5559 1.1371 1.4609 1.5807 1.2823 0.9475 1.1715 1.2213 1.0401 1.5224 0.9795 1.1413 1.0197 0.7800 1.0459 1.2669 1.0869 0.6963 1.0642 0.4936 0.5222 0.4353 0.0586 0.2017 0.6990 0.3381 
2.9318 2.5725 2.2850 2.1020 1.8686 1.8737 1.6067 1.7240 1.5946 1.7993 1.5570 1.3951 1.4363 1.4237 1.6693 1.3861 0.4743 1.3250 1.5743 1.2596 1.2199 1.1448 1.2484 1.4241 1.1705 1.2107 1.0328 1.1926 1.0864 1.1567 1.1536 1.1028 0.7963 
0.6602 1.7082 1.1960 1.5950 1.1170 1.1495 0.7028 0.9197 1.2109 1.1624 1.0806 1.2677 1.2770 1.1938 0.5731 0.8818 1.0223 0.8381 0.4865 1.0577 1.1090 1.0302 0.7785 0.8013 0.7936 0.4383 0.1135 0.4629 0.2848 0.6584 0.1335 0.2441 -1.1601 
2.9404 2.1516 1.9129 1.6885 1.5907 1.0830 1.6371 1.1966 1.5784 1.0731 0.8954 1.3659 1.2760 1.1714 1.2639 0.9088 1.2113 0.8655 1.1780 1.0235 1.1099 1.1282 0.5843 0.6932 1.1542 0.6977 1.0696 0.4079 0.8105 0.7738 0.7872 0.5840 0.8215 
2.6193 1.8264 1.6078 0.4300 0.9750 1.1382 1.3352 1.4936 1.3873 1.6253 1.9120 1.6431 0.5980 0.0872 1.3281 1.1056 0.0775 1.0409 1.2343 -0.0851 0.4381 1.4101 1.6017 1.2622 0.9387 0.9721 0.7822 0.4519 0.2155 -0.4736 0.5043 0.2663 0.4855 
2.6154 2.1218 1.3088 1.3267 1.3409 0.9569 1.0415 1.5646 0.3524 0.9776 1.4283 0.6156 1.2107 -0.1680 1.0119 0.6626 1.2359 0.6051 0.9101 -0.2860 1.0139 0.3766 1.1237 0.5988 -0.0616 1.0744 0.4660 0.2771 0.5535 0.3991 0.1519 0.6459 0.5186 
2.8090 2.2213 1.9844 1.7466 1.5882 0.3542 1.2155 1.6792 1.4398 1.5365 1.4738 1.1628 1.2661 0.8571 1.2619 1.4700 0.4304 1.4182 1.1747 0.7209 1.0960 0.9015 1.1569 1.1725 0.9793 1.1812 0.6233 -0.3280 0.8055 0.8016 0.8506 0.7102 0.6471 
2.1743 2.2446 2.1350 1.8974 1.8878 1.5488 1.0674 1.4983 1.7833 1.7338 1.6692 1.7730 1.5864 1.3390 1.0520 0.8524 0.9059 0.8123 0.9334 1.1930 1.3990 1.5090 1.3677 1.3605 1.3264 0.9818 0.4937 0.8678 1.1165 0.9545 0.9747 0.7998 0.0611 
1.8269 1.5224 1.3061 1.2334 1.3331 1.1858 0.5401 1.2668 0.2735 0.9383 0.7127 1.2509 0.2132 0.7964 0.5195 0.6091 -0.1682 0.5676 0.4424 0.6273 0.0237 0.9993 0.4176 0.5780 -0.1558 0.7886 -0.0635 0.5074 0.5378 0.2935 0.1859 0.0403 -0.2764 
2.7633 2.2916 1.7475 1.6884 1.5301 1.5262 1.5663 1.0784 1.3421 0.5512 1.5634 1.6152 1.5688 1.4095 1.1019 1.5436 1.4919 1.5025 0.9800 1.2482 1.3749 1.3805 1.2563 0.1694 0.9101 0.5564 0.9773 0.8463 0.7531 0.7755 0.5878 0.8158 0.6327 
2.8235 2.2662 1.8850 1.9793 1.8655 1.7674 1.3915 1.5007 1.2230 0.8481 1.5543 1.4856 1.2968 0.5619 0.8584 1.4411 1.1616 1.3804 0.7783 0.4248 1.1247 1.2218 1.2459 0.4910 0.8050 0.9840 0.8089 1.0864 1.0832 1.0584 0.7635 0.7825 0.6737 
1.6146 1.8407 1.1766 1.3624 1.5692 1.2484 1.7392 1.1414 1.1348 1.1096 0.5776 0.1794 0.7821 1.0383 1.1422 0.5178 1.1859 0.4852 1.0373 0.8838 0.5639 -0.0820 0.2715 0.7343 0.6849 0.6197 1.1529 0.5617 0.7938 0.4478 0.0060 0.3934 -0.4120 
1.7355 1.7570 1.9129 1.6101 1.9494 1.0394 1.5505 1.1621 1.1168 1.4477 1.8064 1.3232 1.5027 1.5149 1.5555 0.9931 0.6891 0.9297 1.4735 1.3659 1.2886 1.0952 1.4901 1.0784 0.6614 0.6422 0.9593 0.3231 1.1718 0.6953 0.8025 0.2833 -0.2828 
1.5166 1.4014 1.5750 0.8989 1.4686 1.1324 0.3922 1.3138 1.1997 0.7058 1.1072 1.3502 1.2381 0.8245 0.8289 0.9464 0.7834 0.9024 0.7493 0.6622 1.0487 1.1218 0.7929 0.3256 0.7812 0.8205 -0.2057 0.4411 0.6506 0.0140 0.4453 -0.0805 -0.7825 
2.1669 1.4716 0.8863 1.2884 1.0513 1.2111 0.7925 1.4212 1.1427 1.0636 0.8791 0.9786 0.4485 1.4612 0.6744 1.1653 -0.8970 1.1276 0.5690 1.2838 0.2375 0.7546 0.5670 0.7002 0.7060 0.8934 0.2173 0.5247 0.2634 0.3687 -0.1829 0.1003 0.0042 
2.8810 2.2497 1.9608 1.5868 1.5185 1.5704 1.5031 1.2171 1.1367 1.2370 0.9035 0.8589 0.8239 0.8624 0.5103 0.8876 1.1232 0.8479 0.4415 0.7242 0.6133 0.5997 0.5899 0.8715 0.6999 0.7290 0.9096 0.8965 0.7445 0.6527 0.8322 0.7458 0.7555 
2.9173 2.2893 1.9451 1.5850 1.4882 1.5782 1.3116 1.5517 1.1787 1.3647 1.3213 0.6818 1.2950 1.1372 1.1701 1.3847 1.3100 1.3261 1.0811 0.9687 1.1233 0.4476 1.0196 0.9885 0.7666 1.0554 0.7455 0.8980 0.6818 0.6399 0.8137 0.7941 0.7987 
2.1530 1.6497 1.6881 1.8850 1.3184 0.9063 1.5269 1.1792 1.3144 1.8244 1.3722 1.5284 1.4079 1.1558 0.6153 0.9998 0.9591 0.9445 0.5303 0.9969 1.1978 1.2663 1.0694 1.4639 0.8909 0.6693 0.9274 0.2066 0.5217 0.9394 0.5571 0.1573 -0.0127 
1.7611 2.0264 2.0243 1.6927 1.4371 -0.0211 1.2335 0.9578 1.5505 1.4541 0.9840 1.2018 0.7240 0.7139 0.9446 1.2429 0.8697 1.1975 0.8585 0.5543 0.5126 0.9406 0.6851 1.0764 1.1334 0.4744 0.6458 -0.6820 0.6151 0.7746 0.8867 0.5687 -0.3913 
2.3400 1.7885 1.7874 1.4784 1.8496 1.7195 1.5031 1.5732 1.0285 1.1903 1.6777 1.4003 1.3167 1.4764 1.6551 0.3872 0.8018 0.3099 1.5622 1.3074 1.1418 1.1470 1.3792 0.8309 0.5794 1.0872 0.9097 1.0419 1.0631 0.5270 0.6053 0.2528 0.1695 
1.8268 1.7547 1.6583 1.3840 1.3915 1.6024 1.2930 1.0448 0.3936 1.3293 1.5630 1.2429 1.5387 1.1213 1.4761 0.5374 1.3495 0.4976 1.3653 0.9515 1.3357 0.9965 1.2555 0.9624 -0.0343 0.5381 0.7220 0.9191 0.5838 0.4466 0.5145 0.3110 -0.3773 
2.0342 1.4645 1.2658 1.3930 1.5208 1.5879 0.1162 1.5853 1.2202 0.9099 1.2147 1.2371 1.5531 1.3852 1.0713 1.2891 0.5779 1.2455 0.9575 1.2272 1.3573 0.9878 0.9065 0.5474 0.7988 1.1028 -0.4480 0.9077 0.7446 0.4742 0.1787 0.0513 -0.1605 
