2.4235 1.4509 1.5933 1.7463 1.2275 1.2121 1.4452 1.0839 0.9613 0.6890 1.1845 1.2655 1.3196 1.4109 1.1815 0.1754 1.1053 0.1066 1.0767 1.2679 1.0852 0.9961 0.8675 0.2958 0.4776 0.5681 0.8231 0.4877 0.3616 0.7467 0.3813 -0.2412 0.1138 
2.5724 1.8589 0.6922 1.0990 1.3551 1.6814 1.6022 1.3512 0.7711 1.3119 1.0018 1.1553 1.1175 1.3510 1.2869 1.0564 -0.6347 1.0109 1.1567 1.1805 0.9377 0.9116 0.6676 0.9115 0.3109 0.7935 0.9840 0.9585 0.5109 0.1018 -0.4749 0.2997 0.3393 
2.8469 2.2328 1.9471 1.7200 1.6750 1.7244 1.3536 1.3350 1.1560 1.3296 1.3191 1.3149 1.3552 1.0747 0.6683 0.4533 1.0094 0.3903 0.5854 0.9397 1.1239 1.0225 0.9848 0.9397 0.7057 0.7683 0.7199 0.9994 0.8045 0.7056 0.7334 0.6438 0.6061 
1.3860 1.3642 1.5835 1.2010 0.3390 -0.8167 1.2929 1.4407 1.3194 1.0377 1.2070 1.1501 0.5665 1.1048 1.1149 1.1110 1.0367 1.0652 1.0260 0.9699 0.3345 0.9016 0.8892 0.6501 0.8336 0.9226 0.6567 -1.4473 -0.4935 0.2218 0.3664 -0.1596 -0.9533 
2.7238 2.1598 1.4736 1.5473 1.0841 0.7124 1.0343 0.9770 1.5774 1.2311 1.5356 1.3242 1.0225 0.5079 1.3861 1.3382 1.6021 1.2900 1.3015 0.3357 0.8008 1.0354 1.2150 0.8295 1.1086 0.4253 0.4050 0.0088 0.2441 0.5631 0.2611 0.5842 0.4394 
2.3620 2.1430 2.0723 1.7825 1.3842 1.0947 1.7793 1.5999 1.4204 1.1129 1.1106 0.9553 0.6196 1.0740 1.3652 1.3182 1.4157 1.2552 1.2679 0.9466 0.3881 0.6645 0.7849 0.7269 0.9762 1.0527 1.1485 0.3777 0.5575 0.7684 0.8535 0.5976 0.0670 
2.4582 2.1389 1.6672 1.7374 1.6362 1.2545 1.7326 1.6565 1.3835 1.3867 1.3199 1.2188 1.0598 0.7547 0.9553 1.3247 1.2095 1.2683 0.8304 0.6234 0.8530 0.9667 0.9818 0.9997 0.9366 1.0942 1.1000 0.5429 0.7628 0.7306 0.4111 0.5752 0.1710 
1.9222 1.9130 1.7695 1.2749 1.3645 1.3889 1.4169 1.5103 1.5056 0.7708 1.3001 1.1605 0.8943 1.2308 1.4874 1.2938 0.7497 1.2241 1.3971 1.0684 0.6710 0.9154 0.9686 0.3881 1.0527 0.9911 0.7889 0.6657 0.5247 0.2711 0.5784 0.3559 -0.3373 
2.5283 1.5235 1.1137 1.1722 1.3169 0.8125 1.3537 1.5145 0.8835 1.4195 1.3718 1.4375 1.1232 0.4137 1.1170 0.9451 0.1344 0.8724 1.0286 0.2721 0.9436 1.1677 1.0383 1.0313 0.4003 0.9962 0.7187 0.0689 0.4414 0.2294 -0.0293 -0.0329 0.2677 
0.9059 1.1107 1.4748 1.2037 1.3780 1.3000 0.7985 1.1126 1.3233 1.0285 1.1061 0.2019 0.2658 0.9714 0.9128 0.6680 0.9892 0.6256 0.7869 0.7891 0.0409 -0.0681 0.7701 0.6428 0.8403 0.6045 0.1953 0.5733 0.5420 0.2442 0.2838 -0.3522 -1.9112 
1.4717 1.5796 1.6096 1.3239 1.2427 0.3626 0.5385 1.2554 1.3874 1.2837 1.3542 1.3403 1.3109 1.1756 0.8056 1.0352 1.0723 0.9933 0.7071 1.0273 1.0739 1.0560 1.0195 0.8847 0.9505 0.7114 -0.1037 -0.3387 0.3744 0.2945 0.3839 0.0638 -0.9841 
2.1696 1.6159 1.5885 1.5797 0.5457 1.0173 1.0934 1.4610 1.5227 1.2990 1.4863 1.7413 1.3554 1.2649 1.3421 0.4788 0.5110 0.4166 1.2292 1.0930 1.1230 1.4660 1.1654 0.8975 1.0652 0.9536 0.4667 0.2909 -0.3448 0.5990 0.3697 0.0022 -0.0937 
2.5197 1.9489 1.4277 0.7586 1.0124 1.2700 1.5817 1.2948 1.7980 1.8276 1.3189 1.7220 1.7221 1.1940 1.8556 1.3481 0.3808 1.3051 1.7634 1.0417 1.4915 1.4434 0.9855 1.4346 1.3526 0.7304 0.9728 0.5556 0.1746 -0.2049 0.2390 0.3518 0.2785 
2.3155 2.0702 1.9929 1.4393 1.4513 1.5428 1.7751 1.6505 1.5143 1.2233 0.8081 1.2677 1.3243 0.7420 1.0664 0.5366 1.3090 0.4762 0.9784 0.6052 1.0913 0.9965 0.4798 0.8258 1.0590 1.0934 1.1419 0.8227 0.6196 0.4364 0.7561 0.4850 0.0255 
2.7859 2.1559 1.6056 1.8476 1.6001 0.8090 1.4003 1.1404 1.5582 1.4942 0.4204 0.4240 0.8283 1.5763 1.1692 1.0482 -0.6692 1.0052 1.0676 1.4169 0.6330 0.1732 0.0911 1.1069 1.0978 0.6282 0.7639 0.1055 0.7435 0.8669 0.3820 0.5772 0.5217 
1.5078 1.5056 1.5294 1.3757 1.1048 1.0335 0.8339 1.4436 1.4689 1.3235 1.1642 1.1845 1.2781 0.9874 0.7434 1.0075 0.8590 0.9696 0.6500 0.8139 1.0500 0.9426 0.8414 0.9287 1.0159 0.9323 0.2418 0.3012 0.2590 0.3745 0.3287 -0.0253 -0.6167 
2.1074 1.7633 1.9001 1.8086 1.6809 1.5541 1.3500 1.0860 1.0108 0.7521 0.7880 1.0413 0.4739 0.9157 0.9961 1.1845 1.3272 1.1279 0.8979 0.7441 0.2625 0.7628 0.4735 0.3749 0.5629 0.5648 0.7089 0.8283 0.8078 0.8099 0.6984 0.2187 -0.1387 
1.2780 1.7890 1.7495 1.7127 1.6789 1.6207 1.5839 1.1544 1.3944 0.2963 0.8524 1.0437 1.1007 1.0572 1.1759 0.3887 1.0346 0.3411 1.0728 0.9221 0.9004 0.7690 0.5277 -0.0753 0.9529 0.6343 0.9707 0.8999 0.8033 0.7085 0.5541 0.2576 -1.1105 
2.6729 2.0559 1.9212 1.4486 1.7153 1.6273 1.4519 1.3805 1.1107 0.8848 1.4949 1.0575 1.1137 1.2043 1.4349 1.0052 1.2189 0.9630 1.3467 1.0486 0.9336 0.7768 1.1722 0.4869 0.6612 0.8355 0.8272 0.9051 0.8643 0.4650 0.7065 0.4312 0.3924 
1.9277 1.6670 1.5523 1.1470 1.3390 1.3607 1.0073 0.7070 1.0367 0.6411 0.7120 1.2488 1.1806 1.0275 1.1256 1.4144 1.4109 1.3703 1.0353 0.8751 0.9854 0.9849 0.3842 0.2543 0.5966 0.1887 0.3715 0.6362 0.4832 0.1671 0.3421 0.0669 -0.3395 
1.0430 1.5356 1.2612 0.6903 1.1157 1.4154 0.8428 0.8617 1.0759 1.0723 0.7916 1.0016 1.1185 0.9477 0.1770 0.6712 1.0524 0.6248 0.0560 0.7532 0.9455 0.7221 0.4781 0.6841 0.6262 0.3134 0.2476 0.6898 0.2839 -0.3136 0.0546 -0.0115 -1.2001 
2.2685 2.1820 1.7627 1.4896 1.7232 1.5791 -0.1848 1.4244 1.1572 1.1424 1.3485 0.5940 1.2127 1.3225 1.2809 0.6133 -0.8669 0.5718 1.1514 1.1354 1.0083 0.3045 1.0138 0.7496 0.7020 0.9025 -0.7770 0.8505 0.8808 0.5198 0.5574 0.6309 -0.0058 
2.5970 2.0580 1.8947 1.3888 1.2122 1.6105 1.7235 1.3225 0.8893 0.6758 1.2381 1.4286 0.7542 1.6116 0.9335 1.1063 -0.3156 1.0580 0.8027 1.4441 0.5749 1.1540 0.9224 0.2861 0.4111 0.7521 1.0884 0.8877 0.3590 0.3770 0.6797 0.4247 0.3104 
1.6455 0.1459 0.7309 1.0017 0.3868 -0.0305 0.9987 0.9873 0.6331 1.0635 1.0754 0.1535 0.0836 0.6324 0.2907 0.7317 1.0222 0.6822 0.2126 0.4675 -0.1008 -0.1120 0.7434 0.6762 0.1655 0.4317 0.3643 -0.7486 -0.4486 -0.0060 -0.4704 -2.4636 -0.6881 
2.4694 1.3683 1.3410 1.2179 0.8983 1.0389 1.0795 1.3300 0.5579 1.3881 1.4795 1.3224 1.2080 1.2429 1.0931 0.9838 0.8379 0.9412 1.0015 1.0749 1.0035 1.0358 1.1559 1.0014 0.0475 0.7650 0.4605 0.3163 0.0255 0.2183 0.1410 -0.1167 0.2092 
2.0844 2.0257 1.8519 1.6330 1.4829 1.3580 1.3143 0.6723 1.1066 1.3870 1.3415 1.3296 1.2468 1.1422 1.2784 1.0689 0.6532 1.0216 1.1502 1.0036 1.0291 1.0439 1.0068 1.0013 0.6538 0.1383 0.6667 0.6340 0.6514 0.6294 0.6549 0.4277 -0.2278 
2.4382 2.0921 0.9984 1.0593 1.4532 1.2112 1.3471 1.1315 1.5923 1.4803 1.5988 1.5177 1.4888 1.2661 1.0163 1.2215 1.3407 1.1604 0.9261 1.0930 1.3108 1.2746 1.2808 1.0990 1.1162 0.6172 0.7116 0.4887 0.6221 0.0352 -0.1654 0.5045 0.1749 
1.8360 1.5689 1.8196 1.6916 1.1797 1.0605 1.8670 1.5908 1.3530 0.1683 1.4902 1.7810 1.5582 0.6583 1.3444 0.9524 -0.2860 0.8826 1.2338 0.5027 1.3565 1.5055 1.1704 -0.2618 0.8917 1.0458 1.2665 0.3503 0.3313 0.6765 0.6257 0.0084 -0.3931 
2.5929 1.7135 1.4059 1.6724 1.6550 1.7556 2.0138 1.6965 1.3320 1.1353 1.4134 1.4492 0.7503 1.0917 0.8000 0.6323 -0.4203 0.5962 0.6989 0.9607 0.5641 1.1800 1.0843 0.7470 0.8571 1.1280 1.3768 1.0343 0.7819 0.6559 0.2098 0.0851 0.3506 
1.7761 1.4188 1.3868 1.7382 1.6113 1.5485 1.9440 1.3436 1.4649 1.3712 1.0377 1.0887 1.1513 1.2497 0.5649 1.8056 0.8988 1.7580 0.4256 1.0795 0.9641 0.8089 0.7128 0.9795 1.0141 0.8055 1.3334 0.8065 0.7458 0.7350 0.2119 -0.1618 -0.5078 
1.5645 1.4740 1.7181 1.8321 1.0372 1.7637 1.8112 1.5127 0.8235 1.5897 1.8557 1.6476 1.6276 1.9167 1.7775 1.6346 1.8875 1.5720 1.6924 1.7643 1.4067 1.3681 1.5329 1.1941 0.3647 0.9907 1.1865 1.0435 0.2113 0.8411 0.5085 -0.0636 -0.5639 
1.6373 1.3325 1.3432 1.4713 1.1072 1.3533 1.9445 1.7549 1.1639 1.3493 1.1530 1.0741 0.7077 1.5261 1.3739 1.6095 1.4216 1.5443 1.2835 1.3826 0.4965 0.8028 0.8275 0.9631 0.7259 1.2264 1.3323 0.6113 0.2691 0.4953 0.1032 -0.3058 -0.6900 
2.3248 1.7494 1.3890 1.4716 1.0201 1.6781 2.0565 1.9353 1.8628 1.2843 0.5098 1.7815 1.6224 1.3812 1.2179 1.4723 1.4637 1.4263 1.1085 1.2241 1.4004 1.5063 0.1490 0.8861 1.4108 1.3985 1.4153 0.9448 0.1641 0.4779 0.1564 0.1423 -0.0039 
2.0648 1.5184 1.4266 1.3354 1.4766 1.3947 1.3980 1.3289 1.1448 1.0631 1.0667 1.0169 0.7624 1.1085 1.0360 1.0050 1.1544 0.9667 0.9542 0.9741 0.5889 0.7415 0.7389 0.6735 0.6915 0.7615 0.7625 0.6700 0.6493 0.3259 0.2360 -0.0615 -0.2125 
2.2773 1.2043 1.8404 1.0077 1.2799 1.2848 1.0977 1.0858 1.1621 1.2976 1.3321 1.4205 0.9085 1.1117 1.1276 0.7441 1.0697 0.6953 1.0336 0.9786 0.6757 1.1434 0.9983 0.8970 0.7108 0.5760 0.4785 0.5605 0.4025 -0.0153 0.6452 -0.3808 0.0203 
1.4093 1.6129 1.4719 1.3186 1.5697 1.7117 1.7237 1.5942 1.3565 1.1279 1.3595 1.4840 1.5316 1.3516 0.9810 0.4657 0.9587 0.4205 0.8638 1.1764 1.3403 1.2345 1.0269 0.7446 0.8966 1.0501 1.0897 0.9905 0.7276 0.3159 0.2833 0.0581 -0.7925 
1.9846 1.7992 1.7399 1.5823 1.3803 1.4680 1.0238 1.3714 1.0415 0.8228 1.3353 0.2683 1.1411 0.8893 1.0455 0.5260 0.3099 0.4575 0.9625 0.7195 0.9615 -0.0096 0.9990 0.4278 0.6016 0.8249 0.3865 0.7432 0.5503 0.6002 0.5374 0.2662 -0.2196 
2.5607 1.7371 1.0287 1.4330 1.6470 1.4123 1.5847 1.6208 1.1064 1.0871 0.9329 1.0609 0.6026 1.1349 1.1114 0.3043 1.1378 0.2697 1.0196 0.9975 0.3718 0.7846 0.6038 0.6994 0.6537 1.0704 0.9741 0.6852 0.7719 0.4289 -0.2072 0.0784 0.2977 
0.9683 2.0797 1.4695 1.6169 0.9876 1.3342 1.2627 1.3402 0.9894 1.3480 1.0510 1.3798 1.2122 1.1409 1.0363 1.2238 0.8841 1.1614 0.9557 1.0006 1.0058 1.1054 0.7233 0.9641 0.5324 0.7780 0.6361 0.6080 0.1498 0.6175 0.2895 0.5252 -1.0027 
2.5976 2.4521 2.1496 1.7907 1.8714 1.3336 1.7402 1.7315 1.7975 1.7568 1.7118 1.2264 1.3853 0.4663 1.1529 1.2109 1.0408 1.1487 1.0544 0.3200 1.1639 0.9673 1.3772 1.3685 1.3508 1.1822 1.1078 0.6069 1.0340 0.7860 0.9561 0.8784 0.3044 
3.1311 3.1355 2.6285 2.4140 2.3217 2.2130 2.1277 2.1193 1.8794 1.8499 1.8725 1.7017 1.7897 1.7777 1.7686 1.4797 1.5171 1.4366 1.6854 1.6372 1.5842 1.4190 1.5492 1.4677 1.4236 1.5835 1.4927 1.4897 1.4686 1.3983 1.4180 1.5698 0.9449 
3.4354 3.8402 2.8424 2.5620 2.5240 2.4683 2.3769 2.2804 2.1741 2.1430 2.0227 2.0283 2.0315 1.8895 1.9451 1.9668 1.8656 1.9036 1.8331 1.7434 1.7948 1.7424 1.6919 1.7536 1.7230 1.7473 1.7374 1.7422 1.6943 1.5628 1.6040 2.2670 1.2948 
4.4302 4.3146 3.7472 3.4166 3.1604 3.0222 2.9200 2.8384 2.8075 2.7244 2.6449 2.5804 2.5401 2.5158 2.4533 2.4402 2.4138 2.4026 2.3557 2.3804 2.3418 2.3303 2.3253 2.3235 2.3485 2.2996 2.3014 2.2975 2.3034 2.4220 2.5332 2.7707 2.1959 
3.7822 4.4092 3.6887 3.1538 2.9521 2.8468 2.7375 2.5411 2.4371 2.4519 2.3288 2.1664 2.4942 2.4436 2.3397 2.2831 2.1565 2.2237 2.2171 2.2762 2.2820 1.8901 2.0069 2.0657 1.9707 2.0225 2.0969 2.1188 2.1139 2.1349 2.4648 2.8630 1.7745 
4.2220 4.1953 3.8800 3.3511 3.1856 3.0883 2.9427 2.8476 3.0006 2.6887 2.5981 2.8045 2.4392 2.5307 2.4798 2.4746 2.5274 2.4331 2.3983 2.4015 2.2065 2.5245 2.2773 2.2905 2.5402 2.3131 2.3385 2.3652 2.3470 2.3757 2.6406 2.6029 1.7962 
3.6691 4.2917 3.5992 3.0835 3.0094 2.9436 2.8299 2.7776 2.4368 2.8197 2.6686 2.5617 2.6414 2.5555 2.5050 2.4765 2.4021 2.4347 2.4199 2.4195 2.4430 2.3052 2.3513 2.4342 1.9731 2.2092 2.1958 2.2193 2.1635 2.0812 2.3930 2.7472 0.9150 
4.4421 4.2402 3.9027 3.3989 2.9820 2.8941 2.8436 2.5344 2.4068 1.7172 0.8896 1.7411 1.5439 1.1557 0.0797 0.8710 0.9717 0.7390 0.3143 0.9598 1.3184 1.4545 0.6382 1.3145 1.9088 2.0029 2.1993 2.1593 2.1276 2.4055 2.6917 2.6632 2.2379 
4.2140 4.5204 3.9287 3.5874 3.3747 3.1920 3.0948 2.9191 3.0507 2.9504 2.8750 2.8218 2.8012 2.7706 2.7075 2.7001 2.6504 2.6363 2.5837 2.5817 2.5679 2.5457 2.5460 2.5606 2.5728 2.4086 2.4588 2.4671 2.5268 2.5811 2.7121 2.9454 1.9042 
3.1754 4.2807 3.5096 3.0449 2.4005 2.0655 1.6323 2.1603 2.4532 2.1550 1.8601 1.7985 1.8906 1.8272 1.7825 1.6615 1.5133 1.5887 1.6985 1.6966 1.7047 1.5434 1.5520 1.7761 2.0102 1.6649 1.0421 1.3795 1.5836 2.0742 2.2576 2.7343 1.4144 
4.3395 4.3704 3.8216 3.4380 3.0532 2.9256 2.6656 2.5125 2.8515 2.7130 2.6031 2.5216 2.4352 2.4208 2.3498 2.3440 2.2908 2.2802 2.2254 2.2399 2.2018 2.2500 2.2822 2.3139 2.4107 1.9872 2.0584 2.2020 2.1979 2.4404 2.5646 2.8112 1.9718 
3.9821 4.5302 3.9029 3.5981 3.3852 3.2843 3.1924 3.1388 3.0108 3.0068 2.9624 2.9112 2.8832 2.8275 2.8289 2.8125 2.7712 2.7737 2.7396 2.6691 2.6787 2.6440 2.6400 2.6091 2.5480 2.5691 2.5581 2.5592 2.5358 2.5896 2.6653 2.9462 1.3980 
4.5622 4.3638 3.9393 3.5424 3.2130 2.6429 1.2161 1.8345 2.4998 2.3411 2.1669 2.1102 2.0517 1.6980 1.4995 1.5885 1.5313 1.5236 1.3903 1.4852 1.8068 1.8309 1.8273 1.9332 2.0583 1.3553 0.3239 1.8841 2.3677 2.5198 2.7536 2.8107 2.3665 
4.2454 4.6206 4.0767 3.7061 3.5861 3.5161 3.2502 3.3305 3.0827 3.0243 3.0192 2.9970 2.8470 2.8460 2.8291 2.8218 2.7917 2.7821 2.7399 2.6968 2.6302 2.7544 2.7004 2.6273 2.5966 2.8092 2.6227 2.7915 2.7652 2.7367 2.8574 3.0700 1.9538 
3.4115 4.4899 3.8285 3.4435 2.6385 2.6712 2.4440 2.1357 2.1413 2.1936 1.9873 1.9274 1.9242 1.2506 1.4693 0.9882 1.4337 0.9887 1.3689 1.1243 1.7117 1.6976 1.6894 1.8162 1.7084 1.5707 1.8285 1.9700 1.8276 2.4517 2.5740 2.9196 0.8458 
4.4786 4.6229 4.1378 3.8300 3.5233 3.3179 3.2355 3.1506 3.1331 3.0780 2.9025 3.1183 3.0412 2.9210 2.7638 2.7930 2.8021 2.7485 2.6316 2.7864 2.8300 2.8320 2.5658 2.6777 2.6482 2.5877 2.6050 2.5937 2.6679 2.8182 2.9006 3.0546 2.0670 
3.6840 4.4949 4.0059 3.4970 3.4293 3.2760 3.1981 3.1176 3.0578 2.9494 2.8398 2.9486 2.8686 2.8118 2.8111 2.7778 2.7299 2.7216 2.7110 2.6459 2.6603 2.6999 2.5090 2.5605 2.5782 2.5555 2.5623 2.5529 2.5649 2.4795 2.7962 2.9243 1.7951 
3.6330 4.2899 3.1903 3.1625 3.1600 2.9861 2.8597 2.8205 2.6722 2.7049 2.5325 2.5544 2.5393 2.5883 2.4961 2.4465 2.4347 2.4081 2.4124 2.4491 2.3411 2.2912 2.1973 2.3046 2.1986 2.2732 2.2248 2.2606 2.3055 2.1474 2.0698 2.7561 1.4756 
4.5624 4.2669 4.1149 3.8772 3.7145 3.5869 3.5023 3.3591 3.2033 3.1459 3.0234 2.8349 2.8414 2.8398 2.8217 2.7728 2.6479 2.7112 2.7276 2.6877 2.6222 2.5582 2.7032 2.7598 2.7645 2.8282 2.8585 2.8632 2.8739 2.8667 2.9014 2.7024 2.2834 
3.2894 4.5827 4.4199 4.0538 3.6325 3.5033 3.3754 3.5859 3.4347 2.8851 3.1562 3.3410 3.0251 2.9395 3.2116 3.0963 2.9203 3.0293 3.1307 2.8058 2.8175 3.0966 2.8228 2.4932 2.9512 3.0572 2.7744 2.7781 2.8007 3.0700 3.2152 3.0082 0.7737 
2.7746 4.3371 4.2621 3.1987 2.5963 2.6615 2.8821 3.0608 3.1811 2.5198 3.0344 2.8623 2.3177 2.8097 1.8527 2.1898 1.9984 2.1403 1.7584 2.6429 2.1043 2.5829 2.7186 2.1338 2.7283 2.5138 2.2561 1.9396 1.7661 2.1810 3.0475 2.8021 0.9774 
3.9220 3.8131 4.1188 3.7323 3.4604 3.2967 3.2016 3.1656 3.0978 3.0128 3.2532 2.7267 2.7418 2.6158 2.6753 2.7130 2.6668 2.6483 2.5594 2.4711 2.5079 2.4529 2.9212 2.6196 2.6158 2.6064 2.5651 2.5761 2.5911 2.7734 2.9076 2.2522 1.7173 
4.2421 4.0415 3.8842 3.6334 3.3259 3.1538 3.1346 2.5654 2.7320 2.5766 2.8418 2.7854 2.8464 2.5951 2.6279 2.6362 2.6168 2.5770 2.5258 2.4538 2.6292 2.5005 2.5100 2.1916 2.2462 2.0615 2.4880 2.4238 2.4785 2.6218 2.6620 2.4640 1.9084 
3.7090 4.0904 4.0506 3.5935 3.1903 3.1266 2.9105 2.8434 2.6861 2.4614 2.6096 2.6100 2.4634 2.4902 2.2511 2.4067 2.3305 2.3432 2.1507 2.3436 2.2396 2.3632 2.2913 2.0728 2.2130 2.3012 2.2873 2.4015 2.3522 2.5788 2.8492 2.5460 1.5854 
4.3742 4.3459 4.2323 3.9918 3.7303 3.6102 3.5095 3.5501 3.4228 3.2747 3.1927 3.2092 3.1862 3.1817 3.1304 3.1030 3.0745 3.0366 3.0008 3.0193 2.9616 2.9291 2.8603 2.8835 2.9417 3.0056 2.8678 2.8857 2.8846 2.9881 3.0103 2.7951 2.1145 
3.2230 4.5174 4.4363 3.9601 3.2998 3.3785 3.4079 2.9896 3.1298 3.2205 2.9899 2.5290 2.1631 2.5190 2.4425 1.8212 0.9092 1.7665 2.3358 2.3868 1.9696 2.2541 2.6688 2.8327 2.6448 2.4606 2.7921 2.6584 2.4663 2.9466 3.2280 2.9528 -0.3079 
3.6444 3.7558 4.1058 3.7356 3.3550 3.0778 3.5878 3.1766 3.0958 3.1568 3.1031 2.9034 2.7687 2.0236 2.8280 2.7409 2.6549 2.6746 2.7386 1.8535 2.5306 2.6356 2.7780 2.7718 2.6135 2.6246 2.9606 2.3688 2.5253 2.7751 2.8929 2.1466 1.6786 
3.8488 3.8181 4.0042 3.2570 2.9802 3.0672 3.1707 3.0546 2.8111 2.6142 2.7978 2.3320 2.3026 2.6919 2.0132 2.1127 2.3404 2.0708 1.8890 2.5262 2.0965 2.0719 2.4628 2.2218 2.3566 2.5072 2.5342 2.3360 2.1320 2.2611 2.8049 2.2584 1.6295 
4.3438 4.2339 3.9356 3.8514 3.6602 3.5460 3.5517 3.2756 3.1198 2.9191 2.7830 2.2877 1.9997 2.1379 1.8637 2.0987 2.0798 2.0581 1.7672 1.9955 1.7767 2.0423 2.4464 2.5287 2.6306 2.7663 2.9188 2.8227 2.8292 2.8293 2.7455 2.6518 2.1344 
4.2331 4.1530 4.1670 3.2923 3.3473 3.1710 3.5542 3.4887 3.3238 3.3107 3.1288 3.0516 2.9839 2.7828 2.8615 2.8592 2.8223 2.8154 2.7776 2.6014 2.7921 2.7905 2.7907 2.9224 2.8695 2.9206 2.9232 2.4422 2.5069 2.2851 2.9386 2.5702 2.0012 
2.0223 4.1491 3.6973 3.1812 3.1521 3.2042 3.4022 2.9757 2.8704 2.8128 2.7243 2.6451 2.6394 2.6191 2.5851 2.5301 2.5094 2.4825 2.4913 2.4727 2.4405 2.4031 2.4041 2.4277 2.4246 2.4502 2.7888 2.4821 2.2969 2.1688 2.4917 2.5825 0.5471 
4.0557 3.6196 3.0272 1.5417 2.0877 2.5084 2.6893 1.9205 1.4911 2.1822 2.2777 1.7031 1.2541 0.8492 1.2406 1.1391 0.3728 1.0890 1.1123 0.6762 1.0344 1.4151 1.9549 1.7937 1.0267 1.3762 2.0698 1.7909 1.2587 0.4202 1.8069 2.0841 1.8317 
3.7614 3.4734 2.1059 3.0365 2.7362 2.5226 2.0826 2.1895 2.1359 2.1003 2.1404 2.0662 1.9144 1.9102 1.9796 1.9469 1.8858 1.8855 1.8569 1.7583 1.7178 1.7829 1.8123 1.7150 1.6965 1.6785 1.4528 1.7957 1.8611 2.0577 0.9472 1.8759 1.5348 
3.4093 3.0581 2.8373 2.4076 2.1644 2.5931 2.3644 2.0256 1.8485 1.6677 1.8244 1.9735 1.7332 1.7161 1.6775 1.4627 1.3951 1.4132 1.5449 1.5449 1.5069 1.7089 1.4919 1.2685 1.3941 1.4654 1.7305 1.8706 1.3516 1.3845 1.6440 1.4707 1.1458 
3.2451 2.8355 2.5458 2.2211 2.3263 2.4358 2.4134 1.9895 1.7012 1.8886 1.7666 1.2355 1.5083 1.4130 1.2014 1.0357 -0.8348 0.9900 1.0923 1.2694 1.3277 0.9729 1.4336 1.4946 1.2326 1.4363 1.7695 1.7124 1.4706 1.2411 1.3503 1.2679 1.0128 
2.9728 2.6590 2.0523 1.3945 2.0412 2.1151 2.1790 1.0064 1.3158 1.2748 1.3933 1.6877 1.6423 0.6450 1.5431 1.3531 1.4780 1.3154 1.4431 0.4662 1.4146 1.4019 1.0640 0.8742 0.8358 0.4604 1.5538 1.3938 1.1710 0.3846 0.8000 1.0915 0.7542 
2.9407 2.6439 1.6327 1.8256 2.0270 2.0689 1.7352 1.7360 1.4442 1.7191 1.3012 1.3234 1.1206 1.5676 1.3622 1.0320 0.0972 0.9906 1.2574 1.4126 0.9418 1.0396 0.9758 1.3317 1.0003 1.1953 1.1075 1.3422 1.1581 0.8365 0.3618 1.0725 0.7177 
2.9955 2.8622 2.4860 1.8495 1.4835 1.6731 1.0696 1.2874 1.5495 1.3597 0.9822 1.0802 1.5096 1.1885 0.9099 1.3893 1.5712 1.3488 0.7915 1.0335 1.3275 0.8209 0.6503 0.9694 1.0915 0.7370 0.4233 0.9415 0.6726 0.8657 1.2816 1.3227 0.7534 
2.2660 2.3591 2.1554 1.9570 1.4947 1.7268 1.9996 1.2182 1.4226 1.6262 1.3449 1.2594 0.9688 1.3627 1.3432 1.3232 0.5214 1.2604 1.2316 1.1997 0.7301 0.9895 1.0094 1.2259 0.9819 0.6618 1.3677 1.0117 0.6482 0.9747 0.9723 0.7901 0.0782 
2.9157 2.5363 1.0822 1.8689 1.6298 1.4682 1.8389 1.6903 0.9874 0.8615 1.2731 1.0418 0.8871 0.3055 1.4609 0.6583 1.3593 0.6204 1.3673 0.1680 0.6701 0.7621 0.9551 0.4654 0.5137 1.1208 1.2317 0.7457 0.7611 0.8928 -0.1338 0.9769 0.6836 
2.8331 2.5648 2.1948 2.1335 1.9558 1.5752 1.8139 1.5204 1.3145 1.4341 0.9443 1.3497 1.2731 1.4608 1.3360 1.2451 0.7132 1.1778 1.2209 1.3260 1.0486 1.0706 0.6045 1.0447 0.8196 0.9967 1.1909 0.8507 1.1024 1.1259 1.0029 1.0095 0.6023 
2.3349 2.4573 1.9771 1.4987 1.6719 1.4033 1.6000 1.5375 1.3262 1.5893 1.3927 1.6082 1.4852 1.2845 1.4275 1.5240 1.4549 1.4726 1.3408 1.1071 1.3095 1.3460 1.0620 1.1933 0.8515 1.0100 0.9865 0.6810 0.7962 0.5325 0.7469 0.9041 0.0336 
0.8060 1.9464 1.0950 1.0178 1.0956 1.1040 0.7486 1.0252 1.3232 0.6622 0.4734 -0.0388 0.4512 0.3914 0.8241 0.6949 0.6646 0.6541 0.7179 0.2550 0.2521 -0.2889 0.1701 0.2832 0.8384 0.4821 0.1419 0.3733 0.2691 -0.0078 -0.0927 0.3759 -2.0421 
2.5292 1.8044 1.8015 1.6746 1.2115 1.2445 0.9787 1.3672 1.2597 1.0090 1.4124 1.1605 1.0378 1.0474 1.0843 0.7467 0.8506 0.6976 0.9939 0.9047 0.8235 0.9135 1.0818 0.6295 0.7737 0.8194 0.3423 0.5231 0.3646 0.6567 0.6142 0.2250 0.2846 
2.4179 2.0897 1.7634 1.6396 1.5115 0.5379 1.2048 1.1529 1.1725 1.2961 0.9415 0.4245 1.0360 0.7797 0.8938 0.6296 0.9195 0.5915 0.7699 0.6386 0.8241 0.1683 0.6092 0.8928 0.7185 0.6349 0.5994 -0.2234 0.6716 0.6385 0.5745 0.5094 0.1399 
2.3557 1.8635 1.7418 1.3825 1.7440 1.5945 0.7993 1.5138 1.4523 1.3713 1.4237 1.4519 0.8034 0.8597 1.2938 0.9602 0.9896 0.8972 1.1661 0.6986 0.6102 1.1836 1.0945 0.9846 1.0021 0.9955 0.2012 0.8665 0.9090 0.3707 0.5318 0.2784 0.0515 
1.4334 1.3826 1.3462 1.0574 0.7833 0.9704 1.2099 1.1115 0.7372 0.4635 0.8904 1.1959 1.1507 0.8027 0.6422 0.8847 0.9676 0.8214 0.5466 0.6557 0.9661 0.9537 0.5765 0.0693 0.2834 0.6006 0.6035 0.2495 -0.0496 0.0435 0.1149 -0.1198 -0.8402 
2.4150 1.1536 1.5556 1.1186 1.6645 1.6451 1.3788 0.6407 0.7431 1.2085 1.4696 0.9571 0.6592 1.2679 1.1163 1.2335 -0.9815 1.1691 1.0292 1.0955 0.4463 0.6660 1.1359 0.8145 0.2926 0.0896 0.7440 0.9214 0.7941 0.1598 0.3539 -0.4068 0.1480 
2.2462 1.8727 1.7856 1.4293 0.8050 1.4083 1.4413 1.3465 1.0805 1.5261 0.8161 0.6561 1.0589 1.4227 0.9667 -0.1897 -0.1451 -0.2423 0.8460 1.2838 0.8523 0.3832 0.4831 1.1323 0.6296 0.7864 0.8157 0.6884 -0.0381 0.4166 0.5986 0.3118 0.0081 
1.6913 1.5953 1.2040 0.9095 0.6992 1.0300 1.1568 0.5669 0.9725 0.6373 0.2350 0.8144 0.7177 0.5235 0.8544 0.3383 0.4063 0.2915 0.7445 0.3562 0.5156 0.5740 -0.1037 0.2551 0.4993 0.0036 0.5553 0.3105 -0.1244 -0.0901 -0.0114 0.0161 -0.5521 
1.7814 1.3261 1.6137 0.9641 1.1746 1.4639 1.3281 1.3903 1.3859 1.3261 1.1185 1.0355 0.7222 1.1796 0.7654 0.7536 1.2488 0.7126 0.6728 1.0289 0.5220 0.7529 0.7928 0.9348 0.9476 0.8524 0.6867 0.7402 0.3304 -0.0515 0.3949 -0.2122 -0.4602 
2.4347 1.8376 1.5650 1.2865 1.3659 1.2422 1.5203 1.4088 1.5338 1.2667 1.0345 1.3523 0.0186 0.0379 0.6677 0.9555 -0.4825 0.8918 0.5863 -0.1086 -0.2012 1.0709 0.7063 0.8657 1.0758 0.8804 0.9211 0.5211 0.5182 0.2944 0.3512 0.2872 0.2168 
1.8145 1.2799 0.6615 0.7838 1.0861 0.9764 0.9447 1.1059 0.6703 0.8391 0.9598 0.5010 -0.0474 0.6214 0.6699 0.4598 0.1510 0.3994 0.5896 0.4497 -0.2626 0.2461 0.6229 0.4421 0.2260 0.5938 0.2990 0.2505 0.2601 -0.1941 -0.5494 -0.3427 -0.4552 
-0.0916 1.3166 1.6889 1.4009 1.4304 0.9498 0.4509 1.3384 1.0521 1.5104 1.3367 1.5023 1.3974 1.4298 1.3087 0.8315 0.6642 0.7642 1.1772 1.2947 1.1814 1.2549 1.0041 1.1175 0.6148 0.7815 -0.1715 0.2060 0.6060 0.4026 0.4648 -0.2265 -2.3141 
2.4293 2.2608 1.8358 1.5011 1.3991 1.7184 1.7764 1.6258 1.3228 1.3230 1.2579 0.6259 1.0048 0.8116 1.5453 1.3707 0.8976 1.3303 1.4434 0.6691 0.7793 0.3427 0.9393 0.9308 0.8429 1.0713 1.1443 0.9975 0.5705 0.5162 0.6362 0.6939 0.1274 
0.4935 1.2930 1.2790 1.5348 1.6701 1.5797 1.6310 1.4496 1.4529 1.1128 1.0049 0.6565 0.5872 1.0867 0.9107 0.7484 0.6681 0.6990 0.7827 0.9575 0.3588 0.3784 0.6689 0.7260 1.0011 0.9363 1.0015 0.8592 0.7986 0.5653 0.0333 -0.2951 -1.2217 
2.1903 1.4993 0.8040 0.9849 0.3344 1.2246 0.7183 0.6915 1.1741 0.7445 0.9279 0.7915 0.7432 0.4774 0.9165 0.6948 0.7488 0.6507 0.7897 0.3203 0.5465 0.5410 0.5962 0.3597 0.7134 0.1875 0.1135 0.4917 -0.4406 0.0126 -0.3574 -0.0102 -0.1282 
2.3001 0.9566 1.2969 1.4361 1.0507 1.4257 1.2159 0.9886 1.1134 1.3030 0.3886 0.5584 0.6098 0.7387 0.3243 -0.3368 0.6718 -0.3868 0.2443 0.6057 0.3730 0.2872 0.0429 0.9034 0.6655 0.4358 0.6043 0.6992 0.2397 0.4253 0.1003 -0.3944 0.0055 
2.2219 1.4848 1.1936 1.0852 1.0522 0.9952 1.7202 1.4149 1.0448 1.1466 0.7505 1.0966 0.4870 1.1987 1.2689 1.1594 1.0787 1.1098 1.1410 1.0455 0.2777 0.8266 0.4285 0.7520 0.6031 0.8852 1.0860 0.2737 0.2316 0.0635 0.0003 -0.0731 -0.0272 
2.3569 1.3923 1.3920 1.6818 1.5537 1.0617 1.3628 1.3866 1.2342 1.0435 1.2890 1.2288 1.2157 0.1598 1.0778 0.7594 0.2242 0.7168 0.9874 -0.0181 1.0072 0.9718 0.9647 0.6538 0.7523 0.8492 0.7315 0.3380 0.7037 0.6706 0.2293 -0.2363 0.0428 
