2.0782 1.2313 0.6543 1.0044 1.1828 1.4181 1.1875 1.2878 0.7018 0.0417 0.0386 0.3330 0.9655 0.6173 0.9497 0.7404 0.7224 0.6940 0.8318 0.4498 0.7446 0.0645 -0.2828 -0.3083 0.2755 0.7560 0.6110 0.7406 0.3741 0.0796 -0.5866 -0.1383 -0.0447 
2.3351 1.6780 1.5483 -0.1797 1.5788 1.2740 0.6424 1.5265 1.7073 1.3772 0.3168 0.8954 1.1284 1.2902 1.0004 0.9520 0.5989 0.8991 0.9231 1.1200 0.9552 0.6355 -0.0006 1.0088 1.2908 1.0232 0.0579 0.5937 0.7668 -1.1887 0.3998 0.1637 0.2263 
2.5084 2.0293 1.6288 1.7875 1.6920 1.4039 1.0440 0.7990 1.3648 1.5918 1.2460 1.0515 1.2069 0.7220 0.6290 0.3472 1.2957 0.3070 0.5272 0.5985 1.0034 0.7982 0.9415 1.2148 0.9499 0.3135 0.4546 0.7217 0.9151 0.8631 0.4785 0.5329 0.3792 
2.2095 1.7279 1.3959 1.0763 0.9611 0.9844 0.3794 1.1727 1.4690 1.0757 1.2725 1.3607 1.4322 1.2028 1.4272 -0.5830 -0.2516 -0.6540 1.3426 1.0487 1.2653 1.1000 0.9585 0.7041 1.0422 0.6717 -0.1919 0.3056 0.1634 0.1433 0.2755 0.2615 0.0774 
2.1017 1.6496 0.7931 1.1300 1.6628 1.5848 1.4142 0.8842 1.2869 0.8557 1.4331 0.9028 1.5850 1.2893 1.1838 1.3809 1.4210 1.3382 1.0813 1.1151 1.3710 0.6463 1.1290 0.4918 0.8359 0.3712 0.8282 0.9055 0.8720 0.2296 -0.3441 0.1343 -0.0234 
2.2905 1.3279 0.4468 1.4269 1.4204 1.4479 1.1720 1.1978 0.6379 0.9773 1.1993 0.8447 0.4056 0.5823 0.8781 1.0987 1.2771 1.0575 0.7657 0.4073 0.2226 0.6046 0.9034 0.6154 0.2088 0.6856 0.6074 0.7740 0.6349 0.5212 -0.5387 -0.0150 0.1219 
2.4881 2.0480 1.5353 1.6733 1.5626 1.0247 1.2991 1.4238 1.3404 1.0264 1.1813 1.0312 1.5596 1.1943 1.2106 1.0609 1.3242 1.0156 1.0951 1.0410 1.3530 0.7724 0.8849 0.6577 0.9269 0.9446 0.7011 0.3434 0.7484 0.7300 0.3990 0.5743 0.3789 
1.6435 1.2837 1.4975 1.3464 1.4820 1.1948 1.0840 1.3248 0.9274 1.2820 1.2929 0.8161 0.9624 1.1583 1.1249 1.0018 1.2127 0.9612 1.0348 1.0151 0.7426 0.5902 0.9775 0.9124 0.4757 0.8094 0.5126 0.5147 0.6923 0.4051 0.3744 -0.1731 -0.4601 
2.3034 2.0110 1.6489 1.5954 1.5231 1.4243 1.0024 1.2790 1.1644 1.5051 1.4900 0.6713 1.0411 1.5048 1.2573 1.0472 1.0266 1.0025 1.1336 1.3591 0.8529 0.4015 1.1880 1.1339 0.7348 0.7467 0.4129 0.7418 0.7281 0.6523 0.5001 0.5428 0.1704 
1.9215 1.8361 1.1442 0.8445 1.3787 1.6417 1.5011 1.3964 1.4795 1.2133 1.3807 1.5389 0.8448 1.3208 1.3285 0.7810 0.6467 0.7367 1.2395 1.1662 0.6522 1.2965 1.0738 0.8401 1.0501 0.9128 0.9395 0.9623 0.6115 -0.0883 0.0409 0.3673 -0.1817 
2.0768 1.7008 1.5974 1.4099 1.2975 0.7525 0.9807 0.9872 0.9394 0.1014 1.0678 1.0873 1.0449 1.3365 1.2965 1.1395 1.2457 1.0869 1.1881 1.1897 0.8537 0.8503 0.7533 -0.2744 0.4884 0.4703 0.3870 0.0736 0.4901 0.4737 0.4327 0.2350 -0.0583 
2.2813 1.4217 1.7497 1.2812 1.4672 1.3246 1.3819 1.5693 0.8480 1.0172 0.8086 1.2684 1.2860 0.9656 1.2565 0.9295 0.7180 0.8648 1.1354 0.8033 1.0666 0.9996 0.5085 0.6539 0.4035 1.0504 0.7951 0.6439 0.6841 0.3234 0.6325 -0.0608 0.1553 
2.1499 1.8074 1.5838 0.9878 0.8832 0.7861 1.2061 1.2754 1.0057 0.8850 1.1616 0.7012 0.8755 1.2255 1.4036 1.0849 1.1948 1.0422 1.3174 1.0661 0.6715 0.4426 0.8635 0.5096 0.5929 0.7408 0.6279 0.1237 0.0607 0.0601 0.4152 0.3753 0.0575 
1.9216 1.9445 1.1322 1.1279 1.1515 1.5214 1.5809 1.4415 0.9680 1.0159 0.9661 1.4993 1.4082 1.3136 0.5430 1.1581 1.2910 1.1033 0.4228 1.1533 1.2216 1.2744 0.6516 0.6505 0.5196 0.9608 0.9864 0.8470 0.3698 0.2150 -0.0008 0.4537 -0.1639 
2.3368 1.9920 1.4615 1.6947 1.6585 0.2400 1.7645 1.3728 1.0312 1.4733 1.5864 0.9276 1.0815 1.4574 1.6594 1.0244 0.7367 0.9809 1.5652 1.3265 0.9056 0.6564 1.2819 1.1046 0.6115 0.8761 1.1916 -0.4681 0.8637 0.7515 0.3417 0.5007 0.2380 
1.9041 2.1174 1.6549 1.3065 1.3733 1.4572 1.6209 1.3951 1.2275 1.4284 1.0530 1.4812 1.2602 1.1688 1.2501 0.8854 1.3514 0.8262 1.1287 1.0237 1.0400 1.2530 0.7412 1.0686 0.7750 0.9092 1.0143 0.7868 0.5992 0.3761 0.5022 0.6852 -0.1805 
2.4018 1.9073 1.4061 1.3779 1.2389 1.4011 1.4345 1.3136 1.3146 1.1522 1.2011 0.9468 0.8029 0.9748 0.8420 1.2608 1.0430 1.1986 0.7400 0.8167 0.6239 0.6791 0.9029 0.7776 0.8857 0.7926 0.8682 0.7198 0.4273 0.4409 0.2829 0.4023 0.3056 
2.1054 1.7514 1.3691 1.0454 1.3926 0.4980 1.6480 1.2002 1.2388 1.1732 0.9025 1.3696 1.0324 1.2146 1.1282 1.1582 1.2959 1.1043 1.0364 1.0598 0.8296 1.1132 0.5976 0.8008 0.7899 0.6858 1.0525 -0.1265 0.6236 0.1079 0.2860 0.3389 -0.0200 
1.4071 1.9204 1.2418 1.1515 1.3038 -1.0777 1.0764 0.4631 1.3093 1.0390 0.7785 0.6383 0.3747 0.9189 0.8340 0.6599 0.2962 0.6219 0.7345 0.7450 0.1808 0.3754 0.4768 0.6727 0.8768 -0.0339 0.4929 -1.5293 0.5008 0.2454 0.0649 0.4419 -0.5181 
1.2190 1.7654 1.1942 1.4062 1.3602 1.4191 1.4900 1.4906 0.8943 1.3979 1.2239 0.9565 0.8601 1.0855 1.4029 1.0241 1.3488 0.9824 1.3178 0.9599 0.6637 0.6883 0.9300 1.0304 0.4519 0.9947 0.9334 0.7405 0.6014 0.4681 0.0793 0.3236 -0.9465 
2.3251 2.2446 1.7293 1.6601 1.5423 1.4121 1.2175 0.6198 1.3166 0.7421 0.9582 1.1986 1.0592 0.3231 0.4839 1.0343 0.5285 0.9925 0.3819 0.1884 0.8737 0.9552 0.6440 0.3832 0.8883 0.0771 0.6343 0.7345 0.7369 0.7189 0.6070 0.7523 0.1915 
1.7163 1.0814 1.7493 1.3110 0.6580 1.1866 1.0158 1.3494 1.2612 0.8717 0.9983 1.0329 0.9327 1.4148 1.2527 0.5098 0.4716 0.4465 1.1291 1.2889 0.7137 0.7744 0.6877 0.4917 0.8015 0.8478 0.4294 0.5140 -0.1437 0.3415 0.6362 -0.2757 -0.5406 
2.4900 2.2387 1.6853 1.4124 1.7035 1.3174 0.4625 1.3507 1.3451 1.2320 0.9685 1.1297 0.8716 0.7421 1.0365 0.6409 0.3575 0.6036 0.9550 0.6197 0.6647 0.8992 0.6593 0.8540 0.9332 0.8515 -0.1248 0.6349 0.9353 0.4773 0.5644 0.7434 0.3836 
1.9976 1.4911 0.8757 0.8836 0.6576 0.8341 0.4236 0.5839 0.7751 0.7635 0.3663 0.0076 1.0234 1.0110 0.9610 0.6024 -0.7241 0.5443 0.8561 0.8728 0.8259 -0.2412 0.0467 0.4000 0.3491 0.0511 -0.1651 0.1448 -0.1392 -0.0257 -0.2204 0.0297 -0.2394 
2.0381 0.7675 1.5881 0.8216 1.0976 1.0875 0.7790 1.3748 1.1234 1.1462 1.1382 0.9700 0.9414 0.6032 0.8800 0.0648 1.0539 0.0306 0.7625 0.4281 0.7202 0.7065 0.8378 0.7744 0.6967 0.8839 0.2144 0.4065 0.3193 -0.0788 0.4378 -0.7044 -0.0724 
2.4205 1.7789 1.6278 0.6458 1.4439 1.4198 1.6178 1.0858 1.2221 0.9528 1.1538 1.3407 1.5053 1.1384 1.4187 1.1913 1.2438 1.1316 1.3312 0.9979 1.3181 1.0821 0.8508 0.5991 0.7655 0.6103 1.0116 0.7392 0.6641 -0.2829 0.4667 0.2852 0.2999 
2.3465 2.0888 1.8172 1.6640 1.7559 1.7666 1.6494 1.1023 1.1988 1.1526 1.6215 1.4586 1.3053 0.9603 1.3486 1.2958 -0.6568 1.2464 1.2753 0.7854 1.0872 1.2253 1.3063 0.7858 0.7497 0.6172 1.0508 1.0868 0.9784 0.7192 0.6915 0.6271 0.2404 
1.3608 1.2095 1.5022 1.6830 0.8628 1.1460 1.0764 0.8863 0.8595 0.7790 0.9461 1.2662 1.2256 1.0681 1.1794 1.1224 1.1630 1.0788 1.0791 0.9438 1.0157 0.9988 0.6348 0.4068 0.4138 0.3737 0.4913 0.4645 0.0571 0.7398 0.3786 -0.2785 -0.6684 
1.8942 1.4030 0.8690 1.1963 1.2053 0.9802 1.4275 1.1557 0.5408 1.1096 1.0550 0.9026 0.9979 0.9554 0.7320 0.9367 -0.2599 0.8744 0.6440 0.7877 0.7908 0.6417 0.7438 0.7439 0.0894 0.6567 0.8579 0.3018 0.4019 0.2716 -0.2846 -0.0773 -0.2441 
2.4950 1.6799 0.3066 1.0496 1.2120 0.7804 1.4166 1.3265 0.8850 1.0823 1.3103 1.5246 1.2370 1.2984 1.0193 1.3141 1.3485 1.2786 0.9393 1.1312 1.0218 1.2888 0.9994 0.7180 0.4291 0.8112 0.8407 0.1117 0.4090 0.1029 -0.6743 0.1285 0.3628 
2.1499 0.9373 1.3938 1.0013 0.8346 1.4022 1.4955 1.3170 1.1585 1.5339 0.6601 1.1169 1.1546 0.9426 0.7914 1.1116 0.7407 1.0696 0.7012 0.7687 0.9695 0.8840 0.3432 1.1585 0.7300 0.7940 0.9384 0.7267 0.0586 0.0525 0.2610 -0.9784 0.0038 
2.6464 1.9252 1.7674 1.6556 1.1673 1.1996 1.4770 1.3253 0.3169 1.2651 1.1318 0.9535 0.7680 0.9670 0.7629 0.3359 0.7079 0.2967 0.6756 0.8027 0.5992 0.6866 0.8294 0.8873 -0.0862 0.8105 0.9150 0.5207 0.3738 0.7063 0.6397 0.3681 0.4888 
1.8274 1.3100 1.1549 1.3618 1.1338 0.9648 1.3554 1.3664 1.2837 1.1275 1.2855 1.3551 1.0053 0.8179 0.9079 1.0857 0.7787 1.0464 0.7928 0.6778 0.7980 1.0910 0.9687 0.7549 0.8283 0.8722 0.7613 0.2950 0.3470 0.4116 0.0126 -0.2334 -0.3420 
2.1954 0.5950 1.4590 1.5498 1.2989 1.3832 1.3431 1.4738 0.7952 1.2578 1.2377 1.2135 1.3161 1.2799 0.7643 1.2105 0.9439 1.1499 0.6837 1.1032 1.1005 0.9663 0.9397 0.8831 0.3625 0.9811 0.7468 0.6992 0.5007 0.6170 0.3320 -1.1642 0.0524 
1.0450 1.1145 0.9731 0.4672 1.3775 -0.4136 0.9575 1.3143 1.0515 0.9429 1.0851 0.7823 0.6356 1.0579 1.0162 0.8779 0.5410 0.8140 0.9413 0.9346 0.4178 0.5521 0.7751 0.5724 0.6325 0.7919 0.3648 -1.3288 0.6028 -0.3821 -0.1658 -0.3576 -1.5196 
1.9934 1.5620 1.6064 0.4012 1.4135 1.6797 1.2567 1.3059 1.4565 1.0592 1.1409 1.4464 0.9623 1.2926 1.0287 1.1876 1.0398 1.1289 0.9517 1.1237 0.7399 1.2131 0.8450 0.6953 1.0318 0.7873 0.6534 1.0019 0.6402 -0.5189 0.4589 0.1419 -0.1534 
2.3238 1.8411 0.3680 0.7564 1.3552 0.6302 0.8989 1.0594 1.3629 1.3409 1.1258 1.2614 1.3921 1.1594 1.4350 1.4057 1.4766 1.3610 1.3508 1.0168 1.2012 0.9958 0.8216 0.9771 0.9489 0.5841 0.3097 -0.0755 0.5949 -0.1934 -0.9762 0.3361 0.1740 
2.6260 1.9755 1.5792 1.7550 1.7620 1.3961 1.3477 0.7645 0.9565 1.0278 0.6487 0.9099 1.1436 1.5918 1.4256 1.2250 1.6350 1.1665 1.3386 1.4228 0.9651 0.6505 0.3420 0.6650 0.5172 0.2786 0.7510 0.7135 0.9823 0.8224 0.4077 0.4434 0.4744 
2.4562 2.1177 1.6329 1.6557 1.5579 1.3350 1.3819 1.4157 0.8330 1.3754 0.9299 1.3274 0.9038 1.0904 0.5259 0.9088 -0.0106 0.8464 0.4091 0.9659 0.6856 1.0684 0.6110 1.0111 0.3899 0.9383 0.7876 0.6543 0.7492 0.7086 0.4736 0.6510 0.3488 
0.7786 1.4264 1.0130 0.9591 1.1536 1.0401 1.3302 1.1939 1.0788 1.0130 0.0652 -0.0988 1.0689 0.8026 0.9793 0.4064 0.9016 0.3623 0.8859 0.6643 0.8837 -0.3727 -0.2329 0.6471 0.6554 0.6821 0.7391 0.3579 0.3637 0.0141 -0.1088 -0.0212 -1.0352 
2.4826 2.2956 1.7836 0.9814 1.5894 1.3793 1.5231 0.6860 1.3231 1.3765 0.7288 0.8283 1.4050 1.1045 1.3071 0.9562 0.7426 0.9070 1.2076 0.9734 1.2203 0.5982 0.4155 1.0105 0.9013 0.1877 0.9511 0.6999 0.7761 0.0156 0.6541 0.7930 0.3783 
1.7422 1.7886 1.2645 0.8752 1.0664 1.3880 1.0150 1.5449 1.2946 1.3396 1.1236 1.1839 0.9818 1.0648 1.0159 0.9685 0.6258 0.9308 0.9393 0.9426 0.7655 0.9485 0.8195 0.9769 0.8517 1.0331 0.4201 0.7110 0.2864 -0.0599 0.0951 0.3296 -0.4094 
1.1613 1.8863 1.5029 1.5105 1.2204 1.2913 0.6580 1.3579 1.0341 1.3363 0.3148 0.8802 1.3122 1.3423 1.4156 1.4280 1.4372 1.3885 1.3272 1.1981 1.0969 0.6273 0.0124 0.9734 0.6203 0.8589 0.0671 0.6138 0.4031 0.5998 0.3626 0.4164 -0.7382 
1.4047 1.8635 1.7810 0.4441 1.4280 1.2180 1.4261 0.9033 0.7562 1.1552 1.5298 0.8667 1.0295 1.3653 0.2598 1.1000 0.2897 1.0585 0.1591 1.2309 0.8358 0.6171 1.2312 0.7883 0.3344 0.3783 0.8533 0.5445 0.6526 -0.4026 0.6562 0.4036 -0.5881 
2.1511 1.9900 1.8578 1.6627 1.6342 1.0519 1.0069 0.5647 1.4510 1.5815 1.1245 1.2438 1.4835 0.8496 0.7486 0.8577 0.5271 0.8009 0.6643 0.6933 1.3025 0.9870 0.8217 1.2047 1.0294 0.0517 0.4110 0.3656 0.8243 0.7170 0.7198 0.5116 0.0147 
0.7391 1.2295 1.1531 1.3021 1.4146 1.2376 0.7230 1.2496 1.2715 0.9389 0.8229 1.2864 1.4128 1.2439 0.4358 1.0652 1.1992 1.0214 0.3399 1.0785 1.2299 1.0184 0.5268 0.5610 0.8123 0.7273 0.1334 0.5567 0.6340 0.3579 0.0314 -0.2579 -1.3888 
2.2366 1.7689 1.3285 1.1204 0.6807 1.4766 1.4520 1.4408 1.4394 1.1529 1.2416 0.3674 1.0478 1.0095 1.0907 0.9712 1.2932 0.9368 1.0065 0.8675 0.8576 0.0996 0.9405 0.7799 1.0170 0.9601 0.8872 0.8002 -0.1151 0.1986 0.2198 0.3158 0.1464 
3.3577 3.2737 2.8476 2.5346 2.3742 2.2255 2.1745 2.2293 2.1887 2.1317 2.0320 2.0309 1.8889 1.6701 1.6718 1.6518 1.8883 1.6169 1.5862 1.5179 1.6855 1.7674 1.7218 1.7649 1.7544 1.7178 1.6149 1.5478 1.5995 1.6189 1.7103 1.7819 1.2324 
3.3717 3.6370 2.8375 2.3278 1.8776 1.5639 1.4493 1.3551 1.5927 1.8297 1.6758 1.2834 1.4937 1.5682 1.2022 1.1454 -0.2860 1.0705 1.0740 1.3995 1.3092 1.0168 1.3591 1.4635 1.1422 0.8449 0.9429 0.8344 1.0752 1.4017 1.7462 2.1468 1.4119 
2.9534 4.1503 3.6426 2.9419 2.4470 2.3675 2.2516 2.3318 2.2636 1.3203 1.7916 1.7680 2.1422 1.9171 1.6677 1.4877 1.6157 1.4315 1.5898 1.7601 1.9719 1.5201 1.4901 1.0062 1.8210 1.8108 1.6560 1.6874 1.6786 2.0028 2.4616 2.7021 1.4257 
4.1229 4.1736 3.6197 3.1116 3.0681 2.9733 2.6623 2.9954 2.2373 2.6444 2.5926 2.4826 2.4344 2.4033 2.3905 2.3872 2.3947 2.3463 2.3113 2.2773 2.2516 2.2528 2.2962 2.2771 1.7942 2.4674 2.0661 2.2972 2.3017 2.1918 2.4538 2.7167 2.0339 
3.4774 4.1433 4.0080 3.2466 3.1022 3.0452 2.8571 3.0799 3.0604 2.6373 2.6735 2.6167 2.6232 2.6302 2.5693 2.5314 2.5199 2.4748 2.4551 2.4511 2.4035 2.3529 2.3598 2.2598 2.6459 2.5910 2.3002 2.3677 2.3267 2.3157 2.8526 2.7001 1.5003 
4.1149 4.1833 3.6320 3.2175 3.1621 3.0451 3.0681 2.6829 3.0103 2.7096 2.7063 2.6410 2.6436 2.5741 2.5481 2.5214 2.4892 2.4658 2.4427 2.4172 2.4236 2.3707 2.3958 2.3470 2.5767 2.1680 2.4765 2.3668 2.3799 2.3077 2.4586 2.7272 2.0687 
3.7252 4.1420 3.6240 2.6163 2.6881 2.5402 2.6805 2.3271 2.4538 2.3853 2.2897 2.1561 2.1208 2.1616 2.1860 2.0628 2.1019 2.0193 2.0883 2.0234 1.9573 1.9278 1.9757 2.0223 2.0387 1.7997 2.0910 1.8693 1.9166 1.7026 2.4750 2.6952 1.7172 
4.1476 4.1448 3.8885 3.7302 3.5295 3.4147 3.3446 3.2685 3.1299 3.1238 3.0895 3.0356 3.0019 2.9805 2.9293 2.9143 2.8686 2.8546 2.8120 2.8031 2.7844 2.7779 2.7807 2.7609 2.7099 2.7510 2.7463 2.7363 2.7416 2.7867 2.7510 2.6943 2.0779 
3.7901 4.1938 3.7252 3.6686 3.1842 2.9958 2.5143 2.6515 2.9215 2.7633 2.6713 2.6311 2.4892 2.5473 2.4438 2.4444 2.4379 2.4019 2.3575 2.3965 2.3144 2.3608 2.3581 2.3968 2.4721 2.1215 1.9591 2.3176 2.3956 2.7206 2.5951 2.7477 1.5612 
4.0970 4.6237 4.3037 3.9979 3.7925 3.6496 3.4481 3.3606 3.3599 3.2515 3.2180 3.1772 3.1357 3.1102 3.0724 3.0462 3.0176 3.0069 2.9925 2.9851 2.9701 2.9479 2.9192 2.8769 2.9324 2.8437 2.8638 2.9704 3.0117 3.0411 3.1329 3.1422 1.6574 
3.9054 4.0821 3.9075 3.6888 3.3272 3.2533 3.1421 3.0400 3.0870 2.9934 2.9599 2.8740 2.8207 2.8163 2.7765 2.7464 2.7264 2.7032 2.6881 2.6848 2.6489 2.6433 2.6509 2.6342 2.6708 2.5347 2.5774 2.5819 2.5300 2.7462 2.7838 2.6105 1.4300 
4.0305 4.4959 4.1764 3.8583 3.4645 3.2885 3.2241 2.9781 2.4570 2.7993 2.8946 2.8417 2.8898 2.8969 2.8822 2.8147 2.7639 2.7723 2.7804 2.7442 2.6940 2.6145 2.5973 2.4410 2.0452 2.4430 2.6527 2.6124 2.6851 2.9429 3.0459 3.0509 1.9541 
4.3272 4.5202 4.3155 3.7815 3.7266 3.5542 3.4648 3.3364 3.4610 3.3460 3.1737 3.2008 3.1416 3.1963 3.1229 3.1112 3.0774 3.0652 3.0355 3.0540 2.9767 2.9755 2.8729 2.9857 3.0365 2.8105 2.8899 2.8770 2.9510 2.8429 3.1466 3.0659 2.0343 
3.7049 4.4891 4.1424 3.7479 3.1893 3.0645 2.9892 3.1256 3.1221 2.6579 2.8569 3.0193 2.9469 2.7036 2.3991 2.5820 2.5073 2.5217 2.3190 2.5623 2.7331 2.7576 2.5538 2.2981 2.6976 2.6459 2.3816 2.3819 2.3980 2.7966 3.0067 3.0448 1.9727 
4.3607 4.4719 4.1251 3.3746 3.4413 3.3510 3.2511 3.3260 3.2028 3.0315 2.8657 3.1277 3.0281 2.9668 3.0020 2.9453 2.8876 2.8833 2.8972 2.7884 2.8168 2.8903 2.5679 2.6695 2.7692 2.7940 2.6690 2.6733 2.6655 2.4310 2.9983 3.0173 2.1199 
3.9306 4.4460 4.1499 3.6513 2.8863 2.8534 2.7679 3.1656 2.8358 2.1002 2.9154 3.0482 2.6141 1.7456 2.2274 1.9888 1.8188 1.9590 2.1091 1.6166 2.4014 2.7872 2.6190 1.7369 2.4093 2.6757 2.1730 2.1687 2.0864 2.6913 3.0201 3.0039 2.0393 
4.4176 4.4662 4.0163 2.9443 3.2076 3.2203 3.1470 3.4178 3.1089 2.5951 2.7474 2.6456 2.7158 2.4763 2.4144 2.5599 2.5346 2.5014 2.3306 2.3441 2.5162 2.3755 2.4401 2.2239 2.6835 2.9270 2.5828 2.5448 2.4173 2.0059 2.8538 3.0100 2.2402 
3.3715 4.4163 4.2644 3.6868 2.9883 2.8139 2.7929 3.3706 2.9878 2.4034 2.5607 2.9576 2.7038 2.4422 2.5686 2.3799 2.2662 2.3379 2.4557 2.3207 2.4981 2.6958 2.2734 2.0312 2.5389 2.8616 2.2335 2.1487 2.1900 2.7350 3.1146 2.9804 1.7509 
4.3752 4.4208 3.6516 3.2050 3.0708 3.1391 3.0757 3.3874 2.9003 2.2661 2.8966 2.7355 2.4138 2.5111 2.3257 2.3704 2.4417 2.3308 2.2252 2.3713 2.2279 2.4774 2.5969 1.8860 2.4511 2.8835 2.4860 2.4582 2.2899 2.2688 2.5040 2.9683 2.2011 
3.6576 4.2638 4.3662 4.0027 3.5901 3.4695 3.2858 3.5845 3.3799 3.2521 3.3564 3.1295 3.0321 3.0778 2.9395 2.9751 2.9317 2.9115 2.8208 2.9486 2.8229 2.8923 3.0431 2.8808 2.9609 3.0747 2.6913 2.7899 2.7835 3.0450 3.2261 2.7905 1.7873 
4.3085 4.3083 4.0337 3.6530 3.3959 3.2968 3.3265 3.1196 2.9939 2.9442 3.1603 3.1025 2.9642 2.8950 2.8537 2.7886 2.8065 2.7489 2.7572 2.7420 2.7435 2.8489 2.8585 2.5661 2.5502 2.6387 2.7230 2.6135 2.6117 2.6871 2.9044 2.8042 2.1624 
4.0758 3.5693 4.4565 4.1647 3.7970 3.7082 3.6301 3.5563 3.3664 3.4786 3.0599 3.1397 3.1646 3.1759 3.1221 3.0345 3.0467 2.9968 3.0336 3.0392 2.9905 2.9060 2.7479 3.1178 2.9451 3.0513 3.0335 3.0280 3.0156 3.2397 3.3438 2.1041 2.0489 
4.3463 4.2483 4.1072 3.3083 3.2596 3.1646 2.9259 3.2060 2.8821 2.9814 2.3752 2.6945 2.6598 2.7050 2.4496 2.5720 2.4135 2.5129 2.3642 2.5616 2.4425 2.4367 2.0575 2.6092 2.4400 2.7053 2.3339 2.4824 2.4463 2.3556 2.9910 2.7796 2.2700 
4.1821 3.8342 4.3625 3.8736 3.2512 2.8088 2.9755 2.9012 2.2027 3.1027 2.8644 2.0632 2.3256 2.0997 2.0343 2.3042 2.0728 2.2471 1.9673 1.9629 2.1041 1.8141 2.5577 2.7385 1.7366 2.3943 2.3655 2.1155 2.4417 2.9437 3.2199 2.4004 2.0854 
4.0605 4.0707 3.8584 3.0689 3.0573 2.8639 2.9741 2.7910 2.3235 2.2219 1.7740 1.7563 1.7107 2.0257 1.7754 0.9705 0.0170 0.9056 1.6912 1.8784 1.4758 1.4911 1.4450 1.8279 1.9030 2.3187 2.3617 2.1658 2.2617 2.1517 2.7168 2.6363 2.0270 
3.7775 3.6158 4.1608 3.6960 2.9752 2.4503 3.2203 3.0330 3.0266 2.4402 2.8618 2.6668 2.4385 2.8038 2.1911 1.7608 1.6444 1.7158 2.0879 2.6756 2.2561 2.4039 2.5611 2.0787 2.6023 2.5187 2.6527 1.7638 2.1529 2.7421 3.0425 2.1598 1.6587 
3.6800 4.1386 3.4389 3.7137 3.5005 3.4001 3.4000 3.1713 3.0438 3.0046 3.0422 2.8817 2.9483 2.7678 2.7861 2.7708 2.7571 2.7248 2.7006 2.6433 2.7329 2.6473 2.7302 2.6454 2.6291 2.6808 2.8040 2.7228 2.7192 2.7741 2.3040 2.6869 1.3397 
2.6652 2.8376 3.4299 3.5625 3.0200 2.4368 3.3737 2.8798 2.6392 2.3918 2.9801 2.5944 2.6433 2.4135 2.1083 2.2470 2.1799 2.1857 2.0252 2.2847 2.4226 2.3375 2.6649 2.0282 2.1767 2.3703 2.7818 1.7921 2.2247 2.6506 2.3046 1.4565 0.1607 
3.1067 3.4340 3.0592 3.1479 3.0012 3.0496 2.8371 2.6859 2.5922 2.4073 2.3731 2.3764 2.3423 2.3315 2.3945 2.3783 2.3562 2.3380 2.3145 2.1711 2.1301 2.1130 2.0649 2.0410 2.1404 2.1750 2.2724 2.3709 2.1909 2.2284 1.9654 1.9807 0.9844 
3.3151 3.4049 3.2745 3.0890 2.9533 2.7664 2.8762 2.3145 2.0166 2.1248 2.0067 1.9375 2.0396 2.0415 1.7815 1.9788 1.8371 1.9344 1.6962 1.9040 1.8395 1.6715 1.6977 1.7598 1.5917 1.7800 2.3070 2.0872 2.1335 2.1463 2.1278 1.9615 1.2017 
3.2235 3.5174 3.3335 2.9703 2.7552 2.2372 2.6487 2.4956 2.3878 2.4496 2.1914 2.1229 2.1180 1.9295 1.9124 1.9940 1.9421 1.9584 1.7940 1.7614 1.9515 1.8871 1.8918 2.0892 1.9723 2.0032 2.0474 1.5452 1.9776 2.0128 2.1815 2.0654 1.0820 
2.9936 3.3310 3.0607 2.7045 2.7510 2.7157 2.5057 1.8961 1.9711 2.0136 2.0809 2.1810 2.0718 2.0497 1.8025 1.8210 1.7557 1.7662 1.7136 1.9151 1.8809 1.9565 1.7670 1.6532 1.5298 1.3939 1.9369 2.0352 1.9791 1.7616 1.9491 1.8659 0.9009 
2.6479 3.2229 2.4109 2.6126 2.3004 2.1593 2.5183 2.1879 1.8054 2.0883 2.0044 1.7011 1.6367 1.9003 1.9675 1.8527 1.7813 1.7947 1.8532 1.7425 1.4190 1.4417 1.6898 1.7216 1.3817 1.6822 1.9590 1.4774 1.4877 1.6675 1.2854 1.7622 0.5232 
2.2527 2.9962 2.7564 2.5408 2.2396 2.3413 2.4132 1.9709 1.8843 1.6731 1.6590 1.7764 1.8306 1.3538 1.7297 1.2946 1.6518 1.2482 1.6462 1.2202 1.6466 1.5437 1.3493 1.3097 1.4371 1.4372 1.8256 1.6630 1.4268 1.6189 1.6388 1.5273 -0.0708 
1.7814 2.6958 2.4248 2.4442 2.1072 1.9552 2.1653 1.8459 1.9280 1.9681 1.4808 0.8712 1.5480 1.5384 1.6414 1.6004 1.5284 1.5365 1.5367 1.3886 1.3436 0.6302 1.1736 1.6015 1.4732 1.3437 1.6102 1.2637 1.3301 1.5162 1.3142 1.2615 -0.3529 
0.9492 2.6849 2.4660 2.1279 1.4102 1.6594 2.0033 1.5271 1.4981 1.1847 1.3579 1.3085 1.6906 1.3710 1.4800 1.3069 0.8907 1.2671 1.3868 1.2382 1.4872 1.0465 1.0480 0.8061 1.0669 1.0170 1.4091 0.9840 0.6209 1.2011 1.3406 1.2351 -0.3115 
2.7814 2.1080 1.3424 1.3880 1.3141 1.9233 2.1393 1.8720 1.6068 1.0466 1.0808 0.8237 0.0551 1.1351 1.3733 0.9780 1.2520 0.9413 1.2920 0.9987 -0.1324 0.5945 0.7662 0.6802 1.1478 1.3608 1.5743 1.2507 0.5411 0.4581 0.2096 0.6408 0.6747 
2.7401 2.5529 2.4179 2.0245 1.7017 1.9633 1.6047 1.7877 1.5588 1.1049 1.4468 1.3047 1.4134 1.7674 1.5731 1.5252 1.3249 1.4669 1.4538 1.6425 1.2311 1.0372 1.1426 0.7385 1.1067 1.3035 1.0024 1.2836 0.9295 1.0772 1.2936 1.0684 0.5696 
2.6374 2.0739 1.7877 1.3119 0.8331 1.0646 0.9567 1.2249 1.1829 0.2670 0.7305 0.5290 0.0563 0.9579 0.7453 1.0012 1.0172 0.9623 0.6663 0.7928 -0.0959 0.2877 0.4183 -0.1123 0.7417 0.7057 0.3673 0.3922 0.0410 0.3674 0.6654 0.6090 0.5155 
1.3613 1.7523 1.7197 1.3782 1.6342 1.0211 1.3090 1.4093 1.3301 1.2530 0.9940 1.2704 1.1429 1.3804 0.9189 0.5502 0.7415 0.5018 0.7871 1.2531 0.9658 1.0034 0.6804 0.8707 0.9082 0.9342 0.7167 0.3305 0.8288 0.4153 0.6072 0.2999 -0.4027 
1.9844 2.0600 1.1727 1.4665 1.3215 0.8295 1.2792 0.9206 0.7789 0.9389 1.0290 0.9474 1.0249 1.2192 1.0435 1.0968 0.3474 1.0563 0.9615 1.0597 0.8293 0.6777 0.7200 0.5632 0.3554 0.3974 0.6734 0.1414 0.5202 0.5634 -0.0090 0.6142 -0.0671 
2.3214 1.3938 1.7203 1.3568 1.0664 0.0621 1.6217 0.0034 1.0991 1.3570 0.7611 1.0599 1.0559 1.2481 1.2322 0.9501 1.0863 0.9062 1.1119 1.0821 0.8705 0.8113 0.4552 0.9950 0.6786 -0.5223 1.0168 -0.6105 0.2883 0.3993 0.6024 -0.1605 0.1706 
2.0812 1.9556 1.7211 1.4001 1.0367 -0.3680 0.7867 1.0029 1.2875 1.3473 1.4459 1.3058 0.9675 0.7923 0.7445 0.4565 -1.0574 0.4045 0.6589 0.6555 0.7466 1.0408 1.1437 0.9852 0.8384 0.4984 0.2293 -1.1062 0.2631 0.4614 0.6042 0.4543 -0.0462 
2.4720 1.7272 0.9452 1.4832 1.7091 1.2763 1.3165 1.2880 1.4365 0.9726 1.5168 1.2967 0.6528 1.3691 1.0628 1.3168 -0.7283 1.2800 0.9755 1.2374 0.4464 1.0294 1.2195 0.6176 1.0153 0.7584 0.7217 0.5983 0.9390 0.5659 -0.2799 0.1907 0.3413 
2.0409 1.2775 1.2272 1.2400 1.1318 0.9395 0.9443 0.9515 0.8846 0.8453 0.8823 0.7991 1.1678 1.1468 0.9996 1.0465 0.3093 1.0036 0.9131 1.0087 0.9770 0.5783 0.5850 0.4740 0.4311 0.4213 0.3397 0.2639 0.3477 0.3022 0.0648 -0.2245 -0.0645 
1.5220 1.1362 1.2820 1.2828 1.3977 1.2251 1.2635 1.1448 1.1349 1.2386 1.2786 1.3871 1.0151 0.6301 0.5929 0.9146 1.0699 0.8524 0.4695 0.4655 0.8090 1.1313 0.9627 0.8646 0.7078 0.6482 0.6619 0.5379 0.6228 0.3345 0.1403 -0.2741 -0.6373 
2.3074 2.1761 1.8227 1.3877 1.7217 1.3558 1.3108 1.3176 0.6124 1.0120 0.5570 0.5968 1.0391 0.9323 0.6543 0.9494 0.9115 0.9008 0.5765 0.7513 0.8477 0.3215 0.2605 0.6478 0.1576 0.7966 0.7139 0.6722 0.9488 0.4571 0.6833 0.7094 0.1557 
1.7489 1.7043 -0.2777 1.4035 1.1604 1.2405 1.3675 1.2113 1.4655 0.7088 1.2513 1.0469 1.3220 0.8628 0.9580 1.3030 0.9623 1.2631 0.8513 0.7064 1.1097 0.7867 0.9464 0.3369 1.0398 0.6928 0.7784 0.5607 0.3710 0.4710 -1.4448 0.2734 -0.3156 
2.4348 1.3899 1.5139 1.3682 1.2306 1.1586 0.9590 1.3253 1.3344 1.0212 0.9997 1.2842 1.2971 1.0858 0.5608 0.9612 1.1899 0.9232 0.4381 0.9610 1.0802 1.0147 0.6910 0.6578 0.9182 0.8105 0.3594 0.4774 0.4211 0.4137 0.4004 -0.1263 0.3081 
2.4260 2.2023 1.9727 1.3982 1.5935 1.4414 0.7883 0.8139 1.2663 1.0039 1.0924 1.0491 1.1272 1.0567 1.0281 1.0063 0.5294 0.9663 0.9506 0.9346 0.9525 0.7947 0.7906 0.6405 0.8090 0.3195 0.2172 0.7607 0.7780 0.4512 0.8134 0.7231 0.2935 
1.7494 1.3249 1.4031 0.7426 1.2929 0.9486 1.0231 1.1399 1.0776 1.2872 1.4277 1.3003 1.3738 1.3474 0.6106 0.9184 0.4743 0.8556 0.4893 1.2055 1.1771 1.0365 1.1228 0.9238 0.6512 0.6466 0.4343 0.2686 0.4843 -0.1553 0.2839 -0.1299 -0.4063 
2.3314 2.0008 1.0972 1.2834 1.1257 1.3073 1.6496 1.5069 1.4253 -0.0209 1.3036 1.3626 1.3611 1.2323 0.6471 0.7763 0.8752 0.7338 0.5602 1.0701 1.1605 1.1018 0.9876 -0.3601 1.0031 1.0017 1.0532 0.6316 0.3474 0.3269 -0.0457 0.5150 0.2299 
