1.6803 1.5741 1.4427 1.1895 1.5779 1.3680 1.1988 1.3551 1.2067 0.7766 1.3146 1.3649 1.2865 1.2330 1.0621 1.0137 1.0407 0.9778 0.9847 1.0817 1.0721 1.1122 1.0074 0.4222 0.7775 0.8549 0.6450 0.7084 0.7864 0.3094 0.3561 0.1331 -0.3544 
2.0729 1.6787 1.6315 1.0155 1.0246 1.0712 1.1871 0.9067 0.8165 1.0063 1.0200 0.7034 1.1122 1.1894 1.3808 1.1196 1.1173 1.0799 1.3054 1.0500 0.9440 0.4500 0.7148 0.6571 0.4033 0.4046 0.6402 0.4074 0.2651 0.0896 0.4981 0.2333 0.0197 
1.4279 1.7144 1.6757 0.9982 1.3556 1.3057 1.0891 1.2337 1.0023 1.2785 1.3346 1.3933 1.1369 0.9947 1.2276 1.0004 0.5009 0.9589 1.1164 0.8392 0.9708 1.1423 1.0320 0.9147 0.5806 0.7331 0.5099 0.6437 0.5947 0.0560 0.5736 0.3167 -0.6310 
0.9963 1.6517 1.1728 1.3537 0.8398 1.3028 1.3155 1.0631 1.2999 0.7767 1.3081 0.6165 1.1687 0.7585 1.2029 1.0415 0.7514 1.0048 1.1039 0.6418 0.9936 0.3463 1.0023 0.4079 0.8569 0.5898 0.7261 0.6420 0.0982 0.4355 0.0659 0.2460 -1.0800 
2.1861 1.1381 1.3280 1.1076 1.6277 1.5176 1.5928 1.0098 1.2412 1.3720 0.7996 1.4458 1.3096 0.5401 0.7136 0.8159 -1.0269 0.7718 0.6387 0.3870 1.0945 1.2145 0.5144 1.0190 0.8037 0.4998 1.0136 0.8565 0.8340 0.2248 0.2435 -0.1663 0.0947 
1.8739 1.1436 1.5692 1.3013 0.7274 1.5833 1.6394 1.2950 1.2701 1.2121 0.9138 0.4743 1.3043 1.0912 1.0744 1.1182 1.1214 1.0808 0.9959 0.9730 1.0876 0.2550 0.6252 0.8468 0.8310 0.7778 1.0487 0.9283 -0.0664 0.3656 0.4617 -0.2662 -0.2286 
1.7242 1.4163 1.2806 1.2873 1.1755 0.9799 1.0925 1.1133 0.5873 0.9178 0.9368 0.3350 0.9206 1.0669 0.4647 0.8835 1.0082 0.8274 0.3816 0.9406 0.7181 0.0792 0.6414 0.5520 0.1561 0.6462 0.5229 0.3204 0.4042 0.3606 0.1559 0.0017 -0.3082 
1.1908 1.4885 0.8151 0.9878 1.0201 0.8714 0.5695 0.9153 0.3407 0.2870 0.9732 0.4378 0.8654 0.7768 1.1149 1.2155 0.9936 1.1619 1.0311 0.6464 0.6785 0.1967 0.6674 -0.0970 -0.0981 0.4105 0.0134 0.2072 0.2657 0.0544 -0.3329 0.0958 -1.0160 
2.3140 1.7719 1.6789 1.6333 1.0692 0.8892 0.8407 0.7277 0.6434 1.2664 1.5328 0.8548 1.1337 1.6199 0.6551 1.0904 1.3729 1.0472 0.5394 1.4465 0.9722 0.6374 1.2413 0.9062 0.2055 0.2450 0.2979 0.2254 0.3134 0.7034 0.5814 0.3290 0.2519 
1.8655 1.3701 1.4249 1.0997 1.3583 1.3208 1.4333 1.2703 1.3016 1.0724 0.4617 0.8196 1.3133 1.0001 1.0613 1.2459 0.3855 1.1873 0.9819 0.8443 1.1017 0.6017 0.1556 0.7167 0.8557 0.7621 0.8674 0.6586 0.5921 0.1810 0.3441 0.0148 -0.2343 
2.1317 1.8812 0.6672 1.4533 1.5354 1.3915 1.5438 1.4631 0.9175 1.3843 1.2324 1.3131 1.1763 1.1614 1.1132 1.0292 1.0296 0.9917 1.0299 1.0277 0.9979 1.0526 0.9430 1.0298 0.4822 0.9922 0.9868 0.7306 0.7613 0.5623 -0.5096 0.4333 0.0779 
2.1329 1.8746 1.6894 1.5749 1.7299 1.7173 1.6667 1.3666 0.9042 1.1235 1.3187 1.1595 0.6833 1.2507 1.2845 1.2175 0.9136 1.1595 1.1670 1.0965 0.4863 0.9318 1.0126 0.7760 0.4760 0.8708 1.0852 1.0577 0.9797 0.6699 0.5947 0.4328 0.0662 
1.3480 1.1137 1.3619 1.5584 0.9750 1.3279 0.8418 1.2510 1.2731 1.2317 1.3976 0.3532 1.0911 1.3517 1.1311 1.1116 1.1507 1.0676 1.0495 1.2039 0.9107 0.1147 1.0965 0.8691 0.8287 0.7497 0.2902 0.6656 0.1995 0.6554 0.2684 -0.2642 -0.6936 
1.6334 1.6439 1.6173 1.1968 0.9050 1.0876 1.4677 1.3432 1.1070 1.1975 0.7442 1.0970 1.0621 1.3150 0.9365 0.6828 0.9423 0.6467 0.8172 1.1481 0.8732 0.8559 0.4381 0.8342 0.6899 0.8425 0.9188 0.4386 0.1046 0.2956 0.4903 0.2217 -0.3425 
2.3863 1.9136 0.9970 1.2872 1.6386 1.5036 1.4935 1.2514 1.3354 1.0056 1.1652 0.4879 1.4485 0.9856 1.2481 0.4664 -0.2759 0.4299 1.1334 0.8182 1.2856 0.2622 0.8688 0.6551 0.9107 0.7439 0.9438 0.8428 0.8453 0.3700 -0.1099 0.4629 0.3553 
1.7539 1.5105 1.6535 1.4908 1.4039 1.3352 1.5178 1.2126 1.3566 1.4478 1.1536 0.8972 1.0415 1.4498 0.6754 0.9549 0.2183 0.8938 0.5761 1.3281 0.8484 0.6607 0.8563 1.0983 0.9514 0.7178 0.9710 0.6754 0.6511 0.5946 0.5406 0.0782 -0.2746 
1.4025 1.3595 1.3063 1.5135 1.3560 1.1138 0.9657 1.3708 0.6895 1.2998 0.9668 1.5473 1.1870 0.8016 1.3375 1.2791 -0.0840 1.2171 1.2451 0.6777 1.0028 1.3150 0.6600 0.9357 0.2744 0.8817 0.3799 0.4506 0.5893 0.6274 0.2000 -0.0592 -0.5921 
0.9963 1.5751 1.1114 1.1749 1.2462 1.2725 1.2382 0.6809 0.8124 0.6848 0.9245 0.9161 1.3172 0.7120 0.8786 0.6473 0.6895 0.5898 0.7779 0.5787 1.1074 0.6734 0.6360 0.3338 0.3957 0.1797 0.6721 0.6136 0.4530 0.2814 0.0350 0.1244 -1.2708 
0.3760 1.4084 1.1261 0.6627 1.1612 1.3517 0.7670 1.1644 0.5546 1.3703 0.6839 0.6829 1.0959 0.9174 1.1242 0.7679 1.0255 0.7274 1.0413 0.7615 0.9137 0.4306 0.3744 1.0168 0.1111 0.6852 0.2119 0.6903 0.3970 -0.2328 0.0325 0.0090 -1.3968 
2.3459 2.0436 1.4203 1.3323 1.9030 1.3240 1.7355 1.6220 1.0343 1.0152 1.3982 0.1482 1.0115 1.0869 1.2933 1.1841 0.9563 1.1288 1.1737 0.9690 0.8027 -0.0856 1.0972 0.6654 0.6291 1.1062 1.1621 0.6629 1.1144 0.4162 0.3313 0.6139 0.2853 
1.0315 1.2241 1.4800 1.3376 1.4282 1.0112 1.2399 1.0315 1.1619 1.0342 0.9699 1.0052 1.1341 0.9991 -0.3261 0.6625 0.8316 0.6241 -0.4452 0.8398 0.9708 0.7516 0.6628 0.6793 0.7461 0.5375 0.6717 0.3480 0.6701 0.4162 0.3832 -0.1954 -0.9300 
1.8814 1.4193 0.8725 1.2279 1.1638 1.1948 1.3252 0.8480 0.9195 1.0373 0.8693 0.7099 1.0080 0.5424 0.9000 1.0483 0.8553 1.0085 0.7901 0.3986 0.7971 0.4587 0.5749 0.6853 0.4785 0.3630 0.7416 0.5356 0.3975 0.3273 -0.2484 -0.0178 -0.2094 
1.5768 1.2680 1.4449 1.3980 1.3665 0.8969 1.3368 1.3395 1.1096 1.0050 0.8693 1.0124 0.9722 1.3278 1.0775 1.0531 0.4404 1.0123 0.9960 1.1695 0.7592 0.7603 0.5774 0.6519 0.6932 0.8324 0.7566 0.2462 0.6074 0.4859 0.3660 -0.1018 -0.5596 
2.6459 2.1827 1.7988 1.5883 1.4862 1.2157 1.1754 0.9731 1.3090 1.0292 0.6757 1.1899 1.0839 1.0091 1.1551 1.0847 1.0475 1.0430 1.0652 0.8606 0.9004 0.9685 0.3758 0.6784 0.8715 0.4581 0.6352 0.5582 0.7237 0.6702 0.7021 0.7246 0.5695 
2.1292 1.0170 1.0753 0.7528 1.3471 1.0316 0.8060 1.2228 1.2408 0.8154 0.8737 1.1148 0.9976 0.4193 1.1769 0.7517 1.1008 0.7071 1.0844 0.2850 0.7830 0.8844 0.5842 0.4552 0.7991 0.7302 0.2531 0.3639 0.5867 -0.1865 0.0101 -0.4770 0.0637 
2.5250 2.3219 1.9637 1.7264 1.6308 1.5268 1.3620 1.4461 1.2373 1.0597 1.3432 0.1930 1.0795 1.3576 0.8962 1.3026 0.7866 1.2438 0.7939 1.2138 0.8974 -0.0151 1.0382 0.7076 0.7958 0.9796 0.7830 0.8653 0.8264 0.8129 0.8230 0.8764 0.4471 
2.0216 1.3521 0.8837 0.2030 1.3678 0.3816 1.1115 0.8784 0.9653 1.1557 1.1003 0.5831 0.8125 0.9829 0.6643 0.6693 0.1011 0.6371 0.5648 0.8167 0.6455 0.3420 0.7939 0.7919 0.5252 0.3829 0.5544 -0.2707 0.6154 -0.7447 -0.2463 -0.0071 -0.0703 
1.9883 1.4085 1.5234 0.8904 1.3863 1.2476 0.4612 0.7770 0.7691 0.6474 1.2793 0.7801 1.0951 1.0810 0.6859 0.9646 -0.1302 0.9034 0.5824 0.9660 0.9110 0.5480 0.9788 0.2972 0.3562 0.3084 -0.0765 0.5780 0.6375 -0.0386 0.4219 -0.0180 -0.1000 
2.5212 2.0991 1.7689 1.0346 1.5806 1.5299 1.5374 1.3758 1.4777 1.2130 1.5979 1.3747 1.0975 1.2844 1.1382 0.6121 -0.0242 0.5472 1.0494 1.1140 0.9185 1.1194 1.3045 0.8576 1.0640 0.8875 0.9828 0.8630 0.7901 0.0938 0.6706 0.6601 0.4483 
2.3455 1.9203 1.4949 1.6835 1.7236 1.3737 1.4838 1.2556 1.3496 1.0376 0.9307 0.7763 1.3360 1.0720 0.5255 0.6965 0.9740 0.6593 0.4292 0.9462 1.1257 0.5359 0.6369 0.6868 0.9347 0.7554 0.9348 0.7103 0.9731 0.7697 0.3969 0.4476 0.2917 
2.4616 1.7052 1.4672 1.5356 1.5056 0.9930 0.7450 1.1613 1.2054 1.1182 0.7283 0.8631 0.9822 0.8787 0.6156 0.5331 0.6154 0.4766 0.4945 0.7318 0.7727 0.6398 0.4283 0.7654 0.7787 0.6864 0.1677 0.3305 0.7318 0.6454 0.3949 0.2659 0.4020 
2.6236 2.0029 1.7969 1.0244 1.4963 1.4044 1.2091 1.6590 1.5341 1.0057 1.1278 1.0636 1.3868 1.1196 0.8190 1.2391 1.3692 1.1814 0.7301 0.9958 1.1928 0.8153 0.8342 0.6527 1.1083 1.1509 0.6540 0.7409 0.7271 0.0811 0.6950 0.5118 0.5211 
2.6322 2.0622 1.7240 1.7896 1.5439 0.6783 1.4239 1.5183 1.3313 1.3331 1.1695 1.2243 1.3139 1.3250 0.6505 1.0280 1.2405 0.9913 0.5330 1.1653 1.1033 0.9869 0.8790 0.9809 0.9105 1.0315 0.8547 0.0097 0.7631 0.8910 0.6236 0.6070 0.5329 
2.2290 2.0070 1.6476 0.5558 1.3414 1.4785 1.6293 1.5020 0.7164 1.4082 1.3508 0.9750 1.0605 1.2369 0.9862 1.1546 1.0194 1.1100 0.8784 1.0846 0.8719 0.7099 1.0468 1.0530 0.3187 1.0191 1.0389 0.8181 0.5742 -0.3552 0.5162 0.5704 0.1372 
2.4393 2.0492 1.8723 1.7081 1.5220 1.2495 1.6097 1.2845 0.8562 1.0899 0.6028 1.0842 1.0073 0.0196 0.8598 1.0551 1.3597 1.0165 0.7633 -0.1091 0.7955 0.8392 0.3057 0.7352 0.4297 0.7710 1.0264 0.5966 0.7484 0.7842 0.7641 0.6145 0.3840 
2.4965 2.0692 1.8473 1.4343 1.5459 1.6931 1.4202 1.3028 1.4647 1.1190 1.4441 1.3419 1.1311 0.6105 0.7834 1.3879 0.8953 1.3475 0.7037 0.4472 0.9693 1.0861 1.1461 0.7645 1.0529 0.7832 0.8493 1.0311 0.7719 0.5176 0.7404 0.6385 0.4328 
1.2217 1.6512 1.7129 1.1436 1.3140 1.1625 1.2928 0.6980 1.0590 1.0739 1.1927 0.7317 0.2851 1.1224 0.9696 1.0234 1.0300 0.9868 0.8499 1.0006 0.0752 0.4742 0.9022 0.7177 0.6547 0.1929 0.7036 0.5006 0.5270 0.2420 0.6248 0.2317 -0.6718 
1.5847 1.6821 1.6583 1.0733 1.3676 1.3393 1.1625 1.1311 0.8647 1.2714 1.1703 0.5121 1.1490 1.1255 1.3340 1.3104 1.1632 1.2576 1.2385 1.0042 0.9811 0.2906 0.8752 0.9051 0.4454 0.6630 0.6127 0.6786 0.6081 0.1530 0.5493 0.2545 -0.4909 
2.2498 2.1624 1.6555 1.4360 1.5380 1.3778 1.4344 1.3502 0.8198 1.3789 0.8771 1.1041 1.0795 1.1143 0.9024 1.2166 0.0903 1.1595 0.7946 0.9918 0.8961 0.8600 0.5906 1.0245 0.4135 0.8476 0.8721 0.7112 0.7659 0.5284 0.5257 0.7359 0.1518 
2.0985 1.8143 1.5440 1.3784 0.8969 1.3908 1.2103 1.1109 1.1925 1.2179 1.2021 1.1783 1.5190 1.3226 0.7018 1.1517 0.9808 1.1085 0.6213 1.1593 1.3374 0.9592 0.9102 0.8544 0.7703 0.6454 0.6529 0.7306 0.1156 0.4554 0.4374 0.3945 0.0937 
1.0147 1.4929 1.5408 1.1603 1.1006 1.3445 1.6650 1.5916 1.3505 1.0212 0.9858 1.0282 1.0692 1.2966 1.2236 1.2152 1.1572 1.1590 1.1146 1.1215 0.8806 0.7774 0.6779 0.6673 0.9377 1.0842 1.0845 0.6871 0.3439 0.2574 0.4324 0.0894 -1.0736 
1.9914 1.9134 1.5747 0.9728 1.3228 1.4850 1.3178 1.3516 1.4099 1.1494 0.5307 1.0258 1.1736 1.1793 1.0556 0.7767 0.7780 0.7298 0.9788 1.0407 0.9971 0.7761 0.2387 0.7873 1.0009 0.8536 0.7310 0.8248 0.5444 0.0390 0.4503 0.4634 -0.0717 
2.0359 1.8468 -0.1113 1.3920 0.3621 1.4059 1.4267 1.0465 1.3743 1.0782 -0.0344 0.9730 1.0291 0.3471 0.9955 0.9647 1.2098 0.9060 0.8943 0.1896 0.8254 0.7127 -0.3283 0.7200 0.9725 0.5690 0.8533 0.7495 -0.3483 0.4783 -1.0182 0.4191 0.0335 
1.7069 1.6407 1.6947 1.4442 1.2894 1.3935 1.3275 1.0347 1.2359 1.1706 0.9099 1.0261 0.7611 0.7044 0.3891 0.2901 -0.2524 0.2240 0.3176 0.5632 0.5822 0.7753 0.6156 0.8079 0.8008 0.5469 0.7397 0.7356 0.4969 0.5304 0.5996 0.2142 -0.3002 
2.4014 1.9297 1.8355 1.7757 1.7997 1.4910 1.1880 0.6858 1.5448 1.3000 1.4714 1.6515 0.9722 0.3683 1.1570 0.3569 1.0923 0.3155 1.0674 0.2340 0.7533 1.3913 1.1804 0.9303 1.1142 0.1834 0.6371 0.8276 1.0410 0.8721 0.7337 0.4480 0.3321 
2.0163 2.0306 1.9904 1.7478 1.3901 1.4339 1.5111 1.7297 1.7687 1.7283 1.5678 1.3332 1.0811 0.9436 1.1111 1.2489 1.1918 1.1897 1.0264 0.7799 0.8939 1.0764 1.2761 1.3728 1.3545 1.2524 0.9692 0.7746 0.6357 0.8303 0.8776 0.6269 -0.0252 
2.0462 1.9702 1.8192 1.6721 1.1876 1.1875 1.3157 1.5242 1.4969 1.3997 1.2909 1.3066 1.3259 1.2878 1.1262 0.8797 1.0886 0.8229 1.0422 1.1154 1.1131 1.0445 0.9858 1.0438 1.0788 1.0371 0.7306 0.5275 0.4147 0.7488 0.7194 0.5182 -0.0249 
2.3106 1.0172 1.3608 1.2480 1.5168 1.6688 1.6405 1.4354 0.9736 1.1109 1.3783 1.2486 1.3344 0.5251 0.7895 0.9033 0.5872 0.8460 0.7066 0.3749 1.1214 1.0042 1.0779 0.7602 0.5406 0.9680 1.0539 1.0072 0.7477 0.3333 0.2392 -0.2267 0.2178 
1.6020 1.4360 1.4886 1.0326 1.0379 0.6660 0.9797 1.2194 0.4429 1.2124 0.4238 1.1736 0.3291 0.7381 0.9908 0.1619 0.7353 0.1308 0.8849 0.6212 0.1051 0.9530 0.1042 0.8509 0.0269 0.7234 0.4019 -0.0052 0.2971 0.1070 0.3934 0.0266 -0.5004 
3.0588 2.8991 2.3166 2.0070 1.3836 1.3810 1.3742 1.2650 1.4562 1.3647 1.3981 1.4319 1.3327 0.7795 1.2323 1.3788 0.8939 1.3373 1.1213 0.6620 1.1164 1.1864 1.0965 1.0136 1.0439 0.7690 0.7940 0.7098 0.6188 1.0793 1.1884 1.4487 1.0340 
2.8690 3.7228 3.1178 2.9448 2.7629 2.6741 2.5984 2.4667 2.3856 2.4134 2.2836 2.3048 2.2446 2.1774 2.1936 2.1023 2.1259 2.0580 2.0963 2.0383 2.0415 2.0431 1.9787 2.0565 1.9795 1.9934 2.0158 2.0113 1.9999 2.0138 2.0126 2.3187 1.0882 
2.9964 4.0579 3.5358 2.6999 2.6394 2.1095 2.1210 1.5946 2.6412 2.6294 2.8729 3.0371 2.5509 2.2680 1.8631 2.2676 1.8259 2.2061 1.7646 2.1031 2.3529 2.7817 2.5855 2.2677 2.2128 1.0678 1.5819 1.4389 1.8612 1.7838 2.4163 2.6518 0.0410 
3.7325 4.3890 4.0445 3.8661 3.7071 3.6326 3.5280 3.3733 3.3707 3.3361 3.2867 3.2945 3.0920 3.1003 3.0898 3.0952 3.0460 3.0503 3.0038 2.9784 2.9138 3.0323 2.9784 2.9840 2.9669 2.8897 2.9714 2.9707 2.9572 2.9677 2.9505 2.9807 0.9944 
3.9026 4.1208 3.9389 3.5348 3.3385 3.1394 2.8923 3.0572 3.1719 3.1891 3.0252 2.8678 2.9602 2.8849 2.7703 2.7212 2.7282 2.6800 2.6869 2.7341 2.7452 2.6386 2.7221 2.8290 2.7517 2.5886 2.3322 2.4837 2.5806 2.6488 2.8226 2.6890 1.5274 
3.6180 4.3817 4.1419 3.8518 3.5916 3.4283 3.3703 3.5086 3.4571 3.1451 3.0363 3.0547 3.0433 2.9960 2.9759 2.9568 2.9248 2.8970 2.8707 2.8436 2.8507 2.8042 2.7356 2.7828 3.0436 3.0224 2.7939 2.7666 2.7970 2.9594 3.0365 2.9795 1.7692 
4.1782 4.3281 3.9325 3.2079 3.1096 3.0329 2.7563 3.0966 2.2260 2.7172 2.6508 2.6488 2.6571 2.5921 2.5962 2.5084 2.4656 2.4547 2.4794 2.4323 2.4448 2.3912 2.3463 2.3640 1.7928 2.6304 2.1881 2.3719 2.3532 2.3123 2.7905 2.9002 1.9797 
3.1505 4.1749 3.6418 2.9904 2.8486 2.5627 2.6744 1.9817 2.6967 2.6268 2.4459 2.3905 2.1144 2.2342 2.1420 2.1195 2.1022 2.0796 2.0534 2.0828 1.9514 2.1393 2.1516 2.2669 2.2991 1.5195 2.1042 1.9144 2.0908 2.0979 2.5302 2.7455 0.8375 
2.6993 4.1500 4.0244 3.8356 3.6631 3.5496 3.4436 3.3911 3.4162 3.3100 3.2473 3.2029 3.1256 3.0949 3.0682 3.0583 3.0319 3.0164 2.9865 2.9707 2.9611 2.9708 2.9566 2.9597 3.0038 2.9157 2.8918 2.8896 2.8944 2.9486 2.9324 2.7364 1.3226 
3.6446 4.1049 3.6602 3.3676 2.6514 2.4985 2.2991 1.7769 2.4964 2.1288 2.0190 2.0425 1.4986 1.7278 1.5733 1.4260 1.5620 1.3810 1.4679 1.5964 1.3504 1.8001 1.7302 1.7837 2.0901 1.3602 1.7208 1.8564 1.9185 2.4609 2.5587 2.6872 0.7415 
4.1811 4.4088 4.0127 3.4244 2.7516 2.9722 2.9439 2.5368 1.8660 2.1453 1.9771 2.1250 2.2493 2.3461 2.2585 2.1861 2.1988 2.1326 2.1425 2.2015 2.0478 1.9051 1.6715 1.7902 1.4545 2.0376 2.3568 2.3149 1.9966 2.5128 2.9093 2.9954 2.0825 
4.0562 4.0873 4.0501 3.7382 3.6238 3.4943 3.4106 3.3356 3.1951 3.1843 3.1345 3.1016 3.0400 3.0249 3.0003 2.9667 2.9568 2.9152 2.9108 2.8866 2.8459 2.8689 2.8405 2.8217 2.7668 2.8354 2.8417 2.8335 2.8292 2.8294 2.9619 2.6780 1.9286 
2.3736 4.4245 4.0307 3.1068 3.3171 3.2099 2.9578 3.3507 3.1797 3.0275 2.5052 3.0181 2.7557 2.7338 2.5689 2.6712 2.3861 2.6355 2.4563 2.6134 2.5760 2.7656 2.2080 2.6719 2.7574 2.8600 2.3696 2.5499 2.5377 2.2158 2.9335 3.0124 1.6999 
4.4270 4.4423 3.8016 3.4277 3.0514 2.8281 2.7199 2.4330 2.8753 2.6574 2.7414 2.1462 2.6813 2.5480 2.4968 2.4664 2.4127 2.4252 2.4044 2.3985 2.4769 1.9178 2.4382 2.3075 2.4407 1.9687 2.1491 2.1719 2.3039 2.5268 2.6911 3.0205 2.3253 
3.9533 4.3858 3.8532 3.2182 2.5269 2.1830 2.2868 2.5995 2.7932 2.1069 2.6370 2.5515 2.2301 2.3595 2.1384 1.3080 1.6735 1.2245 2.0623 2.2257 2.0225 2.3194 2.3330 1.7574 2.3821 2.0819 1.6860 1.5284 1.7719 2.3221 2.7268 2.9774 2.1019 
4.4067 4.2720 4.0355 3.6484 3.5956 3.4521 3.3902 3.3649 3.1415 3.1476 3.0825 2.9726 3.0725 3.0304 2.9278 2.9704 2.8869 2.9218 2.8109 2.8946 2.8889 2.7133 2.7750 2.7870 2.7264 2.8774 2.8175 2.7925 2.8006 2.7263 2.9451 2.8122 2.3137 
4.5358 4.6013 3.9512 3.7418 3.5494 3.3433 3.2732 3.2890 3.1499 3.1549 3.0966 3.0433 2.8945 2.8756 2.8087 2.7388 2.7500 2.6957 2.7197 2.7266 2.6945 2.7897 2.7921 2.7930 2.7319 2.7692 2.6863 2.6801 2.7649 2.8253 2.8103 3.1489 2.4746 
3.6752 4.2717 3.3420 3.1611 2.3272 2.6747 2.6279 2.8374 2.0873 1.7597 1.9445 2.6511 1.7759 1.9829 1.8277 2.0219 2.0210 1.9885 1.7196 1.8232 1.5934 2.3934 1.6764 1.4355 1.7130 2.3460 2.0430 2.0270 1.6429 2.2331 2.3051 2.8229 1.9036 
3.7320 4.1853 4.0656 3.6400 3.5610 3.4291 3.3174 3.0851 3.3435 3.2040 3.1809 2.8880 3.0036 2.9927 3.0303 2.9519 2.9563 2.8901 2.9564 2.8391 2.7973 2.6483 2.8891 2.8407 2.9377 2.6184 2.7354 2.7675 2.7714 2.7212 2.9742 2.7660 1.7921 
4.2151 4.0800 4.0443 3.8841 3.5712 3.3925 3.4568 3.4202 3.3731 2.9954 2.6828 2.7559 2.9772 2.9266 2.8179 2.7596 2.7341 2.7144 2.7273 2.7643 2.7657 2.5118 2.3792 2.6439 2.9685 2.9539 2.9045 2.7285 2.7722 2.9746 2.9614 2.6668 2.2223 
3.1850 3.8432 4.0692 3.3668 3.4016 3.2753 2.9999 2.6585 3.1118 3.0811 3.2577 3.0155 2.9933 2.9666 2.8504 2.8138 2.8129 2.7672 2.7541 2.7982 2.7821 2.7633 2.9632 2.7256 2.7036 2.1348 2.4231 2.6123 2.6456 2.4594 2.9859 2.4005 1.5589 
3.7125 3.7372 3.6070 3.1420 2.3649 2.3741 2.3307 3.1599 2.8701 2.3166 2.7617 2.6817 2.0481 2.0376 1.8689 1.9990 0.1212 1.9649 1.7674 1.9054 1.8571 2.4297 2.4555 1.9574 2.4358 2.6795 1.7716 1.7269 1.5788 2.2244 2.4951 2.3178 1.7801 
4.0688 4.1833 4.0115 3.9185 3.6080 3.3019 3.5477 3.6325 3.6568 3.4837 3.1990 2.7326 2.7113 3.0057 3.0984 3.0132 2.9557 2.9759 3.0138 2.8590 2.5207 2.4791 2.9071 3.1213 3.2386 3.1162 2.9845 2.6407 2.8055 2.9978 2.9128 2.7594 2.0865 
3.8923 3.7472 4.2012 3.2818 3.3958 3.3270 3.2084 3.3406 3.0851 3.0627 2.5729 2.9046 2.8668 3.0251 2.7345 2.7156 2.6982 2.6743 2.6535 2.8865 2.6775 2.6589 2.2943 2.7079 2.6735 2.8389 2.6508 2.6643 2.6410 2.3480 3.0925 2.3572 1.8815 
3.5232 3.9028 3.6948 3.3466 3.1000 2.7577 2.5694 2.9323 2.8801 2.9109 2.4216 2.6852 2.6075 2.3600 2.5533 2.4193 2.3279 2.3742 2.4430 2.2198 2.3941 2.4341 2.1099 2.5460 2.4430 2.4227 1.9964 2.0924 2.3380 2.4207 2.6074 2.4675 1.6042 
3.5750 4.2369 4.0852 3.7598 3.1854 3.3177 3.3879 3.3631 3.1686 3.0040 2.8021 2.5843 2.6753 2.7660 2.6607 2.3105 2.0376 2.2635 2.5667 2.6433 2.4684 2.3344 2.5086 2.6512 2.7464 2.8751 2.8146 2.6585 2.4081 2.8488 2.9885 2.8005 1.7537 
4.0902 3.8042 3.4268 3.6924 3.2622 3.3097 2.3252 3.2947 3.0838 3.0288 2.9760 2.8479 2.9066 3.0303 2.7607 2.6672 2.6510 2.6312 2.6738 2.8941 2.7057 2.6271 2.6720 2.6733 2.6723 2.7780 1.7164 2.6510 2.4733 2.7771 2.3246 2.3775 2.0211 
4.0921 4.2652 3.5402 3.5405 3.4138 3.2483 3.3026 3.1535 3.1057 3.0659 3.1296 3.0349 2.9881 2.9953 2.8881 2.8617 2.8268 2.8060 2.7766 2.8425 2.7747 2.7804 2.8359 2.7104 2.6973 2.6749 2.7166 2.5907 2.6567 2.6396 2.4214 2.8145 2.0143 
2.6644 3.7617 3.7869 3.7120 3.3920 3.2886 2.9354 2.9731 2.8047 3.0298 2.8246 2.7479 2.7594 2.4656 2.7116 2.6394 2.6346 2.5920 2.6350 2.3404 2.5812 2.4990 2.5389 2.6735 2.3940 2.4618 2.3428 2.6267 2.6389 2.7907 2.7102 2.3543 1.1095 
3.6312 4.0138 3.8928 3.3138 3.2183 3.1966 3.3280 3.0866 3.0400 2.9313 3.0463 2.9675 2.9597 2.8992 2.7704 2.7644 2.7506 2.7198 2.6876 2.7445 2.7445 2.7061 2.7460 2.5629 2.6366 2.6205 2.7479 2.5376 2.4350 2.3790 2.7687 2.6159 1.7067 
3.9240 3.9632 3.6477 3.3646 2.8990 2.9975 2.9826 2.7848 2.5619 2.4891 2.7640 2.7373 2.5912 2.5183 2.5036 2.4572 2.4188 2.4169 2.4099 2.3765 2.3825 2.4887 2.4585 2.1269 2.1202 2.3151 2.3975 2.3360 2.1061 2.4375 2.5324 2.5332 1.9488 
4.0918 3.6400 3.2939 2.8890 2.6291 2.5871 2.0907 2.4456 2.2918 2.0731 2.4036 1.9749 2.0679 2.0754 1.9357 1.9884 2.0128 1.9513 1.8183 1.9568 1.8798 1.7153 2.1024 1.7179 1.8484 1.9807 1.4991 1.9288 1.8351 1.9872 2.1692 2.1846 2.0638 
3.9734 3.7691 3.0129 2.8355 2.8455 2.7329 2.6845 2.5584 2.5045 2.3968 2.4071 2.2423 2.2767 2.2563 2.2240 2.1549 2.1440 2.1063 2.1124 2.0975 2.0646 1.9960 2.1043 2.0404 2.0842 2.0594 2.1049 2.0726 2.0756 1.9560 1.9162 2.3517 1.9617 
3.7147 3.6168 3.0429 2.9358 2.7400 2.4728 2.5287 2.4057 2.4524 2.3071 2.2047 2.1998 2.2437 2.1803 2.2011 2.0666 2.1067 2.0237 2.1017 2.0409 2.0411 1.9717 1.9146 1.9538 2.0417 1.9315 1.9759 1.8118 1.9844 2.0117 1.9655 2.1602 1.6932 
3.3397 3.3648 2.7144 2.6004 2.4022 2.3234 2.4481 2.3090 2.1153 2.0446 1.9932 1.9783 2.0437 1.7796 1.7391 1.9076 1.7920 1.8492 1.6599 1.6582 1.8470 1.7192 1.6882 1.6886 1.7060 1.7915 1.8959 1.6672 1.6465 1.6825 1.6294 1.9627 1.3284 
3.3619 3.1919 2.7073 2.5842 2.5098 2.4160 2.3462 2.0992 2.0439 2.1192 2.0925 2.0584 2.0511 1.9159 1.9939 1.8324 1.7797 1.7782 1.8969 1.7597 1.8577 1.8081 1.7858 1.7701 1.6424 1.6308 1.7688 1.7553 1.7417 1.6711 1.6267 1.7573 1.3305 
3.0267 3.0794 2.6776 2.2272 2.2825 1.9133 2.3614 2.1499 2.1172 2.0110 1.5787 1.8650 1.9653 1.7736 1.5089 1.7562 1.8195 1.7132 1.4143 1.6506 1.7493 1.6396 1.2897 1.6574 1.7071 1.6724 1.7807 1.2557 1.4879 1.3199 1.5793 1.6678 1.0025 
3.0629 3.0555 2.5098 2.2971 2.2725 2.2491 1.9697 1.8475 1.8640 1.8153 1.9481 1.8854 1.7657 1.7536 1.5370 1.5612 1.6816 1.5037 1.4389 1.6333 1.5872 1.6498 1.6463 1.4553 1.4395 1.3627 1.3794 1.5872 1.4787 1.3699 1.4030 1.6467 1.0267 
1.6747 2.7135 2.1365 2.0588 2.2015 1.2609 1.4545 1.8023 1.7720 1.5059 1.7385 1.2339 1.2568 1.3191 1.5251 1.2122 0.9966 1.1531 1.4285 1.1572 1.0507 0.9943 1.4380 1.1507 1.3570 1.3327 0.9118 0.5387 1.4278 1.1380 1.0535 1.3189 -0.2035 
2.7564 2.7405 2.4906 1.7056 1.8170 1.7244 1.6571 1.4135 1.3416 0.6965 1.0556 1.2997 1.5321 0.9833 1.2854 1.3628 1.2370 1.3248 1.1670 0.8223 1.3451 1.0371 0.7542 0.3471 0.9236 0.9370 1.0756 1.0597 1.0517 0.7674 1.3873 1.3248 0.6864 
2.5947 1.8837 1.5390 1.3530 1.4800 1.5375 1.3346 1.1670 0.6971 0.3200 0.7709 0.6282 1.4050 1.1613 1.0950 0.7242 0.9405 0.6857 1.0119 1.0245 1.2192 0.3616 0.4633 -0.0426 0.3023 0.6827 0.7538 0.8834 0.7101 0.4472 0.4521 0.5008 0.5100 
2.4647 2.5571 2.1987 2.0460 1.5452 1.6885 1.5572 1.1517 1.6165 1.0835 1.4451 1.1930 1.4726 1.0603 0.5634 0.8069 0.9655 0.7637 0.4539 0.9287 1.3075 0.9688 1.1475 0.7234 1.1718 0.6810 0.9918 1.0287 0.7642 1.1224 1.0848 1.1139 0.3592 
2.4360 1.2485 1.6805 1.7001 1.2183 1.2623 1.2319 1.3737 1.4005 1.4886 1.0950 0.9808 0.7542 0.9210 1.0439 1.0068 1.1094 0.9731 0.9710 0.7618 0.5748 0.7187 0.7882 1.1261 0.9959 0.8891 0.6652 0.6111 0.4246 0.7828 0.6110 -0.5243 0.3494 
2.1067 2.1398 1.9121 1.4854 0.5472 0.9259 0.9107 1.5111 1.0057 0.4749 1.2313 0.8906 1.1401 0.9693 1.1147 0.5024 0.8541 0.4511 1.0328 0.7923 0.9753 0.6555 0.9429 0.1205 0.5846 1.0269 0.3465 0.2623 -0.2116 0.5852 0.7834 0.7221 0.0426 
1.0415 1.9029 1.8943 1.1797 1.5873 0.5720 1.5842 1.2021 1.2156 1.3437 0.9252 1.2334 1.3105 1.3295 1.2070 1.2487 1.4672 1.1940 1.1075 1.1690 1.0980 0.9946 0.6345 0.9939 0.7862 0.7155 1.0079 -0.0753 0.7903 0.2975 0.7780 0.4774 -1.3185 
2.3304 1.9626 1.4178 1.6887 1.6231 1.3200 1.4250 1.2763 1.1116 1.3482 1.5732 0.7002 0.4493 1.1642 1.0610 1.3165 1.2960 1.2704 0.9840 1.0306 0.2762 0.4488 1.2827 0.9986 0.7003 0.7639 0.8551 0.6628 0.8210 0.7749 0.3176 0.4890 0.2611 
2.2628 1.8122 1.3792 1.4292 1.0084 1.0162 1.3524 0.6599 0.9679 0.7074 0.9773 0.3798 0.6157 0.5731 0.9226 0.9401 0.7776 0.8795 0.8090 0.4232 0.4056 0.1198 0.6698 0.3549 0.5243 0.1376 0.7763 0.3556 0.2427 0.5144 0.2995 0.4085 0.2223 
2.2162 1.3342 0.9698 1.1675 1.3260 1.1403 1.2467 1.0390 0.5198 0.1267 1.1048 0.8831 1.0339 0.8306 0.9219 0.7762 -0.0153 0.7296 0.8072 0.7001 0.8339 0.6538 0.7999 -0.2124 0.1000 0.5477 0.6734 0.4930 0.5417 0.2988 -0.0862 0.0276 0.1096 
1.9349 2.1947 2.0374 1.4106 1.7755 1.4529 0.9492 1.0471 1.2610 1.6622 1.3287 1.0849 0.9001 0.6956 1.3178 1.0380 0.7639 0.9992 1.2120 0.5616 0.7058 0.8365 1.0221 1.3110 0.8244 0.5566 0.3625 0.7870 1.0187 0.4704 0.9491 0.7682 -0.2282 
2.5257 2.0048 0.7389 1.3956 1.7097 1.3092 1.4063 0.5453 1.2781 1.5517 1.4341 0.4354 1.0150 0.9432 1.0197 0.9325 1.1595 0.8729 0.9354 0.7801 0.8070 0.1847 1.1249 1.1905 0.8311 0.0768 0.8336 0.6483 0.9586 0.4843 -0.3570 0.5699 0.4768 
