1.6592 1.6187 1.4318 1.2640 0.8236 0.8067 1.3012 1.4006 1.1557 0.6249 1.1404 1.3618 1.1247 0.7679 1.0805 0.5778 0.6492 0.5405 0.9898 0.6191 0.9436 1.1153 0.8620 0.2893 0.7724 0.9317 0.7724 0.1951 0.1212 0.4313 0.4287 0.2595 -0.3287 
2.4374 1.7644 1.4276 0.8927 1.0168 1.2892 1.1328 1.3194 0.9240 1.1821 0.8131 1.2709 1.4917 0.9252 1.3503 1.4075 1.4675 1.3734 1.2391 0.7971 1.3318 1.0595 0.5309 0.8526 0.5333 0.8445 0.5930 0.6740 0.2896 0.0490 0.4364 0.4076 0.5106 
0.9648 1.3096 1.4420 1.2207 1.2905 1.4291 1.2955 1.3723 1.1108 1.1955 1.1252 1.0943 0.5213 1.1225 1.3685 0.9317 0.9227 0.8807 1.2632 0.9998 0.3407 0.8576 0.8448 0.8684 0.7351 0.8906 0.7677 0.8108 0.5657 0.3835 0.4298 -0.0367 -0.7906 
1.7746 1.4896 1.6913 1.5517 1.3030 1.2967 1.4172 1.5949 1.2893 0.8498 1.2065 1.4259 1.2736 0.7163 1.1688 1.3784 1.3393 1.3379 1.0905 0.5651 1.0956 1.1872 0.9336 0.5194 0.8788 1.1325 0.8763 0.6836 0.5651 0.7190 0.6486 0.1572 -0.1770 
2.1360 1.7289 1.7249 1.6267 1.6976 1.7180 1.4952 1.4566 1.5119 1.6056 0.8756 1.3782 1.1547 1.2880 0.7629 1.0324 1.0342 0.9735 0.6737 1.1480 0.9846 1.1359 0.5950 1.2654 1.1271 1.0122 0.9711 1.1017 0.9682 0.7732 0.6957 0.3924 0.1888 
2.6994 2.1730 1.8039 1.8213 1.7112 1.5332 1.7192 1.3875 0.9752 1.1608 1.1574 0.9221 0.9776 1.2004 1.0895 1.0611 1.4006 1.0148 1.0028 1.0830 0.7965 0.7057 0.8732 0.8310 0.5749 0.9114 1.1807 0.9170 0.9902 0.9834 0.7767 0.8042 0.7735 
2.6724 2.1423 1.5895 1.6107 1.3478 0.7269 1.3691 1.3559 0.9100 1.3840 0.9616 1.1676 1.1643 0.9005 1.1729 1.0927 0.8023 1.0586 1.0934 0.7810 0.9945 0.9398 0.6878 1.0573 0.5252 0.8725 0.8200 0.0978 0.6014 0.7620 0.5372 0.7838 0.7535 
2.6212 2.0948 1.6375 1.6883 1.4594 1.4374 1.2938 1.4098 1.4510 0.8101 1.2439 1.0785 1.0253 0.3741 0.9054 0.8732 0.4714 0.8334 0.8245 0.2362 0.8293 0.8405 0.9715 0.4775 1.0721 0.9435 0.7673 0.8190 0.7532 0.8217 0.5683 0.7426 0.6758 
1.9982 1.6872 1.8487 1.3810 1.1944 1.1326 1.3729 1.2338 1.3915 1.6989 1.5143 1.4814 1.4416 1.4966 1.0826 0.7608 0.4989 0.7152 0.9941 1.3833 1.2606 1.2527 1.2360 1.3715 0.9981 0.7878 0.8254 0.5129 0.4799 0.5017 0.8169 0.3339 -0.0175 
2.6019 2.0237 1.9243 1.5018 1.6319 1.3224 1.1864 1.4678 1.0977 0.8396 1.1196 1.0686 1.4154 1.3181 1.2647 1.2590 0.7977 1.2076 1.1732 1.1723 1.2267 0.8248 0.8372 0.5078 0.7105 1.0250 0.6638 0.7072 0.8909 0.6581 0.8720 0.6347 0.6391 
2.5349 2.0449 1.8920 1.3990 1.7072 1.7912 0.7249 1.7813 1.4583 1.4437 1.2927 1.4694 1.1118 0.8277 1.4517 1.4154 -0.0824 1.3799 1.3780 0.7134 0.9218 1.2388 1.0269 1.1124 1.0772 1.3428 0.1983 1.1722 0.9883 0.5332 0.8484 0.6826 0.5671 
1.3638 1.7225 2.4490 2.0816 1.9755 1.9698 2.2272 1.6894 1.6760 1.5134 1.2863 1.9044 1.6567 1.3618 1.0932 1.3231 1.3760 1.2669 1.0143 1.1987 1.4548 1.6859 1.0241 1.1830 1.2658 1.2054 1.6977 1.3573 1.2295 1.2157 1.4308 0.4408 -0.5148 
2.7455 2.1154 1.7080 1.6108 1.6721 1.4937 1.3553 1.5225 1.3643 1.0779 1.2051 1.2430 0.7923 1.0559 1.2565 0.9393 0.1176 0.8842 1.1658 0.8937 0.6054 1.0340 0.9253 0.7502 0.9496 1.0795 0.8054 0.8759 0.9272 0.7600 0.6560 0.7498 0.8122 
2.1479 1.3750 1.3603 1.0041 1.1299 1.3924 1.4422 0.5235 1.3721 1.0091 1.1807 1.4485 1.1163 0.8827 0.8544 0.7728 1.3061 0.7349 0.7747 0.7681 0.9344 1.2145 0.8918 0.6741 0.9653 0.0647 0.9046 0.7734 0.4372 0.1503 0.2909 -0.0076 0.2224 
2.0838 1.7567 1.2427 1.2652 1.2478 1.4663 1.6500 1.6286 1.0736 1.7154 1.5649 1.4960 1.1776 1.3350 1.1017 1.0684 0.5540 1.0261 1.0212 1.1824 1.0112 1.2770 1.2912 1.3880 0.6655 1.1568 1.1073 0.8477 0.5339 0.4354 0.2074 0.4310 0.1678 
2.3755 2.0520 1.2808 1.4724 1.7431 1.7177 1.1803 1.3957 1.2615 1.6296 1.5723 1.4539 1.4602 1.3809 1.0493 0.9599 0.2696 0.9080 0.9376 1.2295 1.2867 1.2197 1.2991 1.2909 0.8618 0.9265 0.6423 1.0994 1.0452 0.6185 0.2157 0.7166 0.4532 
2.1587 1.7433 1.1108 1.2212 1.6699 1.5687 1.2069 1.4078 1.2468 1.0706 1.1626 1.2013 1.1096 0.8797 0.3000 0.1869 0.6537 0.1492 0.2221 0.7645 0.9215 0.9898 0.8770 0.7414 0.8560 0.9442 0.6939 0.9472 0.9281 0.4020 0.1099 0.4397 0.2577 
1.4547 1.1676 0.7878 0.8264 1.2542 1.4165 1.2402 1.3996 1.4951 1.2797 0.6537 1.4760 0.8221 1.4957 1.4054 0.8518 0.7590 0.8111 1.3223 1.3837 0.6445 1.2468 0.3915 0.9353 1.1135 0.9301 0.7268 0.8017 0.5321 -0.0035 -0.2217 -0.1361 -0.4602 
2.3715 1.7280 1.9508 1.7439 1.5470 1.6867 1.4406 1.2505 1.6822 1.6961 1.6463 1.5020 0.7438 0.9002 1.1615 0.7540 0.7581 0.7049 1.0838 0.7834 0.5450 1.2874 1.3679 1.3681 1.2780 0.7962 0.9036 1.0676 0.8316 0.8824 0.9001 0.3482 0.4679 
1.3735 1.4656 1.4827 1.4957 0.8571 1.3205 1.4081 -0.2437 1.2222 1.3908 0.4632 1.3100 1.5062 1.0536 1.0900 1.3063 1.1844 1.2516 1.0064 0.8910 1.3557 1.0834 0.1848 1.0631 0.8356 -0.7583 0.8659 0.7049 0.1591 0.6539 0.4816 0.1604 -0.9086 
1.8946 1.7206 1.2245 1.4957 1.7172 1.5194 0.5690 1.4936 0.7991 1.6152 1.5246 1.3863 1.0603 0.8613 1.3233 1.3964 1.2179 1.3634 1.2166 0.7499 0.8598 1.1459 1.2497 1.2755 0.4228 1.0584 0.0825 0.8977 1.0031 0.6617 0.1968 0.3923 -0.0279 
2.3161 1.9234 1.7879 1.5312 1.6761 1.1425 0.4435 1.5676 1.2619 1.6287 1.5451 1.4647 1.3192 0.7436 1.2815 1.2615 1.2833 1.2111 1.1843 0.5770 1.1266 1.2330 1.2720 1.2879 0.8681 1.1129 -0.1052 0.5183 0.9362 0.7022 0.7663 0.5629 0.3782 
2.1851 2.0729 1.9053 1.8702 1.7828 1.2447 1.6984 2.0210 2.0191 1.9438 1.8001 1.3884 1.3617 1.4588 0.7467 1.2938 1.4098 1.2403 0.6327 1.3436 1.1641 1.1439 1.5162 1.6030 1.6318 1.5539 1.1580 0.6252 1.0741 1.0409 0.8717 0.7532 0.2562 
2.1149 1.9764 1.8480 1.6703 1.4977 1.5341 1.3983 1.6575 1.4527 1.2157 1.0827 1.1743 1.2856 1.2081 0.8857 0.7244 0.5099 0.6656 0.8078 1.0890 1.1054 0.9475 0.7979 0.8785 1.0718 1.1785 0.8587 0.9168 0.7911 0.8011 0.8205 0.6105 0.1785 
1.9880 1.5386 1.4857 1.0839 0.8260 1.5142 1.6188 1.5031 1.5410 1.3995 1.4544 1.5075 1.1020 0.7858 1.3281 1.2766 0.8315 1.2237 1.2201 0.6498 0.9093 1.2935 1.1749 1.0708 1.1514 1.0677 1.0852 0.9002 0.1313 0.2167 0.4662 0.1907 0.0578 
2.5855 2.1507 1.9583 1.6639 1.5961 1.5811 1.5430 1.4167 1.4248 1.0014 1.4338 1.3257 1.1730 0.9801 1.2823 0.8286 1.1834 0.7945 1.1844 0.8362 1.0060 1.0917 1.1512 0.6677 1.0498 0.9561 1.0309 0.9672 0.8656 0.7997 0.9007 0.8041 0.6460 
1.8726 1.8682 1.9794 1.7595 1.7676 1.5544 1.4125 1.8580 1.5447 1.3178 1.2753 1.3907 1.3804 0.8080 1.1205 1.3422 1.4114 1.2852 1.0518 0.6813 1.1823 1.1524 1.0023 0.9801 1.1518 1.4094 0.8667 0.9379 1.0640 0.8986 0.9238 0.5321 -0.1363 
1.9896 1.8126 1.7098 1.4170 1.3949 1.7613 1.8365 1.5871 1.4769 1.5281 1.3215 0.5613 1.2788 1.4915 1.4244 1.4027 1.2236 1.3689 1.3553 1.3768 1.1021 0.3417 1.0494 1.1914 1.0926 1.1252 1.3243 1.1455 0.6796 0.5536 0.6725 0.4849 -0.0089 
2.2800 2.0209 1.6827 1.4732 1.4188 1.5913 1.7363 1.1435 1.4067 0.6816 1.1539 1.4413 1.3653 1.0772 1.2259 1.1835 1.2300 1.1440 1.1432 0.9261 1.1659 1.2048 0.8736 0.3398 1.0230 0.6969 1.1924 0.9783 0.7037 0.6299 0.6270 0.6767 0.3321 
1.9593 1.4021 1.8553 1.4964 0.8797 1.4575 1.5457 1.2848 1.2539 1.0563 0.8591 0.5384 1.3353 1.0387 0.8338 0.4949 0.4371 0.4600 0.7597 0.8787 1.1387 0.3027 0.5704 0.7216 0.8610 0.8195 1.0371 0.8417 0.1760 0.6498 0.8305 0.1339 0.0371 
2.2742 2.1577 2.0371 1.7973 1.7272 1.4964 1.6344 1.7333 1.4914 1.4369 1.5287 1.3948 1.3468 0.9858 0.9833 0.8487 1.0473 0.8095 0.8799 0.8431 1.1460 1.1562 1.2546 1.1072 1.1048 1.2758 1.0959 0.8779 1.0142 0.9460 1.0140 0.8417 0.3935 
2.9395 2.6861 2.3673 2.0961 1.9935 1.7757 1.7894 2.0305 1.5612 1.7460 1.7711 1.3613 1.4683 1.6822 1.5552 1.4183 1.6140 1.3825 1.4686 1.5269 1.2988 1.1122 1.4900 1.4152 1.1693 1.5663 1.2615 1.1587 1.2574 1.2449 1.3488 1.3625 1.0032 
2.2057 3.0357 2.6679 2.4301 2.3730 2.2809 2.2922 1.9883 1.6983 1.9358 2.0015 2.0360 1.7315 1.7797 1.7723 1.5957 1.7145 1.5432 1.6958 1.6689 1.5443 1.8000 1.7167 1.5974 1.3102 1.4984 1.7424 1.6644 1.6727 1.5942 1.6525 1.7255 0.4025 
3.9380 3.8165 3.5521 3.2193 2.9889 2.8414 2.8425 2.8384 2.6437 2.5030 2.5296 2.4478 2.3389 2.3835 2.3392 2.3404 2.3283 2.3057 2.2628 2.2688 2.1487 2.2352 2.2598 2.1638 2.2594 2.3733 2.3154 2.2246 2.2891 2.3508 2.5092 2.4603 2.0440 
3.8642 4.0614 3.3472 3.0126 2.5638 2.6347 2.8269 1.8083 3.0718 2.7049 2.8205 2.1655 2.2877 2.2504 2.0201 1.8925 1.3294 1.8392 1.9462 2.1017 2.0855 1.9590 2.5468 2.3744 2.6831 1.3015 2.3030 2.0044 1.8036 2.1505 2.2963 2.7284 2.0134 
4.0361 4.0706 3.9023 3.5653 3.3745 3.2646 3.2343 3.2325 3.3898 3.3356 3.0127 2.0243 2.8155 2.9467 2.8137 2.6636 2.6624 2.6276 2.7227 2.8063 2.6407 1.7951 2.7294 3.0020 3.0016 2.7522 2.6881 2.6458 2.6632 2.7043 2.8741 2.7308 2.0011 
3.5315 4.2350 3.8343 3.5227 3.3121 3.2032 3.0405 3.3792 3.1538 3.2800 2.9633 2.8205 2.7477 2.7526 2.7418 2.8099 2.7736 2.7590 2.6641 2.6348 2.5972 2.6065 2.6813 2.9494 2.7474 2.9375 2.5207 2.5882 2.6100 2.6552 2.7627 2.9211 -0.4976 
4.2226 4.2271 3.9679 3.7055 3.4416 3.4275 3.3947 3.3636 3.3834 3.3114 2.8639 2.5131 1.8024 2.4072 2.5114 2.4082 2.5549 2.3659 2.4173 2.2925 1.6700 2.3015 2.5971 2.9799 2.9973 2.9264 2.8830 2.8080 2.7114 2.8610 2.9446 2.9153 2.3875 
3.9548 4.1246 3.3829 3.0005 3.0915 2.9741 3.1702 3.0856 3.2210 2.6234 2.3374 2.8377 2.6540 2.4670 2.4910 2.4379 2.3554 2.4006 2.4062 2.3485 2.4709 2.6158 2.0505 2.2923 2.8066 2.6348 2.6381 2.3557 2.3797 2.2041 2.4076 2.7651 2.1883 
3.4623 4.1984 3.8878 3.8296 3.6228 3.5342 3.4920 3.3803 3.3540 3.2455 3.2111 3.1197 3.2223 3.1238 3.0642 3.0320 3.0220 2.9898 2.9839 2.9890 3.0229 2.9103 2.9240 2.9182 2.9716 2.9384 2.9520 2.9173 2.9196 2.9634 2.8567 2.8895 1.0813 
3.3630 4.5069 3.9309 3.5257 3.5210 3.3930 3.1683 3.2943 3.2264 3.1794 3.0841 3.0287 3.0183 2.9782 2.9527 2.9284 2.9064 2.8906 2.8728 2.8526 2.8482 2.8008 2.8099 2.8380 2.8187 2.8425 2.6326 2.7741 2.7712 2.6549 2.9008 3.1949 1.1061 
4.2748 3.9587 3.8960 3.8350 3.5865 3.4549 3.3764 3.2798 3.2161 3.1032 3.0806 3.0382 3.0635 2.9959 2.9796 2.9587 2.9313 2.9241 2.9098 2.8784 2.9104 2.8175 2.8074 2.7657 2.8024 2.8228 2.8648 2.8410 2.8845 2.9730 2.8924 2.6112 2.3094 
3.5471 4.1368 3.2662 3.5220 2.9917 2.9124 2.5232 2.8683 2.3717 2.4359 2.3890 2.1532 2.3150 2.1325 2.3478 2.2867 2.2105 2.2291 2.2763 2.0175 2.1148 1.9432 2.1075 2.1079 1.9962 2.3928 2.0004 2.2928 2.2843 2.6593 2.2898 2.7961 1.3853 
3.5570 4.1040 3.8973 3.0568 3.1229 2.9258 3.2197 3.1439 2.8597 2.6779 2.6573 2.6209 2.5085 2.5783 2.5962 2.5184 2.5038 2.4659 2.4845 2.4216 2.3329 2.3801 2.3746 2.3474 2.4460 2.6799 2.6711 2.3131 2.4004 2.2389 2.8806 2.7580 1.6183 
4.0471 3.5826 4.0002 3.9779 3.7133 3.6033 3.4886 3.2726 3.2264 3.1551 3.0788 3.0387 3.0023 2.9782 2.9310 2.9109 2.8828 2.8590 2.8371 2.8525 2.8268 2.8172 2.8041 2.8139 2.8186 2.8102 2.9487 2.9850 2.9962 3.1413 2.9841 2.2643 2.1377 
3.8510 3.8104 3.7253 3.2951 2.7868 2.9940 2.8735 2.8408 2.5304 2.6967 2.6302 2.6189 2.7852 2.6646 2.2961 2.3385 1.7094 2.3030 2.1969 2.5335 2.6207 2.3802 2.3415 2.3667 2.1244 2.3784 2.3329 2.3836 2.0809 2.4247 2.7022 2.4771 1.9382 
2.6148 4.1725 3.8309 3.7171 3.1862 3.0681 3.0632 2.9198 2.8278 2.7492 2.7447 2.7424 2.4847 1.9081 2.3862 2.3819 2.2892 2.3425 2.3117 1.7569 2.3173 2.5269 2.4694 2.4194 2.4238 2.4340 2.5517 2.4538 2.4448 2.8917 2.7688 2.8432 1.3912 
4.1587 4.3320 3.9385 3.5763 3.2680 3.0723 2.8432 3.1357 2.7475 2.7628 2.6587 2.7514 2.6286 2.3438 2.6900 2.4471 2.4926 2.4097 2.6155 2.2172 2.4298 2.5387 2.3783 2.4269 2.3605 2.6747 2.3167 2.4537 2.5514 2.7262 2.9149 3.0040 2.1251 
3.5294 4.2351 4.3398 3.9428 3.6851 3.5995 3.5534 3.3022 3.2829 3.3314 3.1980 3.2237 3.1607 3.2136 3.2322 3.1621 3.1235 3.1073 3.1332 3.0506 2.9735 2.9794 2.9174 2.9976 2.9095 2.8498 3.0094 2.9820 2.9753 3.0840 3.3107 2.9314 1.7472 
4.3936 4.4518 4.3293 3.9912 3.6401 3.4079 3.4780 3.4096 3.2103 2.6446 2.6844 2.6036 2.7701 2.6626 2.6350 1.6980 1.8721 1.6531 2.5461 2.5314 2.6091 2.3624 2.3993 2.3097 2.7890 2.9572 2.9423 2.7904 2.9296 3.1557 3.2989 3.1002 2.3929 
3.3352 4.1228 4.3717 3.9211 3.8303 3.7326 3.6794 3.4534 3.6905 3.5760 3.5566 3.2789 3.3534 3.5426 3.2355 3.3302 3.2354 3.2890 3.1386 3.3899 3.2032 3.0431 3.2699 3.2474 3.3052 2.9901 3.1673 3.1189 3.0874 3.0688 3.3419 2.7706 0.7848 
4.2137 4.3766 4.4587 4.0010 3.6088 3.5478 2.9291 3.7332 3.7527 3.7700 3.5942 2.9174 3.2190 3.4769 3.3203 3.0729 3.0632 3.0326 3.2426 3.3328 3.0234 2.6684 3.3095 3.4302 3.3497 3.2810 2.3730 2.9276 2.9080 3.1708 3.4067 3.0451 2.2275 
4.1004 4.4102 4.4654 3.6388 2.6810 2.6749 3.2902 3.8661 3.1289 3.2421 2.9631 2.4448 2.6762 2.7302 2.2760 2.0884 2.1658 2.0498 2.1694 2.6164 2.4975 2.2346 2.6801 2.9146 2.7225 3.3940 2.7527 2.0513 1.9779 2.7672 3.4176 3.0677 1.9843 
4.1697 4.4756 4.3214 4.0996 3.4421 3.3941 3.5851 3.8864 3.7157 3.4479 3.2496 3.2937 3.0903 2.9752 2.7274 2.7174 2.6420 2.6765 2.6440 2.8493 2.9253 3.0567 2.9673 3.1061 3.3235 3.4247 3.0437 2.7760 2.7215 3.2463 3.2921 3.1379 2.0389 
4.1800 4.2972 4.1150 3.9681 3.8823 3.7731 3.5937 3.7067 3.5293 3.3199 3.1428 3.2733 3.1424 3.1406 3.0290 2.9176 2.8857 2.8702 2.9492 3.0013 2.9623 3.0381 2.8740 2.9891 3.1155 3.2615 3.0514 3.1588 3.1692 3.1214 3.0567 2.9677 2.1258 
3.8828 3.7978 4.0965 3.5851 2.3110 2.5318 3.3451 3.5242 3.3411 3.2956 3.2226 2.3807 2.8415 2.6683 2.5316 2.2814 2.2955 2.2341 2.4274 2.5414 2.6566 2.1196 2.9341 2.9651 2.9587 3.0415 2.8089 1.8746 1.2636 2.7536 3.0465 2.3786 1.7370 
3.5374 3.5639 4.4548 4.0132 3.4756 3.3806 3.8527 3.6079 3.2746 3.2862 3.0675 2.9941 2.8346 2.9889 2.9257 2.9261 2.9425 2.8866 2.8265 2.8684 2.6523 2.7581 2.7891 2.9569 2.8986 3.1546 3.3079 2.7666 2.7403 3.1776 3.4020 2.3203 1.7164 
3.9224 4.0644 4.5371 4.2623 3.8538 3.4000 4.1399 3.9326 2.9071 3.5923 3.1526 3.2824 2.6887 3.2769 3.2382 3.1457 3.0713 3.0922 3.1428 3.1477 2.5039 3.0434 2.8816 3.2623 2.4834 3.4857 3.5894 2.7847 3.1215 3.4038 3.5279 2.7536 1.9577 
3.8931 4.1366 4.2585 3.9865 3.9795 3.9408 3.9304 3.6026 3.6068 3.5795 3.4793 3.4203 3.3703 3.1826 2.9283 2.6614 2.5433 2.6265 2.8344 3.0328 3.2174 3.2133 3.2074 3.2501 3.2296 3.1478 3.3949 3.3242 3.2721 3.1448 3.2390 2.8045 2.0296 
3.4705 3.5666 4.0211 3.8855 3.4459 3.2988 3.7696 3.3094 3.1720 3.2612 2.6090 3.0946 3.0029 2.9454 2.5975 2.6793 2.6013 2.6410 2.4895 2.8112 2.8205 2.8883 2.3324 2.9336 2.7661 2.8752 3.2395 2.6928 2.7282 3.0348 2.9916 2.1970 1.6713 
3.4996 2.7707 4.1600 3.9619 3.4898 3.7145 4.0852 3.4216 2.7253 3.5437 3.2208 3.0805 2.6145 2.7772 2.9226 2.6855 2.7456 2.6460 2.8217 2.6602 2.4069 2.8645 2.9295 3.2191 2.3171 2.9565 3.5545 3.1109 2.7627 3.1204 3.1117 1.6838 1.6575 
3.4083 3.2467 4.3377 4.0839 3.7375 3.7777 4.0135 3.3245 2.4280 3.5597 2.8971 2.8038 2.6524 2.8272 2.6398 2.3262 1.9904 2.2891 2.5506 2.6910 2.4576 2.5942 2.6061 3.2313 2.0707 2.8778 3.5030 3.1670 3.0170 3.2352 3.3117 1.8134 1.5697 
3.6578 3.8957 4.4503 4.1459 3.4613 3.7276 3.8150 3.0062 3.3450 3.4782 3.0125 2.6861 2.8899 2.7197 2.3788 1.7998 2.0361 1.7652 2.3066 2.6057 2.6892 2.4594 2.7274 3.1384 2.9593 2.5453 3.2689 3.1140 2.7292 3.2731 3.3954 2.6154 1.7256 
3.7608 4.2197 4.4118 4.0442 3.8022 3.2411 2.9965 3.0778 3.3518 3.5573 3.4799 3.3729 3.2062 2.7731 2.7338 2.7981 2.7328 2.7477 2.6578 2.6506 3.0048 3.1595 3.2081 3.2284 2.9711 2.6410 2.4552 2.6291 3.0596 3.2088 3.3576 2.9176 1.5381 
3.6401 3.7444 3.8788 2.4542 3.2297 2.7471 2.6269 2.7506 2.0755 1.9324 2.7320 2.8747 2.3324 1.9974 2.1513 2.0735 2.0748 2.0338 2.0694 1.8403 2.1432 2.6392 2.4533 1.5630 1.6759 2.3105 2.0679 2.1342 2.5112 1.6687 2.8423 2.4006 1.6104 
2.7544 2.5096 3.2417 2.6827 2.7220 2.7141 1.9734 2.0547 2.1480 2.2922 2.2466 2.0780 1.9046 1.9878 2.0185 1.6363 1.8676 1.5809 1.9342 1.8308 1.7255 1.8443 1.9763 1.9559 1.7620 1.6005 1.4120 2.0979 2.0131 1.8149 2.2037 1.1848 0.9299 
2.5127 3.3140 3.4121 3.1587 2.9124 3.0166 2.6211 2.5420 2.4141 2.7707 2.8373 2.8193 2.3006 2.1522 1.0242 2.0077 1.9048 1.9730 0.9163 2.0288 2.1035 2.6046 2.5684 2.4352 2.0299 2.0765 2.0729 2.3978 2.1754 2.3106 2.3829 2.0018 0.2822 
2.9205 2.6000 2.5570 2.4122 2.7318 2.6773 2.8107 2.2409 1.8251 2.6685 2.3401 2.2290 2.4203 2.3927 2.2860 2.2577 2.0681 2.2016 2.1731 2.2821 2.2627 2.0046 2.0539 2.3391 1.4322 1.7706 2.2965 2.0571 2.0268 1.5687 1.5127 1.2204 1.0085 
3.3276 2.7987 2.9001 2.1315 2.2857 2.5282 1.8076 1.8016 2.0325 1.6098 2.0444 2.2797 2.4236 1.5342 1.3747 1.5764 1.0871 1.5235 1.2895 1.3965 2.2726 2.0321 1.7624 1.2487 1.6600 1.3620 1.2825 1.9125 1.5409 1.2722 1.8411 1.4344 1.4127 
2.0832 2.8234 2.0882 2.6036 2.2948 2.5021 2.2934 2.0014 2.0867 2.1406 1.7771 1.9272 2.2602 1.7872 1.6841 1.8496 1.7308 1.8045 1.5803 1.6730 2.0650 1.7034 1.4935 1.8064 1.7020 1.5239 1.7408 1.8857 1.5712 1.7385 1.0564 1.4937 0.0408 
2.9530 1.7502 1.9850 1.8919 1.8765 2.4285 1.4625 2.1385 2.1189 2.1443 1.9509 2.2085 2.3371 1.8232 1.6097 1.6538 1.1566 1.5952 1.5060 1.7039 2.1454 1.9924 1.6741 1.8076 1.7359 1.6995 0.9645 1.8134 1.1491 1.0731 0.9003 0.4345 1.0206 
1.9937 2.2197 2.4238 1.5603 2.1091 2.4476 2.3073 1.6444 0.8811 1.0688 1.9230 1.8263 1.4566 1.6600 1.5556 0.8403 1.3670 0.8032 1.4668 1.4981 1.2846 1.6126 1.6558 0.7377 0.5207 1.1568 1.7614 1.8344 1.3958 0.6264 1.4033 0.8495 -0.7012 
2.9511 2.1749 2.5738 1.9835 1.4987 1.9247 2.0511 1.4613 1.2905 1.7906 1.5038 1.8163 1.6256 1.2387 0.3248 1.0807 1.0571 1.0492 0.2333 1.1112 1.4345 1.6033 1.2303 1.4562 0.8924 1.0075 1.5109 1.3104 0.8005 1.1092 1.5195 0.7873 1.0405 
2.7445 2.0414 1.6762 2.1923 1.9594 1.8138 1.8011 1.8737 1.8332 1.5971 1.6836 1.4359 1.0623 0.9279 1.1437 1.4426 1.2598 1.4046 1.0709 0.8037 0.8655 1.1957 1.3983 1.2529 1.4472 1.4189 1.2757 1.1986 1.2161 1.3628 0.6263 0.6578 0.8226 
2.9631 2.4693 2.1143 1.6172 1.7000 1.1243 1.6223 1.5736 1.3821 1.3875 1.4514 1.4926 1.3035 1.1252 1.2220 1.3931 1.5177 1.3602 1.1389 1.0044 1.1178 1.2710 1.1708 1.0583 0.9791 1.1137 1.0878 0.5213 0.9845 0.7685 1.0966 1.1126 1.0506 
2.2901 -0.1381 1.5403 1.2218 1.7560 1.4971 1.4921 1.4924 1.1592 1.1223 1.4901 1.4309 1.4581 0.6560 0.8240 1.4375 1.1851 1.4004 0.7495 0.5195 1.2829 1.1929 1.2049 0.7931 0.7760 1.0557 0.9668 0.8770 1.0537 0.4304 0.5008 -0.3912 0.3127 
2.3960 2.0351 1.6755 1.0780 1.5062 1.5616 1.6442 1.1564 0.8168 1.0533 1.3822 0.8742 1.6618 1.6540 1.0291 1.3976 1.4995 1.3654 0.9153 1.4946 1.4611 0.6647 1.0960 0.7186 0.4413 0.7105 1.1001 0.9480 0.7990 0.2061 0.6288 0.6879 0.4879 
1.0752 1.8874 1.8581 1.8044 1.7125 0.9660 1.4642 1.5803 1.5501 1.4584 1.4130 1.4151 1.2079 1.3798 1.3753 1.0161 1.1441 0.9615 1.2750 1.2284 1.0554 1.1825 1.1282 1.1259 1.1607 1.1225 0.9313 0.3444 0.9931 0.9662 0.8363 0.5619 -0.5134 
2.4879 1.9844 1.7510 1.1157 1.0500 1.4355 0.7172 1.2953 0.8303 0.9502 1.0722 1.2709 0.7507 1.0910 1.3229 0.9032 0.9503 0.8581 1.2171 0.9475 0.5487 1.0566 0.7913 0.6137 0.4478 0.8280 0.1737 0.8169 0.3050 0.2561 0.7461 0.6084 0.5608 
2.4235 1.9836 1.1816 0.3955 0.9511 1.2914 1.1854 1.6967 1.4145 1.5525 1.4905 1.4783 1.3699 0.7879 1.2687 1.2524 0.8495 1.2008 1.1799 0.6443 1.1703 1.2506 1.2084 1.2158 1.0353 1.2219 0.6664 0.6746 0.2375 -0.5531 0.1647 0.5862 0.4897 
2.3312 2.2194 2.0486 1.5665 1.1178 1.6291 0.9754 1.3808 1.2938 1.5311 1.3112 1.1043 1.2709 0.7298 0.6130 1.2140 1.1800 1.1766 0.5254 0.5675 1.0957 0.8680 1.0443 1.1925 0.8912 0.9030 0.4437 1.0123 0.4169 0.7326 1.0270 0.8736 0.3847 
2.1300 1.9481 1.6171 1.7579 1.5542 1.1816 1.1468 1.0841 0.8242 1.2159 1.4103 1.1950 1.4253 1.6331 0.6028 1.4783 1.4633 1.4377 0.5416 1.4845 1.2443 0.9792 1.1279 0.8791 0.4445 0.6100 0.6098 0.5623 0.8346 0.9018 0.5706 0.5771 0.1920 
1.5043 1.8291 1.6585 1.4760 0.8246 1.4127 1.3701 1.3678 0.8477 1.5223 1.4181 1.6818 1.4699 1.3404 1.4085 0.9794 -0.1357 0.9240 1.3297 1.1842 1.2997 1.4385 1.1342 1.1867 0.4661 0.8786 0.8225 0.7965 0.0993 0.6149 0.6049 0.5159 -0.3112 
2.1076 2.0221 1.6858 1.4561 1.3685 1.3029 1.5057 1.0378 0.8776 1.2298 1.5200 1.3215 0.9965 0.6488 1.1549 1.2060 0.8116 1.1690 1.0796 0.5082 0.8069 1.0876 1.2462 0.8961 0.4937 0.5553 0.9916 0.6925 0.6342 0.6026 0.6265 0.6779 0.1203 
2.4477 1.7991 1.7018 1.5574 1.4871 1.5201 1.4322 1.2155 1.4328 1.3563 1.0281 1.4105 1.3833 1.0055 1.2811 1.2734 1.2785 1.2220 1.1846 0.8571 1.1844 1.1777 0.7520 1.0146 1.0568 0.7728 0.8909 0.9037 0.7767 0.7276 0.6640 0.4384 0.5293 
2.2556 2.0666 1.0134 1.5934 1.7077 1.6776 1.6391 1.1880 0.5016 1.1525 1.5212 1.4258 1.0812 1.1105 -0.0107 1.1282 0.9448 1.0911 -0.1164 0.9789 0.8820 1.1865 1.2467 0.8248 0.1177 0.7505 1.0967 1.0618 0.9877 0.7584 -0.0736 0.7452 0.2989 
1.8131 1.7671 1.8676 1.6875 1.6905 1.4481 1.4257 0.9204 0.8951 1.0546 1.1138 1.3122 1.1085 1.2421 1.0588 0.6427 0.8806 0.5857 0.9539 1.1133 0.9236 1.0821 0.8348 0.7209 0.5054 0.4792 0.8808 0.8311 0.9587 0.8238 0.8378 0.4523 -0.1385 
2.3247 1.8044 1.8719 1.7742 1.4540 1.5241 1.0158 0.9169 1.1275 1.2348 1.6631 1.4940 1.3838 0.8718 0.8402 1.2931 1.1347 1.2398 0.7667 0.7573 1.1847 1.2734 1.3774 0.9011 0.7504 0.4706 0.4818 0.9058 0.7478 0.9203 0.8435 0.4561 0.4187 
1.7280 1.7902 1.7331 1.6987 1.4311 1.3391 1.2625 1.0499 1.1600 1.1151 1.2826 1.2154 0.7712 0.6962 1.0844 1.0687 1.0435 1.0265 0.9977 0.5538 0.5726 1.0029 1.0120 0.7866 0.7759 0.5676 0.7463 0.7246 0.7249 0.8365 0.7179 0.4704 -0.2065 
2.2205 1.7873 1.4959 1.7851 1.6343 1.5832 1.1874 1.4815 0.7448 0.7059 1.4086 1.3947 1.0552 1.0846 1.3055 1.3873 0.9316 1.3516 1.2023 0.9418 0.8584 1.1555 1.1272 0.3631 0.3251 1.0477 0.6728 0.9642 0.8905 0.9330 0.4836 0.4413 0.2772 
0.1916 1.4051 0.8388 1.1841 1.6873 1.4571 1.4928 0.9128 0.8867 1.4267 1.1542 0.5603 1.1364 1.3671 1.4324 1.0625 0.6865 1.0150 1.3623 1.2097 0.9578 0.3231 0.8721 1.0963 0.5090 0.4708 0.9663 0.8410 0.9558 0.3568 -0.1563 0.0985 -1.6385 
0.8407 1.8437 1.9099 1.6721 1.6352 1.6816 1.4500 0.9204 1.4238 1.3853 1.1862 1.2172 1.0590 1.2131 1.3747 1.2529 0.7602 1.2018 1.2737 1.0952 0.8572 1.0074 0.9074 1.0574 1.0504 0.4742 0.9106 1.0637 0.8945 0.8020 0.8706 0.5258 -1.4083 
2.1765 1.8314 1.6681 1.4698 1.4535 0.8689 1.5801 1.1847 0.2858 1.1740 1.5648 1.4785 1.4893 1.5182 1.2785 1.1579 1.0732 1.1167 1.1823 1.3992 1.3255 1.2494 1.2935 0.8428 -0.1115 0.7466 1.0628 0.2565 0.7512 0.6165 0.6102 0.4918 0.2530 
1.8635 1.5498 1.2950 1.1078 1.2941 1.3798 1.0747 0.8793 1.1793 1.2722 1.2841 1.1286 0.7503 1.2047 1.0115 0.7683 -0.0132 0.7334 0.9029 1.0872 0.5519 0.8915 1.0125 0.9330 0.7927 0.4482 0.5265 0.7615 0.5649 0.2543 0.2528 0.2076 -0.0556 
2.1365 2.0399 1.6668 1.7287 1.8658 1.7482 1.4449 1.4888 1.6210 1.3156 0.8214 1.4017 1.3262 0.9203 1.1846 1.4637 1.2158 1.4242 1.1070 0.7995 1.1334 1.1667 0.5338 0.9695 1.2113 1.0544 0.9030 1.1313 1.1480 0.8753 0.6087 0.7145 0.2026 
1.9983 1.7612 1.4679 0.4864 0.8797 1.2023 1.2257 0.4324 1.0950 1.1930 1.1611 1.2982 0.8756 0.9285 0.8478 0.1209 0.9260 0.0803 0.7700 0.8022 0.7223 1.0732 0.8771 0.8679 0.7087 -0.0284 0.7093 0.5915 0.1913 -0.3514 0.4355 0.4792 0.0573 
2.0016 1.9898 2.0062 1.9391 1.4589 1.4319 1.1845 1.5366 1.5299 1.3292 0.7894 0.7905 1.1361 1.3630 0.7619 1.3038 0.7934 1.2485 0.6794 1.2009 0.9624 0.5483 0.5084 0.9832 1.1422 1.0923 0.6574 0.8149 0.7538 1.0847 0.9771 0.6501 0.1037 
2.4409 1.7930 1.4231 1.3950 1.5965 1.2895 1.4955 1.3483 1.6273 1.2995 1.4007 1.2051 1.2018 1.4210 1.0878 1.3348 0.4363 1.2785 1.0012 1.2907 1.0512 0.9915 1.1170 0.9579 1.2149 0.8719 0.9754 0.6718 0.8717 0.5356 0.4118 0.4422 0.5307 
1.9232 1.4778 1.3854 1.1113 1.3296 1.1846 1.0723 0.8359 1.1926 0.8171 0.8861 0.8538 0.9631 0.3632 1.0258 0.4815 0.5866 0.4522 0.9167 0.2165 0.7883 0.6218 0.6096 0.4895 0.8101 0.3894 0.5264 0.5687 0.5843 0.2605 0.3424 0.1417 -0.0439 
