2.4958 2.1461 1.4265 1.6804 1.7208 1.5792 1.7960 1.7096 1.7372 1.6291 1.2944 1.2045 0.5709 1.3119 1.2265 0.7650 1.3697 0.7279 1.1339 1.1532 0.3826 0.9444 0.9803 1.2347 1.2572 1.1646 1.1625 0.8653 0.8599 0.7080 0.1969 0.5551 0.2273 
1.5466 2.2080 1.5613 1.2759 1.4231 0.8241 0.8434 1.0482 1.2001 1.1882 1.4590 1.0084 1.4053 1.2307 0.5656 1.1687 1.3164 1.1247 0.4607 1.0923 1.1702 0.7370 1.1295 0.8012 0.7503 0.4841 0.2402 0.1027 0.5636 0.3071 0.3578 0.6949 -0.5448 
2.4952 2.2152 1.7722 1.5610 1.4536 1.3757 1.3421 1.5847 1.5111 0.3487 0.8492 1.5140 1.2067 1.3550 0.9885 1.2324 0.3400 1.1886 0.8663 1.1861 1.0249 1.2418 0.5251 -0.0470 1.0698 1.0760 0.7300 0.6521 0.6139 0.5729 0.5425 0.6795 0.2720 
1.8752 1.7670 1.2188 1.5879 1.7977 1.6421 1.5840 1.5503 0.9225 1.5960 1.4044 0.9424 1.4090 1.2722 1.5133 1.3255 1.0492 1.2627 1.4284 1.1244 1.1740 0.7001 1.0693 1.2079 0.4623 1.0418 0.9850 0.9232 0.9527 0.6219 0.0595 0.1800 -0.3436 
2.5860 1.4144 1.8612 1.5093 1.7954 1.6383 1.6628 1.4719 1.5231 1.1489 1.3345 1.1391 1.0396 1.2755 0.2447 1.0433 0.8243 0.9778 0.1297 1.1269 0.8082 0.8631 1.0227 0.7631 1.0807 0.9323 1.0608 0.9160 0.9414 0.4952 0.6611 0.0291 0.3394 
1.2458 1.9218 0.8425 1.3549 0.7508 0.1521 1.3265 0.8309 1.4223 0.8991 0.4515 1.2740 1.1181 0.4207 0.7771 0.5830 0.8726 0.5196 0.6967 0.2875 0.9011 1.0328 0.1235 0.5036 0.9509 0.3225 0.7159 -0.5402 -0.0873 0.3663 -0.3616 0.3903 -0.7226 
2.5193 1.6371 1.7077 0.8989 0.6449 1.4489 1.4555 1.6319 1.1945 1.4099 1.3030 1.4284 1.1983 0.4872 0.7256 0.5956 0.8198 0.5300 0.6220 0.3508 1.0043 1.1448 0.9911 1.0142 0.7423 1.1074 0.8317 0.7275 -0.1706 -0.1499 0.5005 0.1519 0.2593 
2.3476 2.0032 2.0782 1.9621 1.2025 1.4974 1.3109 1.5392 1.4961 1.7877 1.6344 1.5087 1.2776 1.1642 1.0712 0.5152 0.4175 0.4677 0.9546 1.0346 1.0813 1.2351 1.3160 1.4081 1.0603 1.0275 0.7122 0.7770 0.3825 0.9875 0.8607 0.4352 0.0927 
2.1286 1.8094 1.1181 1.5861 1.6393 1.0828 1.2086 1.2035 1.0669 0.7430 1.2066 1.5807 1.3305 1.3871 1.4104 1.2851 0.6936 1.2251 1.2799 1.2056 1.1149 1.3333 0.8883 0.3625 0.6006 0.6957 0.6037 0.3557 0.8023 0.6203 -0.0536 0.2416 -0.1226 
2.4565 2.2422 2.0032 1.1828 1.7187 1.3422 0.8446 1.2321 1.4484 1.1157 1.4006 1.0744 0.7531 1.4047 0.6739 0.9672 1.0785 0.9057 0.5357 1.2157 0.5227 0.7976 1.0686 0.7354 0.9925 0.7205 0.2452 0.6186 0.8600 0.1994 0.7995 0.7078 0.1813 
2.9210 2.2828 1.8925 1.6987 1.4833 1.4459 1.3333 1.5068 1.5554 1.3599 1.2761 0.8930 0.8478 1.1958 0.5809 0.6479 1.1589 0.5804 0.4752 1.0616 0.6645 0.6489 0.9577 0.9639 1.1057 0.9835 0.7178 0.7262 0.6541 0.7107 0.7014 0.7049 0.6896 
2.8196 2.3694 1.7100 1.5171 1.8005 1.6096 1.6266 1.4690 1.2899 1.0726 1.4021 1.5684 1.3089 1.5238 1.2136 0.3725 1.3659 0.3253 1.1228 1.3905 1.1029 1.3169 1.0714 0.6945 0.8274 0.9346 1.0329 0.8946 0.9536 0.5208 0.4837 0.7953 0.5565 
2.5442 2.2597 2.1725 2.0112 1.7711 0.6170 1.4724 1.2056 1.7192 1.2113 0.8907 1.5010 0.9572 1.5597 1.3910 0.8300 0.8530 0.7824 1.2599 1.4254 0.7475 1.2262 0.5683 0.8316 1.2404 0.7056 0.8437 -0.0704 0.9022 1.0456 0.9727 0.7141 0.2945 
2.1262 1.4359 1.5790 1.3389 1.5064 1.0731 1.1649 0.8349 1.5401 1.4209 1.3735 1.2321 1.6713 1.4745 1.3798 1.3490 1.5638 1.2843 1.2539 1.3153 1.4654 0.9928 1.0516 1.0397 1.0948 0.3392 0.5471 0.3620 0.6969 0.3428 0.3925 -0.0097 -0.1818 
2.3580 1.3210 1.5612 1.0937 1.0957 0.8007 1.3331 0.7501 0.8171 0.7886 1.2161 0.7640 1.1860 0.7202 1.0778 0.0252 0.7940 -0.0106 0.9702 0.5442 0.9906 0.4877 0.8958 0.3999 0.3778 0.1971 0.7250 0.0789 0.2542 0.1055 0.3624 -0.0806 0.1073 
2.7485 2.1681 1.6856 1.4561 1.1186 1.5210 1.1806 1.2407 1.0796 0.5421 1.0583 1.0370 0.9522 1.1004 0.7268 0.8437 -0.6960 0.7960 0.6191 0.9393 0.7448 0.7550 0.7250 0.1494 0.6178 0.7252 0.5636 0.8013 0.2996 0.4553 0.4676 0.5623 0.4862 
2.1568 1.9515 1.3864 1.1904 1.3016 0.8934 1.2114 1.2522 1.5383 1.5452 1.4288 1.5101 0.9251 1.5152 1.3263 1.5678 1.1810 1.5246 1.2090 1.3787 0.7313 1.2364 1.0964 1.1577 1.0938 0.7358 0.6087 0.1843 0.4588 0.1956 0.1608 0.4090 -0.0227 
1.8087 1.1455 1.5450 1.2300 1.0935 0.9868 1.1096 0.3707 1.0890 1.0377 0.5891 0.7782 0.8016 0.4763 0.6918 0.6794 0.1079 0.6097 0.5628 0.3447 0.5969 0.5022 0.2758 0.6362 0.6366 -0.1977 0.4846 0.2624 0.2580 0.2565 0.3609 -0.4511 -0.4350 
1.9404 2.2869 2.1626 1.8799 1.9475 1.7584 1.5266 1.2274 0.9366 1.2447 1.4568 1.4521 1.4870 1.2995 1.2924 1.0906 0.4167 1.0526 1.1872 1.1439 1.2713 1.1759 1.1283 0.8533 0.4797 0.7197 0.9002 1.0408 1.1234 0.8849 0.9654 0.7600 -0.2980 
2.4132 2.2563 2.0438 1.6186 1.5542 1.5438 1.1683 1.4190 1.1374 0.5104 0.7751 1.0690 1.0584 1.0709 0.7155 1.2143 1.0539 1.1704 0.5901 0.8934 0.8212 0.7866 0.4569 0.1312 0.6990 0.8546 0.5515 0.8206 0.7292 0.6371 0.8337 0.7238 0.2043 
1.2180 1.9339 1.6202 1.3571 1.8310 1.5510 1.3149 1.5661 1.5806 1.6427 1.2591 1.4545 1.4797 1.4989 1.5142 1.1408 1.1148 1.0952 1.4286 1.3562 1.2610 1.1802 0.9414 1.2504 1.1361 1.0631 0.7079 0.8291 1.0090 0.3928 0.4184 0.4257 -0.7421 
1.7294 0.8689 1.0776 1.2878 1.1317 0.8461 0.7963 0.7910 0.7672 0.9403 0.9629 0.7333 0.5377 0.8463 0.5198 0.7861 0.5026 0.7424 0.4240 0.7155 0.3536 0.4498 0.6508 0.5419 0.3192 0.2710 0.1551 0.1258 0.2954 0.3219 -0.1554 -0.5906 -0.6473 
1.0155 1.6307 1.8762 1.5668 1.4676 1.2391 0.7229 1.5219 0.3471 1.1843 1.0683 1.6219 1.2580 1.1086 0.9529 1.1082 1.1160 1.0693 0.8442 0.9505 1.0682 1.3814 0.7391 0.7973 -0.1372 1.0098 0.0656 0.5145 0.6429 0.5755 0.6960 0.1274 -2.6997 
2.1564 1.2295 0.7160 0.8440 0.9829 1.0564 0.7299 0.2360 0.7381 0.9254 0.3409 0.2843 0.4567 1.1642 1.1803 0.5581 0.2214 0.5036 1.0895 1.0353 0.2654 0.0121 0.0031 0.5353 0.2983 -0.3133 0.0826 0.3415 0.1562 -0.0995 -0.4176 -0.4534 -0.1794 
2.8607 2.4713 1.9148 1.7123 1.6154 1.2064 1.2901 1.3987 1.0519 1.5300 1.1681 0.7042 1.2165 1.2040 1.0824 0.7282 0.8415 0.6890 0.9735 1.0718 1.0394 0.4198 0.8426 1.1431 0.5715 0.8423 0.6940 0.4869 0.7853 0.7226 0.7275 0.8712 0.6177 
2.5522 1.9805 1.0932 0.8305 0.8885 1.3603 1.4058 0.5891 1.1290 1.3447 1.5546 1.5677 1.5345 1.5039 1.4085 0.6566 0.7449 0.5930 1.2766 1.3636 1.3324 1.3163 1.2220 0.9534 0.6938 0.0702 0.7680 0.6469 0.0479 -0.1621 -0.0922 0.4198 0.3391 
2.3998 1.8888 1.7710 1.8197 1.6934 1.5577 1.6286 1.5654 1.4362 1.4411 1.6622 1.5223 0.7750 1.1218 1.3279 0.7395 1.4990 0.7057 1.2090 0.9718 0.5588 1.2488 1.3465 1.0622 0.9723 1.0593 1.0408 0.8392 0.8436 0.8206 0.5535 0.3383 0.1642 
0.1018 1.7836 1.4533 1.1116 0.8842 1.2931 1.4841 1.3785 1.4527 1.3415 0.4321 0.0808 1.0535 1.1874 0.9674 1.0055 1.1008 0.9438 0.8483 1.0556 0.8237 -0.2083 0.0956 0.9427 1.0031 0.8243 0.8511 0.5867 0.0405 0.1280 0.2258 0.2445 -1.3066 
2.6655 2.3278 1.9006 1.1268 1.6652 1.1513 1.7957 1.8059 1.2632 1.6593 1.1436 1.0546 1.0842 1.1597 1.3067 1.4769 1.1933 1.4354 1.2023 1.0245 0.8523 0.7720 0.8147 1.2655 0.8041 1.2561 1.1639 0.4295 0.8260 0.1390 0.7108 0.7704 0.4247 
2.1493 1.5024 1.6292 1.5375 0.9373 1.0281 1.1447 0.9513 0.8409 0.9107 1.1354 0.7093 1.2985 1.4172 1.0780 1.2622 1.4163 1.2080 0.9672 1.2330 1.0970 0.4291 0.8088 0.5189 0.3970 0.4124 0.5160 0.3264 0.0854 0.5375 0.4591 0.0223 -0.1324 
1.2260 1.9153 1.7283 1.4225 1.1098 1.1390 1.5793 1.5700 1.5387 1.4364 1.4758 1.2804 0.1392 1.0785 0.8354 0.3912 0.0912 0.3568 0.7411 0.9043 -0.0145 1.0424 1.1477 1.0564 1.0906 1.0667 0.9871 0.4135 0.2577 0.4000 0.4932 0.3965 -0.7198 
0.3247 1.7740 1.5182 1.1564 1.4180 1.4195 1.1602 1.0324 0.8415 1.2776 0.6311 0.7534 1.1918 1.6140 1.4896 1.4687 0.7853 1.4286 1.4093 1.4707 1.0007 0.4817 0.3047 0.8847 0.3993 0.4730 0.5374 0.7014 0.5580 0.1589 0.3339 0.2269 -1.6821 
1.7783 1.1172 1.8048 1.6416 1.7494 1.5770 1.4010 1.0842 1.3248 1.5959 1.5496 1.4571 1.1659 0.7856 1.2287 1.3624 1.3718 1.2968 1.1354 0.6514 0.9626 1.1802 1.2145 1.2069 0.8510 0.5280 0.7568 0.8551 0.8815 0.6727 0.6017 -0.4107 -0.5673 
2.7042 2.2881 1.5988 1.7924 1.8030 1.3030 1.1406 1.5700 0.9767 0.9364 1.7478 1.1824 0.4725 1.1075 1.1449 0.7289 0.6110 0.6917 1.0612 0.9497 0.2833 0.9117 1.4224 0.5444 0.5020 1.0646 0.5230 0.5768 0.9585 0.7909 0.4050 0.7373 0.4702 
1.0229 2.0353 1.7871 1.6567 1.2631 1.5573 1.3188 1.0226 1.5355 1.2643 1.4229 1.0567 1.1664 1.3386 1.2007 0.2959 1.0710 0.2189 1.1064 1.1725 0.9676 0.7707 1.0889 0.8748 1.0904 0.4622 0.7148 0.8389 0.4333 0.6857 0.5871 0.4819 -1.6419 
2.5723 1.9350 0.4750 1.3634 1.3310 1.5370 1.4870 1.5178 1.0125 1.4649 1.6370 1.5031 1.1175 1.1944 1.2457 1.1619 1.2174 1.1144 1.1502 1.0642 0.8933 1.2253 1.3200 1.0849 0.5351 0.9994 0.8565 0.8222 0.4843 0.3710 -0.6895 0.3913 0.3601 
2.1403 1.9153 1.7311 1.3818 1.2496 1.0636 1.4964 1.4910 1.4361 1.5843 1.5185 1.6175 1.3404 1.0857 0.5251 1.4581 1.4284 1.4202 0.4319 0.9151 1.1239 1.3757 1.1919 1.2031 0.9677 0.9617 0.8690 0.3473 0.4170 0.3941 0.4957 0.3778 -0.0632 
2.7154 2.2117 1.1784 1.2494 1.6524 1.4767 1.5773 1.4052 1.0487 0.5569 1.1281 1.3771 1.4546 0.8801 1.4033 0.8030 0.3786 0.7593 1.2744 0.7404 1.2271 1.0996 0.8012 0.1613 0.5642 0.8444 0.9778 0.7581 0.8114 0.2594 -0.0153 0.6390 0.4729 
2.0314 1.5816 1.8730 1.8177 1.7894 1.7901 1.5798 1.4837 1.0625 0.8478 0.5185 1.1090 1.4769 1.0276 0.9945 1.0528 0.3418 0.9896 0.8691 0.8439 1.2575 0.8384 0.1941 0.4726 0.5850 0.9506 0.9730 1.0731 0.9313 0.8185 0.6950 0.0488 -0.2724 
1.3132 0.8829 1.4169 1.3985 1.1468 0.3309 1.1508 1.4068 0.9849 1.1817 1.4124 1.2142 1.0898 0.8291 1.1050 1.1044 1.0042 1.0648 1.0129 0.6987 0.8592 0.9642 1.0782 0.7966 0.5074 0.8439 0.5297 -0.3800 0.3300 0.3928 0.1957 -0.6403 -0.9602 
2.2295 1.7782 1.8799 1.4176 1.4997 1.5355 1.7648 1.6537 1.3616 1.1627 1.4125 1.1372 1.0646 1.5221 1.5130 1.0360 1.3680 0.9652 1.4271 1.3893 0.8372 0.8664 1.0773 0.7801 0.8821 1.1220 1.1255 0.8165 0.6938 0.3975 0.7039 0.1933 0.0127 
2.3782 1.6662 1.4337 1.5687 1.4379 1.3485 1.6007 1.5905 1.6230 1.0564 0.7552 0.7166 1.0586 1.0565 1.1440 1.1175 0.8380 1.0757 1.0626 0.8693 0.8276 0.4360 0.4220 0.6590 1.1696 1.0818 1.0011 0.6324 0.5874 0.6051 0.2373 0.1763 0.1277 
2.2592 0.3614 1.2145 1.4680 1.2994 0.5426 1.5553 1.5106 0.9511 1.0585 0.0961 1.7381 1.4538 1.4160 1.4929 1.2408 1.3512 1.1980 1.4129 1.2321 1.2233 1.4619 -0.1666 0.6764 0.4781 0.9872 0.9432 -0.1487 0.4604 0.4817 0.0463 -0.9984 0.0030 
2.3660 2.1818 1.6408 0.7353 1.3624 1.5913 1.4116 1.5178 0.8109 0.6910 1.3008 0.8674 1.3285 1.1080 1.1097 0.9913 0.2065 0.9293 1.0192 0.9458 1.1186 0.6073 0.9880 0.2841 0.3731 1.0019 0.7669 0.8726 0.5102 -0.2801 0.4271 0.6669 0.1759 
2.6634 2.3470 2.1485 1.8486 0.4773 1.6892 1.2568 1.2805 1.2755 1.4254 1.1024 0.9766 0.8491 1.1267 0.8319 1.0332 1.1627 0.9697 0.7391 0.9752 0.6750 0.7152 0.7750 1.0418 0.8204 0.7576 0.6543 0.9732 -0.2971 0.8457 0.9358 0.7853 0.4395 
2.6158 2.6450 1.9883 2.0355 1.9646 1.8608 2.1280 1.8217 1.4348 1.3494 1.2955 1.5836 1.3688 1.2539 1.1404 1.2399 1.6295 1.1950 1.0596 1.1112 1.1421 1.3356 0.9861 0.9530 0.9647 1.2765 1.4876 1.1460 1.1365 1.0617 0.7869 1.1073 0.3518 
3.5959 3.1304 2.2785 2.2425 1.9348 1.1216 1.8280 1.5668 1.5312 1.5793 1.6691 1.5517 1.5418 1.1922 1.4466 0.9557 1.3570 0.8990 1.3422 1.0582 1.3448 1.2871 1.3570 1.1982 1.0886 1.0600 1.2023 0.4167 1.1106 1.2526 1.0871 1.5556 1.3857 
4.0064 4.0629 3.3369 3.1395 2.9541 2.9058 2.7835 2.6901 2.5476 2.5565 2.5297 2.4522 2.4264 2.4057 2.3173 2.3841 2.3188 2.3235 2.2234 2.2435 2.2084 2.1778 2.1985 2.1732 2.1066 2.1722 2.1644 2.1887 2.1381 2.1542 2.1479 2.5285 1.8028 
3.9381 3.5359 3.3166 2.8502 2.5782 2.1573 2.3406 2.8404 2.8845 2.6095 2.3152 2.2126 2.2442 2.1357 2.1149 1.9289 2.1428 1.8869 1.9855 1.9508 2.0423 1.9365 1.9965 2.2231 2.4269 2.2798 1.7418 1.4423 1.7675 1.8407 2.1278 1.9558 1.5927 
3.7260 3.9134 3.1442 2.5966 2.5180 2.2634 2.3977 2.2543 2.5253 2.4935 2.0466 2.1472 1.9516 1.6955 1.8908 1.7301 1.7955 1.6707 1.8028 1.5354 1.7637 1.8712 1.7253 2.1038 2.0804 1.7634 1.8049 1.5719 1.7112 1.6578 1.9380 2.3182 1.2721 
3.9311 4.3139 3.2156 3.3267 3.2489 3.1002 2.9797 3.0052 2.9336 2.8336 2.7606 2.6574 2.6702 2.5688 2.6014 2.5554 2.5484 2.5146 2.5143 2.4212 2.4922 2.4084 2.4452 2.4346 2.4963 2.5001 2.3602 2.3813 2.4061 2.3288 1.9738 2.7603 1.6151 
4.4710 3.9629 3.9735 3.5712 3.3012 3.1210 3.0244 3.0178 3.1223 3.0203 2.9489 2.8738 2.8726 2.8057 2.7109 2.6596 2.6313 2.6163 2.6101 2.6332 2.6428 2.5935 2.6227 2.6388 2.6506 2.5125 2.4286 2.4051 2.4886 2.5639 2.7827 2.3895 2.2750 
1.8659 4.1622 4.0009 3.6590 3.4840 3.3896 3.2639 2.9699 3.2142 3.1372 3.0077 2.9841 2.9272 2.8561 2.8591 2.8277 2.8218 2.7614 2.7384 2.6722 2.7121 2.7182 2.6869 2.7415 2.7382 2.4614 2.6356 2.6732 2.6388 2.6607 2.8200 2.6344 -0.2852 
4.0467 4.1286 3.3458 2.9676 2.6686 2.5554 2.7947 1.9906 2.5964 2.1744 2.0470 1.9643 1.8788 1.9772 1.9966 1.7855 1.8930 1.7263 1.8937 1.8338 1.6716 1.7138 1.7300 1.7881 2.1547 1.4503 2.1718 1.8371 1.8383 1.9712 2.1357 2.5907 1.8580 
3.9291 3.8983 2.8223 2.8314 2.5814 2.4937 1.2004 2.4867 2.4993 2.3143 2.2194 2.1630 2.0470 2.0871 1.8085 1.8535 1.7750 1.8103 1.7042 1.9139 1.8359 1.8840 1.8920 1.9264 2.0296 1.9249 0.5488 1.7788 1.7745 1.8442 1.6173 2.3229 1.7927 
4.0556 3.1488 3.5675 2.9889 2.9120 2.8511 2.6948 2.7014 2.5255 2.5225 2.5292 2.4952 2.3861 2.3419 2.3947 2.3390 2.3352 2.2853 2.2828 2.1966 2.1814 2.2109 2.1985 2.1424 2.0684 2.1811 2.1034 2.1336 2.0895 2.0004 2.3401 1.6860 1.8248 
4.2528 3.9643 3.3664 3.1936 2.7400 2.4999 2.2681 2.2508 2.1738 1.9382 1.8368 1.7757 1.7178 1.5934 1.6681 1.6290 1.7240 1.5736 1.5627 1.4686 1.5047 1.4944 1.5246 1.5677 1.7294 1.7628 1.6840 1.7967 1.9198 2.2031 2.1849 2.3770 1.9199 
3.6123 4.2712 3.8958 3.4694 3.4412 3.3305 3.2380 3.1850 3.1607 3.0584 3.0011 2.9419 2.8881 2.8878 2.8674 2.8253 2.8168 2.7591 2.7523 2.7211 2.6593 2.6673 2.6730 2.6663 2.6820 2.6303 2.6052 2.6128 2.6039 2.4985 2.6565 2.7018 0.9809 
4.4392 4.3749 3.6939 3.2070 3.2690 3.2159 3.1126 3.0018 3.0708 2.9362 2.9074 2.8644 2.7956 2.7613 2.7085 2.6880 2.6465 2.6400 2.6086 2.5995 2.5747 2.5818 2.5778 2.5523 2.6152 2.4971 2.5070 2.4983 2.4448 2.1886 2.5171 2.8475 2.2477 
4.3034 4.0829 3.9276 3.8220 3.4019 3.2042 3.2264 3.2286 3.1686 2.9296 2.8755 2.8658 2.8287 2.7633 2.7011 2.6671 2.6233 2.6231 2.6022 2.6010 2.5971 2.5834 2.5430 2.5449 2.6878 2.6706 2.5903 2.4837 2.5674 2.8511 2.7064 2.5588 2.1299 
4.1666 4.4396 3.8275 3.6041 3.2888 3.1128 2.9978 3.1641 2.6099 2.9689 2.8725 2.6605 2.8785 2.6454 2.6211 2.5877 2.5532 2.5433 2.5298 2.5129 2.6470 2.4158 2.5378 2.5874 2.1534 2.6135 2.3827 2.3912 2.4608 2.6131 2.5985 2.9124 1.9626 
3.2675 4.3834 3.8380 3.5488 2.9135 2.9493 2.8775 2.5765 2.5864 2.6382 2.6945 2.5953 2.6464 2.6382 2.3723 2.4380 2.4197 2.3741 2.2694 2.5038 2.4668 2.3236 2.3736 2.2499 2.1465 2.0513 2.2456 2.2334 2.1020 2.5477 2.6173 2.8577 1.5869 
3.9823 4.1689 4.0825 3.7244 3.7228 3.6050 3.4834 3.3906 3.3602 3.3456 3.3253 3.2748 3.1464 3.0851 3.0020 2.8905 2.8938 2.8523 2.9100 2.9324 2.9286 3.0004 2.9989 2.9590 2.9130 2.8796 2.8736 2.8880 2.9010 2.7514 2.8934 2.6385 1.6275 
4.4912 4.5170 4.0825 3.6683 2.9856 3.0001 2.8416 2.5537 2.5001 2.6696 2.5105 2.3138 2.3632 2.4963 2.1258 2.4877 2.4784 2.4197 1.9896 2.3119 2.1643 2.0624 2.1793 2.2834 2.0246 2.0248 2.2059 2.2842 2.1729 2.6756 2.8909 2.9614 2.1629 
4.1220 4.4382 4.1105 3.4525 3.4242 3.2739 3.2559 3.1855 2.9057 3.0027 2.8844 3.0467 2.9153 2.9251 2.6247 2.9000 2.8503 2.8613 2.5329 2.7765 2.6958 2.8042 2.5536 2.6206 2.4613 2.6305 2.6293 2.5581 2.5945 2.4873 2.9176 2.9071 2.0013 
3.5791 4.5229 3.7408 3.3430 3.0025 2.6923 2.6218 1.9002 2.7684 2.1979 2.1502 2.9724 2.5308 1.9963 2.5288 1.4532 1.8734 1.3949 2.4294 1.8526 2.3038 2.7038 1.8138 1.8139 2.2913 1.4152 2.0094 1.9817 2.1809 2.3522 2.5373 2.9751 0.3348 
3.4693 4.2962 3.2997 2.6157 2.9079 2.7833 2.6639 2.7455 2.7726 2.6277 2.4915 2.7659 2.3217 2.3548 2.1971 2.3715 2.2941 2.3106 2.1147 2.2057 2.1355 2.5118 2.1535 2.2423 2.2942 2.2171 2.0682 2.0709 2.0858 1.7001 2.1637 2.7370 1.4953 
4.1934 3.8475 4.0185 3.8614 3.6111 3.4964 3.4037 3.3605 3.0725 3.1195 3.2063 3.0461 3.0385 2.9964 3.0092 2.9455 2.8808 2.9014 2.9203 2.8618 2.8571 2.8041 2.8715 2.7258 2.6170 2.8538 2.8089 2.7803 2.7746 2.8786 2.8525 2.2850 2.0114 
4.5590 4.3249 4.1348 3.8137 3.6989 3.5969 3.4983 3.3739 3.2409 3.3630 3.3316 3.2441 3.1559 3.0934 3.1259 3.0461 2.9620 2.9987 3.0068 2.9390 2.9344 2.9663 3.0021 2.9811 2.7841 2.8671 2.8823 2.8794 2.8780 2.8484 2.9390 2.7658 2.2843 
4.5248 4.2849 3.7935 3.3898 3.2809 3.0277 2.7999 2.7648 2.9819 2.9687 2.8689 2.4845 2.6235 2.1379 2.3517 2.4121 2.3344 2.3489 2.2505 1.9504 2.4251 2.1964 2.5344 2.5818 2.5354 2.2288 2.1752 2.3110 2.4613 2.4251 2.5895 2.6931 2.2791 
3.5874 4.4547 4.3321 4.0424 3.6547 3.5858 3.3581 2.6538 3.2691 3.5152 3.3030 3.1328 2.8743 3.0449 3.0022 2.9524 2.8739 2.9072 2.9107 2.9036 2.6444 2.8724 2.9756 3.1192 2.8312 2.1482 2.7418 2.8675 2.8378 3.0462 3.1287 2.9309 1.6481 
3.1040 4.3887 4.0579 3.6462 3.0390 2.8715 3.2120 3.4790 3.2049 3.1908 3.2455 2.9032 2.1531 2.1819 2.2147 0.0508 -0.9335 -0.0228 2.1328 2.0237 1.9211 2.6276 2.9137 2.7964 2.7169 2.9416 2.5766 2.1522 2.2132 2.6441 2.8693 2.8686 -0.7661 
2.9449 4.0941 4.1389 3.6471 3.1948 3.0209 2.8683 2.8892 2.4281 2.6670 3.1700 2.6147 2.7351 2.5941 2.5901 2.5499 2.5184 2.5103 2.5039 2.4628 2.5334 2.3419 2.8532 2.2771 1.9686 2.3361 2.2395 2.3026 2.3274 2.6417 2.9565 2.5586 0.9221 
3.7957 2.9670 4.0816 2.6927 2.8907 2.3468 2.6567 3.2146 2.1190 2.5097 3.0373 2.4135 1.9744 2.5057 1.2081 2.0581 1.9423 1.9952 1.0265 2.3294 1.8063 2.1516 2.7168 2.1231 1.6206 2.6560 2.0413 1.6020 2.0371 1.8400 2.9001 1.2491 1.6819 
4.3092 4.0873 4.1764 3.7041 3.4271 3.2721 3.3054 3.1982 3.0984 2.9807 2.8128 2.8102 2.8609 2.6435 2.5053 2.6242 2.5484 2.5754 2.3847 2.5094 2.6300 2.5367 2.4945 2.5956 2.6389 2.6387 2.6774 2.5522 2.5882 2.6984 2.9710 2.5353 1.9727 
3.9122 3.9813 3.7763 3.5657 3.1448 3.0552 3.1749 2.5687 2.8365 2.7929 2.8670 2.4193 2.4475 2.1857 2.4085 2.2931 2.2173 2.2502 2.2899 2.0256 2.2213 2.1589 2.5330 2.3990 2.3522 2.0420 2.5435 2.3395 2.2857 2.5557 2.5812 2.4623 1.7464 
4.6623 4.5162 4.2523 3.9890 3.7230 3.5775 3.4303 3.4094 3.3063 3.0600 3.0957 3.0967 2.9646 2.8355 2.8432 2.8497 2.8023 2.7858 2.7117 2.6470 2.7607 2.8521 2.7786 2.6656 2.8655 2.8903 2.8385 2.8579 2.8987 2.9890 3.0274 2.9641 2.4222 
3.9873 4.2559 4.2458 3.9885 3.5494 3.2226 3.3288 3.6033 3.2657 3.3848 3.2171 2.5618 2.8732 3.0748 3.0035 2.9163 2.8856 2.8754 2.9117 2.9273 2.6425 2.2843 2.8864 2.9989 2.8298 3.0520 2.7190 2.5023 2.6830 2.9855 3.0392 2.6773 1.8357 
4.1812 3.9978 3.3903 3.5789 3.0862 3.2093 3.3494 3.5811 3.1655 3.2392 2.8921 2.8811 2.7349 2.7263 2.7764 2.6799 2.6051 2.6348 2.6562 2.5724 2.5349 2.6012 2.5656 2.8567 2.6904 3.0203 2.7372 2.4897 2.2399 2.5708 2.2069 2.4770 2.0152 
4.0740 4.3428 4.0924 3.6973 2.8826 2.9794 3.3858 3.3837 2.9992 3.3015 3.4124 2.9477 2.9667 2.8253 2.5269 2.6146 2.5339 2.5672 2.4249 2.6421 2.7679 2.6698 3.0943 2.9195 2.5467 2.8745 2.7916 2.2574 2.0250 2.7037 2.9130 2.8187 1.9590 
4.4727 4.0749 4.0546 3.3919 3.3262 3.1417 3.3047 2.6027 2.6361 3.0344 1.5457 2.3326 1.9602 2.0594 1.7043 1.3351 2.0265 1.2758 1.5801 1.8849 1.7739 2.0877 1.1405 2.6459 2.1759 2.1042 2.6744 2.4234 2.5053 2.4251 2.8722 2.5298 2.2722 
3.7089 3.5684 4.1839 3.7940 2.6980 1.9998 3.2815 1.9585 2.5503 2.7378 2.5768 1.0523 2.2072 2.3101 1.7830 1.5844 0.8836 1.5482 1.6690 2.1738 1.9899 0.7402 2.2505 2.3436 2.1133 1.4309 2.6508 1.2835 1.8745 2.8213 2.9852 2.0060 1.5281 
4.0372 4.0779 4.2851 3.9339 3.2972 3.0263 3.0320 2.6955 2.9974 3.2712 3.0131 2.3364 2.4236 2.2528 2.1369 1.9285 2.0539 1.8870 2.0142 2.1235 2.2066 2.0906 2.6908 2.8880 2.5491 2.1725 2.4329 2.3001 2.4675 2.9213 3.0580 2.5534 1.7774 
4.1982 4.1128 3.8503 3.2748 3.3510 3.3620 3.4359 2.7356 2.7662 2.6760 2.7077 2.5013 2.1504 1.5865 1.8065 1.2463 1.5512 1.2040 1.6992 1.4429 1.9165 2.2134 2.3948 2.2843 2.2907 2.2199 2.8456 2.6447 2.5214 2.2768 2.6363 2.5730 1.9845 
3.2334 3.7340 3.2062 3.1711 3.3434 2.9411 3.3299 2.8529 2.6947 2.8788 2.4505 2.5172 2.7031 2.5265 2.5203 2.4648 2.5365 2.3993 2.4130 2.3582 2.5142 2.2357 2.1349 2.4975 2.2419 2.2876 2.7098 2.2337 2.5216 2.1849 1.9893 2.2182 1.0570 
2.8598 3.8992 3.4149 2.6721 1.2928 2.4029 1.5248 1.4517 1.8575 1.5205 2.0171 1.7732 1.5766 1.5865 1.6055 1.3997 1.2921 1.3385 1.5102 1.4521 1.3900 1.4821 1.6956 1.1197 1.4118 0.9520 0.9134 1.6694 0.6124 1.7351 2.2070 2.3361 0.4093 
3.5346 3.6304 3.1395 3.0676 2.6516 2.7548 2.8309 2.0397 2.1306 1.6222 1.5058 1.1442 1.9347 1.9602 1.7063 1.7672 1.7777 1.6997 1.5836 1.8200 1.7602 0.8725 1.1886 1.2286 1.6522 1.5066 2.1950 2.0389 1.8291 2.0920 1.9280 2.0927 1.4262 
2.9223 2.9606 3.0520 2.2812 2.1754 2.4950 2.1491 1.5194 1.8080 1.9888 1.8165 1.9062 0.4203 1.4226 1.2380 1.6022 1.6887 1.5568 1.1455 1.2396 0.2128 1.6394 1.4889 1.5956 1.3550 1.0025 1.5115 1.7757 1.3432 1.2701 1.8580 1.4411 0.7532 
3.2363 3.2448 2.8906 2.8502 2.8233 2.5031 2.1362 2.2362 2.1763 1.4704 1.8964 1.9182 1.4663 1.8801 1.9217 1.7850 1.7417 1.7307 1.8289 1.7487 1.2458 1.6513 1.5669 1.0863 1.7239 1.7196 1.4885 1.7828 1.9573 1.8487 1.6858 1.7017 1.0213 
1.9403 2.3283 2.5318 2.1610 2.5246 2.6101 2.1121 1.9289 2.0125 1.6879 1.7056 1.5519 1.5890 0.5665 0.9670 1.3105 1.4477 1.2470 0.8427 0.4335 1.4111 1.2846 1.3835 1.2853 1.5519 1.4242 1.4723 1.8942 1.6933 1.1434 1.3102 0.8372 -1.3069 
2.5719 2.8783 2.6235 2.5132 2.0206 2.1576 2.1483 1.9010 1.8260 1.9775 1.5646 1.7511 1.7790 1.4229 1.4185 0.7337 1.2480 0.6934 1.2936 1.2382 1.5462 1.4705 1.2331 1.5860 1.3795 1.3864 1.5115 1.4394 1.1784 1.5055 1.4368 1.3276 0.1801 
2.5044 2.0371 2.1948 1.7080 1.9288 1.7617 2.1699 1.4471 1.2311 1.4342 0.7797 1.0483 1.5590 1.4505 1.4436 1.3728 1.3976 1.3037 1.3433 1.2839 1.3684 0.7691 0.4524 1.0554 0.7802 0.8860 1.5430 1.0406 1.1127 0.7175 1.0117 0.5330 0.2320 
2.2444 1.9813 1.7754 1.7514 1.7871 1.0764 1.6197 1.5003 1.4495 1.4807 1.6902 1.2732 1.1431 1.2314 1.4238 1.1961 1.3231 1.1482 1.3028 1.0950 0.9285 1.0305 1.3760 1.0952 0.9966 0.9793 1.0266 0.3733 0.9302 0.7576 0.5616 0.4648 0.0355 
2.2807 2.1546 1.5513 1.8990 1.6630 1.4328 0.9109 0.3910 0.6084 0.8344 1.0018 1.3751 1.2091 1.3882 1.4316 1.4492 1.4840 1.4112 1.3212 1.2066 1.0331 1.0996 0.6827 0.4438 0.1312 -0.1148 0.3128 0.7080 0.8151 0.9170 0.3426 0.6481 0.0504 
2.5522 2.5371 2.0994 1.9113 1.4147 1.3864 1.5344 1.6611 1.2694 1.7213 1.0860 1.6315 1.1206 1.4791 1.5299 1.3515 -1.3918 1.2859 1.4409 1.3295 0.8938 1.3905 0.7640 1.3242 0.8190 1.1296 0.9179 0.6800 0.5513 0.9148 0.8850 0.9882 0.3393 
2.3978 1.5677 1.9000 1.4147 1.0919 0.9544 1.5286 1.1391 0.7948 0.7695 1.0586 1.3171 1.3566 1.1449 1.4311 1.4057 1.4481 1.3391 1.3178 1.0030 1.1356 1.0664 0.7270 0.3857 0.3557 0.6095 0.9077 0.2410 0.2530 0.4028 0.7218 0.0150 0.1732 
2.7389 2.4993 2.1665 1.1738 1.7942 1.4799 1.2367 1.3666 1.5829 1.8855 1.6064 1.0545 1.2677 1.4317 0.8874 1.0102 0.7886 0.9452 0.7904 1.2551 1.0777 0.7635 1.2864 1.4996 1.1382 0.8195 0.6408 0.7580 0.9465 0.1953 0.9534 0.9197 0.4863 
2.9002 2.5118 2.0928 1.9637 1.8164 1.7114 0.8590 1.2223 0.7439 1.5718 1.5662 1.4745 1.3725 1.5798 0.4901 1.2362 -1.0823 1.1906 0.3987 1.4458 1.1469 1.2015 1.2434 1.1919 0.3089 0.7152 0.2437 0.9961 0.9755 0.9970 0.8620 0.9253 0.6701 
2.4770 1.7729 1.2537 1.1458 0.1603 1.1194 1.6571 1.1742 1.3265 1.3332 1.2990 0.7612 1.1293 1.5755 1.5066 1.3483 1.0730 1.2846 1.4223 1.4428 0.9165 0.4864 0.9821 0.9397 0.8526 0.6636 1.0611 0.4105 -0.7450 0.1266 0.0340 0.2471 0.2146 
