3.9914 3.2583 3.0061 2.7885 2.4453 2.6207 2.3156 2.4505 2.2243 2.0958 2.0807 2.0014 2.0389 2.0195 2.1514 1.8692 1.9011 1.8043 2.0486 1.8797 1.8355 1.7240 1.7580 1.7144 1.7454 1.9426 1.6813 1.9014 1.6202 1.7958 1.7674 1.6436 1.7245 
3.9210 3.2712 2.7724 2.4883 2.4945 2.5049 2.4515 2.4826 2.4176 2.4054 2.3225 1.9627 1.8937 1.9604 1.7133 1.8428 1.9974 1.7798 1.6193 1.7911 1.6651 1.6847 1.9913 2.0185 1.9705 1.9659 1.8496 1.7868 1.6605 1.5137 1.5806 1.6645 1.6771 
3.9041 3.3405 3.0077 2.6729 2.6655 2.4129 2.2815 2.4298 1.9248 2.3034 2.0233 2.0383 1.7895 2.0569 1.9676 1.9755 1.3554 1.9357 1.8686 1.9261 1.5956 1.7663 1.6957 1.9224 1.4407 1.9219 1.6396 1.6914 1.8102 1.6674 1.7696 1.7187 1.6597 
3.8702 3.3510 2.7974 2.7218 2.4724 2.3887 2.3573 2.5399 2.3103 2.1745 1.9356 2.2078 2.2868 1.9697 2.2994 2.2880 2.4449 2.2275 2.1815 1.8031 2.0524 1.9474 1.6018 1.7786 1.8438 2.0061 1.7229 1.6706 1.6414 1.7204 1.6040 1.7300 1.6286 
3.7797 3.1879 2.7587 2.4186 2.3513 2.1004 1.8032 2.3388 2.3030 2.0748 2.0410 2.0373 1.8408 1.6166 1.9248 1.8123 1.7647 1.7518 1.7959 1.4536 1.6310 1.7688 1.7152 1.6889 1.8341 1.7968 1.2053 1.3800 1.5238 1.4213 1.5698 1.6104 1.5396 
3.7212 3.0712 2.5469 2.3649 2.1269 1.6223 1.6120 2.4376 2.3083 2.2211 2.0307 1.8736 2.0499 2.0367 2.1157 1.5995 1.7181 1.5620 2.0208 1.9041 1.8507 1.6036 1.7042 1.8237 1.8422 1.9308 0.9892 0.8968 1.2967 1.3616 1.3277 1.4730 1.4430 
3.7880 3.1682 2.8319 2.4400 2.1749 2.0804 2.1314 1.9642 2.1508 2.3256 2.3336 1.9988 1.0910 1.7225 2.1065 2.0444 1.4291 1.9974 2.0132 1.5913 0.8899 1.7212 2.0034 1.9439 1.6936 1.4142 1.5339 1.3605 1.3314 1.4574 1.6350 1.5949 1.5558 
3.4487 2.8240 2.2847 1.8630 2.1291 1.7567 1.7363 1.7865 1.8908 1.5234 1.6668 1.8525 1.3956 1.0596 1.8683 1.3872 0.5365 1.3432 1.7442 0.9142 1.2139 1.5913 1.3408 1.1289 1.4113 1.2620 1.1332 1.0344 1.2951 0.8682 1.0432 1.2457 1.2149 
3.5407 3.0477 2.7672 2.4361 1.9747 2.2370 2.1315 1.7519 1.7282 2.1211 2.2542 2.2595 2.0174 1.8090 0.9195 1.3029 0.9288 1.2616 0.8370 1.6544 1.8083 1.9799 1.9317 1.7300 1.2858 1.2380 1.5379 1.5204 1.1387 1.4497 1.5803 1.4569 1.2956 
3.1825 2.5563 1.9632 1.9885 1.8149 1.5994 1.3859 1.9104 1.6124 1.4034 1.8739 1.7842 1.9919 1.4731 1.8506 1.4941 2.0906 1.4297 1.7280 1.3082 1.7753 1.5454 1.5588 1.0147 1.1549 1.3534 0.7868 0.8836 0.9664 1.0001 0.7822 0.9680 0.9494 
3.0949 2.6370 2.4116 2.0703 1.9518 1.7807 2.4576 2.2989 1.4545 1.9347 2.2678 1.5140 1.8943 2.0825 1.8463 2.0125 1.7216 1.9694 1.7275 1.9514 1.6661 1.2445 1.9381 1.5514 0.9991 1.7359 1.8602 1.0758 1.1018 1.0852 1.2230 1.0304 0.8602 
3.3552 2.6826 1.9391 2.2921 2.2890 2.1891 2.1435 1.7204 1.7519 1.8390 0.4219 1.5968 2.0742 1.9517 2.0748 1.7624 1.5782 1.7143 1.9810 1.7799 1.8863 1.3203 0.1550 1.4438 1.3047 1.2210 1.5520 1.4732 1.4296 1.2838 0.7026 1.0715 1.0853 
3.4138 3.1353 2.7448 2.1588 1.9966 1.5178 2.2270 2.3103 2.3087 1.1219 2.0675 1.7494 1.9464 1.3510 2.0446 1.7659 1.4198 1.7154 1.9559 1.2194 1.7163 1.5087 1.7335 0.7368 1.8432 1.7562 1.6078 0.7840 1.1750 1.1831 1.5639 1.5892 1.1808 
2.5190 2.3475 1.8670 1.8771 1.3931 1.7220 1.4758 1.5818 1.3230 1.9345 1.5800 1.5795 1.4528 1.8159 1.6434 1.7723 0.4824 1.7182 1.5640 1.6619 1.2546 1.2921 1.2472 1.5524 0.8822 1.0173 0.8644 1.0101 0.5795 0.8775 0.6511 0.8100 0.3067 
2.9026 2.3612 2.3805 2.3508 2.3642 2.1544 1.9487 2.2923 2.2395 1.7079 1.9254 1.9891 0.6214 1.5841 1.3293 1.9513 1.4637 1.9090 1.2458 1.4077 0.4079 1.7150 1.5920 1.3239 1.7586 1.7317 1.3098 1.4379 1.5422 1.3570 1.2054 0.7857 0.6542 
0.9695 2.2357 1.4275 1.9838 1.7365 1.3328 1.9645 0.8025 1.8260 1.6322 1.3579 1.2232 1.5710 1.0132 1.3786 1.2704 1.2931 1.2324 1.2853 0.8869 1.3405 0.9348 1.0387 1.2451 1.3615 0.2488 1.3297 0.6257 0.9172 0.9889 0.1719 0.6948 -1.6550 
2.2303 2.1188 1.7172 2.0090 2.0378 1.7802 2.1072 1.4236 1.9616 1.0526 1.7635 1.5726 1.9488 1.8060 1.7103 1.7898 1.3601 1.7308 1.6153 1.6517 1.7194 1.2871 1.4474 0.6633 1.5035 0.8957 1.5100 1.0665 1.2259 1.0145 0.5805 0.6065 -0.2005 
3.3995 2.9917 2.3007 2.0706 2.1524 2.0574 1.1271 2.3555 2.1788 1.6890 1.3144 1.1970 2.0420 1.6060 1.3715 0.8916 1.0656 0.8494 1.2811 1.4355 1.8424 0.9111 0.9819 1.3016 1.7154 1.8231 0.5116 1.3367 1.3206 1.0780 1.0868 1.4120 1.2136 
4.5876 4.3963 3.8449 3.5533 3.3342 3.2310 2.9775 2.9096 3.0051 2.7770 2.8643 2.8941 2.8453 2.7052 2.7163 2.6414 2.4110 2.5750 2.6356 2.5489 2.6596 2.6487 2.5485 2.3895 2.5256 2.3760 2.3409 2.5131 2.4694 2.5805 2.6591 2.8142 2.3612 
4.3271 4.7069 3.7468 3.5536 3.2526 3.0939 2.9459 3.2232 2.8666 2.7791 2.7881 2.7976 2.8008 2.7992 2.7163 2.6285 2.6813 2.5619 2.6333 2.6680 2.6229 2.5435 2.4571 2.3913 2.4106 2.6986 2.3390 2.3696 2.4059 2.5791 2.4698 3.1562 2.1380 
3.0878 4.3024 3.9507 3.6830 3.4976 3.3850 3.3579 3.1681 3.0831 3.0392 3.0112 2.9802 2.9144 2.9769 2.9233 2.8796 2.7593 2.8206 2.8028 2.7963 2.7051 2.7003 2.6771 2.6583 2.6464 2.6606 2.7172 2.6663 2.6740 2.6854 2.7474 2.7667 -0.2173 
4.1200 4.0540 3.3510 2.9973 2.8173 2.7324 3.0546 3.0035 2.9137 2.5970 2.3469 2.4019 2.5343 2.3599 2.2391 2.2949 2.0381 2.2396 2.1132 2.2106 2.3314 2.1326 2.0198 2.1991 2.4411 2.4387 2.4283 2.0123 1.9888 1.9807 2.1086 2.4982 1.9515 
3.6606 3.2541 3.3308 2.9444 2.7724 2.7252 3.1588 3.1157 2.7803 2.5812 1.7175 2.4295 2.0972 1.8865 2.3417 2.2974 1.9285 2.2438 2.2542 1.7092 1.9227 2.1669 1.3982 2.1806 2.3314 2.5969 2.5591 2.0078 1.9560 1.9621 2.1066 1.7064 1.4332 
4.5894 4.5314 3.7999 3.4658 3.2476 3.2091 3.0271 3.0582 3.0083 2.9996 2.8902 2.7950 2.6660 2.6567 2.7320 2.4315 2.4325 2.3806 2.6494 2.4768 2.4371 2.5327 2.5745 2.6017 2.5307 2.5183 2.3928 2.4925 2.4066 2.4668 2.5944 3.0036 2.3732 
4.3784 4.8142 4.4703 4.0948 3.9047 3.7868 3.7580 3.4685 3.6516 3.4626 3.4169 3.3861 3.3579 3.3285 3.2551 3.2657 3.1762 3.2045 3.1493 3.1526 3.1219 3.1058 3.0871 3.0769 3.1768 2.9491 3.1272 3.0695 3.0787 3.0891 3.2491 3.2581 2.3177 
4.5835 4.9587 4.3263 3.7564 3.4647 3.2538 3.4211 3.0870 2.8782 3.0181 2.9745 2.9912 2.9346 2.6682 2.6796 2.7604 2.6730 2.7139 2.5758 2.4953 2.7200 2.7085 2.6529 2.6401 2.4254 2.5671 2.7942 2.5372 2.6538 2.7634 3.1104 3.4218 2.0635 
4.6270 4.7773 4.0740 3.8074 3.7244 3.6219 3.4748 3.4137 3.3770 3.2455 3.2199 3.2373 3.1837 3.1210 3.1057 3.0789 3.0893 3.0369 3.0206 2.9912 3.0052 2.9992 2.9026 2.8518 2.9060 2.8719 2.8506 2.9047 2.8617 2.8100 2.8934 3.2020 2.4950 
4.8889 4.1363 4.2386 4.0997 3.8784 3.6909 3.5317 3.4564 3.4089 3.3778 3.3745 3.3520 3.3013 3.3095 3.2099 3.1917 3.1645 3.1469 3.1119 3.1396 3.0830 3.0675 3.0420 2.9985 2.9597 2.9343 2.9328 2.9743 3.0576 3.0986 3.0665 2.5547 2.6961 
4.8743 4.4274 4.2391 3.7674 3.3841 3.1559 2.8904 2.2588 2.7590 2.6433 2.3172 1.9293 1.6495 1.7566 1.8374 1.8787 0.6946 1.8295 1.7270 1.6223 1.4574 1.6595 1.9934 2.2564 2.3185 1.6797 2.2941 2.4414 2.5423 2.7739 3.0565 2.8171 2.6211 
4.4393 4.4781 4.4379 4.0001 3.8302 3.7491 3.7075 3.5274 3.4586 3.4530 3.4045 3.3766 3.3592 3.2437 3.2326 3.2191 3.1995 3.1619 3.1308 3.0897 3.1237 3.0941 3.0737 3.0687 3.0196 3.0209 3.0701 3.0324 3.0148 3.0212 3.2108 2.9603 2.2233 
4.5225 4.8076 4.1593 4.0854 3.7782 3.6183 3.4756 3.4984 3.3684 3.3176 3.2380 3.2136 3.0798 3.0851 3.0019 3.0187 2.9592 2.9681 2.8725 2.9392 2.8640 2.9709 2.9206 2.9214 2.8898 2.9910 2.8525 2.9003 2.9467 3.0782 2.9607 3.2470 2.3018 
4.1621 4.6363 3.9361 3.3929 3.1769 3.1187 2.7898 2.8586 2.9601 2.8920 2.8299 2.7045 2.7697 2.7157 2.7233 2.5761 2.6186 2.5131 2.6429 2.5650 2.5708 2.4321 2.5091 2.4960 2.4787 2.3371 2.1770 2.3981 2.3479 2.3930 2.7096 3.0968 2.1852 
4.2422 4.4405 4.1497 3.9325 3.7582 3.6269 3.5168 3.5175 3.2529 3.2705 3.1969 3.2236 3.1666 3.1570 3.0909 3.0856 3.0555 3.0429 3.0088 3.0242 2.9912 2.9830 2.8779 2.8756 2.7919 3.0120 2.9098 2.9088 2.9123 2.9630 2.9411 2.8957 1.9304 
4.8532 4.8479 4.4217 3.5193 3.5235 3.4042 3.4278 3.0746 2.9988 3.1831 3.1351 2.9890 2.7958 2.8542 2.8653 2.8704 2.8449 2.8122 2.7646 2.7085 2.6113 2.7066 2.8021 2.7967 2.5117 2.5419 2.7982 2.6868 2.7028 2.5430 3.1792 3.2921 2.5178 
2.2960 4.8816 4.5420 4.3464 4.0940 3.9264 3.8274 3.7508 3.6290 3.6402 3.5601 3.5135 3.5032 3.4900 3.4369 3.4066 3.3766 3.3680 3.3570 3.3608 3.3095 3.2539 3.2414 3.2451 3.1588 3.1974 3.2027 3.2082 3.2346 3.3729 3.3568 3.3626 1.7844 
5.1159 5.0505 4.3914 4.2336 4.1010 3.9890 3.9022 3.8292 3.7812 3.7236 3.6490 3.5829 3.5416 3.5053 3.4594 3.4519 3.4384 3.4084 3.3753 3.3717 3.3641 3.3420 3.3346 3.3302 3.3392 3.3099 3.3038 3.2706 3.2464 3.2494 3.1693 3.4944 2.8707 
3.8236 5.1605 4.7416 4.2527 4.1700 4.0510 3.9756 3.8409 3.7969 3.7671 3.7117 3.6781 3.6415 3.5576 3.5278 3.5212 3.5000 3.4794 3.4380 3.4161 3.4290 3.4061 3.3796 3.3850 3.3613 3.3264 3.3731 3.3329 3.3552 3.2758 3.5153 3.5990 0.8430 
4.6470 4.8551 4.0772 3.9023 3.3627 3.2617 3.1373 3.1597 3.3046 3.0496 2.9472 2.9741 2.8078 2.7804 2.7974 2.8450 2.8172 2.7965 2.7075 2.6489 2.6355 2.6964 2.6357 2.6675 2.8269 2.6635 2.5335 2.5595 2.5216 2.9430 2.8622 3.3183 2.5887 
4.9155 5.0313 4.8423 4.4841 4.3925 4.2409 4.1738 4.1033 4.0541 3.9665 3.9032 3.8706 3.8214 3.7990 3.7631 3.7542 3.7287 3.7165 3.6631 3.6510 3.6142 3.6079 3.5835 3.5726 3.5731 3.5469 3.5471 3.5237 3.5320 3.4844 3.6362 3.4871 2.6347 
4.5602 5.2615 4.1677 3.8764 3.2190 2.7877 2.7924 3.0493 2.5442 2.3839 2.5741 2.9117 2.9301 2.9089 2.4202 2.1271 1.9461 2.0489 2.3093 2.7466 2.7093 2.6670 2.2668 2.0118 2.0734 2.4910 2.1497 2.0199 2.3382 2.8739 2.8830 3.7408 2.4803 
4.3823 5.1809 5.0162 4.8106 4.6183 4.5063 4.4176 4.3190 4.2318 4.1690 4.1349 4.0859 4.0163 3.9842 3.8916 3.9508 3.8761 3.8926 3.8010 3.8246 3.7994 3.8005 3.8050 3.7846 3.7833 3.7906 3.7838 3.7887 3.7944 3.8049 3.8192 3.6346 1.6879 
3.4875 4.3613 4.6536 4.5328 4.2491 4.1396 4.0358 3.9792 3.8664 3.8003 3.7753 3.7020 3.6044 3.6404 3.5695 3.5718 3.5587 3.5179 3.4719 3.4776 3.4057 3.4195 3.4454 3.4168 3.4179 3.4453 3.4114 3.4229 3.4290 3.5411 3.4804 2.7725 1.7279 
4.8563 4.8242 4.5656 3.5602 3.6680 3.5464 3.4662 3.2885 3.1164 2.9665 2.6943 3.4960 3.0033 3.1609 2.7447 2.9641 2.9643 2.8979 2.6670 3.0288 2.7626 3.2324 2.3645 2.5702 2.6774 2.7446 2.8461 2.8342 2.8158 2.6460 3.3873 3.2516 2.5484 
4.8541 5.2996 4.9033 4.5126 4.3553 4.2101 4.1401 4.0267 4.1156 3.9900 3.8577 4.0294 3.8470 3.9215 3.8052 3.6267 3.6015 3.5658 3.7230 3.7796 3.6465 3.7612 3.5248 3.5959 3.6581 3.4805 3.5129 3.4930 3.5108 3.5176 3.7181 3.7693 2.4506 
4.9171 5.0361 4.4106 4.3630 3.9110 3.6379 3.3714 3.5548 3.7938 3.7407 3.8778 3.4251 3.4135 3.4403 3.4256 2.7941 3.2854 2.7566 3.3351 3.2996 3.1875 3.1437 3.5531 3.3615 3.3595 3.0461 2.7330 2.9200 3.0832 3.3865 3.1674 3.4905 2.6956 
2.8846 5.0619 3.7231 4.7722 4.2344 3.9830 3.9436 4.1062 3.9552 3.4057 3.9654 4.1259 3.4918 3.7314 3.0014 3.4305 3.3437 3.3890 2.8827 3.5483 3.2915 3.8494 3.6518 3.0266 3.4955 3.5526 3.3545 3.2669 3.4108 3.7743 2.4056 3.5075 2.0162 
4.9566 5.1700 4.6970 4.8506 4.3616 3.9312 3.7783 3.0570 3.9479 3.8889 3.7581 3.6698 3.4034 3.2054 3.7281 3.8550 3.6847 3.8064 3.6100 3.0691 3.1817 3.3981 3.4225 3.5083 3.4933 2.4791 3.1491 3.2014 3.5022 3.8551 3.5077 3.6116 2.8036 
4.7602 5.2190 4.7882 4.0997 3.0508 3.2494 2.2161 3.7234 3.3744 3.7630 3.5856 3.5381 3.0813 3.1574 2.2124 3.0607 2.6459 3.0206 2.0780 3.0242 2.8607 3.2893 3.2696 3.3822 2.9007 3.1587 1.6414 2.5392 2.2245 3.0911 3.5500 3.6921 2.5651 
4.2954 5.1731 4.9151 4.5482 4.3212 4.1707 4.1332 4.0947 3.8046 3.6133 2.8240 3.9725 3.8291 3.8408 3.9250 3.7451 3.6312 3.6990 3.8279 3.7113 3.6252 3.7273 2.5104 3.2161 3.3665 3.5343 3.5089 3.4557 3.4840 3.5447 3.7263 3.6221 2.4178 
4.0913 4.9192 4.0284 4.3322 3.9042 3.8958 3.8180 4.1173 3.9059 3.3736 3.7937 3.8743 3.7196 3.6288 3.8604 3.1983 3.4183 3.1531 3.7678 3.4695 3.4838 3.6152 3.4659 2.9818 3.4586 3.5673 3.1979 3.1798 3.0794 3.3623 2.8597 3.3794 1.4209 
4.4488 4.9252 4.9162 4.1970 3.6486 3.0186 4.0237 4.2254 4.1712 3.7708 3.5412 3.2185 2.6919 3.2136 3.7339 3.3348 2.9021 3.2663 3.6140 3.0704 2.4570 2.9730 3.2177 3.3893 3.7325 3.7196 3.4037 2.3019 2.7949 3.1862 3.7349 3.4025 2.2828 
3.6044 5.0419 4.9540 4.5863 4.4719 4.2697 4.2379 4.1689 3.6983 3.6467 3.5299 3.7373 3.3499 3.3328 3.8454 3.6692 3.6364 3.6045 3.7557 3.1542 3.1166 3.4549 3.2065 3.2457 3.2184 3.6432 3.6338 3.5546 3.6261 3.5886 3.7627 3.4991 1.9410 
3.7189 4.8057 4.4857 4.4092 3.8796 3.6002 3.2824 4.2575 3.7188 3.3500 3.8491 3.0435 3.4352 3.6399 3.0812 3.1527 3.1194 3.1034 3.0012 3.4768 3.2185 2.7703 3.5180 2.9559 3.2304 3.7473 2.6798 2.8799 3.0572 3.4059 3.3117 3.2180 2.1042 
4.2789 5.0164 5.0176 4.4673 3.4030 3.5777 3.9688 4.2934 3.3458 3.7462 3.9898 3.4542 3.3899 3.3911 3.3273 3.3415 3.2282 3.2750 3.2008 3.2182 3.1584 3.1736 3.6726 3.3665 2.8383 3.7721 3.3728 2.8707 2.5377 3.4560 3.8210 3.4842 1.6017 
4.4198 5.0015 4.8963 4.5485 4.2658 4.1084 3.3827 4.1792 3.9927 3.9344 3.8764 3.2142 3.5499 3.6185 3.3766 3.4752 3.4775 3.4293 3.2584 3.4613 3.3700 2.9779 3.5512 3.5432 3.5190 3.6572 2.7452 3.3904 3.4381 3.5411 3.7181 3.4603 2.5007 
4.7126 5.1961 4.8765 4.7535 4.4669 4.2183 4.1058 4.2441 4.2572 4.0526 3.7782 3.5720 3.7181 3.7373 3.6538 3.5745 3.5032 3.5192 3.5318 3.5583 3.4824 3.3291 3.4484 3.6538 3.8102 3.7384 3.4708 3.4986 3.6118 3.7584 3.6767 3.6584 2.6554 
4.5919 5.1598 4.8624 4.6605 4.0930 3.7547 3.4017 4.0278 3.7872 3.4269 3.6188 3.4065 2.8165 2.9498 2.7892 2.8210 3.0161 2.7759 2.6919 2.7773 2.6386 3.1301 3.3043 3.0474 3.3466 3.4811 2.7736 3.0307 3.2235 3.6937 3.6711 3.5936 2.3234 
4.6418 4.4369 4.8602 4.6310 3.9361 3.4998 3.5989 4.1906 3.7620 3.8440 3.8758 3.1559 3.2591 2.6922 3.0777 2.8833 2.1605 2.8200 2.9987 2.5340 3.0526 2.8943 3.5493 3.4593 3.3042 3.6723 3.0091 2.7899 3.0955 3.6548 3.6816 2.8214 2.4555 
4.7874 4.7957 4.9130 4.6519 4.0467 2.9303 4.0656 4.2765 4.0233 3.7018 3.7405 2.8568 3.3269 3.3025 3.1401 2.7274 2.8366 2.6802 3.0473 3.1340 3.0995 2.6237 3.4090 3.2973 3.5464 3.7608 3.4317 2.2201 3.1808 3.6788 3.7382 3.2016 2.5327 
4.3212 4.5698 5.0814 4.6321 3.9660 3.9204 4.4293 4.1148 3.7345 3.8674 3.6830 3.6318 3.3566 3.0333 3.4276 3.0272 2.8689 2.9791 3.3429 2.8597 3.1222 3.3779 3.3647 3.4790 3.2677 3.5608 3.7913 3.2031 3.1216 3.6499 3.8737 3.0640 2.0940 
4.8724 5.0295 4.9287 4.6650 4.4582 4.2134 4.1050 3.8792 3.7989 3.6369 3.3628 3.4195 3.3637 3.0215 2.8073 2.1360 2.4962 2.0451 2.7060 2.8392 3.1315 3.1513 3.0331 3.2451 3.3645 3.3753 3.4699 3.4909 3.5941 3.7017 3.7411 3.4961 2.6568 
4.4601 4.4581 4.6371 4.3999 4.3094 4.1537 4.2271 3.9621 3.7592 3.1539 3.6163 3.7370 3.7026 3.6156 3.5821 3.5512 3.5856 3.5070 3.4812 3.4602 3.4712 3.4563 3.3014 2.7718 3.3042 3.4303 3.6134 3.4366 3.4769 3.4013 3.4522 2.8498 2.0339 
4.9401 5.1779 4.6481 4.2336 4.1620 4.1508 4.1980 4.1415 4.0561 4.0033 3.9363 3.5815 3.2568 2.3638 3.0535 3.2504 3.2694 3.1917 2.9642 2.1858 3.0508 3.3373 3.6177 3.6083 3.5752 3.6035 3.5775 3.4340 3.3444 3.2441 3.4409 3.6220 2.7286 
4.1633 4.7167 4.8886 4.0268 3.9762 3.7872 3.8362 4.1325 4.0496 4.1795 3.8367 3.7437 3.6454 3.4503 3.5357 3.4320 3.3940 3.3905 3.4449 3.3036 3.4313 3.4616 3.5073 3.7964 3.5694 3.5909 3.2276 3.0712 3.1418 3.0614 3.7116 3.1891 2.1349 
4.7054 4.8848 4.7988 4.1986 3.9962 3.8616 4.0131 3.8331 3.3716 3.7223 3.0665 3.3361 3.0917 3.0445 3.1648 3.0121 2.9778 2.9553 3.0755 2.8786 2.8805 3.0561 2.7363 3.3270 2.8911 3.3204 3.3942 3.1388 3.1462 3.2086 3.5643 3.3758 2.5380 
5.2726 4.9351 4.7137 4.5391 4.3000 4.2436 4.0707 4.1309 4.0196 3.8384 3.9132 3.8725 3.8175 3.6953 3.6234 3.6009 3.5151 3.5415 3.5133 3.5147 3.6086 3.6125 3.5940 3.4533 3.5425 3.5868 3.4348 3.5255 3.4671 3.5413 3.5081 3.3883 3.0430 
3.5714 4.9107 4.7774 4.2352 3.2652 3.8319 4.2882 4.0423 3.3848 3.6034 3.5018 3.0681 3.2239 2.9332 2.8870 2.9705 2.8725 2.9044 2.7827 2.7662 3.0312 2.7947 3.1672 3.2098 2.9188 3.4883 3.6953 3.1225 2.4172 3.2446 3.5468 3.3908 -0.3799 
3.9613 4.3908 4.6713 4.1529 3.0761 3.0776 4.0929 3.3244 2.6755 4.0124 3.2553 3.1105 3.0071 3.1065 1.9442 2.6040 2.4068 2.5418 1.8477 2.9752 2.7788 2.8413 2.9383 3.6178 2.2184 2.7664 3.4539 2.3531 2.2756 3.1531 3.4797 2.7751 0.6405 
4.6460 4.5572 4.7634 3.9175 4.1451 3.9997 4.3582 3.1512 3.1559 3.4651 2.9490 3.0834 2.9456 3.0752 3.0964 3.0326 3.1003 2.9928 3.0135 2.9259 2.7282 2.8089 2.6372 3.0805 2.7128 2.6433 3.7482 3.2925 3.3204 2.9121 3.5305 3.0140 2.2856 
4.2697 4.4979 4.6868 4.1894 3.5765 3.6652 4.2372 3.1300 3.3224 3.8569 3.0409 2.6711 2.6626 2.6480 2.0779 1.7236 1.6360 1.6770 2.0020 2.4557 2.4304 2.3785 2.7007 3.4693 2.8542 2.6487 3.6345 2.9543 2.7303 3.1807 3.4845 2.9861 2.0686 
4.4219 4.1827 4.5277 4.1954 3.0885 3.6444 4.1577 2.6801 3.2622 2.8610 3.0754 2.6096 2.2941 2.3476 2.4500 1.9422 1.7754 1.9023 2.3554 2.1944 2.0634 2.3386 2.7466 2.4774 2.7932 2.1952 3.5267 2.9344 2.2684 3.1919 3.3596 2.6542 2.2668 
2.8044 4.3048 4.2300 4.0675 3.6875 3.9692 4.1750 3.5904 3.1479 2.7785 3.1419 2.9875 2.9453 3.1039 2.3718 2.3260 2.3453 2.2873 2.2905 2.9659 2.7225 2.7015 2.8045 2.3922 2.6918 3.0579 3.5488 3.2541 2.8231 3.0545 3.0514 2.7562 0.2927 
4.0833 4.3667 4.3008 3.6032 3.6426 3.7801 3.0292 3.4553 3.2288 3.4167 3.1216 3.1578 3.2799 3.2204 3.0894 3.0512 3.0697 3.0124 3.0078 3.0723 3.0687 2.9032 2.7934 3.0357 2.7713 2.9287 2.4113 3.0606 2.7937 2.6615 3.1030 2.8154 1.8718 
4.6867 4.5334 4.2312 4.1842 3.9917 3.5602 3.9889 3.5544 3.5028 3.7199 3.2941 3.2078 3.1912 3.3813 3.3406 3.2644 3.2515 3.2036 3.2124 3.2044 3.0130 2.9640 2.9787 3.3225 3.0569 3.0415 3.3811 2.8565 3.1507 3.1905 3.0476 3.0084 2.4509 
4.7728 4.4761 3.8868 4.0016 4.0054 3.9031 3.9742 3.7464 3.6071 3.3994 3.3853 3.2586 3.1717 3.2565 3.2441 3.2351 3.1582 3.1763 3.1401 3.1001 2.9967 3.0114 3.0532 3.0172 3.1477 3.1909 3.3734 3.1847 3.1548 3.0211 2.6994 2.8967 2.4858 
4.8873 4.6022 4.4554 4.3610 4.1513 4.0219 3.9390 3.7554 3.6321 3.4294 3.5037 3.3874 3.3887 3.3408 3.2121 3.1592 3.1553 3.1162 3.1137 3.1574 3.1581 3.1074 3.1708 3.0465 3.1600 3.2036 3.3448 3.3047 3.3251 3.3800 3.2400 3.0584 2.6659 
4.4425 4.5896 4.6074 4.5225 4.3343 4.1510 3.6933 3.3087 3.5576 3.6567 3.5977 3.4439 3.2993 3.2195 3.1708 3.1370 3.0966 3.0887 3.0802 3.0721 3.0803 3.1657 3.2807 3.2611 3.1085 2.7609 3.0583 3.4321 3.4923 3.5210 3.4255 3.0589 2.2972 
3.8335 4.5382 4.4165 3.9766 3.7656 3.7056 3.4170 2.4079 3.1222 3.0789 2.7399 2.8715 2.7182 2.4353 2.4701 2.3196 1.9725 2.2805 2.3761 2.3010 2.5015 2.6333 2.4149 2.6934 2.6787 1.9059 2.7866 2.9868 2.9323 3.0025 3.1845 3.0240 1.7662 
3.3682 4.2619 3.7693 3.7327 3.7241 3.0958 3.3435 2.4080 2.6684 2.7237 2.8695 2.4473 2.2115 2.2827 2.5000 2.4873 2.5505 2.4379 2.4035 2.0945 2.0063 2.1862 2.5515 2.3485 2.1946 1.9320 2.7052 2.3862 2.8532 2.7389 2.5347 2.7460 1.0265 
3.0579 4.0634 3.2984 3.3836 3.3997 2.7270 3.3129 2.5983 2.8841 3.0015 2.7239 2.9996 2.6453 2.6517 2.5434 2.4648 2.2924 2.4188 2.4342 2.4679 2.4083 2.7129 2.3937 2.6093 2.4244 2.0467 2.6901 1.9959 2.5687 2.3710 2.1323 2.5010 0.9555 
4.1317 4.1783 3.7356 3.0842 3.2039 3.2650 3.2554 3.0398 3.0385 2.9717 2.7822 2.8545 2.8925 2.7951 2.7520 2.6920 2.7012 2.6529 2.6658 2.6610 2.6904 2.6131 2.4518 2.5731 2.5818 2.4903 2.6554 2.5519 2.3704 2.1002 2.5182 2.6521 1.9355 
4.2375 3.9302 3.3733 3.4812 3.4183 2.9461 2.7564 2.6755 2.7355 2.7973 2.6001 2.5602 2.5198 2.5235 2.6087 2.3427 2.4120 2.3027 2.4804 2.3720 2.3221 2.3040 2.2824 2.4144 2.2978 2.1216 2.1339 2.2185 2.5880 2.4902 2.1743 2.3758 2.0393 
4.1579 3.6264 3.2474 2.9453 1.9323 2.7434 2.1899 2.2906 2.4134 2.2773 2.3595 2.1511 1.5628 1.5952 1.9575 1.8831 0.3739 1.8157 1.8532 1.4227 1.3316 1.9077 2.0316 1.8795 1.9677 1.7309 1.5796 2.0270 1.0785 1.9528 2.0530 2.0479 1.9523 
3.8648 2.8567 2.4703 2.0756 2.2275 2.4681 2.4279 1.3428 2.2638 1.6304 1.8742 1.7054 1.8277 1.7757 1.0325 1.6262 1.4583 1.5861 0.9377 1.6315 1.6219 1.4388 1.5569 1.2450 1.7839 0.8465 1.8113 1.7490 1.3689 1.1282 1.3010 1.3022 1.6306 
3.5422 3.2268 2.9775 2.4791 1.5799 1.6932 1.9764 2.0355 0.9173 1.8301 1.8956 2.2382 1.6774 1.4573 1.1821 1.4410 0.2542 1.3818 1.0605 1.2991 1.4683 1.9674 1.5752 1.4372 0.4738 1.5176 1.3456 0.9670 0.6765 1.4931 1.7476 1.6996 1.3410 
3.1079 2.6722 2.7024 2.2082 2.3811 2.3429 2.0971 1.5513 2.0543 2.1247 2.2072 2.3151 1.8829 1.7993 2.0598 1.6970 1.9532 1.6503 1.9678 1.6535 1.6519 2.0361 1.8965 1.7373 1.6144 0.9911 1.5068 1.6278 1.5776 1.2054 1.5087 1.2111 0.8486 
3.3902 2.4589 2.4119 1.7558 2.3302 2.2956 2.0001 2.1888 1.9920 1.7383 1.2768 1.2226 1.2405 1.5006 1.8512 1.8679 1.5921 1.8044 1.7299 1.3378 1.0121 0.9354 0.9456 1.3571 1.5530 1.6554 1.3802 1.5795 1.4919 0.7863 1.2353 0.8333 1.1112 
3.4771 2.9406 2.3996 1.6034 2.2053 1.7844 1.6293 2.3065 2.0327 1.6071 1.7484 2.0810 2.0763 1.7382 1.6769 1.6515 1.2490 1.6060 1.5864 1.6027 1.8911 1.8274 1.4252 1.2221 1.5906 1.7530 1.0053 1.0733 1.3566 0.6515 1.2261 1.3279 1.2083 
3.3249 2.8500 2.2513 2.3758 1.6966 1.6966 2.0988 1.7652 1.8740 1.9739 1.7307 1.0435 1.5642 1.5637 1.5677 1.5772 1.4885 1.5251 1.4420 1.3767 1.3288 0.8080 1.4111 1.5908 1.3971 1.2430 1.5044 0.9734 0.8693 1.3748 1.0398 1.2915 1.0968 
3.4164 2.8104 2.3441 2.2827 1.7624 2.3018 2.2288 2.1273 2.2330 2.1014 2.0503 2.1457 1.6976 1.5983 1.6731 1.3230 1.2316 1.2771 1.5870 1.4285 1.4970 1.9036 1.7196 1.7159 1.7535 1.6095 1.6060 1.5869 0.9197 1.2786 1.1498 1.2513 1.2067 
3.4719 2.8010 2.4123 2.3809 2.0299 2.2361 2.0035 1.9827 1.9526 1.8387 2.0214 1.5360 1.5658 1.9003 1.3116 1.5379 1.1416 1.4713 1.2286 1.7179 1.3354 1.2567 1.6963 1.4397 1.4936 1.4398 1.3748 1.5155 1.2196 1.3818 1.2311 1.2362 1.2523 
3.2514 2.7924 1.9445 2.1280 1.5802 1.9533 1.6791 1.7005 1.7629 1.1911 1.4496 1.2811 1.7153 0.9642 1.3681 1.3966 1.6333 1.3513 1.2764 0.8248 1.5286 1.0092 1.1282 0.7920 1.3130 1.1933 1.0493 1.2317 0.7425 1.1729 0.7425 1.2347 1.0030 
3.0310 2.5277 2.6990 2.6099 1.7612 2.3958 2.0783 1.9760 1.7330 1.9269 2.0982 1.7499 1.6190 1.1046 1.4273 1.9436 1.3559 1.8969 1.3276 0.9441 1.3979 1.5017 1.7784 1.5416 1.2910 1.4380 1.4670 1.6790 0.9234 1.6106 1.5114 0.9557 0.8033 
3.4746 2.5907 2.6450 1.8970 2.0745 1.9350 1.7444 1.7934 1.9113 1.7749 1.3301 1.9353 1.7192 1.9061 1.7323 1.3825 0.6151 1.3393 1.6415 1.7208 1.5375 1.6517 0.9989 1.3832 1.4259 1.2683 1.1429 1.2174 1.2481 0.8896 1.4106 0.9348 1.2419 
3.1802 2.7980 2.3018 2.3612 1.6109 2.1311 2.4789 2.2384 2.0779 2.1988 1.7583 1.6886 1.1976 1.8674 1.8098 1.7891 1.8878 1.7329 1.7040 1.6998 0.9613 1.4189 1.4375 1.8059 1.6306 1.6882 1.8854 1.4163 0.7597 1.3605 1.0573 1.2410 0.9156 
3.5871 2.9940 2.6394 2.3365 2.1357 2.4331 2.5411 1.0687 2.0551 1.2838 1.5928 1.9428 0.8102 1.8491 1.8576 1.8057 1.8594 1.7460 1.7341 1.6856 0.5648 1.6603 1.2637 0.8968 1.6082 0.5399 1.9373 1.7160 1.3102 1.3408 1.4067 1.3747 1.3535 
3.0042 1.9625 1.5428 1.9920 1.8728 2.2103 1.2802 1.1298 1.3652 1.9946 1.4478 1.8217 1.8001 1.2660 1.7140 1.8014 1.0165 1.7430 1.6207 1.1180 1.5997 1.5766 1.1382 1.6091 0.9222 0.6042 0.6652 1.4894 1.0180 0.9990 0.2907 0.4113 0.7388 
3.4023 2.6237 2.4013 1.9805 2.2820 2.2546 2.0528 2.2223 1.9275 1.4071 1.4713 1.8640 2.1078 1.9314 1.7259 1.7800 1.5599 1.7235 1.6377 1.7468 1.9289 1.5998 1.1533 1.0171 1.4470 1.6779 1.4338 1.5353 1.4130 0.9734 1.2099 0.9716 1.1472 
3.1387 1.9357 2.5660 2.4474 2.1331 2.3163 2.3288 1.4562 1.4734 1.6827 1.9040 1.7138 1.8348 1.3349 1.4523 1.3692 1.2374 1.3267 1.3472 1.2027 1.6248 1.4516 1.5768 1.3012 1.0016 0.9186 1.6988 1.6019 1.3021 1.4737 1.3532 0.3119 0.8907 
