2.1465 1.9404 1.7773 1.4099 1.6632 1.7344 0.6636 1.2261 1.5483 1.0889 1.1834 1.0588 0.2725 0.6514 1.2569 0.6043 0.8199 0.5349 1.1359 0.4983 0.0470 0.7929 0.8758 0.7146 1.1035 0.7072 0.0472 1.0387 0.8349 0.4548 0.6313 0.4175 -0.0171 
2.1312 1.8958 1.4963 1.1114 0.0453 1.2838 1.1997 1.2056 1.4474 1.0390 0.5951 1.0204 0.8817 0.7742 0.6699 0.6817 0.4836 0.6398 0.5836 0.6440 0.6787 0.7560 0.2789 0.6667 1.0134 0.6906 0.6204 0.5923 -0.7596 0.1723 0.3391 0.4084 0.0171 
1.0377 1.6651 1.5154 0.1706 1.0644 0.6716 1.3934 1.1096 0.7786 1.1082 1.3031 1.3592 1.3616 1.4347 1.0685 1.0062 0.5682 0.9681 0.9832 1.3089 1.1473 1.0935 0.9809 0.7389 0.3521 0.6180 0.7870 -0.0058 0.2771 -0.7989 0.3510 0.1714 -1.0160 
2.1073 1.0826 0.8686 1.3974 0.8018 1.0689 1.4358 1.0394 0.0652 0.5115 1.0969 0.8198 0.9943 0.1327 1.0719 0.7682 0.4506 0.7274 0.9871 -0.0203 0.7713 0.5854 0.7759 0.1367 -0.3656 0.5252 0.8396 0.3738 -0.0032 0.4311 -0.2793 -0.4151 -0.0459 
1.7138 1.8017 1.4395 1.5091 1.2475 1.4745 1.3317 1.4155 0.5406 1.4760 1.0873 1.3665 1.1747 1.1981 0.7414 1.2980 0.8025 1.2335 0.6495 1.0484 0.9871 1.1026 0.7670 1.1054 0.0854 0.9173 0.7141 0.7817 0.4140 0.5754 0.3013 0.3067 -0.5111 
1.9786 1.6964 0.9416 1.0179 1.1656 0.8146 0.6422 1.2013 0.9604 0.8271 0.6748 1.0651 0.7447 0.7355 1.0384 0.7711 0.4814 0.7292 0.9605 0.6111 0.5550 0.8035 0.3569 0.4476 0.4966 0.6860 0.0395 0.1172 0.3585 0.0575 -0.2639 0.1780 -0.2279 
1.4786 1.5279 1.1787 1.3485 1.0961 1.3604 0.9642 0.9473 0.9925 0.9764 0.8248 0.7179 0.6378 1.2689 1.2471 1.1511 0.7754 1.1048 1.1287 1.1020 0.4153 0.4565 0.5161 0.6081 0.5493 0.4101 0.3478 0.6682 0.2909 0.3880 0.0139 0.0456 -0.6132 
2.0511 1.7715 1.7941 1.5727 1.0268 1.0096 1.1758 0.8031 1.0824 0.7674 0.9898 1.2597 1.0818 1.0726 1.0710 0.9959 0.2776 0.9590 0.9866 0.9461 0.8923 0.9978 0.6720 0.4007 0.6528 0.3028 0.6023 0.3176 0.2211 0.6285 0.6459 0.3151 -0.0692 
1.0502 2.0332 0.7152 1.6692 1.6635 1.6685 1.2149 1.2286 -0.3570 1.5347 1.5395 1.2518 0.7247 1.0067 1.3267 1.1269 1.5064 1.0874 1.2164 0.8536 0.5244 0.9933 1.2336 1.1565 -0.9129 0.7095 0.6276 0.9746 0.8291 0.6955 -0.6651 0.5308 -1.1540 
1.7669 2.0168 1.4857 0.9757 1.1178 0.9860 1.5857 1.5673 1.3164 1.3100 0.9334 0.3301 0.8607 1.1800 1.3382 0.8943 1.2567 0.8334 1.2340 1.0369 0.6609 0.0676 0.6206 0.9295 0.8557 1.0478 0.9922 0.2919 0.3278 -0.0145 0.3112 0.5373 -0.3943 
2.1293 2.0430 1.2639 1.4390 1.6792 1.6220 1.2918 1.2522 1.2251 1.5768 1.3442 1.5174 1.2250 1.3884 0.7984 1.0224 1.1019 0.9836 0.7010 1.2481 1.0205 1.2842 1.0247 1.1946 0.7725 0.7205 0.6794 0.9254 0.8617 0.4927 0.0588 0.5419 -0.0309 
2.0988 2.4984 2.4249 2.3115 1.6986 2.2214 2.5382 2.7037 2.7742 2.7150 2.5182 2.2406 1.7466 1.0696 1.4333 0.5858 1.2944 0.5135 1.3455 0.9465 1.5413 2.0042 2.2078 2.3474 2.3525 2.1592 1.9639 1.5334 0.8786 1.3457 1.2789 1.0238 0.0381 
1.2833 2.8980 2.5460 2.3619 2.2651 2.1221 2.0052 1.7764 1.7290 1.7739 2.0420 1.6311 1.5430 1.5782 1.5201 1.4584 0.9782 1.4172 1.4220 1.4204 1.3497 1.3586 1.7223 1.4004 1.3071 1.2806 1.3855 1.4269 1.4466 1.3876 1.3922 1.4142 -0.6099 
2.4662 4.2545 4.0180 3.4714 3.2997 3.1487 3.1921 3.1902 2.7318 2.7784 2.8468 2.8094 2.6166 2.5295 2.6436 2.6067 2.5366 2.5475 2.5238 2.3960 2.4113 2.5483 2.5318 2.4084 2.2850 2.6995 2.6035 2.4549 2.4836 2.5007 2.8407 2.7780 1.0522 
3.4532 3.9640 3.7064 3.4409 3.2451 3.1542 3.0961 2.8926 2.7261 2.6200 2.5709 2.6818 2.6427 2.4266 2.5480 2.4648 2.4079 2.4187 2.4539 2.2854 2.4315 2.4088 2.2652 2.2351 2.2780 2.3910 2.4911 2.4627 2.4464 2.4881 2.5406 2.4606 1.5963 
3.1159 4.1904 3.9621 3.6336 3.4751 3.3896 3.2369 3.2128 3.0770 3.1277 3.0219 2.9441 2.9460 2.8493 2.8366 2.8093 2.7912 2.7646 2.7464 2.7224 2.7477 2.7051 2.7075 2.7558 2.6348 2.7210 2.6618 2.6959 2.6889 2.6997 2.7976 2.7182 0.4772 
4.3634 4.1715 3.7916 3.5002 3.1668 3.0643 2.8451 2.8423 2.4867 2.1485 2.4157 2.4966 2.5214 2.4112 2.4125 2.4043 2.2979 2.3655 2.3288 2.2602 2.3498 2.2441 2.0954 1.7713 2.0517 2.3512 2.2535 2.3676 2.3687 2.5279 2.6296 2.6959 2.2522 
4.1715 4.2691 3.3928 3.1905 3.0002 2.8235 2.6395 2.7358 2.4751 2.5488 2.5223 2.4717 2.3570 2.3927 2.3495 2.2925 2.2276 2.2307 2.2254 2.2328 2.1339 2.2127 2.2117 2.1701 2.0434 2.2058 2.0381 2.1277 2.1640 2.2217 2.2074 2.7825 2.0605 
3.6640 3.9692 3.3306 2.8560 2.7100 2.5806 2.3920 2.1710 2.2812 2.2762 2.1155 2.0845 2.1771 2.0660 2.0802 1.9756 1.8296 1.9126 2.0024 1.9175 2.0045 1.8160 1.7997 1.8938 1.8193 1.6770 1.7819 1.8820 1.8713 1.8980 2.1281 2.4921 1.3290 
4.0077 4.1567 3.7758 3.4280 3.3844 3.2626 3.1607 3.1294 3.0240 2.9544 2.9145 2.8873 2.8336 2.8019 2.7542 2.7253 2.7131 2.6860 2.6679 2.6719 2.6457 2.6513 2.6078 2.5732 2.5572 2.6201 2.5602 2.5683 2.5447 2.4598 2.5939 2.6750 1.7107 
4.0439 4.3120 4.0682 3.4862 3.2999 3.1940 3.1503 3.1766 3.0110 2.8966 2.8540 2.8198 2.8296 2.7987 2.7800 2.7288 2.7218 2.6922 2.7010 2.6673 2.6407 2.5609 2.5438 2.5177 2.5451 2.6852 2.5464 2.4985 2.4824 2.5077 2.8710 2.8231 2.0309 
4.1355 4.3991 3.5799 3.1405 2.6143 2.5709 2.4308 2.1261 2.4663 2.2676 2.1554 2.0585 1.9336 2.0714 2.0528 2.0832 2.0081 2.0408 1.9601 1.9230 1.7236 1.7944 1.8437 1.8878 2.0342 1.6430 1.8308 1.8725 1.7945 2.1826 2.3882 2.8804 2.1361 
4.0983 3.9014 3.4934 3.5333 3.1400 3.0308 2.8473 2.7372 2.7071 2.7290 2.6668 2.5673 2.5592 2.5491 2.4867 2.4667 2.4732 2.4217 2.3974 2.4100 2.3760 2.3362 2.3567 2.3622 2.2546 2.2128 2.2674 2.3461 2.3593 2.5949 2.3752 2.3887 1.7721 
4.6101 4.5130 4.0129 3.8202 3.4525 3.0485 2.4444 2.1395 2.8785 2.9966 2.8445 2.5148 2.5243 2.3113 2.3105 2.3085 2.2263 2.2456 2.1896 2.1437 2.3521 2.2725 2.5260 2.6132 2.4451 1.6418 1.8365 2.3511 2.6470 2.8485 2.8406 3.0309 2.4711 
4.1751 4.4486 3.3913 3.6677 2.7602 1.3826 1.9582 2.4624 2.0361 2.1464 2.7269 2.8202 1.8159 2.4197 1.6526 1.1147 0.4786 1.1322 1.5538 2.2714 1.6543 2.5561 2.4093 1.7566 1.5528 1.9672 1.3339 0.7181 1.9216 2.7150 2.1328 2.9412 2.0873 
4.3502 4.0233 3.7970 2.7177 2.4025 1.7157 2.5018 2.9108 2.8607 2.1037 2.8629 2.9619 2.7154 2.6281 2.7805 2.3581 0.3128 2.3076 2.7020 2.4687 2.4951 2.7151 2.5506 1.7340 2.4269 2.4010 1.8994 0.9157 1.5932 1.7757 2.6492 2.4932 2.1032 
4.0913 4.3020 3.3902 2.8865 3.2544 3.1716 3.1077 3.1449 2.4696 2.8383 2.6798 3.1494 2.7741 2.8684 2.7717 2.4305 2.5687 2.3877 2.6943 2.7361 2.5662 2.8870 2.3640 2.4632 2.0366 2.6409 2.4980 2.4750 2.4441 1.9504 2.1573 2.8042 1.8052 
3.8916 4.4884 4.3976 3.8702 3.6606 3.5681 3.4852 3.3529 3.1446 3.2889 3.2409 3.0403 3.0171 3.0516 3.0749 2.9889 2.9261 2.9269 2.9716 2.8735 2.7963 2.7623 2.9324 2.9081 2.7184 2.8189 2.8787 2.8733 2.8412 2.9034 3.2089 3.0161 1.9571 
3.5465 4.4087 3.6422 3.6751 3.2214 2.9720 2.9871 3.1170 2.3015 2.1447 2.4588 2.6657 2.3931 2.2501 2.2482 2.1271 1.9072 2.0762 2.1399 2.1017 2.1712 2.3970 2.1511 1.7703 1.8567 2.6001 2.3925 2.2920 2.4293 2.7364 2.4977 2.8797 1.8585 
3.9677 3.8850 3.8733 2.7774 2.9186 2.7024 2.6973 2.1801 2.8503 2.2846 2.6233 2.6980 2.4365 2.4611 2.5030 2.5020 2.3518 2.4610 2.4187 2.3362 2.2378 2.4245 2.3160 1.9046 2.4205 1.7011 2.0830 2.0103 2.1200 1.8883 2.7291 2.4000 1.8063 
4.5850 4.5086 4.1996 4.1807 3.9717 3.8479 3.7484 3.6989 3.6746 3.5006 3.1919 3.3720 3.3415 3.3083 3.3602 3.3193 3.2544 3.2587 3.2378 3.1526 3.1285 3.1011 2.8740 3.1272 3.2135 3.1679 3.1315 3.1538 3.1611 3.2178 3.0582 3.0289 2.4117 
3.0355 4.4534 4.2530 3.7023 2.8720 2.1168 3.0414 3.5301 3.4592 2.8595 3.3841 3.1621 2.5969 2.7263 2.3554 2.1168 2.1629 2.0665 2.2433 2.5564 2.4025 2.9001 3.0633 2.4959 3.0365 3.0419 2.4243 1.4253 2.0832 2.7371 3.1032 2.9631 0.9857 
4.2500 3.2480 3.7933 3.2864 2.9394 2.2252 2.7854 2.5740 3.2964 3.4103 3.3245 2.9501 2.9105 2.1391 1.7203 2.5062 2.6226 2.4671 1.6513 2.0061 2.7238 2.7085 3.0198 3.0443 2.8470 2.0632 2.1714 1.5057 2.1432 2.3585 2.6407 1.5624 2.0535 
3.7770 4.1416 4.0981 3.6785 3.4221 3.2308 3.2579 3.2320 3.1850 3.1321 2.8488 2.8000 2.8394 2.9948 2.7859 2.7830 2.7852 2.7408 2.7065 2.8299 2.6567 2.5374 2.5293 2.7609 2.7502 2.7344 2.6877 2.5371 2.6065 2.7221 2.9183 2.6754 1.5703 
3.7474 4.2675 4.2154 4.0555 3.3969 3.3577 3.2174 3.6429 3.2477 3.2422 3.5900 3.2017 3.0361 3.2073 3.0535 2.8421 2.8563 2.7956 2.9341 3.0781 2.8119 2.9560 3.2822 2.8684 2.8048 3.1266 2.6480 2.6607 2.5610 3.0882 3.0702 2.7957 1.7181 
4.4638 4.1953 3.7045 3.7530 3.3998 3.0746 3.4348 3.1613 2.8177 3.0478 3.2609 2.8543 2.9551 2.7458 2.9090 2.8418 2.8743 2.7955 2.8136 2.5858 2.7555 2.6103 2.9546 2.6720 2.3854 2.6708 2.8280 2.3838 2.5797 2.7831 2.5317 2.6960 2.2495 
4.5180 4.5131 3.9874 3.8240 3.7708 3.7330 3.6014 3.2445 3.0773 3.0100 3.0313 2.9281 2.8409 2.6576 2.3760 2.0714 1.7651 2.0295 2.2679 2.4899 2.6538 2.6955 2.7121 2.6251 2.6333 2.7390 3.0273 3.0387 2.9516 2.8544 2.8284 3.0331 2.3723 
3.9560 3.9692 4.1621 2.7497 3.1011 3.0709 3.4555 2.8341 3.1142 3.1475 3.1984 3.1690 2.8473 1.6621 2.6733 2.5475 2.5856 2.4980 2.5493 1.4479 2.6680 2.9092 2.8871 2.7794 2.6963 2.3550 2.8444 2.3827 2.2929 1.8007 3.0227 2.4903 1.8940 
4.1367 4.4921 4.0903 3.7708 3.5976 3.4288 3.6127 3.4573 3.3975 3.2891 3.1590 3.1711 3.1797 3.1248 3.0976 3.0710 3.0661 3.0305 3.0086 2.9836 2.9916 2.9125 2.8431 2.9078 2.9345 2.9399 3.0417 2.7382 2.7932 2.8040 2.8941 3.0156 1.8887 
3.6100 4.2332 4.0777 3.4477 3.1483 3.3432 3.3897 3.0437 2.9737 2.7399 2.7384 2.8515 2.7009 2.6748 2.6788 2.6387 2.6222 2.5772 2.5544 2.4987 2.4749 2.6120 2.4157 2.3722 2.5113 2.4976 2.7682 2.6563 2.3622 2.4615 2.8919 2.7593 1.4991 
3.5687 3.9683 3.8097 3.5411 3.3442 3.3462 3.1243 2.9505 2.9422 2.8584 2.8476 2.8148 2.7630 2.7197 2.7159 2.6980 2.6559 2.6366 2.6054 2.5500 2.5521 2.5551 2.5342 2.4911 2.4952 2.4323 2.5138 2.6529 2.5125 2.5909 2.6706 2.4918 1.4647 
3.7907 3.8722 3.2301 3.1997 3.1093 2.9694 2.6920 2.7066 2.5233 2.4880 2.5723 2.5269 2.4201 2.4155 2.3155 2.3135 2.3222 2.2504 2.1932 2.2680 2.2099 2.2886 2.2659 2.1129 2.0890 2.1619 2.0717 2.2719 2.3103 2.2580 2.0747 2.3999 1.7023 
3.7703 3.4310 2.7780 2.8204 2.3695 2.1091 1.4050 2.1052 2.0239 2.1143 2.0432 2.1513 1.8437 1.8913 1.9823 1.8012 1.7141 1.7560 1.8579 1.7417 1.6704 1.9020 1.7263 1.7394 1.5757 1.6055 0.7879 1.4116 1.5371 1.8602 1.6482 1.9521 1.6561 
3.5412 3.4332 2.7452 2.7330 2.5704 2.1441 2.1600 1.4884 2.0087 1.9998 1.6602 1.8338 2.0410 1.7115 1.4572 1.2413 0.5833 1.1797 1.3690 1.5583 1.8195 1.5975 1.3366 1.6141 1.5487 0.9895 1.5805 1.4450 1.7608 1.7642 1.5685 1.9453 1.4519 
3.3262 3.1111 2.5554 2.3292 2.5071 2.1832 1.7071 1.6585 1.5371 2.1515 1.9914 1.8023 1.6496 1.6162 1.7323 1.5950 0.9186 1.5340 1.6546 1.4494 1.4211 1.5523 1.6690 1.7807 1.0872 1.1073 1.1040 1.4819 1.7099 1.3633 1.3970 1.6449 1.2166 
3.4188 3.1129 2.3103 1.5713 1.7160 1.6226 1.6940 1.4608 1.4316 1.2155 1.3006 1.4963 1.0201 0.9824 1.0427 0.9213 0.8090 0.8575 0.9635 0.8131 0.8075 1.2597 0.9795 0.8330 1.0002 0.9726 1.0878 0.9249 0.9189 0.6200 1.1078 1.6294 1.3088 
3.0533 2.8680 2.0904 2.0912 1.6439 1.7968 1.6715 1.2844 1.3933 1.5614 1.1051 0.6985 1.1442 0.4754 1.1318 1.1358 0.8655 1.0953 1.0389 0.3109 0.9703 0.4593 0.7947 1.1774 0.9680 0.7514 1.0544 1.0992 0.7874 1.1117 0.9663 1.3808 0.9729 
3.1880 2.8510 2.4193 1.9310 1.2747 0.7076 1.7468 1.5670 1.2160 1.1551 0.6668 1.4587 1.1305 0.6355 1.1282 1.1086 1.4811 1.0680 1.0426 0.4851 0.9555 1.2173 0.3732 0.7752 0.7565 1.0464 1.1463 0.0051 0.4141 0.9701 1.2745 1.3604 1.0599 
3.0708 2.7639 2.2216 1.8776 1.6114 1.7367 1.7326 0.9626 1.0721 0.9070 0.5690 1.1969 1.1309 0.8786 1.1099 1.1357 0.7426 1.0931 1.0266 0.7149 0.9632 0.9601 0.2474 0.5235 0.6397 0.4076 1.1175 1.0464 0.7639 0.9439 1.0615 1.2729 0.9585 
2.6144 2.6006 2.0081 1.8158 1.6817 1.3790 0.9577 0.3926 0.6309 -0.2726 1.2535 0.3872 1.2298 0.9652 1.0413 1.1867 1.1113 1.1300 0.9619 0.7838 1.0251 0.1055 0.9518 -0.6386 0.1851 -0.1042 0.3308 0.6824 0.8657 0.8826 0.8117 1.0938 0.4113 
2.9221 2.8066 2.1417 1.5077 1.5321 0.1418 1.6894 1.5962 1.5236 0.9053 0.9494 0.5757 1.4105 1.3185 0.4271 1.1939 0.9792 1.1354 0.3287 1.1412 1.2111 0.3208 0.6277 0.5234 1.0817 1.0671 1.0805 -0.4550 0.7197 0.5745 0.9784 1.3256 0.8049 
2.6948 2.7581 1.8064 1.1895 1.8048 0.6785 1.0226 1.4095 1.2207 0.8118 1.1881 1.4575 0.9516 1.1347 1.0580 0.4328 0.4239 0.3810 0.9748 1.0010 0.7276 1.2115 0.8862 0.4376 0.7624 0.9099 0.4136 -0.0117 1.0080 0.2326 0.6444 1.2749 0.5585 
2.4138 2.4027 1.7619 1.6269 1.5665 1.4687 1.2691 1.4695 0.7886 1.1756 1.5132 1.3212 0.6555 0.9768 1.1628 0.7760 1.1054 0.7344 1.0674 0.8038 0.4335 1.0447 1.2076 0.7898 0.3587 0.9802 0.6570 0.7737 0.7506 0.6624 0.6112 0.9097 0.2454 
2.6198 2.5159 2.2006 1.8830 1.5581 1.3505 1.3240 1.3830 1.0489 0.6812 0.7292 1.2708 1.1543 1.0406 1.3173 0.8524 1.5416 0.8035 1.1994 0.9053 0.9731 1.0066 0.4143 0.3031 0.6264 0.8688 0.7146 0.6529 0.7406 0.9480 1.0434 1.0269 0.4315 
2.4709 2.3407 2.0302 1.7632 1.5927 1.2994 1.5137 1.4153 0.9873 1.2598 1.3778 1.4044 1.2887 1.0202 1.4497 1.4154 0.1120 1.3701 1.3592 0.8774 1.0620 1.1406 1.0612 0.8788 0.5474 0.9127 0.9447 0.6097 0.7640 0.8019 0.8595 0.8106 0.3071 
2.1720 2.2018 1.7657 1.6730 1.4078 0.9915 1.4424 1.6016 1.2460 1.0837 0.6161 1.2672 1.1874 1.2962 0.8665 0.5028 1.3103 0.4355 0.7597 1.1129 0.9963 1.0037 0.2962 0.7059 0.7870 1.0717 0.8507 0.2926 0.6137 0.7064 0.6154 0.7098 -0.0029 
1.7879 1.6290 1.3117 1.5872 1.2889 0.9177 1.2876 1.3513 1.4368 1.0307 0.9779 0.9929 1.2005 0.9997 0.7601 1.1171 1.3034 1.0787 0.6690 0.8347 1.0060 0.7277 0.6546 0.6561 1.0046 0.8279 0.6742 0.2188 0.4431 0.6377 0.1407 0.1017 -0.3499 
1.3818 1.9971 1.7489 1.2417 1.4569 1.3080 0.9396 1.2716 1.3699 0.9721 1.1219 1.3475 0.5165 0.6750 0.9755 0.9207 0.9679 0.8605 0.8615 0.5266 0.3113 1.0814 0.8088 0.5990 0.9464 0.7413 0.3267 0.6115 0.6619 0.3087 0.6017 0.5087 -0.8481 
2.1921 1.8956 1.5471 1.6867 1.0603 1.3093 1.4962 1.5741 1.5682 1.3184 1.5366 1.3857 0.8166 0.9274 1.1646 1.1441 1.2581 1.1023 1.0674 0.7579 0.6289 1.1151 1.2306 0.9547 1.1100 1.0539 0.9268 0.6160 0.2649 0.7185 0.4025 0.4098 0.0638 
0.9165 1.9581 1.4094 1.6572 1.1783 1.3629 1.5028 0.8086 1.1864 1.3212 1.0882 1.0079 1.5468 1.0900 1.2120 0.7381 1.2574 0.6934 1.1054 0.9621 1.3510 0.7456 0.7630 0.9498 0.7406 0.3073 0.9240 0.6663 0.3788 0.6750 0.2716 0.4338 -1.2486 
2.6458 2.2239 1.8670 1.5748 1.4881 1.5130 1.3366 1.1567 1.0575 1.0392 0.4437 0.6786 1.3786 0.9013 1.0771 0.7761 0.6897 0.7327 0.9919 0.7383 1.1694 0.4159 0.1353 0.6700 0.6308 0.6544 0.7254 0.8149 0.6946 0.6268 0.7080 0.7096 0.4684 
2.3635 2.0432 1.6673 1.3483 0.6132 1.1008 1.6013 1.6818 1.1355 1.1761 1.4256 1.0532 1.5954 1.4383 1.1664 0.3584 0.4464 0.3150 1.0690 1.3108 1.3845 0.7912 1.1080 0.7925 0.7038 1.1453 1.0035 0.3998 -0.1818 0.3809 0.4917 0.5287 0.2151 
0.9625 1.8053 1.7858 1.2511 1.4906 1.4856 1.2711 1.3551 0.8985 1.0957 0.9473 1.1208 1.0798 0.8562 0.9527 1.0954 0.9505 1.0481 0.8239 0.7040 0.8854 0.8803 0.6296 0.7226 0.4419 0.8296 0.6607 0.7890 0.6888 0.2992 0.6482 0.3329 -0.9479 
2.0378 2.0526 1.3547 1.4157 1.3924 1.4437 1.7411 1.4975 1.1495 0.9512 1.0606 1.1711 1.3090 1.1596 0.5511 0.8917 1.0402 0.8340 0.4278 1.0195 1.0831 0.9394 0.7457 0.5734 0.7132 0.9962 1.1344 0.7527 0.6060 0.4605 0.1654 0.5609 -0.0850 
1.9705 1.3827 1.1831 1.1340 1.0637 1.3248 1.3934 0.7220 1.1938 1.1250 1.0231 1.2886 0.8217 0.6907 1.0638 0.8034 0.5662 0.7568 0.9808 0.5492 0.6350 1.0172 0.7063 0.7553 0.7502 0.2346 0.7847 0.6326 0.2728 0.1943 0.0464 -0.1641 -0.2637 
2.1796 2.1536 1.8826 1.2194 1.3940 1.5050 0.8307 0.8352 1.2930 0.9846 0.9166 1.0066 0.9789 0.6091 0.8784 0.9561 0.0696 0.8902 0.7643 0.4302 0.7566 0.7417 0.6130 0.6144 0.8262 0.3303 0.2552 0.8098 0.6121 0.2697 0.7181 0.6705 0.0010 
2.5316 2.1206 1.8304 1.4847 1.7186 1.1136 0.9624 1.6870 1.3086 1.3125 1.6108 0.7258 1.3417 1.7081 1.3559 1.3260 0.6446 1.2800 1.2621 1.5535 1.1217 0.4442 1.3056 0.9381 0.8364 1.1576 0.3390 0.4112 0.9222 0.5530 0.6795 0.6205 0.3670 
1.4015 1.1784 1.3108 1.4150 1.4690 1.4557 1.4564 1.1544 1.0080 1.0659 0.3933 0.3266 0.9598 0.9673 1.1631 1.3317 1.2021 1.2902 1.0688 0.7899 0.7336 0.0661 0.0677 0.6927 0.5760 0.6518 0.8690 0.7620 0.6743 0.4545 0.1316 -0.2919 -0.7373 
2.1711 2.0618 1.8705 1.5124 1.6254 1.2583 1.4913 1.3464 0.7427 0.7888 1.2767 1.3769 1.2764 1.3236 -1.1145 1.2223 0.8355 1.1633 -1.5749 1.1502 1.0570 1.1095 0.9661 0.4163 0.3077 0.8144 0.9161 0.5679 0.7890 0.5832 0.7080 0.5712 -0.0085 
2.1004 0.4215 1.3138 1.4285 1.0810 0.8769 -0.9354 0.9251 1.0966 0.9603 0.9138 0.1442 0.6479 1.3199 0.9010 1.1376 0.2665 1.0943 0.7863 1.1444 0.4382 -0.0960 0.6133 0.5719 0.6663 0.3893 -1.5457 0.1910 0.2915 0.4691 0.1208 -1.6270 -0.0565 
1.6696 1.7949 1.5375 0.1885 1.6344 1.1299 1.1459 1.4916 1.2423 1.0257 1.3113 1.2328 1.3661 1.0444 1.2854 1.2081 0.9433 1.1485 1.1630 0.9008 1.1527 0.9846 0.9872 0.6575 0.7824 0.9935 0.5785 0.4343 0.7980 -0.9425 0.3757 0.3056 -0.6252 
2.2922 2.0579 1.7723 1.5660 1.6670 1.6930 1.4524 1.2558 0.9857 1.1114 0.7954 0.7584 1.0422 1.0836 1.0796 0.7452 -1.9171 0.6971 0.9927 0.9590 0.8377 0.5113 0.4820 0.7440 0.5387 0.7256 0.8586 0.9987 0.8395 0.6258 0.6265 0.5569 0.0960 
2.1581 1.9001 1.7161 1.6493 1.1072 1.2009 0.4222 1.1284 1.2987 0.7121 1.2472 0.7987 1.3435 1.0221 1.5328 1.6621 1.3812 1.6060 1.4350 0.8737 1.1224 0.5625 0.9444 0.3439 0.8301 0.6369 -0.1418 0.5069 0.3039 0.6720 0.5652 0.3832 -0.0162 
2.3162 1.9543 1.4527 0.6302 1.6343 1.5095 1.1345 1.6050 1.5728 1.2891 1.2398 1.0913 0.8178 0.7488 0.9713 1.0120 0.3962 0.9739 0.8547 0.6219 0.6372 0.8347 0.9393 0.9038 1.1141 1.0756 0.5456 0.8106 0.7964 -0.2866 0.3061 0.4101 0.0649 
2.1321 1.1215 1.6644 1.0557 1.0892 1.6421 0.6470 1.7327 1.3390 0.5315 1.5010 1.1067 1.0675 1.3408 0.7208 0.2299 1.0873 0.1623 0.6404 1.1759 0.8752 0.8538 1.1940 0.1641 0.8909 1.2214 0.0649 0.9491 0.2986 0.0915 0.4755 -0.3266 -0.0403 
1.6548 1.6083 1.0615 0.5279 1.4541 1.2359 0.9177 1.3276 1.0149 0.9461 0.9228 0.8709 1.3330 0.9338 1.1234 0.9948 0.3421 0.9579 1.0362 0.7603 1.1098 0.6322 0.6161 0.5576 0.5854 0.7893 0.3150 0.5361 0.6626 -0.4183 -0.0580 0.1438 -0.6377 
2.1002 1.8025 1.1317 1.1304 1.1626 1.3249 1.6202 1.1301 1.3066 1.3460 1.3426 1.0780 0.7610 0.8926 -0.7984 0.6698 0.9356 0.6314 -0.9163 0.7317 0.5874 0.8186 1.0211 0.9782 0.8403 0.6345 1.0129 0.6302 0.3607 0.1911 -0.0246 0.3176 -0.0249 
2.6653 1.9299 1.6776 1.4582 1.4870 1.2387 1.0678 0.9461 1.0305 0.9756 1.0888 1.0287 0.9734 0.9830 0.9378 0.6750 -0.6620 0.6377 0.8132 0.8152 0.7537 0.7614 0.7670 0.6087 0.6098 0.4076 0.4660 0.5428 0.6869 0.5087 0.4953 0.3619 0.4697 
1.9348 1.5042 1.3793 1.4798 1.0852 1.4512 1.0116 1.5708 1.2561 1.3551 1.0733 0.9967 1.4560 1.3598 0.3187 1.3075 1.3566 1.2474 0.2232 1.2044 1.2798 0.7327 0.7559 0.9870 0.7893 1.0503 0.4139 0.7565 0.2828 0.5485 0.2436 0.0102 -0.1779 
2.5760 2.0176 1.5728 0.9882 1.4431 0.9645 1.2439 1.1028 1.1261 1.2072 1.3118 0.7586 1.2160 1.4080 0.9588 1.2368 1.5056 1.1784 0.8371 1.2760 1.0167 0.5064 0.9874 0.8291 0.6937 0.6105 0.6498 0.2642 0.6469 0.0432 0.4093 0.4807 0.4186 
1.1990 1.6008 1.4001 1.3846 1.5288 1.3434 1.4366 0.7008 1.3063 1.4536 1.0546 0.7724 1.3499 1.2797 1.0374 1.0573 0.8965 1.0143 0.9594 1.1063 1.1310 0.5401 0.7370 1.0805 0.8422 0.1892 0.8383 0.6504 0.7205 0.4233 0.2625 0.0916 -0.8064 
1.8020 0.8543 1.4118 1.4820 0.8637 1.4521 0.9316 0.7719 0.8050 0.4094 0.9671 1.1600 0.7719 1.5257 1.2787 1.0415 1.4584 1.0006 1.1521 1.3820 0.5996 0.9264 0.6442 0.0443 0.3674 0.2766 0.3116 0.7592 0.0407 0.5440 0.2743 -0.7147 -0.3694 
0.8547 1.3541 1.3615 1.0164 1.0111 0.6930 1.2094 1.0453 1.1905 1.3411 1.3125 1.3521 1.0447 1.1553 1.1176 0.6802 -0.3084 0.6374 1.0297 1.0182 0.8376 1.0857 0.9905 0.9723 0.7486 0.5385 0.6262 0.0125 0.2135 0.0514 0.1925 -0.0935 -1.7867 
2.4539 2.0566 1.8173 1.3455 1.2175 1.2494 1.4050 0.1159 1.3405 1.2433 0.9912 1.1395 0.0296 0.6808 1.2169 0.9809 0.2589 0.9332 1.1072 0.5391 -0.2110 0.9042 0.6663 0.8571 0.9030 -0.4064 0.8016 0.5624 0.4039 0.3687 0.6722 0.5417 0.3134 
1.3981 0.9252 1.3089 1.0503 0.1029 0.6481 1.1966 1.0130 0.7181 0.7471 0.5350 0.4281 0.9854 0.9920 0.6624 0.6443 0.3769 0.6092 0.5669 0.8296 0.7617 0.1968 0.2309 0.3724 0.2903 0.4894 0.6194 -0.0462 -0.7191 0.0801 0.1304 -0.6028 -0.7605 
1.6493 1.4663 0.3445 1.2099 1.1823 0.9042 0.9408 1.3622 1.2142 0.8223 0.7543 0.8269 0.9610 0.8350 1.3231 0.4953 1.0001 0.4286 1.2106 0.6897 0.7362 0.5916 0.4312 0.4403 0.7605 0.8435 0.3204 0.2164 0.3779 0.2753 -0.7522 -0.0078 -0.6298 
2.1226 0.8662 1.4405 1.4245 1.4092 1.7340 1.3453 0.7430 0.9111 1.2887 1.1099 1.3577 1.1885 0.9687 0.6693 1.3125 1.2269 1.2562 0.5882 0.7921 0.9969 1.0927 0.7963 0.9057 0.4522 0.2504 0.7318 1.0405 0.6219 0.4739 0.2992 -0.6338 -0.0462 
1.7457 1.6572 1.5160 1.3248 1.4359 0.9827 0.9019 0.5099 0.4776 1.1690 1.0161 1.3100 0.9981 0.9951 0.9167 0.6711 0.9575 0.6302 0.7926 0.8336 0.7780 1.0350 0.6973 0.7881 0.0278 0.0073 0.3067 0.2876 0.6374 0.3403 0.3723 0.1643 -0.6257 
2.7708 2.1465 1.7807 1.7186 1.7374 1.5726 1.4539 1.5253 1.5553 1.3601 1.3525 1.3587 1.1263 1.1898 0.8014 0.8402 1.0894 0.7851 0.7126 1.0419 0.9577 1.0956 1.0331 0.9910 1.1071 1.0185 0.8635 0.8788 0.9477 0.7507 0.6292 0.6172 0.6114 
1.5053 1.7024 1.5805 0.9981 0.5789 0.7924 1.3260 1.3998 1.2828 0.8601 1.0448 1.0542 0.4690 1.2050 0.9474 1.1052 1.1249 1.0592 0.8219 1.0536 0.2794 0.7909 0.7274 0.4787 0.8177 0.8920 0.7160 0.0970 -0.2491 0.0174 0.4131 0.2182 -0.5534 
2.8101 2.1386 1.7702 1.7025 0.9871 1.5902 1.2998 0.9215 1.2130 0.9757 0.6116 1.3244 1.1035 1.2192 0.8138 1.0507 1.0163 1.0077 0.7214 1.0646 0.9159 1.0531 0.2857 0.6092 0.7594 0.3808 0.6754 0.8950 0.1567 0.7343 0.6256 0.6157 0.6558 
2.4661 1.7493 1.3504 1.4609 1.5565 1.5018 1.0297 1.3815 1.3903 0.9697 1.6260 0.9293 1.1481 1.1671 1.4749 1.2464 1.1282 1.1887 1.3852 1.0286 0.9714 0.6584 1.3142 0.6077 0.9663 0.8702 0.4173 0.8083 0.7410 0.5121 0.2023 0.2236 0.3048 
2.8635 2.2489 1.7276 1.8135 1.4400 1.6344 1.5928 1.6823 1.5999 1.4565 1.4208 1.5626 1.6587 0.9187 1.5628 1.4500 0.4087 1.4014 1.4551 0.7411 1.4339 1.3199 1.1058 1.0865 1.1384 1.1476 0.9981 0.9388 0.6461 0.8687 0.5785 0.7036 0.7064 
3.0537 2.5266 2.0342 1.9709 1.7127 1.7804 1.6810 0.8739 1.3453 1.4317 1.4236 1.1291 1.5967 1.0408 1.3086 0.4805 1.1056 0.4242 1.1865 0.8969 1.3861 0.8911 1.1073 1.0594 0.9078 0.3524 1.0683 1.0850 0.9092 1.0037 0.8508 1.0088 0.8571 
3.0939 2.5005 2.1509 1.9604 1.8858 1.7045 1.7780 1.7920 1.6303 1.4882 1.4195 1.6518 1.6978 1.5444 1.4592 1.4347 1.4640 1.3879 1.3730 1.3939 1.4790 1.3745 1.1049 1.1116 1.1654 1.3033 1.1798 1.0090 1.0734 0.9949 0.9971 0.9807 0.9280 
3.0536 2.3806 2.0391 1.8282 1.8587 1.8689 1.4638 1.3601 1.5071 0.9837 1.2955 1.0471 1.3658 1.6208 1.5141 0.9751 0.2203 0.9271 1.4182 1.4514 1.1528 0.7767 0.9749 0.6159 1.0699 0.8392 0.8817 1.1751 1.0527 0.8803 0.8574 0.8042 0.8563 
3.1124 2.4998 2.1113 1.7192 1.8391 1.7634 1.5720 0.9031 1.4526 1.4598 1.3168 1.2566 1.1925 1.1822 0.1298 1.3146 1.0946 1.2574 0.0420 1.0372 0.9990 0.9967 0.9934 1.0929 1.0186 0.3748 0.9821 1.0684 1.0373 0.7494 0.9633 0.9772 0.9573 
3.0607 2.5072 2.0700 1.8050 1.5591 1.6365 1.1683 1.1614 1.1556 1.3742 1.0151 0.9390 0.7293 0.3813 0.9213 0.6569 -0.3065 0.6140 0.8025 0.2757 0.5261 0.6715 0.6942 1.0063 0.7235 0.6588 0.5986 0.9451 0.7456 0.8534 0.9034 0.9882 0.8620 
3.0934 2.5068 2.0282 1.8091 1.6849 1.8509 1.6542 1.6501 1.4026 1.4786 1.4689 1.2473 1.1375 1.2866 1.4338 1.2208 -0.2849 1.1616 1.3461 1.1097 0.9653 0.9913 1.1598 1.1065 0.9777 1.1054 1.0353 1.1550 0.8647 0.8603 0.8387 0.9875 0.9206 
