2.0398 1.6689 1.5145 1.8396 1.6203 1.4782 1.1041 1.4920 1.4649 1.0603 0.8724 1.0077 0.2860 1.2889 0.9181 0.4688 1.2556 0.4274 0.8158 1.1347 0.0984 0.7398 0.5753 0.6976 1.0459 1.0125 0.5035 0.7959 0.8176 0.9034 0.4065 0.1559 -0.0798 
2.1127 2.0637 1.8328 1.4489 1.3951 1.7693 1.4118 1.7281 1.0453 1.2419 1.4999 1.2902 1.0845 1.0999 0.4683 1.3048 1.3609 1.2473 0.3792 0.9584 0.8751 1.0443 1.1843 0.8661 0.5866 1.1999 0.8164 1.0891 0.6109 0.4927 0.7133 0.6055 0.0409 
1.0667 1.7399 1.7395 1.5441 1.7086 1.7913 1.8576 1.3429 0.8971 1.3740 1.3069 0.9849 1.0609 1.4012 1.2554 1.1872 1.1528 1.1457 1.1561 1.2434 0.8471 0.7224 1.0060 1.0062 0.4765 0.8089 1.2863 1.1131 0.8948 0.6409 0.6047 0.2987 -0.9680 
2.0245 1.8196 1.3092 1.0668 1.3799 1.2572 1.0071 1.0554 0.8049 0.7184 1.0434 1.0288 1.1500 1.3129 1.0709 1.2523 1.2509 1.1973 0.9784 1.1525 0.9655 0.7569 0.7289 0.3602 0.3814 0.5318 0.4052 0.5758 0.5689 0.1246 0.1484 0.3598 -0.1342 
1.9829 1.8503 1.9146 1.5092 1.3158 1.3515 1.6410 1.2737 1.4430 0.9977 1.0256 1.3071 0.7459 1.3878 1.4125 1.4992 1.4929 1.4537 1.3218 1.2224 0.5403 1.0554 0.7119 0.6144 1.0304 0.7617 1.0586 0.6697 0.5052 0.5697 0.7808 0.3933 -0.1876 
1.8789 1.0052 0.7504 1.4386 1.1937 0.7249 0.9936 0.6620 1.0245 -0.1793 0.3947 0.4957 -0.2073 0.8402 0.6012 0.5092 -0.1942 0.4709 0.4929 0.7132 -0.3610 0.2555 0.0843 -0.5485 0.5693 0.1410 0.3984 0.0362 0.4064 0.4990 -0.2925 -0.6624 -0.2976 
2.3008 1.5313 1.4786 1.2283 1.4423 1.6989 1.3650 1.3780 0.6858 1.2455 1.2491 1.0834 0.7720 1.0992 1.1901 0.7864 0.9319 0.7457 1.1030 0.9593 0.5711 0.8240 0.9482 0.8751 0.2209 0.8454 0.7571 1.0187 0.6739 0.3059 0.3722 0.0909 0.1790 
2.5459 2.1659 1.6731 1.7856 1.5328 1.3119 1.7459 1.5164 1.3750 1.1724 0.9733 1.2638 1.3139 1.4516 1.1471 0.4843 -1.8202 0.4384 1.0606 1.3158 1.1059 1.0313 0.6821 0.8068 0.9265 1.0362 1.1498 0.6351 0.7523 0.8383 0.4992 0.6974 0.4294 
2.4596 1.8073 1.4652 1.1224 1.9328 1.4980 1.5612 1.6039 1.0898 1.5797 1.5355 1.4915 0.9116 1.2208 0.8431 0.8257 -0.1288 0.7803 0.7547 1.0851 0.7179 1.2385 1.2317 1.2089 0.6636 1.0997 0.9994 0.8123 1.1406 0.2064 0.3535 0.3242 0.3587 
1.6983 1.7097 1.7214 1.4955 1.5574 1.3801 0.8360 1.4065 1.6516 1.1037 1.1897 1.3403 1.3639 1.2241 1.3930 1.2672 1.0132 1.2113 1.2891 1.0863 1.1418 1.0772 0.8885 0.7403 1.1999 0.8925 0.2692 0.7046 0.7718 0.5668 0.5844 0.2356 -0.3253 
1.4214 1.8012 1.5770 1.4174 0.8273 0.8123 1.3282 0.8345 0.3396 0.8596 1.0871 0.5538 -0.9785 0.6863 0.6705 0.4749 -1.3218 0.4312 0.5443 0.5092 -1.3090 0.3350 0.7729 0.4947 -0.1524 0.3582 0.7336 0.1444 0.0197 0.4789 0.4572 0.3624 -0.5038 
0.7830 1.6050 1.1928 0.6890 0.4928 0.9292 1.5059 1.0587 1.2647 1.2290 0.8683 1.2700 1.0431 0.9797 0.2718 1.1786 0.4513 1.1386 0.1814 0.8148 0.8300 1.0356 0.5673 0.8549 0.8286 0.5267 0.9268 0.2398 -0.2634 -0.2771 0.0604 0.1494 -1.2638 
1.4038 1.0901 1.1452 1.1251 1.1496 1.2121 1.1639 1.1151 1.2904 1.0429 0.8979 0.9674 1.1330 0.8455 0.3546 1.1612 0.5580 1.1137 0.2298 0.7153 0.9425 0.7228 0.6006 0.6714 0.8409 0.6197 0.5748 0.5432 0.3634 0.1999 0.0165 -0.4123 -0.8763 
1.5286 1.4356 1.1039 1.0612 0.4969 0.7832 1.3881 0.7635 0.7253 0.3425 0.9797 1.0027 0.7998 1.0100 0.6291 1.3432 0.8240 1.2802 0.5097 0.8336 0.6128 0.7381 0.6796 -0.0239 0.2915 0.2660 0.7871 0.0960 -0.2848 0.1069 0.0032 -0.0412 -0.6107 
2.2550 1.9448 1.7745 1.5756 1.4793 1.0236 0.8177 1.5689 1.4658 0.9380 1.1895 1.1597 0.9213 0.9293 0.8302 0.8879 0.9094 0.8353 0.7406 0.7818 0.7275 0.9092 0.8858 0.5673 1.0463 1.0763 0.2303 0.3463 0.7006 0.6577 0.6520 0.4659 0.1595 
1.7423 1.5163 1.4533 1.2807 0.6800 1.0991 0.2845 1.1353 0.7456 0.9651 0.7961 1.0377 0.7953 0.7218 0.9562 0.6181 0.6848 0.5562 0.8424 0.5600 0.6057 0.7684 0.4883 0.5877 0.3336 0.6462 -0.2851 0.4178 -0.1319 0.3575 0.3317 0.0620 -0.4221 
2.2858 1.5595 1.4886 1.2969 1.5197 1.5864 1.3338 0.0765 0.8485 0.6610 1.1123 1.0273 1.0976 1.2523 1.0806 1.2261 1.3775 1.1755 0.9914 1.1074 0.8962 0.7563 0.8013 0.2890 0.4213 -0.3575 0.7332 0.9083 0.7460 0.3764 0.3595 0.1657 0.1401 
1.8667 1.5598 1.5107 1.3941 1.5048 1.1663 0.7212 0.7315 0.7703 1.0426 1.2316 0.8787 0.7636 1.1573 0.7971 0.0989 0.8706 0.0496 0.7141 1.0318 0.5559 0.6561 0.9309 0.6814 0.3525 0.2196 0.1127 0.4883 0.7227 0.4397 0.3941 0.0792 -0.2153 
2.1136 2.0365 1.8470 1.4306 1.5227 1.4141 0.8711 0.5582 0.7004 1.5048 1.5162 0.9643 0.9861 1.0952 0.8813 1.0273 0.1825 0.9679 0.7866 0.9527 0.7761 0.7115 1.2109 1.1378 0.2595 0.0604 0.3033 0.7322 0.7441 0.4850 0.7215 0.5409 0.0162 
2.4525 1.4688 1.3949 1.6297 1.4946 1.5326 1.4396 0.8112 1.0311 1.6086 1.5757 1.2246 1.2129 1.1058 0.6109 1.4695 1.3876 1.4279 0.5129 0.9717 1.0367 0.9934 1.2747 1.2365 0.5799 0.3359 0.8391 0.8554 0.7139 0.7031 0.2353 -0.1025 0.3425 
1.8488 0.7060 1.2517 1.3190 0.8566 -0.2741 0.7478 0.6961 0.5470 0.6876 0.0744 0.4015 0.4700 1.2345 0.5234 0.7070 1.1151 0.6657 0.4340 1.0929 0.2979 0.1468 -0.2329 0.3131 0.1124 0.1640 0.1512 -0.9367 0.0690 0.3818 0.1373 -0.6625 -0.3017 
1.5098 1.1954 1.2446 1.0765 0.8325 0.3281 0.7267 0.4906 0.1102 0.6343 0.3670 0.8040 0.3348 0.7291 0.6900 0.4940 0.4618 0.4519 0.5754 0.5726 0.1135 0.5495 0.0538 0.2578 -0.3047 0.0085 0.1315 -0.3418 0.0520 0.1281 0.1129 -0.2660 -0.6077 
2.3100 2.0719 1.8844 1.4169 1.4205 1.5235 0.8737 0.9326 1.1582 1.4329 1.6832 1.5036 1.1600 1.3015 0.1753 1.1041 0.3161 1.0642 0.0613 1.1445 0.9775 1.2515 1.3753 1.0718 0.7354 0.4294 0.3118 0.8397 0.6404 0.4569 0.7563 0.5873 0.1876 
1.7291 1.5242 1.7599 0.7627 1.0486 0.5953 0.9995 1.2043 0.9858 1.5555 1.5606 1.1030 1.1234 0.3360 0.8600 1.2376 -0.6831 1.1823 0.7755 0.1649 0.9261 0.8371 1.2567 1.1866 0.5271 0.7188 0.4005 -0.0597 0.2333 -0.1218 0.6296 0.0871 -0.4111 
2.0872 1.6052 1.6716 1.2654 1.3605 0.8244 1.1373 1.1724 1.0525 1.2524 1.0876 1.2669 0.8777 1.4552 0.9363 1.0865 0.2879 1.0475 0.8303 1.3215 0.7060 1.0326 0.7762 0.8776 0.6161 0.6928 0.5523 0.1397 0.5395 0.3430 0.5086 0.1019 -0.0499 
1.7235 0.8112 1.1138 -0.1106 1.1590 1.1308 0.4896 1.0335 0.6826 0.9328 0.9437 0.1698 0.4682 0.9512 1.0036 1.0496 0.1478 1.0073 0.8831 0.7961 0.2804 -0.0787 0.6443 0.5564 0.2244 0.5022 -0.0877 0.4475 0.3765 -1.0817 -0.0062 -0.5931 -0.4351 
2.7217 2.1958 2.0571 1.5801 1.3884 1.2136 1.5429 1.5963 1.1928 1.5211 1.4573 0.8559 1.4430 1.1758 0.2093 1.2320 1.2471 1.1789 0.0997 1.0507 1.2410 0.6219 1.1466 1.1625 0.7685 1.0917 0.9819 0.5374 0.5813 0.6578 0.8999 0.7164 0.5817 
0.7959 1.2649 0.9789 1.4100 1.4716 1.4600 1.1225 1.2889 1.4039 1.3428 1.0408 1.1572 0.9368 1.2735 0.9501 1.1317 1.0872 1.0882 0.8367 1.1227 0.7401 0.9071 0.7251 0.9656 0.9726 0.7782 0.5338 0.7769 0.6972 0.4689 -0.1791 -0.2021 -1.1571 
1.9374 1.6055 1.7365 1.4879 1.4307 1.4138 0.6604 1.5753 1.2335 1.3051 1.3905 -0.1036 1.4544 0.7201 0.9437 1.3012 0.4439 1.2412 0.8341 0.5530 1.2562 -0.2949 1.0756 0.9320 0.8001 1.0801 0.0473 0.7325 0.6491 0.5380 0.5942 0.1062 -0.2215 
1.8480 1.8282 1.6232 1.5303 1.4157 1.1691 0.7238 1.4202 1.3670 1.5231 1.6419 1.5992 1.1537 0.9483 0.8439 0.6807 -0.2397 0.6117 0.7578 0.7915 0.9610 1.3682 1.3443 1.1646 0.9126 0.9097 0.1344 0.4875 0.6302 0.6134 0.4739 0.3655 -0.3757 
1.8790 1.7123 1.1642 1.3536 1.3788 0.7555 1.0072 0.8735 1.0763 0.7679 0.7658 0.9892 1.2987 1.0054 1.1303 0.7284 0.8825 0.6893 1.0488 0.8309 1.0953 0.7311 0.4562 0.4028 0.6548 0.3824 0.4057 0.0717 0.5661 0.3997 0.0550 0.2021 -0.2514 
2.1746 1.4314 0.6918 1.7384 1.1846 1.2209 1.7026 1.6719 1.4594 1.2278 0.2057 1.2945 1.1216 1.1223 0.9162 1.4473 1.0949 1.4062 0.8242 0.9934 0.9271 1.0468 -0.0655 0.8554 1.0430 1.1480 1.0958 0.5511 0.3943 0.7949 -0.5442 0.0032 0.0517 
1.9445 1.7347 1.2789 0.8845 1.3765 1.4437 1.5107 0.8206 1.2470 1.0337 1.2764 1.4406 1.3682 1.3144 1.5187 0.6800 1.0171 0.6074 1.4337 1.1573 1.1437 1.1785 0.9799 0.6618 0.8133 0.3181 0.9305 0.7664 0.5669 -0.0445 0.1448 0.2465 -0.1563 
1.5691 1.2431 1.9064 1.7055 1.4063 1.4572 1.4442 1.8207 1.4894 1.4205 1.0244 0.8947 0.9616 1.8510 0.7842 1.1965 0.8445 1.1547 0.7120 1.7242 0.7567 0.6591 0.7058 1.0553 1.0649 1.3354 0.8487 0.7750 0.6086 0.7447 0.7793 -0.1940 -0.4354 
2.1186 1.6914 1.4123 1.1414 1.1273 1.6833 1.8569 1.7754 1.7063 1.2162 0.9833 1.2675 1.4411 1.0355 0.5132 1.2799 1.4429 1.2227 0.4312 0.8580 1.2375 1.0344 0.6867 0.8422 1.2479 1.2689 1.2855 1.0071 0.3585 0.1987 0.2780 0.1759 0.0153 
2.1737 1.8034 1.7646 1.2853 1.0640 1.4636 0.3560 0.5311 0.9606 1.1707 1.7017 1.6174 1.5305 -0.0687 0.6773 0.7904 0.2163 0.7482 0.5552 -0.2481 1.3632 1.3792 1.3867 0.8116 0.5034 0.0536 -0.2479 0.7803 0.2869 0.3598 0.6365 0.3527 0.0750 
2.5472 2.1187 1.4101 1.0785 0.8114 1.5160 1.1633 1.1139 1.4941 1.4219 1.4220 1.1356 1.2284 1.3869 0.7407 1.3552 0.6942 1.2920 0.6601 1.2199 1.0482 0.8800 1.1090 1.0576 1.0715 0.6203 0.5750 0.8361 0.0442 0.1451 0.2675 0.6467 0.4443 
2.2780 1.4903 1.2956 1.4939 1.5319 1.4431 1.1846 1.2478 1.1860 1.2309 1.2739 1.4924 0.5635 0.8765 1.1157 0.6145 0.1859 0.5480 1.0379 0.7433 0.3911 1.2381 0.9803 0.8575 0.7604 0.7513 0.6192 0.7607 0.7508 0.5607 0.1437 0.0064 0.1451 
2.4936 2.1165 2.0222 1.7991 1.1084 1.0683 1.7127 1.3984 1.5933 1.4435 1.5699 1.5162 1.1691 1.1105 0.9500 0.7322 0.7943 0.6960 0.8345 0.9777 0.9873 1.2773 1.2687 1.0792 1.1592 0.8745 1.1087 0.3883 0.3474 0.8497 0.8599 0.6356 0.3665 
2.2043 1.6763 1.6796 1.4779 1.3526 1.1475 1.3503 1.4992 1.5554 1.4071 1.0432 1.7156 1.2460 1.5118 1.3722 1.3431 0.9189 1.2805 1.2537 1.3858 1.0577 1.4465 0.7311 1.0440 1.1278 1.0209 0.7487 0.4609 0.5404 0.5295 0.5221 0.1482 0.0919 
2.1523 1.7630 1.7181 1.6648 1.3642 1.6068 1.6099 0.6857 1.1063 1.3324 1.1219 1.3721 0.6124 0.7670 1.1508 0.2989 0.8664 0.2373 1.0650 0.6331 0.4053 1.1006 0.8158 0.9568 0.6939 0.1458 1.0364 0.9313 0.5425 0.7236 0.5610 0.2696 0.0274 
0.1947 1.9487 0.9048 1.4204 1.0279 1.0860 1.1821 1.0101 1.0682 0.6679 0.5886 1.0510 0.4294 0.8185 0.4928 0.9193 0.0404 0.8630 0.4058 0.6939 0.2435 0.7865 0.2695 0.2752 0.6325 0.4893 0.6112 0.3947 0.2180 0.4733 -0.1457 0.4900 -1.1228 
2.1788 1.8418 1.7182 1.5631 1.5205 1.2744 1.1054 1.0796 1.2293 1.4088 0.9537 1.3911 1.4153 0.9438 1.2240 1.2831 0.4772 1.2226 1.1324 0.7902 1.2019 1.1260 0.6589 1.0472 0.7984 0.5743 0.5022 0.5904 0.7455 0.6384 0.5618 0.3767 0.0711 
2.2087 2.0734 1.7432 1.3167 1.5535 1.0960 1.0642 1.6183 1.5425 1.5151 1.4649 1.3075 1.0984 1.4151 1.1722 1.3544 0.4756 1.2904 1.0845 1.2637 0.8947 1.0545 1.1561 1.1538 1.1174 1.1111 0.4727 0.4105 0.7688 0.3853 0.5885 0.5917 0.0807 
2.1186 2.3655 2.1921 1.9049 1.7203 1.6727 1.3009 1.5312 0.5562 1.4802 1.1592 1.5835 1.5164 0.9895 0.1769 1.4987 1.1289 1.4534 0.0627 0.8285 1.3453 1.3582 0.8447 1.1142 0.1355 1.0480 0.7195 0.9900 0.9020 0.9843 1.0665 0.8769 -0.0728 
-0.2119 3.0060 2.7069 2.5364 2.3747 2.1927 2.1234 1.9908 1.7934 1.9247 1.8850 1.8528 1.9327 1.6581 1.6743 1.7651 1.7990 1.7269 1.5545 1.4960 1.7443 1.6096 1.5812 1.5526 1.3769 1.4730 1.5243 1.5108 1.5519 1.6063 1.5385 1.5289 -0.1183 
3.4411 3.8275 3.5875 3.2134 3.0615 2.8606 2.6139 2.6932 2.8136 2.7444 2.6027 2.5550 2.5196 2.5068 2.4692 2.4108 2.4433 2.3674 2.3920 2.3856 2.3340 2.3204 2.3014 2.3825 2.3983 2.1725 2.0494 2.1785 2.2384 2.2746 2.4562 2.3911 1.4583 
3.6549 3.7311 3.0740 2.7688 2.6311 2.6364 2.5837 2.3672 2.1993 2.0654 2.1939 2.2097 2.0749 2.0665 2.1321 2.1152 2.1377 2.0760 2.0561 1.9006 1.8562 1.9745 1.8887 1.7052 1.7755 1.8411 2.0213 1.9611 1.8467 1.8394 1.9696 2.2314 1.7055 
3.1644 3.2606 3.4764 3.2179 3.0846 2.9514 2.9013 2.8534 2.7810 2.7136 2.5890 2.6210 2.5699 2.5959 2.4963 2.4535 2.4696 2.4146 2.4137 2.4559 2.3983 2.3915 2.2881 2.3364 2.3601 2.3710 2.3364 2.2751 2.2762 2.2962 2.3619 1.8308 1.0102 
4.2059 3.9720 3.5291 3.1472 2.7611 2.5271 2.1249 2.0580 2.2633 2.5100 2.4671 2.4825 2.4278 2.3662 2.2397 2.2062 2.2753 2.1660 2.1480 2.1941 2.2115 2.2235 2.1576 2.1447 1.8374 1.5350 1.5151 1.8396 1.9513 2.1929 2.4084 2.4964 2.1166 
3.9072 4.1177 2.5911 3.0646 2.8153 2.7337 2.4797 2.7966 2.1333 2.4177 2.1650 2.4217 2.3889 2.3220 2.2811 2.2488 2.2365 2.1968 2.1823 2.1647 2.1680 2.1573 1.8576 2.0542 1.7175 2.2914 1.8784 2.0525 2.0443 2.1040 1.4302 2.6454 1.8532 
4.2272 4.0802 3.7664 3.2720 3.0780 2.8847 2.8658 2.7604 2.5973 2.8773 2.6108 2.6021 2.5750 2.4336 2.4550 2.4872 2.2939 2.4441 2.3767 2.2816 2.4012 2.3732 2.3114 2.5158 2.1767 2.2380 2.2896 2.2137 2.2745 2.3735 2.6213 2.5639 2.0678 
4.3947 4.3324 3.8416 3.7762 3.5961 3.4680 3.3337 3.1498 3.1385 3.1133 3.0341 2.9373 2.8794 2.8740 2.8744 2.8457 2.8221 2.8013 2.7870 2.7474 2.7099 2.7088 2.7317 2.7514 2.7257 2.6479 2.7532 2.7865 2.8089 2.8238 2.7357 2.8568 2.2753 
3.8638 4.3909 3.7554 3.2424 3.1242 2.9265 2.1962 3.0913 1.9874 3.0457 2.7898 2.7441 2.6100 2.5727 2.5590 2.5323 2.5132 2.4870 2.4714 2.4387 2.4246 2.4744 2.4784 2.6713 1.5135 2.5654 1.5945 2.2469 2.3342 2.3371 2.5563 2.9142 1.7910 
4.3816 3.9890 3.8236 3.4089 3.0806 2.8703 2.8146 3.0296 2.9228 2.8291 2.7414 2.6363 2.4947 2.5696 2.5378 2.4881 2.4156 2.4454 2.4528 2.4366 2.3020 2.3995 2.4248 2.4644 2.4948 2.5104 2.2240 2.1932 2.2759 2.4544 2.6938 2.4987 2.1909 
4.1133 4.2264 3.5242 3.1269 2.8805 2.9729 2.8636 2.6008 3.0616 2.7335 2.7328 2.6641 2.6973 2.5557 2.5328 2.5516 2.5018 2.5108 2.4449 2.4267 2.4823 2.4162 2.4157 2.3615 2.6041 2.1004 2.2808 2.2927 2.1037 2.1725 2.3921 2.7681 1.9437 
3.9233 4.2377 4.0995 3.6141 3.3741 3.1933 2.9653 3.2647 3.1189 3.0616 2.9763 2.8923 2.8051 2.8130 2.7960 2.7973 2.7609 2.7580 2.7171 2.6771 2.6019 2.6568 2.6770 2.6839 2.6930 2.7734 2.3962 2.5106 2.5541 2.6864 2.9336 2.7898 1.9545 
4.0263 4.2947 3.3996 3.3954 2.4087 2.1013 2.5732 2.7184 2.6930 1.4009 1.0692 1.6084 1.9982 1.6412 1.7054 1.4532 1.3427 1.3808 1.5651 1.4886 1.7905 1.4115 0.8691 0.9381 2.2287 2.1960 2.0355 1.4763 1.6611 2.4602 2.1756 2.8308 2.0976 
4.1402 3.9002 3.6515 3.5493 3.2172 3.1345 2.9393 2.7128 3.1310 2.9425 2.8472 2.8115 2.7768 2.6928 2.6955 2.6683 2.6759 2.6086 2.5762 2.5295 2.5633 2.5503 2.5355 2.5714 2.7169 2.1936 2.3830 2.4586 2.4446 2.6242 2.5285 2.4207 1.9355 
4.5371 4.4108 3.9882 3.8618 3.6009 3.4486 3.2597 3.1085 3.1960 3.0486 2.9751 2.9253 2.8951 2.8682 2.8448 2.8011 2.7862 2.7614 2.7605 2.7410 2.7289 2.6952 2.6757 2.6712 2.7726 2.5888 2.6942 2.7670 2.8118 2.9162 2.8513 2.9074 2.4262 
4.2096 4.5618 4.0091 3.9008 3.6383 3.5243 3.4177 3.3790 2.9201 3.1564 3.1219 3.0725 3.0664 3.0260 2.9653 2.9269 2.8969 2.8768 2.8655 2.8634 2.8431 2.8013 2.8090 2.7921 2.4927 2.8532 2.8132 2.8422 2.8422 2.9760 2.8511 3.1111 2.0525 
3.2544 4.3814 3.7109 2.8746 3.0244 2.7661 2.6332 2.6448 2.7447 2.1098 2.0169 2.1247 1.8427 1.6831 1.8571 1.8570 1.7712 1.8215 1.7755 1.5155 1.6478 1.8672 1.7195 1.7487 2.2961 2.1458 2.0712 2.0967 2.2205 1.9510 2.5331 2.8986 1.5923 
4.2566 4.3961 3.8149 3.3477 2.9984 2.9843 2.8067 2.7240 2.8819 2.8647 2.5177 2.6494 2.4958 2.5806 2.5010 2.4900 2.5175 2.4484 2.4176 2.4461 2.3078 2.4082 2.2083 2.4977 2.4633 2.2019 2.2176 2.3176 2.2122 2.4224 2.6898 2.8979 2.0946 
3.5786 4.4218 3.1868 2.8214 2.8609 2.8665 2.7350 2.7664 2.7620 2.7185 2.6988 2.1477 2.3454 2.3481 2.4189 2.3510 2.4043 2.2889 2.3171 2.1846 2.1336 1.8880 2.3936 2.3390 2.3244 2.2415 2.1225 2.1766 2.0687 1.8559 2.0457 2.9279 0.9230 
4.1495 3.8838 3.9472 3.7847 3.5001 3.4258 3.3536 3.2791 3.2200 3.1631 3.1610 3.1562 2.9585 2.9567 3.0311 2.9506 2.8885 2.8952 2.9123 2.8111 2.7686 2.8973 2.8497 2.7993 2.8002 2.7830 2.7679 2.7466 2.7327 2.8375 2.8328 2.4234 2.1251 
4.4234 4.1748 3.9779 3.7383 3.4332 3.0802 2.8111 2.6660 2.8725 2.8495 2.7884 2.5995 2.7296 2.6961 2.4671 2.0615 1.6578 2.0093 2.3896 2.5306 2.5066 2.3729 2.4751 2.4830 2.4480 2.1524 2.2149 2.3982 2.6238 2.7851 2.8376 2.7183 2.2561 
3.1384 4.4158 4.3422 3.9970 3.6021 3.5207 3.4233 3.4271 3.4137 3.1645 2.9404 3.0985 3.1616 3.0362 3.1021 3.0265 2.9829 2.9648 3.0021 2.8714 2.9635 2.8350 2.6383 2.7982 2.9578 2.8973 2.8195 2.8400 2.8150 3.0740 3.1981 2.9362 1.5327 
3.7856 4.4428 4.1368 3.3202 2.6459 2.3388 1.8966 2.5569 2.6906 2.2718 2.9628 2.8664 1.5187 2.4568 1.4862 2.1047 1.7152 2.0666 1.4003 2.3123 1.3681 2.6138 2.6643 1.9113 2.2351 2.0756 1.3312 1.6643 1.8492 2.3880 2.9903 2.9655 1.4151 
3.4481 4.2945 4.1188 3.2465 3.0637 2.8788 2.8158 2.9311 2.5102 2.7387 2.5007 2.9496 2.5779 2.5187 2.5114 2.4788 2.4689 2.4369 2.4261 2.3931 2.4037 2.7235 2.1900 2.3757 2.0866 2.4380 2.2214 2.1979 2.2416 2.3082 2.9636 2.8437 1.4650 
3.4868 4.2127 4.1083 2.6555 2.8180 2.8331 2.7311 2.8134 2.6201 2.7441 2.5475 2.5385 2.4620 1.9659 2.6549 2.2687 2.3687 2.2116 2.5402 1.8142 2.2578 2.2968 2.2439 2.3810 2.1839 2.3167 2.1258 2.1538 2.0451 1.7018 2.9512 2.7653 0.3110 
3.3834 4.0956 4.0279 3.0404 2.3933 2.5929 2.4362 2.8241 2.6224 2.7936 2.8788 2.6551 2.4355 2.6938 2.5675 2.3991 2.2458 2.3458 2.4755 2.5315 2.2221 2.4100 2.5777 2.4294 2.1793 2.3387 1.8472 1.9314 1.6120 2.0693 2.8797 2.6013 0.2170 
2.5139 3.8595 4.1200 3.0886 2.8821 2.9700 2.8730 2.9552 2.4119 2.6220 2.9215 2.5087 2.5733 2.6234 2.5376 2.4815 2.3643 2.4383 2.4543 2.4751 2.3998 2.2566 2.6223 2.2430 1.9747 2.4547 2.2940 2.2937 2.1054 2.0976 2.9823 2.4010 1.0678 
3.1358 3.5350 4.1920 3.2491 2.9533 3.0138 2.7955 3.1810 2.8747 3.0359 2.8211 2.5504 2.7160 2.5379 2.4659 2.4477 2.4684 2.4088 2.3918 2.4099 2.4950 2.3118 2.5162 2.6554 2.4487 2.6948 2.1978 2.3348 2.1600 2.2780 3.0815 2.0470 1.4220 
3.4497 3.0704 4.1742 3.1309 2.6348 2.6509 2.4216 3.2452 2.7317 2.0778 2.6893 2.3970 2.3094 2.0750 2.2123 2.0365 1.3641 1.9691 2.1300 1.9045 2.1076 2.1193 2.3879 1.6813 2.2738 2.7588 1.8518 1.9686 1.8352 2.1375 3.0663 1.3702 1.5673 
3.4526 3.0071 4.0937 3.0361 2.7350 2.3778 2.6381 2.6346 1.8509 2.6270 2.3569 2.2874 1.8209 1.8436 1.8167 1.4596 1.4251 1.3930 1.7275 1.7092 1.6598 2.0593 2.0631 2.2440 1.3943 2.1394 2.0564 1.6371 1.8950 2.1460 2.9301 1.4385 1.5488 
3.6635 3.3183 3.7746 3.3318 3.1157 3.1173 3.2732 2.6730 2.8414 2.5063 2.7997 2.7624 2.7901 2.7704 2.8492 2.7703 2.7253 2.7345 2.7638 2.6155 2.5814 2.4993 2.4879 2.1391 2.4194 2.1665 2.7108 2.4397 2.3376 2.4094 2.6281 1.8030 1.3995 
4.1196 4.0571 4.0621 3.2108 2.7293 2.8069 2.9063 3.0682 2.9810 2.5244 2.3293 2.2530 2.4639 2.3808 2.4520 2.3486 2.3845 2.2875 2.3719 2.2009 2.2608 2.0231 2.0288 2.1541 2.5353 2.5343 2.3425 2.1276 1.8901 2.2610 2.8954 2.5688 1.9645 
3.7424 3.9328 3.7541 3.2376 3.0268 3.1989 2.9972 3.1067 2.6842 2.8918 2.2096 2.4762 2.4206 2.3920 2.4477 2.4471 2.3066 2.4085 2.3673 2.2108 2.2045 2.2146 1.8960 2.5313 2.2257 2.5845 2.4186 2.5207 2.2141 2.3368 2.5854 2.4844 1.7069 
4.4678 4.4115 4.0940 3.9113 3.5867 3.5214 3.5179 3.1908 3.1358 3.1102 3.0725 2.8597 2.7566 2.5681 2.4072 2.1909 2.1057 2.1416 2.2924 2.4340 2.5360 2.6049 2.7542 2.7474 2.7206 2.7040 2.9258 2.8411 2.8030 2.9855 2.9311 2.9155 2.3403 
3.7376 4.0328 4.1176 3.9697 3.5176 3.5365 3.7821 2.8160 2.8438 3.1630 2.7912 2.9624 2.7940 2.8990 2.3156 2.4178 2.4787 2.3797 2.2023 2.7674 2.5903 2.7309 2.4763 2.7993 2.4160 2.3094 3.1812 2.8622 2.7440 3.0485 2.9867 2.5423 1.6543 
3.9090 3.9241 3.5959 3.1079 2.6822 2.9349 2.7082 2.6954 2.7433 2.6915 2.6909 2.5947 2.5964 2.7476 2.5196 2.4346 2.4547 2.3981 2.4330 2.5785 2.4170 2.3678 2.3899 2.3181 2.2973 2.1725 2.1059 2.2487 1.8557 2.1424 2.4666 2.4716 1.8888 
4.1058 4.1336 3.8981 3.7801 3.5504 3.3047 3.4097 3.3238 3.1155 2.9822 3.0893 2.9847 2.8155 2.4954 2.1970 2.1907 2.2143 2.1457 2.1138 2.3705 2.6165 2.7451 2.7741 2.6082 2.6879 2.8151 2.8019 2.6224 2.7653 2.8258 2.7724 2.6740 2.0769 
4.1817 3.8988 3.4022 3.2462 3.0255 2.7170 3.2151 3.0133 2.8471 2.7704 2.6695 2.7170 2.6865 2.5364 2.5068 2.5237 2.4617 2.4773 2.4222 2.4110 2.4746 2.4488 2.3737 2.4078 2.4252 2.4947 2.6425 2.0141 2.2083 2.3470 2.2232 2.4395 2.1120 
4.0928 4.0160 3.4428 3.3190 3.0746 2.9546 2.9942 2.8161 2.6731 2.7107 2.5894 2.6010 2.5154 2.5766 2.5163 2.4579 2.4503 2.4186 2.4291 2.4424 2.3290 2.3743 2.2882 2.3338 2.2206 2.3174 2.4142 2.2770 2.2619 2.3970 2.2913 2.5359 1.9835 
3.7740 3.8286 3.2852 2.9557 2.6631 2.6826 2.7742 2.6450 2.5968 2.4061 2.1956 2.4528 2.4297 2.4161 2.3903 2.3385 2.3357 2.2778 2.2695 2.2531 2.2140 2.1938 1.8892 2.0443 2.1654 2.1363 2.1805 2.0033 1.8538 2.0391 2.1499 2.3864 1.6983 
3.3701 3.5972 3.1782 3.0110 2.8801 2.6548 2.8690 2.3864 2.2898 2.0626 2.2825 2.3773 2.4234 2.2699 2.1612 2.2114 2.2356 2.1710 2.0777 2.1251 2.2055 2.1106 1.9824 1.7056 1.8498 1.8506 2.2859 1.9700 2.1039 2.0794 2.0591 2.1465 1.2689 
3.2359 3.4744 2.9761 2.7910 2.7574 2.5916 2.6039 2.4170 2.3674 2.3144 2.2773 1.9484 2.1469 2.1882 2.1666 2.1418 2.1084 2.0996 2.0821 2.0610 1.9531 1.7155 1.9763 1.9398 1.9125 1.8907 2.0451 1.9097 1.9591 1.8485 1.8337 2.0295 1.1276 
2.4795 3.2203 2.7536 2.2948 2.4060 2.3999 2.2597 2.2108 2.2157 1.9498 2.1581 1.5104 2.0486 1.9588 1.7861 1.6674 1.5461 1.6067 1.7082 1.8067 1.8270 1.2691 1.8488 1.5766 1.7922 1.7296 1.6977 1.7226 1.5953 1.3795 1.5978 1.7779 0.3626 
2.8041 3.0915 2.6007 2.1445 2.3018 2.0806 2.3082 1.9077 2.1049 2.1426 2.0904 1.8366 2.0702 1.9624 1.9513 1.7708 1.9073 1.7315 1.8494 1.8101 1.8530 1.5842 1.7770 1.7780 1.6894 1.4152 1.7306 1.4023 1.5040 1.2092 1.4645 1.6204 0.7021 
2.5687 2.8118 2.4938 2.1878 2.0828 2.0796 1.4503 1.8584 1.6265 1.8269 1.4654 1.4012 1.3143 1.4974 1.5995 1.4211 1.2864 1.3815 1.5016 1.3732 1.1031 1.1396 1.1541 1.4597 1.1800 1.3806 0.8784 1.3969 1.2853 1.2459 1.3827 1.3825 0.4760 
1.6243 2.7081 2.2743 2.2043 1.8017 1.6223 1.9795 1.7873 1.9230 1.6207 1.7527 1.6555 1.4133 1.0807 0.9778 1.5187 1.3782 1.4790 0.8636 0.9301 1.1985 1.4012 1.4394 1.2450 1.4902 1.2878 1.3967 0.9495 1.0253 1.2805 1.1403 1.2293 -0.6598 
2.2153 2.6619 2.0931 1.8807 2.0236 1.8507 1.6700 1.6769 1.4967 1.5288 1.5140 0.8900 1.4574 1.1397 1.0513 1.0245 0.6008 0.9553 0.9548 1.0101 1.2569 0.6726 1.2046 1.1675 1.0695 1.1543 1.0719 1.1698 1.2045 0.9777 0.9398 1.2016 0.1154 
2.3669 2.4134 1.8326 1.2440 1.2779 1.7311 1.3716 1.0594 0.7613 1.4917 1.3251 1.1305 1.2318 1.1706 1.4827 1.2710 -1.6925 1.2117 1.3985 1.0466 1.0510 0.8734 1.0219 1.1261 0.3427 0.5479 0.7682 1.0497 0.4711 0.3468 0.6943 0.9588 0.3124 
2.7722 2.2433 1.7193 0.6019 1.4684 1.7154 1.6194 1.1110 1.3992 1.1049 1.3739 1.5119 1.4263 1.0382 1.1868 0.6227 -0.9234 0.5607 1.0999 0.8698 1.2164 1.2691 1.0575 0.7388 0.9667 0.6009 1.0442 1.0364 0.6966 -0.3258 0.5659 0.7625 0.6742 
1.8381 1.7714 1.6001 1.1362 1.5104 1.3176 1.2759 1.3649 1.3904 1.0794 1.3472 1.2862 1.2753 1.3009 1.0369 1.0809 1.3450 1.0429 0.9245 1.1431 1.0781 1.0453 1.0365 0.7146 0.9500 0.8303 0.6999 0.6409 0.7280 0.1763 0.4599 0.3055 -0.3303 
2.4265 1.7600 1.5298 1.0668 1.3822 1.5768 1.0945 1.4811 1.5622 1.1670 1.1478 1.6894 1.6766 1.3999 0.8108 1.0385 0.7418 0.9856 0.7226 1.2353 1.4605 1.4239 0.8362 0.7949 1.1348 0.9983 0.4989 0.8946 0.5709 0.1015 0.4039 0.3095 0.3299 
2.1933 2.1250 1.7439 1.7196 1.7601 1.5489 1.5156 1.7110 1.7325 1.7852 0.8448 1.3652 1.1532 1.2100 1.0686 1.1259 0.9563 1.0835 0.9759 1.0757 0.9661 1.0943 0.5276 1.4206 1.2941 1.1762 0.9435 0.8636 0.9710 0.7723 0.5922 0.6715 0.0698 
2.6258 2.1156 2.0863 1.7876 0.7102 1.7034 1.6058 0.9074 1.3273 1.1505 1.1997 1.1663 1.0347 0.7535 1.2070 1.0509 0.1411 1.0087 1.1174 0.6156 0.8163 0.9155 0.8977 0.7850 0.8746 0.4004 1.0356 1.0241 -0.1367 0.8345 0.9495 0.6195 0.5015 
1.8512 2.1770 1.9359 1.7286 1.0110 0.9413 1.3792 0.7984 1.0183 1.3191 1.1966 1.5147 1.3898 1.6959 1.2342 1.1744 0.5466 1.1315 1.1390 1.5172 1.1721 1.2752 0.8904 0.9437 0.5538 0.3124 0.7743 0.2443 0.1854 0.7703 0.7996 0.7261 -0.2867 
