1.6876 1.7776 1.7573 0.9151 1.4714 1.2246 1.5855 1.0267 1.3824 0.9172 1.3303 1.2649 1.2459 1.1183 1.3464 0.7040 1.0433 0.6642 1.2551 0.9933 1.0406 1.0056 1.0192 0.5486 0.9701 0.5186 1.0024 0.5507 0.6962 0.0002 0.6550 0.3314 -0.3527 
2.4299 2.0769 1.6436 1.5895 1.1033 1.4234 0.9411 1.1264 0.6304 1.4398 1.1873 0.6183 1.1906 0.2936 0.7555 0.7179 0.9559 0.6811 0.6665 0.1336 1.0008 0.3531 0.8844 1.0758 0.1692 0.6488 0.3409 0.7484 0.3314 0.6606 0.4796 0.6255 0.3135 
0.8151 1.7836 1.8631 1.7964 1.4569 1.0803 1.6377 1.3870 1.0085 0.7189 0.3083 0.6885 0.9993 1.3960 1.1911 1.0619 0.4690 1.0191 1.0923 1.2677 0.7872 0.4311 -0.0064 0.3549 0.5865 0.8918 1.0374 0.4140 0.6812 0.8821 0.7383 0.3536 -2.5310 
2.1959 2.0992 1.5945 1.3002 1.3462 1.3159 1.2989 1.3470 -0.4274 0.8075 1.4123 1.4597 1.3080 0.7708 1.3755 1.5230 1.0488 1.4656 1.3007 0.6551 1.0887 1.2274 1.1059 0.4441 -0.9429 0.8343 0.6990 0.6444 0.5571 0.3518 0.4363 0.6572 0.1172 
3.6108 3.6271 3.4053 3.2171 3.0416 2.8696 2.8041 2.8393 2.7408 2.5701 2.5860 2.7236 2.6843 2.5764 2.5670 2.5441 2.4945 2.4879 2.4587 2.4222 2.4682 2.4628 2.2928 2.1985 2.3277 2.3536 2.2408 2.1961 2.2611 2.3112 2.2988 2.1502 1.4524 
3.5109 4.0797 3.6890 3.2689 3.0809 2.9107 2.4735 2.7513 2.4385 2.4899 2.5522 2.2511 2.3165 2.2791 2.2820 2.2368 2.2870 2.1785 2.1628 2.1153 2.0980 2.0048 2.2571 2.1236 2.0186 2.2646 1.9104 2.2386 2.3160 2.3457 2.5454 2.6499 0.7277 
4.0705 3.8919 3.7571 3.2416 3.0128 2.8586 2.5541 2.8297 2.9714 2.6341 2.5944 2.6527 2.3831 2.4075 2.3963 2.3605 2.3351 2.3240 2.3191 2.2795 2.1797 2.3847 2.3031 2.2579 2.5195 2.3495 1.9854 2.1911 2.2225 2.3278 2.6504 2.4332 1.8874 
3.6839 4.0911 3.3523 2.7259 2.0487 2.0882 2.1539 2.4328 1.9384 2.3980 2.3167 2.0785 1.9014 1.9786 2.0413 1.9491 1.7701 1.8890 1.9633 1.8012 1.7011 1.8248 2.0031 2.0355 1.4690 1.9408 1.5675 1.3888 1.1896 1.8041 2.2047 2.6562 1.4121 
3.9031 4.0967 4.0296 3.5954 3.2949 3.1388 3.0962 3.0847 2.9033 2.8746 2.7744 2.7640 2.7256 2.7260 2.6965 2.6641 2.6699 2.6153 2.6067 2.5883 2.5244 2.5116 2.4612 2.5050 2.4598 2.5954 2.5107 2.4625 2.4798 2.6653 2.8913 2.6684 1.9386 
3.9244 4.2439 3.6476 3.3809 2.9598 2.7487 2.8290 2.5932 2.4474 2.4453 2.3559 2.3103 2.3284 2.3436 2.3014 2.2255 2.1645 2.1682 2.1796 2.1835 2.1137 2.0402 2.0453 2.0810 2.0257 2.0810 2.2687 2.0736 2.1484 2.4420 2.4625 2.7904 1.9881 
4.1105 4.1162 3.6999 3.3873 3.0123 2.8115 2.6751 2.5297 2.6522 2.5347 2.4247 2.3811 2.4529 2.3568 2.3512 2.2916 2.3138 2.2294 2.2570 2.2042 2.2735 2.1215 2.1175 2.1661 2.2017 2.0377 2.0843 2.1419 2.2220 2.4548 2.5530 2.6706 1.8588 
4.2706 4.3425 3.6494 3.6363 3.5205 3.4178 3.3475 3.2846 3.1759 3.1269 3.0974 3.0657 3.0404 3.0089 2.9823 2.9205 2.9105 2.8614 2.8595 2.8436 2.8314 2.8054 2.7910 2.7625 2.7516 2.7679 2.7515 2.7431 2.7385 2.6944 2.4774 2.8602 2.1004 
3.6724 4.4202 3.9864 3.7036 3.6226 3.4738 3.3364 3.3366 3.2342 3.1348 3.1140 3.0468 3.0068 3.0061 2.9866 2.9276 2.8925 2.8680 2.8652 2.8395 2.7920 2.7906 2.8007 2.7767 2.7949 2.8094 2.7374 2.7991 2.8106 2.7699 2.8159 2.9939 1.1950 
3.8935 4.0179 3.3347 2.4132 2.9020 2.7478 2.7267 2.6829 2.5011 2.5114 2.4062 2.3879 2.4310 2.3734 2.3317 2.3013 2.2056 2.2376 2.2247 2.2293 2.2458 2.1295 2.1015 2.1452 2.0821 2.1702 2.1423 2.0842 2.1201 1.4424 2.1969 2.5619 1.9060 
2.6470 3.8537 3.8307 3.5347 3.3896 3.2844 3.1378 3.0389 3.0161 3.0069 2.9509 2.8741 2.8524 2.8062 2.7934 2.7508 2.7437 2.7084 2.7070 2.6813 2.6739 2.6489 2.6524 2.6503 2.5854 2.5315 2.5738 2.6127 2.6177 2.6317 2.7159 2.4192 0.0539 
4.3285 4.2848 4.0221 3.8105 3.4293 3.2709 3.3492 3.2368 2.9984 2.8347 2.9517 2.7701 2.2351 2.5990 2.6890 2.4756 2.3173 2.4345 2.5945 2.4399 2.0353 2.5178 2.6519 2.4661 2.5540 2.7338 2.7549 2.5978 2.6595 2.8884 2.8769 2.8135 2.2906 
3.9506 4.2137 2.9147 3.4476 2.7559 2.3559 2.3695 2.3815 2.2637 2.2670 2.3490 2.3962 1.9815 2.2646 1.4800 1.6341 1.4665 1.5668 1.3851 2.0997 1.7565 2.1447 2.0312 1.8944 1.8194 1.8918 1.7846 1.6887 1.9887 2.5306 1.7301 2.7621 2.0114 
4.0968 3.7522 3.6512 3.2007 2.8311 2.7856 2.7334 2.7787 2.7460 2.5596 2.6322 1.9963 2.1945 2.2408 2.2428 2.2865 2.3145 2.2268 2.1300 2.0894 2.0134 1.7095 2.3232 2.1873 2.3316 2.3081 2.1502 2.1178 2.0640 2.3138 2.5168 2.2724 1.9313 
4.2296 4.2062 3.7145 3.8230 3.6919 3.5287 3.4311 3.3611 3.3578 3.3066 3.1871 3.1634 3.1254 3.0810 3.0576 3.0228 3.0036 2.9875 2.9821 2.9510 2.9450 2.9324 2.8885 2.9338 2.9273 2.8465 2.8457 2.8538 2.8951 2.9102 2.6086 2.7489 2.1139 
3.6674 4.4235 4.0837 3.6120 3.5252 3.3920 3.3339 3.1909 3.1584 3.1777 3.1785 3.0899 2.9095 2.9915 2.8717 2.8723 2.8787 2.8172 2.7745 2.8168 2.7101 2.8340 2.8797 2.8086 2.7395 2.6987 2.7349 2.7173 2.7414 2.6907 2.9636 2.9988 1.2729 
3.9191 3.9040 3.8756 3.7516 3.4965 3.3866 3.2371 3.1223 2.9292 2.9547 3.0032 3.2787 3.1182 3.1643 3.1225 3.0843 3.0321 3.0422 3.0349 3.0342 2.9358 3.0272 2.6932 2.5888 2.4848 2.6476 2.6686 2.7144 2.7260 2.8187 2.7606 2.4546 1.9061 
3.3189 3.9614 3.3623 3.3365 3.1446 3.0850 3.0112 3.1154 3.1332 2.4519 2.6846 3.3183 2.9220 2.8838 2.8696 2.6295 2.6676 2.5622 2.7745 2.7366 2.7189 3.0506 2.3789 2.0936 2.7129 2.6436 2.4176 2.4139 2.3758 2.3982 2.2307 2.4890 1.4548 
4.4787 4.3769 4.0904 3.9193 3.5491 3.1935 3.0994 3.2927 3.4305 3.4508 3.4010 3.2802 3.0036 2.7019 2.2350 2.1729 2.4635 2.1224 2.1235 2.5525 2.7888 3.0260 3.0929 3.0874 3.0146 2.7756 2.5142 2.5145 2.7588 3.0001 2.9850 2.9198 2.3912 
3.4351 4.1220 4.0846 3.6077 3.2035 3.0872 3.1308 2.7931 3.1357 2.7530 3.0014 3.0967 2.7864 2.5293 2.7891 2.6583 2.6829 2.6051 2.7012 2.3877 2.6081 2.8433 2.6906 2.3923 2.7178 2.3191 2.5575 2.4134 2.4197 2.6712 2.9916 2.6813 1.6446 
4.0048 3.4349 3.7118 3.4078 2.8987 2.7254 2.3525 2.7970 2.7077 2.5522 3.0427 2.8451 2.4207 2.3158 2.3406 1.9766 1.7452 1.8944 2.2439 2.1493 2.2372 2.6194 2.7336 2.1756 2.2908 2.3207 1.7122 2.0254 2.0766 2.4641 2.5843 2.0078 1.8708 
4.1438 4.1890 3.6650 3.3410 3.4790 3.4278 3.2897 3.3861 3.1686 3.0214 3.1286 3.1828 3.1269 3.1031 3.1200 3.0469 3.0027 3.0092 3.0334 2.9819 2.9485 2.9538 2.8216 2.6621 2.7485 2.8795 2.7021 2.7546 2.7087 2.4024 2.4969 2.7401 2.0171 
3.6808 4.1384 4.2522 3.9227 3.3452 3.0935 3.4947 3.3313 2.6785 2.8279 2.9177 2.5595 2.5392 2.7699 2.0976 2.0194 1.5483 1.9833 2.0096 2.6490 2.3533 2.3222 2.6226 2.4616 2.2450 2.7990 2.9357 2.4212 2.5496 3.0010 3.1189 2.7168 1.5782 
4.1282 3.6869 3.9950 3.4385 3.0082 2.9260 3.1281 3.0549 2.9017 2.9139 2.9547 2.7171 2.7708 2.4373 2.8219 2.7014 2.6549 2.6645 2.7353 2.3125 2.5877 2.4578 2.6548 2.5452 2.4630 2.5623 2.5478 2.2694 2.2354 2.5191 2.8409 2.2008 2.0100 
3.7257 4.0264 3.6500 3.4734 3.3288 3.0671 3.0960 3.2001 2.9903 2.9379 2.9900 2.8876 2.8690 2.7834 2.7303 2.7143 2.7055 2.6758 2.6543 2.6575 2.6847 2.6565 2.6778 2.5689 2.5430 2.7047 2.5209 2.3948 2.5226 2.5644 2.4878 2.5823 1.6423 
3.7480 4.0717 4.2260 4.0243 3.3605 3.3380 3.3910 3.4946 2.6615 3.3507 3.3086 2.9241 2.8996 2.7376 2.8913 2.8502 2.7925 2.7977 2.7908 2.6047 2.7043 2.6780 2.9996 2.9944 2.2071 3.0144 2.7990 2.6639 2.5671 3.0788 3.0993 2.6627 1.6699 
4.2841 4.0027 3.6957 3.6203 3.1294 2.5137 3.5485 3.1883 2.9699 2.8901 2.9951 2.8196 2.6474 2.7261 2.6975 2.5699 2.5637 2.5117 2.6082 2.5879 2.4254 2.5862 2.6822 2.5207 2.5142 2.6979 2.9912 1.8218 2.3657 2.6903 2.5662 2.4848 2.1185 
4.2181 4.2514 3.8569 3.5977 3.4698 3.3683 3.3218 3.2913 3.2490 3.1853 3.0837 3.0589 3.0502 3.0373 3.0220 3.0098 2.9704 2.9676 2.9254 2.8872 2.8455 2.7985 2.7780 2.8171 2.8054 2.7754 2.7186 2.6963 2.6965 2.6709 2.7398 2.7891 2.1090 
3.1320 3.8571 4.0203 3.9889 3.3916 3.0626 3.2554 3.1736 3.1066 3.0371 3.0670 3.0045 2.8992 3.0530 2.8998 2.8387 2.7768 2.7927 2.7935 2.9115 2.7040 2.7411 2.7586 2.6802 2.6883 2.6881 2.6824 2.3792 2.6204 3.0411 2.8992 2.4104 1.1899 
3.8505 3.8824 3.6702 2.9188 3.1370 3.0721 3.5123 2.8086 2.8630 2.7714 2.7739 2.7090 2.6292 2.6486 2.5614 2.5255 2.5048 2.4709 2.4563 2.4702 2.4131 2.4530 2.4607 2.4097 2.4338 2.3353 2.9540 2.4078 2.3700 1.9842 2.5200 2.4368 1.8353 
4.0126 3.6781 3.2897 2.7282 2.4646 2.4157 2.5542 2.0165 2.1290 2.5134 2.0744 1.7770 1.3126 1.3201 1.3728 1.4989 1.4214 1.4486 1.3064 1.1684 1.0707 1.5148 1.7565 2.1441 1.7110 1.5275 1.9823 1.7458 1.6968 1.7808 2.1366 2.2021 1.9549 
3.6620 3.5836 3.2964 2.7910 2.8400 2.9489 2.8333 2.6378 2.5355 2.0810 2.3641 2.3545 2.3216 2.3241 2.2697 2.1936 2.0572 2.1375 2.1522 2.1543 2.1053 2.0965 2.0546 1.7155 2.1050 2.1131 2.2717 2.2802 2.0623 1.8779 2.1431 2.1209 1.5759 
2.7543 3.1483 2.7835 2.7139 2.3778 2.3550 2.1125 1.9474 2.1036 1.4414 1.9880 1.9454 1.9486 1.7574 1.6885 1.4166 1.4966 1.3687 1.6015 1.6355 1.7334 1.6874 1.6760 1.0645 1.6845 1.4287 1.5392 1.6777 1.5948 1.7827 1.6621 1.7206 0.7099 
3.0343 2.9454 2.6218 2.3630 2.6002 2.3259 1.7683 1.6393 1.9547 2.0218 1.1479 1.9909 1.7250 1.7820 1.7427 1.6782 1.6908 1.6426 1.6608 1.6571 1.5302 1.7258 0.8677 1.6628 1.5034 1.1117 1.1909 1.6482 1.7939 1.4271 1.4696 1.4658 0.9348 
2.4941 2.7443 2.3931 1.8357 1.2068 1.6454 1.4854 1.7129 1.7976 1.6208 0.4047 1.2484 1.5415 1.5697 1.6601 1.3874 1.3600 1.3453 1.5557 1.4152 1.3518 0.9958 0.0880 1.2465 1.3793 1.2212 0.9381 0.9684 0.4131 0.9105 1.2900 1.3142 0.4407 
2.7825 2.6201 1.6345 2.0503 2.0253 1.8170 1.8613 1.9815 1.6206 1.4509 1.5872 1.7314 1.4895 1.5563 1.3029 1.1624 0.0925 1.1102 1.1865 1.4026 1.3165 1.4740 1.2953 1.0947 1.1617 1.4514 1.3043 1.1533 1.2403 1.1129 0.5032 1.1311 0.6805 
2.0098 2.5217 2.3708 1.9521 1.5604 1.5723 1.6582 0.7771 0.8827 1.1049 1.0908 1.3070 1.5019 1.0126 0.6803 1.1794 0.6826 1.1246 0.6005 0.8603 1.3229 1.0398 0.7801 0.7413 0.4325 0.2909 1.0633 0.8955 0.7677 1.0005 1.2523 1.0819 -0.0608 
2.7425 2.5730 1.9281 1.7105 1.7827 2.0631 1.7474 1.7087 1.8034 1.3128 1.2646 0.7275 1.4418 1.1115 1.4745 1.3738 1.0330 1.3334 1.3870 0.9876 1.2649 0.4776 0.9663 0.9432 1.3836 1.2086 1.1642 1.3901 1.0146 0.7710 0.7802 1.1023 0.6532 
1.2201 2.3773 1.8495 1.8524 1.7829 1.8531 1.4056 1.1109 1.3224 1.4277 1.2458 1.4632 0.7303 0.8405 1.3684 1.3237 -0.0447 1.2823 1.2936 0.7002 0.5180 1.2317 0.9511 1.0649 0.8916 0.6441 0.8100 1.1782 1.0131 0.9546 0.7394 0.9623 -1.2743 
2.6596 2.4555 2.2664 2.0989 1.8080 1.5695 1.3332 1.6175 1.6401 1.3966 1.5803 1.2618 1.4111 1.4663 1.0097 1.4424 1.4649 1.3987 0.9214 1.3378 1.2243 1.0044 1.2864 1.0369 1.1893 1.0987 0.7410 0.8971 1.0306 1.1662 1.1125 1.0031 0.4923 
2.5014 1.9772 1.7050 1.6553 1.4230 1.3273 1.1001 0.7105 1.1870 1.3055 1.2437 0.9730 1.1063 1.1801 1.1305 1.1011 1.1124 1.0550 1.0438 1.0387 0.9319 0.7096 0.9476 0.9401 0.7583 0.2057 0.5213 0.6532 0.6553 0.7067 0.6125 0.5052 0.4275 
2.3754 1.8604 1.8058 1.6483 1.6798 1.6750 1.4294 1.4040 1.4273 0.7660 1.1014 0.8444 0.7114 1.2695 0.6977 0.9983 0.7553 0.9609 0.6237 1.1024 0.5268 0.6183 0.7954 0.4088 1.0084 0.9171 0.8474 0.9982 0.8858 0.6983 0.6716 0.4042 0.2064 
1.4012 1.7372 1.9827 1.6391 1.3401 1.6277 1.5781 1.3390 1.4121 1.6168 1.3532 0.9479 0.9927 1.0400 1.0049 0.9775 0.9936 0.9288 0.9123 0.9037 0.7764 0.6822 1.0424 1.2444 0.9957 0.8282 0.9957 0.9563 0.5520 0.6882 0.8331 0.3116 -0.8913 
2.4726 1.6540 0.1686 1.5058 1.5064 1.4875 1.1940 1.4047 1.4407 1.2668 0.9703 1.1422 1.0369 0.4340 1.4597 1.2073 1.0050 1.1484 1.3755 0.3141 0.8353 0.9109 0.6538 0.8914 1.0168 0.9197 0.6311 0.8106 0.7185 0.5959 -0.7203 0.1432 0.3781 
2.1072 2.1267 1.8419 1.1594 1.4607 0.6916 1.1042 1.3853 0.6644 0.9616 1.2140 0.6953 0.0151 1.0904 0.3300 1.1043 0.9375 1.0597 0.2457 0.9678 -0.1967 0.4394 0.9171 0.5828 0.2403 0.8966 0.5288 0.0291 0.6829 0.2450 0.7098 0.6923 0.0510 
1.3315 1.3730 1.2657 0.5297 1.1012 0.9740 1.1773 1.0934 0.8294 0.9700 1.1782 0.9538 0.7363 0.4004 0.4880 0.2770 0.4565 0.1997 0.3957 0.2835 0.5434 0.6837 0.8833 0.6010 0.4005 0.6233 0.6235 0.2982 0.3199 -0.4539 0.1278 -0.1053 -0.9736 
1.1197 0.7081 1.2090 1.4422 1.2303 1.1577 1.2499 1.0524 1.1506 1.3103 1.1074 1.2726 1.3538 0.4976 1.1467 1.0156 0.4270 0.9774 1.0581 0.3540 1.1438 1.0131 0.7986 0.9497 0.7279 0.5625 0.6645 0.4878 0.4282 0.5184 0.0911 -0.6678 -1.0197 
2.2116 1.9706 1.6797 1.6541 1.7106 1.4424 1.3642 1.3867 1.2800 0.9024 0.3143 0.5331 -0.0405 0.7827 0.8257 1.1421 1.2270 1.1003 0.7340 0.6575 -0.2441 0.3042 -0.0025 0.5311 0.8274 0.8959 0.7726 0.7675 0.9374 0.7044 0.5256 0.4710 0.0189 
1.4464 1.4105 1.0902 1.1098 0.4395 1.0033 1.3155 1.3556 1.1064 1.3800 1.1389 0.8357 0.9040 1.2804 1.0919 1.1681 -1.3395 1.1132 1.0058 1.1087 0.6936 0.6175 0.8341 1.0196 0.6945 0.8449 0.7234 0.3380 -0.3666 0.2103 -0.0179 -0.0148 -0.6394 
2.0747 1.5489 1.8150 1.0602 1.1829 1.3948 1.5137 1.3525 0.3353 0.9379 0.8006 1.0059 1.2651 1.0575 1.4861 1.4499 0.8982 1.4095 1.3968 0.9342 1.0528 0.7500 0.5024 0.5643 -0.1097 0.8425 0.9599 0.7197 0.4083 0.1353 0.7030 0.1017 -0.0162 
2.6502 2.0515 1.5538 1.8175 1.5081 1.2121 0.9844 1.2748 0.9892 1.5747 0.9921 0.8893 0.9997 0.8827 1.2922 1.0138 0.8170 0.9761 1.1700 0.7291 0.7871 0.6457 0.6758 1.2034 0.5595 0.7577 0.3811 0.5459 0.7225 0.9092 0.4295 0.5913 0.5477 
1.9058 1.2040 1.5591 1.5701 0.6365 1.7184 1.0305 1.0099 1.4604 0.4594 1.1101 1.2026 1.1332 1.1563 0.8791 1.1844 0.4269 1.1294 0.7721 1.0215 0.9665 0.9707 0.8046 0.0890 1.0404 0.4911 0.4300 1.0442 -0.1313 0.6426 0.4319 -0.1572 -0.2564 
2.6251 2.2293 1.7192 1.5530 0.8752 1.5978 1.6482 1.3347 1.1108 0.4377 0.9979 1.4392 1.1445 1.0207 0.6594 1.1120 1.4224 1.0738 0.5701 0.8766 0.9713 1.1921 0.6898 0.0772 0.6933 0.8156 1.0494 0.9278 0.0698 0.6379 0.6103 0.7489 0.5112 
2.5008 1.9608 1.8104 1.1707 1.6448 1.3649 1.0263 0.9794 0.9980 1.1828 0.5830 1.1795 0.8000 1.0186 1.0429 -0.0417 0.8354 -0.0830 0.9652 0.8737 0.6283 0.9561 0.2768 0.8133 0.5730 0.4482 0.4348 0.6880 0.8379 0.2825 0.6948 0.4483 0.4131 
2.6360 1.9837 1.4445 1.2959 1.5774 0.9591 1.2813 0.8460 0.9654 1.4019 0.7230 0.8215 0.2855 0.2369 1.2408 1.0214 0.3121 0.9832 1.1251 0.0873 0.0672 0.5961 0.4152 1.0393 0.5166 0.3475 0.6824 0.2895 0.7721 0.3459 0.3221 0.4512 0.5057 
2.4537 2.0232 1.7926 1.3286 1.4853 1.0456 1.0961 1.1507 1.3479 1.0887 1.1552 0.5060 0.9740 1.2744 0.6712 1.0196 0.5159 0.9810 0.5887 1.1057 0.7590 0.2745 0.8579 0.7208 0.9311 0.6633 0.5175 0.3782 0.7044 0.3862 0.6810 0.5449 0.3654 
2.4524 1.6663 1.2097 1.3792 1.6657 1.4193 0.9372 1.1242 1.4223 1.7172 1.4734 1.3702 1.1137 0.5646 1.2097 0.8169 0.1821 0.7679 1.1061 0.4037 0.9470 1.1094 1.1717 1.3565 1.0065 0.6491 0.3446 0.7433 0.8735 0.4451 0.0740 0.1503 0.3619 
2.3643 1.8704 1.4362 1.5215 1.4176 1.4736 1.1794 0.8206 1.0901 1.2538 1.3773 1.1507 1.3038 0.9899 0.8531 0.9966 1.1310 0.9605 0.7542 0.8253 1.0835 0.9235 1.0694 0.8844 0.6724 0.3324 0.6228 0.8007 0.6476 0.6142 0.3241 0.4181 0.2982 
2.2752 1.6080 1.2759 1.1619 1.2847 1.4474 1.3105 1.5990 1.3102 1.1755 1.2558 1.4973 0.7856 1.4401 0.9846 1.3116 0.8708 1.2608 0.8754 1.3137 0.6167 1.2696 0.9598 0.8078 0.8642 1.0812 0.7147 0.7708 0.4694 0.2598 0.1465 0.0851 0.1331 
2.4700 2.0015 1.3802 1.6888 1.5161 1.6813 1.4875 1.2442 0.7476 1.3436 1.5492 1.2458 1.4211 1.1729 0.9327 1.0678 0.9477 1.0244 0.8084 1.0318 1.2364 0.9943 1.2538 0.9867 0.3294 0.7297 0.9269 1.0086 0.7289 0.7569 0.2903 0.5116 0.3975 
0.5044 1.5752 0.9988 1.3612 0.9833 1.4174 1.3241 1.3041 0.5105 0.9916 0.8396 0.7319 0.8742 0.7606 0.8847 0.4209 0.7814 0.3648 0.7741 0.6331 0.6831 0.4858 0.5368 0.6324 0.0677 0.7729 0.7373 0.7443 0.1661 0.4288 -0.0983 0.1116 -1.9168 
0.9024 1.7909 1.2837 1.4503 1.4085 1.6261 1.4385 1.0719 1.4274 0.6149 0.7319 0.9768 1.1152 1.0621 1.0867 1.0571 1.4538 1.0177 1.0025 0.9386 0.9522 0.7129 0.4225 0.2263 1.0061 0.5881 0.8578 0.9592 0.6371 0.5461 0.1132 0.3605 -1.4870 
2.8144 2.1800 1.9953 1.7493 1.5715 1.0155 1.6523 1.5729 1.3177 0.8620 0.8151 0.8439 0.6406 1.3381 1.1692 1.3595 1.4638 1.3218 1.0738 1.1815 0.4303 0.6139 0.5180 0.4952 0.8774 1.0630 1.0551 0.3446 0.7707 0.8149 0.8527 0.6854 0.7201 
2.6058 2.0525 1.6553 1.3618 1.3867 1.3937 1.3291 0.7367 1.1842 1.3225 0.7712 0.8055 1.0790 0.9990 0.7282 0.9732 1.3148 0.9285 0.6486 0.8406 0.8942 0.5807 0.4640 0.9660 0.7599 0.2332 0.7366 0.7239 0.6241 0.4282 0.5077 0.5763 0.4850 
2.4833 1.9016 1.5644 0.6357 1.3168 1.3152 1.5171 1.6072 1.1939 0.8109 1.3356 1.0567 0.9008 0.7365 1.1313 1.3160 1.1348 1.2683 1.0459 0.6136 0.6977 0.7961 1.0267 0.4540 0.7629 1.0873 0.9611 0.6371 0.5135 -0.3402 0.4196 0.3919 0.3800 
2.0151 1.8317 1.6088 1.5399 1.4951 1.2685 0.5506 1.3485 0.9637 0.9706 0.8141 0.3773 0.2917 1.1796 1.2389 0.7092 0.1247 0.6751 1.1235 1.0376 0.0738 0.1075 0.5132 0.6146 0.5001 0.8423 -0.0326 0.5918 0.7127 0.6305 0.4582 0.3932 -0.0357 
2.0154 1.6459 1.5146 0.8657 0.8612 1.2752 1.0534 0.5304 0.7728 1.1839 0.9099 0.8772 1.1197 1.2403 1.1290 1.2931 1.0611 1.2293 1.0453 1.0812 0.9567 0.6432 0.6202 0.8132 0.3548 0.0327 0.4618 0.6042 0.0812 -0.0342 0.3842 0.2219 -0.0598 
1.1071 0.6637 1.5447 1.3094 1.4105 1.2724 1.0969 1.1353 1.1395 0.6088 1.4413 1.0071 1.4043 0.9930 1.2792 0.6202 1.0212 0.5603 1.1581 0.8296 1.2141 0.7436 1.1323 0.2203 0.7202 0.6551 0.5167 0.6046 0.6402 0.3771 0.4160 -0.7427 -0.8879 
2.4045 1.4217 1.6392 1.5026 1.8740 1.4679 1.6549 1.0616 0.3346 1.1693 1.2215 0.1509 1.0008 1.2853 0.7149 0.9204 -0.3090 0.8618 0.6363 1.1101 0.7862 -0.0864 0.9255 0.8003 -0.0772 0.5816 1.0596 0.7932 1.0830 0.5858 0.4739 -0.1863 0.3053 
2.1335 1.4318 1.3006 1.6418 1.2555 1.3499 0.4188 1.0957 1.0174 0.8916 0.7745 1.0865 0.9931 1.1039 0.9543 0.4371 -0.3915 0.3998 0.8319 0.9771 0.7774 0.8351 0.4790 0.5233 0.6041 0.6183 -0.1499 0.6749 0.4474 0.6955 0.1550 -0.0141 0.0525 
1.7114 1.9501 1.8582 0.5917 1.3978 1.5579 0.9382 1.4980 1.3456 0.9094 1.2558 1.5313 1.3794 1.2861 1.2901 1.1933 0.8936 1.1371 1.1670 1.1127 1.1759 1.3044 0.9599 0.5463 0.9227 1.0105 0.3599 0.8845 0.6361 -0.2532 0.7340 0.5035 -0.3588 
0.7469 2.1196 1.6749 1.6521 1.3424 1.4460 1.3691 1.4715 1.2480 0.9092 0.6928 1.3488 1.5776 1.4326 1.5524 1.1263 1.3107 1.0836 1.4451 1.3079 1.3744 1.0935 0.3943 0.5442 0.7928 0.9925 0.7749 0.7773 0.5450 0.7121 0.5506 0.6923 -1.3286 
2.2779 1.8960 1.4231 0.5533 1.2662 1.2435 1.4898 1.4030 1.2023 1.0413 0.6343 0.6581 0.2163 0.8402 1.0966 1.2872 1.1084 1.2245 1.0099 0.7001 0.0196 0.3954 0.3209 0.6798 0.7668 0.9158 0.9334 0.5711 0.4586 -0.3361 0.3086 0.4330 0.2078 
1.0960 1.4087 1.1070 1.1458 1.4226 1.4559 0.9787 1.1986 1.3200 1.3088 0.7209 0.5699 0.8073 0.7361 0.4301 0.6239 0.7721 0.5647 0.3424 0.6123 0.6357 0.3234 0.4139 0.9446 0.8822 0.7011 0.3808 0.7802 0.6543 0.2387 -0.0155 -0.0201 -0.8657 
2.3763 1.8636 1.2833 1.3799 1.0159 1.3995 1.5038 1.0740 1.0952 1.4816 1.3380 1.4122 0.7683 1.2486 1.2999 0.7675 -0.3163 0.7207 1.1788 1.0896 0.5892 1.1596 1.0271 1.1147 0.6740 0.5893 0.9473 0.7288 0.2350 0.4450 0.1269 0.3937 0.3054 
2.4344 1.7304 1.5198 1.5861 1.3875 1.3358 1.5042 1.6472 1.6024 1.3066 1.0127 1.3334 0.7271 1.3709 0.9768 1.0689 0.7416 1.0265 0.8633 1.2313 0.5379 1.0714 0.7036 0.9415 1.1496 1.1185 0.9523 0.6576 0.6137 0.6518 0.3965 0.2815 0.3374 
1.8990 1.5989 1.4743 1.3985 1.4318 1.0660 1.1912 1.3533 1.2021 1.2165 1.2855 1.0872 1.0554 0.6494 0.8740 1.1111 1.0975 1.0725 0.7697 0.4823 0.8609 0.8354 0.9760 0.8478 0.7660 0.8481 0.6308 0.3922 0.6577 0.4648 0.3563 0.1049 -0.2419 
2.2747 2.1196 1.8059 1.1505 1.4275 1.0858 1.4506 1.6359 1.4573 1.4340 0.5420 0.5524 0.8645 0.9365 1.2098 1.1108 1.1586 1.0701 1.1059 0.7691 0.6717 0.3115 0.2408 1.0693 1.0392 1.1067 0.8880 0.4184 0.6561 0.2239 0.6872 0.6719 0.1361 
0.4203 1.4263 0.9258 1.0190 1.1135 1.1192 1.1349 0.9645 0.5049 0.9861 0.9968 0.9786 0.8599 0.8302 0.8652 0.5591 0.6275 0.4993 0.7647 0.6921 0.6679 0.7157 0.6875 0.6263 0.0892 0.4349 0.5778 0.4485 0.3396 0.0799 -0.1982 -0.0200 -2.5891 
1.6575 1.6722 1.5554 0.9422 1.1695 1.2753 1.4408 0.7182 1.3913 1.5969 1.0782 0.8503 1.0590 1.0566 0.8204 0.9826 1.1318 0.9430 0.7331 0.9294 0.8633 0.6193 0.7651 1.2237 0.9789 0.2445 0.8652 0.6095 0.3911 0.0002 0.4095 0.2031 -0.6306 
2.1565 1.0224 1.2171 1.5931 0.6697 1.3618 1.1557 1.3069 1.4411 1.3960 2.1439 1.9958 1.8493 1.5086 1.0929 0.7834 1.2008 0.7546 1.0095 1.3670 1.6693 1.7301 1.8428 1.0317 1.0183 0.7855 0.6037 0.6827 -0.0563 0.6579 0.0879 -0.5052 0.0511 
1.9738 1.8842 1.3338 1.4082 1.8728 1.7345 0.9973 1.2994 0.9856 1.0925 0.7367 1.2576 1.1049 1.1696 0.9800 0.6532 0.9971 0.6127 0.8705 1.0300 0.9300 1.0033 0.4305 0.7266 0.5521 0.7688 0.4103 1.0575 1.0860 0.4882 0.2212 0.4193 -0.1293 
2.4041 1.9269 1.0725 0.7261 1.2796 1.7484 1.6924 1.4577 1.2098 1.4605 1.4394 0.9624 0.4906 1.1175 1.0268 1.0959 0.9936 1.0528 0.9419 0.9941 0.3124 0.6976 1.1263 1.1039 0.7706 0.9806 1.1035 1.0761 0.4723 -0.2049 -0.0416 0.4267 0.3124 
0.3809 1.7152 2.0643 1.7679 1.3500 1.2563 1.4535 0.7434 0.9933 1.5032 1.1442 1.1367 0.8176 0.5859 1.3173 1.1039 1.2395 1.0588 1.2090 0.4236 0.6439 0.9022 0.8424 1.1360 0.5676 0.2675 0.8887 0.5803 0.5651 0.8296 0.9643 0.3065 -1.7094 
2.0595 1.8175 1.8302 1.4835 1.6495 1.5920 1.4451 1.4229 1.3936 1.3339 1.2422 1.3466 1.4122 1.2234 1.4815 1.1109 0.9513 1.0684 1.3923 1.0704 1.2245 1.0884 0.9497 0.9766 0.9807 0.9462 0.8704 0.9160 0.8450 0.5703 0.7121 0.3899 -0.0017 
1.6390 1.6414 1.6474 1.6567 1.3328 1.4164 1.4441 0.9464 0.9154 1.4393 1.2493 1.4857 1.2320 1.3509 1.3089 0.9475 0.9654 0.8834 1.1930 1.2020 1.0271 1.2579 0.9563 1.0761 0.4712 0.4184 0.8707 0.7453 0.5413 0.7115 0.5033 0.1566 -0.5949 
0.5315 1.2094 1.1419 0.6091 0.9240 0.9151 1.0064 0.1342 0.7865 -0.0646 0.4981 0.3288 0.6348 -0.2010 0.3875 0.3450 0.2783 0.3077 0.3044 -0.3146 0.4178 0.0651 0.2029 -0.3918 0.3691 -0.3419 0.4212 0.2364 0.1128 -0.3366 0.0341 -0.2704 -1.1717 
1.5463 1.5707 0.9687 1.4062 1.4912 0.7433 1.4243 0.6299 1.2107 1.2091 0.6158 0.6518 1.3068 1.0603 1.1615 0.8821 -0.0693 0.8270 1.0681 0.9309 1.0899 0.3943 0.3038 0.8377 0.7721 0.0932 0.8436 0.0872 0.7094 0.4801 -0.1946 0.1263 -0.5439 
2.4202 1.8026 1.4306 1.7348 1.7817 1.6626 1.5759 1.2365 1.0753 1.2974 0.8087 0.6290 0.2782 1.3081 1.2549 0.6746 0.3688 0.6354 1.1373 1.1365 0.0741 0.3641 0.5103 0.9265 0.6588 0.7228 0.9968 0.9874 1.0097 0.7980 0.3258 0.3228 0.3275 
1.9355 1.6374 1.7479 1.5775 1.6152 1.3294 1.7066 1.4800 1.0977 1.3900 0.9451 1.2981 1.0771 1.4365 1.3066 1.3349 1.3647 1.3000 1.1896 1.3112 0.8895 1.0293 0.6374 1.0276 0.6801 0.9953 1.1150 0.6545 0.8009 0.6523 0.6465 0.1411 -0.2283 
1.7862 1.8382 1.4138 1.1465 1.3548 1.4868 1.3508 1.1209 1.1054 0.9177 0.7972 0.8212 1.2567 1.2120 1.3137 0.8241 0.5864 0.7725 1.2021 1.0617 1.0480 0.5956 0.4992 0.5411 0.6848 0.6472 0.7624 0.8120 0.5810 0.2427 0.2967 0.3925 -0.2162 
1.7742 1.4542 1.8743 1.7855 1.8098 1.6975 2.0582 2.0245 1.7374 1.5037 1.2782 1.1781 0.9962 1.6532 1.5143 1.1298 1.4133 1.0910 1.4171 1.4864 0.7747 0.9566 0.9704 1.1347 1.3217 1.5144 1.4700 1.0261 1.0347 0.8704 0.7473 0.0158 -0.3526 
1.1984 1.6322 1.8716 1.6100 1.3123 1.2738 1.4712 1.3352 1.2049 1.3618 0.9959 1.1565 1.3433 1.4006 1.0159 1.0554 0.3729 1.0130 0.9306 1.2740 1.1323 0.9273 0.6831 1.0020 0.7690 0.8157 0.9160 0.5927 0.4991 0.6669 0.7495 0.1611 -1.1957 
2.3002 1.7526 1.6399 2.0879 2.0652 1.6264 0.6713 1.3427 1.2608 1.4605 0.9561 1.6252 1.2214 1.4116 0.5496 0.6135 1.2691 0.5587 0.4357 1.2870 1.0269 1.3590 0.6473 1.1037 0.8175 0.8339 0.0885 0.9457 1.3000 1.1582 0.5153 0.2978 0.2056 
0.6210 1.0961 1.2057 1.3445 1.3087 1.4072 1.4479 1.3188 1.3238 1.0831 1.0256 1.3155 0.9987 1.3787 0.6500 1.0798 0.7924 1.0352 0.5531 1.2409 0.7860 1.0495 0.7188 0.7168 0.8912 0.7912 0.8843 0.7313 0.5094 0.4085 0.0822 -0.3421 -1.6171 
