2.4231 1.3276 1.4801 1.3998 1.2885 1.1532 1.4088 1.6712 1.2456 1.3630 0.9217 0.7574 1.3627 0.7655 1.2113 1.1167 0.8456 1.0717 1.1155 0.6451 1.1428 0.5022 0.6195 0.9986 0.7944 1.1344 0.8175 0.4785 0.4602 0.4569 0.3499 -0.3702 0.2720 
1.7868 1.4761 1.4362 1.0234 1.4140 1.3136 1.1352 0.6060 1.3520 1.3998 1.0567 1.1317 1.4156 1.1379 1.3058 1.0207 0.9327 0.9800 1.1838 1.0129 1.2150 0.8850 0.7459 1.0328 0.9123 0.0913 0.5548 0.6243 0.6448 0.0999 0.3152 -0.0041 -0.3625 
2.1621 1.4755 1.1985 1.2702 0.9319 0.9600 1.1111 0.8505 1.1410 1.7006 1.0711 0.6814 0.8169 1.3767 1.2049 1.0896 1.1340 1.0480 1.1060 1.2235 0.6432 0.4220 0.7530 1.3388 0.7184 0.3504 0.5261 0.2962 0.1352 0.3190 0.0851 0.1040 0.0065 
2.4602 1.3524 1.2489 1.2143 1.0084 1.2089 1.2969 1.3772 1.2131 1.2917 0.7442 1.1237 1.4925 1.3768 1.0254 0.3062 1.1608 0.2492 0.9238 1.2201 1.3280 0.8748 0.4340 0.9138 0.7773 0.8567 0.6990 0.5296 0.2224 0.3111 0.0641 -0.0767 0.3293 
2.5627 2.1035 1.7226 1.3758 1.3640 1.1879 1.8070 0.9472 1.4497 1.5928 1.4291 1.0442 1.4116 1.2736 1.2070 1.0665 0.3501 1.0254 1.1095 1.1138 1.2098 0.7826 1.1184 1.2174 1.0255 0.4364 1.2190 0.5160 0.5610 0.4256 0.5761 0.6196 0.4215 
2.5712 2.1666 1.7736 1.7747 1.7633 1.3980 1.2202 1.6876 1.3559 1.4806 0.6876 1.3702 1.0882 1.3949 1.3768 1.2084 1.0674 1.1556 1.2829 1.2517 0.8887 1.1072 0.3677 1.1171 0.9147 1.1543 0.6575 0.7113 0.9886 0.8265 0.6529 0.6838 0.4318 
2.7188 2.1211 1.8241 1.8056 1.4357 1.4593 1.4557 1.5528 0.7432 1.0057 1.4713 1.5062 0.8171 0.7345 1.2322 1.2149 0.3000 1.1599 1.1308 0.6016 0.6464 1.2696 1.1550 0.6410 0.3194 1.0494 0.8683 0.7750 0.6543 0.8626 0.6908 0.6201 0.5621 
1.8497 1.8965 1.4435 0.9514 1.2676 0.9895 0.9002 0.9469 0.9389 0.8368 1.4519 1.3700 1.2945 1.1992 1.1440 0.7431 0.9581 0.6952 1.0568 1.0593 1.0810 1.1044 1.1377 0.4716 0.4792 0.4237 0.3253 0.3020 0.4565 0.0276 0.3113 0.4285 -0.2159 
0.0254 1.3016 1.2327 1.1242 1.0472 0.8723 0.7866 1.3121 1.3467 0.9867 1.0694 1.1831 0.9959 1.1081 0.4431 0.8650 0.1746 0.8116 0.3513 0.9869 0.7751 0.9501 0.7571 0.6114 0.9001 0.7818 0.2110 0.1913 0.2535 0.1953 0.0913 -0.1975 -2.0215 
1.2660 1.6999 1.4287 1.3304 1.1659 0.6755 1.1655 0.5202 0.8649 0.4704 0.1647 0.4961 0.9052 1.2969 0.8620 0.0126 0.6725 -0.0087 0.7693 1.1307 0.7018 0.2577 -0.1477 0.1054 0.4320 0.0161 0.5984 -0.0151 0.3795 0.3585 0.3234 0.2234 -0.7382 
1.7087 1.3483 1.5849 1.3203 1.0340 1.4554 1.3763 1.0680 1.3847 1.0847 1.0446 0.5411 1.1744 0.9976 1.1019 0.9406 0.5739 0.8765 1.0174 0.8239 1.0010 0.3088 0.7299 0.7161 0.9623 0.5736 0.7775 0.7739 0.2318 0.3554 0.4469 -0.1336 -0.3573 
2.7362 2.1860 2.0113 1.8530 1.7896 1.6356 1.6708 1.4821 1.4492 1.0875 0.7438 0.9897 0.5191 0.5345 0.8546 0.6253 0.2437 0.5609 0.7578 0.3840 0.3361 0.7194 0.4392 0.7212 1.0262 1.0021 1.0608 0.9522 1.0073 0.9271 0.8310 0.6881 0.5889 
2.3744 1.8640 1.8013 1.7773 1.1343 1.3804 1.6999 1.3998 1.1391 1.4102 0.7344 1.2526 1.3326 1.3716 0.7880 0.5178 0.6957 0.4550 0.6990 1.2138 1.1098 1.0083 0.4136 1.0444 0.7195 0.8880 1.0974 0.6953 0.3377 0.8258 0.6780 0.3592 0.2282 
2.7797 2.2606 1.9860 1.4746 1.7680 1.8271 1.8094 1.6515 1.5694 1.5457 1.1914 1.1642 1.3516 1.5005 1.4424 1.4094 1.0557 1.3687 1.3588 1.3707 1.1342 0.9271 0.8907 1.1710 1.1315 1.1201 1.2239 1.1421 0.9932 0.5194 0.8132 0.7432 0.6544 
2.7003 2.0270 1.7864 1.6439 1.3136 1.2695 1.3529 0.7535 0.7457 1.3427 0.9083 1.0301 1.1743 0.6073 0.3549 0.8256 1.2401 0.7831 0.2653 0.4455 1.0000 0.7675 0.6074 0.9770 0.3244 0.2623 0.7486 0.5852 0.4837 0.6894 0.6535 0.4654 0.5289 
2.5279 1.7122 1.0122 1.4244 1.3294 1.5477 1.4189 1.2855 1.1481 1.1416 1.3740 1.3256 1.5079 1.2926 1.4145 1.1746 0.9501 1.1305 1.3373 1.1274 1.3371 1.0532 1.0586 0.7808 0.7215 0.7629 0.8173 0.8635 0.4911 0.4686 -0.1891 0.1211 0.3855 
2.1391 1.8919 1.3541 1.0232 -0.2561 0.9206 1.0505 0.9488 0.8721 1.5440 1.5741 1.3667 1.1769 1.3837 1.0418 1.0150 1.2228 0.9773 0.9513 1.2322 1.0025 1.1019 1.2734 1.1708 0.4442 0.4210 0.4520 0.2384 -1.0734 0.0683 0.1851 0.4061 0.0138 
1.8450 1.6677 1.2488 0.9895 0.8751 0.9487 1.6159 1.6277 1.4961 1.2619 1.3149 1.3818 1.0297 0.8325 1.3706 1.1846 0.8983 1.1349 1.2756 0.6991 0.8119 1.1216 1.0025 0.8853 1.0694 1.1040 1.0259 0.2673 0.0615 0.0373 0.1134 0.1276 -0.4273 
2.5455 1.8733 1.4794 0.7590 0.8343 1.1476 1.2523 1.1317 1.3434 1.4589 1.3940 1.3848 1.1164 1.1468 0.9588 0.9613 0.7647 0.8971 0.8354 1.0203 0.9279 1.1247 1.0815 1.0913 0.8964 0.6497 0.6725 0.4638 0.0440 -0.1792 0.3514 0.3611 0.4171 
1.7229 1.8666 1.3257 0.5397 1.2128 0.7918 1.1582 0.9153 0.9702 0.4375 1.2221 1.3441 1.3592 1.0606 0.8250 0.4171 1.1664 0.3719 0.7371 0.9135 1.1401 1.0729 0.9240 0.0678 0.5087 0.3940 0.5912 0.1134 0.4103 -0.3701 0.1377 0.4167 -0.3424 
2.1313 2.0161 1.5614 1.4544 0.7932 1.1836 0.9522 1.2226 1.6353 1.7252 1.3911 0.4623 1.1185 0.8692 1.2918 1.1231 0.3619 1.0755 1.1725 0.7274 0.9321 0.2360 1.0758 1.3608 1.1805 0.7207 0.3529 0.5007 0.0096 0.5066 0.4126 0.5120 0.0310 
2.3757 2.0297 1.7863 1.1952 1.3814 1.1440 0.4580 1.0522 0.8408 1.3390 1.1304 1.2747 1.3880 1.1353 1.4437 1.2805 1.1933 1.2175 1.3605 1.0057 1.1785 1.0219 0.8120 0.9707 0.4155 0.5376 -0.0820 0.4701 0.5850 0.2796 0.6612 0.5260 0.2343 
2.0075 2.1641 1.9559 1.6736 1.6400 1.8031 1.4528 0.8080 1.0476 1.4316 1.1324 1.2676 0.5200 1.1583 0.9062 1.4885 1.2552 1.4479 0.7997 1.0277 0.3252 1.0173 0.8154 1.0643 0.6356 0.3295 0.8545 1.1200 0.8212 0.7145 0.7943 0.7115 -0.1686 
2.6542 2.0121 1.6492 1.6867 1.2290 1.4299 1.2307 1.4282 0.8687 1.3603 0.7547 0.8187 1.0759 0.8449 1.1133 0.6445 0.8738 0.5789 1.0271 0.7051 0.8763 0.5811 0.4442 0.9979 0.4378 0.9315 0.6577 0.7455 0.4211 0.7263 0.4598 0.4495 0.4801 
2.1963 2.0443 1.9419 1.1560 1.3693 1.0748 0.9062 0.9175 0.9042 1.4253 1.0521 0.7945 1.3815 1.5184 0.6856 1.4326 1.3742 1.3906 0.5737 1.3834 1.1704 0.5577 0.7385 1.0587 0.4618 0.4037 0.3239 0.3960 0.5698 0.2050 0.7892 0.5576 0.0665 
1.9703 1.1347 1.4739 1.4918 1.0926 1.1951 1.1744 0.3092 0.7980 1.0700 0.5426 1.5102 0.7171 1.4524 1.3455 1.3246 1.6481 1.2647 1.2339 1.3307 0.5200 1.2768 0.2445 0.7027 0.3739 -0.2231 0.6085 0.5135 0.3129 0.5610 0.3392 -0.3335 -0.2293 
2.5452 2.0666 1.7535 1.6202 1.2302 0.3217 1.1394 1.3752 1.1493 1.2220 0.2760 0.5964 0.6096 0.4867 1.0208 0.9420 0.2248 0.8826 0.9212 0.3517 0.4005 0.3443 -0.0251 0.8433 0.7196 0.8563 0.5600 -0.3637 0.4290 0.6741 0.6281 0.5591 0.4187 
1.4998 1.9191 1.5054 1.5125 1.2476 1.3347 1.3437 1.2110 1.2184 1.1774 0.7075 1.2020 0.8150 1.4186 0.6580 1.3542 1.1058 1.3122 0.5592 1.2842 0.6539 0.9777 0.3912 0.7996 0.7771 0.7127 0.7351 0.6528 0.4439 0.5951 0.3679 0.4494 -0.6383 
2.0830 1.8598 1.5951 1.1505 1.7551 1.8205 1.4675 0.5327 1.4488 1.3497 1.0576 1.3468 1.2273 1.1311 0.5425 1.0329 1.0121 0.9952 0.4462 1.0013 1.0335 1.0778 0.7453 0.9861 1.0258 0.0542 0.8732 1.1368 0.9861 0.2637 0.4405 0.3966 -0.0082 
1.4187 1.6841 1.7566 1.4762 1.4994 1.3594 1.0437 1.3930 1.4086 1.1106 1.3403 1.1216 1.3305 1.4832 1.0073 0.7360 1.2142 0.6922 0.9004 1.3569 1.1073 0.8649 1.0233 0.7466 0.9912 0.8859 0.4482 0.6740 0.7153 0.5485 0.6434 0.2139 -0.6369 
0.3705 1.4026 1.3728 0.7971 1.1814 0.9147 1.3517 0.4356 -0.3733 0.9860 1.0491 0.6869 1.1365 1.1280 0.7244 1.0574 -0.0848 1.0161 0.6497 0.9987 0.9636 0.4261 0.7351 0.6112 -0.8321 -0.0266 0.7453 0.2473 0.3876 -0.0646 0.2237 -0.0169 -1.1934 
2.0289 1.8212 0.9236 1.4504 1.1945 1.3569 1.5053 1.3147 1.0564 0.7185 1.1753 0.9561 0.2598 1.0308 1.4077 0.3122 0.7908 0.2362 1.3310 0.8782 0.0446 0.6937 0.8711 0.3551 0.6399 0.7848 0.9355 0.6774 0.3945 0.5088 -0.1723 0.3835 -0.0773 
1.3641 1.1053 1.6727 1.4364 1.5515 1.3553 1.4540 1.2028 1.2304 1.0274 1.0581 0.7518 0.8495 0.9608 0.7539 0.9841 0.4475 0.9185 0.6685 0.7903 0.6711 0.4923 0.7435 0.6637 0.7900 0.7037 0.8641 0.6716 0.7567 0.4885 0.5034 -0.3385 -0.8456 
2.7023 2.1272 2.5543 1.8040 1.9840 1.2599 2.0626 2.3043 1.6604 1.5929 1.6385 1.3684 1.4885 1.7073 1.4849 1.6966 1.0757 1.6547 1.3997 1.5462 1.3197 1.1090 1.3343 1.2133 1.1990 1.7833 1.4685 0.5700 1.1618 0.8508 1.4179 0.6714 0.5261 
2.2728 1.7614 1.6946 1.6328 1.2400 1.4549 1.3452 0.9486 1.4731 1.3515 1.4089 1.2454 1.3745 1.2857 0.7061 1.3809 1.3680 1.3440 0.6326 1.1221 1.1591 1.0059 1.0956 0.9893 1.0466 0.4151 0.7385 0.7741 0.4349 0.6896 0.5387 0.3018 0.1375 
1.1145 1.6609 1.1791 0.7962 0.5795 1.3409 1.1593 1.3835 1.0368 1.2809 1.1308 0.6353 0.9016 0.3499 0.8114 -0.2211 0.7101 -0.2493 0.7244 0.1894 0.7040 0.3685 0.8148 0.9041 0.6014 0.8702 0.5936 0.6570 -0.2388 -0.1579 0.0611 0.1610 -0.8368 
2.7189 2.0409 1.7197 1.5881 1.5008 1.4932 1.3186 0.9238 1.0275 1.3017 1.2974 1.2553 1.0779 0.4516 1.0791 1.1317 1.0764 1.0848 0.9992 0.3250 0.8806 1.0104 0.9926 0.9218 0.5954 0.4072 0.7115 0.8106 0.7134 0.6540 0.5658 0.4857 0.5706 
1.5250 1.5862 1.3798 1.2708 1.0327 1.0530 1.1168 0.7983 0.8143 0.1267 0.9651 0.3011 1.0663 1.0122 0.5871 0.2261 0.3363 0.1714 0.4685 0.8466 0.8646 0.0397 0.6547 -0.2416 0.3859 0.3179 0.5254 0.3704 0.2392 0.3331 0.2354 0.1082 -0.5673 
2.2207 2.0257 1.5344 1.6785 1.7128 1.2757 1.3376 1.5935 1.3884 1.0104 1.3742 0.7618 1.1566 1.5897 1.5725 1.5460 1.6264 1.4913 1.4712 1.4368 0.9911 0.4997 1.0596 0.6520 0.9649 1.0805 0.7330 0.5857 0.9132 0.7206 0.3937 0.5149 0.0659 
1.4071 1.3389 1.3294 1.4657 1.0206 1.0591 1.6093 1.1611 1.3292 1.2050 0.2273 1.3499 1.4527 0.8369 1.4159 1.3648 0.7158 1.3279 1.3387 0.7079 1.2639 1.0849 -0.0765 0.8316 0.8733 0.6714 1.0230 0.3893 0.2247 0.5333 0.1901 -0.0950 -0.8741 
2.3336 1.8639 1.8126 1.4689 1.5021 1.5414 1.4734 0.8879 1.5122 1.5772 1.4277 1.1277 1.4722 1.3787 1.3706 1.4162 0.3116 1.3744 1.2764 1.2218 1.2902 0.8701 1.1153 1.1997 1.0858 0.3831 0.8892 0.8572 0.7147 0.5125 0.6805 0.3610 0.1511 
1.8814 1.9529 1.3647 1.4852 0.9629 1.4958 1.6690 1.4745 1.7081 1.6729 1.0806 1.1822 1.2540 1.0125 1.3337 1.4116 1.0627 1.3705 1.2158 0.8427 1.0536 0.9520 0.7653 1.2937 1.2732 0.9918 1.0589 0.8191 0.1463 0.5694 0.1987 0.4715 -0.1771 
2.4354 1.8161 1.6565 1.1310 1.0872 1.1018 1.3251 1.1379 1.0298 0.4926 0.7932 0.8029 1.1994 0.7433 0.5765 0.4626 0.8801 0.4209 0.4660 0.6141 1.0151 0.5727 0.4765 0.1113 0.5952 0.6609 0.7113 0.4099 0.3190 0.1508 0.4909 0.3952 0.3164 
2.0466 1.8960 1.2759 1.5737 1.8258 1.1523 1.1642 1.2313 1.4709 1.2110 1.2428 1.2997 1.3700 1.1375 1.3542 1.4267 1.3986 1.3848 1.2499 1.0132 1.1515 1.0393 0.9443 0.8378 1.0427 0.7244 0.5929 0.4557 1.0437 0.6582 0.1196 0.4085 -0.0773 
1.9696 1.8407 1.7621 1.7870 1.7078 1.5509 1.4432 1.3706 0.8837 0.3959 1.0295 0.9445 0.6794 1.1203 0.5442 0.9766 0.0509 0.9134 0.4409 0.9949 0.4578 0.6879 0.7144 0.0335 0.4468 0.8470 0.8526 0.8660 0.9055 0.8423 0.6447 0.3744 -0.2077 
2.4786 2.0112 1.5400 1.0340 1.2573 0.1176 1.3743 1.0507 1.0175 1.1083 0.9887 1.3657 1.0907 1.3670 1.3458 1.1181 1.2529 1.0729 1.2319 1.2082 0.8946 1.1014 0.6724 0.7385 0.5721 0.5504 0.7722 -0.6229 0.4495 0.0943 0.3922 0.4634 0.3438 
2.1260 1.9635 1.7267 1.7464 1.6969 1.6791 1.7102 1.3247 1.5153 1.5451 0.9197 1.4069 1.0586 0.4086 1.1272 0.4779 -0.6537 0.4355 1.0376 0.2936 0.8497 1.1423 0.6312 1.1704 1.0876 0.7922 1.1084 0.9972 0.8860 0.7940 0.5923 0.4535 -0.0279 
2.0278 1.6514 1.2718 1.3938 1.2846 0.4618 1.1307 1.1499 0.9391 1.3396 1.2627 0.0482 1.1346 0.9456 0.9362 1.1039 0.7783 1.0581 0.8207 0.7806 0.9613 -0.2183 0.9600 0.9727 0.4917 0.6672 0.5458 -0.2341 0.4586 0.4502 0.1412 0.2126 -0.1773 
2.1171 2.2611 2.0485 1.8651 1.5941 1.0487 1.3772 1.0417 1.4875 1.6066 1.3580 1.2511 0.8346 1.3834 1.3842 1.5343 1.1048 1.4809 1.2991 1.2322 0.6615 1.0066 1.0401 1.2298 1.0637 0.5361 0.7779 0.3545 0.7879 0.9392 0.9010 0.7937 0.0659 
3.1896 3.2149 2.8430 2.6271 2.4714 2.2806 2.1468 1.8868 2.1604 2.1045 2.1640 2.1616 1.7455 1.6941 1.7306 1.6729 1.6994 1.6122 1.6451 1.5277 1.5373 1.9157 1.8571 1.7374 1.7355 1.3888 1.5576 1.5967 1.6906 1.6927 1.7099 1.7507 1.0488 
3.7574 3.6195 2.9902 2.6060 2.4367 2.4120 2.3688 2.0565 1.9434 1.5603 1.7730 1.7768 2.0611 2.0201 1.8084 1.8043 1.7086 1.7571 1.7180 1.8441 1.8487 1.5187 1.4667 1.1933 1.4822 1.5325 1.7597 1.7278 1.6624 1.6752 1.8246 2.1407 1.6829 
3.5168 4.2081 3.8731 3.4199 3.2148 3.0694 3.0472 3.0515 2.8502 2.7667 2.8137 2.6626 2.5777 2.6828 2.6015 2.5979 2.5519 2.5407 2.4997 2.5065 2.3915 2.4016 2.5018 2.4017 2.4270 2.5155 2.4395 2.3852 2.4283 2.4635 2.7354 2.7492 1.7005 
3.9330 4.0654 3.7675 3.4462 3.3209 3.1975 3.1462 2.8913 2.8199 2.7924 2.7243 2.6471 2.6751 2.7168 2.7061 2.6573 2.6420 2.5959 2.5887 2.5480 2.4572 2.3937 2.4088 2.4267 2.3950 2.3986 2.5536 2.5165 2.5085 2.5029 2.6262 2.5604 1.7843 
3.8908 4.2359 3.8499 3.2623 2.9526 2.7019 2.7639 2.9962 3.0887 2.7640 2.0635 1.3372 2.1141 2.0710 1.5465 1.1964 1.1295 1.1137 1.4273 1.9219 1.9306 1.1143 1.7411 2.3976 2.6648 2.4765 2.1692 2.0263 2.1593 2.3594 2.7228 2.7695 1.4407 
3.0973 4.1868 4.0793 3.6608 3.4674 3.3873 3.2674 2.7430 3.1445 3.1409 2.9535 2.9946 2.8514 2.8617 2.8495 2.8113 2.8018 2.7673 2.7644 2.7341 2.6830 2.7380 2.6531 2.7736 2.7249 2.2213 2.7010 2.7042 2.6937 2.7240 2.9116 2.7354 0.6157 
3.4057 3.4360 3.3115 3.0669 2.9615 2.8464 2.6428 2.7512 2.5361 2.5461 2.4769 2.5136 2.5251 2.4408 2.3579 2.3620 2.3505 2.3050 2.2360 2.3033 2.3580 2.2779 2.1634 2.1739 2.1116 2.2388 2.0549 2.1642 2.1612 2.1246 2.1698 1.9341 1.0665 
3.5183 3.8801 2.8020 2.8077 2.3477 2.3589 2.2088 1.6910 2.0124 1.6844 1.4127 1.4804 1.5621 1.7001 1.4850 1.5505 1.4535 1.4943 1.3996 1.5349 1.3713 1.2411 1.1008 1.3188 1.5490 1.1749 1.6495 1.6760 1.5166 1.8490 1.5942 2.4250 1.4937 
3.7681 3.8720 3.7306 3.1993 2.8433 2.7034 2.6129 2.6832 2.5490 2.2378 2.3807 2.3823 2.3221 2.1865 2.0315 2.0995 1.9921 2.0581 1.9207 2.0555 2.1066 2.1156 2.0644 1.8631 2.1192 2.1519 2.0371 2.0181 2.0591 2.2659 2.5612 2.4143 1.6907 
2.2343 2.9932 3.5901 3.3387 3.2949 3.1854 3.1379 2.9673 3.0610 2.9865 2.9009 2.8452 2.8179 2.7781 2.7648 2.7263 2.7151 2.6868 2.6848 2.6392 2.6282 2.5994 2.5982 2.6096 2.6174 2.4528 2.5431 2.5022 2.4931 2.4001 2.4594 1.5606 -0.3133 
3.3430 3.8635 3.3593 3.5292 2.9908 2.8498 2.6419 2.6340 2.7248 2.5279 2.4347 2.3544 2.1683 2.2324 2.1949 2.2329 2.1552 2.1780 2.1042 2.0889 2.0035 2.0808 2.1203 2.1603 2.2801 2.1254 2.0484 2.1703 2.1794 2.6010 2.2276 2.3923 1.5306 
3.8225 4.2679 3.6220 3.7415 3.3571 3.0688 3.0785 2.6324 2.9995 2.9285 2.8472 2.7874 2.7401 2.7493 2.6805 2.6534 2.5964 2.5919 2.5580 2.5966 2.5235 2.5254 2.5376 2.5542 2.5441 2.1145 2.4790 2.3832 2.5308 2.7873 2.4580 2.8005 1.4645 
4.2327 4.3272 4.2041 3.8893 3.4511 3.1624 3.3190 3.4111 3.3700 3.3313 3.1790 2.9345 2.5244 2.0944 2.4950 2.5025 2.4957 2.4577 2.4071 1.9581 2.3542 2.7014 2.8612 2.9540 2.9096 2.8854 2.7334 2.4814 2.6660 2.9585 3.0732 2.8454 2.0444 
4.0321 4.1091 4.0705 3.3298 3.3963 3.2899 3.1849 3.1652 2.8425 2.8302 2.9283 2.8030 3.0288 2.6994 2.7640 2.7451 2.7044 2.7085 2.6850 2.5165 2.8071 2.5476 2.6255 2.4630 2.4135 2.6799 2.6020 2.6100 2.5854 2.3860 2.9001 2.6473 1.7689 
3.7930 4.4155 4.1253 2.9464 3.0719 2.9370 2.8612 2.6418 2.9789 2.6867 2.7224 2.9407 2.1595 3.0403 2.8423 2.0489 2.0505 2.0146 2.7497 2.8611 1.9867 2.7065 2.4089 2.3087 2.5295 2.1287 2.2951 2.2636 2.2796 2.0090 2.9939 2.9210 1.3775 
4.0387 4.5171 4.1439 4.0796 3.8498 3.7609 3.6502 3.5647 3.5360 3.4716 3.4232 3.4000 3.3124 3.3257 3.2428 3.2331 3.2110 3.1865 3.1488 3.1661 3.1085 3.1312 3.1080 3.1054 3.1134 3.0756 3.0677 3.0775 3.0677 3.1214 3.0033 3.0621 1.5124 
4.0004 4.2821 4.1540 3.8762 3.6774 3.4616 3.4035 3.4160 3.1677 3.1166 3.0178 2.7280 3.0956 3.0899 2.8896 2.9079 2.9731 2.8539 2.8010 2.9337 2.8867 2.4566 2.7097 2.7494 2.7446 2.8907 2.7998 2.7802 2.8596 2.9608 3.0448 2.7959 1.5338 
4.2683 4.5596 4.1023 3.7309 3.4057 2.9698 2.8834 3.1158 3.0998 3.2069 3.1855 3.1507 2.8371 2.6918 1.9712 1.8872 2.0921 1.8347 1.8476 2.5086 2.6514 2.8928 2.8723 2.8438 2.6821 2.6123 2.3199 2.2900 2.5956 2.7649 2.9400 3.1025 2.1377 
4.1042 4.3921 4.3840 4.0872 3.8193 3.7298 3.5606 3.6299 3.5955 3.3949 3.2108 3.4222 3.3981 3.2128 3.2593 3.2511 3.2059 3.1966 3.1633 3.0820 3.1808 3.1587 2.9106 3.0268 3.1610 3.1235 2.9928 3.0465 3.0451 3.1338 3.2151 2.9100 1.8738 
4.3030 4.5461 4.3003 3.7307 3.2952 2.9686 3.1159 3.1884 3.2370 3.0953 2.7024 2.8425 2.3709 2.4864 2.5824 2.4408 2.2930 2.3995 2.4871 2.3652 2.1557 2.5898 2.3791 2.7278 2.8060 2.7040 2.5173 2.2763 2.4780 2.7595 3.1521 3.0909 2.1736 
3.8429 4.1300 4.3967 3.8892 3.7421 3.5999 3.6153 3.4857 3.3859 3.2201 3.2449 3.1036 3.1848 3.1052 3.1232 3.0410 3.0200 2.9788 3.0449 2.9599 3.0034 2.8433 2.9431 2.8491 2.9287 2.9878 3.0476 2.9192 2.9291 2.9698 3.2299 2.7062 1.7692 
4.1650 4.5863 4.4509 4.0114 3.8623 3.7598 3.7280 3.4914 3.5472 3.4778 3.4369 3.4196 3.3813 3.3082 3.2974 3.2699 3.2332 3.2135 3.1890 3.1525 3.1564 3.1552 3.1232 3.1109 3.1237 2.9966 3.1188 3.0762 3.0768 3.0700 3.3030 3.1311 1.9332 
3.3712 3.7644 4.4271 3.8828 3.6821 3.5290 3.5016 3.5049 3.4038 3.3641 3.4146 3.2083 3.2212 3.1960 3.0903 3.0864 3.0581 3.0495 3.0003 3.0702 3.0491 2.9720 3.0997 2.9847 2.9578 3.0211 2.9106 2.8455 2.8615 2.9462 3.2779 2.3540 0.7160 
3.8837 4.2078 4.2826 3.8269 3.6613 3.5071 3.4663 3.4929 3.3902 3.3073 3.2959 3.1900 3.1621 3.1063 3.0808 3.0782 3.0419 3.0422 2.9852 2.9599 2.9723 2.9474 2.9958 2.9297 2.9343 3.0018 2.8657 2.8223 2.8462 2.8728 3.1433 2.7575 1.8636 
4.1070 3.7524 4.1266 3.8348 3.4628 3.2905 3.3599 3.1133 3.0413 3.1634 2.9866 2.9477 2.8753 2.9497 2.0910 2.5664 2.5579 2.5116 2.0131 2.7978 2.7048 2.7106 2.6845 2.7959 2.5762 2.6111 2.7547 2.6062 2.6811 2.8792 3.0076 2.2881 2.0105 
4.2742 3.9292 4.0582 3.1326 3.1537 3.1391 3.0743 2.6173 2.5553 2.7030 2.5414 2.3176 2.0698 1.8550 2.6871 2.4508 2.3976 2.4087 2.5636 1.7180 1.8616 2.0601 2.2420 2.3270 2.1207 2.1085 2.4686 2.4487 2.3646 2.1613 2.8861 2.4636 2.1870 
4.2130 3.2834 4.2091 3.8861 3.4280 3.1467 3.5643 3.3220 3.0782 2.5488 2.8977 2.7222 2.7421 1.9944 2.6382 2.6097 2.5554 2.5509 2.5212 1.8185 2.5263 2.4540 2.5952 2.1723 2.6461 2.8014 2.9964 2.4586 2.6261 2.9482 3.0852 1.7841 2.1252 
4.1924 4.0033 3.7913 3.3706 3.1007 3.0427 2.9389 2.8284 2.7423 2.7060 2.5598 2.6292 2.5845 2.6777 2.4094 2.3647 2.3912 2.3092 2.3206 2.5043 2.3951 2.3817 2.2574 2.3348 2.3115 2.3445 2.3668 2.3558 2.2910 2.4188 2.6478 2.5179 2.1288 
4.1390 3.7660 3.7306 3.7484 3.2269 3.1957 2.5921 3.1079 2.9274 2.9704 2.5166 2.8080 2.5979 2.6637 2.6908 2.6508 2.6758 2.5899 2.5666 2.4986 2.4039 2.5506 2.2105 2.5926 2.4916 2.5968 2.0295 2.5086 2.4320 2.7891 2.5832 2.2983 2.0628 
4.1464 3.8195 3.3952 3.3663 2.9818 2.6770 3.2198 2.4997 2.2481 2.0976 2.1652 2.2824 2.1911 2.1800 2.0803 2.0520 1.9575 2.0162 2.0011 2.0516 2.0200 2.0366 1.8590 1.7311 1.8079 2.0083 2.6501 1.9674 2.1616 2.4079 2.2344 2.3677 2.0652 
4.1429 3.8760 3.3459 2.8941 2.0981 2.4511 2.4951 2.4557 2.4007 2.3679 2.4283 2.1660 2.0130 1.9552 1.7298 1.8119 1.7995 1.7654 1.6467 1.7970 1.7895 1.9272 2.1147 2.0005 1.9685 1.9578 1.9049 1.7622 1.2912 1.9496 2.1751 2.4158 2.0738 
4.0800 3.7323 3.0487 2.6158 2.6373 2.3676 1.3708 2.4234 2.1602 2.1783 1.6914 1.9586 2.0412 1.7933 1.3054 1.7094 1.6836 1.6752 1.1977 1.6604 1.8205 1.7078 1.3701 1.8115 1.7353 1.9121 0.7817 1.6816 1.8211 1.6899 1.8927 2.2268 1.9979 
3.9351 3.7323 3.1744 2.6272 2.4281 2.2815 2.7148 2.6279 2.4741 2.2846 2.0074 1.9526 1.7727 2.1097 2.1179 2.0228 1.8809 1.9663 2.0363 1.9799 1.5857 1.7016 1.6882 1.9061 2.0508 2.1122 2.1141 1.5809 1.6544 1.6806 2.0396 2.2304 1.8349 
3.7656 3.5676 2.9104 2.7198 2.4382 1.9462 1.7231 1.5250 1.8356 2.0697 2.0457 2.1780 1.9737 1.9914 1.9306 1.6698 1.5922 1.6056 1.8197 1.8197 1.7593 1.9439 1.7343 1.7065 1.4235 1.0395 1.1056 1.2452 1.6497 1.7647 1.7655 2.0992 1.6973 
3.5607 3.4243 2.9147 2.5794 2.4575 2.5660 2.7541 2.2755 2.2790 2.3174 2.3642 1.9744 2.3127 2.1808 2.0183 1.9098 1.9233 1.8523 1.8970 2.0519 2.1004 1.7165 2.0459 1.9406 1.8284 1.7582 2.1581 1.8882 1.6816 1.6667 1.7745 1.9467 1.4608 
3.4123 3.2864 2.2544 2.6836 2.5014 2.0461 1.9826 2.2054 2.0501 2.0500 1.8281 1.9265 1.9373 1.6223 1.8555 1.6920 1.6312 1.6473 1.7660 1.4537 1.7355 1.6870 1.5257 1.6860 1.6163 1.7152 1.3823 1.3608 1.7142 1.7344 1.0788 1.8077 1.3388 
3.0965 3.0797 2.7254 2.4824 2.3579 2.0879 1.7163 2.0612 2.1844 1.9156 1.8262 1.9115 1.7723 1.8532 1.8283 1.8216 1.6651 1.7801 1.7427 1.7217 1.5761 1.6792 1.5206 1.5399 1.7595 1.5499 1.1335 1.3952 1.5331 1.5420 1.5770 1.6107 1.0179 
3.1647 3.0960 2.7027 2.2414 2.1585 2.0348 2.1582 2.1749 1.8160 2.0342 1.9801 1.7947 1.7571 1.6089 1.5119 1.5215 1.4307 1.4747 1.4229 1.4493 1.5534 1.5415 1.6751 1.6724 1.3874 1.6912 1.5797 1.3496 1.3729 1.3182 1.5384 1.6289 1.0677 
1.2081 2.7100 2.1750 2.0684 2.1237 1.8874 1.6856 1.0266 1.3806 1.2368 1.3150 1.6759 1.3021 1.4112 1.4507 1.3289 1.1235 1.2610 1.3653 1.2784 1.0816 1.4046 1.0096 0.8725 0.9574 0.4740 1.0786 1.1918 1.3464 1.1306 1.0593 1.2462 -0.5290 
2.9372 2.8006 2.3796 2.2402 2.0814 2.0314 1.8935 1.7898 1.7097 1.7738 1.6801 1.5320 1.3102 1.4814 1.3243 1.7276 1.6623 1.6898 1.2019 1.3579 1.0886 1.2994 1.3620 1.4068 1.2759 1.3012 1.3297 1.3473 1.2985 1.3182 1.2336 1.3383 0.7970 
1.8035 2.4832 1.9224 1.9439 1.7551 1.1327 1.5941 1.8238 1.3850 1.0130 1.3762 1.3617 1.4165 0.6265 1.1012 1.0045 0.6848 0.9494 1.0204 0.4364 1.2135 1.0981 1.0613 0.6471 0.9594 1.3431 1.0207 0.4299 0.9755 1.0146 0.7959 1.0418 -0.6933 
2.5951 2.4972 2.1945 2.0405 2.0830 1.9023 1.6753 1.6525 1.6736 1.2934 1.0446 1.6789 1.2235 1.6013 1.1716 1.4358 1.4730 1.3930 1.0791 1.4449 1.0360 1.4074 0.7377 0.9126 1.2160 1.1221 1.0656 1.2164 1.2992 1.0864 1.0622 1.0271 0.4450 
2.2935 2.0749 1.4722 1.5397 0.6919 1.3997 1.0444 0.4986 0.3946 0.7844 1.0110 1.3397 0.5477 1.2790 1.0072 0.8659 0.6744 0.8149 0.8931 1.1197 0.3548 1.0692 0.6899 0.4152 -0.0280 0.0084 0.4453 0.7221 -0.1789 0.6225 0.3571 0.6563 0.1016 
2.2371 2.4107 1.8206 0.9304 1.3483 1.3411 1.0704 1.7165 1.4471 1.5022 1.5059 1.4260 1.3668 1.1066 1.2303 0.9635 0.2757 0.8975 1.1284 0.9801 1.1494 1.1618 1.2036 1.1349 1.0245 1.1994 0.4891 0.6608 0.5401 -0.0169 0.6864 0.9504 0.1065 
2.1835 1.7701 1.0196 1.3355 1.0111 0.6852 1.0310 1.2429 0.8255 0.6747 1.2686 1.2885 1.0032 0.7992 0.4861 0.0532 0.3008 0.0084 0.3908 0.6747 0.7829 1.0311 0.9705 0.3052 0.4055 0.7260 0.4393 -0.0186 0.1959 0.3716 -0.2321 0.3604 0.0437 
2.1661 2.0908 1.9763 1.8407 1.7590 1.5945 1.2742 1.3129 0.5900 1.2089 1.3405 0.4646 1.0586 1.3826 1.1812 0.6521 1.1362 0.6001 1.0867 1.2328 0.8553 0.2243 1.0222 0.8359 0.1276 0.7811 0.6859 0.9081 0.9820 0.9181 0.8142 0.6260 0.0387 
2.1587 1.5200 0.7140 0.6938 0.7653 1.0067 1.2946 1.1271 1.0858 0.6744 1.3561 1.1382 1.0572 1.1956 1.1089 0.3845 0.9936 0.3505 1.0229 1.0524 0.8533 0.8959 1.0401 0.3055 0.6676 0.6504 0.6927 0.3110 -0.0012 -0.3032 -0.5813 0.1275 -0.0017 
1.8076 1.9541 1.2849 1.4948 1.4770 1.2540 1.5404 1.4625 1.5172 1.4315 1.0809 1.5639 1.0445 1.2610 0.7231 1.3102 1.2967 1.2472 0.6509 1.1044 0.8325 1.3324 0.7761 1.0634 1.0916 0.9765 0.9818 0.5829 0.6972 0.5827 0.1238 0.4958 -0.3246 
1.1662 2.0178 1.5088 0.7795 1.4090 0.8224 1.5081 1.5012 1.6671 1.3838 1.0292 1.3053 1.0421 1.2996 0.7339 1.1394 1.3785 1.1004 0.6603 1.1324 0.8311 1.0403 0.7137 1.0195 1.2055 1.0151 0.9388 0.1382 0.6412 -0.2452 0.3815 0.5469 -2.2821 
0.1297 1.9119 1.2290 0.8083 0.8958 0.8084 1.1377 0.7338 1.0306 0.3183 1.1794 0.2487 1.0919 0.6076 0.6164 0.4475 0.5978 0.4031 0.4911 0.4470 0.8966 0.0092 0.8777 -0.0535 0.5996 0.2278 0.5634 0.1168 0.0850 -0.0860 0.0920 0.4454 -1.5284 
