1.5268 1.4481 0.0043 1.7143 1.8263 1.1623 1.4505 1.5614 1.5310 1.2395 0.7867 0.6037 1.4676 1.6377 1.0894 1.3377 1.5875 1.2679 0.9945 1.4782 1.2105 0.2774 0.4199 0.7948 1.0322 0.9830 0.7362 0.3466 0.8492 0.6158 -1.3630 -0.3081 -0.9080 
2.4771 2.4483 2.2297 0.8574 1.4903 0.9944 1.4780 1.5343 1.6248 1.9169 1.5768 1.8857 1.9286 1.7085 1.6136 0.7921 1.6913 0.7295 1.5101 1.5282 1.6925 1.5777 1.1993 1.4806 1.1239 0.9517 0.7634 0.1952 0.5500 -0.2164 0.8281 0.7121 -0.0361 
2.8607 2.0152 2.2337 1.6045 1.8131 1.5914 1.5719 1.8578 1.6348 2.0025 1.5095 1.6906 1.4980 1.5905 1.8040 2.2364 2.0141 2.1682 1.6619 1.4405 1.2536 1.4187 1.1339 1.5726 1.1275 1.2315 0.8718 0.7842 0.8388 0.5006 0.8361 0.2003 0.3096 
2.8152 2.3851 2.1872 1.7125 1.9420 2.2586 1.9945 1.8762 2.0074 1.6765 1.5593 1.4796 1.5448 1.4743 1.7078 1.8368 1.4629 1.7724 1.5877 1.2980 1.3101 1.1765 1.1827 1.2316 1.5054 1.2641 1.2989 1.4445 1.0239 0.6029 0.8035 0.6366 0.3067 
2.9704 2.7450 2.5392 1.5531 1.9429 2.2534 2.3319 2.2706 1.9541 1.9890 2.1034 1.8724 1.0650 1.3043 1.8182 1.3209 1.0555 1.2509 1.6696 1.1294 0.8038 1.5580 1.7452 1.5513 1.4509 1.6468 1.6206 1.4418 1.0231 0.3953 1.1683 1.0099 0.3789 
2.2745 1.2761 2.4537 2.2965 2.0974 1.4096 1.8167 1.8836 1.8394 1.5835 1.5069 1.2709 1.7889 1.7280 2.0564 1.4304 0.7808 1.3628 1.9460 1.5457 1.5335 0.9971 1.1365 1.1444 1.3024 1.2714 1.0889 0.5578 1.1457 1.1721 1.1154 -0.3560 -0.1461 
2.8835 2.9987 2.3733 2.1179 1.7789 0.8733 2.3694 2.3045 1.9960 1.7128 1.7048 2.0351 2.2546 1.9203 1.7345 1.5434 1.5920 1.4919 1.5977 1.7539 1.9952 1.7576 1.3447 1.2680 1.4858 1.6939 1.6700 0.0202 0.8024 1.0135 1.0300 1.2111 0.3082 
2.9242 2.9551 2.1306 2.5805 2.0618 1.5670 1.9245 2.2403 1.8145 1.0834 1.0227 1.4349 1.9389 0.9926 1.0617 1.7798 1.8512 1.7102 0.9459 0.7729 1.7050 1.1203 0.6535 0.6530 1.2552 1.6059 1.2086 0.7416 1.1144 1.4621 0.7799 1.1885 0.4397 
3.6953 3.1993 2.6608 2.3057 1.9927 1.8785 2.3796 1.9944 1.8435 1.4903 1.5683 2.0274 1.6948 1.8232 1.6801 1.3787 1.5082 1.3044 1.5621 1.6093 1.4654 1.7483 1.1928 1.0585 1.3129 1.4190 1.6804 1.0713 1.0516 1.1748 1.2874 1.4577 1.1875 
3.2199 4.1806 3.9065 3.5769 3.4502 3.3288 3.2799 3.1262 3.1072 2.9901 2.9837 2.8774 2.7803 2.7195 2.6461 2.6400 2.6639 2.5686 2.5054 2.5483 2.5538 2.6027 2.6286 2.5408 2.6026 2.5211 2.6090 2.5164 2.4687 2.4485 2.5444 2.4191 0.3141 
4.8453 4.8062 3.8115 3.6334 3.5016 3.2746 3.2294 3.1540 3.0573 3.0595 2.9168 2.9840 2.8923 2.9148 2.9040 2.7517 2.7844 2.7011 2.7876 2.7405 2.6732 2.6813 2.5605 2.6241 2.5203 2.5604 2.5525 2.4604 2.5513 2.5337 2.4005 3.0708 2.3466 
4.6189 3.9734 3.6605 3.6048 3.4195 3.3237 3.0474 2.7596 2.8281 2.8135 2.8161 2.6537 2.6833 2.4299 2.4591 2.3500 2.3490 2.2989 2.3477 2.2755 2.4246 2.3338 2.4483 2.3828 2.3250 2.1780 2.3165 2.5136 2.4474 2.4944 2.3347 2.2502 2.1329 
4.3246 4.5247 2.6072 3.2162 3.0760 2.8983 3.0816 2.5808 2.6817 2.6476 2.3980 2.4482 2.4504 2.4209 2.5015 2.3486 1.9414 2.2943 2.3840 2.2733 2.2428 2.1777 2.0130 2.2083 2.1707 1.9521 2.3679 2.0895 2.1294 2.1317 1.5169 2.7754 1.9489 
4.5840 4.7480 3.1573 2.7997 2.7385 2.6409 2.5408 1.8699 2.0032 1.5991 1.8634 1.8190 2.0320 2.0088 2.0444 1.9413 1.9005 1.8953 1.9376 1.8690 1.8371 1.5184 1.5126 1.2110 1.5282 1.3159 1.8292 1.7907 1.7691 1.6035 1.5952 3.0149 2.2051 
4.5539 4.9109 3.5935 3.5464 3.1408 2.9446 3.4633 3.4495 3.2167 3.0032 2.9536 2.8106 2.8467 2.7432 2.5006 2.5901 2.5842 2.5158 2.3839 2.5804 2.6437 2.5175 2.5938 2.5532 2.7074 2.8119 2.7431 2.1472 2.2153 2.4118 2.1490 3.1699 2.0570 
4.5395 5.0828 4.3653 3.8501 3.6710 3.5006 3.5070 3.3573 3.2857 3.3644 3.2216 3.1990 3.0826 3.0986 3.1301 3.0032 3.0280 2.9293 3.0388 2.9145 2.8204 2.8976 2.8532 2.9177 2.7709 2.7472 2.7959 2.6861 2.7308 2.7071 3.0028 3.3086 1.9055 
4.4109 4.9973 4.6757 4.2452 4.0171 3.8509 3.8442 3.7514 3.6743 3.4917 3.4773 3.4764 3.3932 3.3512 3.2875 3.2460 3.2226 3.1966 3.1753 3.1687 3.1428 3.1578 3.1009 3.0604 3.1631 3.1450 3.1224 3.0379 3.0834 3.1062 3.2746 3.2341 2.1105 
5.2217 5.0669 4.4291 4.0056 3.4810 3.0256 3.1177 3.1873 3.2281 3.3035 3.1972 2.7758 2.7386 2.7183 2.5644 2.5589 2.1986 2.4861 2.4271 2.5487 2.4989 2.4776 2.8176 2.8629 2.7318 2.6167 2.4144 2.2321 2.5324 2.8853 3.0768 3.2667 2.6858 
5.1945 5.0606 4.4368 4.2979 4.1099 3.9636 3.9385 3.8346 3.6230 3.6711 3.6500 3.5166 3.4366 3.4277 3.4034 3.3975 3.2991 3.3245 3.2614 3.2206 3.1735 3.2065 3.2872 3.2285 3.1146 3.2052 3.2235 3.1502 3.1639 3.1611 3.0797 3.2616 2.6367 
4.7193 4.3548 4.4875 4.2376 3.9758 3.8673 3.6781 3.5269 3.4784 3.4623 3.4538 3.1706 3.4225 3.3628 3.2896 3.1231 3.1587 3.0767 3.1765 3.1774 3.1644 2.8626 3.0744 3.0276 2.9487 2.9213 3.0041 3.0548 3.0540 3.1049 3.1418 2.6353 2.1766 
3.6732 4.5352 3.9394 3.4152 3.5046 3.3709 3.3907 3.5082 3.1626 2.8599 2.5357 2.6035 3.0131 2.8945 2.8596 2.9076 2.8458 2.8434 2.7514 2.7265 2.7582 2.2861 2.1874 2.4071 2.6679 2.8946 2.6875 2.5715 2.5722 2.3334 2.6551 2.7810 0.7784 
4.2848 4.7566 3.6805 3.0568 2.4252 1.0257 2.3972 2.8902 3.1818 2.2950 2.3649 2.7259 2.6366 2.1650 1.4722 1.6300 0.3723 1.5697 1.3557 1.9735 2.3693 2.4140 1.9960 1.8576 2.6785 2.2993 1.6885 0.2870 1.4834 1.9022 2.3159 3.0445 1.8482 
4.9173 4.8378 3.9779 3.1374 2.3739 1.8818 2.5011 3.1690 3.1470 2.7420 2.4382 2.6505 1.9708 1.8680 1.9294 1.9106 1.8212 1.8675 1.8313 1.6850 1.7371 2.3274 2.0795 2.3023 2.6508 2.5875 1.8291 1.0891 1.4726 2.0161 2.6096 3.0959 2.4487 
4.8193 4.8450 4.3605 4.1427 3.9877 3.8823 3.6940 3.4809 3.5068 3.3790 3.3822 3.3555 3.2860 3.2499 3.2246 3.2487 3.1868 3.1989 3.1240 3.0946 3.0714 3.0666 3.0260 2.9302 2.9972 2.8518 3.0216 3.0682 3.0598 3.0428 2.9961 3.0960 2.1357 
3.5295 4.7740 3.8948 2.7822 3.3839 3.2306 3.2160 3.0856 3.2422 3.0335 2.8128 2.8164 2.8016 2.8258 2.7478 2.7529 2.7454 2.7035 2.6525 2.6762 2.5857 2.5331 2.4446 2.5834 2.7395 2.4706 2.5310 2.4308 2.4272 1.7320 2.5265 3.0525 1.2925 
3.3583 5.1050 4.3704 3.9714 3.4689 3.4490 3.4176 3.2212 2.9521 3.0685 2.9490 2.8873 2.9296 2.8928 2.7672 2.7079 2.7084 2.6620 2.6682 2.7237 2.6973 2.6133 2.5914 2.6369 2.4123 2.6488 2.7043 2.6379 2.5091 2.8494 3.0061 3.3391 1.8699 
4.7873 5.2490 4.4108 4.0620 3.5038 2.9971 2.8272 2.4683 3.0213 2.4141 2.4086 2.3534 1.5612 1.5095 1.3170 1.5536 0.8359 1.4970 1.1743 1.3382 1.3354 2.0431 2.0382 1.9789 2.4723 1.8771 2.1396 2.1699 2.5416 2.9601 3.0479 3.5129 2.2626 
3.2363 5.2357 4.8971 4.1566 4.2372 3.9718 4.0333 3.8592 3.6967 3.6686 3.6120 3.5911 3.5337 3.5068 3.4774 3.4439 3.4455 3.3679 3.3494 3.3227 3.2880 3.2870 3.2350 3.2255 3.1825 3.2198 3.3442 3.1583 3.2569 3.0528 3.5393 3.5050 1.4597 
5.1617 5.0201 4.6672 4.3635 4.0090 3.5738 3.6260 3.6494 3.7678 3.6255 3.5797 3.5131 3.3837 3.2909 3.1550 3.1086 3.0801 3.0634 3.0599 3.1238 3.1363 3.2024 3.2114 3.1896 3.2322 3.0738 2.9398 2.7618 3.0770 3.2292 3.2687 3.2380 2.6695 
5.2741 5.1072 4.6679 4.4396 4.2883 4.1295 3.9791 3.8949 3.7050 3.6634 3.6545 3.6187 3.5337 3.4912 3.4849 3.4552 3.4628 3.3844 3.3619 3.2991 3.2883 3.3194 3.2928 3.2228 3.1890 3.2692 3.2713 3.3158 3.3198 3.3242 3.2657 3.3246 2.7186 
4.8807 4.8405 4.4118 4.1189 4.0072 3.9000 3.8087 3.6559 3.7911 3.6212 3.5792 3.4710 3.4294 3.2893 3.4047 3.3413 3.2409 3.2719 3.2633 3.1230 3.1677 3.1515 3.2106 3.1816 3.2514 3.0784 3.1005 3.0875 3.0763 3.0264 3.0635 3.0935 2.2859 
4.1457 4.2015 4.4441 4.2135 3.9530 3.8565 3.6694 3.5217 3.6009 3.5425 3.4565 3.5428 3.3847 3.3228 3.3446 3.3103 3.2733 3.2439 3.2183 3.1478 3.1379 3.2289 3.0789 3.1087 3.0980 2.9126 2.9969 3.0444 3.0347 3.0935 3.1099 2.4640 1.6516 
4.4034 4.2295 4.2324 3.8638 3.6902 3.4859 3.4192 3.2542 3.3614 3.2465 3.1742 3.0024 2.9794 2.9308 2.6662 2.9330 2.8867 2.8629 2.5487 2.7514 2.7301 2.6946 2.8040 2.8114 2.8268 2.6766 2.7076 2.6771 2.7545 2.7408 2.8822 2.4037 1.5678 
4.7015 4.5468 4.2765 3.5439 3.3884 3.1611 2.8050 2.8396 1.7828 2.6387 2.3933 2.8462 2.6284 2.1481 2.4154 2.4433 2.2138 2.3939 2.3152 1.9640 2.3621 2.5681 2.0173 2.1988 1.2589 2.2659 2.1173 2.3534 2.4249 2.4321 2.9007 2.7975 2.0044 
4.7182 4.3998 4.4059 3.6171 3.6259 3.4571 3.3817 3.3805 2.6593 3.2010 3.2789 2.7334 2.8473 2.8696 2.6448 2.8240 2.7548 2.7748 2.5102 2.7059 2.6461 2.4103 2.9191 2.7631 2.1398 2.7633 2.6824 2.6460 2.6952 2.5090 3.0720 2.6904 2.2329 
4.6668 4.3769 4.2237 3.9605 3.5869 3.4572 3.2856 3.3267 2.2935 3.1551 3.1966 3.4538 2.8471 2.5486 3.2041 2.8422 2.8392 2.7885 3.1009 2.3619 2.6432 3.1288 2.8283 2.7192 1.8302 2.7234 2.6182 2.6460 2.6660 2.8299 2.8585 2.6505 2.2347 
4.7636 4.4379 3.8388 3.9903 3.5091 3.4050 3.2500 3.0987 3.5508 3.0618 3.4282 2.8082 2.6614 2.5518 3.2087 2.6052 2.8407 2.5263 3.1031 2.3813 2.4062 2.4944 3.0578 2.6249 3.0560 2.4929 2.5739 2.5970 2.5654 2.8794 2.4937 2.6899 2.3341 
4.7444 4.4106 4.0323 3.7782 3.3816 2.9497 3.1255 2.5109 3.3662 2.8118 3.2265 3.4171 2.6957 2.8018 2.4944 2.9667 2.5138 2.8954 2.3892 2.6468 2.4424 3.1026 2.8687 2.3659 2.8310 1.9387 2.4098 2.1368 2.4048 2.6840 2.6853 2.6697 2.2923 
4.8194 4.4549 4.3151 3.3293 2.3748 1.9077 2.0646 3.2244 3.3581 2.5635 3.1166 2.5029 2.0864 2.8551 2.6954 1.1292 2.3552 1.0785 2.5858 2.6956 1.8723 2.2342 2.7411 2.1316 2.8188 2.6564 1.4182 1.1052 1.4197 2.2386 2.9488 2.7140 2.3355 
4.6702 4.3564 4.3039 3.6465 3.1306 2.9832 2.7232 3.2348 3.2193 2.6325 3.4231 0.6675 2.5216 2.7613 2.1672 1.5451 1.5622 1.4873 2.0313 2.6064 2.2897 0.5771 3.0558 2.1962 2.7125 2.6623 2.0059 2.1662 2.1920 2.5246 2.9375 2.6455 2.1595 
4.4050 4.3748 4.3261 3.6833 3.4766 3.0829 3.3234 3.5416 3.1111 2.9585 3.2229 2.8444 2.2820 2.6623 2.7548 2.6482 2.5036 2.5831 2.6574 2.4664 2.0142 2.5659 2.8575 2.5119 2.6042 2.9430 2.6512 2.2696 2.5195 2.5827 2.9694 2.6734 1.8638 
5.2223 5.0991 5.1111 4.7009 4.4625 4.3532 4.2769 4.1013 4.0450 4.0104 3.9402 3.9090 3.8466 3.7761 3.7956 3.7106 3.6964 3.6446 3.6556 3.5894 3.5819 3.5963 3.5687 3.5718 3.5426 3.5102 3.5548 3.5403 3.5298 3.5617 3.7454 3.3275 2.7023 
1.8845 5.2877 5.1616 4.5323 3.5520 3.7941 3.8350 3.5479 3.5491 3.4316 3.0194 2.4252 3.0852 3.1324 1.9020 2.2373 2.0373 2.1723 1.7846 2.9624 2.8272 2.1371 2.6495 2.9816 3.0534 2.9480 3.1175 2.9851 2.6134 3.4259 3.8133 3.5625 1.4456 
4.7405 3.6473 4.8725 4.5286 4.2675 3.9148 4.0466 2.8439 2.9817 3.0525 3.5423 3.6478 3.6302 3.7279 3.3487 3.2192 3.2237 3.1659 3.2195 3.5530 3.4297 3.3711 3.1746 2.6355 2.4623 2.2271 3.3680 3.0962 3.2881 3.4613 3.5288 1.7791 2.3530 
3.4686 4.9022 4.8243 4.3582 4.1461 3.9265 4.2023 4.0337 3.9046 3.9025 3.5056 3.5244 3.5789 3.6636 3.5025 3.4592 3.5182 3.3913 3.3900 3.5068 3.3490 3.2154 3.1309 3.4705 3.3887 3.4600 3.5010 3.1146 3.1939 3.2247 3.4842 3.1771 1.2741 
4.7530 4.9821 4.9573 4.7190 4.0320 3.9781 3.7126 3.8617 3.5470 3.4613 3.7513 3.2082 3.5693 3.4591 2.4465 2.8612 2.8111 2.8089 2.3354 3.2471 3.3374 2.9064 3.3944 3.0291 3.0494 3.2231 3.0435 3.1651 3.0940 3.5844 3.5961 3.2399 2.2886 
5.3999 5.0075 4.8340 4.4272 2.7630 2.8134 3.6960 4.0229 3.5771 3.4855 3.0588 2.9316 3.0105 3.2197 2.3198 2.0970 2.5166 2.0598 2.2439 3.0655 2.7610 2.6474 2.6852 3.0514 3.0823 3.4513 3.0316 1.9787 1.8856 3.3042 3.4905 3.2118 2.8420 
5.1284 4.9976 4.8429 4.6981 4.1777 3.6262 4.3640 4.1709 3.4367 3.7149 3.9305 3.6830 3.1941 3.4740 3.5321 3.3636 3.3005 3.2923 3.4377 3.2739 2.9724 3.4041 3.5581 3.2752 2.8725 3.5580 3.6557 2.8317 3.2093 3.5622 3.5069 3.2270 2.7041 
5.2097 4.7286 4.1598 3.6207 3.6609 3.7551 3.9872 1.9204 2.6052 2.5254 3.0236 2.7565 2.6727 2.6795 2.5056 2.4508 2.5586 2.3988 2.3860 2.4892 2.4095 2.4451 2.6554 2.0701 2.0619 1.2053 3.2797 2.9468 2.7306 2.5264 2.7966 2.9605 2.7233 
5.3260 4.9503 4.1089 3.6819 3.4582 3.1828 3.1323 3.0848 2.9208 2.9348 2.5696 2.6624 2.4050 2.7446 2.7073 2.5267 2.5134 2.4562 2.6068 2.5888 2.1908 2.3440 2.2136 2.4863 2.4017 2.4601 2.4107 2.3828 2.4669 2.5756 2.7576 3.1838 2.8305 
5.1430 4.8269 4.0482 3.8727 3.4170 3.4116 3.4864 3.4613 3.3203 3.2216 3.0420 3.0779 2.7832 2.9178 2.9701 2.7837 2.6863 2.7294 2.8315 2.7430 2.5576 2.7606 2.6625 2.7877 2.8008 2.8242 2.7708 2.6088 2.4440 2.7300 2.7126 3.0812 2.6651 
4.2780 4.4995 3.7345 3.5679 3.4139 3.1259 3.1178 2.8167 2.2691 2.6861 2.3110 1.9954 2.3517 2.2838 2.0231 1.7441 1.1597 1.6499 1.9158 2.0847 2.1270 1.6577 1.9473 2.2431 1.7460 2.2362 2.3995 2.3029 2.4329 2.4364 2.3805 2.7618 1.8832 
5.2040 4.8012 4.2092 3.9538 3.8370 3.7788 3.5028 3.3393 3.3846 3.3498 3.1725 3.2166 3.1643 3.0654 3.0487 2.9848 2.9429 2.9120 2.9052 2.8626 2.9315 2.9213 2.8033 2.9028 2.8445 2.7339 2.7893 2.9656 2.8581 2.8191 2.8267 3.0538 2.6959 
5.0235 4.7383 4.3051 4.0259 3.9260 3.7767 3.2838 3.4789 3.4511 3.4004 3.3054 3.2182 3.1195 3.1660 3.1429 3.0992 2.9831 3.0550 3.0506 3.0126 2.8720 2.9250 2.9462 2.9512 2.9052 2.8494 2.6119 2.9625 2.9867 2.9094 2.9383 2.9823 2.4810 
4.9200 2.9870 3.0558 2.9567 2.7421 1.8184 2.7985 2.2147 2.2263 1.5684 2.1320 2.2396 2.4149 1.9628 2.0001 1.1785 2.1413 1.0940 1.9055 1.8212 2.2106 1.9022 1.7446 1.1356 1.6934 1.5877 2.1063 0.8636 1.7801 1.8257 1.5155 1.4810 2.3485 
4.1571 3.8108 3.0663 3.0722 3.0820 2.9699 2.6878 2.0981 1.9170 1.8604 1.2051 1.5849 1.0228 1.4604 1.5724 2.2126 1.9372 2.1386 1.4716 1.2684 0.7680 1.2832 0.8485 1.4258 1.4216 1.4888 1.9738 2.1523 2.1287 1.9355 1.7018 2.0133 1.6357 
5.0688 4.5509 4.0516 3.7119 3.6263 3.4575 3.4177 3.2887 3.1808 3.1976 3.1279 3.0691 3.0722 3.0323 2.8178 2.9403 2.8498 2.8711 2.7173 2.8183 2.8121 2.7503 2.7560 2.7590 2.6780 2.6978 2.7034 2.6437 2.6931 2.6168 2.7027 2.7638 2.4943 
4.6603 3.3742 2.9020 1.4525 2.2749 1.4803 2.1135 2.3816 2.3513 2.0019 1.2018 1.9457 1.1362 1.5603 1.8922 2.0043 1.2309 1.9545 1.8124 1.4372 0.8632 1.6449 0.9180 1.5536 1.8585 1.8257 1.4524 0.7771 1.2692 0.5436 1.5575 1.7904 2.0682 
5.1081 4.3709 3.9453 3.6486 3.5584 3.4339 3.2789 3.1287 3.1541 3.1068 3.0856 3.0087 2.9894 2.9924 2.8439 2.8122 2.7426 2.7602 2.7388 2.7983 2.7381 2.6956 2.7099 2.6731 2.6557 2.5236 2.6047 2.6192 2.6358 2.5405 2.5880 2.5703 2.5482 
4.9216 4.0556 3.4854 3.1960 3.0288 2.8530 2.9106 2.8515 2.8027 2.4416 2.5096 2.3795 2.3757 2.3611 2.4368 2.2205 2.0585 2.1462 2.3318 2.2118 2.1509 2.0774 2.1515 2.0023 2.2948 2.2694 2.2339 2.0355 2.0425 2.0659 2.0918 2.2515 2.3725 
5.0351 4.4254 3.9802 3.7685 3.6029 3.4175 3.3645 3.2155 3.1862 3.1375 3.0928 3.0580 2.9128 2.8900 2.8502 2.8258 2.8585 2.7777 2.7439 2.7216 2.6866 2.7366 2.7181 2.7023 2.6821 2.6407 2.6700 2.6038 2.6700 2.6573 2.6403 2.6535 2.4634 
4.8124 3.8578 3.4602 3.1503 2.9129 2.8543 2.6836 2.7107 2.7178 2.7046 2.4303 2.2917 2.2100 2.3944 2.4410 2.1852 2.3313 2.1118 2.3351 2.2425 1.9458 1.9815 2.0681 2.2712 2.2226 2.0992 1.9663 2.0376 1.9579 2.0080 2.0438 1.9612 2.2708 
4.2204 3.8417 3.4664 3.1889 3.0831 2.8328 2.9404 2.9031 2.6560 2.6412 2.6433 2.4563 2.4004 2.3823 2.2948 2.3089 2.4017 2.2622 2.1933 2.2343 2.1833 2.1812 2.2648 2.1969 2.1216 2.3064 2.2539 2.0214 2.1274 2.0653 2.0826 2.0343 1.6564 
4.9796 4.2696 3.7354 3.5346 3.3606 3.1442 3.1046 3.0553 3.1136 3.0401 2.9716 2.7453 2.7789 2.6600 2.6110 2.6316 2.6635 2.5550 2.4657 2.4587 2.5533 2.4341 2.6163 2.5885 2.6127 2.4160 2.3924 2.3288 2.3997 2.4021 2.3594 2.4184 2.4117 
4.4843 4.1085 3.6891 3.4707 3.2230 3.1522 3.0775 3.0100 2.9010 2.8744 2.7722 2.6515 2.7533 2.7025 2.6601 2.6457 2.6162 2.5788 2.5296 2.5236 2.5191 2.3310 2.4016 2.4308 2.3831 2.3839 2.3606 2.3390 2.2922 2.3315 2.3337 2.3396 1.9488 
4.7530 3.9126 3.4682 3.1845 3.1287 2.8910 2.7777 2.7169 2.7082 2.5333 2.5590 2.4410 2.5678 2.4317 2.3194 2.2379 2.2964 2.1697 2.2289 2.2774 2.3208 2.1615 2.2023 2.0853 2.2077 2.1097 2.0729 2.0755 2.1941 2.0508 2.0659 2.0647 2.2265 
3.3601 2.7088 1.9354 1.8983 1.4600 1.9601 1.2646 1.7776 1.7319 1.4657 1.1858 1.5391 1.0399 1.5703 1.4431 1.5323 1.3008 1.4833 1.3131 1.4220 0.7830 1.2266 0.8369 1.0276 1.1957 1.1619 0.5561 1.1518 0.5581 0.7997 0.4739 1.0505 0.7802 
4.6967 4.0700 3.5897 3.4507 3.1397 3.0876 3.0521 2.8593 2.8144 2.6789 2.8090 2.6789 2.4890 2.6494 2.6047 2.4478 2.5030 2.3970 2.4600 2.4419 2.2690 2.3635 2.4345 2.2474 2.3089 2.2752 2.3275 2.2742 2.2107 2.3048 2.2443 2.2904 2.1377 
4.3200 3.0039 2.2686 1.9131 2.0402 1.7405 1.4731 1.5510 1.5911 1.6457 1.5572 1.2987 1.0710 0.7196 1.5741 1.2040 1.3802 1.1756 1.4790 0.5084 0.8422 0.9814 1.1949 1.1913 1.0855 1.0127 0.7075 0.8493 1.0638 0.8775 1.0248 1.2471 1.7694 
4.3898 3.6223 3.1571 2.9389 2.8423 2.6179 2.6955 2.5383 2.5837 2.1628 2.3801 2.3964 2.4789 2.3396 1.9937 1.7377 1.7103 1.6687 1.8887 2.1816 2.2624 2.0971 2.0028 1.7122 2.0407 1.9281 1.9825 1.8018 1.9042 1.8319 1.8068 1.8295 1.8535 
4.3252 3.6473 3.2426 3.0049 2.7262 2.5219 2.6053 2.4099 2.0624 1.8790 2.0459 2.3097 2.3924 2.0984 2.1233 2.0832 1.8218 2.0175 1.9970 1.9239 2.1722 1.9978 1.6832 1.4451 1.5492 1.8389 1.8898 1.7078 1.7963 1.8721 1.8900 1.8655 1.7827 
2.5375 2.7587 2.2795 2.2281 2.1709 2.2642 2.3734 2.1177 1.8265 1.6762 1.9162 1.8219 1.2409 0.9021 1.6073 1.8317 1.7798 1.7660 1.5093 0.7050 1.0326 1.4939 1.5501 1.2196 1.2834 1.5072 1.6738 1.4540 1.2102 1.0941 0.9457 1.0597 -0.0794 
4.0296 3.2486 2.8988 2.5986 2.4394 2.1355 1.8228 1.6661 2.3576 2.0092 1.8985 1.9830 2.0754 2.1437 2.1476 2.1611 0.8198 2.0889 2.0110 1.9573 1.8568 1.6807 1.5249 1.5759 1.8554 1.0713 1.0967 1.3225 1.5021 1.4647 1.5299 1.4515 1.4863 
3.8341 2.9588 2.6762 2.4178 2.1697 1.5311 1.7815 2.2702 2.3780 2.0508 1.5921 2.1618 2.1677 1.8152 1.9203 1.6994 0.9821 1.6308 1.8283 1.5992 1.9183 1.8626 1.2229 1.6052 1.8721 1.6465 1.0686 0.7109 1.1932 1.3125 1.3027 1.1252 1.2693 
3.6154 2.7518 1.9231 2.0518 1.4105 1.7000 0.9703 1.6272 1.2236 1.6835 1.3710 1.2492 1.6496 0.9964 1.4607 1.0997 1.5112 1.0521 1.3458 0.7812 1.4381 0.9739 1.0112 1.2365 0.7137 1.0459 0.2725 0.8819 0.4318 0.9595 0.5393 0.9109 1.0616 
3.7160 3.2534 2.6691 2.6101 2.2459 2.1901 1.9591 2.1242 2.0873 1.7301 1.7431 1.8187 1.6572 1.7007 2.0101 1.7929 1.8388 1.7181 1.9088 1.5251 1.4431 1.4951 1.3859 1.2848 1.5688 1.5182 1.2534 1.3773 1.2697 1.4746 1.2829 1.4862 1.1675 
3.2260 1.9894 1.6046 1.4657 1.4854 1.3680 1.8229 1.9568 1.9903 2.2331 1.9899 1.8892 1.8135 1.8801 1.8284 1.1719 1.0656 1.1146 1.6831 1.6936 1.5472 1.5802 1.6100 1.7891 1.4862 1.3781 1.0977 0.5426 0.5734 0.3728 0.3184 0.2585 0.6837 
3.9532 3.4886 2.9748 2.8479 2.7070 1.9989 2.0658 2.4235 2.2453 2.1560 2.2639 1.9990 2.2443 2.1054 2.1704 2.2980 1.5366 2.2523 2.0306 1.9286 1.9832 1.7086 1.8874 1.7087 1.7068 1.8499 1.3981 1.1837 1.7673 1.7488 1.5936 1.6937 1.4356 
4.2845 3.5118 3.0913 2.7077 2.7381 2.4865 2.4828 2.6640 2.3355 2.3603 2.0038 1.9551 2.1085 1.8627 2.1043 2.1178 2.0651 2.0480 1.9843 1.6669 1.8785 1.6480 1.6410 1.9231 1.8398 2.0339 1.8142 1.6712 1.8126 1.5719 1.7087 1.6820 1.7123 
3.4784 3.2778 2.8281 2.6770 2.3734 2.4947 2.4566 2.3308 1.4705 1.7677 2.0199 1.9388 2.0722 2.1225 2.0437 1.5304 1.3151 1.4754 1.9352 1.9421 1.8563 1.6306 1.6600 1.3218 0.9675 1.7313 1.7846 1.6847 1.4468 1.5413 1.4873 1.5234 0.9218 
4.0094 3.1466 2.4899 2.3995 2.3932 2.2613 2.2647 2.1802 2.0000 1.8487 1.9984 2.2820 2.0929 1.8287 1.5089 2.1080 2.0081 2.0397 1.4168 1.6168 1.8683 1.9692 1.6272 1.4168 1.4933 1.5556 1.5452 1.4439 1.4540 1.2640 1.1055 1.3164 1.4706 
3.0288 2.4382 2.3396 1.9399 1.4260 1.4653 1.5622 1.3262 0.9390 0.9065 1.5793 1.6634 1.5739 1.4366 -0.0603 1.1466 1.0714 1.0954 -0.2065 1.2302 1.3536 1.3914 1.2070 0.4736 0.4023 0.7157 0.8668 0.6579 0.4254 0.8056 1.0155 0.7292 0.4733 
4.1153 3.4559 3.0547 2.7702 2.6786 2.5996 2.2680 2.2779 1.9827 2.2746 2.0362 2.0927 1.6503 1.9768 1.8967 1.9447 1.3025 1.8929 1.7972 1.8282 1.4376 1.8214 1.6733 1.8423 1.4726 1.6556 1.5475 1.7850 1.7194 1.6405 1.6558 1.6122 1.5670 
3.4907 2.2790 2.2175 1.7722 1.0991 1.6456 1.7151 2.0787 2.0022 1.2035 1.8481 1.4620 1.5485 1.7172 1.9267 1.2857 1.4730 1.2280 1.8325 1.5415 1.3259 1.1509 1.4685 0.7494 1.4963 1.4885 1.0387 0.8555 0.0728 0.6842 0.8708 0.5521 0.9270 
3.5032 2.7207 2.2303 2.0357 2.1894 1.8714 1.7293 1.4194 1.8771 1.4449 1.2098 1.4283 1.5387 1.2775 1.0543 1.5232 1.5956 1.4714 0.9408 1.1096 1.3040 1.1032 0.8521 1.0113 1.3630 0.7761 1.0396 1.0544 1.2073 0.9222 0.8133 0.8981 0.9534 
2.4768 2.0341 1.8592 2.2691 1.8128 2.1985 2.1023 1.7451 1.9958 1.7433 1.6638 2.0043 0.3852 1.2728 1.4907 0.8933 1.1711 0.8258 1.3911 1.1025 0.1945 1.7226 1.3017 1.2924 1.4910 1.1292 1.4256 1.3867 0.8289 1.1315 0.4826 0.3131 -0.1326 
3.5439 3.0374 2.3727 2.3796 2.2348 2.1710 1.4402 1.7573 2.1438 1.2122 1.9351 1.7253 1.7344 0.5329 1.7726 1.7486 0.7758 1.6754 1.6325 0.3503 1.4942 1.4359 1.5660 0.7821 1.6053 1.1436 0.7125 1.3579 1.2546 1.2582 1.0305 1.2159 1.0309 
2.9717 1.6968 2.1975 1.4530 2.1811 2.0945 1.8440 1.7042 1.0749 1.4948 1.8924 1.6885 0.8622 1.7164 1.8866 1.5632 1.2925 1.5044 1.7810 1.5394 0.6542 1.4170 1.5178 1.0623 0.5930 1.1091 1.1142 1.2755 1.2157 0.3683 0.8314 -0.0395 0.3656 
3.7700 3.1367 2.7240 2.2452 2.2844 1.9889 2.2877 2.0985 2.0941 1.8381 1.5763 1.7451 1.3261 1.6666 1.6798 1.4949 1.0674 1.4481 1.5632 1.4999 1.0860 1.4500 1.2011 1.4019 1.5765 1.4962 1.5780 1.1734 1.3344 1.0978 1.3647 1.3417 1.1933 
3.5618 2.2771 2.2443 1.7746 1.9256 0.0805 1.9916 1.4656 1.4317 0.6370 0.4083 1.2072 0.6925 0.8374 1.5312 1.1028 1.3704 1.0554 1.4375 0.6838 0.4384 0.9205 0.0863 0.2329 0.9072 0.8452 1.2983 -0.7802 0.9955 0.6359 0.8413 0.2858 1.0214 
1.4528 2.3878 1.7944 1.4491 1.7709 1.1260 0.6830 1.9541 1.0954 1.9055 2.2544 1.7144 2.1921 2.0821 1.6021 1.9078 2.1528 1.8630 1.5001 1.9110 1.9376 1.4300 1.8762 1.4770 0.6078 1.3657 -0.0243 0.3171 0.8032 0.2947 0.3741 0.6636 -1.0081 
3.3694 2.7818 2.5518 1.8383 2.0052 2.3308 0.6928 1.8018 0.9922 1.7580 1.0592 1.7979 1.5744 1.2906 1.8973 1.4293 0.7484 1.3619 1.8022 1.1177 1.3514 1.4823 0.6852 1.3090 0.4406 1.1677 0.0053 1.5155 1.0789 0.6888 1.1736 1.0162 0.7827 
3.5461 2.8596 2.6271 2.4067 2.1614 1.9319 2.1534 1.9545 1.5053 1.0188 1.5517 1.9782 2.3378 1.5901 1.8507 1.5842 1.1633 1.5297 1.7229 1.4367 2.0996 1.6809 1.1829 0.5826 1.0115 1.3678 1.4593 1.1186 1.1905 1.2968 1.2257 1.0695 1.0179 
4.1482 3.3706 2.8635 2.7300 2.4338 2.3908 2.4242 2.2096 2.3556 1.7985 2.1119 2.2287 2.0205 1.3773 1.5932 1.7421 2.2530 1.6719 1.4903 1.1802 1.8220 1.9028 1.7525 1.3498 1.8545 1.5817 1.7444 1.5780 1.4977 1.5944 1.5022 1.5374 1.5902 
2.9585 2.5385 2.2353 1.9992 1.9275 1.4279 1.7354 1.3319 1.6074 1.2002 1.9084 1.6226 1.8452 1.5883 1.8597 1.2038 0.2930 1.1485 1.7369 1.4392 1.5864 1.3395 1.5388 0.7726 1.0985 0.7041 1.0428 0.6174 1.0006 0.9053 0.8535 0.8528 0.3588 
3.6135 3.0341 2.7579 2.4669 2.2507 1.8995 1.6211 1.4624 1.5161 1.0184 1.7485 1.7927 1.9598 1.9977 1.8694 1.1404 0.6459 1.0887 1.7541 1.8465 1.7318 1.4773 1.3925 0.5769 1.0225 0.8486 0.9476 1.0879 1.2825 1.3685 1.4186 1.1978 1.0629 
3.6040 2.8036 2.5295 2.2333 2.3060 2.2371 2.3842 2.0318 2.0822 1.6462 1.9476 1.5080 1.6682 1.1297 1.2356 0.6926 1.4818 0.6339 1.1281 0.9815 1.4502 1.1998 1.5806 1.2031 1.5657 1.4531 1.6833 1.4238 1.3700 1.0841 1.1516 1.0074 1.0615 
3.1245 2.4787 1.5998 1.7304 2.1567 2.4121 2.2235 2.2510 1.9034 1.3231 1.6518 1.7986 1.8385 1.4531 1.5933 0.8832 0.6521 0.8192 1.4901 1.2545 1.5794 1.4818 1.2933 0.8664 1.4126 1.6149 1.5010 1.5992 1.1920 0.6253 0.2532 0.7008 0.6154 
1.4708 1.5412 1.9339 2.0449 2.1117 1.4725 1.0967 2.0841 1.7729 1.2461 1.8317 1.8739 1.4846 1.4019 1.5264 1.8554 1.5792 1.8072 1.4333 1.1915 1.2313 1.5603 1.4546 0.8086 1.2264 1.4896 0.3917 0.6601 1.1589 0.9471 0.6108 -0.2045 -1.3326 
