4.1471 4.0192 4.6624 3.9857 3.5096 3.5072 3.5309 3.2382 3.1920 3.0580 3.0672 3.0320 2.5783 2.7413 3.0084 2.8703 2.6885 2.7983 2.8520 2.5836 2.2890 2.6777 2.6581 2.5862 2.6427 2.6162 2.7525 2.6240 2.4495 2.7491 3.1947 2.0826 1.1185 
3.2157 4.0489 4.5548 3.8793 3.2158 3.0044 3.1376 2.8080 2.7301 2.9198 2.6850 2.6620 2.5707 2.6944 2.5121 2.0776 1.8378 1.9982 2.3607 2.5118 2.2848 2.3245 2.2785 2.4332 2.1839 2.1786 2.3563 2.1091 2.1900 2.6378 3.0949 2.1777 0.8335 
2.5187 4.0395 4.5907 3.9316 3.5451 3.3287 3.1263 3.1547 2.8958 2.6732 2.8790 3.0412 3.0060 3.0670 3.2836 2.6454 2.7409 2.5986 3.1650 2.8500 2.7232 2.6869 2.4850 2.1995 2.3265 2.5052 2.3456 2.4366 2.5075 2.6748 3.1288 2.1818 0.2287 
1.8262 3.7494 4.5307 3.8699 3.4663 3.2709 3.2720 3.0974 3.1526 2.9416 2.7842 2.5419 2.3893 2.9878 3.0672 2.6354 2.5241 2.5886 2.9256 2.7785 2.1678 2.2047 2.3804 2.4522 2.6120 2.4251 2.5347 2.3841 2.3896 2.6395 3.0749 1.8969 -0.8693 
3.2674 3.8897 4.3837 3.3140 3.2705 3.0442 2.9953 2.3655 2.2864 2.4416 1.8531 2.3931 2.7888 3.0427 2.3770 2.6927 2.3420 2.6419 2.2637 2.8095 2.5679 2.0994 1.4350 1.9564 1.7410 1.7284 2.2151 2.1559 2.2487 2.1130 2.8809 2.0059 0.5836 
3.9864 4.1259 4.4267 3.5845 3.1221 2.6446 2.6522 2.3818 2.5734 1.2920 2.6881 2.6054 2.2510 2.3503 2.7830 2.7100 2.5344 2.6555 2.6674 2.1878 1.9787 2.2499 2.2818 0.8586 1.9691 1.7468 1.8667 1.7510 2.0837 2.3418 2.9483 2.2595 1.1937 
3.0064 3.8789 4.4078 3.5308 3.2942 3.1149 3.0039 2.8298 2.7380 2.7318 2.6814 2.7366 2.5705 2.8802 2.6840 1.8886 2.4726 1.8274 2.5815 2.6938 2.2856 2.4003 2.2733 2.2529 2.1877 2.1913 2.2185 2.2221 2.2569 2.2762 2.9193 1.9947 0.2303 
4.1865 4.1160 4.4606 3.5322 3.3209 2.9403 2.3898 2.6447 2.3701 2.7265 2.3247 2.2741 2.7503 2.9218 2.6526 2.5814 2.0479 2.5014 2.5297 2.7255 2.5074 1.9399 1.9144 2.2513 1.8162 1.9633 1.6406 2.0432 2.2816 2.2782 3.0018 2.2382 1.4003 
2.1849 3.7814 4.3676 3.2958 3.2177 3.0204 2.5577 2.0968 2.2325 1.3964 2.3154 2.1664 2.4289 2.6414 2.6022 2.0692 1.7742 1.9876 2.4423 2.4303 2.1919 1.8180 1.9015 0.8990 1.6836 1.4141 1.7724 2.1193 2.1898 2.0521 2.8521 1.9137 -0.7147 
3.4981 3.6417 3.8936 2.6609 3.0813 2.6289 2.6791 2.3796 2.6042 2.1174 2.6573 1.8823 2.3367 3.1371 2.6142 2.6565 2.6509 2.6091 2.4618 2.9575 2.0877 1.5723 2.2496 1.6465 2.0150 1.7548 1.9031 1.7394 2.0485 1.4482 2.3826 1.7712 0.6792 
4.2253 2.8431 4.1475 3.5524 4.0116 3.2831 2.2062 1.9702 2.2193 3.1302 2.1249 2.7772 1.6519 2.6143 2.6833 2.1759 2.2677 2.1140 2.5792 2.3919 1.3675 2.4513 1.7223 2.6581 1.6832 1.3396 1.4251 2.3824 2.9966 2.3082 2.6967 0.9407 1.4158 
4.1502 3.3028 4.1603 3.9341 3.5858 3.6250 3.5739 3.0384 2.8227 2.7170 2.6533 2.2298 2.5240 2.2148 1.6773 2.1353 1.7251 2.0556 1.5124 2.0117 2.2556 1.8900 2.2504 2.2429 2.2674 2.3443 2.7930 2.7395 2.5785 2.6861 2.6993 1.4149 1.4182 
3.9437 3.2257 3.3880 3.1144 3.3031 2.9786 3.1033 2.1928 2.7224 3.2239 2.8879 3.0120 2.1905 2.9621 2.1413 2.5452 2.2248 2.4669 1.9783 2.7548 1.9164 2.6666 2.4969 2.7457 2.1791 1.5098 2.3280 2.0850 2.2801 1.8879 1.8889 1.3195 1.1515 
3.0222 2.2966 3.3130 3.8048 3.9118 3.5591 3.4805 2.8514 2.9005 3.0423 3.2256 2.2790 2.1543 3.0221 2.8308 2.2778 2.5583 2.2235 2.7118 2.7919 1.8617 1.9442 2.8171 2.5604 2.3352 2.2115 2.6890 2.6694 2.8402 2.6093 1.8531 0.1354 0.0219 
4.0835 3.2208 4.0834 3.3950 3.8252 3.9303 3.5769 3.4955 3.4104 3.5453 3.0627 3.7387 3.0689 2.9084 2.0428 2.2235 2.3709 2.1734 1.9001 2.7144 2.7840 3.4405 2.6494 3.0757 2.8235 2.8004 2.7926 3.0434 2.7858 2.1844 2.6228 1.2588 1.3069 
3.3535 3.5355 3.3078 3.0824 3.7028 3.6778 3.6723 3.4095 3.1224 3.2349 3.1523 3.1836 3.1623 2.6862 2.2989 2.3992 1.2793 2.3392 2.1937 2.4964 2.9061 2.8503 2.7509 2.7646 2.5792 2.7353 2.9214 2.7927 2.6871 1.8647 1.8198 1.6156 0.4404 
3.2749 3.4846 3.8880 3.5560 3.7941 4.0948 3.2106 2.8313 1.7236 2.2601 3.1028 3.4201 3.1478 3.0575 2.8268 2.1932 2.1058 2.1296 2.7080 2.8349 2.8940 3.0886 2.6939 1.7807 1.1013 2.1964 2.4502 3.2073 2.7646 2.3422 2.3810 1.5922 0.5943 
3.7198 3.4792 3.9833 3.7437 3.3668 3.7039 3.8309 3.6874 3.5903 3.6669 3.7231 3.6613 3.2910 3.2446 2.6327 2.7202 2.2163 2.6618 2.5093 3.0790 3.0618 3.3348 3.3296 3.1894 3.0503 3.0627 3.0751 2.8240 2.3203 2.5548 2.5028 1.5864 0.9516 
2.5351 3.3835 3.7189 3.8373 3.8807 4.1147 4.0965 3.1015 2.8121 3.9813 3.5595 3.1844 3.3935 2.8654 3.2536 3.1701 3.1680 3.1146 3.1420 2.6837 3.1313 2.8495 3.1518 3.5105 2.2745 2.4186 3.3312 3.2309 2.8161 2.6303 2.2586 1.4624 -0.0159 
3.6281 2.4022 3.4053 2.8027 3.0198 3.8167 3.2999 3.1757 2.7426 3.6132 3.7897 3.7961 3.5190 2.1276 2.8452 2.6026 2.4285 2.5315 2.7289 1.9183 3.2353 3.4912 3.3999 3.1377 2.1963 2.5358 2.5592 2.9332 1.9408 1.5954 1.9040 0.3908 0.7998 
3.0845 3.6981 3.9512 3.5544 3.6718 4.5575 4.8533 4.0163 4.0665 3.9810 3.5827 3.0940 3.2132 3.0540 3.1550 2.2186 3.2306 2.1677 3.0530 2.8334 2.9736 2.7564 3.1743 3.5090 3.5189 3.3575 4.0744 3.6731 2.6545 2.3172 2.4451 1.8161 -0.0146 
2.0273 3.3191 3.4547 3.9457 3.4388 3.9298 3.5913 3.5399 3.1968 3.2753 3.5840 3.5133 2.7486 1.6385 2.6716 1.8982 1.6451 1.8348 2.5643 1.4373 2.4960 3.1657 3.1810 2.7983 2.6481 2.8728 2.8210 3.0419 2.3521 2.7043 1.9557 1.4370 -0.8139 
3.7768 3.1205 3.5801 2.4463 3.3595 3.6173 3.8536 3.2281 3.0457 3.4154 2.8529 2.7332 2.0223 1.9575 2.1740 1.2916 2.0126 1.2218 2.0325 1.7789 1.7668 2.4034 2.4596 2.9255 2.4537 2.6000 3.0879 2.7364 2.3265 1.2663 2.1273 1.1948 1.0374 
3.6627 2.8024 3.7310 3.1971 3.1656 2.8521 3.6380 1.3452 2.3213 3.3914 2.7843 3.0670 2.7318 2.6449 2.1861 1.9009 1.9011 1.8454 2.0483 2.4352 2.4735 2.7178 2.3701 2.9043 1.7636 0.8420 2.8746 1.9574 2.1663 1.9680 2.2719 0.9707 0.8685 
4.1187 3.7138 3.2532 3.3770 3.0792 3.4459 3.2427 2.7145 2.7557 3.5410 2.9452 3.2854 3.0341 2.1559 2.3644 2.3371 2.2457 2.2755 2.2532 1.9237 2.7410 2.9875 2.5482 3.0711 2.2095 2.0700 2.4964 2.5589 2.0482 2.1724 1.7945 1.8050 1.3795 
4.9983 4.4132 3.8969 3.5061 2.9846 3.1890 3.6479 3.5142 3.4922 3.5450 2.8061 2.7085 3.1478 2.9084 2.8503 2.7282 2.5704 2.6718 2.7305 2.7150 2.8866 2.3698 2.4150 3.0723 2.9061 2.8263 2.8875 2.3058 1.9162 2.2619 2.3841 2.4564 2.2544 
5.3822 4.2582 4.3997 3.8631 3.6039 3.3320 1.3597 2.7257 2.6649 2.6045 2.9509 2.8778 2.9676 2.8129 2.6041 2.8030 2.7312 2.7525 2.4515 2.6450 2.7015 2.5797 2.5714 2.1483 2.1080 2.0838 0.7580 2.4465 2.5980 2.6469 2.9375 2.4132 2.6283 
4.3364 5.5253 5.2904 3.9992 4.1622 4.1169 4.2974 4.4133 3.9912 4.1410 3.6995 3.7221 3.8250 3.5970 3.6001 3.5716 3.5562 3.5205 3.4970 3.4223 3.5637 3.4199 3.3026 3.6701 3.4365 3.7324 3.5397 3.2286 3.1396 2.7881 3.7944 3.6429 1.7432 
4.5801 5.3631 5.1611 2.9349 3.3680 3.5418 4.0383 4.1604 4.0681 4.2816 3.5936 3.4510 3.2282 2.7857 2.6980 2.9145 2.8114 2.8444 2.5963 2.6268 2.9801 3.1031 3.1898 3.7904 3.5289 3.5289 3.2660 2.6633 2.3300 1.6987 3.6636 3.4943 2.0368 
5.4439 4.7013 5.5565 5.0351 4.8991 4.6603 4.3460 4.7500 4.5575 4.4496 4.4940 4.4571 4.3370 4.3435 4.2635 4.1816 4.1391 4.1174 4.1196 4.1180 4.0547 4.1173 4.0933 3.9773 4.0057 4.0777 3.5614 3.7776 3.8857 3.8346 4.0841 2.7672 2.7424 
5.9216 5.7067 5.6459 5.2744 4.9070 4.7505 4.4856 5.1367 4.7538 4.9102 4.6403 4.5701 4.4778 4.4243 4.3725 4.3121 4.2326 4.2323 4.2154 4.2208 4.2161 4.2614 4.2458 4.4385 4.1606 4.4775 3.7230 3.8692 3.8975 4.0355 4.1333 3.7686 3.1370 
6.1502 5.8924 5.5249 5.0745 4.8928 4.6725 4.3258 4.5402 4.4348 4.4075 4.1965 3.9470 3.5756 3.2634 3.0226 2.9687 3.0025 2.8878 2.8585 3.0919 3.3050 3.5964 3.8016 3.9383 3.8806 3.9205 3.5452 3.7884 3.8760 3.8821 4.0437 3.9911 3.3219 
5.8853 5.7174 5.3129 4.9965 4.8017 4.4771 4.2384 3.2677 3.9334 4.2266 4.2913 4.2095 4.1883 4.0589 3.9701 3.8667 3.8928 3.7875 3.8411 3.8922 3.9565 3.9161 3.9064 3.7451 3.3472 2.6213 3.4913 3.5891 3.7321 3.7832 3.8327 3.7776 3.1405 
5.4488 5.7610 5.4958 5.1753 4.8135 4.7807 4.9488 4.9342 4.7430 4.4620 3.9704 4.0684 4.1333 3.9385 3.8294 3.8100 3.7696 3.7345 3.6812 3.7112 3.9179 3.7361 3.5637 3.9863 4.1540 4.2878 4.1824 3.8993 3.7437 3.9594 4.0233 3.8731 2.8267 
3.9108 5.9315 5.6537 5.0483 4.7414 4.4929 4.5523 4.5955 4.8188 4.4951 3.2487 4.0014 3.9298 3.7181 3.7614 3.7075 3.6701 3.6530 3.6373 3.5464 3.6410 3.6672 2.8646 4.0180 4.2292 3.9638 3.7965 3.6016 3.6794 3.8429 4.1324 4.0440 1.8110 
4.9101 5.8894 5.3789 4.5129 4.2135 3.6933 4.4639 4.2456 4.3575 4.5814 4.4432 3.9751 3.9916 3.8560 3.6645 3.6787 3.5995 3.6265 3.5489 3.6472 3.7147 3.6344 4.0358 4.1117 3.7670 3.5832 3.6873 2.8243 3.1818 3.2729 3.9148 4.0028 1.6006 
4.7887 5.8033 5.2888 4.4261 4.3048 4.1928 4.8256 4.1615 4.1862 4.4821 4.1116 3.3150 3.2308 2.9195 2.9011 2.7346 2.8301 2.6777 2.7725 2.7236 3.0039 3.0241 3.7003 4.0079 3.6292 3.5222 4.0388 3.3183 3.2437 3.1811 3.7752 3.9322 1.7565 
4.8453 5.7030 5.1220 4.0973 4.1181 4.2048 4.4919 3.9361 3.8973 4.1697 3.9932 2.7087 2.5191 2.3310 2.6528 2.2475 1.8666 2.1954 2.5341 2.1676 2.2532 2.3592 3.5848 3.6872 3.3070 3.2368 3.7196 3.3261 3.0983 2.8494 3.6222 3.7765 1.9357 
4.3520 5.5753 5.1214 4.2752 4.0734 4.2362 4.4333 4.1429 4.1138 4.1358 3.9578 3.1036 3.2216 3.0877 3.0884 3.1451 3.1523 3.0927 2.9630 2.8827 2.9832 2.7688 3.5460 3.6662 3.5628 3.5119 3.6592 3.3563 3.0594 3.0567 3.6278 3.6710 0.9620 
3.5998 5.3716 5.0730 4.7209 4.4360 4.3769 3.9632 3.8851 4.2208 4.3726 3.8720 3.5474 3.3281 3.4359 3.4441 3.2986 3.2428 3.2322 3.2872 3.2227 3.0856 3.2065 3.4814 3.8867 3.6582 3.2090 3.1778 3.4910 3.4096 3.5063 3.5984 3.4989 1.5362 
4.7391 4.9633 4.5397 4.4779 4.1953 4.0353 3.5072 3.5233 3.3733 3.9532 4.0387 3.7710 3.6618 3.5819 3.5306 3.5117 3.4628 3.4558 3.4040 3.4003 3.4234 3.4767 3.6348 3.4871 2.7929 2.8421 2.7216 3.1501 3.1664 3.2443 3.0778 3.0840 2.1172 
4.9894 3.9820 3.9442 3.5233 3.2603 3.5032 3.5294 2.9910 2.2123 3.1248 3.0710 3.1737 2.7435 2.6928 2.6873 2.3844 2.5612 2.3324 2.5871 2.5122 2.4996 2.8409 2.6690 2.6531 1.7134 2.3216 2.7563 2.6137 2.2223 2.2632 2.4566 2.1123 2.2193 
4.5722 3.8060 3.6135 2.6026 2.6952 3.0926 3.5217 2.8470 2.6233 3.2818 3.2954 2.5760 2.7652 2.6919 1.9002 1.7832 2.2251 1.7370 1.7924 2.5039 2.5269 2.2335 2.8994 2.8036 2.0520 2.2014 2.7407 2.2201 1.7127 1.3353 2.1734 1.9031 1.8245 
5.0112 4.2916 3.5605 3.4883 3.0038 3.0595 3.6695 2.9965 2.6332 3.3031 3.2121 2.3935 2.7966 2.7177 2.7856 2.4848 2.3332 2.4049 2.6727 2.5461 2.5817 2.1006 2.7989 2.8221 2.0708 2.3090 2.9157 2.1798 1.9418 2.2470 2.0822 2.3175 2.2606 
5.3646 4.5980 4.2039 3.9626 3.5218 2.9789 3.9524 3.3421 3.0822 2.7138 3.5894 3.3881 3.3341 3.2848 3.1827 3.0819 2.9315 3.0358 3.0740 3.1090 3.0898 3.0680 3.1867 2.2329 2.5175 2.6836 3.1704 2.0835 2.4784 2.7248 2.7265 2.6574 2.6246 
5.4499 5.2067 5.0426 4.8369 4.4829 4.0773 4.3666 4.4319 4.4117 4.3074 4.1115 4.0255 3.7840 3.6554 3.5916 3.6065 3.5725 3.5521 3.4903 3.4919 3.5363 3.6821 3.7031 3.8172 3.8470 3.7629 3.5783 3.1927 3.4784 3.5969 3.5783 3.2676 2.7406 
4.7211 5.7632 5.6704 5.1687 4.8796 4.6387 3.9745 4.8935 5.0497 4.9329 4.3850 3.4869 3.7418 3.8082 3.7743 3.7078 3.6705 3.6533 3.6470 3.6119 3.5107 3.1336 3.9707 4.4567 4.4953 4.2351 3.2125 3.7489 3.8531 3.9527 4.1532 3.8831 2.3011 
4.9759 6.0003 5.7044 4.9992 4.8794 4.8446 4.9383 3.9873 4.8299 5.1409 4.9024 4.3079 3.4803 2.9678 2.6296 2.3487 2.5050 2.2916 2.4932 2.7590 3.1875 3.9734 4.4954 4.6542 4.2529 3.2951 4.1654 3.9612 3.8515 3.7804 4.1812 4.1011 1.6024 
5.4322 6.0017 5.4310 4.2767 3.5139 3.5998 4.6651 4.8408 4.1979 5.0078 4.8389 4.0468 3.2322 3.0159 2.8871 2.5255 2.6836 2.4437 2.7574 2.7872 3.0076 3.7037 4.4270 4.5390 3.6478 4.1523 3.9343 2.7195 2.4522 3.0599 3.9554 4.0988 2.5829 
4.9640 5.8549 5.3938 4.6434 4.3402 4.2043 4.4191 4.0605 3.9545 4.4538 4.5005 3.5594 3.7522 3.6463 3.5619 3.5131 3.5327 3.4580 3.4550 3.4861 3.5164 3.2241 4.0970 3.9828 3.3712 3.4232 3.6416 3.3184 3.2693 3.4432 3.9293 3.9752 2.3742 
4.4860 5.8081 5.3242 4.5545 4.3695 4.0930 3.9531 3.6496 4.1437 4.3551 4.3786 4.1246 3.8672 3.1245 3.0598 3.0019 3.0432 2.9207 2.9144 2.9291 3.5917 3.8196 3.9660 3.8681 3.5940 3.0225 3.1727 3.2077 3.3007 3.3358 3.8312 3.9344 2.3136 
3.5959 5.7608 5.1267 4.2735 3.9262 3.8044 3.9283 4.0430 3.6438 3.1223 3.9305 3.4533 3.9517 1.5395 1.4126 1.9763 2.1779 1.9295 1.4371 1.4739 3.6682 3.1174 3.5201 2.6602 3.0901 3.4052 3.1459 2.9430 2.8834 3.0807 3.6360 3.8582 2.2109 
4.5562 5.5281 4.9801 4.3861 4.0833 3.9371 3.6739 3.5328 3.9988 3.8459 4.1413 3.9065 3.5069 3.3759 3.3992 3.4815 3.3927 3.4000 3.2498 3.1743 3.2224 3.5609 3.7470 3.3611 3.4616 2.8743 2.9406 3.0606 3.0822 3.1662 3.5340 3.6166 2.3204 
5.2373 4.8701 5.0830 4.6482 4.4465 4.3277 4.1303 3.9783 4.0471 4.0646 3.7601 3.5919 3.8207 3.7614 3.7074 3.6139 3.5985 3.5582 3.5924 3.5777 3.5613 3.2537 3.3677 3.5884 3.5074 3.3016 3.3911 3.4458 3.4317 3.4682 3.6186 2.9867 2.5676 
5.5581 5.0691 5.1621 4.7482 4.4989 4.3837 4.1959 4.0814 4.1113 3.9791 4.0472 4.0712 3.6535 3.6289 3.6415 3.6074 3.5842 3.5522 3.5301 3.4672 3.4125 3.7378 3.6453 3.5087 3.5580 3.4520 3.4675 3.4995 3.4943 3.5304 3.6679 3.1830 2.7448 
5.5843 5.3072 4.8557 4.3831 4.0647 3.9467 3.7944 3.6257 3.5531 3.3655 3.5040 3.6747 3.5059 3.1510 3.2322 3.0583 3.0378 2.9945 3.1211 2.9758 3.2243 3.3598 3.0921 2.8778 3.0052 2.9906 3.0550 3.0631 3.0591 3.1454 3.3509 3.3748 2.7063 
5.4946 5.1443 4.4997 3.9774 3.5588 3.2982 3.1200 2.9809 3.3284 3.0582 3.0860 3.3067 2.7762 2.8907 2.6578 2.6369 2.5228 2.5821 2.5547 2.7063 2.5377 3.0053 2.6780 2.5934 2.7741 2.3279 2.3669 2.4471 2.5812 2.7792 3.0614 3.1873 2.6669 
5.1085 4.9495 4.7691 4.3916 4.1492 3.9964 3.8669 3.6805 3.8450 3.7029 3.6262 3.5735 3.5931 3.5742 3.4567 3.4000 3.3282 3.3216 3.2987 3.3908 3.3296 3.2344 3.2249 3.2295 3.2605 3.0602 3.0993 3.1148 3.1354 3.1606 3.2648 3.0650 2.3479 
3.5772 5.1764 4.8115 4.3856 4.1911 4.0430 3.8949 3.7110 3.8272 3.6703 3.6021 3.5735 3.5512 3.4855 3.4374 3.2862 3.1857 3.2262 3.2815 3.2532 3.2768 3.2322 3.1997 3.1945 3.2438 3.0799 3.1147 3.1587 3.1658 3.1456 3.2843 3.2551 0.5852 
4.7667 5.3050 4.5173 4.0881 3.8094 3.6520 3.4937 3.4644 3.3849 3.2317 3.2065 3.1352 3.3638 3.2079 3.1494 3.1792 3.0324 3.1230 3.0484 3.0469 3.1089 2.7950 2.7948 2.7590 2.8014 2.7761 2.7067 2.7661 2.7686 2.8613 3.0435 3.3988 1.8064 
4.9950 5.3150 3.8514 3.4504 3.4906 3.2329 3.3199 3.2226 3.1080 3.0921 2.8603 3.0517 2.5649 2.6817 2.4870 2.2277 2.0885 2.1763 2.3451 2.4910 2.2797 2.7009 2.4652 2.6203 2.5570 2.5965 2.5886 2.3454 2.4221 2.2027 2.2604 3.4143 2.2612 
5.1625 5.1249 4.1704 4.1094 3.9902 3.8761 3.6204 3.6005 3.5532 3.5677 3.2306 3.2683 3.1764 3.0320 3.2471 3.1760 3.1187 3.1194 3.1368 2.7986 2.9227 2.9654 2.8281 3.0941 3.0068 2.9539 2.8523 2.9919 2.9645 2.8993 2.7562 3.2079 2.5082 
5.3529 4.6010 4.8697 4.5375 4.3821 4.2079 4.0814 3.9450 3.9312 3.7899 3.6572 3.6509 3.6690 3.6501 3.6148 3.5386 3.5253 3.4912 3.5089 3.4889 3.4350 3.3240 3.2471 3.3041 3.3397 3.2547 3.3172 3.3239 3.3242 3.3198 3.4039 2.6731 2.6452 
5.5794 4.9369 4.8435 4.3940 4.0465 3.8533 3.6630 3.6714 3.4530 3.3617 3.1001 3.0032 3.0975 3.3469 3.2247 3.2149 3.1019 3.1547 3.1087 3.1549 2.8215 2.6619 2.6912 2.8750 2.8581 3.0473 2.9041 2.9696 3.0433 3.1564 3.3442 3.0243 2.7877 
5.0104 5.0008 5.0041 4.6520 4.4342 4.2552 4.1362 4.0495 3.8718 3.8079 3.7279 3.6949 3.8992 3.8603 3.6647 3.6081 3.5782 3.5531 3.5486 3.6506 3.6161 3.3906 3.3352 3.3221 3.2809 3.4049 3.3979 3.3706 3.4082 3.4639 3.5476 3.1280 2.3028 
5.2840 5.5348 4.9711 4.4956 4.3056 4.1212 4.0276 3.9933 3.8207 3.6490 3.6374 3.4994 3.8306 3.3680 3.5176 3.5106 3.4300 3.4527 3.3850 3.1665 3.5687 3.1511 3.2304 3.1720 3.2354 3.3261 3.2505 3.2354 3.2443 3.2658 3.5029 3.6340 2.4581 
5.0886 5.2421 4.0557 2.9993 1.2456 1.4659 2.2638 2.7932 2.5986 2.5986 2.6784 2.8592 3.0680 2.8703 2.3438 2.0742 1.3212 1.9926 2.2186 2.6922 2.7831 2.5728 2.2816 2.1330 2.0224 2.1751 1.4616 0.6469 0.5474 1.7740 2.5446 3.3003 2.4660 
5.0796 4.4401 4.2847 3.6056 3.5223 3.3373 3.3559 3.0971 3.4348 3.3933 3.2175 3.1770 3.1836 2.7820 2.6435 2.8453 2.5998 2.7840 2.5190 2.6146 2.9340 2.8414 2.8081 2.9067 2.8461 2.4334 2.6158 2.4597 2.4905 2.3884 2.7986 2.5716 2.3714 
4.9770 4.3791 3.4551 3.3069 2.9140 2.4321 2.3028 1.5142 2.3835 2.6404 1.4441 1.8331 2.2551 2.4434 1.9298 2.1016 2.1130 2.0166 1.8279 2.2486 1.9956 1.5109 1.0145 2.1716 1.8084 0.9770 1.6017 1.6204 1.9041 2.1585 1.9012 2.4374 2.1304 
3.9757 4.5231 4.4671 4.2806 4.0303 3.9147 3.7818 3.7443 3.3825 3.4957 3.3808 3.3910 3.2976 3.2531 2.6316 3.1971 3.2037 3.1389 2.5067 3.0850 3.0662 3.0709 2.9927 3.0194 2.7968 3.1022 3.0467 3.0314 3.0270 3.0722 3.0121 2.6478 1.0755 
5.1303 5.0537 4.4208 4.1169 3.7410 3.6268 3.4018 3.4417 3.3535 3.2398 3.2023 3.0634 3.1669 3.0545 3.2159 3.1082 3.1045 3.0587 3.1017 2.8285 2.9129 2.7155 2.7914 2.7712 2.7824 2.7602 2.6394 2.7401 2.7128 2.9033 2.9165 3.1458 2.3100 
5.1924 4.7114 3.0933 3.6765 3.5115 3.1532 3.2387 3.0667 2.7464 2.6304 2.9519 2.6619 2.7569 2.0825 2.7118 2.9523 2.8685 2.8753 2.6097 1.8841 2.5115 2.3225 2.5645 2.1617 2.1970 2.3785 2.4980 2.2678 2.4585 2.4780 1.6012 2.7740 2.4486 
4.3927 4.8360 4.4295 4.1961 3.8700 3.7542 3.5652 3.5514 3.4014 3.2349 3.3154 3.1745 3.2276 3.0154 3.4220 3.4578 3.4032 3.3766 3.2723 2.7850 2.9984 2.8396 2.9261 2.7660 2.8140 2.8841 2.7886 2.8677 2.8069 3.0064 2.9495 2.9378 1.7385 
4.8430 4.9387 4.2885 4.3199 3.7141 3.5141 3.5064 3.4861 3.2562 3.2363 3.1844 3.2895 3.1852 1.8094 2.7124 2.6976 2.2294 2.6438 2.6095 1.5828 2.9343 2.9872 2.7826 2.7661 2.7051 2.7891 2.7218 2.6292 2.6852 3.0935 2.7883 3.0579 2.1215 
4.9200 4.2400 3.9777 3.8076 3.2720 3.1481 3.0602 3.0924 3.1980 2.8227 2.8836 2.8139 2.6786 2.6265 3.2155 2.8903 2.8079 2.8146 3.1029 2.4033 2.4048 2.5079 2.4944 2.3445 2.6485 2.4201 2.2789 2.2642 2.2476 2.6097 2.5100 2.2943 2.2049 
4.6675 3.1110 2.6017 3.5341 2.9939 2.3161 1.6199 2.0961 1.7293 1.3391 2.0632 2.0572 2.3060 3.1044 3.2474 2.2425 3.0537 2.1876 3.1344 2.9083 2.0681 1.7359 1.6844 0.8751 1.1723 1.4345 0.8660 1.4431 1.9355 2.3024 1.1918 1.3429 1.8919 
4.1979 2.2942 3.3545 3.4240 3.2220 2.9570 2.7134 2.3688 2.6657 2.4264 2.8743 2.6932 2.7830 2.7191 2.1131 2.3003 1.7039 2.2429 1.9541 2.5463 2.5484 2.3505 2.4820 1.9469 2.1233 1.7410 1.9408 2.0771 2.2048 2.2067 1.8792 0.6977 1.4106 
3.9846 3.9117 3.1583 3.3947 3.1600 2.7902 2.7008 1.8768 2.5698 2.1648 2.6013 2.1915 2.2580 2.3542 2.8368 2.0647 2.7349 1.9861 2.7197 2.1914 1.9977 1.8458 2.1905 1.6784 1.9767 1.2542 1.9224 1.9029 2.1531 2.1835 1.7357 1.9549 1.2785 
2.2972 3.6206 3.4630 3.0179 3.1508 2.6899 2.3767 1.6627 2.1683 2.0462 1.8941 2.5758 2.1936 2.6320 1.3877 2.4177 1.8954 2.3485 1.3090 2.4193 1.9112 2.2271 1.4929 1.5625 1.5838 0.9909 1.6388 1.8025 2.1491 1.7850 1.9441 1.7428 0.0820 
3.9340 3.2246 2.5064 0.4627 2.2246 2.0431 2.6161 2.5177 1.9939 1.8800 2.1694 2.3919 2.8983 3.2438 2.6679 1.7751 1.3403 1.7271 2.5483 3.0797 2.6539 2.0947 1.7614 1.4008 1.4198 1.8448 1.8369 1.1886 1.2337 -0.2548 1.0113 1.3098 1.1448 
4.1016 3.2790 3.4544 3.1582 3.1794 2.9123 2.9208 2.7844 1.8131 2.7445 2.7690 2.7140 2.9511 3.2418 2.7281 1.8770 1.9041 1.8076 2.6188 3.0796 2.6875 2.3730 2.3563 2.2675 1.2636 2.1575 2.1735 2.0245 2.1676 1.9266 1.9428 1.3147 1.3511 
2.5285 2.8384 3.1838 3.1783 2.5296 2.6326 1.9787 2.4707 2.1782 2.2880 2.3584 2.3818 2.6288 3.1772 2.4787 2.3031 2.2692 2.2474 2.3407 3.0129 2.3478 2.0806 1.9644 1.8125 1.6008 1.8133 1.2659 1.7449 1.4897 1.9455 1.7405 0.9526 -0.2250 
3.6271 3.9112 3.8443 3.1562 3.0050 2.8047 2.9163 2.3987 2.5362 1.9631 2.2666 1.9058 2.4452 3.0691 2.5673 1.8777 1.6955 1.8193 2.4054 2.8527 2.2055 1.5972 1.8644 1.4787 1.9439 1.7603 2.1707 1.9222 1.9381 1.9261 2.3461 1.9671 0.7333 
3.9859 4.0905 3.9714 3.2312 3.0373 2.5583 1.0929 1.8312 2.4753 2.6476 2.3967 2.1650 1.9477 2.9442 2.6852 2.4246 2.7647 2.3510 2.5846 2.7421 1.7277 1.8145 2.0025 2.1767 1.9015 1.2001 0.3155 1.6713 1.9627 2.0427 2.4834 2.1991 1.0281 
3.3592 3.5271 3.7321 3.3248 2.5261 2.0534 2.5971 2.8422 2.6103 1.5364 0.8170 1.8257 0.8405 3.0026 2.3002 2.4522 2.2470 2.3790 2.1893 2.7845 0.6102 1.5010 0.4256 1.0293 2.0192 2.2068 1.8158 1.1997 1.4450 2.1328 2.2704 1.6202 0.5080 
3.9819 3.9763 3.6757 3.7126 2.9158 1.8782 2.7564 2.9303 2.7167 2.8098 2.6754 2.7760 2.6323 2.9006 2.5982 1.0100 1.2128 0.9411 2.4377 2.7100 2.3473 2.4504 2.2690 2.3391 2.1753 2.2672 1.9958 0.9743 1.8664 2.5139 2.2137 2.0645 1.1516 
2.2369 3.6369 3.9056 3.6279 2.8416 1.9439 2.0353 1.8492 1.8033 1.7296 1.1531 2.4552 2.5155 2.7703 1.6416 2.0238 1.3493 1.9456 1.5035 2.6058 2.2494 2.1592 0.7587 1.2604 1.2700 1.2117 1.2792 1.0398 1.8076 2.3994 2.3973 1.7637 -0.5389 
4.1761 3.7413 3.6331 3.4660 3.1124 2.8647 2.5825 2.9525 2.8809 2.7049 2.3296 2.5060 1.8982 2.6750 2.3434 2.3675 2.6343 2.3140 2.2299 2.4850 1.6646 2.1841 1.9219 2.2296 2.3187 2.2851 1.7969 1.9816 2.0850 2.2286 2.1696 1.8277 1.3729 
1.9629 3.6569 3.7085 3.0215 2.5977 2.4007 2.3430 2.2015 2.1906 2.2570 2.1818 1.0128 1.5008 2.6549 1.8443 2.1910 2.3414 2.1436 1.7316 2.4542 1.2853 0.6875 1.7703 1.7847 1.6200 1.5280 1.5905 1.5164 1.5212 1.7746 2.2459 1.7712 -0.5098 
3.4869 3.4466 3.0435 2.3205 1.6734 2.3900 0.9707 2.2199 1.8869 2.6026 2.6888 2.1778 1.9032 2.3952 2.1385 1.4080 2.4942 1.3664 1.9731 2.2204 1.6759 1.8273 2.2834 2.1249 1.3489 1.5559 0.2714 1.5180 0.6895 1.1006 1.5485 1.4857 0.6647 
3.6978 3.3691 3.2250 2.8086 2.2491 1.7398 2.3056 1.3263 2.1280 2.2127 1.7696 1.0486 1.8286 2.1606 2.1110 1.3834 0.6165 1.3329 1.9556 1.9316 1.5681 0.7248 1.3629 1.7394 1.5250 0.6603 1.5298 0.8260 1.2137 1.5972 1.7640 1.4558 0.9698 
2.7811 3.2858 3.4146 3.1778 2.6018 2.3144 2.0741 2.1532 1.8908 1.9508 1.6267 2.1074 2.1545 2.0591 1.6061 2.1226 1.9764 2.0417 1.4629 1.8594 1.8671 1.7687 1.2462 1.4726 1.3356 1.4531 1.3095 1.4153 1.5403 1.9469 1.9230 1.3765 -0.3360 
3.4791 3.1587 3.0465 3.1878 2.7227 2.2420 1.8289 2.2649 2.0290 1.9032 1.9576 2.2008 2.4077 1.9096 1.3000 1.8309 0.9025 1.7744 1.1589 1.7450 2.1763 1.8603 1.5687 1.4340 1.4539 1.6150 1.0604 1.3513 1.7109 1.9665 1.5300 1.3044 0.7436 
4.0186 3.6532 3.4872 2.9989 2.4925 1.8475 1.3488 2.3007 2.4949 1.5588 2.0325 2.6467 1.1741 0.8429 2.0525 2.1749 2.2281 2.1140 1.9060 0.6210 0.9035 2.3046 1.6501 1.0655 1.9088 1.6724 0.5643 0.9617 1.4573 1.7646 1.9737 1.7462 1.2218 
3.5311 3.4330 3.1502 1.8426 2.5985 2.3952 1.8867 1.1310 1.5472 0.7526 1.8621 1.6857 1.8934 1.7797 1.7506 1.6051 1.6813 1.5273 1.6215 1.5789 1.6566 1.3394 1.4580 0.2395 0.9770 0.4518 1.1244 1.5023 1.5411 0.6620 1.7058 1.4860 0.7642 
1.3499 2.8369 2.3850 2.6883 2.1193 1.8592 2.2503 1.6790 2.3401 2.3868 2.4055 2.3198 2.3197 2.3127 2.1052 0.7797 1.4549 0.7096 1.9474 2.1536 2.0770 1.9948 2.0101 1.9063 1.7869 1.0087 1.4719 0.9657 1.0668 1.4584 0.9118 0.9475 -2.4515 
3.8039 3.1734 3.5113 3.9002 3.0910 1.6794 2.1252 1.7641 2.2071 2.5674 2.1291 2.1096 1.8245 1.5524 2.1338 1.4552 2.1983 1.4042 1.9761 1.3591 1.5658 1.7728 1.7231 2.0780 1.6531 1.0836 1.3419 0.7733 2.0383 2.6635 2.0391 1.2506 1.0568 
4.0981 3.6365 2.8844 2.8802 3.0603 3.1017 2.1701 2.7070 3.0683 2.6653 2.8886 2.8057 2.6202 2.5921 2.2475 2.4702 2.4939 2.3962 2.1515 2.3576 2.3383 2.5013 2.5038 2.1871 2.4942 2.0722 1.3934 2.2201 2.0320 1.6930 1.4421 1.7080 1.2958 
3.0934 3.2227 3.1502 2.8211 2.7907 2.0542 2.5855 2.8301 2.8718 2.3867 3.3077 3.0225 2.7427 1.4671 2.4723 1.4204 0.1985 1.3555 2.3386 1.3100 2.4912 2.6716 2.9177 1.9045 2.3112 2.1994 1.7955 1.1735 1.7858 1.6193 1.6962 1.3416 0.2819 
