3.4013 3.5587 4.1019 3.6667 3.1709 2.8026 2.7473 2.7037 2.5121 2.0068 2.0571 2.2820 1.8270 2.2569 2.3478 1.5879 1.7206 1.5217 2.2028 2.0820 1.5994 1.9941 1.6583 1.5494 1.9901 2.0747 2.0201 1.9472 2.1543 2.4702 2.6399 1.7398 0.7016 
4.0293 3.7790 4.1351 2.6791 3.2905 3.0338 2.6801 2.9026 2.1252 2.4030 2.0063 1.6963 2.2959 2.3989 2.1529 1.8326 0.4777 1.7562 2.0471 2.1787 2.0538 1.3856 1.6009 1.9183 1.5907 2.2432 1.9862 2.1670 2.2588 1.5522 2.6652 1.9678 1.3236 
1.0448 3.7129 4.1489 3.4180 3.0137 2.6809 1.8936 1.8994 2.1696 2.6687 2.4696 2.0412 1.2057 2.1354 1.7864 1.9993 1.4207 1.9218 1.6729 1.9756 0.9573 1.7034 2.0693 2.2010 1.6421 1.2723 1.1591 1.8083 2.0187 2.2156 2.6870 1.8715 -1.2416 
3.8615 3.7485 4.2499 3.4868 2.9414 3.2649 2.8535 2.8975 2.0001 2.5762 2.2228 2.0884 2.6049 2.5729 2.6316 2.2762 2.6141 2.2114 2.5206 2.4217 2.3780 1.7628 1.8333 2.1133 1.4434 2.2349 2.0827 2.4060 1.9697 2.3064 2.8464 1.9400 1.1995 
2.9493 4.0957 4.1748 3.8021 3.4484 3.2231 3.8535 4.0496 3.5413 3.4091 2.8006 3.2971 2.9969 2.5968 3.0426 2.8086 3.1846 2.7285 2.9339 2.4344 2.7538 2.9560 2.4145 2.9457 2.9913 3.4076 3.1045 2.3677 2.4556 2.6121 2.7200 2.2409 -0.2748 
4.1335 4.3218 4.5514 2.7614 3.4196 3.8959 3.6120 3.7345 3.4455 3.5565 2.7080 2.5074 2.9738 3.1845 2.4785 2.5276 3.4215 2.4782 2.3604 2.9896 2.7267 2.1806 2.3393 3.0880 2.9110 3.0635 2.8748 3.0355 2.4432 1.5834 3.0796 2.4967 1.3456 
4.3320 4.1441 3.8955 2.6085 2.9740 3.3132 3.8039 3.1802 3.3008 3.1371 2.1785 2.1383 2.2751 2.1875 2.3619 2.4125 1.7355 2.3310 2.2159 2.0337 2.0348 1.8261 1.8031 2.6669 2.7338 2.5322 3.0476 2.4606 2.0081 1.4402 2.4705 2.2605 1.6886 
4.9598 4.6923 3.7549 3.9934 3.1511 3.7251 4.4766 4.1517 3.8771 3.7538 2.8932 2.7365 3.0239 2.5820 1.8628 1.8012 2.2531 1.7436 1.7418 2.4269 2.7924 2.4390 2.5033 3.2989 3.3407 3.4753 3.7466 2.8708 2.1278 2.8531 2.3113 2.8444 2.2381 
5.0423 5.1559 5.9225 5.3461 5.0448 5.0303 5.1055 4.1682 4.2670 4.5598 3.4268 3.3629 3.7508 3.7235 3.5376 3.5016 3.3408 3.4473 3.4188 3.5045 3.4732 3.0389 3.0436 4.0813 3.7444 3.5043 4.3501 4.1736 4.0357 4.1606 4.5024 3.2902 2.5277 
5.9792 5.6395 5.9747 5.1277 4.4412 4.7420 4.8388 4.4816 3.9163 4.6273 3.7514 3.7400 3.4092 3.6934 3.5844 3.5357 3.4598 3.4712 3.4587 3.4730 3.1591 3.4055 3.3463 4.1732 3.3930 3.8388 4.1345 3.8860 3.4387 3.9138 4.5702 3.7993 3.3353 
4.5896 5.3958 4.8474 5.3436 4.6497 4.5541 4.7011 3.8568 3.8594 4.3295 3.6966 3.7990 3.7838 3.6377 3.6583 3.6135 3.5318 3.5397 3.5094 3.4374 3.5165 3.4723 3.3133 3.8658 3.3330 3.2402 3.9556 3.6889 3.6665 4.1760 3.4167 3.5210 2.1540 
5.6229 5.7943 5.4722 5.6347 4.9957 4.0908 4.2615 3.8567 4.1483 4.3290 4.0616 3.8727 3.8267 3.5614 3.6764 3.6587 3.5558 3.5805 3.5249 3.3800 3.5724 3.5523 3.6829 3.8683 3.5774 3.2418 3.5054 3.2187 3.9438 4.4689 4.0457 3.9245 2.9687 
5.9404 5.2586 5.4522 5.6075 4.9573 4.9821 4.7025 4.5352 4.3776 4.5215 4.4438 4.3531 4.2417 4.2407 4.2106 4.1910 4.1763 4.1460 4.1000 4.0650 3.9856 4.0564 4.0656 4.0477 3.8398 3.8725 3.9542 4.1246 3.9260 4.4243 4.0127 3.3765 3.2920 
5.6277 5.1949 5.0320 4.9836 4.5855 4.6913 4.5112 4.2468 4.1718 4.1345 3.6203 3.5522 3.4378 3.6152 3.4230 3.3792 3.4281 3.3293 3.3178 3.4215 3.2031 3.2654 3.2436 3.6576 3.6168 3.6164 3.7666 3.8344 3.5479 3.7894 3.5678 3.3499 2.9581 
5.3758 4.8384 4.6231 4.6751 4.7813 4.7325 4.6047 4.2717 4.1895 4.1048 3.9467 3.8939 3.7742 3.7615 3.2583 3.6177 3.5815 3.5457 3.0987 3.5603 3.5049 3.5790 3.5650 3.6305 3.6449 3.6523 3.8469 3.8765 3.7970 3.4825 3.1757 2.9653 2.7043 
4.0816 3.9582 4.2499 4.0780 4.3131 3.7665 3.7652 3.4607 3.7169 3.1013 2.9499 3.4492 2.8088 3.5037 3.2072 2.7565 2.8710 2.6850 3.0581 3.3391 2.5338 3.1323 2.5640 2.6217 3.1408 2.8544 3.0140 2.8991 3.3289 2.9007 2.8546 2.1568 1.3540 
4.1008 3.8361 3.8977 3.9932 3.0575 3.2910 2.4779 3.0819 2.9083 3.1661 2.2633 3.0900 3.1174 3.4343 3.3753 2.6383 2.5277 2.5853 3.2777 3.2809 2.8899 2.7970 1.8832 2.6929 2.3737 2.4693 1.7315 2.4312 2.0514 2.8508 2.4715 2.0129 1.3899 
2.2327 3.7896 3.2041 3.5014 3.6312 3.6684 3.6004 2.8740 3.1759 3.7847 3.0421 3.2342 3.0507 3.1470 3.1146 2.4565 1.9693 2.3962 2.9983 2.9598 2.8397 2.9107 2.6493 3.3269 2.6173 2.1992 2.8746 2.8134 2.6117 2.3471 1.7380 1.9688 -2.2670 
3.3469 3.1740 3.8623 4.1532 3.9682 3.3127 2.6016 2.2805 2.9059 2.9397 3.3121 3.1870 2.0086 3.1897 3.3151 3.0745 3.3573 3.0196 3.1828 2.9938 1.7040 2.8807 2.9143 2.4837 2.3662 1.6487 1.8704 2.4483 2.9693 2.9500 2.4590 1.3496 0.7198 
3.7864 3.6902 3.3234 3.0808 3.7853 3.4036 3.1220 2.4340 2.8076 3.1562 2.9783 2.6206 2.9745 2.8014 3.0091 3.0299 2.4568 2.9696 2.9012 2.6001 2.7289 2.3166 2.5902 2.6829 2.2403 1.7526 2.4139 2.5402 2.7958 1.9449 1.8677 1.8120 1.1177 
1.6298 2.9158 3.6944 3.3724 2.9271 3.4397 3.7289 3.0605 3.3150 3.4943 3.0449 3.4078 2.8082 2.8596 2.6900 2.9149 3.0581 2.8694 2.5721 2.6360 2.5355 3.0811 2.6620 3.0365 2.7624 2.4490 2.9663 2.5844 1.9192 2.1887 2.2258 0.9790 0.1462 
2.4017 3.3246 3.7047 3.7809 3.8334 4.2068 4.2960 4.1295 3.2343 3.3979 2.2250 2.8063 3.1530 3.2179 3.0672 3.1129 2.8627 3.0450 2.9565 3.0152 2.9139 2.4789 1.8318 2.9372 2.6543 3.4605 3.5547 3.3508 2.8599 2.5927 2.2385 1.5034 -0.6375 
3.8669 3.3794 4.1977 4.0868 3.2883 3.7356 3.7685 3.8507 3.4763 3.7231 3.6308 3.2238 3.7634 3.7508 3.1990 2.9364 3.2818 2.8879 3.0531 3.5433 3.4916 2.9039 3.2595 3.2585 2.9454 3.2291 3.0182 2.8724 2.2589 2.8965 2.7681 1.6245 1.1950 
4.2126 4.0899 4.2756 3.5979 3.1335 3.6875 3.8152 3.4362 3.5003 2.9987 2.8666 3.1278 3.8095 4.3157 4.3743 4.0220 3.8502 3.9487 4.2607 4.1576 3.5539 2.8456 2.4673 2.5390 2.9649 2.8184 3.0604 2.8295 2.1261 2.4275 2.8651 2.2295 1.4993 
2.9321 3.4725 3.9509 3.5080 3.4489 3.4031 3.0064 3.3014 3.4699 4.2736 4.1231 3.1278 2.9909 3.9490 3.6030 3.4923 0.7830 3.4405 3.4690 3.7800 2.7408 2.8356 3.7295 3.8139 2.9375 2.6328 2.2598 2.5418 2.4688 2.3435 2.5336 1.6722 0.1263 
2.6363 2.7533 3.3391 3.4440 3.5737 3.7086 3.6745 2.6897 3.0304 3.6743 3.5307 3.5270 3.7155 4.4649 3.8380 3.3361 3.5516 3.2916 3.7359 4.2726 3.4379 3.2431 3.1528 3.1972 2.4999 2.0655 2.9212 2.8489 2.5734 2.2657 1.9075 0.9237 0.0946 
1.7415 2.4446 2.8987 3.9587 3.7283 3.2549 4.0675 4.1960 4.1882 4.3236 4.6180 3.5732 3.0400 4.0184 4.2805 4.1517 3.6777 4.0766 4.1771 3.8349 2.8272 3.2821 4.2218 3.8629 3.6450 3.5416 3.3293 2.3840 2.6956 2.8020 1.4625 0.4285 -0.4633 
3.9027 4.0326 4.1475 3.8812 4.1606 4.3497 4.8328 3.8884 4.5019 5.0993 4.6687 3.7824 3.2215 4.0066 4.2441 3.2177 3.1579 3.1444 4.1482 3.8204 2.9600 3.4593 4.2740 4.6399 3.9345 3.2705 4.1235 3.4972 3.1402 2.7097 2.6748 2.1762 1.0326 
3.6639 3.9094 4.2421 3.7919 3.5551 3.7569 4.3092 3.8032 3.5288 3.6720 3.5889 3.2307 3.1087 3.2932 2.8547 2.6158 3.1789 2.5601 2.7121 3.0737 2.8779 2.9104 3.2138 3.1977 2.9829 3.1615 3.5707 2.9082 2.5600 2.6044 2.8347 2.1005 0.9380 
3.7913 3.8353 3.8743 3.7537 3.5041 3.1468 4.0701 3.6850 3.7572 4.2279 3.7487 3.1494 2.8665 2.9950 3.3293 2.6656 2.4631 2.6056 3.2050 2.8428 2.5892 2.8579 3.3484 3.7698 3.2159 3.0232 3.3295 2.2905 2.5152 2.5579 2.4563 2.0143 0.9950 
5.2233 4.7771 3.8113 4.0301 3.4731 3.2223 3.8021 3.3451 2.6583 3.2884 3.2693 2.7798 2.4322 3.0802 3.2007 3.2108 3.1747 3.1346 3.0553 2.9149 2.1553 2.4616 2.8745 2.8205 2.1161 2.6911 3.0461 2.3633 2.4872 2.8643 2.4400 2.9501 2.6066 
6.2182 6.1289 5.7897 5.5804 5.3912 5.2264 5.1372 4.9587 4.9751 4.9563 4.8904 4.8244 4.7619 4.7002 4.6830 4.6480 4.6176 4.5999 4.5845 4.5369 4.5454 4.5345 4.5133 4.4820 4.3999 4.3016 4.3904 4.3690 4.3600 4.3977 4.3331 4.2828 3.5304 
4.4700 6.2936 6.0144 5.2819 5.0164 4.8637 4.6386 4.6131 4.5696 4.5185 4.5191 4.3957 4.2854 4.2369 4.2678 4.2652 4.2265 4.2120 4.1663 4.0592 4.0438 4.1055 4.1428 4.0439 3.9899 3.9525 3.8878 4.0019 3.9868 4.1157 4.5953 4.4252 1.9933 
4.8829 6.0066 5.3299 5.0830 4.6913 4.4879 4.3334 4.2413 4.2294 4.2304 4.1201 3.9341 3.9328 3.9283 3.9046 3.8457 3.7630 3.7914 3.7984 3.7652 3.7196 3.6398 3.7293 3.7716 3.7082 3.6063 3.6103 3.6278 3.7167 3.8912 3.8596 4.1799 2.7111 
5.0397 5.3259 4.9952 4.7741 4.6639 4.5116 4.3282 4.1916 4.2153 4.2134 4.1021 3.9809 3.9524 3.9134 3.8928 3.8280 3.7876 3.7755 3.7801 3.7546 3.7326 3.6936 3.7201 3.7559 3.6884 3.5374 3.6008 3.6550 3.6866 3.6168 3.5170 3.4789 2.4084 
5.9531 5.8650 5.2605 4.5154 4.1032 3.7937 3.4200 3.4902 3.3487 2.9330 2.9206 2.7877 2.6067 2.2442 2.5291 2.5241 2.2714 2.4877 2.4408 2.0988 2.4199 2.4878 2.5433 2.4920 2.8349 2.8917 2.6964 2.9491 3.0892 3.3390 3.8225 3.9619 3.1958 
4.5757 5.8946 5.3367 4.8159 4.6425 4.5322 4.3885 4.3709 4.2459 4.1320 4.1580 4.0803 4.0793 3.9767 3.9411 3.9251 3.9124 3.8730 3.8283 3.8000 3.8159 3.7605 3.7590 3.6564 3.7226 3.7567 3.6774 3.6739 3.6481 3.6530 3.8742 4.0367 1.5179 
5.8891 5.8972 5.1877 4.9611 4.7552 4.6548 4.5388 4.4632 4.3614 4.3296 4.2391 4.2083 4.1826 4.1187 4.1235 4.0254 3.9888 3.9526 3.9692 3.9004 3.9051 3.8800 3.8463 3.8710 3.8255 3.8216 3.7836 3.7958 3.7679 3.7676 3.7832 4.0329 3.2729 
5.9462 5.4930 5.1661 4.9066 4.3528 3.9005 3.4125 3.8814 3.8978 3.8589 3.7312 3.5160 3.4381 3.3772 3.3386 3.4228 3.2938 3.3677 3.2209 3.1993 3.2005 3.2222 3.3314 3.3950 3.3602 3.2706 2.6519 3.0367 3.3574 3.7307 3.7525 3.6423 3.3302 
5.0275 5.9204 5.4395 5.2400 5.0416 4.7596 4.5609 4.4851 4.4590 4.3948 4.3537 4.2776 4.1888 4.1662 4.1351 4.0961 4.0291 4.0183 3.9792 3.9524 3.9132 3.9531 3.9703 3.9264 3.9001 3.8382 3.7969 3.8998 4.0252 4.0890 3.9615 4.0922 2.1517 
4.4955 5.7008 4.5809 4.9747 4.0232 3.7842 3.2840 3.7297 3.4816 3.5418 3.3767 2.9600 3.2072 3.0929 2.8911 2.0903 2.5780 2.0513 2.7718 2.9251 2.9488 2.6350 2.9883 3.0737 2.9523 3.0624 2.5241 2.9306 3.0201 3.7799 3.0841 3.8520 2.4593 
5.9730 5.9149 5.4397 4.7573 4.8171 4.5958 4.3636 4.2500 4.2299 4.1679 4.1216 4.0912 4.0171 3.9440 3.8685 3.8514 3.8420 3.7965 3.7607 3.7765 3.7745 3.7674 3.7307 3.7142 3.7106 3.6230 3.6531 3.7395 3.8305 3.5888 3.9601 4.0479 3.1633 
5.7834 5.5166 4.5433 3.9981 4.3977 3.4698 3.0154 2.9240 3.0338 2.5692 2.7154 2.9454 2.6162 2.5166 2.6367 2.7261 2.4673 2.6535 2.5292 2.3357 2.4003 2.6136 2.3481 2.0894 2.4906 2.2841 2.2559 2.6007 3.3996 2.8308 3.1272 3.6705 3.1672 
4.3526 5.7284 5.3238 4.6579 4.7596 4.4343 4.4422 4.2692 4.2074 4.1639 4.1087 4.0389 3.9621 3.9620 3.9061 3.8718 3.8338 3.8147 3.8001 3.7893 3.7386 3.7351 3.7234 3.7073 3.6723 3.6451 3.7252 3.5768 3.7758 3.4616 3.8769 3.8930 1.4273 
6.1560 5.9446 5.6145 5.1820 5.1002 5.0387 4.8908 4.7586 4.6885 4.6282 4.5888 4.5152 4.4283 4.3736 4.3511 4.2984 4.2699 4.2417 4.2421 4.2061 4.1917 4.1932 4.1900 4.1717 4.1632 4.1534 4.1666 4.1800 4.1248 3.9972 4.1969 4.0996 3.4738 
4.8293 6.1535 5.9018 5.1435 4.3493 4.7176 4.3663 4.3055 4.1599 4.1304 4.1456 4.0248 3.9716 3.8975 3.8992 3.8197 3.8520 3.7680 3.7897 3.7375 3.7445 3.7271 3.7456 3.6539 3.5931 3.6951 3.6498 3.8562 3.3807 3.9378 4.4465 4.3146 0.2426 
5.2823 5.8459 4.9280 4.6445 4.1055 3.7750 3.8877 3.2415 3.2467 2.8277 3.4990 3.3479 3.2874 3.2709 3.0389 3.0473 2.9890 2.9985 2.9320 3.0465 3.0075 3.0198 3.1114 2.3327 2.6680 2.5806 3.1519 2.9121 3.0568 3.4432 3.4364 3.9703 2.8492 
4.5306 5.5315 5.0014 4.5975 4.5865 4.3580 4.2229 4.0677 3.9790 3.8551 3.7824 3.6793 3.6321 3.6839 3.5865 3.5498 3.5237 3.4807 3.4605 3.4687 3.3748 3.3481 3.3890 3.3933 3.4363 3.4170 3.4712 3.5028 3.5651 3.4028 3.5189 3.7161 2.1582 
5.8780 5.7431 5.3231 4.5630 4.2572 4.0043 3.9783 3.6135 3.6401 3.3596 3.5823 3.5419 3.4521 3.4092 3.3145 3.3345 3.3436 3.2890 3.1816 3.2464 3.2199 3.2533 3.2032 2.9008 3.0717 2.9724 3.2749 3.1521 3.2890 3.3626 3.8718 3.8731 3.0641 
4.6219 5.2608 4.6917 4.6653 4.4508 4.2318 4.0203 3.9431 3.9670 3.8898 3.5959 3.7632 3.7266 3.6421 3.5394 3.5117 3.5419 3.4582 3.4207 3.4414 3.4506 3.4321 3.2205 3.4252 3.4252 3.3294 3.3011 3.3730 3.4465 3.4744 3.2708 3.4272 2.1455 
3.4720 4.2717 4.5303 4.1213 3.4981 3.6765 3.4395 3.4250 3.2998 3.2815 3.2056 3.1881 2.8954 2.8599 2.9280 3.1146 3.1268 3.0475 2.8252 2.6387 2.6181 2.8796 2.8328 2.8068 2.7321 2.8123 2.6996 2.8186 2.5259 2.9234 3.0709 2.4618 0.8731 
4.8270 4.1431 4.1571 3.7927 3.7452 3.5054 3.2674 3.0270 2.6087 2.9650 3.4341 3.3815 3.1544 2.7043 2.8625 3.3228 3.4007 3.2785 2.7204 2.5190 2.9112 3.0486 3.0412 2.5092 2.0746 2.4226 2.5031 2.6466 2.7319 2.6059 2.7061 2.2175 2.1818 
4.2457 4.6268 4.6973 4.2121 3.5441 3.1368 3.4271 2.8679 3.6920 2.9996 3.4583 2.8995 2.8068 3.3508 2.9877 2.9548 3.5896 2.9026 2.8805 3.1602 2.5421 2.5590 3.0633 2.5263 3.1203 2.1919 2.6856 2.2480 2.5630 3.0279 3.2834 2.8083 1.7528 
3.0973 3.8382 2.6703 3.6620 3.0959 2.4631 3.0033 2.0351 2.7012 2.4769 2.9241 3.1655 2.9550 3.3345 2.8672 2.3741 2.3998 2.2956 2.7191 3.1348 2.7015 2.8671 2.5337 2.0230 2.1501 1.4023 2.2582 1.6204 2.0940 2.4762 1.2762 2.0116 0.3042 
3.8747 3.8938 3.0620 3.1903 3.1247 2.5195 2.5850 2.9180 2.5916 2.4174 2.3305 1.2711 2.5370 1.8345 1.6081 2.0292 2.0849 1.9791 1.4705 1.6578 2.2888 0.9646 1.9548 1.9419 2.0560 2.2701 1.8484 1.6501 2.1260 2.0187 1.6237 2.0781 1.2388 
4.4111 3.9225 3.4563 3.2058 3.4622 2.1781 2.5399 2.4345 2.5064 2.2865 2.8803 3.0608 2.0686 2.9165 2.9278 2.7262 2.8507 2.6554 2.8213 2.7262 1.7912 2.7643 2.4844 1.8173 1.9831 1.7556 1.7946 1.3171 2.4726 2.0327 2.0285 2.0604 1.7226 
3.9327 3.3980 3.2391 2.8540 2.9880 2.3131 2.6606 2.3797 2.3321 2.8826 2.9377 2.2552 2.1605 1.6546 2.6918 2.6418 2.5632 2.5879 2.5733 1.4857 1.9236 1.9617 2.5436 2.4286 1.7717 1.7160 1.9486 1.4361 2.0121 1.6503 1.7662 1.5976 1.2815 
3.0347 3.2325 3.0836 3.0868 3.1655 3.3509 3.3696 2.6207 2.8213 3.1216 3.0733 2.8760 2.8597 2.2402 1.7064 2.5610 1.8522 2.5050 1.5977 2.0659 2.5800 2.5392 2.6900 2.6522 2.2491 2.0139 2.6145 2.4948 2.1510 1.9352 1.6634 1.3517 0.2752 
4.8015 4.5394 4.5001 4.3339 4.1205 3.8056 3.3450 3.2942 3.3847 3.4692 3.1886 2.7597 2.9427 2.6259 2.7065 3.0771 2.7069 3.0236 2.5853 2.4680 2.6833 2.4514 2.8079 3.0108 2.8607 2.6195 2.5925 2.9454 3.0828 3.1641 3.0449 2.6568 2.1815 
4.9191 6.1407 6.1967 6.0123 5.7469 5.3844 4.6077 3.9296 4.4630 4.3287 3.8379 3.1849 2.9619 3.3035 3.3200 3.1780 3.0744 3.1045 3.1901 3.0876 2.7062 2.8752 3.4462 3.8685 3.9025 3.3250 3.8438 4.5227 4.7380 4.8228 4.7517 4.3042 2.7406 
5.3695 5.4483 5.9002 5.6214 5.4617 4.0674 4.2382 4.3800 4.2498 4.0768 4.4617 4.2494 4.2278 4.1744 4.1483 4.1423 4.1004 4.0630 3.9975 3.9656 3.9683 3.9209 4.0854 3.6152 3.7279 3.7639 3.4960 3.2097 4.4483 4.4702 4.4390 3.6358 2.9007 
5.5544 5.6082 5.7047 5.7405 5.4998 4.6572 4.6594 4.6896 4.5973 4.6324 3.7415 4.3484 4.2230 4.2395 4.1465 4.1816 4.1498 4.1342 3.9940 4.0627 3.9612 4.0523 3.3458 4.1737 4.0375 4.0657 3.9029 3.8107 4.4977 4.5918 4.2619 3.8127 2.8740 
5.5833 6.2375 6.2990 6.2226 5.7780 5.5463 5.1926 4.9968 5.0050 4.9786 5.0204 4.7112 4.5416 4.5423 4.5845 4.5820 4.5551 4.5102 4.4373 4.3278 4.2674 4.3862 4.6215 4.5022 4.4282 4.3250 4.4649 4.6852 4.7571 5.0404 4.8344 4.3760 3.1017 
5.8344 5.8213 6.3938 5.7525 5.3244 4.4923 4.1544 4.2937 4.2306 4.2870 3.7053 3.6178 3.9772 3.9821 4.1281 3.7346 3.8058 3.6737 3.9722 3.8047 3.7476 3.3103 3.3050 3.8249 3.7095 3.6813 3.3903 3.6252 4.3171 4.5791 4.9878 3.9647 3.2285 
5.7116 5.2807 5.9260 5.0924 4.3055 3.3027 3.4074 3.1241 3.5058 3.9241 3.9742 3.5286 3.4695 2.8768 3.3060 3.0270 3.0423 2.9667 3.1649 2.6848 3.2423 3.2268 3.5880 3.4695 2.9879 2.5223 2.6169 2.5177 3.3498 3.9131 4.4914 3.4436 3.1535 
6.0886 5.9195 5.9060 5.7451 5.4520 5.2642 5.0750 5.0070 4.8320 4.8063 4.8397 4.7268 4.6743 4.6617 4.6003 4.5737 4.5477 4.4950 4.4641 4.4812 4.4198 4.4066 4.4592 4.3390 4.2884 4.3315 4.3246 4.4032 4.4250 4.5809 4.4734 4.0481 3.4017 
4.1301 5.9838 5.7520 4.1990 4.6712 4.2173 4.1029 3.8791 4.0541 3.9762 3.7091 3.6316 3.6357 3.6433 3.3073 3.2764 3.0809 3.1949 3.1611 3.4409 3.3792 3.3216 3.3176 3.4974 3.4842 3.2643 3.3516 3.3444 3.7025 3.0029 4.3011 4.1736 1.9891 
5.5755 4.9390 5.5602 5.0855 5.0937 4.8537 4.7099 4.6387 4.5124 4.1305 4.3433 4.2381 4.1874 4.2165 4.0834 4.0360 4.0473 3.9626 3.9341 4.0295 3.9119 3.9052 3.9601 3.6526 3.9398 3.9898 3.9649 3.9933 4.1181 3.9004 4.1612 3.0229 3.0260 
5.5431 5.1049 5.1653 4.8658 4.2872 4.2075 3.3398 3.4750 3.3037 3.9959 3.4306 2.3401 2.7525 2.3605 2.2293 2.3116 1.6056 2.2727 2.1697 2.1019 2.4960 2.0559 3.0388 3.5337 2.7546 2.8788 2.6130 3.3448 3.3116 3.6856 3.7581 3.2234 2.8574 
5.0108 5.5680 5.4681 4.8957 4.8228 4.2742 4.2976 4.2756 4.1517 3.7545 4.2605 4.1694 4.0884 4.0267 3.9619 3.9282 3.8750 3.8757 3.8454 3.8369 3.8225 3.8328 3.8696 3.3020 3.5774 3.6530 3.5522 3.4099 3.8213 3.7408 4.0150 3.7494 2.2946 
6.1708 5.8786 5.5793 5.0083 4.7848 4.6411 4.4493 4.2866 4.1759 4.1991 3.7599 3.5120 3.5072 3.2444 3.2270 3.3034 2.4434 3.2412 3.0786 3.0348 3.2921 3.2187 3.3606 3.7424 3.6192 3.6696 3.7294 3.7794 3.7953 3.7955 4.1651 3.9901 3.5026 
4.5713 5.9414 5.9301 5.2100 4.7725 4.7120 4.3029 4.2735 4.2597 4.2841 3.3693 3.7564 3.4643 3.6937 3.4881 3.6157 3.4165 3.5420 3.3802 3.4723 3.2365 3.4238 2.9778 3.8220 3.7351 3.6513 3.5640 3.8501 3.7915 4.0299 4.4959 4.1399 1.4557 
5.6391 5.0214 5.8412 4.3594 4.6192 4.3873 4.4340 4.2182 4.0033 3.6392 4.0577 3.9306 3.9793 3.9158 3.8314 3.7692 3.7152 3.7226 3.7317 3.7558 3.7503 3.6385 3.6834 3.1914 3.4548 3.5739 3.7253 3.5578 3.6153 3.2999 4.3727 3.2257 3.0195 
5.6902 5.4198 5.5665 5.0452 3.9045 4.5770 4.2338 3.4823 3.5609 4.1707 4.1868 3.7393 3.5835 2.9923 3.2764 3.2920 3.1645 3.2212 3.1206 2.8313 3.3420 3.4011 3.7910 3.7168 3.0138 2.8716 3.4727 3.7232 2.9233 3.8576 4.1534 3.5441 3.0824 
4.3305 5.5500 4.9570 4.9386 4.2281 3.6314 4.2565 4.1636 4.1099 4.1525 4.2559 4.0412 3.9608 4.0255 3.8938 3.8422 3.7978 3.7884 3.7811 3.8363 3.7386 3.7378 3.8643 3.6915 3.5341 3.4968 3.5107 2.7753 3.2426 3.7629 3.4889 3.7199 -0.1413 
6.1979 5.9967 5.4852 4.6564 4.7647 4.4103 4.6052 4.3212 4.2455 4.0413 3.7911 3.6060 3.5416 3.4575 3.3334 3.2238 3.0858 3.1460 3.2108 3.2981 3.3117 3.3026 3.3990 3.5658 3.7217 3.7160 3.8483 3.5557 3.7844 3.4642 4.0364 4.1594 3.5059 
4.9828 5.9058 5.8749 5.5872 4.5238 4.7496 4.8849 4.2868 4.4091 4.2246 3.3823 4.0229 3.8186 4.0136 4.0233 3.8626 3.8295 3.8065 3.8944 3.8275 3.5639 3.7260 2.9925 3.7664 3.8654 3.6713 4.1620 3.8909 3.4709 4.3947 4.4075 4.0852 2.3220 
5.4631 4.9849 5.9153 5.4328 4.5824 4.6930 3.5252 3.8085 3.6480 4.2989 3.8588 3.4650 3.1690 3.3909 3.4635 2.8701 2.5080 2.8093 3.3482 3.2061 2.9074 3.1391 3.4608 3.8343 3.0558 3.1540 2.7456 3.8324 3.5361 4.2124 4.4888 3.1267 2.8924 
5.9261 5.6871 5.9510 5.6024 5.1187 4.7280 2.3444 3.7627 4.1727 4.3262 2.9850 2.3488 2.7610 3.4754 3.3960 3.3149 3.1726 3.2644 3.2970 3.3163 2.4985 2.0696 2.6110 3.8672 3.6218 3.1115 1.6681 3.8746 4.1484 4.4146 4.5319 3.8189 3.1366 
5.6960 5.2135 5.4289 5.5913 5.0078 4.6687 4.3131 3.6858 3.6799 4.2411 3.5726 3.4997 3.5389 3.4166 3.2156 3.1129 3.3197 3.0455 3.0665 3.2548 3.3115 3.2054 3.1876 3.7818 3.1050 3.0279 3.5678 3.8081 3.9632 4.4142 3.9539 3.3740 3.0138 
4.8080 5.5284 5.1795 5.5912 5.2111 5.0607 4.5953 4.3784 4.4695 4.6167 4.2234 4.2273 4.1503 4.0473 4.1922 4.1645 4.0406 4.1033 4.0704 3.8524 3.8707 3.8981 3.8293 4.1605 3.9048 3.7631 3.8330 4.2000 4.2166 4.4116 3.7561 3.6939 1.9904 
6.0327 5.8168 5.1597 5.3059 5.0328 4.8218 4.6105 4.0208 4.1464 3.9838 3.7936 3.7711 3.8535 3.8139 3.4024 3.3147 3.4029 3.2629 3.3028 3.6393 3.6135 3.4436 3.4027 3.5145 3.5734 3.3800 3.8537 3.9644 4.0059 4.1535 3.7289 3.9230 3.3676 
4.8132 5.8519 5.6539 5.5818 4.7645 4.9561 4.1537 3.8449 4.2970 4.0344 3.7258 3.5772 3.5906 3.6235 3.7622 3.4798 3.6397 3.4295 3.6402 3.4271 3.3474 3.2890 3.3330 3.5678 3.7602 3.2480 3.3822 4.0924 3.7681 4.3911 4.2298 3.9963 2.2902 
5.4004 5.0192 5.7622 5.1428 4.2630 4.2279 5.0161 4.5212 3.9939 4.6331 4.1464 3.8861 3.7173 3.6490 3.7004 3.6674 3.5549 3.5881 3.5449 3.4455 3.4344 3.5627 3.7398 4.1783 3.4336 3.8542 4.2557 3.3933 3.2867 3.9303 4.3268 3.1797 2.8628 
5.7329 5.4473 5.7340 5.4508 5.0714 4.6961 4.7174 4.6023 4.6157 4.1768 4.3367 4.3028 4.1283 4.0855 4.1263 4.1520 4.1338 4.0803 3.9720 3.8813 3.8500 3.9842 3.9552 3.7197 4.0685 3.9397 3.9743 3.8428 4.0779 4.2400 4.2965 3.5257 2.9407 
5.5685 5.3970 5.4786 4.0169 4.0779 3.8887 3.9492 4.7399 4.0869 3.3912 4.0314 3.7870 3.7887 3.8086 3.4298 3.4385 3.4210 3.3828 3.3215 3.6325 3.5245 3.4623 3.6554 2.9270 3.5106 4.1324 3.2453 3.0272 3.0386 2.8997 4.0329 3.5326 2.9420 
5.2699 5.6250 4.5884 4.8206 4.7799 4.6610 4.7096 4.5722 4.4695 4.3432 4.0389 3.9826 3.9462 3.9855 3.6544 3.8213 3.8469 3.7693 3.5054 3.8058 3.7278 3.6944 3.6618 3.8875 3.9035 3.8995 3.9630 3.8032 3.7947 3.6600 3.1958 3.7899 2.5350 
5.9078 5.8010 5.6583 5.2936 5.0141 4.6231 4.2770 4.3673 4.7037 4.7108 4.7611 4.7497 4.6763 4.5220 4.3790 4.2524 4.2182 4.2006 4.2644 4.3161 4.4216 4.4335 4.3719 4.2485 4.1749 3.7532 3.5298 3.7602 3.9793 4.1302 4.2346 3.9267 3.3084 
3.7274 5.9323 5.8707 4.8856 4.6992 4.4822 4.3865 4.5391 3.5626 4.1947 4.3408 3.8929 4.0456 3.7491 4.2503 4.0900 3.9228 4.0119 4.1521 3.5433 3.7923 3.5724 3.9569 3.7393 3.0207 3.8776 3.6782 3.6226 3.7219 3.7135 4.3974 4.1184 2.0649 
5.3834 5.6128 5.6703 5.0375 4.7563 4.6589 4.5984 4.4836 4.8128 4.5406 4.6953 4.1816 4.3420 4.2714 4.1787 4.1893 4.1524 4.1439 4.0548 4.1051 4.1356 3.8505 4.3037 4.0677 4.2741 3.8452 3.8413 3.8030 3.7747 3.8477 4.2483 3.7879 2.6154 
5.4374 5.5759 4.7470 3.8933 3.8113 3.5539 3.0729 3.9509 3.3245 3.6120 4.1752 3.8696 3.5603 2.9862 2.8746 3.2306 3.0822 3.1659 2.7177 2.8081 3.3285 3.5482 3.7759 3.1529 2.7972 3.3276 2.3041 2.6740 2.8022 2.7584 3.3559 3.7384 2.8271 
5.0610 5.6400 5.2790 4.9500 4.7449 4.6309 4.5351 4.4727 4.2699 4.2404 4.3084 4.2193 4.0009 3.9592 4.3507 3.9448 3.8517 3.8917 4.2414 3.7898 3.7607 3.8950 3.9072 3.7801 3.7428 3.8272 3.7818 3.7708 3.7568 3.7567 3.8495 3.8073 2.2414 
4.1857 4.4551 5.0440 4.6666 4.4273 4.2069 4.1505 3.9739 4.0600 3.9706 3.8846 3.7992 3.8438 3.7238 3.7156 3.7121 3.5593 3.6311 3.5635 3.5014 3.5985 3.4700 3.4865 3.5003 3.4976 3.3439 3.3874 3.3481 3.4259 3.4739 3.6103 2.6444 1.2976 
4.4919 5.0804 4.5584 4.3183 4.1553 3.9915 3.8110 3.5966 3.7927 3.6072 3.8219 3.4693 3.6125 3.4695 3.6914 3.4394 3.3608 3.3825 3.5375 3.3108 3.3611 3.1619 3.4312 3.1341 3.2692 2.9580 3.0576 3.1338 3.1277 3.1356 3.0697 3.2531 2.0624 
3.0309 5.0767 4.3793 3.8823 3.4251 3.4323 3.4710 3.2755 2.7823 2.9025 3.2873 3.0847 3.0846 2.8445 2.4968 2.0401 -0.2552 1.9961 2.3959 2.6214 2.8689 2.7937 2.8873 2.4414 2.2105 2.6048 2.7452 2.5735 2.4472 2.7029 2.9391 3.2405 1.6055 
3.7376 4.1294 3.3854 2.5030 2.7684 2.5493 2.3853 3.0679 2.6067 2.9041 3.0406 2.8450 1.9719 2.3025 2.2029 1.7163 1.3320 1.6580 2.0936 2.1136 1.7045 2.5026 2.6521 2.4510 2.0709 2.4566 1.6304 1.6835 1.7452 1.3063 1.9617 2.2492 1.2587 
3.7106 3.6233 3.0187 2.0921 2.4758 2.1026 2.1514 2.9523 2.5067 2.5239 2.6621 2.6492 1.9642 2.4927 2.4422 1.9319 1.6979 1.8530 2.2979 2.3048 1.6891 2.3548 2.2810 2.0636 1.9918 2.3172 1.4292 1.2436 1.4649 0.8940 1.5864 1.7809 1.0807 
4.2758 3.9506 3.7274 2.9825 2.3335 2.3412 2.1732 2.4443 2.9109 2.0941 2.6229 2.4555 2.0274 2.1262 1.2267 2.2224 0.5285 2.1678 1.1396 1.9634 1.7488 2.1217 2.2370 1.6475 2.3717 1.7862 1.4331 1.4858 1.3155 1.7886 2.2600 2.1017 1.6146 
3.6781 4.5498 3.8120 3.1791 2.4568 2.6478 1.8101 2.2521 2.5123 1.8827 1.6622 1.8743 2.3662 1.8487 1.8656 2.5059 1.1873 2.4555 1.7328 1.6615 2.0987 1.5729 1.2609 1.4107 1.9943 1.6290 1.1065 1.7956 1.4473 2.0162 2.3747 2.6648 -0.0239 
