6.4654 5.9557 5.0357 4.8407 4.4875 4.4379 4.4722 4.1692 3.6559 4.1334 3.5528 2.7161 3.3419 3.2856 2.6568 2.8112 3.1843 2.7112 2.5292 3.0642 3.0285 2.3363 3.0500 3.5482 2.9833 3.3551 3.5339 3.3247 3.1671 3.3155 3.1356 3.5652 2.9874 
6.2750 5.9623 5.2604 5.0296 5.0257 4.6744 4.6396 4.2304 3.2194 2.7828 3.5202 2.8555 3.3618 2.6936 2.0648 3.4669 2.5414 3.3646 1.9313 2.4769 3.0412 2.4493 3.0091 2.1832 2.5310 3.4397 3.6666 3.5747 3.7276 3.5245 3.4428 3.5924 2.8099 
6.4638 5.2331 5.0803 5.1690 3.7981 4.2611 3.7310 4.4339 4.4489 3.1437 3.2428 3.6993 3.1901 3.4128 3.1059 3.1995 3.4025 3.1339 2.9749 3.1542 2.9196 3.2921 2.7555 2.5638 3.7356 3.6170 2.7709 3.1505 2.5160 3.6200 3.1879 2.7008 3.0095 
5.6754 5.1979 4.9500 3.7582 4.6331 4.6466 4.3488 4.1967 3.6547 2.9738 2.9339 3.0060 2.1614 2.5823 2.0726 1.9696 2.5804 1.9062 1.9456 2.3692 1.8495 2.5719 2.4251 2.3537 2.9785 3.3798 3.4432 3.5409 3.3442 2.2866 3.1242 2.9141 2.1794 
4.7390 2.3500 4.3219 3.8828 4.0163 4.2623 4.2773 3.4462 3.7275 3.1608 3.3189 3.0968 2.7244 2.6075 2.9471 2.4224 2.5229 2.3469 2.7479 2.4083 2.4325 2.6763 2.8379 2.5739 3.0389 2.5840 3.3369 3.1609 2.6991 2.4003 2.5027 0.3533 1.3179 
4.0957 4.7132 4.0631 4.2894 4.0434 4.2409 4.2896 4.0115 3.2554 2.9866 3.3553 3.0158 3.0630 2.5426 2.3379 3.0287 2.5891 2.9689 2.1419 2.3259 2.7332 2.5889 2.8726 2.4053 2.5584 3.1590 3.3594 3.1442 2.7132 2.7927 2.1616 2.3969 0.8476 
5.3356 4.1406 3.8503 3.9655 3.3048 3.5120 3.5175 2.7821 3.0951 3.1859 2.3152 2.4657 2.6880 2.3435 2.4191 1.3467 1.8813 1.2773 2.2401 2.0747 2.4059 2.0445 1.8496 2.5918 2.4163 1.9876 2.5335 2.4235 1.9945 2.4565 2.0313 1.6388 1.8933 
4.2008 4.7522 4.1854 4.3167 3.7535 2.5996 2.7853 2.9455 2.2900 3.0846 3.4478 2.8580 3.1853 2.9140 2.0254 2.2755 2.2770 2.1751 1.8875 2.6333 2.9043 2.4508 2.9567 2.4982 1.5696 2.0816 1.8718 1.4749 2.4827 2.8268 2.3877 2.4204 0.7597 
5.1922 3.6118 3.4762 3.3079 3.6194 3.8982 3.3301 3.5285 2.7235 3.0412 3.0249 2.9698 1.9385 1.4941 2.0326 2.0794 -1.7032 2.0153 1.8871 1.2807 1.5768 2.5303 2.5157 2.4564 2.0281 2.6685 2.4108 2.8063 2.3853 1.8635 1.6614 1.2976 1.7140 
0.6864 4.8435 4.1534 4.0714 4.2709 3.8526 4.1175 3.8868 3.3197 3.3316 3.5301 3.8764 3.5457 1.6674 3.4366 3.0703 3.1368 3.0055 3.2448 1.3906 3.1897 3.5041 3.0232 2.7356 2.6111 3.0707 3.1535 2.7499 3.0043 2.5402 2.3309 2.5152 -1.4662 
5.9526 5.6035 4.3536 4.1570 4.7594 4.5736 4.3348 4.5068 4.1401 3.2997 3.8074 4.3195 4.4523 3.5182 3.8933 3.6614 2.9596 3.5937 3.7288 3.2359 4.1354 3.9439 3.3164 2.6929 3.4607 3.6693 3.4259 3.4698 3.5125 2.6149 2.5593 3.1808 2.5260 
6.0517 5.5006 5.0873 4.3054 3.9230 3.7966 2.9758 3.3329 3.9801 4.1964 4.0061 3.3675 3.1818 4.1655 3.2870 3.7903 4.1514 3.7235 3.1396 3.9345 2.9101 2.9758 3.5108 3.6060 3.2459 2.5246 2.0035 2.6973 2.6214 2.8086 3.2024 3.1029 2.6115 
5.9592 5.6216 4.8380 5.0837 4.7366 4.0538 4.1373 4.3009 3.7336 4.0891 3.4119 3.7111 4.3419 3.9983 3.6312 3.3244 3.1570 3.2305 3.5081 3.7267 4.0651 3.3047 2.9316 3.5045 3.0464 3.5267 3.1740 2.9511 3.4856 3.5623 3.0171 3.1951 2.5356 
6.3284 5.3576 4.7963 4.2126 4.0739 4.0479 4.1112 4.5513 2.4018 3.8991 4.2591 3.8900 4.1275 1.5910 2.6310 3.1333 3.2529 3.0634 2.4909 1.4152 3.7840 3.5123 3.7454 3.2941 1.6963 3.7002 3.1436 2.9406 2.7467 2.6748 2.9702 2.9466 2.8919 
4.6684 4.1737 3.7112 3.7929 3.9425 4.2888 3.9322 2.8318 3.6088 4.0999 3.8956 3.6156 3.6419 3.7948 3.6336 3.5363 2.9096 3.4680 3.5074 3.5807 3.3141 3.1955 3.4086 3.5172 2.9436 1.9847 2.9871 3.1874 2.6393 2.3108 1.9123 1.8209 1.3257 
5.0324 4.9638 4.0470 4.5316 2.5079 3.1444 4.9500 4.3587 3.1291 4.6489 4.0509 4.2117 4.2418 4.1213 4.1892 3.2547 0.5213 3.1787 4.0609 3.8735 3.9331 3.7948 3.5470 4.0641 2.4520 3.5624 4.0481 2.0862 1.3555 3.0155 2.1556 2.5968 1.5620 
4.8659 3.9623 3.9754 4.3590 4.6034 5.0106 5.0241 4.5776 4.6789 4.9343 4.2320 4.0533 4.2076 4.6288 4.1042 3.2271 3.1419 3.1576 3.9401 4.3549 3.8921 3.6185 3.7266 4.3331 3.9952 3.7250 4.0870 3.9129 3.2803 2.8588 2.1097 1.5627 1.3594 
5.2598 4.5488 3.9352 3.5637 3.4171 3.6318 3.9160 2.5728 3.6229 3.1787 3.0590 3.5182 3.9113 3.7418 3.4047 3.3293 3.1801 3.2364 3.2163 3.5395 3.5928 3.0858 2.5571 2.5829 2.9529 1.7455 2.9817 2.5417 2.1007 2.0225 2.0570 2.0767 1.7903 
5.2994 3.6795 3.6668 3.1260 3.0407 3.2499 4.3505 2.8807 2.5118 3.3932 3.1087 3.1043 3.3589 2.0794 3.5423 3.1774 1.2929 3.0990 3.3773 1.8833 3.0409 2.6823 2.6065 2.7918 1.8434 2.0142 3.4412 2.1588 1.7449 1.5799 1.8429 1.3098 1.8851 
6.1507 4.8588 4.3919 4.0677 3.3856 4.2588 4.1172 3.5922 3.2219 3.5878 3.6162 3.6939 3.4824 3.4355 4.0693 1.9118 1.6568 1.8197 3.8867 3.1731 3.1186 3.2859 3.1192 3.0019 2.5372 2.7696 3.1533 3.1599 2.0768 2.5171 2.5326 2.4001 2.6633 
4.0824 3.7798 4.0778 3.9112 3.7884 4.4857 4.6442 3.8189 2.4146 2.9960 2.7822 2.0647 2.9465 3.1132 4.0085 2.9864 2.9527 2.9142 3.8125 2.9149 2.5872 1.6644 2.2985 2.4104 1.6755 3.0144 3.6735 3.3895 2.5306 2.4211 2.2159 1.4390 0.7309 
5.3764 4.2335 3.0573 3.9983 3.6835 4.3505 3.1873 3.5065 2.9477 3.1373 3.1433 3.1015 3.0710 2.7624 3.0072 2.4556 2.9242 2.3984 2.8519 2.5290 2.7419 2.6832 2.6359 2.5442 2.2055 2.6382 2.2310 3.2456 2.4294 2.4563 1.2321 1.7688 1.9302 
5.6600 4.5652 4.0497 4.2257 3.8241 2.9852 3.8153 2.9719 3.1812 2.6476 3.0804 2.9133 2.5634 2.7082 2.8144 2.6737 1.6474 2.6068 2.6369 2.4882 2.2476 2.4827 2.5749 2.0660 2.4923 2.1042 2.9057 1.8809 2.5470 2.6946 2.1543 2.0522 2.1676 
4.2329 3.7430 3.8731 3.1679 2.9236 3.9432 3.6099 3.0745 3.1878 3.0847 2.9820 2.8962 3.1360 2.9795 2.7805 2.1964 1.6775 2.1058 2.6177 2.7037 2.8298 2.4812 2.4669 2.4994 2.5072 2.2737 2.6375 2.8521 1.6360 1.6754 2.0561 1.4687 0.7668 
5.8071 4.6027 3.6700 3.7524 3.8768 3.5665 3.7112 2.7639 2.7382 2.6063 2.8388 2.9236 1.5608 2.9642 2.6742 2.4233 2.7990 2.3446 2.5316 2.6833 1.2882 2.4909 2.3561 2.0122 2.0395 1.9537 2.7634 2.4644 2.5861 2.2530 1.8490 2.0854 2.3998 
5.7715 4.8324 4.3253 4.2040 3.6309 2.8050 3.3873 2.5910 3.1212 3.0447 2.6644 2.5723 2.7482 2.9077 3.1564 2.7415 2.4663 2.6523 3.0153 2.6327 2.4472 2.1577 2.1722 2.4569 2.4421 1.8040 2.4453 1.7068 2.3800 2.6726 2.4924 2.4164 2.3181 
6.0957 4.7926 3.8964 3.8721 3.9884 3.1826 2.9413 1.8423 2.6611 2.6466 1.3279 0.8222 2.0157 2.2773 2.5166 1.9152 2.0688 1.8439 2.3956 2.0136 1.6705 0.4917 0.8823 2.0767 1.9765 0.9633 1.9361 2.0883 2.6716 2.3936 2.0552 2.3203 2.6307 
3.2165 4.0514 4.4113 4.7585 4.3613 3.9886 4.6921 4.6468 4.2220 3.8930 2.9016 3.0975 3.2891 0.7851 3.1915 2.5169 1.6825 2.4537 3.0530 0.4514 2.9912 2.6761 2.3972 3.2872 3.5394 3.7989 3.7320 2.9009 3.0853 3.2332 2.5782 1.6644 -0.1062 
6.0255 5.2400 4.4671 4.5480 5.0353 4.5141 3.8893 3.7315 3.4262 3.7073 3.9737 4.1426 3.7597 3.3936 3.1559 3.1416 3.1820 3.0680 3.0136 3.1375 3.4893 3.7241 3.4923 3.1126 2.6849 2.9491 2.9584 3.4044 3.7316 3.0292 2.6288 2.8308 2.6026 
5.4163 4.9877 2.4551 4.0268 4.4699 3.3025 4.2487 3.5030 3.6593 3.5521 3.2953 3.0040 2.8020 2.6311 3.0410 2.5171 0.7320 2.4555 2.9059 2.4255 2.4825 2.5769 2.8060 2.9661 2.9793 2.6324 3.2969 2.1809 3.1780 2.4913 0.4758 2.5874 2.0305 
4.7775 5.0660 4.4989 4.2138 4.3362 3.6997 4.0221 3.1080 3.4162 1.8096 2.8875 3.1073 2.1452 3.0313 3.1188 2.1633 1.9472 2.0820 2.9848 2.7899 1.8753 2.6885 2.4037 1.2220 2.6820 2.3252 3.0457 2.6061 3.0669 2.6902 2.6279 2.6578 1.2091 
6.2617 5.0464 4.6695 4.0930 4.2840 4.6145 4.1472 4.0194 3.7853 3.6609 3.1728 3.3421 3.5858 3.1417 3.1226 3.5123 3.3575 3.4239 2.9883 2.9446 3.2438 2.9625 2.6611 3.0692 3.0967 3.1702 3.1816 3.5137 3.0202 2.5412 2.8107 2.5456 2.7815 
5.9563 3.6837 3.9561 3.7118 3.2034 3.7743 3.3881 3.3224 3.1157 2.6252 2.4089 2.6270 3.1844 2.8955 1.5504 2.4520 1.4026 2.3915 1.4278 2.6291 2.8985 2.2162 1.8912 2.0265 2.4363 2.5122 2.4492 2.6749 1.9277 2.2007 2.0462 0.4267 2.5078 
4.0400 3.8245 3.6076 3.5816 3.6309 2.9555 3.3586 2.7616 2.9792 3.0392 2.9821 2.8774 2.6330 2.5492 2.3754 2.1721 2.0762 2.0864 2.1806 2.3327 2.3502 2.4628 2.4718 2.4526 2.2618 1.9558 2.4269 1.8546 2.3793 2.0548 1.7704 1.4420 0.4298 
6.0089 5.2738 4.5361 4.1368 4.1108 4.0072 3.9423 3.6068 3.7067 3.0104 3.1621 3.1904 3.2433 3.2998 3.3068 3.0552 3.0643 2.9912 3.1498 3.0683 2.9644 2.8047 2.6513 2.4260 3.0215 2.7877 2.9965 2.9036 2.8126 2.5984 2.6374 2.8591 2.5586 
5.9446 4.6838 4.0035 3.5222 3.5233 1.8049 2.9444 3.2259 2.6916 2.8729 2.9483 2.6796 2.7767 2.7401 2.8811 2.2135 1.4682 2.1297 2.6906 2.5102 2.4661 2.3003 2.4366 2.2694 2.0090 2.4450 1.9553 0.5201 2.2420 1.9799 2.0840 2.1478 2.5023 
5.2463 4.8437 4.4957 4.3231 4.2537 3.1831 3.7517 3.5830 3.4974 3.2078 3.3274 3.1711 3.3692 3.2107 3.1760 3.0220 2.9973 2.9618 3.0322 3.0037 3.0473 2.7670 2.8428 2.6230 2.7605 2.7480 2.8334 2.0804 2.9914 2.8402 2.6340 2.4821 1.8442 
6.1519 5.1211 4.4609 4.4097 4.1121 3.7570 3.8513 3.4191 3.1844 3.1855 3.4496 2.9639 3.3082 2.8430 2.7337 2.8738 2.6357 2.7752 2.5809 2.5877 3.0060 2.5279 2.9569 2.5979 2.4985 2.5798 2.9451 2.6573 2.8196 2.9262 2.5916 2.6216 2.6715 
5.8607 4.2155 3.4000 3.5224 1.7280 3.2114 2.9042 2.7502 2.6165 2.9438 2.5600 2.1288 2.3793 1.8774 2.5943 2.4988 2.3663 2.4310 2.4486 1.6244 2.0241 1.7571 2.0623 2.3266 1.9186 1.9333 1.9373 2.1044 0.5027 1.9664 1.4606 1.6104 2.4243 
4.6384 3.0423 2.8044 2.5633 2.4190 2.6659 2.4566 2.2118 1.8075 1.5111 1.3455 2.1592 1.4122 1.8573 1.3027 2.3897 0.4854 2.2864 1.1161 1.5756 1.0843 1.7831 0.8454 0.9110 1.0729 1.4020 1.4917 1.5645 1.1105 1.0434 0.9364 0.4504 1.1751 
5.8861 5.2249 4.4879 4.2053 3.9641 3.7899 3.5437 3.6213 3.4708 3.1705 3.2665 3.0888 3.0747 3.1529 2.9473 3.1627 2.7909 3.0880 2.7488 2.9525 2.7490 2.6651 2.7785 2.5757 2.7290 2.8083 2.5704 2.6884 2.6436 2.6704 2.6207 2.7985 2.4559 
5.2411 3.4466 3.0635 2.4864 2.1672 2.6994 2.5341 2.7854 2.5469 2.4427 2.9634 1.7974 2.1060 2.5824 2.2741 1.3804 0.8588 1.3120 2.0951 2.3804 1.8315 1.3565 2.4494 1.8671 1.8702 1.9783 1.5905 1.6214 0.9446 0.9752 1.1917 0.8960 1.8030 
5.1921 3.5572 2.1075 1.8889 2.6308 2.2487 1.7480 1.9389 2.4042 2.9001 2.3015 2.4902 2.1452 2.5413 2.0132 1.6825 0.6706 1.5846 1.8848 2.3320 1.8694 2.0673 1.8087 2.2939 1.6892 1.0862 0.7837 1.0842 1.3750 0.5265 0.3784 1.2243 1.7248 
5.4848 4.5679 3.9641 3.7681 3.3765 3.0375 3.0306 3.0426 3.1157 2.7304 2.8383 2.7847 2.7468 2.4251 1.9715 2.4628 2.4131 2.4050 1.8498 2.1525 2.4486 2.4061 2.3575 2.1267 2.4400 2.2171 2.0700 1.9345 2.0748 2.2705 2.0786 2.0775 2.0296 
5.8737 4.8013 4.0913 3.8765 3.7947 3.6086 3.1242 2.6249 2.4795 2.5630 2.7946 2.8294 2.7534 3.0653 2.9719 2.5755 2.5465 2.5052 2.7920 2.8381 2.4528 2.4335 2.3088 1.9692 1.7953 1.8506 2.1732 2.5075 2.5221 2.3870 2.2007 2.3661 2.4415 
5.1323 3.6493 2.5455 2.7324 3.0867 2.1997 2.3278 2.7717 1.9729 1.5411 2.8314 1.9448 1.7644 1.9956 2.5401 2.0682 0.2423 1.9832 2.4154 1.7937 1.4047 1.5250 2.3554 0.9926 1.2853 1.9665 1.3853 1.1086 1.8541 1.2082 0.8300 1.1923 1.6292 
5.7641 4.8925 4.6620 4.3837 4.4547 3.6398 3.5088 3.6025 3.3627 2.8070 2.2881 3.0398 2.1054 2.8716 2.6805 3.0164 3.0777 2.9571 2.5376 2.6091 1.8363 2.6224 1.8106 2.2032 2.6396 2.7806 2.5265 2.5337 3.1593 2.9064 2.8047 2.4853 2.3198 
6.0166 5.0488 4.6378 4.2173 3.5964 3.0215 3.5398 3.2598 3.5875 3.3237 2.8456 3.2947 3.4280 3.1191 2.6995 2.4562 3.1862 2.3998 2.5530 2.9154 3.0861 2.9278 2.3659 2.7210 2.9075 2.4649 2.5669 1.9197 2.3259 2.6832 2.7585 2.5718 2.5641 
4.5852 4.2051 3.7639 3.4363 3.8975 3.5365 3.4757 2.9779 2.6104 3.2051 3.0242 2.0751 2.0112 2.9304 1.7257 1.9764 0.8631 1.9087 1.5495 2.6405 1.7054 1.6638 2.5175 2.6217 1.9246 2.1223 2.4962 2.4327 2.6101 1.9135 1.9467 1.8539 1.1109 
6.1521 5.0822 4.5209 4.0906 4.1860 3.9044 3.9156 3.5229 3.6117 3.4962 3.4694 3.5990 3.1953 2.4912 3.1858 3.0938 2.5808 3.0264 3.0470 2.2511 2.9272 3.1800 2.9683 2.8863 2.9448 2.6600 2.9816 2.7956 2.9344 2.5401 2.6334 2.5871 2.6696 
5.9728 4.9658 4.3221 4.2936 3.5533 3.6495 3.1854 3.6024 3.1045 2.5292 3.3792 2.6281 3.1966 3.3809 2.7798 2.6952 -0.3448 2.6270 2.6182 3.1300 2.9270 2.2260 2.8960 1.9392 2.4286 2.7810 2.2573 2.5476 2.2607 2.7896 2.4916 2.5136 2.5424 
4.1412 4.8149 4.2009 3.6439 3.8099 2.9586 3.5268 2.6408 2.6825 2.5757 2.3476 2.2818 3.1449 3.2901 2.8435 1.9909 2.0595 1.9173 2.6527 3.0614 2.8480 1.8768 1.8607 1.9781 2.0031 1.8542 2.5531 1.8461 2.5393 2.1051 2.3949 2.4779 0.7728 
6.2667 5.3452 4.8602 4.4346 4.3250 4.1063 3.6536 3.8466 3.6066 3.5693 3.5085 3.6719 3.6413 3.5814 3.2887 3.4707 3.4824 3.3693 3.1338 3.3354 3.3190 3.2555 2.9961 2.9825 2.9369 3.0410 2.6949 3.0040 3.0589 2.9461 3.0343 2.9425 2.7845 
5.2780 2.9855 3.5921 2.9871 1.5201 3.0543 3.3112 3.1284 2.9576 2.3031 2.4840 1.1632 2.2268 1.9261 0.8987 1.9617 2.0682 1.8970 0.7766 1.6914 1.9175 0.7914 1.9782 1.6902 2.2207 2.3321 2.3969 1.9483 0.1752 1.4431 1.7209 0.8267 1.8554 
4.6307 3.9228 3.7110 3.4018 3.0452 2.9551 2.7672 3.2789 2.7363 2.3915 2.7523 2.4659 2.7646 2.8047 2.6412 2.1901 1.2131 2.0998 2.5047 2.5599 2.4595 2.0425 2.2676 1.7769 2.0377 2.4786 1.8615 1.8496 1.7902 1.8909 1.8877 1.5108 1.1353 
6.1304 5.2051 4.7383 4.3837 4.3266 3.9246 4.0890 3.4554 3.5136 3.8373 4.0005 3.5864 3.5154 3.2276 3.0796 2.9549 3.1250 2.8602 2.9545 3.0162 3.1620 3.1653 3.5083 3.2353 2.7814 2.6080 3.1166 2.8217 3.0589 2.8933 2.9113 2.7293 2.6445 
5.9432 4.6720 3.7195 3.3012 4.0721 3.3918 3.9178 3.4935 2.2227 2.7621 2.4601 3.2323 3.1785 2.0358 2.9858 3.1627 2.9025 3.0889 2.8161 1.8326 2.8868 2.8547 1.9482 2.1586 1.4974 2.6287 2.9810 2.2845 2.7484 1.7675 1.8598 2.1547 2.5104 
5.7589 5.0215 4.2241 4.1109 2.5101 3.6278 4.1650 3.6253 3.9409 3.5796 3.3467 3.5102 3.0597 1.9644 2.8649 2.4920 2.9575 2.4320 2.6746 1.7451 2.7256 3.0737 2.8611 2.9917 3.2126 2.8044 3.1984 2.5241 1.3027 2.5748 2.4088 2.5904 2.3234 
5.8741 4.9167 4.2157 3.8899 3.2697 4.0246 3.8213 3.6082 3.7413 3.4855 3.4913 3.4392 3.1113 3.4660 3.0403 3.0370 3.2191 2.9754 2.9018 3.1856 2.7953 3.0206 2.9800 2.8778 3.0593 2.7929 2.9087 2.9259 1.9827 2.3987 2.4008 2.4868 2.4524 
5.5586 4.6104 4.1523 3.7875 3.8903 3.7302 3.1249 2.4388 3.1982 2.7038 2.1692 3.1806 2.8709 2.8416 2.6184 2.5301 2.4310 2.4648 2.4754 2.5890 2.5306 2.7816 1.6806 2.1010 2.5152 1.5853 2.1650 2.6284 2.5966 2.2960 2.3107 2.1073 2.0873 
5.8946 5.0479 4.4194 4.0811 3.8046 3.6747 4.0552 3.7431 3.8017 3.4318 2.8641 3.1545 2.9107 3.1850 3.0264 2.9096 2.8155 2.8090 2.8810 2.9813 2.5583 2.7461 2.3817 2.8232 3.1100 2.9700 3.0733 2.5726 2.5275 2.5306 2.5663 2.5894 2.4622 
6.2367 4.9436 4.1096 4.0226 3.4978 3.3767 3.1599 3.0406 2.5536 2.3389 2.9222 2.1154 1.5871 2.6317 2.1566 2.4581 2.0707 2.3985 2.0030 2.4329 1.3001 1.7362 2.4164 1.7079 1.8847 2.2236 2.2226 2.2818 2.1727 2.4804 2.2380 2.4712 2.7454 
4.7116 3.8306 2.2429 2.8013 2.4016 2.3488 3.0999 2.4253 2.4581 2.8297 1.7663 1.9608 1.7024 2.2712 2.3074 2.0988 2.2404 2.0318 2.1136 2.0213 1.3913 1.5348 1.2785 2.2240 1.7677 1.5662 2.1405 1.2423 1.1002 1.2965 0.3435 1.4018 1.2959 
6.5135 5.6023 4.9367 4.6527 4.4584 4.1951 3.9491 3.9827 3.8406 3.8581 3.6894 3.7261 3.5444 3.5923 3.1549 3.3500 3.3956 3.2563 3.0138 3.3521 3.1895 3.3214 3.1845 3.2545 3.1408 3.1398 3.0012 3.0934 3.1641 3.1112 3.0899 3.1363 3.0815 
6.2398 5.4556 4.8418 4.6031 4.2542 4.1264 4.0835 3.9457 3.7128 3.5382 3.5481 3.6223 3.5720 3.5294 3.3887 3.1664 3.2138 3.0916 3.2029 3.2559 3.2263 3.1952 3.0400 2.9544 3.0255 3.1123 3.1094 3.0255 2.9909 3.0528 3.0190 3.0494 2.7554 
6.2500 5.3827 4.8036 4.4438 4.1919 4.0345 3.8907 3.6509 3.6278 3.4082 3.4998 3.3480 3.3197 3.1366 3.1606 3.1245 3.0419 3.0544 3.0186 2.9402 3.0132 2.9667 2.9868 2.8031 2.9573 2.8510 2.9675 2.9350 2.9442 2.9555 2.9830 2.9807 2.7723 
6.3941 5.6576 5.0547 4.7394 4.6628 4.1946 4.1120 3.9986 3.9381 3.8575 3.8820 3.7316 3.6055 3.5387 3.5751 3.4807 3.6085 3.3789 3.4282 3.2713 3.2718 3.3311 3.3982 3.2536 3.2098 3.1512 3.1441 3.0921 3.3709 3.2038 3.1801 3.1894 2.9675 
5.4895 3.8623 4.5059 4.8811 4.8204 3.3671 4.5777 4.7785 4.5929 4.1870 3.6386 3.7806 4.0104 3.0918 3.3558 3.0117 2.9881 2.9525 3.1837 2.8715 3.6590 3.4048 3.1324 3.5978 3.8459 3.9888 3.6026 2.2374 3.5529 3.3928 2.6312 1.5497 2.0093 
6.3116 5.7390 4.9422 4.5350 4.5699 3.8293 4.3766 3.8812 4.5214 3.2805 2.3700 2.2061 2.2706 3.1540 3.0709 3.6204 3.4342 3.5559 2.9479 2.9535 1.9451 1.8452 1.8737 2.6745 3.7874 3.0666 3.4645 2.7218 3.2444 3.0117 3.0994 3.3121 2.8959 
6.4087 5.6012 4.9040 4.7885 4.3855 4.1684 4.5593 4.0527 3.5955 3.2191 3.4085 2.4320 2.6401 2.4643 2.5857 3.4212 2.5153 3.3208 2.4451 2.2074 2.3755 2.0121 2.9277 2.6273 2.9138 3.1833 3.5887 3.0860 3.1106 3.2717 3.0672 3.1484 2.9827 
5.9718 4.8559 3.3098 3.8155 3.4458 2.4599 3.7563 3.7527 2.9511 3.1754 2.2360 2.0722 2.7277 2.0605 2.6046 2.3826 2.1200 2.2759 2.4596 1.8484 2.4273 1.6955 1.7051 2.5705 2.2115 2.9716 2.8480 1.3130 2.1295 2.3602 1.5228 2.4670 2.5538 
6.5484 5.6751 5.0860 4.7611 4.1938 4.3685 4.5641 4.0270 3.2544 3.8866 4.0572 3.9288 3.7397 3.6236 3.6458 3.6452 3.6685 3.5775 3.5176 3.3968 3.4615 3.5339 3.5442 3.2826 2.5597 3.1737 3.5928 3.2680 2.9459 3.2254 3.1961 3.1871 3.1139 
6.6015 5.3846 4.9623 4.8059 4.6442 4.0726 4.4725 4.1985 3.6219 3.3094 3.7421 3.4361 3.5135 3.6016 3.5006 3.5840 3.3966 3.5235 3.3041 3.3652 3.1575 3.0163 3.2457 2.7011 2.9530 3.3950 3.5363 2.9678 3.3401 3.2785 3.1011 2.9263 3.1440 
5.4847 4.0149 3.4038 1.9737 3.5728 3.4872 3.4798 3.6108 3.1320 2.2813 2.3985 2.9555 1.3453 2.4346 2.6362 1.6372 0.4637 1.5554 2.4910 2.1798 0.9478 2.5099 1.8791 1.6593 2.4419 2.7938 2.5083 2.3720 2.3122 0.6553 1.6025 1.5677 2.0393 
6.5698 5.8708 5.2396 4.8456 4.6313 4.4020 4.2851 4.1202 4.1901 4.1638 4.0491 3.8036 3.8717 3.6853 3.6987 3.7232 3.7322 3.6480 3.5596 3.4878 3.5650 3.4296 3.5361 3.5756 3.5179 3.2839 3.3482 3.3000 3.3201 3.3447 3.3922 3.4882 3.1243 
6.5470 5.3645 4.6704 4.2848 4.2112 4.1399 3.8092 2.9982 3.4287 3.4828 3.5083 2.7260 3.0838 3.3636 3.0589 3.2590 3.0850 3.1819 2.9284 3.1135 2.7530 2.3465 2.9947 2.8681 2.6866 2.1393 2.9032 3.0413 2.9607 2.7695 2.7927 2.9013 3.0988 
4.4827 4.3738 4.1486 4.0686 3.7355 3.5348 3.6769 3.5469 3.2693 3.1471 2.9517 2.9346 2.5435 2.6553 2.9674 2.7816 2.6186 2.6885 2.7844 2.4532 2.2190 2.4965 2.4401 2.5539 2.5738 2.6977 2.7253 2.4365 2.4715 2.5319 2.3356 2.0118 1.0588 
6.5319 5.7085 5.1033 4.7724 4.6262 4.2433 4.3083 4.2511 4.0799 3.9466 3.8728 3.9050 3.8414 3.6565 3.7420 3.6818 3.5972 3.6101 3.6057 3.4452 3.5452 3.5200 3.3871 3.3395 3.3598 3.4678 3.3878 3.1400 3.3110 3.2406 3.2078 3.2196 3.0948 
6.4541 5.2399 4.6528 4.2775 4.1496 3.9139 3.6160 3.7013 3.5894 3.3221 3.2286 3.4243 3.5095 3.3065 3.0963 3.3381 3.3113 3.2455 2.9674 3.0731 3.1518 3.0089 2.7337 2.7140 2.9056 2.9142 2.6418 2.8085 2.8750 2.7487 2.7672 2.7233 3.0125 
4.7863 4.7525 4.2681 3.9610 3.6436 3.5313 3.2561 3.3802 3.2455 2.9517 2.7182 2.6071 2.8881 2.8068 2.7997 2.6520 2.6570 2.5843 2.6311 2.5629 2.5419 2.2037 2.2309 2.3441 2.5537 2.5543 2.3407 2.4324 2.3956 2.4474 2.4515 2.4123 1.3695 
6.0044 5.2784 4.4635 4.1405 3.8364 3.6800 3.5490 3.4713 3.4035 3.3802 3.4325 3.0693 3.1505 3.1781 3.0556 2.7135 2.8030 2.6342 2.9272 2.9718 2.8481 2.6430 2.9478 2.7733 2.6707 2.6178 2.5784 2.5768 2.5557 2.6069 2.5945 2.8698 2.5592 
6.3616 5.3070 4.5425 4.2808 3.8444 3.7636 3.7856 3.6390 3.6199 3.5519 3.2818 3.4052 3.1455 3.2006 3.0954 3.2182 2.9539 3.1511 2.9666 2.9972 2.8408 2.9992 2.7934 2.9673 2.9506 2.8302 2.8655 2.6571 2.5577 2.7573 2.6383 2.8591 2.9399 
4.8726 2.9128 2.5881 1.9645 1.9405 1.9615 2.0560 2.1128 2.3048 2.1932 1.8416 1.5788 1.9715 1.6255 0.1373 1.4251 -0.2460 1.3751 -0.0126 1.4002 1.6414 1.2238 1.3203 1.5722 1.5543 1.3402 1.0914 0.9041 0.5400 0.5465 0.5312 0.7569 1.3886 
5.8088 4.9014 4.3900 4.1730 4.0199 3.5505 3.6622 3.7203 3.2343 3.2273 3.2478 3.1923 3.4970 3.4238 3.1992 2.7406 2.4791 2.6527 3.0617 3.1620 3.1361 2.8069 2.7575 2.6339 2.5434 2.9441 2.7038 2.4468 2.6881 2.6355 2.5390 2.4770 2.3754 
6.5953 5.6665 5.0019 4.7025 4.4662 4.3123 4.0731 3.9333 3.9700 3.6922 3.7395 3.7773 3.5241 3.4758 3.5370 3.5306 3.3702 3.4570 3.3653 3.1894 3.1730 3.3980 3.2419 3.0981 3.2356 3.1020 3.0942 3.2091 3.1666 3.1692 3.1364 3.1785 3.1454 
5.7341 4.4256 3.4768 2.9061 2.5973 2.3884 2.5540 2.2971 2.6056 2.3694 1.8199 2.3439 2.3604 2.0631 2.1040 1.9851 2.4403 1.9106 1.9596 1.8543 2.0093 1.9206 1.3088 1.7423 1.9222 1.4658 1.6228 1.2849 1.3390 1.3801 1.5801 1.9321 2.2568 
6.2560 5.3368 4.7229 4.3797 4.1350 4.0706 3.7693 3.6265 3.6769 3.5882 3.5425 3.1345 3.5217 3.2903 2.7407 3.2781 3.0272 3.1913 2.5857 3.0616 3.1697 2.7227 3.0330 3.0016 2.9972 2.8156 2.8509 2.9684 2.8563 2.8917 2.8897 2.9363 2.7664 
6.5128 5.5216 4.9065 4.6522 4.3517 4.1936 4.1380 3.8584 3.7743 3.8170 3.6168 3.6121 3.5976 3.3881 3.4427 3.4648 3.3355 3.3637 3.2488 3.1350 3.2599 3.1877 3.1132 3.2152 3.0873 3.0485 3.1758 3.0907 3.0763 3.1099 3.0623 3.0668 3.0761 
5.7492 4.0544 3.4246 2.9868 3.1181 2.8477 2.0011 2.7805 2.0420 2.6287 1.7138 2.5027 2.4574 1.8300 1.8470 1.3001 2.4877 1.1973 1.6623 1.5388 2.1012 2.0786 1.2443 2.0407 1.3683 1.9622 0.9909 1.7411 1.8532 1.3985 1.4824 1.4309 2.2807 
5.8604 5.0810 4.5418 4.2498 4.0591 3.9688 3.7023 3.5028 3.6884 3.0911 3.0538 3.1425 3.1231 3.1416 3.1292 3.0594 2.9736 2.9952 2.9939 2.9454 2.8122 2.7317 2.5507 2.4998 3.0059 2.6373 2.7510 2.8677 2.7336 2.7246 2.6497 2.6246 2.4305 
6.4760 5.4917 4.8897 4.5009 4.1572 4.0703 4.0491 3.9479 3.8214 3.7713 3.6510 3.4878 3.4068 3.4111 3.3666 3.3140 3.2568 3.2233 3.1882 3.1523 3.0720 3.0499 3.1498 3.1821 3.1257 3.1133 3.0651 2.9664 2.8865 2.9836 3.0497 3.0466 3.0311 
5.9039 4.7738 4.1131 3.7796 3.5109 3.4419 3.4496 3.0456 2.7222 3.2141 3.1792 2.9385 3.1748 3.2592 2.7292 2.5405 2.4297 2.4747 2.5781 3.0396 2.8786 2.4972 2.6687 2.6265 2.0181 2.2146 2.4787 2.3298 2.1757 2.2732 2.2302 2.3088 2.4596 
5.7124 5.1698 4.6048 4.2187 4.0527 3.9333 3.7900 3.7412 3.6322 3.6862 3.4480 3.4199 3.2348 3.1932 3.1188 3.1472 2.9907 3.0754 2.9851 2.9918 2.9594 3.0082 2.9560 3.0936 2.9625 2.9684 2.8752 2.8359 2.7276 2.6903 2.7212 2.7300 2.2482 
6.5208 5.5912 5.0623 4.6895 4.5301 4.3008 4.2065 4.1443 3.9500 3.8335 3.7428 3.7787 3.5534 3.3982 3.6227 3.6327 3.6566 3.5665 3.4995 3.1426 3.1991 3.4007 3.2494 3.2311 3.2183 3.3178 3.2462 3.1975 3.2069 3.1544 3.1835 3.1260 3.0868 
6.3667 5.1900 4.5237 4.1636 3.8755 3.8373 3.1911 2.9505 3.2835 3.1997 3.3487 3.3215 3.1478 3.1437 3.0892 2.8646 2.0975 2.7670 2.9623 2.9462 2.8425 2.9491 2.8622 2.6144 2.5829 2.0830 2.2717 2.7389 2.5862 2.6288 2.6307 2.6618 2.9446 
5.6977 5.1704 4.6009 4.2360 3.9965 3.7533 3.7884 3.7502 3.5718 3.6006 3.4745 3.3287 3.4918 3.0302 3.2151 3.3180 3.2730 3.2277 3.0756 2.7854 3.1309 2.9543 2.9710 3.0128 2.8809 2.9750 2.8753 2.6517 2.6730 2.7110 2.7099 2.7326 2.2137 
6.6357 5.5997 5.0142 4.6948 4.4579 4.4488 4.1046 3.8943 3.8177 3.7092 3.7175 3.3760 3.5974 3.6256 3.5166 3.5647 3.4002 3.5061 3.3315 3.4003 3.2596 2.9813 3.2067 3.1147 3.1227 3.0753 3.1351 3.3469 3.1611 3.1592 3.1452 3.1170 3.1770 
6.3843 5.2162 4.6062 4.1932 4.0667 3.9623 3.8519 3.6732 3.3274 3.4390 3.3372 3.3608 3.2099 3.0150 2.9688 2.9895 3.0761 2.9244 2.7862 2.7618 2.9431 2.9731 2.8522 2.8295 2.6211 2.8792 2.9440 2.8569 2.7404 2.6469 2.6938 2.7012 2.9584 
5.5963 5.1612 4.5866 4.2027 3.9286 3.8012 3.8270 3.6407 3.1997 3.6447 3.4267 3.1827 3.2337 3.2668 3.1209 3.2034 3.1179 3.1382 2.9872 3.0450 2.9588 2.7853 2.9445 3.0551 2.5197 2.8334 2.9181 2.7032 2.6286 2.6701 2.6958 2.7225 2.1225 
