4.3349 4.0851 4.3914 4.0911 2.1923 3.2479 3.0404 2.2189 2.3947 2.9322 2.7269 2.5653 2.3086 1.5839 2.1587 2.0792 1.9657 2.0049 2.0107 1.3858 2.0326 2.2537 2.3166 2.4492 1.8229 1.5289 2.2769 2.3219 1.1324 2.8196 2.8677 2.2154 1.4781 
2.5966 4.5627 4.4953 4.5798 3.7822 4.0588 3.3605 2.7558 2.8328 3.1702 2.6238 1.8746 1.8696 2.1400 2.2978 1.9535 2.0743 1.8936 2.1829 1.9283 1.5873 1.5342 2.2294 2.6902 2.2705 2.0685 2.5970 3.1557 2.7423 3.3223 2.9570 2.6189 0.4187 
4.7805 4.7238 3.6163 4.6528 3.8249 4.0499 3.6355 3.7604 3.5367 3.0355 3.5020 3.2681 3.2102 3.1834 3.1720 3.1456 3.0379 3.0715 3.0346 2.9720 2.9308 2.9249 3.1071 2.5367 2.9315 3.1183 2.8354 3.1504 2.7678 3.4086 2.0649 2.7955 2.0351 
5.2048 4.7753 4.7091 4.4725 4.1499 4.2821 3.9886 3.7537 3.4788 3.4318 3.1891 3.0618 2.8188 2.8135 2.6972 2.6462 2.4126 2.5636 2.5438 2.6415 2.5590 2.7266 2.7723 2.9349 2.8826 3.1086 3.1970 3.3797 3.1115 3.2097 3.2143 2.8081 2.3760 
3.6028 5.0307 5.1192 4.8991 4.5208 4.0783 3.2780 3.2654 3.1583 2.8685 2.3579 2.3132 2.7222 2.4834 2.3143 2.1215 2.3489 2.0446 2.2091 2.3033 2.4332 1.9733 1.9373 2.3764 2.5662 2.6136 2.4954 3.1725 3.4430 3.6411 3.6268 3.1255 1.3161 
2.8255 4.5092 4.8925 4.9844 4.1755 4.1915 4.0518 3.8827 3.7653 3.7816 3.3757 3.4297 3.3995 3.3254 3.2978 3.2809 3.2689 3.2230 3.1844 3.1554 3.1627 3.1293 2.9728 3.2952 3.2017 3.2187 3.2453 3.2909 3.1373 3.7202 3.3652 2.5503 -0.1241 
2.6308 4.5340 4.9456 4.9361 4.2892 3.8070 3.0713 2.3704 2.4534 2.9153 2.4525 1.9623 1.3148 1.4096 1.5815 0.3340 1.8113 0.0334 1.4585 1.2556 1.0675 1.6489 2.0473 2.4312 1.9056 1.7615 2.2992 2.9003 3.2459 3.6658 3.4010 2.5558 1.1267 
4.5667 4.3613 4.9147 4.7919 4.0735 4.0780 3.2993 2.8584 2.2513 2.9631 2.6887 2.2894 1.9106 1.8663 1.4551 1.6057 1.5632 1.5320 1.3503 1.6951 1.6728 1.9539 2.2714 2.4752 1.6952 2.2336 2.5298 3.1817 2.9698 3.5907 3.3548 2.3824 1.4325 
4.6453 4.5151 3.8335 4.9500 3.9525 4.0972 2.8739 3.0597 3.0888 3.5717 2.7072 2.5744 2.2411 2.3995 2.2960 2.1038 2.1014 2.0253 2.1745 2.2319 1.9363 2.2457 2.2937 3.0688 2.4797 2.3707 2.1073 3.1919 2.8809 3.6800 2.2968 2.5448 1.8152 
3.6356 4.0411 4.1289 4.7527 4.4225 3.6712 2.2893 3.1349 2.8832 3.1656 2.0388 2.5093 2.4001 2.5729 2.5603 2.3613 2.4343 2.3049 2.4217 2.3687 2.1510 2.2045 1.6420 2.6864 2.3229 2.4233 1.4738 2.7633 3.3337 3.5369 2.6756 2.0452 1.1106 
2.3528 4.1336 4.1803 4.5470 3.7875 3.5236 3.1374 2.9901 2.8990 3.0935 2.6234 2.5796 2.6824 2.6078 2.4152 2.1623 2.0242 2.0799 2.2956 2.3924 2.3876 2.2556 2.2257 2.5922 2.3417 2.3201 2.3395 2.6299 2.7366 3.2897 2.7036 2.2078 0.3460 
3.6958 3.5777 3.1122 3.9691 3.0277 3.2811 3.0367 2.7600 2.5356 2.4214 2.8334 2.4540 2.3178 2.3706 2.3095 2.0467 2.1499 1.9758 2.1993 2.2030 2.0431 2.1421 2.4213 1.9391 1.9575 2.0814 2.2660 2.3735 1.9776 2.7234 1.6302 1.5853 0.9525 
2.5315 3.7785 3.2007 3.6148 3.0839 3.1991 2.3728 1.8844 2.0300 2.5918 2.3640 1.6860 1.7133 1.5576 1.8391 1.5315 1.0309 1.4778 1.7184 1.3832 1.4357 1.3547 1.9510 2.0948 1.4624 1.2162 1.5813 2.2919 2.0072 2.3495 1.6810 1.8465 0.1972 
3.0356 3.1587 2.8115 2.3906 3.1009 2.8936 2.1198 1.9675 1.8101 1.8100 1.9679 1.5527 1.8652 2.0109 1.5561 1.4832 1.4257 1.4235 1.4372 1.8357 1.5926 1.2378 1.5504 1.3314 1.2214 1.3273 1.3490 1.9936 2.0080 1.1778 1.3471 1.1797 0.4008 
3.6060 2.9253 2.5999 3.0297 2.8932 2.3822 1.6683 1.8134 1.7904 1.3537 1.7853 1.7009 1.2368 1.0438 1.3499 1.1702 0.9556 1.0952 1.2075 0.8785 0.9658 1.3685 1.3656 0.8773 1.1946 1.1158 0.9010 1.4711 1.8552 1.7968 1.0859 0.9419 0.7664 
2.9465 2.6618 2.7113 2.2599 2.4268 1.0392 1.6297 1.2550 1.5228 1.5467 1.5816 0.9949 0.9351 1.4293 1.0636 1.4396 0.6057 1.3848 0.9483 1.2458 0.6479 0.6478 1.1771 1.0624 0.9620 0.5587 0.8782 0.1111 1.3891 0.9930 1.1828 0.6678 0.1618 
3.0955 2.7458 2.3247 1.9776 1.4117 1.5156 1.5544 1.5774 1.1568 1.5695 0.9926 0.9061 1.4911 0.8961 0.4513 0.9207 0.0045 0.8736 0.3112 0.6710 1.2418 0.5586 0.5789 1.0771 0.5818 0.9230 0.8022 0.6132 0.3865 0.7426 0.8277 0.7695 0.2219 
1.9341 2.0545 2.0551 2.3119 1.7725 0.9994 1.0037 -0.3510 0.6466 0.8144 1.4068 1.4010 1.5309 0.9794 0.2247 1.0319 -0.9230 0.9729 0.1096 0.7968 1.3076 1.0586 0.9934 0.3175 0.0913 -1.0652 0.2201 0.0736 0.6720 1.0630 0.5358 0.1241 -0.6985 
2.4142 1.9900 2.2725 1.8631 0.7128 1.7880 1.6555 1.6371 1.1264 1.5954 1.1875 0.6094 1.0136 0.9365 1.2512 1.3850 1.2959 1.3372 1.0989 0.7403 0.7597 0.2825 0.7885 1.1002 0.5569 0.9631 0.8944 0.8852 -0.3656 0.6073 0.7515 0.0671 -0.3438 
1.5496 1.5376 1.4118 1.2334 0.9754 0.8187 0.0384 0.0454 0.6746 0.9948 0.4341 0.7656 0.7572 0.8545 0.8800 0.6225 0.9408 0.5722 0.7213 0.6196 0.4956 0.4465 0.0069 0.5110 0.1120 -0.6132 -0.7252 -0.1052 -0.0327 -0.0116 -0.0565 -0.3786 -1.0885 
2.9225 2.2539 1.6540 2.1867 1.3540 1.7916 1.0038 1.2490 1.3865 1.4942 1.1221 -0.5715 1.1786 1.1623 0.5744 1.0639 0.6621 1.0054 0.4645 0.9704 0.9280 -0.8737 0.7231 1.0048 0.8235 0.5601 0.2280 0.8860 0.2595 0.9310 0.1510 0.2337 0.1159 
2.2105 1.2306 1.4986 1.5751 1.3773 1.6752 1.4122 1.0447 1.5142 1.3738 1.1903 1.4385 0.8760 1.1529 1.1422 0.6947 1.1783 0.6224 1.0160 0.9664 0.5803 1.0901 0.7976 0.8916 0.9487 0.4132 0.6144 0.7701 0.3219 0.3466 0.0151 -0.8440 -0.6860 
1.3326 1.8691 1.9541 1.3088 -0.1732 0.8937 1.3390 1.2204 1.2581 0.7706 0.8893 0.3675 1.5027 1.5545 1.3619 1.3701 0.8658 1.3214 1.2215 1.3812 1.2622 0.0239 0.4651 0.2775 0.6559 0.5398 0.5361 -0.0039 -1.1420 0.0230 0.4570 -0.0199 -1.3098 
2.6909 1.4499 1.3501 0.7239 0.8542 1.5174 1.1632 1.4034 1.3789 0.4257 1.0309 0.7439 1.6229 1.2442 0.9446 0.7561 0.5184 0.6770 0.8286 1.0290 1.3749 0.4357 0.6155 -0.0673 0.8061 0.7225 0.4156 0.6157 -0.2451 -0.4539 -0.1648 -0.5444 -0.2332 
2.0157 1.9747 1.9316 2.0854 1.5387 1.2754 1.5097 1.4684 1.7657 1.7981 1.2749 1.2294 0.8894 1.5932 0.6026 1.1501 0.0821 1.0791 0.4824 1.4083 0.6045 0.9037 0.8699 1.3184 1.1570 0.8262 0.7315 0.3799 0.4950 0.8674 0.4488 0.0221 -0.9250 
3.0472 2.5742 2.0380 1.4251 1.9931 1.5006 1.6492 1.3664 1.1536 1.3678 0.8845 1.3895 1.1620 0.6972 0.7692 0.9244 1.2633 0.8780 0.6172 0.5125 0.9139 1.0442 0.4640 0.8873 0.5808 0.6725 0.8870 0.6052 0.9535 0.1741 0.5247 0.5870 0.1856 
2.6874 1.8265 0.5420 0.9045 1.4782 1.5867 1.7023 1.5317 0.1288 1.0571 1.1372 1.4734 1.1930 1.0980 0.5924 1.3345 0.4335 1.2614 0.4799 0.9242 0.9331 1.1328 0.7457 0.5634 -0.4009 0.8939 0.9235 0.6827 0.4442 -0.3442 -0.9384 -0.2369 -0.2169 
2.0276 1.2317 0.9139 1.0385 0.8053 0.5309 0.3693 -0.4904 -0.5597 0.6113 0.3627 0.6773 -0.3002 0.6749 0.2584 0.8585 0.6698 0.7756 0.1320 0.4937 -0.5500 0.3740 -0.0388 0.1304 -1.1600 -1.1979 -0.4192 -0.3670 -0.2774 -0.2086 -0.6201 -0.8105 -0.8122 
3.1750 2.3083 1.8467 1.4866 1.4747 0.6361 1.3570 0.2660 1.0282 0.6157 0.9391 0.7961 0.7470 0.7641 0.4387 0.7659 -0.4761 0.6888 0.2824 0.5579 0.4834 0.4612 0.5201 0.1394 0.4621 -0.4240 0.5526 -0.2914 0.4347 0.2184 0.3061 0.2664 0.3114 
2.9148 2.6315 1.7924 1.9378 1.1598 1.2047 1.8022 0.6379 1.2309 1.2512 1.1343 0.4653 1.3035 1.4436 0.2591 0.3174 0.9649 0.2344 0.1396 1.2645 1.0133 0.1182 0.7300 0.7549 0.6319 -0.0167 1.0014 0.3100 0.0948 0.6882 0.2290 0.6287 0.0808 
2.4429 1.3758 1.3325 0.3121 1.2475 0.6331 0.2789 0.7795 0.4461 1.0685 -0.4666 -0.2353 0.3287 0.3142 0.5500 0.2805 -1.2949 0.2106 0.4392 0.1044 0.0595 -0.5683 -0.8416 0.5847 -0.1224 0.1026 -0.4964 -0.2517 0.1756 -0.8874 -0.1487 -0.4693 -0.4261 
2.9392 2.2753 2.1006 1.7953 1.4227 1.2043 1.5145 0.7444 0.9688 0.8466 0.9277 0.9296 1.1634 1.3937 0.6608 0.9674 1.3848 0.9167 0.5396 1.1928 0.9182 0.5841 0.5099 0.3400 0.4190 0.0795 0.7419 0.3061 0.3813 0.5286 0.5847 0.2764 0.1376 
2.8875 2.1075 0.4184 1.3560 1.2810 1.2249 1.7804 1.4045 1.2855 1.5856 1.3525 1.0530 0.7107 0.5801 0.1170 0.6554 0.8193 0.6048 -0.0010 0.4222 0.4616 0.7165 0.9307 1.0932 0.6863 0.7251 0.9725 0.3241 0.2165 0.0959 -1.0569 0.1140 0.0755 
2.8531 2.4052 1.8992 1.3581 1.9719 2.0362 1.3223 1.3802 0.9250 1.0858 1.3551 1.5402 0.9477 0.9081 0.4674 0.3572 0.5004 0.2750 0.3431 0.6953 0.6697 1.2268 0.9375 0.6031 0.3559 0.6928 0.5166 1.1301 0.9338 0.0805 0.3849 0.4404 -0.0110 
2.8882 1.9688 1.3931 1.7071 1.5062 0.5937 2.0781 1.7268 1.7777 1.6966 0.8160 1.1182 0.7646 0.6326 0.8586 0.5162 -0.3624 0.4656 0.6958 0.4620 0.5027 0.8141 0.4197 1.1951 1.1701 1.0271 1.3294 -0.3098 0.4615 0.4605 -0.1490 -0.0344 0.0629 
3.1627 2.5599 2.1484 1.8948 1.7570 1.4720 1.1575 1.4059 0.2886 0.9135 0.7707 1.2756 0.6932 -0.0162 0.9142 0.9406 0.9368 0.8916 0.7794 -0.2421 0.4556 0.9293 0.3668 0.4312 -0.3097 0.7272 0.4005 0.5647 0.6596 0.6341 0.6101 0.5669 0.3255 
1.8928 1.8378 1.0936 1.0279 1.7348 0.8835 1.5127 0.8144 1.1588 1.1326 0.8741 1.1463 1.2966 1.3047 1.2969 1.1750 0.6500 1.1029 1.1312 1.0727 1.0043 0.8463 0.4563 0.6364 0.5844 0.1160 0.7379 -0.0268 0.6517 -0.2088 -0.4119 -0.0614 -0.8820 
2.8085 2.0472 0.3829 1.3617 1.8314 0.8586 1.5174 1.5591 1.8036 1.6508 0.9194 1.1197 1.5212 1.0698 1.1003 1.0539 0.9220 0.9928 0.9856 0.9018 1.2930 0.8147 0.5009 1.1532 1.2166 0.9123 0.7476 -0.0648 0.7680 0.0810 -1.1968 0.0341 -0.0451 
1.9575 1.9587 0.7505 1.6501 1.6784 1.4010 1.4977 0.9076 0.9660 0.1512 1.2611 1.2208 1.1071 1.7285 1.7412 1.4161 0.5904 1.3625 1.5790 1.5104 0.8829 0.8955 0.8694 -0.3554 0.4209 0.2038 0.7150 0.4990 0.6087 0.4351 -0.6840 0.0261 -0.7948 
2.7621 2.1072 1.0887 1.5429 1.1056 1.7837 1.7792 1.2629 1.7052 1.2247 0.7021 1.1766 0.8795 0.8819 0.5460 0.7974 -0.1384 0.7194 0.4396 0.6488 0.5894 0.8738 0.3045 0.7215 1.1020 0.5699 0.9722 0.8835 0.0549 0.3370 -0.4246 0.0901 -0.0841 
2.0492 1.3822 1.1176 -0.3515 1.1608 0.2035 1.2704 1.1094 0.7384 0.8899 0.9184 0.6324 0.6071 -0.4422 0.9307 -0.0300 -0.7214 -0.1183 0.8086 -0.6242 0.3676 0.3171 0.5024 0.4042 0.1593 0.4607 0.4832 -0.6814 0.1058 -1.5888 -0.3792 -0.6281 -0.7615 
3.1424 2.6024 1.7468 1.7849 1.4557 1.4843 1.3436 1.3752 0.7441 0.9177 1.3264 1.3675 0.1182 0.0316 1.3415 -0.4083 1.2708 -0.4467 1.1910 -0.1839 -0.1232 1.0166 0.9048 0.4365 0.1608 0.6807 0.5421 0.5796 0.4270 0.5156 0.1890 0.6064 0.2967 
2.3390 1.3915 1.2513 1.8737 1.3678 1.5447 1.2536 1.1449 0.7578 1.2807 1.3818 1.1035 0.0226 0.9148 0.5095 -0.1393 -0.2237 -0.2061 0.4024 0.7024 -0.2779 0.7884 0.9630 0.7867 0.1656 0.4874 0.4655 0.6405 0.2962 0.6199 -0.2541 -0.4293 -0.4989 
2.7397 1.7786 1.2909 0.9012 1.2137 1.2148 1.4425 1.5235 1.3812 0.6217 0.4742 0.6045 0.1886 1.0271 1.7865 1.5943 1.6409 1.5234 1.6316 0.8682 -0.0363 0.2678 0.0486 0.1422 0.8044 0.8899 0.6491 0.3098 0.1421 -0.3696 -0.2559 -0.2969 -0.0951 
1.2326 1.5760 1.7970 1.4598 1.0863 0.7449 0.7599 1.0703 0.0895 1.2081 1.1719 1.1051 0.8557 0.6205 1.0177 1.0342 0.5432 0.9730 0.9105 0.4496 0.5619 0.7981 0.7712 0.7099 -0.4406 0.4313 0.0034 -0.1724 0.0571 0.1929 0.2707 -0.3466 -1.5220 
3.1543 2.1040 0.4708 1.0995 0.4794 1.7181 1.5854 1.6335 1.2001 1.5360 0.8910 -0.3427 1.0295 0.8639 1.1043 0.4739 1.2880 0.4236 0.9834 0.6196 0.7833 -0.6070 0.4734 1.0528 0.6123 0.9667 0.8406 0.8287 -0.6827 -0.0609 -1.1168 0.1551 0.3129 
2.1759 1.4293 1.2845 1.6153 1.4523 1.1152 0.7897 1.0735 1.1422 1.2862 0.8762 1.1208 0.5002 0.7323 0.6611 -0.1374 -0.5643 -0.2055 0.5412 0.5371 0.2334 0.8136 0.4566 0.7804 0.5720 0.4413 0.0036 0.2050 0.4340 0.3855 -0.1916 -0.4139 -0.7455 
3.1694 1.9838 1.5830 1.1211 1.0521 1.0690 0.4175 1.1471 1.3030 1.2142 0.8134 1.0600 0.6922 0.6647 1.1817 1.0411 -0.5477 0.9816 1.0489 0.4888 0.4538 0.7304 0.4151 0.7194 0.6952 0.4887 -0.3954 0.1639 0.0069 -0.0923 0.0716 -0.0689 0.3002 
2.9128 2.1506 0.8098 1.3438 1.2398 0.7739 1.5021 1.1214 1.3985 1.3261 1.1612 1.3260 1.0312 1.4370 0.7756 0.9684 0.1464 0.9148 0.6216 1.2570 0.7864 0.9656 0.7655 0.8288 0.8449 0.4688 0.7250 -0.1383 0.1585 0.0947 -0.6829 0.1545 0.1072 
3.4206 3.1630 2.3043 1.2871 1.5157 1.6297 1.5154 1.5332 1.4848 0.6493 0.6016 1.1165 1.0723 0.8799 1.4843 1.3496 1.1363 1.2879 1.3717 0.6493 0.8460 0.8086 0.1861 0.1537 0.9236 0.8968 0.7424 0.7345 0.4727 0.0458 0.7806 1.1836 0.6184 
1.9770 2.2069 1.6068 1.6776 2.3365 2.4623 2.2708 2.3320 2.8544 3.2118 3.3280 3.3257 3.2072 2.9333 2.4790 1.3812 1.5821 1.3296 2.3561 2.7535 2.9260 2.9950 2.9134 2.7306 2.2931 1.6687 1.4722 1.5589 1.3149 0.4538 0.0837 0.2229 -0.8200 
3.2545 2.4227 2.3141 1.3325 1.5362 2.0942 1.3295 0.8037 0.5344 1.7079 2.2377 1.8561 1.5440 1.7858 0.9064 1.1563 0.2510 1.0833 0.7618 1.5511 1.3226 1.5123 1.8167 1.2148 -0.0212 0.1147 0.5181 1.1887 0.4964 0.0411 0.8047 0.4317 0.4337 
2.0990 2.0696 0.2289 1.8290 1.6038 1.4488 2.2931 2.2640 0.6298 1.2548 1.8299 1.5902 1.0106 1.0464 0.7645 0.7381 -0.0980 0.6620 0.6182 0.8786 0.7557 1.2838 1.4136 0.7612 0.0694 1.5637 1.5038 0.5439 0.5445 0.5652 -1.5779 0.1167 -0.9385 
3.4459 2.3385 2.5181 2.2426 2.0832 2.0226 1.9276 0.7070 1.5197 1.2492 1.6971 1.5244 1.6041 1.8492 1.3562 1.4727 1.4212 1.4136 1.2183 1.6473 1.3645 1.2100 1.2990 0.7585 0.9590 0.0224 1.1505 1.1119 1.0355 0.9717 1.0124 0.2856 0.6132 
2.8132 2.4880 2.0470 2.3842 2.2876 1.7449 1.1434 1.7519 1.7657 1.2002 1.3593 0.9982 0.8827 0.1591 1.3644 1.3596 0.9902 1.3074 1.2310 -0.0152 0.5905 0.6551 0.9416 0.6975 1.1517 1.0549 0.4137 0.8479 1.2257 1.1380 0.5381 0.5241 -0.0313 
3.4948 2.8784 2.3444 2.1125 2.3768 1.7793 2.2913 1.7809 1.7747 1.3513 1.0974 1.2026 1.4995 1.1241 0.9192 1.0212 0.6388 0.9637 0.7913 0.9445 1.2543 0.8879 0.6983 0.8710 1.1645 1.0695 1.4995 0.8724 1.3465 0.8770 0.8680 0.9098 0.6493 
1.9589 2.3389 1.1071 2.0464 1.9315 1.6285 1.6497 1.5640 0.9929 0.6527 1.5843 1.4999 -0.1585 1.1913 1.3039 0.8958 -0.1605 0.8294 1.1427 0.9915 -0.4053 1.1634 1.1826 0.1611 0.4361 0.9160 0.8864 0.7229 0.8935 0.8345 -0.3885 0.4097 -1.0659 
3.1586 2.3032 2.1502 1.5202 1.1264 1.1393 1.5293 1.3880 0.4534 0.8589 1.4200 0.9895 1.3429 0.5312 0.4192 1.1448 0.6172 1.0715 0.2566 0.3556 1.0527 0.6465 1.0076 0.3549 -0.1397 0.7067 0.7717 0.2367 0.0748 0.2762 0.6141 0.2787 0.3204 
1.3811 0.5296 1.7355 1.7989 1.5965 1.7101 1.4303 1.5027 1.2811 0.1955 1.5217 1.6435 0.9069 1.2095 1.3048 1.4099 1.0523 1.3581 1.1419 1.0086 0.6134 1.3330 1.1160 -0.2861 0.6740 0.8646 0.6420 0.8026 0.5470 0.5306 0.2076 -1.5272 -1.3212 
2.7887 2.4674 1.0006 1.0624 1.3417 1.6541 0.9510 1.4769 1.3969 1.5207 0.4610 0.8801 0.9088 0.9849 0.8919 1.1281 0.7678 1.0647 0.7446 0.8021 0.6169 0.5231 0.0417 1.0389 0.8388 0.8309 0.1592 0.7454 0.2614 -0.2059 -0.4607 0.5039 -0.0493 
1.0701 1.3480 1.5415 0.9521 1.0668 1.1531 1.3254 0.7152 0.6090 1.0807 0.6708 1.1291 0.9635 0.4031 0.4163 0.4960 0.0884 0.4450 0.2540 0.1648 0.6890 0.8250 0.2629 0.6027 0.0478 0.0446 0.5194 0.2501 0.0317 -0.3017 0.0490 -0.5999 -1.8719 
2.8554 1.9521 1.6414 0.8951 1.5528 1.3687 0.5409 0.7595 0.6404 1.3080 1.6001 1.3808 1.2354 1.3015 1.3626 1.0651 -0.4189 1.0048 1.2271 1.0696 0.9653 1.0310 1.1987 0.8131 0.0728 0.0819 -0.2325 0.4592 0.5191 -0.3191 0.1407 0.0157 0.0392 
2.5733 2.4293 2.0699 1.1899 1.5165 1.6174 1.5024 1.1431 1.7368 1.6262 1.3168 1.3228 1.0203 1.3861 0.9904 0.3398 0.5383 0.2521 0.8830 1.1796 0.7666 0.9631 0.8983 1.1268 1.1306 0.4935 0.7230 0.7173 0.4811 -0.0271 0.5542 0.4929 -0.2829 
0.9243 1.5700 0.9741 1.2342 1.7131 0.9353 1.0427 1.4155 0.6549 1.2409 1.0352 0.6074 1.1042 0.5415 -0.0278 0.9447 1.0771 0.8948 -0.1700 0.3581 0.8795 0.2697 0.6147 0.7454 0.0791 0.7423 0.2752 0.0488 0.6355 -0.0274 -0.4495 -0.3256 -2.6157 
3.1340 2.7874 2.3883 1.6905 1.9713 1.4958 2.0050 1.6450 1.8637 1.1971 1.8016 1.3327 1.3230 1.8513 1.9092 0.9963 0.7680 0.9367 1.8006 1.6547 1.0305 0.9725 1.3827 0.6954 1.3146 0.9759 1.2530 0.5986 0.9395 0.4422 0.8969 0.8521 0.2785 
3.1985 2.8545 2.0767 2.1447 0.4490 1.8380 1.9044 1.1407 1.6119 0.6778 1.4965 0.7850 1.3013 1.5600 1.5484 1.7719 1.6823 1.6876 1.4330 1.3857 1.0120 0.4517 1.0766 0.1793 1.0368 0.4838 1.1156 0.9366 -0.5760 0.9025 0.5652 0.9045 0.3830 
3.1670 2.5158 2.0418 1.5555 1.0328 1.3723 0.9911 0.2473 1.4528 0.8709 1.2892 0.5870 1.4104 1.3234 0.4932 0.6629 -0.2439 0.6050 0.3673 1.0872 1.1346 0.2496 0.8829 0.3778 0.8990 -0.4205 0.2091 0.4688 0.0004 0.3258 0.5307 0.5264 0.3293 
2.4947 2.4065 2.3579 1.6784 1.1419 1.1209 1.6515 1.3518 1.8499 1.4589 1.8076 1.0610 1.3330 0.9393 0.6556 0.8929 0.6417 0.8317 0.5392 0.7343 1.0398 0.7277 1.3893 0.9728 1.2895 0.6562 0.8892 0.2260 0.1047 0.4296 0.8757 0.4741 -0.2877 
3.3718 2.7847 2.6710 2.4918 2.3677 1.1028 1.5858 1.9232 1.5464 1.8153 1.0694 1.8114 1.8393 1.8906 0.8757 1.5230 1.3328 1.4701 0.7036 1.7099 1.5572 1.4589 0.6609 1.3366 0.9777 1.2777 0.8334 0.2246 1.3378 1.2726 1.1233 0.7981 0.5434 
2.5593 2.3948 2.7282 2.3751 2.5102 2.0471 2.2834 2.2312 1.8048 2.3529 1.9207 2.2902 1.8363 1.3766 1.4173 1.0591 0.9964 0.9987 1.3120 1.1610 1.5502 1.9450 1.5075 1.8686 1.2114 1.5201 1.4908 1.1427 1.4588 1.1284 1.2089 0.4962 -0.2495 
2.7385 2.2354 2.3221 2.1992 2.1984 1.9127 1.8858 2.4297 2.4919 2.7510 2.3573 2.2849 2.0610 1.8826 1.8355 1.9525 2.1219 1.8927 1.7117 1.7009 1.8160 1.9392 1.9459 2.2683 1.9234 1.7962 1.1008 1.0050 1.1095 0.9382 0.8530 0.2965 -0.1312 
3.0431 2.6646 2.5630 2.2196 3.0916 2.1101 2.1561 2.3058 1.3365 2.0353 2.3436 2.0728 1.0858 1.2986 1.3374 0.5273 -0.5495 0.4760 1.1813 1.0697 0.8632 1.7691 1.9320 1.5423 0.7566 1.6256 1.3739 1.1882 2.0061 0.9490 1.0512 0.6938 0.2409 
2.7823 2.2562 1.9733 1.5869 2.2289 1.9591 2.2648 1.7484 1.5139 1.6582 1.9701 0.2381 1.7697 1.9249 1.4388 1.7192 1.7338 1.6384 1.3352 1.7593 1.4754 -0.0517 1.5567 1.1605 0.9455 1.0453 1.4661 1.0605 1.1447 0.3730 0.4764 0.3028 -0.0127 
2.2104 2.0843 2.8265 0.8339 2.6841 1.2722 1.6726 1.8067 1.8014 2.2404 1.6582 1.2917 1.0662 1.1820 0.9069 0.8827 0.4610 0.8080 0.7668 0.9851 0.8393 0.9412 1.2593 1.7511 1.2126 1.1140 0.9000 0.4075 1.5903 -0.4525 1.3449 0.1821 -0.5414 
3.2784 2.9676 2.9734 2.6245 2.8222 2.4220 1.7947 1.9060 1.7582 2.1542 2.0446 0.9079 1.7308 1.7681 1.7820 1.1844 1.6882 1.1113 1.6227 1.5286 1.4479 0.5490 1.6407 1.6601 1.1474 1.2490 1.0032 1.5127 1.7944 1.3807 1.4602 1.0233 0.4451 
2.1560 2.5212 1.3692 2.5026 2.4840 1.9221 2.0369 1.8615 1.6032 2.1334 2.1342 1.7256 1.3304 0.5463 1.0346 1.1660 0.2544 1.0909 0.9182 0.3792 1.0324 1.3821 1.7379 1.6350 1.0318 1.1898 1.2867 1.0136 1.4354 1.2929 -0.1845 0.5801 -0.9640 
1.7381 2.5131 2.7262 1.8113 1.9593 1.4786 2.0304 2.1799 1.5753 2.0011 1.9749 2.0757 1.4748 1.2488 1.5167 1.4093 1.2566 1.3567 1.4004 1.0397 1.2172 1.7748 1.5677 1.5170 0.9992 1.4881 1.2801 0.5895 0.9163 0.5471 1.2008 0.5866 -1.5456 
1.6876 2.0181 2.5339 2.4044 2.5248 2.3282 1.7659 1.6467 1.6139 2.2028 2.2687 1.7790 1.5245 1.6228 1.4449 1.1189 1.4646 1.0612 1.3398 1.4298 1.3027 1.4194 1.8498 1.7044 1.0378 0.9765 0.9568 1.4217 1.4687 1.1634 1.0339 0.0650 -1.0137 
2.8187 2.4382 2.4639 2.2286 2.3063 2.2273 2.1257 2.2600 1.3997 2.2756 2.2318 2.0689 1.8947 1.8081 1.9453 1.8556 1.4876 1.8041 1.8311 1.5892 1.6293 1.7704 1.8094 1.7968 0.8547 1.5578 1.3555 1.3236 1.2682 0.9553 0.9653 0.5058 -0.0179 
3.1607 2.0472 2.1174 0.9585 2.2511 0.8842 1.1934 1.8703 1.4357 2.0560 1.7512 -0.2068 1.0002 0.8720 1.2836 0.2310 0.6942 0.1615 1.1222 0.6393 0.7424 -0.5010 1.3397 1.5615 0.8764 1.2049 0.4297 -0.0430 1.1781 -0.2615 0.5963 0.0129 0.2974 
2.9001 1.8623 1.1944 1.7761 0.3862 1.2555 1.9462 1.0602 1.8879 2.1271 1.6409 1.1773 -0.3725 0.4754 0.8592 0.4272 0.9183 0.3489 0.6947 0.2681 -0.6485 0.8735 1.2394 1.6281 1.3377 0.4325 1.1696 0.3589 -0.6745 0.5088 -0.3252 -0.1332 0.0856 
2.9313 2.0349 2.1233 0.9935 2.0283 1.8510 0.4708 1.3746 0.2482 0.9364 0.7039 0.9716 1.3512 0.9516 0.9919 1.1395 -0.6823 1.0689 0.8883 0.7562 1.0632 0.6249 0.3117 0.4520 -0.2972 0.6800 -0.3649 0.9441 0.9896 -0.2991 0.6104 0.0261 0.0864 
2.7417 2.1002 1.4897 0.7809 1.8926 1.8488 1.4227 1.4521 0.4743 1.2414 1.4913 0.5757 0.9664 1.2651 1.2481 1.5208 1.0117 1.4652 1.0931 1.0505 0.6955 0.2319 1.0712 0.7462 -0.0853 0.7913 0.6350 0.9411 0.8707 -0.4207 -0.0031 0.1086 -0.0605 
2.8505 1.9118 2.3811 2.0278 2.2357 2.1252 1.7813 1.5179 1.5419 1.9565 1.6512 0.8736 0.8866 0.9153 1.1312 0.3740 0.6099 0.2847 1.0105 0.6972 0.5924 0.5090 1.2520 1.4680 0.9793 0.8794 0.9760 1.2201 1.1460 0.8064 0.8916 -0.0898 0.0215 
2.4586 2.0347 1.8203 0.2433 2.0457 1.8845 1.9004 1.4796 1.1885 1.6415 1.5906 1.5057 1.2513 0.4152 0.8434 0.6669 0.0727 0.6090 0.6808 0.1826 0.9738 1.1729 1.1872 1.1468 0.6043 0.8269 1.1083 0.9821 1.0008 -1.1766 0.2996 0.0823 -0.3484 
1.8034 1.8389 1.5916 0.4396 1.3025 1.6240 1.5745 0.7715 1.0335 1.4783 1.7356 1.1532 0.7897 1.1110 -0.3951 1.3559 1.4463 1.3028 -0.5467 0.9346 0.5179 0.8495 1.3312 0.9935 0.4681 0.0863 0.8204 0.7267 0.2094 -0.8645 0.1009 -0.1194 -0.9442 
2.8619 1.7782 0.9045 0.4789 1.4205 1.5241 1.4339 1.6146 0.6746 1.9545 1.5521 1.3821 0.8358 1.0059 1.3441 1.5300 1.2140 1.4764 1.2013 0.8392 0.5433 1.0343 1.1478 1.4674 0.1215 0.9526 0.6454 0.6166 0.3850 -0.7980 -0.6401 -0.2603 0.0432 
2.9468 2.1135 1.3239 1.5554 1.7635 1.3459 1.3128 1.0709 1.3345 0.9205 1.2315 1.3344 1.4790 1.2906 1.3112 0.6328 1.3155 0.5717 1.1500 1.0634 1.2289 0.9810 0.8427 0.4362 0.7353 0.4312 0.5077 0.4349 0.6703 0.3325 -0.2533 0.1740 0.1513 
3.1161 2.6779 2.0172 1.8082 1.7280 1.3789 1.4289 1.3372 1.5343 1.5066 1.5398 1.1077 1.4010 1.1480 0.2410 0.9119 0.5595 0.8623 0.1082 0.9615 1.1242 0.7897 1.1396 1.0142 0.9759 0.6266 0.6398 0.4698 0.6412 0.5439 0.5113 0.6604 0.2576 
0.6431 1.8126 1.6303 1.3650 1.6637 1.3719 0.9265 1.6902 1.2973 1.5028 1.4223 -0.2810 1.0604 0.7829 0.7601 1.0666 1.2618 1.0108 0.6167 0.5727 0.8206 -0.6209 1.0059 1.0151 0.6959 1.0086 0.1316 0.4631 0.5962 0.1259 0.1121 -0.0875 -3.2446 
2.7108 1.4250 1.5352 1.4942 1.3237 1.1853 -0.4398 1.2414 1.5181 1.4516 0.5398 1.0600 1.3910 1.0243 0.8605 0.7315 0.4681 0.6492 0.6967 0.8542 1.1107 0.7364 0.1292 0.9648 0.9540 0.5605 -1.2938 0.2819 0.2398 0.2548 0.0384 -0.3806 -0.1323 
2.8165 2.0065 1.8253 1.6242 1.7463 1.3036 1.1608 1.2846 1.1677 0.9977 0.6204 1.4165 1.1797 0.8631 1.1021 1.5138 1.4847 1.4516 0.9892 0.6260 0.9225 1.0697 0.2017 0.5152 0.5926 0.5841 0.4160 0.3963 0.6602 0.4182 0.3089 0.0386 0.0161 
2.8183 1.9307 1.4061 0.4387 1.1910 1.8344 0.8799 1.2586 1.8168 1.4888 1.4028 1.0995 1.1210 1.0661 1.4313 0.9639 1.0687 0.9104 1.3283 0.9009 0.8894 0.7866 0.9882 0.9996 1.2377 0.5748 0.0672 0.9293 0.1418 -0.8159 -0.0841 -0.0298 0.0253 
2.0155 1.6441 2.0015 0.8653 0.9792 1.4738 0.2220 1.2459 0.9197 1.0686 0.8830 1.5902 1.0692 0.6568 0.8288 1.0250 1.3460 0.9672 0.6718 0.4799 0.8378 1.2864 0.4642 0.5860 0.3431 0.5605 -0.5122 0.5682 -0.0357 -0.4230 0.5085 -0.3042 -0.8435 
2.4503 2.3132 2.2273 1.7156 1.4017 1.1309 0.9919 1.1222 1.1337 1.2559 0.7101 1.1216 1.3122 1.4504 1.2946 0.9410 0.4474 0.8893 1.1317 1.2757 1.0182 0.8164 0.3096 0.7567 0.5655 0.4718 0.2031 0.2248 0.3574 0.4614 0.6726 0.3724 -0.3904 
1.7890 1.6671 1.8986 1.6628 1.7387 1.3985 1.5381 0.9715 1.1965 0.1287 0.7273 0.5372 -0.9217 0.9388 0.4731 1.0794 0.5130 1.0264 0.3495 0.7390 -1.2400 0.1933 0.3279 -0.3583 0.6109 0.3016 0.7811 0.4920 0.6483 0.4346 0.4211 -0.2896 -1.0323 
3.0966 2.3641 2.0625 1.0287 1.3263 1.2797 1.2755 1.2106 0.9062 0.8940 1.0678 0.6851 0.7272 0.9869 1.0663 1.2486 0.5932 1.1669 0.9557 0.8035 0.4813 0.3729 0.6627 0.4173 0.3294 0.5357 0.4909 0.3802 0.2448 -0.2339 0.5454 0.3836 0.2316 
1.9773 2.1227 1.8459 1.3311 1.3746 0.9665 1.0281 1.3590 1.5182 1.5780 1.2883 1.0751 0.9071 0.8456 0.5255 0.9543 1.3049 0.9042 0.4214 0.6144 0.6158 0.7604 0.8800 1.0841 0.9562 0.6637 0.2466 0.0594 0.3115 0.0547 0.3312 0.1627 -0.8116 
3.0124 2.3135 2.2181 1.7211 1.1789 0.7097 1.6077 1.4374 1.3727 0.7986 0.7146 1.4566 1.2735 1.3036 1.0513 1.4465 0.2941 1.3904 0.9346 1.0710 0.9884 1.1152 0.3244 0.2979 0.8028 0.7715 0.8658 -0.2056 0.1147 0.4655 0.6614 0.3182 0.1636 
