7.3354 7.0912 6.3731 6.5319 6.6566 6.3903 6.0561 5.8330 5.6595 5.4068 5.3750 5.3115 5.2643 5.1811 5.1657 5.1315 5.1065 5.0779 5.0509 4.9784 4.9944 4.9684 4.9339 4.8594 5.0517 5.1176 5.1659 5.3903 5.5163 5.1408 4.7154 4.9192 4.2886 
6.8474 6.3469 7.0191 6.3993 6.8050 6.2793 6.1495 6.1032 5.9440 5.8347 5.6724 5.6209 5.6059 5.5656 5.5111 5.4806 5.4181 5.3926 5.3366 5.3034 5.2853 5.2368 5.2170 5.2913 5.2875 5.3342 5.2793 5.2832 5.6617 5.0779 5.3330 4.1749 3.8584 
6.6311 6.6869 6.3593 5.4015 6.2171 5.5848 5.2743 4.4412 4.8725 4.6007 4.3637 4.5046 4.5745 4.4592 4.4555 4.5477 4.5217 4.4559 4.2906 4.2321 4.2525 4.1308 3.9201 4.0737 4.2412 3.7042 4.4214 4.5829 5.0886 4.0736 4.6968 4.5886 3.6374 
7.4859 7.0791 6.0880 6.0855 6.0612 5.9940 5.6732 5.3441 5.1375 5.2771 5.1287 5.0723 5.0558 4.8941 4.7705 4.7594 4.7206 4.6925 4.6402 4.6830 4.7302 4.6759 4.6705 4.7416 4.5174 4.6251 4.7961 5.0016 4.8646 4.6879 4.4120 4.8830 4.3727 
5.7655 6.8145 6.3751 6.0201 6.1828 4.8628 5.1590 4.9593 4.8471 4.8346 4.8669 4.9049 4.8664 4.8241 4.7414 4.6516 4.6197 4.5957 4.6176 4.6321 4.6042 4.5713 4.4278 4.2992 4.2205 4.2166 4.2820 3.8904 5.0637 4.6176 4.7469 4.6851 3.1897 
6.7802 6.7340 6.5620 5.7207 6.0220 5.1479 4.9770 4.2797 4.1871 3.6028 4.0816 3.2827 3.4419 3.6487 3.3653 3.5719 3.2926 3.4798 3.2267 3.4244 3.1417 2.9344 3.6131 3.0695 3.5747 3.5675 4.1161 4.1423 4.8205 4.3740 4.8498 4.6247 3.7740 
7.4360 7.1308 6.2707 6.1847 5.7855 5.9604 5.7739 5.6440 5.6438 5.5012 5.5164 5.3113 5.2850 5.2537 5.2047 5.1644 5.1249 5.1072 5.0879 5.0723 5.0365 4.9682 5.0730 4.9519 5.0291 4.8952 4.9223 4.9652 4.6597 4.7961 4.6142 4.9758 4.3249 
5.5416 6.9629 6.1434 6.3445 5.6060 4.9499 4.3458 3.8920 3.7793 3.7469 3.7557 3.9479 3.6663 3.9773 3.5906 3.1932 3.7432 3.1450 3.4154 3.7432 3.3796 3.5933 3.3113 3.2321 3.1592 3.1650 3.5524 3.9450 4.4141 5.0034 4.5027 4.8069 2.9278 
6.9364 6.7370 6.6647 5.6694 6.2937 5.4962 5.2218 4.6265 4.6220 4.5956 4.5204 4.6233 4.2683 4.2177 4.2542 4.0895 4.1908 4.0142 4.1277 4.0249 3.9954 4.2358 4.0767 4.0683 3.9883 3.8487 4.3508 4.4901 5.1542 4.3200 5.0237 4.6238 3.8475 
7.2993 7.1548 6.6170 6.2860 5.8977 5.7798 5.7275 5.5526 5.5333 5.4287 5.3778 5.2609 5.2410 5.2278 5.1828 5.1635 5.0968 5.1063 5.0708 5.0458 4.9655 4.8944 4.9381 4.8824 4.8668 4.7779 4.8671 4.7861 4.7263 4.9470 4.9389 5.0277 4.2214 
5.2859 7.1446 6.3798 6.4639 6.2052 5.1910 4.9944 4.1576 4.1665 4.5670 4.2019 4.0789 3.5102 4.2505 3.6561 3.7892 3.3843 3.7282 3.5212 4.0692 3.2118 3.6775 3.7415 4.0167 3.5431 3.4087 4.1214 4.1830 5.0704 5.1084 4.6965 5.0426 2.4715 
7.2401 6.7652 6.6179 5.7496 6.2376 5.6366 5.2906 5.2286 5.0448 4.9838 4.7868 4.5846 4.6358 4.3893 4.5711 4.5082 4.3671 4.4177 4.3949 4.1801 4.3238 4.1884 4.3388 4.4328 4.3757 4.5117 4.4634 4.6393 5.1072 4.3327 4.9664 4.6158 4.1270 
7.2031 7.1904 6.8277 6.1940 6.3809 6.0859 5.9021 5.8229 5.7203 5.6068 5.5642 5.5578 5.4440 5.3735 5.3107 5.2808 5.2292 5.2174 5.1835 5.1677 5.1535 5.1608 5.1008 5.0785 5.1069 5.1122 5.0754 5.0927 5.2229 4.8197 5.1796 5.0804 4.1430 
2.8357 7.2076 6.6714 6.3592 6.1719 5.2808 5.1949 4.9734 4.8616 4.4241 4.4816 4.3925 4.5721 4.4023 4.3244 4.2640 4.2592 4.1965 4.1949 4.1889 4.2482 4.0613 4.0452 3.8746 4.2301 4.2184 4.3220 4.2801 5.0337 5.0258 5.0100 5.1036 1.3937 
7.3166 6.8230 6.6526 6.0793 6.1151 5.3669 4.5486 4.8806 4.5245 4.3352 4.0923 4.1653 3.8313 4.0669 3.6115 3.7683 3.4538 3.7013 3.4654 3.8015 3.5797 3.7845 3.6316 3.7951 3.8587 4.1545 3.6818 4.3707 4.9561 4.6680 5.0172 4.6660 4.1924 
6.9822 7.1276 6.8833 6.2618 6.3329 6.0561 5.8780 5.7220 5.6429 5.5982 5.5183 5.4352 5.3488 5.2761 5.2263 5.1928 5.1892 5.1328 5.1047 5.0893 5.0909 5.0862 5.0739 5.0703 5.0251 5.0038 5.0562 5.0568 5.1892 4.8808 5.2265 5.0026 3.9048 
5.7037 7.2222 6.8652 6.5723 6.0065 4.9727 3.5406 4.2288 4.1787 4.1802 4.3446 4.1709 4.4027 4.0784 3.6890 3.8856 3.9461 3.8051 3.5766 3.8201 4.1267 3.7880 3.9011 3.6486 3.5716 3.5114 2.6699 3.9608 4.8070 5.1725 5.1999 5.1130 3.0872 
7.2918 6.8158 6.9430 6.4183 6.0154 5.6852 5.3869 5.0531 5.1005 5.0423 4.8928 4.7686 4.7532 4.7891 4.7325 4.6839 4.6418 4.6244 4.6108 4.6075 4.4821 4.4023 4.4545 4.4901 4.4572 4.2807 4.5639 4.6927 4.8386 5.0642 5.2712 4.6855 4.2111 
6.3317 6.9587 6.7359 6.4665 5.3509 5.6878 5.5535 5.5075 5.3677 5.3193 5.2824 5.2143 5.1552 5.1572 5.0672 5.0408 4.9801 4.9488 4.8888 4.9435 4.8504 4.8369 4.8316 4.7834 4.7380 4.7448 4.6664 4.6912 4.1739 5.0968 5.1028 4.7883 3.1645 
6.6432 7.1809 6.8592 6.7608 6.4105 5.8025 5.6012 5.4929 5.3432 5.2667 5.2279 5.1363 5.0855 5.1054 5.0658 5.0437 4.9581 4.9515 4.8863 4.8657 4.7676 4.7550 4.7764 4.7295 4.7173 4.7339 4.7228 4.8057 5.2422 5.3884 5.2006 5.0746 3.7580 
7.2024 6.6736 7.1074 6.7740 6.2577 5.7054 5.4219 5.4779 5.4303 5.3091 5.2427 5.2289 5.1412 5.0488 4.9884 5.0117 5.0032 4.9219 4.8171 4.7882 4.8308 4.8540 4.7845 4.7784 4.7826 4.7242 4.5858 4.7064 5.1051 5.4141 5.4388 4.5613 4.1423 
5.7233 6.7752 5.9030 5.4742 6.1809 5.6621 5.5726 5.4538 5.2707 5.2335 5.1448 5.0981 5.0762 4.9507 4.9113 4.8895 4.8364 4.8086 4.7658 4.7255 4.7545 4.7086 4.6880 4.6979 4.6484 4.7042 4.6890 4.6691 5.0535 4.1056 4.2723 4.6517 2.9349 
7.1359 7.0968 6.5853 6.6548 6.5253 6.1682 5.8350 5.6594 5.5687 5.5127 5.4564 5.3542 5.3048 5.2741 5.1921 5.1532 5.1196 5.0971 5.0776 5.0869 5.0632 5.0173 5.0200 4.9620 4.9012 4.9159 5.0060 5.1704 5.3250 5.2756 4.8908 4.9422 4.1338 
7.0759 6.3672 7.0668 6.6993 6.6385 6.2852 6.1038 5.8092 5.7386 5.6672 5.6218 5.5636 5.5170 5.4935 5.4160 5.3362 5.3076 5.2731 5.2690 5.2580 5.2032 5.1659 5.1629 5.1354 5.1214 5.1023 5.2255 5.2892 5.4812 5.3266 5.3772 4.2023 4.0399 
6.2076 6.8118 5.2981 5.6087 6.0624 5.4764 5.1608 5.3555 5.1846 5.1085 5.0138 5.0363 4.9484 4.7866 4.7672 4.7433 4.6856 4.6782 4.6379 4.6039 4.6564 4.6486 4.5724 4.5807 4.5785 4.6358 4.2874 4.4810 4.8695 4.2153 3.6360 4.6943 3.2906 
7.3318 7.0174 6.1735 6.2794 6.1399 5.9059 5.7113 5.4477 5.2547 5.1584 5.0945 5.0752 4.9699 4.8988 4.7905 4.8088 4.7862 4.7487 4.6673 4.6867 4.6707 4.6793 4.6324 4.6260 4.6330 4.6981 4.8416 4.9069 4.9838 4.9225 4.5236 4.8255 4.2811 
6.7645 6.5091 6.7902 6.1504 6.5953 6.2860 6.1174 6.0297 5.8196 5.7494 5.6565 5.5809 5.5764 5.4838 5.3944 5.3598 5.3005 5.2843 5.2516 5.2500 5.2553 5.1874 5.2003 5.2128 5.1981 5.2602 5.2439 5.2922 5.4176 4.7844 5.1632 4.3001 3.7886 
6.5499 6.7685 6.0092 5.9822 5.5632 5.1403 5.1186 4.8198 4.8192 4.7460 4.6562 4.5669 4.5495 4.4816 4.4808 4.3211 4.3190 4.2598 4.3103 4.2503 4.2259 4.1694 4.2000 4.2085 4.1989 4.1135 4.2418 4.1411 4.3825 4.6153 4.2859 4.6533 3.5765 
7.4053 7.0130 5.9815 6.1332 5.9008 5.6229 5.2681 4.9642 4.6483 4.2570 4.0228 4.0928 3.7178 3.0922 3.1651 2.5423 2.6930 2.3852 3.0183 2.8161 3.4170 3.6932 3.5719 3.7099 4.0226 4.2061 4.4068 4.6236 4.7370 4.7521 4.2851 4.8142 4.3178 
6.4228 6.7626 6.3683 4.7510 6.1948 5.9532 5.6982 5.7412 5.6612 5.5317 5.4369 5.3579 5.2870 5.2606 5.2009 5.1463 5.1299 5.0911 5.0846 5.0776 5.0408 5.0227 5.0007 4.9813 5.0570 5.0352 4.8310 4.9641 5.0727 3.2316 4.7399 4.6302 3.5853 
6.6218 6.7354 6.2122 5.9619 4.7790 5.0751 5.2151 4.6431 4.5944 4.6279 4.5558 4.3691 4.4432 4.4781 4.4217 4.2104 4.0396 4.1466 4.2750 4.2465 4.1547 4.0369 4.0953 4.0997 3.9472 3.8837 4.3526 4.0790 3.6495 4.6077 4.5661 4.6279 3.6260 
7.4276 7.0761 6.1719 6.1730 5.9865 5.7678 5.6094 5.3437 5.2415 5.1596 5.0339 4.9560 4.8447 4.7824 4.7309 4.7787 4.7631 4.7126 4.6094 4.5978 4.5891 4.5989 4.5826 4.6280 4.6232 4.6255 4.7319 4.7715 4.7951 4.7906 4.5164 4.8856 4.3276 
6.1068 6.9409 5.9539 5.9526 5.6221 5.1195 5.1062 4.8832 5.0546 4.9021 4.8276 4.7563 4.6711 4.7169 4.6022 4.5631 4.5732 4.4708 4.4472 4.5305 4.3730 4.3887 4.3872 4.3592 4.3900 4.1641 4.2321 4.1353 4.4792 4.5871 4.2892 4.7858 3.3226 
6.7591 6.6515 6.3712 5.7551 5.4454 4.8885 4.7949 5.0562 4.7779 4.6127 4.6336 4.6620 4.6035 4.3677 4.3912 4.3816 4.4288 4.3018 4.2510 4.1636 4.2847 4.2818 4.1778 4.0861 4.1568 4.2796 3.9846 3.9025 4.2565 4.4124 4.7052 4.5570 3.7150 
7.3738 7.0921 6.3777 6.0401 5.8077 5.7653 5.6713 5.6145 5.4836 5.3658 5.3001 5.2453 5.2016 5.1456 5.0824 5.0668 5.0371 4.9768 4.9152 4.9253 4.9132 4.8747 4.8559 4.8221 4.8225 4.8520 4.7966 4.7724 4.6689 4.6541 4.7081 4.9182 4.2862 
5.8153 6.9984 5.9877 5.9162 5.4851 3.5904 4.6196 4.2021 3.3930 3.3908 3.3273 3.8893 3.5340 2.5993 3.4071 3.2393 3.6245 3.1835 3.2695 2.4429 3.2142 3.5548 2.9394 2.8779 2.7489 3.4586 3.7666 2.6673 4.2875 4.5754 4.2716 4.8377 3.1461 
6.8405 6.6383 6.5023 5.6555 5.7933 5.1091 4.7785 5.0715 4.8885 4.7917 4.7087 4.6448 4.6033 4.6121 4.4515 4.5220 4.5720 4.4315 4.2890 4.3740 4.2849 4.2658 4.2578 4.2650 4.2570 4.2943 3.9170 4.1211 4.6477 4.3026 4.8041 4.5253 3.7726 
7.3106 7.0638 6.4320 6.0051 5.7022 5.5985 5.5474 5.5290 5.3593 5.3008 5.2812 5.1889 5.1168 5.0839 5.0582 5.0021 4.9862 4.9132 4.8771 4.8319 4.7975 4.8059 4.8289 4.7749 4.7316 4.7620 4.6643 4.6042 4.5753 4.6322 4.7548 4.8735 4.2506 
5.6807 6.9542 5.8531 5.7158 5.4045 4.1152 3.8086 3.9907 3.7762 3.7937 3.5237 3.1735 3.6577 3.6274 3.0654 2.6110 3.4419 2.6070 2.8541 3.3856 3.3517 2.8076 3.0931 3.2517 3.1698 3.2442 3.0418 3.1373 4.2282 4.3456 4.1458 4.8025 2.9951 
6.8845 6.5799 6.5102 5.6710 5.8144 5.1947 5.0962 4.7859 4.7544 4.7981 4.6213 4.5608 4.6275 4.6554 4.6027 4.5551 4.4688 4.4615 4.4493 4.4409 4.3138 4.1652 4.1619 4.2719 4.1365 4.0926 4.2087 4.2053 4.6651 4.3169 4.8150 4.4219 3.7837 
7.2762 7.0740 6.6055 6.0293 5.7051 5.5606 5.6095 5.5014 5.3441 5.2802 5.2326 5.1548 5.0790 5.0230 4.9797 4.9859 4.9703 4.8978 4.8100 4.7784 4.7576 4.7765 4.7789 4.7474 4.7186 4.7412 4.7335 4.5659 4.5752 4.6429 4.9263 4.8936 4.2128 
5.9386 7.1136 6.2353 5.6157 5.6481 3.6593 4.5701 4.1030 3.3529 3.9687 3.7125 3.3122 3.7342 3.6645 3.4679 3.7859 3.6354 3.7267 3.2986 3.4577 3.4606 2.9718 3.2638 3.4282 2.7666 3.3505 3.6680 2.6920 4.4841 4.2516 4.5666 4.9886 3.0078 
7.0971 6.4947 6.4683 5.7211 5.9360 5.1052 5.2134 4.5486 4.6172 4.6568 4.6237 4.5799 4.3719 4.3324 4.3583 4.3636 4.2938 4.2883 4.2227 4.1380 4.1080 4.1842 4.1657 4.1294 3.9830 3.7633 4.3426 4.1192 4.7621 4.3763 4.7881 4.3017 3.9651 
7.2403 7.1083 6.6839 5.9093 5.9861 5.6546 5.5917 5.3952 5.3528 5.2920 5.2271 5.1931 5.1443 5.1255 5.0845 4.9994 5.0317 4.9099 4.9184 4.8957 4.8356 4.8113 4.7759 4.7655 4.7257 4.6633 4.7101 4.6558 4.7957 4.5701 5.0500 4.9531 4.1721 
6.0991 7.2445 6.6874 5.2156 5.9975 5.7778 5.3224 5.3798 5.2763 5.1607 5.2355 5.1143 5.1120 4.9511 4.8452 4.8770 4.8514 4.7972 4.7115 4.7255 4.7899 4.7286 4.7802 4.6299 4.6532 4.6521 4.4935 4.7795 4.8076 3.8099 5.0379 5.1297 2.7436 
7.1117 6.2469 6.0448 5.6179 5.4557 4.5785 4.1989 4.1465 3.8682 3.2946 3.9150 3.0795 3.6864 3.6855 3.3244 3.4479 2.8241 3.3544 3.1841 3.4764 3.3947 2.6763 3.4725 2.7298 3.2396 3.3718 3.3404 3.5462 4.2764 4.2386 4.3641 4.1125 4.0840 
6.3640 6.3911 5.9709 5.8947 5.6475 5.4519 5.2765 5.2156 5.1207 5.0275 4.9673 4.8894 4.8111 4.7972 4.6967 4.6790 4.6980 4.6210 4.5811 4.6136 4.5679 4.5581 4.5324 4.4774 4.4896 4.4974 4.4273 4.4597 4.4992 4.5647 4.2972 4.2517 3.3079 
6.6739 6.1045 5.7310 5.3390 5.0767 4.7805 4.7545 4.6119 4.4461 4.2893 4.3711 4.3791 4.3061 4.0889 4.0408 4.1322 4.0781 4.0796 3.8624 3.8378 4.0652 4.0464 3.9305 3.7620 3.7909 3.8452 3.8969 3.7831 3.8777 3.9878 4.0907 3.8984 3.5828 
5.6349 6.1686 5.5738 5.1670 4.7822 4.8549 4.5317 4.5528 4.2988 4.3742 4.2399 4.2065 4.3090 4.2792 4.1841 4.0836 4.1090 4.0051 4.0720 4.0931 4.0668 3.8282 3.7844 3.8297 3.6805 3.7794 3.6542 3.8589 3.6390 3.7836 3.8578 4.0689 2.7232 
5.6387 5.6638 4.5695 4.1018 4.1476 3.7871 4.1374 2.9991 2.8268 2.8790 3.2077 3.6859 4.2194 2.9970 3.3207 2.2889 2.8798 2.2355 3.1868 2.7445 3.9331 3.3094 2.7663 2.3082 2.2053 2.2366 3.2583 2.7933 2.9978 2.7402 2.8742 3.5387 2.6775 
3.3360 4.8045 3.8921 3.7875 2.8993 4.0954 4.5843 4.3495 3.8210 3.9258 4.5692 4.9304 4.4151 4.4457 3.8586 3.9314 3.7811 3.8462 3.7203 4.2247 4.1354 4.5833 4.1078 3.3738 3.2037 3.6309 3.7036 3.1105 1.7971 2.4700 2.1751 2.7060 0.9348 
4.4175 4.4683 4.4402 4.4902 3.6673 3.1194 4.1967 3.6358 3.8629 3.3491 4.8235 4.9935 4.7221 4.3132 3.9489 4.3482 4.3556 4.2811 3.7868 4.1258 4.4358 4.6220 4.3829 2.7930 3.2394 2.8775 3.3289 2.1184 2.5166 3.1189 2.7784 2.3063 1.2870 
5.0160 4.3818 3.7313 4.4947 4.4852 4.3092 3.8262 4.0966 4.2835 4.3012 4.5736 3.6778 5.1191 4.7344 4.5523 4.2265 4.2841 4.1614 4.3730 4.5511 4.8014 3.3130 4.1077 3.7788 3.6652 3.3239 2.9938 3.3141 3.2923 3.1269 2.0932 2.2020 1.8561 
4.4112 3.4495 4.4200 4.2316 3.3796 3.2855 4.1145 3.3850 4.2102 4.6266 5.3531 5.1087 5.4214 5.2815 5.0637 3.0682 3.6916 2.9482 4.8822 5.0972 5.1378 4.7204 4.9131 4.1036 3.6021 2.6454 3.2369 2.2922 2.2223 2.8602 2.7574 1.3991 1.2196 
3.4078 3.2910 3.5804 3.6504 4.1293 3.6633 3.1258 4.6861 4.7164 4.7874 5.5559 5.1020 5.3870 5.3969 4.5644 3.9084 3.7541 3.8271 4.3813 5.1845 5.1157 4.7133 5.0940 4.2669 4.1026 3.9578 2.2070 2.6728 2.9741 2.2748 1.8898 1.1678 0.4368 
4.7439 4.6362 4.5672 3.5688 4.0921 4.0684 2.6743 5.0068 5.0830 5.2795 5.3883 3.8503 4.6690 5.1883 4.4353 4.6066 3.5814 4.5466 4.2796 4.9871 4.3725 3.4735 4.9477 4.7464 4.4341 4.2496 1.6999 3.0835 2.9249 2.2124 2.8770 2.5150 1.6546 
4.6739 3.8428 3.7565 4.1064 2.5171 3.7369 4.7299 4.8884 4.5670 5.2460 5.0271 4.2861 3.7910 3.5768 4.1987 2.2915 3.7831 2.2344 4.0840 3.3123 3.5525 3.9278 4.5774 4.7107 3.9022 4.1607 3.8660 2.7507 1.2902 2.7182 2.1465 1.7113 1.6496 
4.6192 4.2746 3.9311 4.1723 3.6321 3.6426 3.7875 5.5943 5.5406 5.8883 5.5336 4.5131 4.2384 3.5701 4.6853 4.4059 3.5299 4.3219 4.5737 3.3091 3.9590 4.1403 5.0802 5.3432 4.8714 4.8244 3.0067 2.6531 2.4442 2.7881 2.2357 2.1533 1.3638 
4.5952 4.2841 3.7914 3.9788 3.6369 4.3754 4.3273 4.3888 5.0806 5.6796 5.4145 2.6855 3.4909 4.2905 4.2452 4.2270 4.4385 4.1680 4.1183 4.1121 3.1886 2.4141 4.9806 5.1447 4.4239 3.6710 3.5058 3.3854 2.5311 2.6298 2.1226 2.1713 1.5842 
4.0668 3.2869 3.9825 4.1328 4.1260 4.2421 4.6018 3.7793 5.0512 5.8618 5.9206 5.4535 5.3929 5.1136 4.4665 4.6626 4.8710 4.6062 4.2983 4.8757 5.1194 5.0966 5.4815 5.3202 4.3868 3.0882 3.7219 3.2566 2.9528 2.7473 2.3124 1.1493 1.0569 
4.7713 4.0833 4.9030 4.8821 4.9784 4.8872 5.0732 4.5894 5.3060 5.9600 6.3617 5.4817 4.8966 5.5257 5.2153 4.8251 4.1340 4.7589 5.0930 5.2795 4.6142 5.1104 5.9223 5.4123 4.6810 3.8269 4.1792 3.8856 3.7865 3.5403 3.2478 1.8790 1.4703 
3.7571 3.9487 4.4610 3.8506 4.4141 2.7182 4.4920 4.3505 4.5434 5.6616 5.6970 5.4259 3.6453 5.2889 4.6431 4.4372 4.2590 4.3574 4.5035 5.1078 3.3401 5.0814 5.2441 5.1309 3.8728 3.6336 3.6307 1.6876 3.2490 2.5141 2.7860 1.7903 0.7227 
4.1877 3.5239 4.2450 4.4475 4.3859 4.1522 4.1103 4.9140 4.8218 5.1876 5.8055 5.1332 5.0219 4.0695 3.4864 3.8239 3.7292 3.7607 3.3289 3.8099 4.7033 4.7497 5.3624 4.6569 4.1946 4.1779 3.2224 3.1582 3.2245 3.0908 2.6158 1.4545 0.9865 
5.0103 4.3948 4.6871 4.6906 3.9413 5.0390 5.0633 5.0944 5.2674 5.2854 5.6927 5.4053 4.8804 4.9759 4.2043 4.2892 4.2882 4.2299 4.0853 4.7429 4.6119 5.0680 5.2407 4.7582 4.6465 4.3167 4.1732 4.0460 2.7577 3.2995 3.0674 2.1792 1.8088 
4.8633 4.2136 3.8498 4.2957 4.1267 2.1117 4.5032 5.0777 5.1434 5.7091 5.6376 4.8269 4.7190 4.6883 4.4611 4.0634 4.2251 3.9707 4.2941 4.4901 4.4325 4.4846 5.1794 5.1753 4.5270 4.2973 3.6436 1.1407 2.9684 2.9460 2.2023 2.0759 1.7661 
3.7218 4.0326 4.1898 4.3584 4.2555 4.9828 4.9710 4.6348 4.2284 3.7661 5.2623 4.1359 4.1621 4.6669 4.4192 4.2782 4.3728 4.2112 4.2724 4.4579 3.8618 3.7442 4.8020 3.2153 3.6177 3.8776 4.1149 3.9897 3.1140 3.0194 2.5585 1.8540 0.3512 
4.5007 4.4818 4.4991 4.3915 4.5996 5.0911 4.2963 4.7171 5.1138 5.2375 5.1781 4.0843 4.1176 4.1757 4.0585 3.8951 4.1233 3.8129 3.8793 3.9669 3.7997 3.6865 4.7222 4.7017 4.4795 4.0025 3.4577 4.0956 3.4327 3.0481 2.8086 2.2882 1.2502 
4.9336 4.7676 4.4866 4.4074 4.0141 5.2816 4.8925 5.0684 4.8577 4.5506 4.6381 3.8241 4.2491 4.1352 3.2609 3.3003 2.9800 3.2456 3.1359 3.9047 3.9782 3.4839 4.1832 4.0078 4.2261 4.2839 4.0702 4.2872 2.8504 3.0691 2.7882 2.6164 1.7599 
5.0096 4.2142 4.5183 4.3644 4.8539 5.0278 5.0347 4.7251 4.5978 4.5653 4.7618 4.1616 3.9547 4.2085 4.0208 3.8208 3.1327 3.7592 3.8443 4.0201 3.6578 3.7848 4.2998 4.0180 3.9488 4.0059 4.1592 4.0293 3.7074 3.0273 2.8132 2.1279 1.9401 
4.2710 5.1210 4.9311 4.1325 3.3744 4.6422 5.0637 4.7812 5.6898 5.4000 5.0641 4.7303 4.5587 3.9570 4.4436 4.3166 4.1118 4.2551 4.2860 3.7351 4.2327 4.3563 4.6018 4.8533 5.0824 4.0784 4.1788 3.6424 2.2455 2.7327 3.2537 3.0147 1.2733 
6.1783 5.8659 5.5014 5.1558 5.0739 5.2075 5.0584 4.8725 4.7703 4.5535 4.3637 4.3311 4.2641 3.6922 4.1149 3.9112 3.4224 3.8282 3.9669 3.4996 3.9936 3.9937 3.9209 3.9972 4.1501 4.1424 4.1681 4.2145 3.8743 3.7737 3.8094 3.7065 3.0877 
6.7070 6.6686 6.4365 6.1399 5.8505 5.7196 5.5346 5.2861 5.2159 5.5658 5.2857 5.1955 5.1732 5.0850 4.9978 4.9105 4.8981 4.8277 4.8252 4.8337 4.8749 4.8147 4.8378 5.0181 4.6059 4.5867 4.6504 4.7277 4.6920 4.7533 4.7627 4.5651 3.7089 
5.5828 7.0229 6.7771 6.0853 5.7291 5.5987 5.6674 5.4860 5.0556 5.3123 5.2133 5.1949 5.1419 5.0739 5.0512 5.0176 5.0012 4.9272 4.8723 4.8170 4.8328 4.8155 4.7646 4.7836 4.3638 4.7307 4.7919 4.6090 4.5972 4.6989 5.1466 4.8320 3.2767 
6.8310 5.9911 6.6271 5.7058 5.1015 4.4043 4.5840 5.1734 4.9103 4.2837 4.4528 4.6129 2.8160 3.5827 3.6733 3.2825 3.7207 3.2120 3.5550 3.3145 2.5973 4.2219 4.0108 3.7578 4.2660 4.4370 3.7023 3.4324 3.8986 4.3118 4.9779 3.7961 3.6857 
6.5334 6.4703 6.3211 5.6204 5.1420 5.5083 5.2581 3.1177 3.5743 4.3964 4.2556 3.7812 3.1358 3.3667 2.1738 3.2395 3.2744 3.1637 2.0082 3.1700 2.8036 3.4138 3.7900 3.8466 2.9476 2.3393 4.4042 4.5186 3.9749 4.2015 4.6933 4.2822 3.6199 
6.8546 6.8663 6.7796 6.1143 5.9403 5.5100 5.8164 5.6124 5.1970 5.2545 5.3106 5.2158 5.1146 5.0929 5.0532 4.9085 4.9921 4.8260 4.8726 4.8455 4.7937 4.8388 4.8661 4.7205 4.5857 4.8466 4.9898 4.5079 4.7713 4.7302 5.1362 4.7358 3.7445 
6.6020 5.6333 6.2394 6.0869 5.5943 5.1902 5.3184 5.0634 4.7682 4.6985 4.8193 4.5690 4.8227 4.7276 4.6364 4.5901 4.4723 4.5176 4.5035 4.5442 4.5750 4.1728 4.3761 4.1671 4.1439 4.2796 4.4903 4.1941 4.4051 4.6943 4.6105 3.4395 3.5891 
6.1158 7.2064 6.9284 6.1543 5.7018 5.6094 5.1194 5.0474 5.2874 5.1723 5.0099 4.8409 4.9900 4.8013 4.8088 4.7552 4.7285 4.6884 4.6823 4.6159 4.6846 4.5012 4.5703 4.6384 4.6726 4.2722 4.2472 4.6098 4.5728 4.7582 5.2510 5.0957 2.4648 
6.2761 6.9630 6.6151 5.2646 5.4003 4.6856 4.8283 5.0542 5.1638 4.8630 4.2976 4.2810 3.6888 3.7855 3.5747 3.7207 3.5367 3.6583 3.3986 3.6013 3.3935 3.9180 3.8550 4.3162 4.5592 4.2778 3.9976 3.6824 4.2392 3.8541 4.9356 4.8034 3.1123 
5.1416 6.5039 6.8286 6.0847 5.5881 5.5766 5.4198 5.2033 5.1525 5.0958 5.0633 4.9621 5.0198 4.8330 4.7992 4.7367 4.7228 4.6717 4.6746 4.6390 4.7045 4.6039 4.5994 4.5693 4.5389 4.4793 4.5865 4.5806 4.3892 4.6948 5.1878 4.3132 2.8102 
6.8714 6.6180 6.7704 6.1337 5.9452 5.5007 4.8629 5.0526 4.8926 5.0656 5.1537 4.7636 4.5177 4.4232 4.3524 4.2940 4.1119 4.2349 4.2155 4.2048 4.2027 4.3870 4.6961 4.5181 4.2581 4.2787 4.0423 4.4989 4.7742 4.7561 5.1259 4.4907 3.7287 
6.8405 6.4795 6.6132 6.1844 5.9851 5.1507 5.1486 5.0796 5.2128 5.1342 4.6685 4.2077 4.5339 4.3939 4.2814 4.4073 4.3719 4.3245 4.1528 4.1838 4.2162 3.8282 4.2165 4.6040 4.5986 4.2919 4.2741 4.1483 4.7865 4.7851 4.9561 4.2626 3.6960 
6.7196 6.1232 6.7145 6.1119 5.6643 5.4761 5.2071 4.8603 3.7949 5.1974 4.8747 4.7050 4.5363 4.4867 4.5054 4.3555 4.4521 4.2841 4.3318 4.2526 4.2161 4.3230 4.4308 4.6625 3.1683 4.1380 4.3358 4.4682 4.5223 4.7003 5.0870 3.9507 3.7289 
6.0508 6.8500 6.8404 6.0370 5.9381 5.4788 5.3260 5.1822 5.1181 5.1771 5.0359 4.7911 4.7713 4.7459 4.7202 4.6363 4.5890 4.5825 4.6000 4.5671 4.5033 4.4436 4.5830 4.6437 4.4856 4.4458 4.4931 4.4724 4.7659 4.6502 5.1853 4.7388 2.8808 
6.3714 6.5830 6.0683 4.9040 4.7840 4.5151 4.4977 4.4659 4.7287 4.6633 4.2848 3.9409 3.7455 3.6529 3.6118 3.5418 3.6293 3.4470 3.4603 3.4350 3.4671 3.5862 3.8338 4.1306 4.1169 3.7252 3.6432 3.5467 3.6453 3.5544 4.3524 4.4225 3.3706 
6.6110 5.6351 6.2189 5.7903 5.5754 5.3784 5.2093 5.1340 5.1075 4.8577 4.7862 4.8159 4.7703 4.6913 4.6887 4.6406 4.6056 4.5865 4.5751 4.4926 4.5036 4.4733 4.3378 4.3135 4.4677 4.3789 4.3433 4.3847 4.3801 4.4383 4.5915 3.4160 3.5648 
7.1124 6.6894 6.3833 5.9868 5.6980 5.4494 5.1987 4.8119 4.7047 4.8611 4.6491 4.6934 4.5428 4.5608 4.4139 4.3497 4.3053 4.2813 4.2683 4.2971 4.2217 4.3112 4.1925 4.3170 4.0971 4.1042 4.3273 4.4545 4.5695 4.6148 4.7166 4.5581 3.9794 
6.9845 6.5130 6.0598 5.4820 4.7669 3.7733 4.6155 3.6167 4.4788 4.2837 4.0529 3.5835 3.9081 3.6947 3.6091 3.4200 3.4816 3.3354 3.4574 3.4983 3.6319 3.1982 3.5951 3.7539 3.8267 2.8781 3.7458 2.8322 3.6152 4.1202 4.3546 4.3001 3.8271 
6.6286 6.6975 6.2165 5.9480 5.6123 5.5689 5.4423 5.3259 4.8218 4.7955 4.7841 4.9341 4.8528 4.8055 4.7680 4.6718 4.5891 4.6136 4.6388 4.6194 4.5947 4.5875 4.3324 4.2706 4.1997 4.6136 4.5988 4.5745 4.4468 4.5930 4.5781 4.5858 3.6296 
6.0504 7.0822 6.5127 6.0776 5.5977 5.6259 5.6565 5.5986 5.4555 5.0961 4.8188 4.9927 4.8602 4.8121 4.8173 4.8149 4.8118 4.7544 4.6894 4.6241 4.5989 4.6216 4.3777 4.5663 4.7970 4.8281 4.7829 4.6345 4.4090 4.6805 4.7977 4.9254 2.4205 
5.2338 7.1159 6.6845 5.6520 5.1214 4.7800 4.9721 4.4030 4.5351 4.9463 4.4516 3.8811 4.1502 4.1397 3.8121 3.7727 3.8737 3.7038 3.6838 3.9150 3.8415 3.5538 4.0100 4.3975 3.8648 3.6657 4.1190 3.7847 3.9606 4.2753 5.0439 4.9801 3.0901 
6.4171 6.2717 6.8522 6.3008 6.0623 5.7193 5.6817 5.5994 5.4347 5.0941 5.1606 5.0973 5.3299 5.1494 5.1048 5.0658 5.0612 4.9751 4.9528 4.9320 5.0792 4.7101 4.7041 4.5710 4.7832 4.8290 4.8063 4.7262 4.8601 4.9556 5.2121 4.1049 3.5913 
7.1508 6.7250 6.6634 5.7068 4.9197 5.2205 5.1115 4.9875 5.2810 4.8309 3.9856 4.2098 4.1051 3.8954 3.9838 3.9308 4.0379 3.8479 3.8140 3.6854 3.7870 3.8345 3.5504 4.2875 4.6625 4.2306 4.2311 4.2329 3.7660 4.3278 5.0208 4.5915 3.9986 
6.9239 6.4364 5.7651 4.6253 3.5680 4.6878 4.6933 4.4808 3.8350 4.5381 4.0887 4.0809 3.9073 3.5618 3.7874 3.6740 3.7352 3.6131 3.6565 3.2978 3.6300 3.6837 3.6228 3.9833 3.2117 3.7347 3.8105 3.6725 2.3729 3.1196 4.1546 4.2218 3.7207 
6.7712 5.8776 4.5995 4.5710 3.9982 4.1872 3.7976 3.3617 3.9898 4.3624 3.3461 3.4674 3.5068 2.8649 1.9556 2.3754 3.0056 2.3393 1.8645 2.6779 3.2059 3.1154 2.9132 3.8197 3.3221 2.6725 2.9902 3.2036 2.8147 3.1644 2.8887 3.6985 3.6821 
6.2473 6.6139 4.8924 5.2774 4.9599 5.1022 4.8007 4.5762 4.3728 3.9332 4.1759 4.1056 4.1740 4.1559 4.1343 4.0241 3.7971 3.9330 3.9988 3.9395 3.8749 3.7161 3.7193 3.3894 3.7404 3.7918 3.9656 4.1070 3.7815 3.9025 3.1704 4.4757 3.3284 
4.2646 6.4907 5.8024 5.2662 4.8191 4.7950 4.5623 4.4787 4.6085 4.0870 4.3415 4.2680 4.0540 4.1028 3.9632 3.8806 4.0717 3.8008 3.7963 3.8582 3.7306 3.8998 3.8990 3.5524 3.9662 3.7216 3.6687 3.7984 3.6635 3.8772 4.1566 4.3316 1.7275 
6.2314 6.3826 5.6675 5.1883 4.9198 4.9125 4.9302 4.7102 4.4746 4.4408 4.5335 4.4473 4.2871 4.2368 4.1741 3.9842 4.1956 3.8973 4.0621 4.0561 4.0350 4.0951 4.0833 3.8986 3.8120 3.9859 4.0925 3.9223 3.7571 3.8044 4.0143 4.2452 3.1775 
6.4471 6.0960 4.8564 5.6615 5.3557 5.3286 5.1074 5.0508 4.9897 4.3086 4.7569 4.5651 4.5501 4.5873 4.5876 4.4345 4.4735 4.3497 4.4231 4.3368 4.2277 4.1663 4.2953 3.7817 4.3256 4.2763 4.2332 4.3329 4.2090 4.2844 3.2550 3.9250 3.3909 
