5.1990 6.0480 5.5601 4.7906 4.4561 4.0974 4.2980 4.2103 4.0424 4.0705 3.6796 3.7241 3.5444 3.8382 3.6872 3.6196 3.5835 3.5675 3.5752 3.6450 3.2591 3.4063 3.2712 3.5919 3.4861 3.5695 3.5482 3.2053 3.3935 3.5541 4.0663 4.1327 2.1462 
5.6418 5.3500 5.7698 5.3531 4.9416 4.6011 4.9842 4.7781 4.6769 4.5134 4.4398 4.4117 4.3995 4.3116 4.2334 4.2268 4.1954 4.1666 4.1121 4.1121 4.1120 4.0579 4.0248 4.0353 4.1144 4.1056 4.2031 3.7165 3.9058 4.1079 4.2461 3.4550 2.8768 
3.8058 5.5120 4.8730 4.6560 4.4724 4.3114 3.1527 3.9619 3.8901 3.9340 3.7193 3.6477 3.6412 3.6307 3.6190 3.5404 3.4268 3.4686 3.5164 3.4490 3.3786 3.3068 3.3094 3.4409 3.2987 3.2681 2.3948 3.4160 3.4261 3.4540 3.3206 3.6067 1.7942 
5.7934 5.6707 5.2593 4.9122 4.5605 4.3799 3.7209 4.0944 4.0158 3.8133 3.6739 3.7383 3.8209 3.6841 3.6380 3.5942 3.5180 3.5455 3.5359 3.5238 3.5757 3.4280 3.2681 3.3224 3.4406 3.4394 2.9560 3.4822 3.5394 3.6584 3.7270 3.7257 3.0929 
5.7735 5.2398 5.3674 4.9147 4.7427 4.6444 4.1640 4.2485 4.2387 4.2927 4.0063 3.9845 4.0039 3.8738 3.8652 3.8238 3.8195 3.7510 3.7226 3.6708 3.7189 3.6300 3.5914 3.8010 3.6756 3.5984 3.3975 3.7496 3.6966 3.6690 3.8812 3.2744 3.0422 
5.6907 5.9669 5.3723 5.0264 4.8688 4.6967 4.6150 4.4835 4.4298 4.3974 4.1740 4.1481 4.1394 4.1062 4.0443 4.0008 3.9535 3.9392 3.9283 3.9357 3.8930 3.8170 3.7717 3.9020 3.8324 3.8046 3.8526 3.8029 3.7859 3.7848 3.8618 4.0590 2.8058 
4.0854 5.6726 4.9228 4.4902 4.2261 4.0077 4.3735 4.1637 4.0541 4.0734 3.7947 3.7545 3.6903 3.6404 3.5784 3.5766 3.4633 3.5293 3.4517 3.4636 3.4407 3.4475 3.3985 3.5944 3.5067 3.5317 3.5970 3.1158 3.1984 3.2537 3.4871 3.7318 2.0562 
5.1518 5.7064 5.4127 5.1403 4.9491 4.7999 4.6307 4.5588 4.4928 4.4025 4.3501 4.2853 4.2095 4.1952 4.1391 4.1045 4.0566 4.0487 4.0263 4.0265 3.9857 3.9818 3.9596 3.9069 3.9378 3.9116 3.8832 3.9055 3.9170 3.9366 3.9399 3.7620 2.2782 
3.7945 5.5167 5.1285 4.8543 4.5867 4.4891 4.1565 4.1470 4.1268 4.0771 3.8967 3.9022 3.8845 3.8030 3.6876 3.7057 3.6156 3.6448 3.5756 3.6186 3.6180 3.5717 3.5059 3.5983 3.5734 3.5139 3.3876 3.5938 3.5626 3.6003 3.6450 3.6226 1.3802 
5.3619 5.8099 5.1607 4.7771 4.4961 4.2480 4.0675 4.0110 3.9332 3.8607 3.8607 3.7370 3.6529 3.6484 3.6552 3.5786 3.6324 3.5316 3.5498 3.4743 3.3942 3.4267 3.4679 3.3691 3.3351 3.3195 3.2799 3.3518 3.4592 3.5531 3.6533 3.8811 2.4276 
4.8443 5.0477 4.9336 4.5488 4.3472 4.1880 4.0926 4.0105 3.9235 3.8840 3.7908 3.6801 3.6798 3.6181 3.5865 3.5695 3.5382 3.5215 3.4649 3.4290 3.4306 3.3453 3.3935 3.3925 3.3270 3.3198 3.3133 3.2947 3.2797 3.3099 3.4467 3.1489 2.0645 
3.2281 5.2006 4.5194 3.9051 3.5295 3.3154 3.1677 2.8086 2.6548 2.2507 2.9652 2.4760 2.3187 2.7296 2.7367 2.7442 2.6039 2.6910 2.6359 2.5406 2.0584 2.1833 2.5741 1.7710 2.0770 2.1860 2.3874 2.4281 2.4554 2.6748 3.0069 3.2711 1.3404 
4.9760 4.9907 4.0277 3.9861 3.6344 3.4490 3.1421 3.4166 3.2887 3.2245 3.2038 3.1487 3.1069 2.8872 2.8557 2.9474 2.9674 2.8730 2.7409 2.7083 2.8220 2.8074 2.7974 2.7431 2.7345 2.7471 2.3597 2.5537 2.6141 2.7273 2.4991 3.0838 2.1729 
4.5804 4.5436 4.1546 3.7753 3.6323 3.4282 3.4949 3.3274 3.3319 3.0212 3.2637 2.9355 3.0630 3.1274 2.8578 2.9103 3.1212 2.8407 2.7416 2.9182 2.7736 2.6356 2.8496 2.5333 2.7678 2.6851 2.7114 2.5349 2.6157 2.5750 2.6856 2.6447 1.8600 
4.5630 4.5402 3.8028 3.7117 3.5696 3.5369 3.7622 3.0924 2.8263 3.3256 3.3165 2.6409 2.7672 3.1363 2.0203 3.1660 3.4781 3.1168 1.9024 2.9330 2.5106 2.2867 2.9149 2.8425 2.2640 2.3836 3.0186 2.6454 2.5252 2.4844 2.3390 2.6397 1.8564 
4.4551 4.6104 3.8510 3.2413 3.2527 2.0826 3.1825 3.2339 3.1296 3.1902 3.1841 3.0712 2.7306 3.1216 3.2085 3.0668 3.4732 2.9830 3.1033 2.9095 2.4606 2.7179 2.7728 2.7134 2.5636 2.5962 2.4036 1.1653 2.2266 2.0018 2.3376 2.6979 1.6819 
4.1680 4.1314 3.6131 3.5425 3.3664 3.0080 3.0691 3.0492 2.8079 3.1059 2.5200 2.4732 2.6205 2.6535 2.8448 2.8834 1.7236 2.8216 2.7318 2.4270 2.3319 2.1659 2.1233 2.6315 2.2500 2.3612 2.2726 2.1124 2.3250 2.2935 2.1393 2.2246 1.4191 
2.8556 3.6851 2.7851 2.0612 2.7375 2.5013 2.5536 1.6180 2.4455 2.2438 2.0829 2.7962 2.3443 2.3265 2.7169 2.2968 2.4086 2.2429 2.6093 2.1555 2.0931 2.4644 1.7066 1.7655 1.8851 0.9243 1.7848 1.6075 1.7367 0.7964 1.3064 1.7992 -0.1077 
3.3393 3.9118 3.2522 2.7982 3.1333 2.0748 2.8440 2.8675 1.6770 2.7430 2.9102 2.1809 2.6819 1.5500 3.3694 3.1778 2.6926 3.1242 3.2426 1.3962 2.3957 1.8267 2.5170 2.2630 1.0723 2.2245 2.1017 1.1315 2.0872 1.5487 1.7749 1.9656 0.5253 
2.7797 3.6215 3.0970 2.3878 2.8763 2.9036 2.6434 2.2033 3.2437 3.3269 3.5340 3.1033 2.8432 2.1964 3.1600 3.0378 3.1172 2.9543 3.0518 1.9743 2.6224 2.7501 3.1172 2.8398 2.6905 1.5199 1.8395 2.0071 1.8464 1.1264 1.5915 1.7294 -0.0312 
3.0202 3.0902 2.8416 1.8909 2.4026 3.0684 3.6375 3.2986 3.0813 2.7551 1.7081 2.5359 1.4194 2.6417 2.8365 3.0853 2.9094 3.0074 2.7261 2.4127 1.1621 2.2140 1.2997 2.2744 2.4776 2.6630 2.8555 2.1840 1.3776 0.6873 1.3639 1.1727 0.2511 
2.7735 2.8081 2.7689 2.2603 3.1712 2.9690 3.3509 3.2781 3.2859 2.7267 3.2860 2.2633 2.6757 2.9083 3.0898 3.0975 2.4754 3.0283 2.9371 2.7256 2.3907 1.9243 2.8869 2.2507 2.7297 2.6486 2.6177 2.0782 2.1475 1.0241 1.2981 0.9102 0.0800 
2.7359 3.1965 3.3589 3.2182 3.1225 3.2984 3.2421 2.9302 3.2834 3.2436 2.3277 2.5746 2.9021 3.0427 3.3374 2.4745 -0.1114 2.3949 3.2155 2.8220 2.6687 2.2375 1.9151 2.7606 2.7318 2.2696 2.4705 2.4034 2.0746 1.9800 1.8694 1.3006 -0.2108 
0.9262 2.6533 3.2171 2.8729 2.6133 2.1318 3.1056 2.8488 2.1313 3.1348 1.6911 1.9663 2.6309 2.0729 2.2641 2.2468 2.0981 2.1980 2.1557 1.8733 2.3351 1.6743 1.2962 2.6596 1.5517 2.2134 2.3145 1.2666 1.5383 1.6490 1.7540 0.7296 -2.1479 
2.0318 2.6573 2.4222 2.5324 2.4840 2.4777 3.1606 2.7993 2.6549 3.2616 2.6633 1.9048 2.9566 2.7965 2.3716 3.3674 3.3793 3.2982 2.2467 2.6359 2.7009 1.5719 2.2457 2.7768 2.0865 2.1520 2.3781 1.5956 1.4429 1.3206 0.9433 0.7048 -0.8726 
3.8423 3.2700 3.0828 2.3521 2.4153 3.1081 3.0890 3.5483 3.2563 3.7418 3.4726 1.6465 2.4471 2.5378 2.6879 2.6304 2.6186 2.5472 2.5639 2.3338 2.2140 1.3033 3.0801 3.2674 2.6954 2.8492 2.3040 2.2099 1.3842 1.1315 1.5336 1.3258 1.0106 
3.6795 2.5461 2.2562 2.6546 2.4075 2.8209 3.2333 3.2582 2.3550 3.1173 3.1499 2.2715 2.2050 2.9296 3.2590 2.8014 2.3370 2.7403 3.1439 2.7408 1.9187 1.9268 2.7378 2.6439 1.7992 2.6264 2.4606 1.9282 1.3650 1.4007 0.7792 0.6676 0.8996 
3.5442 3.1489 3.0477 3.0247 2.1627 3.1986 3.2697 2.2470 2.7242 2.7978 2.8826 3.0812 3.0969 2.9357 3.0922 3.2557 2.3643 3.1947 2.9414 2.7429 2.8107 2.7253 2.4877 2.3146 2.1826 1.5753 2.5036 2.3067 1.0580 1.7902 1.5190 1.2127 0.7090 
3.7711 3.0171 2.4367 3.2805 2.2552 3.4039 3.9216 3.3288 2.6414 2.3226 3.4132 3.1703 3.1403 2.2505 2.5470 2.6629 2.4052 2.6133 2.3911 2.0355 2.8551 2.8265 3.0206 1.8542 2.0458 2.6823 3.1419 2.5176 1.2269 2.0653 1.0028 1.0049 0.9734 
2.8772 2.6696 2.9167 3.2492 3.2946 2.9787 3.3129 2.6384 2.9638 3.7127 3.9077 3.4592 3.1635 3.1670 3.0817 1.4676 2.2972 1.4265 2.9179 2.9776 2.8906 3.1266 3.5175 3.2307 2.3794 1.9298 2.5663 2.0863 2.2671 2.0240 1.4347 0.7590 0.1257 
3.3981 1.9075 3.2671 2.9318 2.6681 2.7592 3.4682 2.0500 3.3552 3.6004 3.8320 3.1671 2.7129 2.2650 3.0199 2.5792 2.2995 2.5020 2.8639 2.0627 2.4375 2.8245 3.4398 3.1231 2.7853 1.4190 2.6889 1.8797 1.5932 1.7109 1.7990 -0.6486 0.4896 
2.6987 2.6312 3.0840 2.3055 2.9444 3.3134 3.6745 3.4287 3.1839 3.4144 3.2402 3.1354 2.5570 2.5304 3.4409 3.5365 3.2263 3.4611 3.2912 2.3259 2.2822 2.7914 2.8284 2.9218 2.6410 2.7559 2.8992 2.4233 1.9042 1.0740 1.5592 0.7081 -0.1160 
3.6321 3.5122 3.1517 2.8977 2.6886 2.9358 3.3729 3.2422 2.2469 3.0947 3.6472 2.7889 2.6105 2.7681 3.1834 3.1735 1.2272 3.1197 3.0841 2.6018 2.3238 2.4594 3.2411 2.6139 1.6765 2.6022 2.6349 2.0345 1.6625 1.6800 1.6608 1.5408 0.8621 
2.6928 3.1005 2.6570 2.4424 2.3664 2.7822 2.9143 2.8440 2.8871 3.3523 3.2517 2.5689 2.1201 2.3192 2.2192 2.4966 1.6953 2.4225 2.0872 2.1523 1.8460 2.2351 2.8346 2.8643 2.3224 2.2073 2.1825 1.8869 1.3375 1.2199 1.1174 1.1560 -0.4944 
4.1518 3.9233 3.2348 2.7976 2.7436 2.2662 2.7379 1.7726 2.6745 3.2904 3.3287 2.4723 2.6987 2.4583 2.3751 2.2170 0.1132 2.1581 2.2592 2.2752 2.4192 2.1816 2.9323 2.8165 2.0979 1.0774 1.9537 1.3516 1.7235 1.5581 1.7601 1.9547 1.4029 
3.9587 4.4499 3.9596 3.7217 3.5416 3.3266 3.1595 3.4304 3.3141 2.7428 2.7667 2.9215 2.7198 2.9123 2.8355 2.8350 2.6849 2.7819 2.7258 2.7267 2.4486 2.6236 2.3661 2.2585 2.7533 2.7592 2.3776 2.4327 2.4720 2.5012 2.4247 2.5308 1.2985 
3.2442 5.9695 5.6834 5.0626 4.8235 4.5879 4.5873 4.3789 4.1803 4.3885 4.1485 3.8817 3.9552 3.7703 3.9221 3.8320 3.7586 3.7577 3.7664 3.5950 3.6663 3.5607 3.7315 3.8945 3.6274 3.6901 3.8164 3.6925 3.7478 3.8281 4.1645 4.0684 2.1295 
3.7961 5.7700 5.3134 4.3892 4.0147 3.6516 3.4034 3.4888 3.2378 3.0263 3.1665 2.9151 2.7752 2.6935 2.9778 2.1611 2.3016 2.0967 2.8299 2.5076 2.5327 2.6311 2.7640 2.5532 2.6930 2.8148 2.6654 2.7740 2.9773 3.1537 3.7755 3.8122 2.1833 
5.6907 5.6320 5.3639 4.6045 4.1779 3.9270 3.7308 4.1046 3.9689 3.1994 3.4553 3.7431 3.6360 3.5530 3.4195 3.2214 3.2991 3.1628 3.2755 3.3309 3.3725 3.4380 3.0736 2.7131 3.3660 3.4662 2.9966 3.0448 3.1670 3.3878 3.8775 3.6773 2.7357 
4.0574 5.3469 4.8989 3.9514 3.4737 2.8312 2.9705 3.3823 2.7821 2.6834 2.2762 1.2206 2.2243 2.2953 2.6075 2.6110 2.0920 2.5307 2.4631 2.1353 1.9746 0.8803 1.9076 2.1971 2.2085 2.7318 2.1863 1.8521 2.3633 2.7011 3.4187 3.3868 1.8864 
5.9307 5.6804 5.3216 4.8338 4.5747 4.4349 4.2261 4.1106 3.9379 3.6169 3.7478 3.6430 3.5904 3.4923 3.2283 3.5818 3.5893 3.5349 3.1211 3.2698 3.3094 3.2979 3.3511 3.1376 3.3343 3.4624 3.4834 3.5400 3.5541 3.5913 3.7842 3.7247 3.1536 
5.5335 6.0002 5.3917 4.6066 4.2773 4.0398 3.7170 4.0683 3.6382 3.8548 3.6847 3.3095 3.4041 3.3489 3.2363 3.3683 3.2197 3.2958 3.1248 3.1665 3.1482 3.0031 3.2726 3.3661 3.0891 3.4043 2.9565 3.1432 3.2303 3.3658 3.8808 4.0897 2.6753 
5.3804 5.1066 5.3553 4.8076 4.5403 4.4224 4.1416 4.0637 4.1798 4.1883 3.5310 3.7182 3.7824 3.7380 3.5339 3.6296 3.7063 3.5781 3.3752 3.5715 3.5513 3.3950 3.1138 3.7130 3.6280 3.3996 3.3718 3.5284 3.5297 3.5761 3.8577 3.2093 2.6843 
4.4546 5.0884 4.9892 4.4846 4.2912 4.1678 4.0876 4.1817 3.8154 3.5675 3.8470 3.7027 3.6860 3.6665 3.4858 3.5229 3.5338 3.4392 3.3267 3.4998 3.4385 3.3738 3.4574 3.0890 3.2457 3.5527 3.3086 3.2752 3.2511 3.2505 3.5273 3.1932 1.7757 
5.6420 5.3651 4.6425 4.3995 4.1783 4.0767 3.9677 3.4800 3.6831 3.5062 3.5461 3.3921 3.4255 3.4079 3.2355 3.1531 3.1565 3.1032 3.1241 3.2094 3.1629 3.0875 3.1310 3.0108 3.1292 2.7883 3.1703 3.1814 3.1538 3.1500 3.1660 3.4162 2.8675 
4.6330 5.1628 4.7467 4.4241 4.2409 4.1584 3.9209 3.9184 3.7664 3.7100 3.6914 3.6181 3.6361 3.5827 3.4211 3.4628 3.4103 3.3830 3.2764 3.3754 3.3728 3.2746 3.2777 3.2279 3.2061 3.2356 3.1410 3.2646 3.2053 3.1647 3.2534 3.2456 1.8520 
3.9776 4.6654 4.4047 3.8643 3.6915 3.6366 3.4495 3.5089 3.3524 3.3734 3.2198 3.2029 3.1685 3.2010 3.0472 3.0239 2.8703 2.9435 2.8875 3.0261 2.8975 2.8618 2.8135 2.8831 2.7868 2.8164 2.6780 2.7438 2.6683 2.6450 2.8728 2.7641 1.3604 
3.6464 4.5124 4.3718 3.9100 3.6227 3.4739 3.2396 3.0702 3.1990 3.0696 2.8684 2.9716 2.8877 3.0737 2.9351 2.9905 2.8203 2.9112 2.8061 2.8375 2.6559 2.6560 2.4719 2.5721 2.6520 2.3740 2.4677 2.5793 2.6021 2.6739 2.8427 2.6223 0.4098 
3.2578 4.1377 3.3790 2.9180 2.3849 2.6041 2.0020 2.3125 2.1658 2.4531 2.0787 2.5188 2.4260 2.4273 2.2198 2.3323 2.5051 2.2765 2.0803 2.2526 2.2001 2.2057 1.6898 1.9675 1.5682 1.6709 1.2582 1.7192 1.3650 1.7313 1.8671 2.2311 0.0029 
3.2558 3.7334 2.9600 3.0906 2.8417 2.3859 2.6783 2.0705 1.9192 2.3260 2.1309 2.2301 2.0135 2.4595 2.6143 2.4333 1.3163 2.3729 2.4554 2.2754 1.7781 1.8858 1.7369 1.8470 1.3573 1.4040 1.8918 1.4989 1.8111 1.8377 1.4414 1.8426 0.5816 
3.6797 3.8012 3.7815 3.0511 3.0167 1.7795 1.5895 2.3693 2.4875 2.2727 2.6130 2.4308 2.1989 1.8341 1.8659 1.8332 1.8675 1.7801 1.7586 1.6510 1.9094 2.1240 2.2053 1.7956 1.9175 1.7407 0.8464 0.8670 1.9445 1.8070 2.2944 1.8922 0.7548 
3.3169 3.6414 3.6259 2.6425 2.8210 3.0826 2.6774 1.9968 2.1473 1.3493 1.6581 2.2146 1.8035 1.0111 2.2308 2.1325 2.0493 2.0494 2.1013 0.8458 1.5200 1.8622 1.2725 0.8604 1.5435 1.3332 1.8873 2.1872 1.7966 1.4179 2.1476 1.7633 0.6059 
3.9993 3.9732 4.0826 3.5640 2.8166 2.7915 2.6979 2.1439 2.5083 2.3822 2.1364 2.4501 2.4301 2.4529 1.8505 1.5224 1.5119 1.4673 1.7438 2.2693 2.2032 2.1476 1.7418 1.9059 1.9283 1.4529 1.9124 1.8973 1.7877 2.3084 2.6257 1.9963 1.0368 
2.1390 3.9346 4.0386 3.1175 3.1389 2.9542 2.7662 2.6849 2.4984 2.2914 2.3959 2.4395 1.8486 2.1629 2.2536 2.1459 2.0139 2.0643 2.1386 1.9330 1.5825 2.1349 1.9977 1.8094 1.9242 2.0018 1.9875 2.0583 2.0945 1.8663 2.5503 1.9864 -0.2299 
3.0422 3.4310 3.7565 3.2718 2.9344 2.9112 2.7534 2.3726 2.6290 2.2646 2.6025 2.0754 1.2580 2.2415 2.1819 2.4150 1.7689 2.3589 2.0229 2.0351 0.9793 1.7582 2.1974 1.7878 2.0245 1.7393 1.9684 2.0180 1.8844 2.0478 2.2774 1.5150 0.1397 
4.0573 3.4565 3.6957 3.1174 2.2695 2.5717 2.1928 2.1968 2.2544 1.9204 1.9817 1.3359 2.1796 2.0895 1.9266 1.5838 1.3670 1.5055 1.8107 1.8855 1.8859 1.0004 1.5800 1.4411 1.6963 1.4956 1.3952 1.6791 1.2276 1.8675 2.2241 1.4883 1.2341 
2.2077 3.1053 3.7530 3.4244 2.7638 2.8317 2.1474 2.6530 2.4565 2.5900 2.5084 2.4564 2.5863 2.5351 1.7429 2.1590 2.6164 2.0795 1.5932 2.3290 2.3060 2.1571 2.1135 2.0956 1.8922 1.9565 1.3621 1.9360 1.7377 2.2088 2.2794 1.2063 -1.4303 
3.5421 3.8945 4.0322 3.4638 2.8821 1.8106 2.6803 1.9839 1.3559 1.0777 1.9806 1.9247 2.3336 2.4520 2.3298 1.8203 2.5944 1.7732 2.2180 2.2712 2.0861 1.6064 1.5889 0.5580 0.7574 1.3306 1.8919 0.9058 1.8477 2.2229 2.5407 1.9691 0.7961 
3.0765 3.4933 3.7441 2.4754 2.6223 2.7463 2.4659 2.2556 2.2084 2.0997 2.3764 2.2176 2.0122 1.1456 1.4867 1.8337 -0.4674 1.7760 1.3725 0.9372 1.7680 1.8621 1.9711 1.5939 1.6136 1.5929 1.7171 1.8518 1.5521 1.2372 2.2699 1.5667 0.2039 
3.0815 3.4753 3.5434 1.4615 2.9671 2.5536 2.1624 2.5003 2.5182 2.1505 1.8007 2.1112 1.8009 2.4552 2.5620 1.8617 1.5979 1.8028 2.4058 2.2743 1.5200 1.7814 1.3988 1.6519 1.9313 1.8406 1.3772 1.6542 1.9202 0.4221 2.0268 1.5211 0.1275 
3.4899 3.7465 3.7566 3.2266 2.9499 2.3128 2.7199 2.5445 2.3985 2.2689 2.4201 2.6539 1.8815 1.9164 1.5330 1.8491 1.1798 1.7929 1.4158 1.7486 1.6164 2.3005 2.0216 1.7924 1.8422 1.8673 1.9340 1.4337 1.8943 1.9980 2.2782 1.8497 0.7381 
1.0382 3.5902 3.8932 3.2996 2.7289 2.9382 2.8581 2.6235 2.3502 2.6474 2.2978 2.4211 2.0204 1.8297 2.2018 2.2905 2.3766 2.2388 2.0517 1.6451 1.7777 2.1162 1.8892 2.1657 1.7924 1.9243 2.1077 2.0416 1.6949 2.0792 2.3799 1.7005 -0.7516 
3.5542 3.5852 4.1199 3.7315 3.3104 2.8067 3.0721 2.7703 2.9466 2.8955 2.3834 2.5382 2.3279 1.7831 2.5283 2.6369 2.6287 2.5603 2.3820 1.5794 2.0731 2.2170 1.9749 2.4073 2.3718 2.1279 2.2749 1.9067 2.2772 2.5150 2.6533 1.7111 0.7434 
3.0270 3.3780 3.7738 3.2002 1.6202 1.9197 2.0473 1.7235 1.2458 2.4630 1.8402 2.1694 1.8995 2.0804 2.2234 2.3100 1.9702 2.2558 2.0924 1.8834 1.6422 1.8159 1.4269 1.9796 0.6571 1.0186 1.3102 0.9888 0.5732 1.9382 2.2938 1.4880 0.3161 
4.0364 3.4528 3.8909 2.9886 2.3799 2.5396 2.3613 1.4663 2.3902 2.6098 1.6308 1.8037 2.1074 1.9786 1.4872 2.0503 2.1325 1.9743 1.3747 1.8003 1.8371 1.4570 1.2362 2.1115 1.8400 0.7997 1.5875 1.6416 1.3673 1.7511 2.3828 1.4769 1.1785 
4.8405 4.7941 4.2732 4.0023 2.9284 3.7808 4.1684 4.3523 4.3529 4.1877 3.9876 3.5095 2.3550 2.6873 3.0822 3.1701 3.2162 3.1194 2.9242 2.4857 2.0995 3.1562 3.5709 3.7137 3.7582 3.6731 3.4110 2.8914 1.8649 2.7471 2.7668 2.8311 1.9332 
2.4238 4.2308 4.3884 3.4396 3.2299 3.3608 3.1464 2.6899 3.0803 3.2211 2.1611 2.5587 2.1828 1.3108 1.7198 1.9772 1.9521 1.9236 1.5548 1.0788 1.8906 2.2289 1.7564 2.7410 2.4784 2.0006 2.3676 2.4641 2.2079 2.1978 2.8682 2.3169 0.1184 
5.1150 4.5274 3.7553 1.8008 2.3202 3.4414 3.0915 2.3011 1.9475 3.1721 2.5443 2.2677 1.5146 2.1132 2.3454 2.4462 1.7879 2.3791 2.2353 1.9017 1.2773 1.9276 2.1431 2.6954 1.4007 1.6606 2.2928 2.5532 1.3211 0.5058 2.2725 2.6314 2.3659 
4.8781 5.4965 5.5692 5.1228 4.8815 4.6681 4.2467 4.2588 4.2091 4.3136 4.0991 4.0787 4.0577 3.8857 3.9027 3.8457 3.8098 3.7707 3.7494 3.6795 3.7836 3.7324 3.6919 3.8217 3.6498 3.6064 3.5130 3.7680 3.8075 3.9096 4.0881 3.5943 1.9353 
5.4837 5.3527 5.8366 4.9809 4.3716 4.9211 2.9086 3.4642 3.3982 2.9717 3.5617 3.5784 3.3207 3.2448 3.2608 3.2112 3.2332 3.1559 3.1438 3.0847 3.0916 3.2336 3.1514 2.4445 2.8125 2.7729 2.1187 4.0222 3.2903 3.7224 4.3530 3.4608 2.7696 
5.4671 5.3687 5.1843 4.5924 4.5517 4.9384 4.2324 3.9913 3.8001 4.1652 3.5686 3.6179 3.6422 3.6106 3.5418 3.4043 3.4684 3.3287 3.3886 3.4182 3.3797 3.2741 3.1514 3.6838 3.2335 3.2879 3.4807 4.0468 3.5413 3.3803 3.6785 3.4508 2.7013 
5.8471 5.4289 5.4252 5.2878 4.8307 4.5818 4.7302 4.5653 4.5133 4.5793 4.2355 4.2027 4.1924 4.1214 4.1212 4.0848 4.0724 4.0311 4.0118 3.9571 3.9747 3.8951 3.8382 4.0975 3.9707 3.9206 3.9839 3.6869 3.7458 4.0327 3.9661 3.4685 3.0255 
5.9613 5.6884 5.7979 5.1921 4.8795 4.9057 4.4792 4.4562 4.4383 4.5084 4.1577 4.1701 4.1069 4.0302 4.0749 4.0539 4.0405 4.0036 3.9753 3.8235 3.8494 3.8503 3.7410 4.0306 3.8453 3.7621 3.6940 4.0105 3.8018 3.9759 4.2885 3.7232 3.1619 
5.9484 5.5939 5.6755 4.4470 4.2816 4.5195 4.2342 3.9970 3.7795 2.8054 3.7769 3.6025 3.1473 3.1606 3.0720 2.7063 2.5299 2.6552 2.9065 2.9663 2.8655 3.2610 3.3795 2.3164 3.2148 3.2955 3.4914 3.6252 3.2317 3.1593 4.1660 3.6621 3.1698 
5.7957 5.4686 5.4411 3.0809 4.1130 4.5929 4.1813 4.0661 4.0462 4.1260 3.9794 3.7868 3.7385 3.5924 3.5271 3.4881 3.3477 3.4062 3.3645 3.3906 3.5200 3.4833 3.5609 3.6439 3.4885 3.3975 3.4277 3.6989 3.0936 1.6013 3.9747 3.5581 3.0126 
5.6911 5.3258 5.0637 4.3106 4.1483 4.4459 4.0868 3.8983 3.8400 3.9922 3.5445 3.2735 3.5924 3.4834 3.5640 3.3901 3.3793 3.3152 3.4275 3.2673 3.3121 2.9539 3.1271 3.5122 3.2678 3.2190 3.3014 3.5521 3.1189 3.1119 3.5808 3.3548 2.8971 
5.5404 5.2399 4.9714 3.7738 4.4194 4.4908 4.3201 4.2088 4.1688 4.0596 4.0702 4.0192 3.9576 3.8701 3.8143 3.7374 3.6613 3.6843 3.6875 3.6686 3.6686 3.6727 3.6611 3.5828 3.6123 3.5703 3.5608 3.5971 3.3393 2.5988 3.4912 3.2790 2.7902 
5.5102 5.0003 4.3734 4.4791 4.2092 4.2152 4.1070 4.1116 4.0793 3.7938 3.7778 3.7240 3.7556 3.6729 3.6051 3.5324 3.4098 3.4537 3.4944 3.5084 3.5343 3.4075 3.3812 3.3044 3.5350 3.4659 3.3279 3.3214 3.1754 3.2375 2.8463 3.0828 2.7614 
5.2288 4.9612 5.1410 4.9084 4.7396 4.4801 4.5694 4.4594 4.3042 4.1932 4.0821 3.9666 3.7882 3.7016 3.7266 3.7214 3.6301 3.6643 3.6161 3.5371 3.5547 3.6110 3.6737 3.7173 3.7221 3.7682 3.7947 3.5854 3.6891 3.6550 3.6568 3.0538 2.5222 
4.7912 5.3121 5.4219 5.0724 4.9805 4.9239 4.7167 4.4985 4.1527 3.9545 3.9543 3.9817 3.9843 3.9634 3.8858 3.8128 3.8410 3.7404 3.7350 3.7281 3.6947 3.6262 3.5463 3.4588 3.5936 3.8255 3.9768 4.0296 3.9639 3.8542 3.9536 3.3639 2.2083 
2.6379 5.4031 5.2852 5.0204 4.6586 4.1163 3.5347 3.8158 3.6093 3.1472 2.7308 3.1981 3.2400 2.8370 2.8590 2.9513 3.0578 2.8758 2.7446 2.6719 2.9915 2.8575 2.3276 2.6671 3.0609 3.1616 2.7388 3.2178 3.6262 3.7780 3.7561 3.5102 1.2258 
3.9748 5.3493 5.3161 4.7090 3.8653 4.1442 3.7290 2.8675 3.4076 3.4410 3.3226 2.9245 2.9671 2.8758 2.7134 2.7615 2.6354 2.7063 2.6031 2.6992 2.7075 2.6236 2.9230 2.9476 2.8272 2.2198 2.9710 3.2530 2.8164 3.4890 3.7807 3.4340 0.6062 
3.0739 5.2878 5.2078 4.7022 4.3223 4.2049 3.3628 3.4436 3.2202 3.2301 3.6476 3.2690 3.2200 2.8283 3.1581 2.9331 2.8800 2.8590 3.0483 2.6629 2.9662 2.9426 3.2400 2.7512 2.6667 2.7653 2.6251 3.3076 3.2683 3.4963 3.7009 3.3554 0.7459 
2.9384 4.9973 4.9609 4.7016 3.2149 4.1373 3.7291 3.8023 3.8024 3.6861 3.4250 3.4543 3.4951 3.3806 3.3681 3.2985 3.3426 3.2450 3.2421 3.1890 3.2117 3.1242 3.0370 3.2023 3.2390 3.1530 2.9830 3.2465 2.2341 3.4960 3.4967 3.1041 0.9490 
2.6605 4.6051 4.8570 4.4643 4.3069 4.4030 3.0675 3.1610 2.7674 3.0939 2.8218 2.6260 2.6871 2.7279 2.2721 2.4414 2.1186 2.3756 2.1711 2.5339 2.4040 2.2648 2.3998 2.6109 2.2023 2.4747 2.2674 3.5027 3.2679 3.2067 3.3483 2.6899 1.1309 
4.7120 4.0424 5.1321 4.0417 3.7236 3.9386 3.2529 3.5308 2.9533 3.4083 3.3440 3.1715 3.2360 3.3316 3.2620 3.2273 3.0786 3.1692 3.1461 3.1547 2.9881 2.8287 2.9504 2.9168 2.3850 2.8261 2.4885 3.0435 2.6873 2.7763 3.6518 2.1549 2.0427 
5.0963 4.6606 4.6431 4.1537 4.1075 3.9884 3.9999 3.6912 3.7991 3.3329 3.3694 3.2166 3.0942 3.0918 3.0914 3.0947 2.9040 3.0243 2.9404 2.8614 2.8078 2.8781 2.9758 2.8439 3.2330 3.0618 3.2080 3.0969 3.0905 2.9318 3.1618 2.7408 2.3087 
5.3603 4.3659 4.1227 3.0212 3.6358 3.5398 3.7725 3.2723 3.2335 3.1089 2.8051 2.7790 2.9158 2.6936 2.3182 2.2558 2.4698 2.2052 2.2127 2.4932 2.6743 2.4406 2.3864 2.6323 2.6788 2.6394 3.0278 2.6445 2.6342 1.7973 2.6594 2.3212 2.5388 
4.3533 4.5851 4.5447 4.3033 3.4833 3.9986 3.6396 3.6117 3.3071 3.2443 3.4528 3.5207 3.4087 3.3514 3.1680 3.1515 3.1998 3.1023 3.0625 3.1681 3.1520 3.1655 3.0638 2.7670 2.7520 2.9407 2.8603 3.1039 2.4295 3.0935 3.0841 2.6905 1.5661 
4.5438 4.4593 3.8371 3.8588 3.8937 2.9105 3.2210 3.5941 2.8162 2.7650 2.8710 2.6128 2.9661 2.7645 2.5229 2.6502 2.5172 2.5822 2.3800 2.5928 2.7070 2.2620 2.4736 2.2838 2.2510 2.9173 2.4448 2.0297 2.8267 2.6465 2.3428 2.5079 1.7611 
4.3232 4.2645 3.8413 3.5601 3.7296 3.8110 3.0799 3.0824 3.2810 2.8845 2.4640 1.6160 2.0813 1.9336 2.0939 1.9258 2.2319 1.8702 1.9421 1.7758 1.8154 1.2895 2.0628 2.3928 2.7280 2.3833 2.2724 2.9165 2.7091 2.3123 2.3564 2.3328 1.6240 
4.5841 4.2164 3.0750 3.3838 2.6479 3.3618 3.6217 3.3013 2.8367 2.8349 2.7593 2.3436 2.7383 2.2215 1.9412 1.8495 2.4174 1.7982 1.8325 1.9958 2.4749 2.0145 2.3500 2.3669 2.2782 2.6668 2.8353 2.4738 1.5679 2.1903 1.5244 2.2819 1.8114 
4.0804 3.7089 3.7580 3.4118 3.2293 3.8186 3.3053 3.1541 2.7541 1.8570 2.2635 1.8575 1.9540 2.2482 2.1820 1.9471 0.6366 1.8896 2.0202 2.0468 1.7390 1.5155 1.8554 1.3921 2.2032 2.4855 2.5562 2.9264 2.2082 2.1964 2.2776 1.8110 1.3445 
2.4934 4.0275 3.9341 3.7559 3.0463 3.3234 2.8842 2.9196 2.6175 2.3841 2.3442 1.6324 2.1938 1.5118 1.3292 1.1437 2.1615 1.0764 1.1961 1.3393 1.9034 1.3067 1.9306 1.9130 2.0063 2.2662 2.1556 2.4248 1.9558 2.5481 2.4144 2.1024 -0.3030 
3.2212 4.2897 4.3361 3.5712 3.1608 3.5360 3.5185 2.8320 3.2228 3.1587 2.8171 3.0372 2.8597 2.7756 2.3190 2.6848 2.7452 2.6387 2.2121 2.6093 2.6375 2.6947 2.4050 2.6806 2.6729 2.2031 2.7230 2.6457 2.1416 2.3175 2.8252 2.3750 -0.0042 
3.9586 3.4983 4.3327 3.8623 3.2780 3.1210 3.2781 3.1933 2.7623 2.9441 2.8087 2.7511 2.7227 2.8274 2.7861 2.5974 2.1997 2.5140 2.6750 2.6621 2.4532 2.4092 2.3936 2.4522 2.2092 2.5380 2.5236 2.2326 2.2505 2.6462 2.8289 1.5318 1.3174 
4.1155 3.9934 4.2236 3.2682 3.4186 3.5324 3.1102 3.2459 3.1384 3.1639 3.0977 2.8136 2.6995 2.8834 2.8306 2.7563 2.7101 2.7007 2.7194 2.7069 2.4195 2.4869 2.6811 2.6875 2.5756 2.6151 2.3211 2.6397 2.3699 2.0429 2.7408 2.0734 1.3108 
4.1062 4.4221 4.3112 3.7127 3.2730 2.3681 3.0987 2.8203 3.1117 3.0332 2.9228 2.8534 2.7075 2.3510 2.5282 2.3147 1.9295 2.2566 2.3817 2.1882 2.4310 2.5443 2.5266 2.5397 2.5348 2.1909 2.3119 1.4622 2.2378 2.4839 2.8062 2.4709 1.1754 
2.5885 4.0432 4.0843 3.6361 3.0127 3.2878 3.1953 3.1764 3.0675 2.9158 2.6957 2.6311 2.6075 2.2628 2.4303 2.4428 2.4137 2.3787 2.3107 2.0733 2.3172 2.2745 2.2827 2.4258 2.4624 2.5135 2.4182 2.3945 1.9375 2.3916 2.6239 2.1346 -1.1992 
