5.2946 5.4082 6.2752 6.1206 5.8655 4.7203 4.0621 4.4531 4.5918 5.0774 4.3435 4.1687 4.1802 3.5671 3.5356 3.4002 3.0969 3.3288 3.3807 3.3585 3.9597 3.8354 3.9467 4.5964 4.0348 3.7474 3.2603 3.7866 4.8286 4.8975 4.7617 3.5570 2.2391 
4.3036 5.7210 6.2036 6.0528 6.1554 5.3216 4.9313 4.8368 4.6072 5.0758 4.8627 4.2956 4.4530 4.4517 4.3642 4.3594 4.3342 4.2801 4.2087 4.2273 4.1652 3.9852 4.4483 4.5958 4.0515 4.1429 4.1446 4.4171 5.0812 4.8454 4.6632 3.7764 1.1434 
5.1050 5.5645 5.9118 5.8506 5.9217 5.2194 4.9576 4.6301 4.6951 4.8620 4.5420 4.4328 4.3125 4.1693 4.2330 4.2207 4.1902 4.1643 4.1124 4.0015 4.0511 4.0732 4.1338 4.3613 4.1304 3.9989 4.1707 4.3304 4.8972 4.5996 4.4345 3.6539 2.4966 
4.7910 4.7011 5.3849 5.3978 5.3848 4.5485 4.3125 4.2867 3.9960 4.1946 3.8564 3.8514 3.8074 3.7629 3.8296 3.7245 3.6841 3.6678 3.6999 3.5896 3.5674 3.5408 3.4593 3.7188 3.4020 3.6252 3.5548 3.6555 4.3315 4.1455 3.8706 2.7429 1.6834 
4.2935 4.4833 3.8504 3.7863 4.6107 4.0863 3.4803 3.1560 2.9491 2.9771 2.6801 2.9774 3.3928 2.7815 2.8670 1.9889 1.9151 1.9183 2.7491 2.6128 3.1393 2.6573 2.2650 2.4799 2.3687 2.4766 2.6903 3.1812 3.5787 2.5848 2.3143 2.5332 1.2384 
3.6679 4.1810 4.1223 4.0292 4.2906 2.9548 3.3456 2.8461 2.5535 3.1060 2.4197 2.8546 3.2742 3.0857 3.4176 3.0859 3.0185 3.0065 3.2741 2.8526 3.0456 2.5447 2.0101 2.6279 1.9399 2.1998 2.5958 2.0230 3.2408 2.7780 2.6437 2.2490 1.1576 
3.9954 2.3671 3.6304 3.7727 4.5079 3.1758 3.7785 3.5306 3.1629 3.7229 3.6328 3.1432 3.2277 3.3051 3.5387 3.1069 2.8051 3.0488 3.3850 3.1338 2.9741 2.7934 3.2185 3.2423 2.6239 2.8255 3.0333 2.2583 3.4656 2.6002 2.1118 -0.4933 1.0674 
4.3317 3.5536 3.9548 2.0836 4.2370 3.3201 1.9520 2.8904 2.8165 3.1466 2.9018 2.6986 3.0941 2.7510 2.4732 2.1353 0.8116 2.0453 2.3433 2.5777 2.8057 2.3497 2.5067 2.6663 2.2547 2.2364 1.1502 2.3964 3.1970 0.9792 2.4200 1.5452 1.4822 
2.2331 3.7727 3.5443 2.8527 3.6717 2.7959 2.7498 2.7235 2.5077 3.0972 2.6567 2.1531 2.1915 2.8524 3.1906 2.3213 2.6351 2.2534 3.0879 2.6843 1.9101 1.8054 2.2430 2.6140 1.9217 2.0571 1.9835 1.8974 2.6449 1.6975 2.0142 1.8675 -0.4051 
3.7989 3.3922 3.7813 3.8791 3.5928 3.1916 2.6381 3.0735 3.1091 3.2199 2.9453 2.2461 2.9027 3.0496 2.6998 2.5335 1.5673 2.4556 2.5841 2.8213 2.6630 1.8945 2.5501 2.7355 2.5237 2.3703 1.8487 2.2900 2.5453 2.6489 2.2843 1.5050 0.9029 
3.7567 2.3655 3.1685 3.7387 3.1236 2.4571 2.9881 2.7617 2.8194 2.4687 1.7668 2.7351 3.0008 2.9104 2.4326 2.2550 1.6261 2.2024 2.3121 2.7214 2.7281 2.3896 1.3638 1.9739 2.2581 2.1107 2.2185 1.5672 2.0543 2.5184 1.7006 0.1804 0.9456 
2.8166 2.8286 2.9503 2.8183 3.1262 2.6032 2.0205 2.0266 2.0032 1.9765 1.5846 1.7687 0.8599 2.0469 0.2111 2.2248 0.9035 2.1769 0.0434 1.8513 0.5509 1.4223 1.1918 1.4879 1.4257 1.3667 1.2891 1.6971 2.0681 1.5972 1.4476 0.9061 0.0429 
3.6293 2.3753 2.9811 3.0224 2.2841 1.8935 2.1665 1.3167 1.1068 1.9940 1.5860 1.8214 1.3383 2.0218 1.7662 0.8447 1.8983 0.7435 1.6318 1.8257 1.0703 1.4717 1.1857 1.4972 0.5177 0.6117 1.3720 1.0057 1.2713 1.7751 1.4547 0.4488 0.8161 
0.3517 2.1454 2.7388 2.8762 2.6970 1.9265 2.2214 1.8362 2.1418 1.2827 1.7311 1.2365 2.3398 1.8071 1.9170 1.4601 1.7775 1.4039 1.7995 1.6114 2.0942 0.8984 1.3133 0.7882 1.5409 1.1905 1.4220 1.0535 1.6438 1.6684 1.2773 0.1970 -1.3498 
2.6310 2.6091 2.7344 3.1637 3.2477 2.8066 2.4956 2.3947 2.2247 1.4203 1.2862 1.2987 1.5059 1.1072 0.9672 1.0984 1.4200 1.0261 0.8566 0.9191 1.2803 0.9463 0.8661 0.9293 1.6522 1.7580 1.7409 1.9005 2.2148 1.9169 1.2752 0.6373 -0.1787 
2.7264 1.8604 2.6787 2.0104 1.8664 1.9466 2.1118 2.1962 2.2782 2.2386 2.1334 1.1530 1.3358 1.7137 1.8797 0.0014 0.2685 -0.0245 1.7677 1.4768 1.0571 0.8400 1.7306 1.7599 1.7303 1.4941 1.3340 1.0515 0.8389 0.7911 1.1715 -0.0256 -0.0764 
2.4186 2.8359 2.5134 2.3251 1.4382 1.7383 2.3968 2.2602 1.7885 0.3458 1.6846 1.7512 2.0603 1.2441 1.8549 1.4714 1.3722 1.4154 1.7482 1.0210 1.7996 1.4012 1.2851 -0.1753 1.2209 1.5863 1.6504 0.8381 0.4217 1.0822 0.9977 0.9184 -0.4817 
2.6646 2.6671 2.6209 1.7057 2.4206 2.0389 1.4728 1.5445 1.6415 1.2082 1.4561 0.8270 0.8637 1.2035 1.7485 1.2109 1.4495 1.1253 1.6036 0.9878 0.5686 0.4715 1.0377 0.7125 1.0451 0.8903 0.7195 1.1327 1.3824 0.4736 1.0846 0.7081 -0.3439 
1.8471 2.9604 2.8278 2.6401 1.7994 2.6694 2.3671 2.3996 1.8521 1.2931 0.7899 1.7122 2.1006 1.6474 1.2745 1.8068 1.5232 1.7562 1.1141 1.4350 1.8273 1.3595 0.3817 0.8221 1.2962 1.7599 1.6012 1.7697 0.7482 1.3711 1.3392 1.0162 -0.4371 
2.8052 2.6877 2.7265 2.0626 2.2537 2.3680 2.2515 2.4118 1.9633 1.7234 1.0458 1.3350 1.7775 1.8042 1.0995 1.5433 1.4656 1.4732 0.9817 1.6066 1.4938 0.9868 0.6307 1.2282 1.3956 1.7686 1.4655 1.4668 1.2156 0.8530 1.2399 0.7496 0.0054 
1.0960 2.4666 2.3076 2.3592 1.9544 2.3829 2.1316 1.8034 1.9589 1.7499 1.6569 1.8899 1.1921 1.5500 1.0879 1.1830 0.5864 1.1064 0.9622 1.3625 0.9170 1.5523 1.2715 1.2701 1.3998 1.1391 1.3387 1.4874 0.9165 1.1151 0.8112 0.5518 -1.8264 
2.2551 2.5181 2.6345 2.1255 1.4296 2.4105 0.3074 1.7487 1.4174 1.1422 1.4122 1.7704 1.5670 1.6906 1.2775 1.3342 0.5125 1.2859 1.1136 1.4672 1.3189 1.4233 1.0021 0.6460 0.8605 1.0494 -0.4329 1.5122 0.4013 0.8737 1.1046 0.5597 -0.7680 
2.7190 2.6941 2.4138 2.3072 1.7380 1.9615 2.1060 1.5993 1.4564 1.9887 1.8988 2.2561 2.0049 1.8089 1.1638 1.7755 1.5233 1.7286 1.0157 1.6151 1.7623 1.9147 1.4816 1.4968 0.8980 0.9325 1.3247 1.0664 0.6620 1.0540 0.9231 0.7544 -0.1320 
1.4559 2.7481 2.9589 2.3690 2.6566 2.5074 2.8904 2.1748 1.8811 0.2410 1.9710 2.0218 1.6982 1.3730 0.4142 0.4254 -0.2136 0.3719 0.2790 1.1845 1.4063 1.7202 1.5733 -0.3403 1.3245 1.4623 2.1475 1.6106 1.5952 1.1246 1.4467 0.8394 -2.0368 
2.1038 2.8572 3.0671 3.2017 3.0613 2.8253 2.6343 2.6004 2.1426 2.2448 2.4422 2.2626 1.8716 1.8728 2.0487 2.0195 2.1230 1.9475 1.9146 1.7110 1.6123 1.9181 2.0426 1.7667 1.5341 1.9038 1.8341 1.9220 1.9778 1.9565 1.5303 0.9491 -0.6490 
3.2250 3.1099 3.2714 3.1733 2.4775 1.9616 2.2845 2.4604 2.0577 1.9741 2.0639 1.9166 1.7710 1.8696 1.8051 1.6586 1.8546 1.5767 1.7003 1.6986 1.4872 1.5902 1.6677 1.4830 1.4730 1.8009 1.5045 1.0453 1.4168 1.9228 1.7839 1.1846 0.4063 
3.3307 3.4026 3.3951 3.1110 2.6949 1.3504 1.7675 2.1426 1.6857 1.6278 1.7892 1.8697 1.2950 2.0159 1.7847 0.9531 1.5541 0.8998 1.6593 1.8269 1.0135 1.5290 1.3767 1.1334 1.0827 1.4466 0.9788 0.4698 1.6431 1.8529 1.8829 1.4631 0.4446 
2.7045 2.8981 3.6057 2.8552 2.6508 2.6108 2.1820 2.2423 2.3716 2.0331 1.9795 1.7233 1.9787 2.0628 1.5633 1.8787 2.1257 1.8230 1.4360 1.8603 1.7475 1.3685 1.5773 1.5363 1.8124 1.5657 1.3929 1.6980 1.5781 1.6461 2.1170 1.0187 0.0392 
2.5053 2.7777 3.2708 2.8061 2.8066 2.9045 2.8278 1.7346 1.9492 1.6266 0.6396 1.5635 1.6012 1.7227 1.4476 1.5664 1.2182 1.4930 1.3310 1.4826 1.3439 1.2659 0.2336 1.1315 1.3870 1.0158 2.0719 2.0067 1.7720 1.5607 1.7819 0.8827 -0.4815 
2.3600 2.6440 3.5549 2.6418 2.1672 2.4786 1.8601 2.1582 1.3062 1.8828 1.2498 1.0269 1.6127 1.6538 1.3157 1.2793 -0.5325 1.2017 1.1851 1.4403 1.3543 0.7183 0.8437 1.3979 0.7274 1.4578 1.0879 1.5791 1.0869 1.3615 2.0313 0.7912 -0.2795 
2.9354 3.3450 3.9519 2.7886 2.5411 2.3723 2.3124 2.6375 2.4262 2.3114 2.1209 1.5863 1.9015 2.1085 1.8156 1.3629 1.5941 1.3110 1.7107 1.8950 1.6577 1.2788 1.7250 1.8281 1.8610 1.9304 1.5249 1.4673 1.4574 1.4952 2.4128 1.4628 0.1904 
3.1657 2.7199 3.2359 1.8688 2.6841 1.7190 3.1819 2.7231 2.2651 2.0163 1.8754 1.6741 2.0667 1.5248 1.8644 2.0587 1.9253 1.9819 1.7575 1.3458 1.8045 1.3317 1.4653 1.5225 1.7153 2.0484 2.3920 0.8676 1.6295 0.6628 1.7558 0.8314 0.4346 
2.5011 2.7175 3.7476 3.0744 2.8920 2.8005 2.7659 2.2220 1.9750 2.0307 1.9009 1.5987 1.6654 1.7759 1.6536 1.5144 1.7716 1.4555 1.4960 1.5637 1.3840 1.2863 1.4796 1.5365 1.4067 1.5379 1.9830 1.8997 1.8430 1.7877 2.2642 0.8756 -0.6206 
3.3705 3.5568 4.2322 3.6134 3.4551 3.0571 3.0943 2.1558 2.4869 2.3454 2.0174 2.0247 2.1200 1.5903 1.7562 1.6780 2.2163 1.5972 1.6174 1.3955 1.8398 1.7244 1.6186 1.8601 1.9120 1.4562 2.2955 2.1550 2.3761 2.3500 2.7391 1.6255 0.4174 
3.5930 3.5912 4.2937 3.6060 3.2232 2.7856 3.4893 3.1070 2.5311 2.3430 2.4601 2.3882 2.3003 1.8982 2.1576 1.9183 1.9294 1.8594 1.9966 1.7331 2.0397 2.0771 2.0636 1.8590 1.9342 2.4044 2.6999 1.8870 2.1961 2.3418 2.7885 1.7133 0.8397 
3.2633 3.3092 4.3870 3.5971 3.2327 3.1741 3.3834 2.5583 2.5893 2.4900 2.3770 2.4029 2.3676 2.2403 2.2748 2.2265 2.1836 2.1791 2.1747 2.0387 2.1319 2.0949 1.9742 1.9959 1.9849 1.8717 2.6351 2.2730 2.2019 2.3239 2.8504 1.4333 0.0865 
3.1306 3.3032 4.1547 3.5477 3.0955 3.2383 3.3437 2.7354 2.4321 2.3745 2.2462 2.5443 2.4136 2.4150 2.3749 2.0520 2.1320 1.9736 2.2624 2.2408 2.1868 2.2160 1.8348 1.8974 1.8651 2.0693 2.6015 2.3388 2.0254 2.2720 2.6704 1.4315 0.4510 
3.6426 3.7031 4.4364 3.6311 3.2141 1.9645 2.3822 2.5577 1.7914 2.1421 1.8889 1.5824 0.4526 1.4478 2.1645 1.9533 0.6704 1.9008 2.0020 1.2801 0.1314 1.2815 1.4755 1.6494 1.2437 1.8746 1.6261 1.0792 2.1912 2.3666 2.8981 1.7965 0.7115 
1.8076 3.2014 4.1436 3.6127 3.0705 2.8437 2.9799 2.7877 2.5597 2.1646 2.5152 2.3303 2.3755 2.0925 2.1866 2.0185 2.2251 1.9463 2.0312 1.8853 2.1516 1.9927 2.1209 1.6648 1.9597 2.1457 2.2117 1.9464 1.9791 2.3525 2.6610 1.3303 -0.4410 
2.0279 3.1035 4.0883 3.4235 2.7164 3.0698 3.1750 3.0673 2.8541 2.7144 2.2813 2.4374 2.3753 2.3822 2.3551 2.3212 2.2917 2.2637 2.2384 2.2173 2.1504 2.1349 1.8709 2.2330 2.2934 2.3653 2.3860 2.1700 1.6894 2.1860 2.6153 1.2729 -2.4631 
3.6941 3.5404 4.3300 3.6116 3.5001 2.7109 3.0179 1.9368 1.8441 2.3313 1.9194 1.8533 2.0927 2.0519 1.8410 0.3210 1.4400 0.2025 1.7392 1.8535 1.8217 1.5133 1.5127 1.8452 1.2909 1.3037 2.2365 1.8101 2.4142 2.3458 2.8155 1.5828 0.7799 
3.4127 3.1885 3.9929 3.3195 3.2769 2.3364 2.8143 2.2494 2.2131 1.7059 1.7559 1.7680 1.9004 1.9184 1.8253 1.3364 0.8904 1.2867 1.7250 1.7503 1.6576 1.4186 1.3383 1.2110 1.6307 1.5674 2.0437 1.4330 2.2478 2.0944 2.4611 1.3043 0.6883 
3.5027 3.0850 3.7528 3.2979 3.2432 1.9173 1.9054 2.2275 1.9370 1.8557 1.8721 1.6403 1.8708 1.8005 1.6752 1.3030 1.9286 1.2539 1.5152 1.6031 1.6178 1.3113 1.4636 1.3708 1.3797 1.5411 1.1444 1.0151 2.2124 2.0778 2.2654 1.2097 0.6433 
3.9038 3.8595 4.4495 3.6473 3.0616 3.0147 2.5315 2.2335 2.3649 1.9175 1.7402 1.8716 1.9453 1.5868 2.1624 1.6160 1.5336 1.5373 1.9981 1.3899 1.7248 1.5319 1.3165 1.4421 1.8049 1.5566 1.7679 2.1171 1.9716 2.3749 2.9192 1.9199 0.9786 
2.6338 3.5448 4.4745 3.8862 3.6441 3.0238 2.1045 2.7213 2.8482 2.5612 2.4358 2.6119 2.4029 2.3709 2.3643 2.1968 2.0743 2.1312 2.2463 2.2044 2.1811 2.2567 2.0387 2.0647 2.2888 2.0544 1.3298 2.1233 2.6244 2.6447 2.9627 1.6568 0.4170 
2.8985 3.5837 4.4654 3.9115 3.3610 3.0363 3.0204 2.8069 2.7977 2.7015 2.7018 2.5439 2.5414 2.4936 2.5547 2.5292 2.2915 2.4510 2.4003 2.2977 2.2713 2.2148 2.2889 2.2215 2.2369 2.1749 2.2367 2.1445 2.3138 2.6631 2.9491 1.7319 0.3646 
4.0126 4.0720 4.6756 3.8933 3.2078 2.9381 2.9218 2.7312 2.2875 2.2542 2.2107 2.0432 2.1024 1.4033 1.1192 1.5330 -0.1622 1.4724 0.9662 1.2399 1.8285 1.7385 1.8005 1.7820 1.7466 2.0758 2.1841 2.0479 2.1878 2.6469 3.1827 2.1793 1.0945 
3.6510 4.0481 4.7853 4.1041 3.5771 3.2326 3.1211 3.0479 2.6430 2.6671 2.6493 2.4828 2.5475 2.3700 2.2198 2.2458 1.8983 2.1971 2.0906 2.2044 2.2762 2.1801 2.2322 2.1901 2.0515 2.3541 2.3302 2.3342 2.5206 2.8358 3.2682 2.1448 0.4325 
3.7385 3.7165 4.7219 4.1908 3.7832 3.5023 3.4015 3.2270 3.1509 3.0016 3.0226 2.8973 2.9471 2.8754 2.8565 2.8273 2.8990 2.7747 2.7397 2.6980 2.6916 2.5950 2.6274 2.5052 2.5951 2.5804 2.6461 2.6005 2.7409 2.9525 3.2208 1.8156 0.5352 
2.8187 3.6022 4.6085 4.1117 3.6791 3.2124 3.2029 2.9891 2.8802 2.8673 2.7927 2.7361 2.8134 2.7217 2.6934 2.3512 2.4942 2.2899 2.5750 2.5339 2.5723 2.3896 2.3757 2.3781 2.3135 2.3102 2.4179 2.3159 2.6518 2.8519 3.1236 1.7552 0.4807 
3.5952 3.7187 4.5469 3.9104 3.3033 3.5686 3.2519 3.0849 2.9187 2.8277 2.7739 2.6583 2.7050 2.7012 2.5386 2.5829 2.4042 2.5005 2.3871 2.5028 2.4294 2.3065 2.3657 2.3524 2.3470 2.3769 2.4801 2.6698 2.2751 2.6606 3.0758 1.8343 0.8575 
3.5720 3.7231 4.4881 3.9244 3.6586 3.0950 2.8039 2.6037 2.4389 2.2872 2.1510 2.2045 2.1847 1.9112 2.2219 2.0710 2.1120 1.9944 2.0915 1.7451 1.8932 1.8543 1.7415 1.8065 1.8730 1.9067 2.0339 2.1926 2.6387 2.6726 2.9843 1.8280 0.7407 
3.6448 3.8777 4.5005 3.7554 3.1757 2.9742 2.6194 2.3417 2.2531 2.2169 1.0179 1.7961 1.8174 2.0437 2.0113 2.1749 2.2336 2.0964 1.8872 1.8522 1.5591 1.4650 0.6129 1.7383 1.7119 1.7167 1.8227 2.0856 2.1609 2.5235 3.0016 1.9396 0.7228 
3.6334 3.8121 4.4487 3.6385 2.5159 2.7824 2.5623 2.1591 1.9888 1.2977 1.6037 2.1881 0.1123 0.8553 1.7115 1.8984 0.4497 1.8391 1.5424 0.6300 -0.2270 1.8344 1.2161 0.8370 1.4333 1.4678 1.7872 1.8880 1.4696 2.3742 2.9168 1.8887 0.6233 
3.5762 3.6585 4.2807 3.6098 3.1525 2.7442 2.1394 1.8193 2.1281 1.7387 1.3928 1.5839 1.4647 1.5869 1.3159 0.5214 1.4605 0.4589 1.1884 1.3852 1.2222 1.2819 0.9639 1.2505 1.5429 1.1847 1.3631 1.8513 2.1189 2.3484 2.7748 1.7480 0.5527 
3.2477 3.5942 4.1956 3.4840 2.2938 2.8524 2.6441 2.1715 2.0456 2.0253 2.2202 2.0081 1.5626 2.1139 2.0160 1.8280 1.6796 1.7749 1.8865 1.8989 1.3167 1.7088 1.8053 1.5332 1.4661 1.4681 1.8472 1.9544 1.2784 2.2223 2.7083 1.6738 0.0904 
3.4703 3.6449 4.2320 3.5643 2.8547 2.9689 2.5483 2.0208 2.1376 2.2156 2.0799 1.5346 2.0270 1.2749 1.5836 1.7968 1.1480 1.7470 1.4480 1.0495 1.7816 1.2456 1.6927 1.7408 1.5372 1.3610 1.7751 2.0708 1.8213 2.2929 2.7367 1.7378 0.4076 
3.6333 3.6710 4.3942 3.7986 3.6164 3.0030 2.3642 1.4719 1.3624 1.7870 1.1233 2.0465 1.8567 1.6745 1.9777 1.7150 1.9006 1.6317 1.8579 1.4626 1.6037 1.7362 0.7052 1.3085 0.8102 0.8647 1.6088 2.1023 2.5863 2.5708 2.8566 1.7555 0.6132 
3.6917 3.9026 4.5005 3.7664 2.9787 3.3207 2.9757 2.8342 2.6978 2.6713 2.2783 2.0648 2.3369 2.2151 2.3534 2.2258 2.3296 2.1783 2.2368 1.9987 2.0874 1.7475 1.8678 2.1940 2.1417 2.2008 2.2115 2.4214 1.9153 2.5288 3.0008 1.9413 0.5904 
3.6273 3.8559 4.5212 3.9711 3.4417 2.3499 2.4580 2.4001 2.0920 2.3028 2.0353 2.3391 1.7272 2.1819 2.4079 1.5432 1.9243 1.4748 2.2912 1.9469 1.4321 2.0039 1.6372 1.8203 1.4969 1.7613 1.7134 1.4560 2.3732 2.6987 3.0340 1.9165 0.5212 
3.6487 3.6774 4.3825 3.6803 3.2931 2.8893 2.5751 2.2693 2.2357 1.9605 1.7079 1.3056 1.7660 1.6945 0.9466 0.8992 0.6407 0.8771 0.8451 1.4619 1.4911 0.9660 1.3050 1.4833 1.6901 1.6157 1.8018 1.9966 2.2656 2.4203 2.8447 1.7588 0.6070 
3.0473 3.2709 3.9674 3.2197 2.7376 2.6622 2.5401 1.7045 0.9951 1.4866 1.1880 1.2767 0.6205 1.2364 -1.2981 1.0225 0.7247 0.9746 -1.9566 1.0148 0.4014 0.9148 0.8048 1.0177 0.4676 0.9883 1.7712 1.7708 1.7178 1.9733 2.4222 1.3571 -0.0167 
2.1868 2.8049 3.5408 3.1586 2.7012 3.0382 2.4715 1.5860 2.2755 2.2587 1.8923 2.2387 0.9170 2.0773 2.0286 1.6480 1.5037 1.5683 1.8980 1.8736 0.6497 1.8944 1.4749 1.7786 1.7299 0.9299 1.7254 2.1389 1.6749 1.9039 2.0100 0.8995 -0.3666 
1.1361 3.2900 3.8325 3.4587 2.9300 2.6376 2.4130 2.4263 1.5623 1.8684 1.8737 2.0184 1.0684 1.0963 1.3671 1.4573 1.2161 1.3996 1.2706 0.9053 0.8343 1.7198 1.4646 1.3820 0.9806 1.7769 1.6705 1.7354 1.8819 2.2133 2.3287 1.3814 -0.4328 
3.7587 3.9885 4.5133 3.9488 3.2944 3.0766 2.8486 1.8137 1.8408 2.1303 1.3261 2.1643 2.2046 0.8777 0.9691 1.2839 0.7151 1.1970 0.8385 0.6719 1.9142 1.8103 0.9400 1.6420 1.3000 1.1379 2.1005 2.1804 2.2659 2.6859 3.0218 2.0383 0.8346 
4.0973 4.2239 4.8915 4.1462 3.3639 3.1863 2.8168 2.6468 2.6728 2.3735 2.2426 1.7847 1.6884 2.1255 1.9326 0.8310 0.5330 0.7996 1.8278 1.9122 1.4129 1.4552 1.8376 1.9032 2.1062 1.9519 2.0580 2.2919 2.3214 2.8874 3.3555 2.3071 1.1168 
3.9768 4.1076 4.8693 4.1343 3.4987 3.1687 3.0802 2.8888 2.7813 2.6076 2.7598 2.5376 2.6427 2.3239 2.4005 2.3136 2.4016 2.2563 2.2847 2.1611 2.3555 2.2125 2.3515 2.1098 2.2248 2.2389 2.2786 2.2704 2.4167 2.8720 3.3263 2.2019 0.8581 
3.5141 3.5689 4.4722 3.7589 3.1988 2.9913 2.7973 2.5968 2.4593 2.4364 2.2878 2.3278 2.3779 2.2735 2.1188 2.1586 2.3258 2.0752 1.9629 2.0876 2.1567 1.9909 1.8792 1.9467 1.8883 1.9018 2.0233 2.0927 2.1787 2.5214 2.9563 1.6402 0.2218 
3.1656 3.2917 3.9222 3.2733 2.9090 2.6156 2.0470 2.6780 2.2920 2.3487 2.2370 1.3741 1.8714 1.7980 1.3838 1.5168 1.6479 1.4602 1.2853 1.6010 1.6200 1.0310 1.8227 1.8652 1.7422 1.9924 1.2949 1.7197 1.8633 2.0267 2.3865 1.3629 0.0204 
3.1113 3.1745 3.8123 3.0714 2.6663 2.3326 2.4230 2.6010 1.5803 2.2291 2.3782 2.3144 1.8516 2.0190 1.8878 1.9800 2.1814 1.9184 1.7743 1.8293 1.5913 1.9735 1.9752 1.7515 1.0013 1.9034 1.6782 1.4300 1.6003 1.7889 2.3115 1.2957 0.4324 
3.2027 2.1318 3.5507 3.1515 2.5590 2.8180 2.7007 2.2565 2.1003 1.9963 1.8871 1.4861 1.4464 1.4614 1.8833 1.9596 1.5881 1.9035 1.7716 1.2951 1.2016 1.1759 1.4716 1.5066 1.5035 1.5779 1.9147 1.9165 1.4797 1.8910 2.0306 0.4032 0.3237 
3.1007 2.6756 3.3677 2.4930 2.4045 2.3004 2.2394 1.9791 1.7428 1.4879 1.7962 1.6938 0.5635 1.4047 1.5495 1.2611 1.1358 1.1757 1.4214 1.2353 0.3162 1.3446 1.3833 1.0140 1.1490 1.3314 1.4525 1.3998 1.3695 1.2551 1.8645 0.7330 0.1931 
3.0603 3.2138 3.6565 3.0126 2.7813 2.4508 2.1132 1.7837 2.0152 1.4701 1.0066 2.1022 1.7395 0.9551 1.3963 1.5643 1.5674 1.4940 1.2947 0.7723 1.4501 1.7709 0.5809 0.9952 1.4437 1.0993 1.3314 1.5459 1.7517 1.7588 2.1822 1.3034 0.1164 
3.3059 3.1479 3.7082 3.0924 2.6757 2.1472 2.1838 2.4416 2.1807 2.1705 2.0303 1.6557 1.9473 1.8690 1.3455 1.3832 1.4955 1.3294 1.2298 1.7023 1.7282 1.3183 1.6343 1.6721 1.5782 1.7886 1.3852 1.2434 1.6222 1.8213 2.2211 1.2520 0.5789 
2.2917 3.0059 3.7802 3.2447 2.7886 2.1870 2.2504 0.9713 1.5662 2.0296 1.9258 1.9209 1.6574 0.9650 1.5989 1.8040 1.5017 1.7533 1.4646 0.7955 1.3810 1.6012 1.5237 1.5355 0.9940 0.3190 1.4642 1.2854 1.7571 1.9882 2.2894 1.1203 -0.6956 
3.2521 3.2017 3.6846 3.1352 2.8228 1.7988 1.7859 1.4925 1.8690 1.6364 1.4356 1.0071 1.1459 1.5228 1.2682 0.8598 -1.7860 0.8164 1.1055 1.3418 0.8888 0.6907 1.0220 1.1492 1.3165 0.8536 1.0024 0.9097 1.7924 1.8724 2.2019 1.2868 0.3461 
2.5495 3.1150 3.9940 3.2676 3.0512 2.6616 2.5272 2.4124 2.1022 2.2546 2.2537 1.7730 1.6845 2.0416 1.9556 1.9705 1.9023 1.9132 1.8374 1.8454 1.4009 1.4261 1.8408 1.7751 1.5055 1.7702 1.7613 1.7586 1.9610 2.0047 2.4617 1.2371 -1.0974 
2.2019 3.2653 3.6642 3.1715 2.8760 0.7043 1.9682 1.2141 1.8608 1.9534 1.4624 1.5446 2.0164 0.7850 1.4013 1.2610 0.4225 1.1733 1.2954 0.5658 1.7704 1.2406 1.0474 1.4685 1.3064 0.5165 1.2125 -0.2609 1.8307 1.9144 2.1886 1.3687 -0.7522 
3.0758 2.7741 3.6713 1.9856 1.8881 2.1197 1.7837 2.0033 1.8234 1.4632 1.9264 1.4354 1.0725 0.8482 1.0454 0.6665 0.7522 0.5816 0.9369 0.6172 0.8465 1.0878 1.5191 0.9869 1.2661 1.3495 0.9894 1.2206 0.8816 0.6224 2.1941 0.9268 0.3787 
2.5020 2.8397 3.7805 2.8928 2.2929 2.4812 2.2392 1.8728 1.6531 1.6271 1.7698 1.5269 1.7679 1.3107 1.9684 1.5366 0.6417 1.4704 1.8481 1.0888 1.4770 1.2239 1.3565 1.1288 1.0560 1.2259 1.4497 1.5774 1.2587 1.6444 2.2872 0.9499 -0.0391 
2.6430 2.4906 3.3265 2.3880 2.5705 2.1811 1.6459 1.9994 1.7216 1.0518 2.0241 1.6790 1.6396 1.1683 1.7051 1.4965 1.0277 1.4395 1.5410 0.9605 1.3656 1.3329 1.6277 0.5550 1.1111 1.3455 0.8750 1.2731 1.4954 1.1575 1.8356 0.6181 -0.0031 
3.3716 3.1500 2.9358 2.6235 1.9574 1.7914 1.7002 1.5778 1.7541 0.8639 0.6188 1.4567 1.2960 1.0288 1.5405 1.4999 1.3201 1.4454 1.4196 0.8687 1.0037 1.1314 0.2222 0.3889 1.1715 0.9155 0.9049 0.8870 0.9305 1.3564 1.4266 1.1978 0.4994 
3.6185 3.6198 4.0343 3.3055 3.1373 2.7734 2.1301 2.6050 2.3590 2.3057 1.8318 2.3817 2.3390 2.4705 2.0009 2.1863 2.1437 2.1131 1.8737 2.2808 2.0899 2.0696 1.4294 1.8209 1.7948 1.9069 1.3525 1.8653 2.0854 2.0803 2.5293 1.7348 0.8204 
2.7279 3.5631 3.8662 3.1181 2.3163 2.4464 1.9207 2.1451 2.2733 2.2842 2.0528 2.2398 1.8269 1.8279 1.9170 1.1899 1.5162 1.1132 1.7987 1.6424 1.5557 1.8951 1.6537 1.8024 1.7271 1.4530 1.1482 1.5466 1.2973 1.8436 2.3557 1.6471 -0.2977 
3.2607 2.8687 3.5170 3.2173 2.2314 1.7365 2.1044 2.0175 2.3103 1.9332 1.7200 1.4866 1.0504 1.3756 0.9258 1.1458 1.0610 1.0744 0.8217 1.1942 0.8230 1.1796 1.3029 1.4569 1.7560 1.3548 1.3201 0.8225 1.1529 1.9581 1.9800 0.9804 0.4820 
3.4859 2.4789 3.1425 2.4096 1.6208 1.9047 2.0404 1.9874 1.6981 1.8317 1.3261 1.4898 1.2222 1.0452 0.5892 1.6783 1.8604 1.5994 0.4679 0.8754 0.9380 1.1794 0.9045 1.3488 1.0874 1.3367 1.2870 1.0100 0.5700 1.1690 1.6469 0.4997 0.6803 
3.5769 3.0809 3.3884 2.8149 1.5635 2.3511 1.8731 2.0715 1.9940 1.3701 1.2431 1.9430 1.4090 1.5737 0.9006 1.3887 1.3978 1.3358 0.7861 1.3830 1.1500 1.6318 0.8381 0.8864 1.4235 1.3962 1.0923 1.4525 0.5364 1.5602 1.8853 1.0984 0.7545 
1.8500 3.1452 3.4897 2.9916 2.8924 2.7216 2.5629 1.9665 1.9800 2.1113 1.9966 1.7252 1.9250 1.9043 1.4059 1.9489 1.8123 1.8948 1.3003 1.7380 1.7005 1.3671 1.5971 1.6139 1.4172 1.3148 1.7813 1.8185 1.8482 1.7670 1.9536 1.2507 -1.1290 
3.6537 3.1103 3.0642 2.7990 2.0616 1.5500 1.5451 0.6889 1.4783 1.7826 1.3604 1.4710 1.3682 0.0799 1.5557 1.3739 1.0054 1.3230 1.4301 -0.1405 1.0903 1.1582 0.9384 1.2963 0.9252 -0.0224 0.8255 0.6573 0.9857 1.5384 1.5337 1.1236 0.8534 
3.4941 3.3521 3.2538 2.6811 2.0958 1.5806 1.7883 1.7890 2.1831 1.7055 1.4470 1.4929 1.7661 1.0593 1.3964 0.9522 0.0497 0.8932 1.2922 0.8817 1.4753 1.1847 1.0265 1.2013 1.5811 1.1154 0.9966 0.6967 1.0188 1.4252 1.7672 1.4090 0.5660 
4.0647 3.5272 3.1556 2.8081 2.5167 2.4886 2.3653 2.1741 1.8378 1.5526 2.2559 1.9251 1.3096 1.7523 1.8559 1.5740 1.6068 1.4998 1.7492 1.5304 1.0212 1.6105 1.8437 1.0599 1.2871 1.4665 1.5938 1.5861 1.4605 1.5692 1.6465 1.5104 1.2225 
3.7980 3.3804 3.1148 2.4981 2.5665 2.5449 2.3055 2.2613 2.3116 2.2014 1.9986 1.3064 1.5455 0.9270 1.3886 1.7676 0.9496 1.7219 1.2849 0.7443 1.3074 0.9553 1.5999 1.7240 1.7575 1.5922 1.5236 1.6501 1.4864 1.2888 1.5898 1.4191 0.9200 
3.6606 3.1580 3.3787 2.2571 1.9287 2.2997 1.7626 1.8365 1.3650 0.9434 1.9738 1.8201 1.2848 1.6685 1.6752 1.7373 1.7406 1.6668 1.5198 1.4555 0.9920 1.4724 1.5775 0.4539 0.8211 1.1685 0.9676 1.3980 0.9217 0.9921 1.8756 1.2268 0.8451 
2.7854 2.5712 2.9662 1.0381 2.3250 1.6230 1.8270 1.9358 1.3785 0.6011 1.6198 1.5766 1.6444 0.9738 1.0116 1.1650 0.9976 1.0865 0.8932 0.8152 1.3707 1.2750 1.2266 0.1245 0.8276 1.3003 1.0404 0.7137 1.2966 -0.2534 1.4569 0.6050 -0.0634 
3.5592 3.3644 3.6054 3.0970 2.9432 2.3652 2.2586 1.9137 2.1824 1.6180 0.7666 1.3648 1.1076 0.9492 1.8289 1.7395 1.6058 1.6704 1.7278 0.7870 0.8654 1.0184 0.3705 1.1179 1.5788 1.2765 1.4670 1.4590 1.8853 1.8360 2.1084 1.4406 0.6836 
3.1516 2.7213 3.1589 2.5226 2.6634 2.6774 2.2153 2.2530 2.0727 1.8233 1.9779 2.1841 1.9185 1.8583 1.4347 1.6678 0.7615 1.5854 1.3224 1.6853 1.6867 1.8257 1.5814 1.3407 1.4769 1.5809 1.4178 1.7755 1.6037 1.2996 1.6630 0.8443 0.3372 
3.1560 2.2477 3.2720 2.8221 2.6977 1.9914 2.3081 2.3969 2.3029 2.0573 2.0592 1.7441 1.4213 0.7392 1.6294 1.1143 0.9131 1.0414 1.4770 0.5315 1.1665 1.3846 1.6636 1.5572 1.7494 1.7578 1.5288 1.0723 1.6550 1.5849 1.7892 0.4251 0.3960 
3.4390 2.2652 3.2217 2.7789 2.6579 2.5055 2.0258 1.8892 2.2060 1.8714 1.7652 1.3486 1.6814 1.1251 1.8296 1.8823 1.9826 1.8237 1.7288 0.9379 1.3974 1.0008 1.3496 1.3874 1.6201 1.2538 1.2775 1.6030 1.5897 1.5305 1.7430 0.3913 0.6101 
3.2653 2.9884 2.7216 1.9526 1.9431 2.1985 1.7311 0.7002 1.7486 1.5035 1.3773 1.4798 1.5833 0.9361 1.3921 0.9526 1.3212 0.8946 1.2881 0.7545 1.3312 1.1652 0.9714 1.0175 1.1590 0.0475 0.9296 1.2966 0.9135 0.7407 1.2250 1.0172 0.4371 
