1.4836 2.5204 2.7459 2.2651 2.0297 1.8118 1.8849 1.7163 1.5442 1.8531 1.7383 1.6205 1.5024 1.6843 1.6461 1.4042 1.3533 1.3651 1.5681 1.5701 1.3421 1.3858 1.4723 1.5276 1.1535 1.2945 1.3614 1.2125 1.3503 1.4376 1.7378 1.2664 -0.4726 
2.5647 2.5391 2.7975 2.1983 1.8992 1.8822 1.0219 1.5339 1.4314 1.5156 1.6196 1.5229 0.4884 0.4013 1.3237 1.0086 1.0940 0.9557 1.2305 0.2437 0.3158 1.3166 1.3449 1.1881 1.0591 1.0848 0.4876 1.2831 1.1714 1.3566 1.7903 1.2827 0.6929 
1.8410 2.2453 2.6439 2.2118 1.8747 1.6465 1.7289 1.6917 1.6059 1.5935 1.5306 1.6905 1.5198 1.6087 1.5937 1.3914 1.4048 1.3547 1.4852 1.4575 1.3504 1.4652 1.2734 1.2657 1.2103 1.2630 1.2251 1.0536 1.1538 1.3820 1.6663 1.0066 -0.2418 
2.6342 2.4301 2.3581 2.1266 1.5985 1.4491 1.7230 1.4221 1.6978 1.7278 1.5998 1.5797 1.7000 1.3930 0.7341 1.2073 1.3977 1.1572 0.6410 1.2812 1.5334 1.3506 1.3223 1.4083 1.3311 0.9976 1.2099 0.8481 0.8579 1.3133 1.3810 1.1339 0.7906 
3.6954 3.6299 3.4462 3.2566 3.1684 3.1129 3.0296 2.9515 2.8971 2.8473 2.8173 2.7713 2.6585 2.6789 2.6419 2.6197 2.5867 2.5817 2.5653 2.5553 2.5059 2.5397 2.5434 2.5306 2.5285 2.5255 2.5205 2.5198 2.4955 2.4565 2.4686 2.3292 1.8040 
3.8051 3.8785 3.2712 3.3968 3.0517 2.8225 2.5278 2.4431 2.4905 2.3931 2.0310 2.0258 2.2095 2.2332 2.1075 1.9452 1.9983 1.9139 2.0214 2.0960 2.0168 1.8212 1.7863 2.0782 2.1021 2.0018 2.0234 2.2411 2.3495 2.5590 2.3198 2.5816 1.8087 
3.3080 4.0751 4.1158 3.8106 3.0481 2.9944 2.6219 2.8678 2.5216 2.7428 2.8053 2.7606 2.7245 2.5002 2.5187 2.5299 2.5112 2.4985 2.4315 2.3493 2.5479 2.5344 2.5309 2.4222 2.1413 2.4393 2.1240 2.4109 2.3230 3.0019 3.1385 2.8168 -0.4929 
2.5074 4.0625 2.6257 3.7082 3.6393 3.4965 3.4246 3.3474 3.2836 3.2409 3.2064 3.1834 3.1505 3.1055 3.0775 3.0533 3.0327 2.9995 2.9702 2.9602 2.9732 2.9606 2.9317 2.9197 2.9052 2.8936 2.9065 2.9050 2.9275 2.8808 1.7477 2.7988 1.5772 
3.7165 3.9973 4.1054 3.7954 3.6195 3.3864 3.2367 3.2048 3.1052 3.1130 2.8853 2.8911 2.9415 2.9509 2.8981 2.8452 2.8265 2.8113 2.8227 2.8341 2.7950 2.6701 2.6161 2.7972 2.7187 2.7872 2.7424 2.7918 2.9197 2.9780 3.1305 2.7319 1.8621 
3.6013 4.1158 4.2684 3.3160 3.7762 3.4177 3.2471 3.2429 3.2659 3.0956 3.0404 2.9681 3.1469 3.0135 2.9108 2.8963 2.8575 2.8571 2.8334 2.8800 2.9682 2.7695 2.7815 2.7763 2.8911 2.8186 2.7548 2.8249 3.0991 2.5329 3.2481 2.8648 1.4501 
3.7316 4.3146 4.1114 4.0972 3.3989 3.1547 3.1660 3.0629 3.3288 3.2131 2.9817 2.9560 2.8487 2.8594 2.8736 2.8575 2.8234 2.8225 2.8038 2.7405 2.6693 2.7561 2.7204 2.8951 2.9362 2.6078 2.6480 2.5651 2.6811 3.2811 3.1304 3.0455 1.1717 
4.1711 4.3028 3.9380 3.5964 3.7304 3.4763 3.2972 3.0048 2.7856 2.8100 2.7969 2.8306 2.8712 2.7620 2.6960 2.6699 2.6192 2.6234 2.6095 2.6172 2.6996 2.6048 2.5227 2.4955 2.3881 2.5614 2.7995 2.8837 3.0502 2.7981 2.9202 3.0186 2.2254 
3.2295 2.9032 3.5477 3.5434 3.1298 2.7578 2.7976 2.6033 2.3644 2.4710 2.5097 2.4941 2.5150 2.3763 2.3998 2.3621 2.3208 2.3215 2.3131 2.2546 2.3249 2.2575 2.2358 2.1442 1.9956 2.1788 2.2694 2.1646 2.4280 2.7453 2.5760 1.5410 1.1409 
3.3262 3.1180 3.3362 2.8023 2.2651 2.5664 2.5638 2.4905 2.4552 2.4080 2.4114 2.2937 2.2128 2.2625 2.2711 2.2195 2.1079 2.1840 2.2031 2.1429 2.0249 2.0713 2.1521 2.0881 2.0597 2.0268 2.0502 1.9865 1.6275 1.9887 2.3336 1.7951 1.6137 
2.6905 3.0199 2.8989 2.8986 2.8388 2.5129 2.5608 2.3258 2.2989 2.2182 2.1942 2.1222 2.0693 2.0911 2.1212 2.0758 2.0231 2.0293 2.0271 1.9668 1.9146 1.9133 1.9184 1.9038 1.9308 1.9085 2.0414 1.9175 2.1554 2.0797 1.9329 1.7309 0.8687 
3.3357 3.4535 2.9350 2.2661 1.9593 1.5578 1.9015 1.1793 1.6491 1.3148 1.3134 1.4709 1.1870 1.3093 1.4652 1.3599 1.2609 1.3217 1.3858 1.1602 1.0377 1.2750 1.0460 1.0077 1.2916 0.7685 1.3784 0.9793 1.2795 1.4472 1.9507 2.1938 1.4521 
2.7727 2.1754 2.7890 2.4910 2.3624 1.9831 1.9918 2.0569 1.7375 1.7123 1.7727 1.7688 1.6935 1.7155 1.7541 1.7001 1.4184 1.6614 1.6769 1.6066 1.5249 1.5666 1.5098 1.3915 1.3670 1.6312 1.4757 1.3851 1.6741 1.6569 1.7820 0.9289 0.8875 
2.6962 2.6866 2.5737 2.4518 2.0223 1.2097 0.5380 1.3395 0.8391 1.3107 1.4549 1.0568 1.3177 1.2644 0.8604 0.7452 1.1735 0.7125 0.7860 1.1232 1.1275 0.8327 1.1917 0.9890 0.4684 0.8851 -0.0111 0.6278 1.3382 1.6329 1.5970 1.4094 0.8181 
2.6474 2.8298 1.8604 1.9889 1.5457 1.4720 1.2539 1.0077 1.3901 1.4369 1.5604 1.1173 0.8989 1.2321 1.0444 1.3445 0.7485 1.3122 0.9675 1.0972 0.7407 0.8979 1.2998 1.1248 1.0287 0.5530 0.7428 0.8762 0.8450 1.1635 0.8597 1.5570 0.8646 
2.6482 1.9193 1.5305 2.0441 0.9893 1.4241 1.1783 1.3210 1.1605 1.0598 1.0226 1.4067 1.3873 1.4819 1.3249 1.3479 0.2587 1.3144 1.2318 1.3613 1.2167 1.1861 0.7514 0.7444 0.7924 0.8608 0.6985 0.8301 0.3287 1.2473 0.5414 0.5440 0.7904 
1.4853 2.2243 1.7683 2.2439 1.8929 1.7002 1.4232 1.6072 1.5124 1.5597 1.6174 1.3954 1.5731 0.4781 1.0716 1.3224 0.7121 1.2836 1.0061 0.3284 1.3856 1.1691 1.3431 1.2334 1.1318 1.1413 0.9195 1.1073 1.1683 1.4261 0.7633 0.9604 -0.5392 
2.9914 2.3290 3.0606 3.0457 2.9136 2.8276 2.9591 3.0589 3.3921 3.8010 3.4825 3.4661 3.3954 3.1089 3.1541 2.9285 3.0551 2.8952 3.0872 2.9695 3.2068 3.2387 3.2126 3.4798 3.0034 2.6150 2.4644 2.2451 2.2391 2.2318 2.0448 0.9021 1.0961 
2.1734 2.4446 2.6636 2.6219 2.5934 2.5087 2.5494 2.3554 2.3730 2.9169 3.1205 2.9045 2.6325 1.6512 2.5691 2.1405 1.8975 2.0838 2.5004 1.5507 2.4873 2.6848 2.8470 2.6025 2.0033 1.9271 2.0281 1.9183 1.9165 1.8253 1.6806 1.1577 0.1456 
2.5924 2.8083 2.0345 1.7885 1.7299 1.9070 2.2746 2.3404 2.6789 2.6812 2.6628 2.8216 1.9204 1.9595 2.1387 2.2398 0.8074 2.2063 2.0436 1.8436 1.7183 2.5937 2.3988 2.3538 2.3046 1.9174 1.7593 1.3064 1.0413 0.9515 1.0427 1.5086 0.6096 
3.9582 4.2873 3.9043 3.3837 3.2566 3.2183 3.4027 3.5331 3.1067 3.0237 2.5961 2.8686 2.9362 2.3891 2.8586 2.7199 2.6260 2.6679 2.7915 2.2642 2.7905 2.6419 2.3246 2.6969 2.7198 3.1107 2.8811 2.6239 2.5686 2.5512 2.8961 2.9988 1.9539 
3.7380 4.1643 3.9948 3.5926 3.3742 3.1889 2.3517 3.8135 3.3099 3.3825 3.3020 2.1176 3.3397 2.6197 2.9300 2.9310 2.8997 2.8960 2.8549 2.5063 3.1573 1.9068 3.0426 3.0547 2.9168 3.3970 1.9044 2.5985 2.6584 2.7953 2.9898 2.8934 1.9335 
2.7193 4.0891 4.0358 3.6657 3.4098 3.2605 3.4042 3.8498 2.6902 3.1290 3.4650 3.1478 3.1090 2.8635 2.5981 2.3794 1.4590 2.3251 2.5218 2.7468 2.9172 2.9193 3.1950 2.8163 2.3028 3.4211 2.8893 2.6689 2.7125 2.8392 3.0566 2.8291 1.0448 
2.9895 4.1960 4.1552 3.7459 3.5172 3.4430 3.3959 3.9473 3.4191 3.4077 3.0901 2.4992 2.3538 2.7649 2.6696 2.5124 2.5241 2.4765 2.5865 2.6189 2.2059 2.2774 2.8170 3.0913 3.0378 3.4918 2.8801 2.8506 2.8394 2.9213 3.1680 2.9185 1.0185 
3.1595 4.1969 4.2455 3.7851 3.5532 3.4588 3.1473 3.8434 3.6531 3.7591 3.3024 3.1689 3.1143 3.0069 2.9627 2.9915 2.9478 2.9425 2.8809 2.8750 2.9237 2.9414 3.0339 3.4417 3.2527 3.4186 2.6317 2.8687 2.8688 2.9697 3.2340 2.9200 1.0247 
3.7774 4.2588 4.2157 3.7506 3.6174 3.5367 3.6278 3.8060 3.3908 3.5576 2.9553 2.3050 2.8126 2.5221 2.6124 2.3365 2.5098 2.3018 2.5359 2.3724 2.6225 2.0697 2.6866 3.2340 2.9907 3.3875 3.1193 2.9447 2.9157 2.9252 3.2145 2.9623 1.7716 
4.0513 4.3819 4.2116 3.6632 3.4966 3.2121 3.3969 3.5512 3.7222 2.7983 3.2006 3.0202 3.1055 3.0561 2.9211 2.9783 2.8973 2.9299 2.8487 2.9117 2.9165 2.8065 2.9266 2.4618 3.3526 3.1245 2.8720 2.6205 2.8186 2.8333 3.2094 3.1173 1.9967 
3.7269 4.2214 4.2252 4.0358 3.7408 3.6863 3.4577 3.4421 3.8080 3.8234 3.5733 3.4333 3.3285 3.3494 3.2545 3.2294 3.2196 3.1937 3.1737 3.2067 3.1492 3.2067 3.3118 3.5076 3.4414 3.0055 2.9349 3.0940 3.0643 3.2130 3.2192 2.9349 1.9073 
4.2681 4.3885 4.1537 4.0026 3.6738 3.2172 2.8978 3.6652 3.8141 3.7283 3.3930 3.4199 3.4566 3.4362 3.2772 3.3079 3.2110 3.2566 3.1926 3.3084 3.2827 3.1926 3.1167 3.4129 3.4473 3.2098 2.4014 2.6220 2.9569 3.1781 3.1626 3.1222 2.2943 
3.9468 4.1157 4.2824 3.6857 3.7174 3.6571 3.6760 3.8586 3.7593 3.5940 3.4417 2.7199 2.9495 2.7903 2.8035 2.9484 2.8316 2.9115 2.7121 2.6310 2.7971 2.5179 3.1682 3.2698 3.3961 3.4270 3.1471 3.0661 3.0300 2.8575 3.2828 2.8387 1.8961 
4.0842 4.2855 4.3777 3.8847 3.6064 3.5582 3.5545 3.7578 2.9110 2.8007 3.1628 2.9545 2.8829 2.9652 3.1124 2.7712 2.7477 2.7131 3.0228 2.8468 2.7232 2.7469 2.8991 2.4895 2.5323 3.3223 3.0640 2.9651 2.9120 3.0847 3.4029 3.0098 2.1934 
3.8094 4.2465 4.3042 3.9282 3.7309 3.5967 3.5863 3.6811 3.2737 3.2968 2.8077 3.1565 3.2952 3.1442 3.1544 3.0498 3.0191 2.9963 3.0874 3.0195 3.1274 2.9292 2.5293 2.9723 2.8960 3.2146 3.0911 3.0036 3.0458 3.1134 3.3165 2.9432 1.5763 
3.7337 4.2765 4.2731 3.8147 3.6752 3.5062 3.3931 3.6143 3.2073 3.5434 2.4584 2.8747 3.2819 2.6168 3.2370 3.1317 3.1123 3.0989 3.1603 2.5147 3.1186 2.6471 2.1919 3.2199 2.8422 3.1668 2.8685 2.9132 2.9593 3.0126 3.2574 2.9919 1.6561 
3.8865 4.1779 4.0482 3.5562 3.3917 3.3120 3.3672 3.6743 3.6673 3.2167 2.5211 2.8977 2.8837 3.2164 3.2539 2.8791 2.8166 2.8417 3.1735 3.1092 2.7159 2.6797 2.2437 2.8999 3.2689 3.2109 2.8454 2.7198 2.6818 2.7609 3.0807 2.8964 1.8874 
3.6912 4.1035 4.0740 3.6696 3.4705 3.1393 3.1015 3.7171 3.9226 3.8448 3.4915 3.3475 3.3886 2.9782 3.0519 3.1440 3.1251 3.1099 2.9522 2.8499 3.1954 3.1242 3.2157 3.5210 3.5308 3.2685 2.5782 2.5489 2.7979 2.8387 3.0985 2.8441 1.6399 
3.9199 4.0751 3.6326 3.4195 2.8614 2.5240 2.9855 3.4173 3.3840 3.2199 2.7915 3.0577 3.0352 2.9567 3.0365 2.8616 2.7946 2.8253 2.9369 2.8375 2.8563 2.8314 2.5150 2.9078 2.9847 2.9660 2.4931 1.9241 2.1934 2.5977 2.6176 2.8068 1.9243 
2.3101 3.4831 3.6429 3.2807 3.1575 3.0449 2.9883 3.1215 3.3118 2.8152 2.6205 2.7555 2.7532 2.9021 2.8009 2.5249 2.4328 2.4939 2.6978 2.7948 2.5702 2.5313 2.3572 2.4952 2.9205 2.6754 2.4978 2.4554 2.4899 2.4928 2.6399 2.2175 1.0642 
3.2048 3.3694 3.3171 2.6854 2.2973 2.1747 1.8260 2.5577 2.6046 2.1261 2.5160 2.2881 2.1937 2.3849 1.9024 1.9784 1.9379 1.9425 1.8002 2.2599 2.0020 2.0635 2.2425 1.8053 2.2350 2.1222 1.3244 1.5820 1.6235 1.8866 2.3196 2.0740 1.2327 
1.9586 2.8938 3.0267 2.5407 2.4055 2.0695 1.8122 2.0388 2.5183 2.7094 2.0557 2.1532 2.1472 1.9847 1.8235 1.2539 0.9711 1.2053 1.7302 1.8701 1.9649 1.9289 1.7930 2.3826 2.1451 1.6148 1.3059 1.4701 1.7083 1.7278 2.0318 1.6108 0.5329 
2.7675 2.6523 2.0864 2.0788 2.0988 2.0245 2.1212 2.5208 2.3497 1.9917 1.4893 1.5471 1.1322 1.4401 1.8073 1.6511 1.3829 1.6175 1.7208 1.3319 0.9728 1.3306 1.2245 1.6727 1.9778 2.0664 1.6212 1.4312 1.4080 1.2933 1.0938 1.3752 0.9143 
2.2099 2.1051 2.4212 2.5607 2.3259 2.2920 2.1558 2.2661 2.4930 2.2889 1.8900 2.0333 2.0394 1.9925 1.8828 1.5963 1.6948 1.5412 1.7737 1.8839 1.8946 1.8277 1.6172 1.9689 2.0953 1.8350 1.6400 1.6996 1.6486 1.7383 1.4304 0.8361 0.4556 
2.1267 2.2417 2.3482 2.1674 1.9169 1.7705 1.8984 2.1185 2.0769 1.7130 1.6330 1.4768 1.2025 1.4656 0.8318 1.1916 1.4362 1.1470 0.7607 1.3487 1.0390 1.2793 1.3586 1.3919 1.7024 1.6758 1.3670 1.1771 1.2121 1.3476 1.3703 0.9762 0.2157 
2.2407 2.3565 2.0428 2.2866 2.1575 1.6863 2.2935 1.7821 2.2393 1.7864 1.5202 1.3811 1.6725 1.7309 1.4606 1.3918 1.4370 1.3554 1.3805 1.6221 1.4963 1.1532 1.2607 1.4567 1.8714 1.3439 1.7812 1.0958 1.4453 1.4681 1.0512 1.0896 0.2756 
0.8517 2.0387 1.8347 2.0422 1.5415 1.6083 1.3474 1.7980 1.3342 1.4429 1.3611 1.3151 1.3187 1.3633 0.8332 1.2322 1.1940 1.1818 0.7505 1.2370 1.1311 1.0805 1.0900 1.1301 0.9522 1.3620 0.8241 1.0156 0.8342 1.2433 0.8370 0.7821 -0.6437 
1.9875 1.6120 1.6970 1.8370 1.3713 1.2489 1.1581 1.3251 1.4617 1.3862 1.3680 1.0455 1.1003 0.8930 1.2124 1.0210 -0.5827 0.9812 1.1248 0.7708 0.9323 0.8160 1.0968 1.0684 1.0916 0.8660 0.6632 0.6582 0.6912 1.0281 0.7275 0.3086 0.1792 
2.0400 2.0250 2.1132 2.0353 1.5776 1.6178 1.0286 1.2700 1.1489 1.4152 1.3614 1.0209 1.2167 0.9726 1.3423 1.0083 0.5454 0.9526 1.2608 0.8345 1.0490 0.7848 1.0894 1.0963 0.7809 0.8175 0.4985 1.0239 0.8653 1.2295 1.1217 0.7652 0.2584 
2.2839 2.0052 1.7737 1.8012 1.3358 0.7173 0.7931 1.1367 0.7305 1.3689 1.1820 0.9745 1.1384 1.3435 1.3815 1.0656 0.1036 1.0311 1.3129 1.2105 0.9893 0.7507 0.9177 1.0518 0.3662 0.7201 0.2803 0.1211 0.6358 1.0094 0.7881 0.7266 0.4172 
1.7761 1.9160 2.2212 1.7656 1.6754 1.3664 1.5733 1.4085 1.2027 1.0363 1.0463 1.1977 1.1756 1.2549 1.2478 0.7703 1.1828 0.7350 1.1454 1.1190 1.0212 1.0038 0.7745 0.7220 0.8267 0.9821 1.0548 0.7745 1.0044 0.9549 1.2236 0.6515 -0.0446 
1.3469 2.0111 1.9653 1.1894 1.3150 1.0494 1.3495 1.2261 1.2944 1.3803 1.2506 1.2683 1.4190 1.2550 1.2443 0.8388 1.1045 0.8025 1.1434 1.1163 1.2579 1.0458 0.9898 1.0633 0.8952 0.7835 0.8334 0.4589 0.6038 0.3715 0.9842 0.7505 -1.0861 
1.8185 1.5610 1.5279 1.6275 1.3474 1.4913 1.1336 1.4129 1.1459 1.5074 1.3547 1.0618 1.4364 1.0783 1.2997 1.2018 0.8726 1.1531 1.1911 0.9598 1.2900 0.8371 1.0822 1.1845 0.7772 0.9971 0.6187 0.9022 0.6745 0.7994 0.5450 0.2593 0.0111 
1.2061 1.9519 1.2440 1.5319 1.5841 1.1784 1.2872 1.4845 1.1006 1.3023 1.1176 -0.0636 1.2185 0.8410 0.9176 0.9731 1.1031 0.9186 0.8328 0.7297 1.0509 -0.2810 0.8416 0.9748 0.7335 1.0534 0.7653 0.5796 0.8702 0.7282 0.2330 0.6867 -1.0863 
1.3807 1.6874 1.7888 1.4326 0.9675 1.4110 1.2889 1.0261 1.3932 0.9821 1.0267 1.4338 1.4221 1.0585 0.6186 1.1389 1.1727 1.1045 0.5383 0.9265 1.2611 1.2248 0.7543 0.6501 1.0288 0.5701 0.7632 0.8194 0.2558 0.6148 0.7977 0.4337 -0.6941 
1.6158 1.2329 1.8047 1.1368 0.9702 0.9290 1.0459 1.4541 1.4310 1.5732 1.3144 1.4081 0.4436 1.0353 0.7746 1.0125 1.1357 0.9641 0.7106 0.8947 0.2503 1.1856 1.0370 1.2465 1.0606 1.0334 0.5285 0.3402 0.2553 0.3140 0.8151 -0.0239 -0.1837 
1.7442 1.4391 1.6480 1.5524 1.1686 1.0574 1.1848 0.9710 0.9189 0.9393 0.9302 0.8491 1.3678 1.3009 1.2601 1.2732 1.2824 1.2198 1.1582 1.1433 1.1904 0.6480 0.6704 0.6133 0.5393 0.5143 0.6966 0.4646 0.4847 0.7364 0.6721 0.1600 -0.0354 
1.8708 1.6061 1.9105 1.3054 1.6053 1.2944 1.5590 1.4064 1.3613 1.3854 1.1707 0.8633 1.4291 1.2883 1.1011 1.0804 0.9818 1.0442 1.0292 1.1365 1.2726 0.6579 0.9057 1.0674 1.0006 0.9824 1.0452 0.6957 0.8938 0.4567 0.9070 0.2895 -0.0021 
1.9659 2.1600 2.2225 2.0052 1.6568 1.9509 1.9296 1.8493 1.2619 1.6526 1.6895 1.5283 1.1678 0.6632 1.1932 1.3259 1.0348 1.2891 1.1118 0.5220 1.0153 1.3182 1.4203 1.3383 0.8583 1.3986 1.4088 1.3585 0.9824 1.1818 1.2250 0.8744 0.1647 
2.4340 1.9462 2.0495 1.5270 1.3608 1.6570 1.6003 1.3227 1.4067 0.5281 1.5543 1.3657 1.0351 1.1669 1.1886 0.8807 0.6244 0.8383 1.1057 1.0517 0.8432 1.1365 1.2969 0.2123 1.0390 0.8627 1.0697 1.0654 0.6859 0.7164 1.0708 0.6520 0.5816 
2.4654 1.4896 2.0095 1.5869 0.8888 1.3431 1.4809 0.9861 0.7652 1.1796 1.4232 0.9120 1.3714 0.9004 1.2219 1.2238 1.3169 1.1755 1.1313 0.7806 1.1927 0.7158 1.1470 0.8557 0.4070 0.5303 0.9910 0.7487 0.1893 0.7517 1.0279 0.0308 0.5786 
2.3063 1.8854 2.0901 1.7467 1.6900 0.3435 1.3121 1.0608 1.0677 1.0523 1.1988 0.8574 1.0331 1.3505 1.2330 0.9587 1.0541 0.9054 1.1369 1.2193 0.8418 0.6493 0.9382 0.7354 0.7095 0.6137 0.7827 -0.1994 1.0146 0.9348 1.1049 0.5877 0.4597 
1.8683 2.3244 2.3658 2.2583 2.1616 2.1986 2.2064 2.1846 2.1771 2.0539 2.0126 1.9400 1.8856 1.8795 1.8534 1.7182 1.7126 1.6779 1.7509 1.7297 1.6938 1.7125 1.7375 1.7321 1.7791 1.7247 1.6812 1.6059 1.4518 1.4327 1.3835 1.0594 -0.2676 
2.7019 2.1935 2.3333 2.0119 1.7476 1.4298 0.9706 0.9409 0.8768 0.8598 1.0203 0.5910 1.3310 0.7658 1.0673 1.3073 1.3541 1.2539 0.9944 0.6356 1.1384 0.4131 0.7500 0.5448 0.4961 0.5065 0.4632 0.8288 1.0724 1.1970 1.3543 0.8621 0.8135 
2.4309 2.3306 2.2552 2.2471 2.0246 1.9927 1.6961 1.7301 1.6586 1.7934 1.6066 1.6367 1.7126 1.6937 1.4289 1.4292 1.5357 1.3892 1.3492 1.5838 1.5508 1.4098 1.3308 1.4704 1.3021 1.3131 1.1846 1.4012 1.3479 1.4265 1.2838 1.0624 0.5786 
2.6259 2.1754 2.5753 2.1475 1.6931 0.9867 1.3569 1.4546 0.9749 1.3368 1.3610 0.7520 0.3671 1.3421 0.6681 0.5800 1.0297 0.5229 0.5641 1.2091 0.1420 0.5126 1.0901 1.0274 0.5917 1.0383 0.8462 0.4350 1.0255 1.3288 1.6028 0.8630 0.7575 
2.4318 2.1851 2.5572 2.2010 1.8467 1.7773 1.7293 1.4189 1.6439 1.5327 1.3719 0.5352 1.4302 1.5307 1.3932 1.2988 0.4319 1.2439 1.3198 1.3984 1.2762 0.3307 1.0998 1.2072 1.2753 1.0072 1.2272 1.1915 1.1447 1.3693 1.5812 0.9119 0.6020 
2.4977 2.2037 2.5730 2.0902 1.8260 1.4020 1.2842 0.9531 0.9114 1.3333 1.2078 1.0176 0.9507 1.1915 1.1003 1.0956 0.8157 1.0591 1.0260 1.0670 0.7773 0.7898 0.9483 1.0234 0.5379 0.5266 0.7692 0.8222 1.1337 1.2856 1.6014 0.8982 0.5783 
2.0805 1.9385 2.4602 2.0687 1.8652 1.4641 1.4483 1.2840 1.2850 0.9126 1.5313 1.3943 0.8404 0.9948 0.9715 0.8704 0.9454 0.8335 0.8664 0.8425 0.6960 1.1682 1.2747 0.5843 0.8933 0.8293 0.9551 0.8739 1.1536 1.2598 1.4493 0.6719 0.1483 
1.0331 1.8038 2.3577 2.0382 1.9112 1.8131 1.4313 1.4075 0.6425 1.3718 0.4875 1.2845 0.7286 1.0540 1.1917 1.0962 0.7345 1.0585 1.1085 0.9215 0.5422 1.0530 0.2224 1.0545 0.2483 0.9848 0.9264 1.2208 1.2057 1.2262 1.3761 0.5646 -0.4227 
2.0128 1.8630 2.3262 1.9502 1.6937 1.3042 1.2306 1.4807 1.7786 1.3334 1.3071 1.7736 1.1377 1.2339 1.1138 1.3668 1.1945 1.3343 1.0360 1.1025 0.9944 1.5735 1.0332 1.0176 1.4043 1.0539 0.7293 0.7141 1.0208 1.1225 1.3508 0.5802 0.2034 
1.3242 1.7507 1.9836 1.4075 1.3067 1.4044 1.1795 1.3620 1.3039 1.1316 1.3101 1.1582 1.0473 1.1939 1.0743 1.0354 0.6943 1.0029 1.0080 1.0708 0.8607 0.9535 1.0345 0.8139 0.9038 0.9186 0.6937 0.8134 0.6011 0.5746 1.0112 0.5071 -0.4569 
2.2556 1.7705 1.9045 1.6783 1.6946 1.3724 1.3971 1.3174 1.1343 1.2835 1.2022 1.5792 1.2304 1.0739 1.0454 0.9792 1.2046 0.9226 0.9677 0.9504 1.0571 1.3506 0.9362 0.9601 0.7619 0.8566 0.8856 0.7835 1.0197 0.8497 0.8882 0.4616 0.3832 
1.9239 1.7895 1.3746 0.7259 1.3504 1.6872 1.4341 0.9997 1.4099 0.5577 1.1481 1.4477 1.3152 1.1414 0.8412 0.8730 1.0084 0.8362 0.7652 1.0324 1.1246 1.2435 0.8859 0.2297 1.0423 0.5387 0.9307 1.0954 0.6697 -0.0926 0.3959 0.5041 0.0859 
1.7485 1.4744 1.6261 1.6589 1.6720 1.4592 0.8377 0.8591 1.4099 1.1263 1.0057 0.9245 0.8018 0.8792 1.1431 1.0309 0.2705 0.9922 1.0689 0.7649 0.6325 0.7175 0.7300 0.8040 1.0423 0.4434 0.3287 0.8618 1.0008 0.8371 0.6380 0.1956 -0.0542 
2.2221 2.0090 1.8370 1.7444 1.3688 1.3322 1.3245 1.1192 1.1276 1.0589 1.6702 1.1266 0.9043 1.3195 0.9204 1.3047 1.4310 1.2531 0.8352 1.1710 0.7453 0.9030 1.3998 0.7487 0.7566 0.6980 0.8032 0.7373 0.6881 0.9387 0.8372 0.7315 0.3591 
1.5052 1.2856 1.0512 0.7908 0.8501 0.7501 0.6886 0.7253 1.0694 1.2757 0.8608 0.7397 0.5796 0.8380 0.2825 0.3953 0.0686 0.3383 0.2084 0.7273 0.4297 0.5100 0.5936 0.9475 0.7113 0.2701 0.1648 0.1592 0.1713 -0.0273 0.0542 -0.0292 -0.3623 
1.9535 1.3069 1.8086 1.1140 1.0882 0.2616 1.3050 1.1626 1.0825 1.2616 1.3128 1.2076 0.7684 1.1584 1.1670 1.0589 1.0467 1.0253 1.0883 1.0458 0.5870 1.0085 1.0376 0.9350 0.7201 0.7372 0.7779 -0.3455 0.4174 0.2799 0.8168 0.0370 0.1086 
2.1113 1.5262 1.7762 1.2816 1.1129 0.9408 1.3178 1.1776 1.3088 1.2623 1.1314 0.7583 1.0547 1.3496 1.0540 0.8168 0.7481 0.7767 0.9786 1.2167 0.8733 0.5353 0.8547 0.9357 0.9134 0.7470 0.7931 0.3258 0.4412 0.4433 0.7982 0.2122 0.2282 
2.4681 2.0021 1.6659 1.3863 1.4581 1.4658 1.4134 1.3111 1.3179 1.2245 1.0912 1.1931 0.8423 0.8359 1.1988 0.8883 0.6071 0.8436 1.1137 0.7292 0.6899 0.9959 0.8262 0.8967 0.9310 0.8473 0.9018 0.8762 0.7782 0.5639 0.6826 0.7098 0.5875 
2.3121 1.4005 1.6356 0.8753 1.1743 0.9770 1.2287 1.4495 1.4664 0.8867 0.9990 1.3110 1.1496 1.1675 1.3478 1.3180 1.3233 1.2746 1.2700 1.0527 1.0063 1.0756 0.7276 0.5572 1.0937 1.0307 0.7276 0.3918 0.4922 0.0454 0.6564 0.0862 0.4674 
2.2003 1.5567 0.6540 1.3809 0.9885 0.9908 1.3267 1.2692 1.0706 0.5179 0.4227 1.3167 1.2203 1.0564 1.2918 0.6439 0.8598 0.5845 1.1859 0.9239 1.0522 1.0826 0.1565 0.1923 0.7116 0.8139 0.8044 0.4048 0.2691 0.5589 -0.3753 0.2921 0.3517 
2.3198 2.1960 1.8249 1.5800 1.6738 1.4295 1.6369 1.6468 0.9052 1.3396 1.2683 1.1179 0.6578 1.2654 1.1214 1.3017 -1.1006 1.2455 1.0464 1.1250 0.4735 0.8966 1.0083 1.0248 0.5167 1.1980 1.1201 0.8336 1.0009 0.7541 0.8260 0.8831 0.4623 
1.9026 1.5927 1.3732 0.9955 1.1783 0.9749 1.2213 1.0542 0.7832 1.0241 0.8782 1.2017 1.1537 1.1059 1.2108 0.7989 -0.7396 0.7601 1.1242 0.9988 1.0080 1.0050 0.6159 0.7110 0.4225 0.6051 0.7232 0.3825 0.4944 0.1703 0.3948 0.2678 0.0144 
2.2983 1.8298 1.1198 0.9980 1.3095 0.9669 1.3701 1.3782 1.4808 1.3763 0.9720 1.0900 0.8267 1.3724 1.2707 0.9174 0.7450 0.8704 1.1648 1.2531 0.6690 0.8618 0.7096 1.0582 1.1078 0.9440 0.8484 0.3885 0.5960 0.1551 0.1455 0.5381 0.4703 
1.1281 1.4376 1.0618 0.8284 0.7455 1.3116 1.3469 1.2209 1.0152 1.0987 0.8382 0.9094 -0.3081 0.1191 0.7572 1.1460 0.9146 1.1109 0.6772 -0.0178 -0.4949 0.7132 0.5681 0.7788 0.6200 0.7831 0.8271 0.7198 0.0430 -0.0039 0.0832 0.1672 -0.8007 
1.5413 1.7811 1.1617 1.0529 1.2808 0.4140 1.3075 0.7349 1.0476 1.1393 1.2981 1.1120 0.9086 1.1111 1.1939 0.9404 0.7600 0.8882 1.1108 1.0065 0.7442 0.8916 1.0237 0.8251 0.6778 0.2681 0.7810 -0.1909 0.5639 0.2408 0.1646 0.5062 -0.3422 
1.1722 1.1153 1.1341 0.8651 1.0310 0.8670 1.3608 1.2614 1.2303 1.1479 1.1072 0.8899 0.9908 1.2341 1.0727 0.9703 -0.6224 0.9161 1.0061 1.1006 0.8037 0.6860 0.8374 0.8331 0.8420 0.8086 0.8413 0.2742 0.3321 0.0594 0.1505 -0.1554 -0.7251 
2.1055 2.0227 1.8574 1.6634 1.3218 0.8116 1.1037 0.9278 1.0882 1.1736 0.9118 0.5120 1.0743 1.1554 0.9440 0.8201 1.0895 0.7790 0.8440 1.0431 0.8981 0.2814 0.6500 0.8501 0.7254 0.4861 0.5907 0.2220 0.6113 0.8382 0.8453 0.7494 0.2365 
1.7351 1.1903 1.2416 1.2566 1.2445 0.8224 0.9145 0.7236 1.0781 0.8679 0.8230 0.8360 0.8647 1.0366 0.8363 0.5993 0.6565 0.5484 0.7612 0.8958 0.7165 0.6222 0.5491 0.5440 0.7180 0.2589 0.4226 0.2316 0.5400 0.4447 0.2374 -0.1141 -0.1163 
1.7448 0.9304 1.6136 1.2719 0.8896 1.2683 1.2076 0.8362 0.4886 1.0135 1.3053 1.0275 0.7438 1.1695 1.1093 1.0326 0.7266 1.0016 1.0339 1.0543 0.5584 0.7927 1.0297 0.6961 0.1201 0.4174 0.7166 0.6744 0.2163 0.4450 0.6033 -0.4636 -0.1264 
1.4400 1.5318 0.8278 0.7907 0.7917 0.7746 1.2511 0.8896 1.1360 0.7946 0.8458 0.5759 1.1447 0.7219 1.0604 0.3960 0.5233 0.3474 0.9872 0.5747 1.0002 0.3744 0.5788 0.4773 0.7680 0.4548 0.7428 0.1798 0.1163 -0.0290 -0.1691 0.2425 -0.4308 
0.5743 1.6316 1.4748 0.9536 1.3605 0.8399 0.7823 1.2747 1.2048 0.1238 0.7686 1.1884 1.2112 -0.0319 1.0884 0.4399 0.7335 0.3993 1.0200 -0.1207 1.0453 0.9890 0.4966 -0.2080 0.8274 0.8189 0.2636 0.2427 0.6772 0.1662 0.4928 0.3627 -1.3517 
1.6206 1.6773 1.6286 1.4953 1.4291 0.8545 1.4066 1.0333 1.1404 0.8736 1.1385 1.3533 1.0749 1.1460 1.1349 1.0845 1.0734 1.0472 1.0577 1.0364 0.8927 1.1295 0.8738 0.5504 0.7717 0.5794 0.8941 0.2485 0.7481 0.6913 0.6397 0.4198 -0.2003 
1.1533 1.2818 1.5705 1.1001 1.4581 1.0987 1.4020 1.2606 1.3404 1.1320 1.1513 1.2909 1.3656 1.1041 1.3222 0.6778 1.4067 0.6345 1.2267 0.9997 1.1851 1.0598 0.8847 0.8119 0.9665 0.8066 0.8912 0.5001 0.7773 0.2813 0.5614 -0.0093 -0.7727 
0.8149 1.2894 1.2521 1.1353 1.2822 1.0706 0.8179 1.1137 0.6451 0.9912 1.1061 0.5741 0.7289 0.9484 0.4290 0.5580 0.1202 0.5217 0.3299 0.8116 0.5413 0.3679 0.8365 0.6637 0.2565 0.6905 0.3122 0.4742 0.5731 0.3208 0.2569 -0.0172 -2.1151 
-0.3602 1.3767 1.4927 1.2641 1.3201 1.3953 1.3733 1.3127 1.3330 1.1333 0.9863 0.9386 1.0489 0.5598 0.2920 0.7096 -0.1556 0.6522 0.2061 0.4534 0.8609 0.7297 0.7179 0.8130 0.9547 0.8476 0.8515 0.8046 0.6207 0.4422 0.5008 0.1394 -1.2169 
2.0524 1.8394 1.4825 1.3361 1.4334 1.4018 1.1907 1.4967 1.6673 1.6484 1.4370 1.2038 1.1242 1.1620 0.9341 1.0719 1.2182 1.0377 0.8400 1.0469 0.9634 1.0058 1.1706 1.3323 1.3076 1.0632 0.7063 0.8082 0.7547 0.5095 0.4920 0.5382 0.1906 
