2.7582 1.7344 1.6634 1.4084 2.0974 1.7917 1.7688 1.6645 1.8589 1.7226 1.3621 0.6187 1.5648 0.5652 1.4330 1.2300 1.3741 1.1649 1.3309 0.3951 1.3263 0.3440 1.0083 1.3122 1.3752 1.0825 1.1234 1.0438 1.2303 0.4188 0.4122 0.0904 0.3563 
2.7445 2.4009 2.1685 2.0194 2.0009 1.8901 1.9151 1.6938 1.6554 1.7789 1.6387 1.3269 1.8147 1.6941 1.7058 1.7719 1.6861 1.7280 1.6177 1.5403 1.6191 1.0372 1.2849 1.3761 1.1793 1.1377 1.2587 1.1318 1.0918 0.9569 0.9064 0.7306 0.3175 
1.9323 1.3267 1.9561 2.1697 1.6003 1.6985 2.1819 1.7029 2.2296 2.3092 1.7067 2.1934 1.6851 1.5313 1.6223 1.6290 1.2785 1.5825 1.4989 1.3551 1.4525 1.9333 1.3609 1.8881 1.7474 1.1442 1.5543 0.9407 0.6901 1.1345 0.6632 -0.1650 -0.5973 
2.2033 2.2664 2.1359 1.6471 1.6559 0.0901 1.1816 1.2337 1.6363 1.2585 1.2498 1.4602 1.1431 1.4167 1.6034 1.4286 1.3577 1.3747 1.4667 1.2683 0.9120 1.2037 0.9005 0.8497 1.1491 0.6396 0.5103 -0.9027 0.7824 0.5747 0.8768 0.6282 -0.0170 
0.9629 2.4045 2.0313 1.3515 1.7470 1.9454 1.4428 1.0246 1.9949 1.2968 1.5257 1.9858 1.6279 1.4360 0.9037 1.8543 0.5516 1.7910 0.8384 1.2802 1.3872 1.6820 1.2001 0.8876 1.4937 0.4799 0.8116 1.1862 0.8707 0.3519 0.7667 0.7876 -1.3255 
2.6666 2.3885 1.7961 1.9995 2.1325 1.7650 0.5133 1.9823 0.9913 1.4775 1.2529 1.6953 1.8266 1.7144 1.8212 1.7180 1.5637 1.6693 1.7184 1.5691 1.6267 1.4026 0.9037 1.0576 0.5283 1.3834 -0.1610 0.9972 1.2649 0.9289 0.5025 0.7758 0.3122 
2.5385 1.1132 2.2144 2.1319 2.4512 2.4220 2.0772 2.2214 2.5935 2.3973 2.4244 2.3647 2.0031 2.3455 2.4614 2.0802 1.4794 2.0346 2.3728 2.1488 1.7650 2.0599 2.0734 1.9944 2.1126 1.6685 1.4113 1.6604 1.5906 1.1031 0.9585 -0.5264 0.0914 
1.5638 2.4085 2.3571 1.9803 2.3650 2.1600 2.5378 2.5870 2.8563 2.8998 2.6872 2.4420 2.5793 1.9117 2.3324 1.9859 2.1680 1.9193 2.1967 1.7389 2.3815 2.1508 2.3508 2.4886 2.3893 2.0358 1.9025 1.4046 1.4466 0.9088 1.0521 0.7820 -1.3253 
2.5311 2.4424 2.7754 2.9062 2.7900 2.8442 2.9577 2.7298 2.8804 3.5724 3.6760 2.7455 2.8090 2.8889 2.6705 2.5813 2.4378 2.5283 2.5423 2.7504 2.5731 2.4355 3.3337 3.1662 2.4073 2.1303 2.3249 2.0785 1.8965 1.8572 1.5015 0.8385 -0.1604 
1.6856 3.1440 3.0775 3.0438 2.9509 2.9273 2.9331 3.3352 3.8026 4.1925 4.0819 3.7914 3.1853 3.2646 3.4382 3.5376 3.3608 3.4931 3.3090 3.1275 2.9514 3.5234 3.7414 3.7740 3.3033 2.7889 2.2999 2.1683 2.0749 2.0037 1.7829 1.4935 -0.1447 
3.1224 2.4693 2.6680 2.5924 2.9068 3.0870 3.4372 2.8565 2.8230 4.2810 4.3533 3.2524 3.6532 2.4111 3.3847 2.8326 2.1200 2.7871 3.2747 2.2392 3.4430 2.9691 4.0052 3.8702 2.3804 2.2877 2.7823 2.3238 2.0323 1.5876 1.3646 0.8210 0.5926 
3.2406 3.2422 3.0045 3.0746 3.1285 3.2240 3.5270 3.0342 3.4031 3.9846 4.4292 3.5628 3.7461 3.8737 3.0703 3.5225 3.7113 3.4658 2.9502 3.6753 3.5447 3.2606 4.0778 3.5765 2.9054 2.4581 2.8500 2.4603 2.2090 2.0198 1.7226 1.6187 0.7938 
3.3793 3.4380 3.5121 3.4757 3.3106 3.3070 3.4634 3.6147 3.5235 4.3988 4.4448 3.7430 4.3319 3.8520 3.3053 3.1234 1.9524 3.0462 3.2029 3.6651 4.0964 3.4903 4.1055 3.9881 3.0142 3.0555 2.7958 2.5412 2.4301 2.4097 2.2113 1.7643 0.7360 
3.5703 3.1870 3.1774 3.1817 3.2143 3.2414 3.2955 2.9058 3.5082 3.7449 3.9183 3.3565 2.5299 3.3709 3.5851 3.1156 2.5152 3.0471 3.4957 3.2130 2.3271 3.0921 3.5674 3.3260 2.9910 2.3714 2.6521 2.4788 2.3467 2.1181 1.9062 1.5110 1.0944 
2.8365 3.0855 2.8986 2.9042 2.8034 2.7659 2.8717 3.5063 3.6217 3.6620 3.9085 3.5101 3.3466 3.2639 3.3054 2.9147 2.8677 2.8677 3.2101 3.1260 3.1492 3.2046 3.5548 3.2527 3.1527 2.9090 2.2261 2.0030 1.9240 1.8591 1.6402 1.4129 0.3234 
4.0437 3.6770 3.0983 2.9869 2.3046 2.7462 2.6333 2.9244 3.5165 3.8157 3.3391 2.9753 3.1792 2.9111 2.7559 2.3455 2.5987 2.2731 2.6256 2.7724 2.9377 2.7193 2.9980 3.3963 3.0152 2.3868 1.9957 1.9819 1.3970 1.9618 1.7931 2.0430 1.7018 
5.3094 5.1946 4.8877 4.7327 4.5628 4.4285 4.3196 4.1586 3.9733 3.9352 3.9115 3.6560 3.5346 3.4624 3.2700 3.1263 3.1024 3.0554 3.1720 3.2787 3.2906 3.3727 3.5581 3.5302 3.5103 3.5932 3.6516 3.6667 3.6664 3.6730 3.6153 3.5577 2.8906 
4.5084 5.4268 5.0823 4.4527 4.3340 4.1857 4.2017 3.8436 4.0289 3.4328 3.6555 3.5778 3.1650 3.5351 3.5031 3.5099 3.3723 3.4413 3.3653 3.3506 2.9141 3.2877 3.3000 3.0236 3.5532 3.2580 3.5458 3.4256 3.4500 3.4166 3.7972 3.7781 1.8246 
4.1246 5.2589 4.7246 4.0535 3.6186 3.1562 4.2932 3.5233 3.1266 3.6138 3.3300 3.0849 3.4875 3.2222 3.0030 3.2007 3.0471 3.1574 2.8916 3.0716 3.2454 2.7977 2.9943 3.2096 2.5948 2.9210 3.6224 2.4341 2.7691 3.0410 3.4693 3.6176 1.6666 
5.2759 5.3693 4.7754 4.2222 3.6185 3.5411 3.9897 3.6571 3.5543 3.6298 3.1930 2.4368 3.1572 2.7073 2.7429 2.7189 2.4431 2.6399 2.6105 2.5277 2.9120 2.1860 2.8423 3.2239 3.0858 3.1259 3.3279 2.7680 2.7533 3.1849 3.5275 3.6872 2.7920 
4.1446 5.1983 4.3231 3.9498 3.8338 3.8588 4.3269 3.9096 3.4228 3.7428 3.6207 3.5851 3.2707 3.4698 3.4281 3.4390 3.3938 3.3719 3.3000 3.2859 3.0616 3.2923 3.2742 3.3257 2.9169 3.3146 3.6605 3.0973 2.9130 2.8632 3.0793 3.5671 0.4679 
5.4550 5.1888 4.9213 4.4659 4.1743 3.6982 2.9115 3.6577 3.7613 3.6153 3.5448 3.2434 2.9338 3.0276 3.1405 3.1925 3.1919 3.1493 3.0112 2.8554 2.7448 2.9524 3.1912 3.2053 3.2733 3.1193 2.2790 2.9302 3.2748 3.4258 3.6416 3.5542 3.1275 
5.0482 5.3543 4.6875 3.9626 3.6795 3.7130 3.4979 2.9171 3.1155 2.4905 2.5761 2.6571 2.7634 2.4904 2.4889 2.4976 2.0397 2.4497 2.3900 2.3493 2.5184 2.3830 2.2270 2.0716 2.5960 2.3725 2.8147 2.9431 2.8025 2.8901 3.3736 3.6970 2.7202 
4.0754 4.3453 4.0678 3.6193 3.5575 3.3521 3.2579 3.1027 2.8635 2.6967 2.7858 2.7637 2.6850 2.6496 2.6031 2.2861 1.8205 2.2184 2.4950 2.4784 2.4521 2.4642 2.4343 2.2755 2.3934 2.5133 2.5969 2.5944 2.6712 2.5666 2.8109 2.7445 1.7602 
3.3598 4.2940 3.7300 3.2349 2.8099 2.6197 2.8117 2.3013 2.0782 2.5009 2.4346 2.3907 2.2535 2.4596 2.2612 2.4298 2.4227 2.3870 2.1442 2.3076 2.0368 2.0941 2.0853 2.0931 1.6151 1.7328 2.1462 1.8705 1.9404 2.1924 2.4654 2.6466 -1.7334 
2.5585 3.6675 3.0654 2.7389 2.0091 2.4991 1.9684 1.6376 1.6194 1.3025 2.1458 2.2018 1.8676 1.9580 1.7695 1.6489 0.5262 1.6069 1.6784 1.7667 1.6540 1.9394 1.7995 0.9156 1.1295 1.0691 1.2798 1.7337 1.1152 1.6764 1.8057 2.0398 0.1145 
3.5460 3.5856 3.6020 3.1531 2.9290 2.8975 2.7740 2.7404 2.6587 2.7630 2.5622 2.6052 2.4058 2.0362 2.4141 2.3152 2.3692 2.2451 2.3119 1.8641 2.1610 2.3502 2.2231 2.3594 2.1555 2.1447 2.1016 2.1359 2.0564 2.0834 2.3547 1.9724 1.1388 
3.5827 3.3616 3.2129 2.9612 2.5099 2.2029 2.1879 2.0960 2.1510 1.7938 2.0882 1.1849 1.3104 1.8859 2.1549 1.5225 1.6177 1.4653 2.0597 1.7200 1.1065 0.8763 1.7418 1.3746 1.6827 1.5436 1.5533 1.4458 1.6329 1.9373 1.9701 1.7184 1.2261 
1.4218 2.8850 1.9847 2.7098 2.5415 1.6644 0.8371 2.0059 1.8170 2.1396 2.0745 1.4696 2.0372 1.8450 0.5578 1.6440 0.5072 1.6021 0.4943 1.6864 1.7969 1.2241 1.7272 1.7283 1.3424 1.4114 0.1397 0.8911 1.6683 1.6569 0.6846 1.2579 -0.6702 
3.2717 3.1704 2.9383 3.0482 2.3889 2.3379 2.3882 1.9788 1.7276 1.8751 1.4766 1.1808 2.0388 1.9245 2.0006 1.9269 1.5232 1.8592 1.8770 1.7444 1.7993 0.8796 1.1290 1.4482 1.2525 1.3752 1.7075 1.5736 1.4717 2.0081 1.6771 1.5175 0.8916 
4.6747 4.8044 4.9635 5.0318 4.7926 4.4508 4.2738 4.1758 4.0542 3.9668 3.9027 3.8930 3.8425 3.6746 3.7168 3.7560 3.6954 3.6938 3.6157 3.5341 3.6053 3.5897 3.5487 3.5595 3.5798 3.6053 3.5943 3.6865 3.9193 3.9603 3.6757 3.1792 2.3049 
3.8788 3.3131 4.0454 4.4427 3.8636 3.5250 3.1145 3.1307 3.1115 2.9808 2.9997 3.0779 2.5285 2.7457 2.6939 2.7539 3.0257 2.6915 2.5606 2.5444 2.3319 2.7911 2.6625 2.5620 2.5954 2.5293 2.4314 2.7580 2.9323 3.4100 2.7999 1.6702 1.4444 
3.3273 3.2037 3.7630 3.5770 2.9168 2.9702 2.9516 2.8410 2.5199 2.4723 2.5238 2.3215 2.4712 2.4413 2.0092 2.0703 2.1495 2.0251 1.8899 2.2804 2.2547 2.0305 2.1720 2.0654 2.0440 2.2803 2.3216 2.2073 2.0366 2.5180 2.4939 1.6063 0.9710 
3.7689 2.7814 3.6240 3.7828 3.0300 2.8570 2.7012 2.6394 1.6414 2.1210 2.0674 1.9960 2.3712 2.0537 2.3434 1.9202 1.7655 1.8460 2.2090 1.8814 2.1266 1.6978 1.7159 1.7089 1.1524 2.0706 2.0331 2.0958 2.1385 2.7543 2.3778 1.1570 1.3924 
1.7617 2.9523 3.1040 3.3490 2.5210 2.5299 2.4070 1.9134 1.4417 2.1452 2.0121 2.1005 2.0507 1.7613 1.4113 2.0585 2.0791 2.0153 1.3092 1.6184 1.8151 1.8137 1.6606 1.7349 0.9651 1.3388 1.7367 1.7649 1.6282 2.3299 1.7914 1.3420 -0.4724 
1.7665 2.7748 3.1566 2.8118 3.1471 2.3090 2.1770 2.0181 1.7162 1.5638 2.1031 1.2844 2.2309 2.0047 0.9280 0.6907 0.9055 0.6225 0.8226 1.8196 2.0212 0.9931 1.7595 1.1451 1.2470 1.4306 1.5385 1.5346 2.2400 1.7604 1.8738 1.1597 -0.4476 
3.3212 3.5667 3.5691 3.2132 2.3724 2.1349 2.4843 1.9661 2.1849 2.1172 1.7171 2.0606 1.6294 2.1118 1.7960 1.7985 1.1253 1.7527 1.6996 1.9750 1.3837 1.7656 1.3638 1.7057 1.7029 1.3662 1.8200 1.3690 1.4313 2.1476 2.3028 1.9432 0.9142 
4.8223 4.7074 4.3566 3.7461 3.1047 2.9711 2.8239 2.8123 2.7233 2.9452 2.7913 2.6847 2.4637 2.4374 2.5776 2.6088 2.3843 2.5477 2.4758 2.2759 2.2385 2.4013 2.4380 2.5325 2.2190 2.2397 2.1511 2.1965 2.1793 2.6841 3.1167 3.0631 2.5258 
5.0158 4.9279 5.6447 5.4517 4.7213 4.5197 4.4415 4.3365 4.3182 4.2873 4.0503 4.0952 4.0285 3.9051 3.9012 3.8930 3.8683 3.8263 3.7722 3.7128 3.8175 3.8359 3.6979 3.8804 3.8385 3.7647 3.8023 3.7600 3.8305 4.3850 4.3823 3.3279 2.6657 
4.5098 5.0806 5.4534 4.7593 4.5718 4.1708 3.9877 4.0582 4.0188 4.1687 3.8959 3.8221 3.7845 3.7868 3.7214 3.6849 3.6537 3.6398 3.6189 3.6178 3.5661 3.5422 3.5399 3.7491 3.5451 3.5211 3.3171 3.4039 3.6694 3.6804 4.1722 3.4572 2.4384 
3.8367 4.7463 5.4334 4.5707 4.3333 3.7095 3.5860 3.8166 3.7347 4.0306 3.2953 3.2953 3.4506 3.3706 3.3122 3.2874 3.2319 3.2355 3.2151 3.2109 3.2159 3.0293 2.9454 3.6194 3.2536 3.2429 2.9216 2.9472 3.4376 3.5250 4.1453 3.1623 -0.4913 
4.3618 4.8228 4.7348 4.3434 3.9794 2.8088 2.8271 2.6602 2.1431 3.0724 2.8587 2.6725 2.7046 2.7735 2.7680 2.6525 2.6479 2.5871 2.6459 2.5861 2.4626 2.3923 2.5071 2.6463 1.6521 2.0932 2.1556 2.0370 3.1198 3.2787 3.4716 3.2128 2.0821 
3.6084 4.2980 4.2841 3.0151 3.0183 2.8192 2.3718 2.1856 2.1518 1.3047 2.0736 2.0157 2.1335 1.8126 1.7423 1.8227 1.7718 1.7718 1.6291 1.6621 1.9313 1.7075 1.7420 0.7777 1.6575 1.6235 1.6667 2.0378 2.1201 1.9441 2.9824 2.6809 1.3280 
3.5828 4.2756 3.9140 3.5480 3.5574 3.6031 3.4415 3.3446 3.2503 3.1358 3.1974 3.1519 3.0484 2.9402 2.9919 3.0075 2.9713 2.9445 2.8834 2.7944 2.8210 2.8537 2.8484 2.7236 2.7797 2.7946 2.7856 2.8406 2.6684 2.4820 2.6287 2.6161 1.4013 
3.6724 4.0080 3.9256 3.6488 3.4819 3.2021 3.1123 2.9653 2.8892 2.7926 2.7774 2.6994 2.5739 2.6589 2.6004 2.5125 2.4919 2.4607 2.4937 2.4864 2.3787 2.4105 2.4248 2.3868 2.4135 2.4136 2.4342 2.4392 2.5621 2.5874 2.6666 2.3914 1.3630 
0.4474 4.1753 4.2363 3.5596 3.2906 3.0963 2.9603 2.8807 2.7621 2.7315 2.6110 2.4785 2.7757 2.6684 2.5234 2.4307 2.3767 2.3873 2.4234 2.4922 2.5309 2.1908 2.2739 2.3083 2.2607 2.3365 2.3272 2.3334 2.4108 2.4918 2.9340 2.5361 0.4992 
2.7855 3.6939 3.6861 2.7770 2.7874 2.5225 2.2432 2.0669 2.4643 2.3282 2.1950 1.9878 2.3120 2.1988 2.0239 1.7268 2.0074 1.6775 1.9115 2.0465 2.0803 1.6780 1.8578 1.9072 2.0018 1.5134 1.6148 1.7628 1.9070 1.6858 2.4275 2.0848 0.6176 
3.8901 3.0790 3.2882 2.0326 2.0450 2.1846 1.8725 1.6119 1.8493 1.9907 2.0454 1.6794 1.7667 1.7187 1.2378 1.4038 1.7647 1.3574 1.1183 1.5787 1.5708 1.3830 1.6935 1.5794 1.3680 1.0156 1.2330 1.4205 1.1808 0.9355 2.0327 1.3833 1.5093 
2.0068 3.5123 3.1275 2.4674 0.2074 2.0498 2.1450 1.7822 1.9532 2.0493 2.0803 1.7700 2.0302 2.1035 2.0140 1.6224 1.1324 1.5695 1.8995 1.9620 1.7884 1.5068 1.7331 1.6424 1.4403 1.2453 1.4968 1.2878 -1.0001 1.4109 1.8085 1.8503 0.4103 
3.7289 3.1483 3.1499 2.7737 1.8430 2.0769 1.8268 1.9813 0.4784 1.3391 1.9994 1.2617 1.9641 1.9003 1.8099 2.0203 1.6610 1.9801 1.7113 1.7255 1.7201 0.9594 1.6467 0.9302 0.0181 1.3841 1.1943 1.3131 0.9377 1.7028 1.8651 1.4503 1.3754 
3.9766 3.8417 3.6727 3.8113 3.2132 2.8726 3.3009 2.9195 2.8683 2.6997 2.5533 2.4155 1.7486 2.6677 2.2945 2.2885 2.0002 2.2222 2.1620 2.4927 1.5510 2.1215 2.2144 2.2743 2.3976 2.3783 2.6647 2.0941 2.3435 2.7729 2.4176 2.1669 1.5969 
3.9681 4.2592 4.0021 3.6110 3.5481 3.3092 3.4031 3.3536 3.2885 3.3623 3.1027 3.0549 3.0526 3.0115 2.9204 2.9537 2.9215 2.9052 2.8253 2.8460 2.8242 2.7775 2.7569 2.9456 2.8134 2.8007 2.7632 2.5497 2.6519 2.5496 2.7506 2.6013 1.7142 
4.5256 4.8866 5.4428 4.3003 3.7127 4.3292 4.0087 3.8293 3.7909 4.0577 3.5697 3.5767 3.4581 3.5704 2.9951 3.2916 3.2534 3.2436 2.8873 3.4005 3.2200 3.2872 3.2190 3.6519 3.2950 3.2496 3.3475 3.5655 2.8513 3.1969 4.1588 3.2892 2.1898 
4.2678 5.2633 5.3197 4.6614 4.5719 4.4241 4.2929 4.2031 4.0777 3.7084 3.9365 3.9197 3.8852 3.8950 3.7898 3.7329 3.7523 3.6754 3.6714 3.6971 3.6354 3.6227 3.5851 3.2959 3.6016 3.6240 3.6205 3.6592 3.6691 3.5951 4.0387 3.6453 1.5579 
3.9811 4.7546 5.5548 5.0768 4.6935 4.4499 4.3703 4.2607 4.2871 4.1440 3.8596 3.8788 3.6658 3.9031 2.8881 3.5651 3.5655 3.5235 2.8039 3.7080 3.4600 3.5771 3.5181 3.7216 3.7877 3.6678 3.6993 3.6990 3.7929 4.0041 4.3046 3.1700 1.2948 
5.2656 5.0405 5.3520 4.2631 3.5102 4.0528 3.9594 3.8728 3.9495 3.7059 3.4194 3.3870 3.2140 3.7016 2.9037 3.1637 3.2417 3.1197 2.7984 3.5558 2.9887 3.1308 3.0849 3.2956 3.4776 3.2760 3.2827 3.2882 2.6715 3.1738 4.0568 3.3891 2.9926 
5.1343 5.1562 5.4857 5.4214 4.7356 5.0360 4.8915 4.4385 4.6802 4.7224 4.3707 4.3115 4.2755 4.0380 4.1592 4.1322 4.0772 4.0704 4.0471 3.8978 4.0272 4.0172 4.0221 4.3153 4.1893 3.9005 4.2623 4.2754 3.8579 4.3501 4.2301 3.5555 2.8413 
5.4585 5.1110 5.1124 3.5709 3.9122 4.3633 4.5288 4.2375 4.0519 3.8780 3.7888 3.6803 3.6594 3.8748 3.2953 3.5365 3.5075 3.4891 3.2004 3.6762 3.4530 3.4147 3.4527 3.4545 3.5773 3.6505 3.8955 3.6042 2.9810 2.5167 3.8544 3.4593 3.1021 
5.0084 5.4139 5.1191 4.7815 4.3343 4.2075 4.3123 4.4764 4.1102 3.7424 3.7836 3.5745 3.7454 3.9673 3.9302 3.7053 3.6116 3.6575 3.8200 3.8084 3.5431 3.2854 3.4502 3.3288 3.6273 3.9303 3.6463 3.4546 3.4418 3.7314 3.8715 3.7437 2.8299 
5.4141 5.2631 4.7654 4.5739 4.2820 4.0545 4.4692 3.7045 4.1710 3.6462 3.6122 3.5534 3.5375 3.3877 3.7371 3.5291 3.4561 3.4770 3.6327 3.2226 3.2937 3.2602 3.2670 3.2364 3.6740 3.1678 3.8372 3.2960 3.3686 3.5274 3.5246 3.6140 3.0011 
5.4444 5.4118 4.4198 4.4436 4.0928 4.0934 4.0357 4.0640 4.0102 3.9619 3.7435 3.6101 3.5622 3.5080 3.4452 3.5354 3.4885 3.4880 3.3166 3.3059 3.3226 3.3181 3.4047 3.5543 3.5401 3.5298 3.3784 3.3358 3.2144 3.4140 3.1354 3.7363 3.0960 
5.0890 5.1937 4.3813 4.1063 4.0187 3.9789 3.5571 3.6429 3.5561 3.4398 3.4665 3.4007 3.4348 3.3744 3.2170 3.2274 3.1823 3.1808 3.1307 3.2131 3.2065 3.1381 3.1296 3.0201 3.0762 3.1012 2.8878 3.2163 3.1496 3.0864 3.1092 3.5662 2.7804 
4.8204 5.0712 4.7403 4.3616 4.1773 3.9631 4.0851 3.8959 3.7708 3.7345 3.6840 3.6352 3.5770 3.5519 3.5544 3.4633 3.3849 3.3942 3.4479 3.3755 3.3434 3.3493 3.3435 3.3184 3.2835 3.2955 3.4522 3.2030 3.2821 3.2982 3.4847 3.4342 2.4354 
4.5426 4.8403 4.4131 4.0470 3.9515 3.8624 3.7816 3.6162 3.5711 3.5113 3.4606 3.4561 3.3716 3.2408 3.3242 3.2808 3.2453 3.2288 3.2255 3.0967 3.1644 3.1705 3.1267 3.0942 3.1020 3.0621 3.1416 3.1028 3.0717 2.9987 3.1559 3.2177 2.1572 
3.9002 4.4919 4.2285 3.9803 3.7742 3.6737 3.5815 3.5375 3.5379 3.3058 3.7319 3.0469 2.5284 2.7690 2.8315 3.0084 2.8651 2.9447 2.7467 2.5874 2.3323 2.7647 3.3934 2.9034 3.0474 2.9473 2.9134 2.9112 2.8836 2.9190 2.9395 2.8688 1.5940 
4.1215 4.4398 3.9054 3.6652 3.3455 3.3062 3.2611 2.9836 3.0285 2.9886 3.2285 3.1489 2.7868 3.0606 3.3089 3.0590 2.3717 2.9900 3.2128 2.8847 2.5466 2.8480 2.8821 2.5749 2.5304 2.4260 2.6029 2.5449 2.4613 2.6092 2.6189 2.8160 1.7402 
2.6958 4.0313 3.6366 3.5300 3.2871 3.2611 3.1083 3.1111 2.5841 2.9137 3.2802 3.4381 3.5297 3.1332 3.2538 3.1738 3.3126 3.1307 3.1623 2.9334 3.2876 3.1606 2.9291 2.5125 2.1057 2.5202 2.4338 2.5016 2.4129 2.4657 2.3945 2.4166 0.4704 
3.0011 4.0406 3.2772 3.2377 3.1876 3.0678 2.9750 3.0000 3.0165 3.3632 3.2078 3.6419 3.9982 3.5231 3.3691 3.2446 3.4522 3.1946 3.2624 3.3267 3.7788 3.3616 2.8597 2.9496 2.5268 2.4423 2.3498 2.3112 2.3110 2.1883 2.0138 2.4197 0.3863 
1.7415 3.8557 3.3672 3.3471 3.1332 2.8415 2.9790 2.8018 2.7490 1.8579 2.2781 3.4893 2.2711 2.9589 3.0006 2.7551 2.1642 2.6932 2.8892 2.8111 2.0370 3.1902 1.9610 1.4409 2.2389 2.2264 2.3479 2.0808 2.2091 2.3209 2.0939 2.2059 -0.1245 
2.6036 3.6280 3.2169 2.9152 2.6168 2.5432 2.8390 2.5276 3.0238 2.4160 2.7418 3.5979 3.4578 2.9853 3.1237 3.0546 2.9095 2.9871 2.9873 2.8269 3.2233 3.3036 2.3775 2.0115 2.5278 1.9979 2.1705 1.7887 1.7286 1.8757 1.9694 2.0188 0.3238 
3.0492 3.5198 2.8373 2.7780 2.7622 2.5925 2.5843 2.4969 2.5439 2.7498 3.1814 2.6706 2.5759 2.2005 2.4300 1.9940 1.2321 1.9384 2.3337 2.0500 2.3799 2.3935 2.8306 2.3409 2.0721 1.9515 1.9559 1.8292 1.8538 1.7179 1.5775 1.8761 0.7936 
4.9175 4.6766 4.1901 3.8676 3.6605 3.5490 3.3505 3.3187 3.3171 3.1935 3.2380 3.2650 3.1514 3.1586 3.0536 3.0288 2.8890 2.9639 2.9238 2.9753 2.9082 2.9801 2.8929 2.7873 2.8422 2.7766 2.7206 2.7868 2.7854 2.8014 2.9035 3.0052 2.5328 
4.4800 4.6570 4.9276 4.6396 4.4313 4.3375 4.2783 4.1393 4.0706 3.9222 3.8322 3.9465 3.9082 3.8609 3.6213 3.7625 3.7269 3.6996 3.5313 3.6709 3.6663 3.6560 3.5009 3.5189 3.5959 3.5815 3.6012 3.5767 3.5575 3.5770 3.6593 2.9934 2.2961 
4.0553 5.1611 4.8183 4.4369 4.2904 4.1473 3.9923 3.9669 4.0346 3.9058 3.5768 3.8922 3.6777 3.6533 3.7033 3.5439 3.5282 3.5044 3.6038 3.5148 3.4897 3.5892 3.2265 3.5006 3.5597 3.4029 3.3271 3.3860 3.3836 3.3986 3.5534 3.5426 2.1397 
5.1991 5.0023 4.4610 3.9553 3.5294 3.3880 3.2854 2.9874 2.8108 3.1323 3.2888 3.3413 3.2386 3.0295 2.9357 2.7521 2.7980 2.6913 2.8312 2.8567 3.0198 3.0836 2.9452 2.7312 2.3663 2.4119 2.6178 2.6152 2.6058 2.8786 3.2078 3.3261 2.8989 
4.8851 5.1642 4.4836 4.2709 4.0598 3.9332 3.8517 3.6835 3.6729 3.6320 3.6629 3.4902 3.3970 3.3893 3.3995 3.3104 3.2354 3.2642 3.2864 3.2250 3.1800 3.1924 3.3081 3.2236 3.1994 3.1454 3.1853 3.1709 3.1883 3.1993 3.2087 3.5425 2.5072 
4.0263 4.8029 4.0435 3.4428 3.0416 2.8343 2.7650 2.8378 2.3844 1.9889 2.4774 2.0728 2.3666 2.5057 2.4428 2.6107 2.2994 2.5462 2.3466 2.3614 2.1126 1.8004 2.1300 1.6013 1.8642 2.2608 2.0928 2.0907 2.1606 2.4096 2.7676 3.1761 1.9941 
4.5971 4.4307 3.9014 3.2175 3.0560 2.9277 2.9090 2.8604 2.7516 2.5011 2.7948 2.5288 2.3382 2.0474 2.2339 2.4382 2.3690 2.3942 2.1375 1.8643 2.0917 2.2512 2.4451 2.0987 2.2590 2.3024 2.2806 2.1932 2.1760 2.2062 2.6374 2.7741 2.0922 
4.5864 4.6851 4.0249 3.8461 3.6499 3.5467 3.5088 3.4336 3.3093 3.1975 3.2339 3.0404 3.0280 3.0087 3.0575 3.0438 3.0802 2.9775 2.9281 2.8439 2.8076 2.7686 2.8870 2.7913 2.8359 2.8574 2.8291 2.7839 2.7755 2.7871 2.7584 3.0283 2.1283 
4.7657 4.5053 3.9118 3.4393 3.1336 2.9658 2.8459 2.4173 1.9686 2.3216 2.6901 2.7174 2.4113 2.4701 2.8279 2.2106 2.1508 2.1557 2.7411 2.3235 2.1626 2.4209 2.3590 1.9036 1.4818 1.8274 2.1722 2.1965 2.2101 2.3880 2.6136 2.8586 2.4350 
4.0093 4.8169 4.3684 3.9819 3.8011 3.6674 3.5458 3.3115 3.4916 3.2536 3.5332 3.1507 3.2909 3.2607 3.1936 3.0356 2.9887 2.9709 3.0973 3.1258 3.0944 2.8502 3.1807 2.8435 2.9791 2.7727 2.8742 2.9047 2.9035 2.9182 3.1087 3.1960 1.3897 
4.5705 4.6548 3.2228 3.1633 3.0273 2.8221 2.7878 3.0933 3.0097 3.0740 2.2120 3.2360 3.1252 2.9096 2.6788 1.7290 2.0124 1.6640 2.5448 2.7632 2.8739 2.9477 1.8950 2.6577 2.5252 2.5105 2.1396 2.0730 2.1441 2.1373 2.0379 2.9825 2.3512 
4.8133 4.4270 4.1113 3.6237 3.4338 3.3221 3.2714 3.3933 2.8969 3.0145 2.8079 2.6240 2.9632 2.2975 2.8975 2.5620 2.2714 2.5164 2.7995 2.1228 2.7662 2.3650 2.4609 2.6004 2.4237 2.8299 2.6166 2.5616 2.5301 2.5705 2.8345 2.7818 2.3760 
4.0591 4.8002 4.4091 4.0523 3.9199 3.7945 3.7001 3.5141 3.6754 3.6752 3.1841 3.3424 3.1784 3.1588 3.2304 3.2080 3.1381 3.1637 3.1417 2.9759 2.9374 3.0837 2.8381 3.2684 3.2039 2.9148 3.0667 3.0338 3.0214 3.0087 3.1456 3.1749 1.2047 
5.1034 4.8662 4.4214 4.1242 3.9909 3.8011 3.6970 3.5311 3.7463 3.5181 3.3211 3.1815 2.9809 3.0848 2.8751 2.9310 2.9237 2.8863 2.7796 2.9011 2.7748 2.8882 2.9795 3.1049 3.2623 2.9407 3.0611 3.0380 3.1273 3.0983 3.1677 3.2232 2.7710 
3.8550 4.6197 4.3958 4.0989 3.9196 3.7117 3.6638 3.6190 3.6409 3.3783 3.3986 3.3033 3.2987 3.2908 3.2115 3.2208 3.1966 3.1751 3.1265 3.1494 3.1121 3.0386 3.0641 2.9587 3.1691 3.0656 3.0123 2.9491 3.0194 3.0683 3.1455 2.9710 1.6294 
3.4438 3.6154 3.6894 3.3852 3.1391 3.1207 3.0553 2.7716 2.9118 2.9006 2.6823 2.5299 2.3963 2.5033 2.2343 1.9927 2.0820 1.9360 2.1224 2.3640 2.1513 2.2551 2.3477 2.4888 2.4394 2.1866 2.4009 2.3638 2.2325 2.3674 2.4423 1.9818 0.8452 
4.1622 4.1878 3.5720 3.1600 2.9476 2.6963 2.6070 2.5980 2.5321 2.6374 2.4764 2.7118 2.4395 2.2291 2.3807 1.9497 2.1124 1.8772 2.2545 2.0701 2.2077 2.4192 2.1312 2.2198 2.0611 2.0428 1.9810 1.9335 2.0689 2.0937 2.2864 2.5284 1.7551 
3.1367 3.6044 2.7900 2.5939 2.1394 2.3940 2.3455 1.9205 2.1126 1.9474 2.0046 1.9998 1.5383 2.2091 1.9377 1.8775 1.7265 1.8138 1.8022 2.0543 1.3116 1.6988 1.6535 1.5259 1.6413 1.3439 1.6701 1.6332 1.2579 1.5621 1.4767 1.9855 0.5399 
3.3314 3.5223 2.7357 2.4498 1.8767 2.3351 2.3969 2.4375 2.4497 2.2618 1.6891 1.6386 1.8132 2.0108 1.9305 1.3877 1.9633 1.3416 1.7969 1.8280 1.6197 1.3437 1.3420 1.8397 1.9862 1.8691 1.7259 1.5736 0.9789 1.3843 1.4157 1.8582 0.9399 
3.5269 2.7623 2.6076 2.1712 2.0205 1.6080 2.2986 2.2563 2.2714 1.7083 1.7606 2.0553 2.1365 2.1865 2.0421 1.3861 1.3471 1.3370 1.9421 2.0386 1.9317 1.7646 1.4033 1.3016 1.7693 1.6901 1.6443 0.8539 1.1235 1.1440 1.3395 1.0477 1.1580 
2.9139 2.7662 2.0568 1.7651 2.3575 1.7254 2.0079 2.0914 1.6496 1.8391 1.9374 2.0046 2.0482 1.5598 1.6873 1.6335 0.9043 1.5853 1.5989 1.3710 1.8128 1.7032 1.6023 1.4265 1.1588 1.5370 1.3392 0.9527 1.4410 0.7611 0.7675 1.1361 0.5901 
2.4558 2.6311 2.2774 2.3892 1.6293 1.6548 1.8950 1.6774 1.6211 1.9283 2.0164 2.0896 1.8924 1.2195 1.3902 1.7608 1.7579 1.7106 1.2964 1.0153 1.6673 1.8005 1.6661 1.5056 1.1363 1.1052 1.2505 0.8961 0.7084 1.3283 1.0011 0.9746 -0.2549 
3.5203 3.8880 3.2598 3.3246 3.0846 2.4532 3.5119 3.4915 3.4240 3.0131 1.5655 1.9996 2.5623 1.5708 2.4833 2.1227 1.1791 2.0652 2.3866 1.3471 2.3695 1.6954 1.2663 2.5872 2.9204 2.9046 2.8325 1.6386 2.1454 2.3017 1.9974 2.2132 1.4145 
2.8599 3.2032 2.9758 2.7736 2.4525 2.1003 3.0978 2.9617 3.0991 3.1127 2.0103 2.2083 2.4989 2.0907 1.8257 1.8577 2.3326 1.7986 1.7229 1.9424 2.2879 1.9488 1.6638 2.6883 2.5905 2.4095 2.4291 1.3728 1.5946 1.7062 1.7376 1.5844 0.7032 
4.9088 4.8172 4.4380 4.2396 4.0476 3.9455 3.8581 3.8976 3.7015 3.8715 3.6676 3.6150 3.5368 3.4682 3.4757 3.4074 3.3726 3.3429 3.3407 3.2843 3.2922 3.3246 3.3154 3.4494 3.2274 3.2990 3.1895 3.1840 3.1719 3.1791 3.1797 3.1843 2.5107 
3.3074 5.1951 4.7988 4.0803 3.8147 3.6728 3.6555 3.7196 3.0701 3.5971 3.4429 3.3752 3.1362 3.5535 3.1789 3.1059 3.0495 3.0361 3.0758 3.3778 2.8885 3.1210 3.1085 3.1888 2.5564 3.1702 3.0042 2.9123 2.9090 3.0467 3.5325 3.5740 1.9078 
4.9114 5.0255 4.9413 4.6331 4.4254 4.1931 3.8210 3.9998 3.8725 3.9581 3.9296 3.9691 3.9466 3.9818 3.8149 3.7365 3.6766 3.6768 3.6852 3.8287 3.7094 3.6758 3.5799 3.5521 3.3651 3.4487 3.1682 3.4328 3.5511 3.5703 3.6572 3.3730 2.4424 
4.7099 5.0795 4.6823 4.0227 3.9414 3.8239 3.8589 3.2132 3.8450 3.8049 3.1506 3.1832 3.2710 3.4035 3.6615 3.2963 3.3269 3.2511 3.5627 3.2388 3.0649 2.8917 2.8022 3.3829 3.3409 2.6330 3.1912 3.0659 3.0598 2.9830 3.3943 3.4426 2.4232 
