5.4427 5.0826 4.1798 3.6862 3.4037 3.1902 4.1980 3.5407 3.2415 3.0887 2.9205 2.8793 2.7837 2.8209 2.7236 2.7338 2.5774 2.6846 2.6249 2.6631 2.5580 2.5934 2.5473 2.6437 2.7202 2.9321 3.4948 2.3974 2.4126 2.5540 2.8178 3.2510 2.9118 
4.3622 4.7926 3.9141 3.9227 3.7646 3.6814 3.0907 3.0664 3.0890 3.1184 3.0628 3.0073 2.8474 2.9427 2.9424 2.7451 2.9160 2.6961 2.8174 2.7606 2.6464 2.6920 2.6743 2.6753 2.5501 2.4035 2.3697 2.8473 2.7927 2.7643 2.5690 3.0152 1.9849 
2.5637 4.1451 3.2952 2.6971 3.0377 2.9080 3.2165 3.0428 2.7735 2.4181 2.5150 2.5600 2.3753 2.4248 2.5464 2.1650 2.1581 2.0897 2.4089 2.2688 2.1433 2.2570 2.1474 1.9716 2.2600 2.4000 2.4980 2.0822 2.0369 1.5296 1.8810 2.3527 0.8279 
4.8134 4.6968 3.8173 3.5432 3.3393 3.1491 3.0455 3.4960 3.1948 3.0909 2.8226 2.5090 2.7746 2.6651 2.6937 2.5838 2.5731 2.5087 2.5796 2.4569 2.5380 2.2296 2.4396 2.6482 2.6790 2.8490 2.3001 2.3187 2.3669 2.3844 2.4013 2.8630 2.2540 
4.8219 4.5901 4.4907 4.0592 3.9856 3.8054 3.6644 3.2317 3.5762 2.9953 3.6411 3.2879 3.1345 3.0135 2.8714 2.9310 2.8709 2.8611 2.7612 2.8107 2.8813 2.9988 3.2560 2.5223 3.0696 2.6422 2.9642 2.9718 3.0328 2.9092 3.1096 2.7859 2.1914 
4.4922 4.8609 4.7387 4.2867 4.0639 4.0095 4.0178 3.3431 3.8007 3.6532 3.4485 3.5449 3.4680 2.9322 3.1529 3.2406 3.1846 3.1882 3.0609 2.7496 3.1944 3.2286 3.0702 3.2030 3.2535 2.7154 3.2910 3.1780 3.1051 3.1211 3.3168 3.0992 2.0047 
4.9925 5.1633 4.2453 3.8988 3.6293 3.5102 3.8584 3.6343 3.5648 2.7796 3.0496 2.8406 2.6707 3.0456 2.3080 2.2961 2.2756 2.2454 2.2008 2.8262 2.4034 2.5530 2.6634 2.3166 3.0597 3.0348 3.1286 2.6778 2.6746 2.7257 2.8044 3.3488 2.4077 
4.5967 4.7363 3.5314 3.1779 2.8502 2.8468 3.4804 3.0478 2.7689 2.8900 2.6549 2.4870 2.0179 2.6840 2.4066 1.1282 1.8389 1.0074 2.2944 2.4966 1.8146 2.1957 2.2665 2.4391 2.2525 2.4008 2.7395 2.0210 1.9026 2.0249 2.0609 2.9122 2.1705 
4.7295 4.2638 4.2765 3.9950 3.8153 3.7722 3.8444 3.5047 3.0845 1.9909 2.7201 2.9706 2.8504 2.8808 2.8276 2.8220 2.5779 2.7680 2.7236 2.7150 2.6444 2.6710 2.3419 1.5294 2.5361 2.8527 3.1182 2.9413 2.8255 2.8376 2.8568 2.4839 2.1564 
5.0531 4.9397 4.6462 4.1196 3.9774 3.7123 3.7779 4.0986 3.9600 3.5344 2.6643 3.3190 3.1393 2.8635 3.3896 3.4501 3.4094 3.3728 3.2489 2.6995 2.8873 3.0437 2.2845 3.0908 3.4431 3.5079 3.0784 2.8776 3.0210 2.9893 3.2271 3.1480 2.3234 
5.1525 5.1784 4.5597 3.8065 3.5583 3.3714 3.1676 3.2589 3.4634 2.9749 2.8660 2.5394 3.4478 3.6058 2.7777 2.7080 2.5926 2.6667 2.6647 3.4493 3.1866 2.2436 2.4990 2.5179 2.9079 2.6753 2.4291 2.5520 2.6248 2.6807 3.1699 3.3578 2.4499 
4.8075 5.0739 4.7374 4.1963 3.9989 3.8213 3.7940 3.4909 3.5585 3.5204 3.5616 3.4625 3.6058 2.6618 3.4174 3.2569 3.2347 3.2067 3.2739 2.4650 3.3671 3.1354 3.1803 3.0782 3.0571 2.8341 3.0889 2.9906 3.0580 3.0719 3.3107 3.2583 2.2793 
4.4162 4.9441 4.5727 4.0821 3.9143 3.7746 3.6056 3.5872 3.1693 3.3914 3.2906 2.9676 3.6132 2.7771 3.3170 3.1914 3.1693 3.1381 3.2007 2.6190 3.3792 2.6676 2.9227 2.9323 2.6592 2.9791 2.8820 2.9434 2.9227 2.9544 3.1748 3.1660 2.0044 
3.9801 4.9143 4.4979 4.0335 3.8402 3.6957 3.5463 3.5425 2.9979 3.2751 3.2838 3.2403 3.5555 3.0757 3.4268 3.1463 3.1603 3.0988 3.2802 2.8717 3.2998 2.9461 2.9132 2.8243 2.4434 2.9141 2.8182 2.8632 2.8411 2.8822 3.1151 3.1410 1.7978 
4.3525 4.9108 4.4525 4.0153 3.7973 3.6573 3.5103 3.5315 2.6851 3.2793 3.2538 3.3298 3.7641 3.1309 3.5547 3.0212 3.0270 2.9462 3.4541 2.9589 3.5300 3.0578 2.8819 2.8260 2.1726 2.8974 2.7756 2.8234 2.8172 2.8597 3.0717 3.1350 1.9781 
4.4050 4.9248 4.5037 4.0281 3.8920 3.7346 3.6139 3.6911 3.3400 3.2640 2.6995 2.4904 3.6569 3.1014 3.4941 3.2488 3.2287 3.1992 3.3577 2.8967 3.4441 2.2025 2.3195 2.8202 2.8030 3.0978 2.8922 2.9026 2.8851 2.8756 3.1201 3.1501 1.9956 
4.6125 4.9961 4.5301 4.0338 3.8543 3.7232 3.6429 3.5145 3.8278 3.3719 3.5028 3.6000 3.4530 3.3657 3.5185 2.9611 3.0504 2.8915 3.3945 3.1845 3.1821 3.2855 3.1158 2.9143 3.2736 2.8784 2.9271 2.8923 2.8543 2.8834 3.1406 3.2066 2.1583 
4.8487 5.0710 4.4997 3.9421 3.7657 3.5951 3.5159 3.6156 3.0982 3.2832 2.9944 3.6415 3.3406 3.3430 3.2760 2.3777 2.7187 2.3201 3.1649 3.1676 3.1053 3.3352 2.6381 2.8333 2.5521 3.0197 2.7850 2.7644 2.7943 2.7853 3.1185 3.2536 2.3174 
4.9071 5.1454 4.5146 3.9748 3.7507 3.5383 3.3896 2.7323 3.6753 3.6116 3.3901 3.9490 3.6808 2.6327 3.5929 3.2661 3.1622 3.2140 3.4956 2.4314 3.4753 3.6300 3.0328 3.1622 3.1610 2.1413 2.6794 2.7075 2.7846 2.8210 3.1296 3.3165 2.3491 
4.9097 5.1564 4.4944 4.0069 3.6909 3.5625 3.5380 3.6988 3.3478 2.8649 3.4816 3.3735 3.4323 3.4189 3.1220 1.9301 2.7189 1.8990 3.0072 3.2219 3.1739 3.0774 3.0937 2.4236 2.8075 3.1018 2.8155 2.7310 2.7379 2.8544 3.1123 3.3340 2.3354 
4.8857 5.1530 4.4934 4.0496 3.6885 3.5932 3.2201 3.7149 3.9365 3.4835 3.2699 3.8824 3.8404 2.9708 2.9669 3.2779 3.1586 3.2261 2.8334 2.7716 3.5808 3.5540 2.9093 3.0216 3.4063 3.1175 2.5146 2.7639 2.7363 2.9059 3.1100 3.3293 2.3256 
4.7380 5.1031 4.5882 4.0840 3.8442 3.6388 3.4640 2.6727 3.6791 3.5005 3.3694 3.2512 3.3194 3.2681 3.2689 3.1980 3.1633 3.1440 3.1624 3.1103 3.0958 2.9658 3.0023 3.0609 3.1638 2.0293 2.7256 2.8101 2.8489 2.9580 3.1879 3.2833 2.2337 
4.7135 5.0202 4.4947 3.9854 3.6949 3.5399 3.4261 3.3511 3.1355 3.2174 2.7525 3.2410 3.0436 3.2125 3.1982 3.0541 3.0142 2.9756 3.0958 3.0635 2.7710 2.9489 2.3636 2.7700 2.6320 2.7326 2.7018 2.7100 2.7382 2.8265 3.1116 3.2250 2.2451 
4.4522 4.9828 4.4769 3.8877 3.6048 3.4860 3.1026 2.7290 3.2417 3.1319 2.9758 3.3845 2.9846 3.3680 2.7676 2.9686 2.7584 2.8967 2.6690 3.1822 2.7367 3.0870 2.6178 2.6880 2.7277 2.1103 2.3748 2.6545 2.6590 2.7185 3.0901 3.1951 2.0861 
4.0975 4.7579 3.9100 2.7805 2.9025 2.4336 2.9255 3.3466 3.5062 3.4038 3.3813 2.3466 2.2819 2.0936 2.5821 2.4702 2.2006 2.4072 2.4371 1.9131 2.0196 2.0428 3.0152 2.9469 2.9671 2.7296 2.2286 1.6187 1.9377 1.6575 2.4801 2.9504 1.8340 
4.4617 4.8956 4.4181 3.7989 3.5582 3.5128 3.2568 3.3068 2.8462 2.8519 3.5266 3.1333 3.0275 3.0120 2.5217 2.6707 2.6907 2.6177 2.4001 2.8099 2.7632 2.8135 3.1433 2.4028 2.3357 2.7002 2.5651 2.6803 2.6060 2.6649 3.0378 3.1164 2.0547 
3.9343 4.8613 4.3073 3.5120 3.2179 3.1380 3.1367 3.2906 3.4196 3.0103 3.3612 2.4661 2.2786 1.6717 1.9866 2.3095 2.2716 2.2614 1.8766 1.5048 2.0160 2.1892 2.9944 2.5550 2.8635 2.6927 2.4051 2.3053 2.2648 2.3519 2.8610 3.0871 1.7931 
3.8975 4.8797 3.9671 3.1997 2.9991 2.5840 1.9585 3.0025 3.1447 2.3684 1.9688 2.7368 2.4998 1.9574 2.1206 2.1648 2.0776 2.0856 1.9833 1.8171 2.2722 2.4132 1.5694 1.9110 2.6353 2.3693 1.3209 1.7956 2.0259 2.0821 2.5902 3.0977 1.7855 
4.0545 4.8167 3.5313 3.3915 2.9837 2.7619 2.8919 3.2162 3.5415 3.2940 3.5306 2.5549 2.2502 2.8224 1.8688 1.1587 0.8453 1.1126 1.7664 2.6691 1.9821 2.2523 3.1464 2.8405 3.0228 2.6316 2.2068 1.9367 1.9959 2.2582 2.0873 3.0482 1.4120 
2.8164 4.3928 4.1325 4.1576 3.8961 3.7122 3.6202 3.6382 3.5626 3.5074 2.7612 3.0270 2.7633 2.7706 3.0223 2.8724 2.9115 2.8182 2.8741 2.6222 2.5235 2.7027 2.3711 3.0644 3.0542 3.0521 2.9005 2.8806 2.8935 3.0496 2.7854 2.6192 1.0497 
5.2723 4.8483 4.6830 4.1812 4.0656 3.9150 3.7346 3.5281 3.1976 2.6684 3.3204 3.2503 2.9329 3.1330 3.0826 2.8720 2.7152 2.8171 2.9480 2.9525 2.6991 2.9606 2.9543 2.2231 2.6807 2.8926 3.0463 3.0813 3.1065 3.0629 3.2570 3.0622 2.6811 
4.4617 5.1176 4.6599 4.0606 3.4100 3.1726 2.3184 3.5623 3.6382 3.2452 3.1369 2.8333 2.6046 3.0948 2.6939 2.5173 2.3275 2.4468 2.5728 2.8956 2.3467 2.5375 2.7588 2.7992 3.1170 2.9486 1.5726 2.3338 2.4079 2.8975 3.2376 3.3043 1.8116 
4.4893 4.5397 4.7609 4.4268 4.2357 3.9735 3.7713 3.6588 3.5150 3.5244 3.4935 3.6285 3.6359 3.6429 3.5911 3.5692 3.5105 3.5202 3.4941 3.4890 3.4095 3.3208 3.1067 3.0843 2.9864 3.0709 3.0732 3.1400 3.2430 3.2762 3.3623 2.7684 1.9867 
2.5127 4.7354 4.3785 4.0465 3.8748 3.6596 3.5081 3.2591 3.3785 2.8586 3.5326 3.3217 3.2370 3.2407 3.1198 3.1417 3.0960 3.0938 3.0096 3.0872 3.0171 3.0441 3.1505 2.4035 2.8336 2.6659 2.7741 2.8256 2.8708 2.9054 2.9813 2.9239 1.0685 
4.9980 4.8667 4.1896 3.7842 3.6698 3.4399 3.4908 3.4979 3.5374 3.4262 2.9931 2.7118 2.3021 1.8248 2.4329 2.6723 2.6456 2.6206 2.3254 1.6105 2.0514 2.3972 2.6292 2.9659 3.0173 2.8487 2.7494 2.6024 2.7118 2.6477 2.7747 3.0884 2.4779 
4.9924 4.5624 4.6016 4.1793 4.0221 3.9157 3.8249 3.7269 3.6836 3.6467 3.0921 3.2906 3.3200 3.3142 3.2385 3.1427 3.1244 3.0945 3.1315 3.1427 3.0962 3.0083 2.7090 3.1952 3.1625 3.1235 3.1062 3.0824 3.0746 3.0607 3.2170 2.7567 2.4415 
4.9633 5.2015 4.6164 4.3174 4.1420 4.0188 3.9182 3.8955 3.7978 3.7270 3.6220 3.5961 3.5143 3.4879 3.4050 3.4262 3.4242 3.3513 3.2628 3.2739 3.2452 3.2787 3.2401 3.2714 3.2469 3.2413 3.1799 3.1845 3.1753 3.1433 3.2056 3.4070 2.2869 
3.9293 5.1396 4.0477 3.7524 3.2906 3.2026 3.0924 3.5217 2.7108 3.5659 3.1987 1.8502 2.1951 1.9930 2.4159 2.1180 1.7649 2.0449 2.3168 1.8323 1.9371 1.5213 2.8184 3.1197 2.1963 2.8811 2.3559 2.3639 2.3214 2.6381 2.6509 3.3246 1.5201 
4.5880 4.4656 4.2421 3.9727 3.8519 3.6843 3.5832 3.4678 3.4173 3.3778 3.1429 3.1801 3.1214 3.1169 3.0387 3.0936 3.0456 3.0450 2.8897 2.9278 2.8612 2.8630 2.7609 2.9186 2.8630 2.8176 2.8541 2.8510 2.8503 2.8173 2.8345 2.7043 2.0276 
5.0129 4.7015 3.7909 3.2546 2.8220 2.8050 2.3734 1.6364 2.7503 2.6649 2.9259 2.5620 2.3603 2.4528 2.1563 1.8827 2.2561 1.8327 2.0122 2.2874 2.1218 2.2563 2.5542 2.2232 2.2354 0.9980 1.6311 1.9550 1.8565 2.0830 2.3974 2.8782 2.4840 
5.3277 5.1204 4.5527 3.4964 3.4926 3.2602 2.9311 2.8083 3.4274 3.4809 3.1753 2.5250 2.7842 2.3071 2.6606 2.6593 2.5262 2.5974 2.5236 2.1358 2.5554 2.2428 2.7975 3.0254 2.8703 2.2155 2.2394 2.4345 2.5073 2.3416 3.1604 3.2716 2.6991 
4.7685 5.1497 4.8175 3.9365 3.4827 3.3350 3.1343 3.0728 3.3651 3.1349 3.2497 3.0707 2.5981 3.1248 3.0136 2.7761 2.7416 2.7226 2.8662 2.9395 2.3382 2.7378 2.8764 2.6908 2.8233 2.4217 2.4034 2.5000 2.4808 2.7624 3.4322 3.3355 2.3326 
4.6971 4.5317 3.1170 3.2246 3.1606 2.9686 2.7441 2.8521 2.7082 3.0940 2.7902 2.5875 2.4981 2.6442 2.6052 2.6333 2.7166 2.5568 2.4585 2.4294 2.2675 2.2748 2.4047 2.6534 2.1979 2.2621 2.0141 2.1354 2.2209 2.0917 1.8359 2.7406 2.1828 
4.4514 4.2770 3.7328 3.5181 3.2950 3.1633 2.9288 2.9649 2.7806 2.6640 2.4945 2.6907 2.4630 2.3230 2.3627 2.3164 2.2441 2.2670 2.2591 2.1546 2.2465 2.3682 2.1226 2.2237 2.2640 2.3369 2.2361 2.3281 2.3317 2.3564 2.3616 2.4448 1.9250 
3.8088 3.2803 3.7212 3.3859 3.2003 3.0880 3.0550 2.8786 2.7735 2.6550 2.7699 2.5741 2.4494 2.4203 2.4068 2.4545 2.4172 2.4000 2.3032 2.2660 2.2382 2.2647 2.3926 2.2067 2.2599 2.2768 2.3130 2.2569 2.2522 2.2506 2.3462 1.5116 1.2788 
4.7427 4.4965 4.0062 3.5479 3.3666 3.1726 3.0957 2.9388 2.9628 2.8178 2.8124 2.4160 2.5342 2.6303 2.5341 2.1792 2.3473 2.1022 2.4032 2.4107 2.2946 2.1222 2.4241 2.3682 2.4126 2.3190 2.3614 2.3381 2.3880 2.3897 2.6388 2.7113 2.1571 
3.8483 3.2941 2.8549 2.6644 2.3986 2.4494 2.2358 1.8120 2.0758 1.7963 2.2917 1.8911 2.2907 2.2034 2.1498 1.6701 1.7475 1.6012 2.0080 1.9898 2.0321 1.5714 1.9091 1.3211 1.5506 1.1470 1.4867 1.6067 1.4278 1.4698 1.4547 1.4580 1.1166 
4.2682 4.2247 3.3918 3.1028 2.9729 2.7391 2.6877 2.4913 2.6180 2.5358 2.4313 2.2467 2.4409 2.4033 2.2469 2.1718 2.3191 2.0972 2.1097 2.2476 2.2346 1.9234 2.0602 2.0741 2.0680 1.8747 1.9558 1.9058 1.9868 1.9474 1.9858 2.4095 1.7627 
3.6108 4.1678 3.5409 3.2594 3.0574 3.0159 2.8054 2.5283 2.7188 2.6720 2.6978 2.7143 2.4300 2.4313 2.1991 2.1736 2.2236 2.0982 2.0493 2.2732 2.2254 2.3980 2.3139 2.2308 2.2087 1.9076 2.0870 2.1804 2.0473 2.1250 2.1369 2.3752 0.8624 
3.2437 3.5967 3.0922 2.7448 2.5803 2.3146 2.4503 2.6253 2.5986 2.1163 2.2896 2.2796 2.1848 2.2312 1.9101 1.9870 1.4347 1.9339 1.8142 2.0141 1.9237 1.9587 1.9091 1.6534 2.0414 1.9800 1.7629 1.4816 1.5833 1.5873 1.6688 1.8302 0.8079 
1.0311 2.1634 2.4127 1.6394 1.8323 2.0323 2.1054 1.4605 1.7980 1.8770 1.8171 1.7003 0.5965 1.5027 1.1042 1.6071 0.6839 1.5547 0.9975 1.3470 0.3307 1.4052 1.4332 1.4291 1.2422 0.8570 1.4018 1.2079 0.8721 0.5163 1.0506 0.3199 -0.9386 
1.9227 2.3398 2.0611 0.8739 1.3261 1.5752 1.5452 1.4571 2.1038 1.6432 1.4738 1.7455 0.9139 1.4095 1.5528 0.3394 0.5945 0.3029 1.4477 1.1971 0.6598 1.4343 1.0928 1.1856 1.5666 0.8456 0.8385 0.7391 0.3253 -0.3998 0.7085 0.5535 -1.7343 
3.7165 3.1785 2.8032 2.5136 2.1843 1.9204 2.2560 2.3544 2.2940 1.8818 2.1180 2.2385 2.0279 1.4017 1.4264 1.2522 0.9234 1.1857 1.3019 1.1880 1.8175 1.9084 1.7522 1.4353 1.7770 1.7533 1.5211 1.0829 1.1810 1.3898 1.4215 1.3713 1.1056 
3.3778 3.0593 2.1680 2.1899 2.1950 1.8231 1.6936 1.5486 2.0028 1.3491 1.3370 2.0772 1.5803 1.5617 1.8013 1.0991 1.6404 1.0381 1.6502 1.4076 1.3695 1.8004 0.9774 0.8784 1.4863 0.9647 0.9922 0.9897 1.1902 1.0317 0.7462 1.2077 0.7711 
3.5486 3.3387 2.9396 2.7790 2.5314 2.4729 2.2457 1.4656 2.0583 2.3752 2.2498 1.4487 1.3656 1.8288 2.1472 1.7008 1.2373 1.6286 2.0053 1.6230 1.0963 1.1242 1.8620 1.9269 1.5347 0.8535 1.5040 1.6416 1.5505 1.6271 1.5412 1.5308 0.9559 
3.4103 3.2983 2.8996 2.5876 2.2335 2.0430 2.3528 2.0890 1.8949 1.7892 1.6896 2.1020 1.8321 1.6598 1.1547 1.7595 1.8403 1.6858 1.0484 1.4839 1.5653 1.8170 1.3259 1.3265 1.3895 1.4726 1.6300 1.2145 1.2274 1.4350 1.5037 1.5030 0.7484 
2.8287 2.8918 2.3692 2.1307 2.1461 1.9164 1.8757 1.9836 1.8359 2.1689 1.8238 2.0507 2.2353 2.0570 1.7589 1.6891 -1.1306 1.6171 1.6144 1.8847 1.9678 1.7717 1.4388 1.7104 1.3052 1.3998 1.1525 1.0662 1.1586 1.0062 0.9973 1.1441 0.2106 
3.4296 2.2549 1.5215 1.6184 2.0329 1.9373 1.9328 1.6992 1.6063 1.2991 1.3648 1.6350 1.1389 1.3747 1.6931 1.7801 1.9028 1.7065 1.5675 1.1568 0.9070 1.3601 0.9937 0.8214 1.0781 1.0675 1.2064 1.1084 1.0848 0.5339 0.1531 0.3124 0.7761 
2.2975 1.8867 1.6668 1.3735 1.6998 1.5681 1.9863 1.9677 1.7713 1.3707 1.1524 1.6631 1.7240 2.0931 1.6819 1.8223 1.4293 1.7585 1.5597 1.9140 1.4770 1.3840 0.7764 0.9012 1.2096 1.3756 1.2846 0.7366 0.7206 0.2180 0.3172 0.1242 -0.4958 
2.8956 3.1378 2.7110 2.3391 2.3043 2.0632 2.1475 1.1826 2.1704 1.9863 1.3392 1.5014 1.8030 2.0334 1.4295 1.7875 0.7649 1.7104 1.3034 1.8700 1.5294 1.1869 0.9695 1.5360 1.6146 0.6082 1.4312 1.2211 1.3501 1.1760 1.3197 1.3616 0.2422 
2.7006 2.6137 2.6452 2.3896 2.2820 1.8620 2.3125 1.3188 1.9620 2.3018 1.9750 2.6778 1.6058 2.6361 1.9830 1.8163 1.4208 1.7480 1.8700 2.4152 1.4138 2.3534 1.5998 1.8555 1.4501 0.6727 1.5805 1.0360 1.3134 1.2308 1.2246 0.7919 0.1528 
3.2279 2.2312 1.5566 1.5955 2.1816 2.0389 1.7051 1.9231 1.0985 2.0189 1.6341 1.4536 1.6809 1.1070 1.8446 1.8730 1.8303 1.8269 1.7202 0.9458 1.4489 1.1288 1.2667 1.5698 0.6005 1.3158 1.0022 1.2069 1.1898 0.4881 0.1538 0.3520 0.6263 
3.0104 1.3752 1.4811 2.1188 1.4200 1.6831 1.9317 1.7121 1.9030 1.8796 1.1393 1.4333 1.3838 1.8180 1.0849 1.4173 1.3357 1.3632 0.9870 1.6043 1.1145 1.1108 0.7566 1.4335 1.3989 1.0839 1.2067 0.8558 0.4108 0.9948 0.0984 -0.8932 0.3502 
3.3474 2.4425 1.8277 2.0441 1.9276 1.6206 1.5766 0.9878 0.9829 1.9397 1.7570 1.3603 0.6902 1.3301 1.5772 1.3428 1.3640 1.2572 1.4706 1.1393 0.4638 1.0341 1.3879 1.4903 0.4347 0.3471 0.8851 0.7875 0.9755 0.9004 0.3661 0.5720 0.7157 
2.9002 2.4107 1.1765 1.9220 0.3942 1.3996 1.0558 1.4583 1.4081 1.0299 0.5716 1.3860 0.2194 1.2246 1.0341 1.1420 0.4282 1.0879 0.9103 1.0578 -0.0839 1.0521 0.1736 0.5867 0.8639 0.8290 0.3394 0.5682 -0.4580 0.7679 -0.2678 0.6992 0.2580 
2.9654 2.3573 1.8336 2.3377 1.9259 2.2343 1.4595 1.1159 1.9011 2.2143 2.2171 1.6197 1.8796 1.9806 1.7389 1.5794 1.1066 1.5282 1.5945 1.8242 1.6239 1.3409 1.8298 1.7560 1.3968 0.5156 0.7310 1.4005 0.9755 1.1758 0.4588 0.5356 0.3201 
3.3206 2.4135 2.1854 1.9451 0.9136 1.6315 1.7210 1.8516 1.9865 1.8969 1.3824 1.1617 1.6671 1.8645 1.6427 1.7132 1.0784 1.6392 1.5249 1.6754 1.4419 0.8873 0.9873 1.4495 1.4698 1.2126 1.0068 0.7974 -0.1854 0.8028 0.8038 0.7293 0.6992 
2.5349 2.1736 2.4984 1.9825 1.1938 1.4512 2.1856 2.1137 1.1819 1.1350 1.8756 2.0281 1.6704 1.2734 1.2766 1.3311 1.4638 1.2586 1.1508 1.0888 1.4384 1.7431 1.4940 0.6892 0.6531 1.4908 1.4562 0.6250 0.2293 0.8256 1.1096 0.3617 -0.0613 
2.6883 1.4781 1.9196 1.3935 1.1591 1.3752 1.2908 1.5982 1.2360 1.3474 0.7399 1.4589 1.0888 0.8158 1.1985 1.4934 1.2873 1.4440 1.0854 0.6444 0.8521 1.1407 0.3745 0.8870 0.7063 1.0059 0.5891 0.5474 0.2033 0.2213 0.5556 -0.3935 0.1048 
3.9807 2.9772 2.3766 2.2749 2.3488 1.9406 2.2771 2.1269 1.8898 1.9781 1.0673 1.3428 1.6565 1.5806 1.0716 0.2544 0.6691 0.2355 0.9836 1.4300 1.4285 1.0229 0.6935 1.5305 1.3844 1.5017 1.5518 1.1123 1.4030 1.1127 0.9921 1.0750 1.3916 
3.1510 2.7453 2.0567 1.8381 1.4125 2.1990 2.0904 1.8517 2.3152 2.2123 1.6147 1.8483 1.1464 1.4910 1.3942 0.4446 0.8785 0.3706 1.2470 1.3239 0.9217 1.5249 1.2388 1.7496 1.8098 1.2202 1.3955 1.3694 0.4279 0.6815 0.6561 0.9600 0.5853 
3.9632 3.1314 2.2058 2.4004 1.8797 2.2538 1.8152 2.0099 2.2306 1.9236 1.5094 1.6425 1.8213 1.4323 1.5724 1.3764 1.8171 1.2999 1.4673 1.2385 1.5538 1.3651 1.1340 1.4768 1.6755 1.4197 1.0772 1.4211 0.9107 1.2506 0.7624 1.2535 1.3605 
3.6457 3.1451 2.7861 2.5904 2.5737 2.2864 1.9478 2.2331 1.7827 1.6508 1.9143 2.1800 1.6829 1.5390 1.0252 0.9669 1.0087 0.8975 0.9101 1.3908 1.4480 1.8619 1.5341 1.1980 1.2242 1.5765 1.2251 1.4502 1.5752 1.4354 1.4103 1.3275 1.0444 
3.3642 3.1076 2.8832 1.9781 2.4170 2.2426 2.7098 2.4755 2.2180 2.0309 2.2227 1.2837 1.8953 2.1377 1.4252 1.4485 1.4737 1.3997 1.2968 1.9463 1.6469 0.9929 1.8334 1.5769 1.6625 1.8660 1.9840 1.4102 1.4677 0.7935 1.4984 1.2964 0.7408 
3.4200 2.3075 1.9920 2.3863 2.3702 2.3075 1.8553 2.0074 1.8708 2.3609 1.5248 1.9259 2.2334 2.2347 2.0018 1.8182 1.8204 1.7499 1.8950 2.0182 1.9637 1.6068 1.1318 1.9118 1.3704 1.4152 1.1091 1.4787 1.4185 1.2637 0.6902 0.6644 0.7513 
2.9700 2.7469 2.1055 2.0350 1.0575 2.3067 2.4056 1.5958 2.0166 1.2153 1.7799 1.9581 1.8511 1.9173 1.1753 1.4792 1.3199 1.4315 1.0644 1.7527 1.5856 1.6475 1.4034 0.7424 1.4985 0.9912 1.6986 1.4783 0.1459 0.9096 0.7025 0.9600 0.3579 
3.6285 3.1371 2.6243 2.7653 3.0147 2.9107 2.6853 2.5832 2.4550 2.8262 2.9714 2.8199 2.8855 2.9928 2.7502 2.0315 0.9335 1.9770 2.6529 2.7967 2.6684 2.5190 2.6067 2.3845 1.9339 1.9470 1.9505 2.0743 2.0150 1.6201 1.2003 1.3173 1.0347 
3.0473 2.4935 2.1653 2.3714 2.6527 2.4719 0.7080 2.3720 1.3914 2.4441 2.6536 2.4643 1.7094 1.6433 2.2349 1.0962 2.0478 1.0604 2.0909 1.4792 1.4708 2.1787 2.2669 1.9941 0.8427 1.7768 -0.0729 1.6355 1.6571 1.2308 0.7366 0.7112 0.4346 
2.9628 2.2544 1.8281 2.1091 2.3178 2.3875 2.2290 2.6769 2.8304 2.0131 2.3615 2.4483 1.2489 1.4703 1.1551 1.0169 1.0037 0.9673 1.0485 1.2955 1.0169 2.1625 1.9841 1.5655 2.3140 2.0371 1.4915 1.5526 1.3707 0.9858 0.4301 0.4264 0.3794 
3.6233 3.1363 3.2448 3.0086 2.6035 2.6912 2.7691 2.1874 2.6732 2.7392 2.6744 1.8328 2.1687 1.2155 1.9003 1.8443 1.9026 1.7977 1.8072 1.0414 1.9101 1.5017 2.2875 2.2934 2.1380 1.5363 2.0450 1.8592 1.6023 1.8495 1.8770 1.3047 1.0280 
2.2480 2.6993 2.3541 1.8373 2.1631 1.6474 2.6502 2.3038 2.4978 1.8366 2.1759 2.1026 2.0482 1.8511 2.1235 1.1543 -0.0353 1.1069 1.9890 1.6576 1.8320 1.8168 1.8103 1.3945 1.9649 1.6788 1.9105 0.8080 1.1691 0.6605 0.9789 0.9305 -0.2899 
2.8247 2.1789 1.9485 2.1901 2.3999 2.1954 2.5497 2.3027 2.2175 1.7406 0.8513 2.2722 1.4005 1.3803 1.7726 1.7484 1.8851 1.6747 1.6248 1.1582 1.1240 1.9498 0.5210 1.2757 1.6606 1.6758 1.8383 1.3748 1.4447 1.0375 0.5710 0.4089 0.2361 
1.1268 2.6169 2.0761 1.8810 1.9496 1.7063 2.0669 2.5504 2.2575 2.4400 2.3116 2.3531 2.0748 1.9581 1.4777 1.5699 1.1169 1.5175 1.3896 1.8048 1.8494 2.0366 1.9332 1.9908 1.7204 1.9250 1.3834 0.8752 0.9921 0.7384 0.6728 0.8230 -1.4783 
2.0294 2.1803 1.8413 2.3669 2.4863 2.4059 2.7050 2.3341 1.1675 1.9839 2.0131 1.9647 1.0102 1.5388 1.5816 1.6059 1.1468 1.5556 1.4792 1.3894 0.7450 1.6536 1.6425 1.5365 0.6575 1.7202 1.9776 1.5730 1.5146 1.2245 0.3983 0.4106 -0.5785 
2.3956 2.6749 1.9403 2.0565 2.3045 1.8766 1.8443 2.8843 2.5504 2.1878 0.9804 1.9147 1.9255 1.8046 1.4669 1.3863 -2.1659 1.3065 1.3695 1.5827 1.6849 1.5955 0.5993 1.7247 1.9958 2.2824 1.1320 1.0426 1.3486 0.9439 0.5953 0.8728 -0.2033 
3.5923 3.1466 2.5677 2.7886 2.4780 2.6666 2.2921 2.2809 2.0596 2.1322 2.2852 1.8278 1.9848 1.8879 1.3126 0.8804 1.2141 0.7951 1.1767 1.7066 1.7691 1.4971 1.9010 1.6747 1.5324 1.6468 1.5580 1.8350 1.5085 1.6406 1.1615 1.3450 1.0216 
3.2595 3.0695 2.7303 2.6744 2.5004 2.4487 1.0902 1.3451 1.9789 1.2235 2.3434 2.2451 2.2270 2.4018 1.7725 1.7737 1.7095 1.6991 1.6210 2.2451 1.9564 1.9157 1.9672 0.7456 1.4598 0.7040 0.3285 1.6133 1.5273 1.5135 1.3512 1.2391 0.6637 
3.5391 3.1767 2.9748 2.4595 2.4971 2.0464 1.8214 2.3523 2.6952 2.0861 1.2044 1.8144 1.5972 1.9909 2.2460 2.1635 1.9395 2.0868 2.1123 1.8385 1.3972 1.4824 0.8515 1.6210 2.1715 1.7570 1.0885 1.2108 1.5240 1.3268 1.5676 1.3961 0.9867 
1.2852 2.7127 2.7125 2.5296 2.3821 2.5718 2.2289 2.6779 2.0523 2.1254 1.1265 2.1372 1.8462 2.2813 2.0388 1.4165 2.1502 1.3534 1.9272 2.0917 1.5753 1.8393 0.7264 1.6662 1.5173 2.0375 1.4816 1.7448 1.4272 1.4058 1.3525 0.9631 -0.8483 
1.2118 2.7059 2.6503 1.9808 2.5605 2.3607 0.9911 2.2550 2.0491 2.5524 2.6458 2.6436 2.2459 2.0427 2.1061 1.6251 1.4760 1.5684 1.9816 1.8769 1.9776 2.3098 2.2583 2.0943 1.5225 1.6115 0.2455 1.5220 1.5703 0.8178 1.2270 0.9157 -0.5978 
2.5039 2.2732 2.0509 2.2498 1.8384 1.1254 2.6172 2.8442 2.6473 1.7813 2.0937 1.9431 1.8604 1.2529 1.8090 1.6135 0.9800 1.5598 1.6611 1.0761 1.5976 1.6295 1.7264 1.3125 2.0896 2.2529 1.8849 0.3589 0.8697 1.0835 0.6942 0.4752 -0.0162 
2.9032 1.9861 2.7771 1.5111 1.9096 1.9158 1.5162 2.2618 2.7329 1.9682 2.3309 2.5448 2.3473 2.0832 1.5758 1.1043 1.4463 1.0440 1.4763 1.9045 2.1080 2.2486 1.9518 1.5231 2.2265 1.6268 0.7919 1.0799 0.9688 0.3357 1.4086 0.1661 0.3140 
3.7967 3.1432 2.8563 2.6205 2.3059 1.8054 2.6035 0.8231 2.2198 2.2440 2.3188 2.3120 1.6256 2.1639 2.1714 1.5364 1.8325 1.4811 2.0255 1.9674 1.4092 1.9918 1.9352 1.8049 1.6569 0.1645 1.8734 0.9489 1.3445 1.4590 1.4751 1.3171 1.1853 
2.2528 1.5392 1.9593 2.2402 2.2180 1.6865 2.6550 2.6270 2.3114 1.9928 2.1004 2.1736 2.1714 2.0167 1.9608 0.5693 0.9300 0.4719 1.8546 1.8585 1.9120 1.8597 1.7305 1.5534 1.8048 1.9791 1.9164 0.8722 1.2079 1.0820 0.5844 -0.2142 -0.3245 
0.8765 2.3863 2.7293 2.6266 2.5598 2.4054 2.5129 2.7144 2.6596 2.4755 2.3166 1.7104 1.0505 1.7585 1.9678 1.8905 0.6995 1.8411 1.8634 1.5582 0.8089 1.4106 1.9356 2.0215 2.1106 2.0882 1.8188 1.5663 1.5701 1.4627 1.3745 0.6512 -0.5972 
2.7617 2.5813 -0.5012 2.1427 2.7266 2.3342 1.6484 2.7717 2.4172 1.0842 2.0152 1.8272 1.9740 2.2320 2.4118 2.5217 2.1840 2.4518 2.3098 2.0180 1.7515 1.4966 1.6465 0.6481 1.9002 2.1707 0.9779 1.4951 1.7753 1.0107 -2.3416 0.7509 0.2225 
3.4285 3.1629 3.0295 2.7161 2.2264 1.9783 2.2422 2.7085 2.7735 2.9729 2.3887 2.2552 1.9798 2.2806 1.9196 1.5463 1.7073 1.4880 1.8211 2.0924 1.7570 1.9306 1.9971 2.5132 2.2604 2.0835 1.5061 1.1482 1.2151 1.5548 1.6038 1.3731 0.7718 
2.0183 2.5536 3.0933 1.9490 1.3285 1.4966 2.4271 2.8925 2.3691 2.2070 1.1232 1.5877 2.2144 1.6452 1.5988 1.9388 1.5923 1.8856 1.4927 1.4733 1.9428 1.3051 0.7422 1.7487 1.8502 2.2865 1.7419 0.6543 0.3219 0.7479 1.6888 0.7845 -0.5212 
3.5482 3.0602 2.9551 2.9330 2.6057 2.6500 2.7259 3.0791 2.6749 2.2496 1.9091 2.2324 2.0005 0.3444 1.7026 2.1772 1.9782 2.1025 1.5738 0.1722 1.7963 1.8975 1.5344 1.8081 2.1298 2.4303 1.9946 1.8186 1.6049 1.8144 1.5565 1.2108 0.9795 
