6.8128 6.4871 5.6195 5.6469 5.4792 5.2502 5.4777 5.4263 5.8214 5.6821 6.4504 5.4611 5.0801 5.1328 4.8759 5.7032 5.2328 5.6176 4.7028 4.9250 4.8229 5.0521 5.9670 5.1095 5.1216 4.6182 4.5611 4.2096 4.2723 4.2402 3.8924 4.2106 3.5371 
6.8806 5.6697 6.2456 6.0143 5.7638 5.5691 5.5370 5.5523 4.9648 6.2182 6.1933 5.5203 4.8395 5.0591 5.1288 4.5398 3.8265 4.4628 4.9909 4.8677 4.4937 5.1181 5.7279 5.6491 4.3374 4.8012 4.6296 4.5247 4.5365 4.5620 4.5106 3.3505 3.6449 
6.0718 6.5238 6.2180 5.7313 5.4958 5.2794 5.2394 5.3911 5.8660 5.9822 5.9252 5.4876 4.8128 5.2016 4.8778 4.6421 4.3070 4.5621 4.7061 4.9846 4.4885 5.0835 5.4372 5.4243 5.1677 4.5830 4.3601 4.2568 4.3154 4.3446 4.5159 4.2528 3.2533 
6.2828 6.8109 5.5859 5.4567 4.8684 4.8510 4.5794 4.7550 4.8435 4.8538 4.8093 4.1471 4.2202 0.0824 3.3336 3.2066 3.3146 3.1151 3.1938 0.3278 3.9074 3.7918 4.3449 4.2818 4.1431 3.9556 3.6860 3.8090 3.6330 4.0138 3.8126 4.5527 3.3278 
6.1916 6.7847 5.5114 5.4981 4.9369 4.8891 4.8059 5.0507 4.3265 3.8588 4.8485 2.3678 4.3466 3.9912 4.2904 4.1642 4.0548 4.0770 4.1064 3.8108 4.0110 1.8423 4.3626 3.3054 3.6114 4.3099 3.8892 3.8384 3.7269 4.0394 3.7693 4.5398 2.9897 
6.1214 6.9509 5.9566 5.5907 4.5581 4.3264 4.7652 4.5998 4.4827 4.3302 4.8301 4.8897 4.7065 4.4751 4.4408 4.5212 4.1305 4.4514 4.3240 4.2734 4.4078 4.4817 4.3538 3.7600 3.8391 3.8550 3.8644 3.2906 3.3475 4.1470 4.1611 4.6700 2.7252 
6.2357 6.6890 5.6092 5.2853 5.2526 5.0841 4.9850 5.0314 4.5344 4.4579 4.5491 4.2107 4.2342 3.8671 4.3885 4.2174 4.0768 4.1255 4.2402 3.6310 3.9194 3.8356 4.0713 3.8934 3.8793 4.2823 4.0732 4.0383 4.0229 3.8532 3.8591 4.4723 3.1328 
6.5106 6.5394 6.4567 6.0165 5.5388 5.5380 5.3847 5.4838 5.2637 5.5879 5.0562 4.9604 4.7494 4.7426 4.8508 4.6688 4.7676 4.5850 4.6595 4.5062 4.4368 4.5586 4.5654 5.0251 4.5710 4.7126 4.4565 4.4948 4.3563 4.5637 4.6951 4.3308 3.3015 
7.2444 6.7522 5.5491 5.0730 3.8773 4.8290 3.9633 4.9213 4.9252 4.9105 4.9504 4.4104 4.0636 4.3782 4.1217 3.6445 3.5894 3.5501 3.9748 4.1354 3.8117 4.0139 4.4718 4.3605 4.2719 4.1311 3.0655 3.7926 2.6393 3.6574 3.8186 4.4734 3.9887 
7.2855 6.5251 6.2982 5.9514 5.5645 5.1477 5.0798 4.5766 5.4003 5.3867 4.7633 4.7685 4.6991 4.5781 4.5398 4.4225 4.4689 4.3638 4.4051 4.3841 4.4045 4.3836 4.3028 4.8193 4.7138 3.8422 4.1977 4.1070 4.3718 4.4950 4.5251 4.2565 3.9515 
6.9499 6.2427 6.5486 6.1315 5.9176 5.8813 5.7966 5.5315 5.3839 5.7145 5.3803 4.9087 4.9062 4.7133 4.8915 4.7336 4.6580 4.6429 4.7304 4.4811 4.5714 4.5063 4.8897 5.1438 4.6818 4.7727 4.9008 4.8407 4.6691 4.7146 4.8420 3.9869 3.6935 
7.0327 7.0595 4.6708 5.0609 5.0033 4.8887 5.0759 5.1084 5.0999 4.8321 5.1611 2.3072 3.3061 3.2424 3.6943 2.9598 3.4722 2.8903 3.5252 2.9825 2.9786 1.9393 4.7009 4.2501 4.4451 4.3682 4.1821 3.8441 3.8142 3.6178 3.2459 4.8336 3.9116 
6.4620 7.0888 6.0381 5.3429 5.0276 4.5606 4.4604 4.7525 5.2015 4.6625 4.9043 4.6532 4.5480 4.4857 4.3530 4.3765 4.4432 4.3206 4.1821 4.2815 4.2716 4.3034 4.4280 4.0756 4.5364 3.9668 3.5598 3.5154 3.8361 3.8809 4.2746 4.8750 3.1731 
5.8531 7.1845 6.4618 5.8780 5.6101 5.4099 5.1004 5.1396 4.6905 5.1684 5.3484 4.8943 4.7786 4.5169 4.7248 4.6961 4.6682 4.6105 4.5584 4.3305 4.4582 4.4898 4.8725 4.5997 4.0297 4.3877 4.2227 4.3636 4.4121 4.4127 4.6718 4.9654 2.0396 
6.7891 6.6945 6.3695 5.9391 5.5008 5.3619 5.1366 5.3966 4.7941 4.6803 5.0973 4.8215 5.0271 4.9616 4.7416 4.7801 4.4905 4.6852 4.5683 4.7407 4.7355 4.4163 4.6328 4.1119 4.0906 4.5789 4.2717 4.3166 4.3134 4.4760 4.5819 4.4644 3.6154 
7.1287 6.7959 6.2654 5.8700 5.4815 5.3084 5.0698 5.5219 5.5377 5.2647 4.9120 4.2868 4.2198 3.8354 4.1111 4.1428 4.0378 4.0582 3.9709 3.5776 3.9106 3.8863 4.4286 4.6862 4.8934 4.7643 4.1791 4.2660 4.2838 4.4127 4.5117 4.5294 3.9115 
7.1924 6.8055 6.2068 5.9198 5.7214 5.4942 5.3516 5.3288 5.5798 5.4915 4.9281 4.6748 4.3673 4.4502 4.3942 4.7025 4.5293 4.6142 4.2470 4.2328 4.0325 4.3222 4.4466 4.9324 4.9298 4.5271 4.4280 4.4478 4.5014 4.4499 4.4586 4.5171 3.9138 
7.2102 6.7689 6.4360 6.0388 5.8871 5.5868 5.5135 5.3815 5.9174 5.9353 5.3286 5.0916 4.8700 4.6190 4.9557 4.9235 4.8714 4.8672 4.8337 4.4129 4.5336 4.7281 4.8613 5.3814 5.2276 4.5612 4.5989 4.5398 4.6224 4.5803 4.6404 4.4890 3.9134 
6.9781 6.3612 6.1308 5.6261 5.6878 5.5604 5.3953 5.0776 5.4391 5.4847 5.5228 5.0748 4.9312 4.5676 4.9330 4.7196 4.6613 4.6307 4.7969 4.3759 4.6050 4.6918 5.0461 4.9277 4.7796 4.3382 4.4673 4.5153 4.4803 4.2023 4.4028 4.0411 3.6528 
6.8049 5.9216 5.9832 5.5518 5.7865 5.5078 5.4252 5.1917 5.0626 5.0861 5.2702 5.0263 4.9202 5.0050 4.9221 4.7668 4.7272 4.6740 4.7784 4.8065 4.5895 4.6322 4.8155 4.5340 4.4120 4.4258 4.5078 4.4649 4.5537 4.1248 4.2381 3.6064 3.5135 
6.4256 5.6863 5.5455 5.8870 5.3774 4.8339 4.8512 4.7889 4.1461 4.4990 4.5246 4.4008 4.6916 4.6329 4.4957 4.0422 4.1358 3.9819 4.3678 4.4237 4.4012 4.0051 4.0438 3.9329 3.4962 3.9810 3.9167 3.7834 4.1032 4.4301 3.8510 3.4156 3.2799 
6.4702 6.2886 5.5129 6.0221 4.9447 4.8626 4.7399 3.9029 4.8981 5.4159 5.0777 4.5208 3.9323 4.2460 4.0113 3.0024 3.4582 2.9368 3.8749 3.9997 3.6172 4.1286 4.5947 4.8621 4.2345 3.1104 3.8425 3.8145 3.6914 4.5670 3.8428 4.0210 3.3355 
6.1329 6.3411 5.4685 5.9012 4.8484 4.5073 3.9973 3.5607 5.0783 5.1153 5.0127 4.5086 4.3578 4.2465 4.4942 4.0580 4.1391 3.9934 4.3676 4.0048 4.0228 4.1149 4.5363 4.5570 4.4313 2.7856 3.1072 3.4542 3.5453 4.4345 3.7934 4.0653 3.0085 
6.3699 6.6781 4.9050 5.4648 4.6330 4.2348 4.0915 4.6552 4.7481 3.8525 5.1340 4.8185 4.5790 4.6338 4.1649 4.3434 4.1086 4.2567 4.0141 4.4231 4.3251 4.4114 4.6700 3.3009 4.0543 3.8949 3.2100 3.1791 3.4025 4.0105 3.1922 4.4446 3.1175 
4.9692 6.6787 5.8437 5.4187 4.9726 4.8881 4.7087 4.7564 4.8973 5.1887 4.6225 3.5537 4.0390 4.0313 3.3679 3.7502 1.6687 3.6531 3.2218 3.8347 3.7801 3.1790 4.1576 4.6154 4.2294 3.9696 3.8287 3.8441 3.7745 3.9595 4.0359 4.4553 -2.0147 
4.6029 6.6239 5.9687 5.5913 4.8059 4.6373 4.8209 4.9101 5.1965 4.1582 4.7530 4.5273 4.3684 3.9774 3.7572 4.0562 3.9114 3.9942 3.5839 3.7753 4.0320 4.1371 4.2965 3.5807 4.5296 4.1184 3.9029 3.5986 3.5492 4.1505 4.2028 4.4096 1.7844 
6.2147 6.4555 5.9282 5.1775 4.9829 5.0348 4.9056 4.8478 4.9260 5.0460 4.9238 4.3651 4.1218 4.3411 3.8906 3.8257 3.3281 3.7361 3.7546 4.0670 3.8457 3.9504 4.4398 4.4849 4.2743 4.0325 3.9909 3.9993 3.8166 3.7429 4.1470 4.2176 3.0615 
6.7719 6.3683 6.0115 4.5836 5.5518 5.4254 5.2882 5.0560 4.9431 5.3246 5.0507 4.6403 4.5613 4.5554 4.4880 4.4724 4.4540 4.4089 4.3638 4.3617 4.2993 4.2887 4.5623 4.7511 4.3019 4.3204 4.3906 4.3842 4.3661 3.2598 4.2959 4.0820 3.5213 
7.0584 6.2371 5.7184 4.9199 4.9243 4.5086 4.4397 3.5982 3.3182 3.5706 4.2949 3.5053 3.7003 4.1814 3.9707 3.7087 4.0594 3.6165 3.8452 3.9610 3.3934 3.1263 3.8270 3.0323 2.7131 2.8204 3.5366 3.4752 3.7281 3.5068 3.9902 3.9237 3.7895 
7.0873 6.4358 5.3169 4.8624 3.9458 4.3658 4.3925 4.4439 3.8499 3.7442 3.9213 3.1540 2.9885 3.8071 3.4051 3.3485 3.0671 3.2925 3.2833 3.5464 2.7384 2.8073 3.4296 3.1776 3.1926 3.6543 3.4865 3.3445 2.8022 3.4333 3.5770 4.0978 3.8360 
7.1992 6.4592 5.8701 5.4322 4.9959 4.4811 4.4434 4.4039 4.4017 5.0205 4.8624 4.0718 3.9562 3.8592 4.0370 3.2495 3.8655 3.1562 3.9074 3.6224 3.6686 3.7337 4.3803 4.4559 3.7292 3.6046 3.5193 3.4423 3.8171 3.9774 4.0521 4.1106 3.8861 
7.1716 6.2668 6.0785 5.6585 5.4041 5.3100 5.1400 4.8435 5.0789 5.0299 4.5073 4.5622 4.6109 4.3982 4.4468 4.5456 4.1933 4.4743 4.3310 4.1599 4.3477 4.1955 4.0290 4.4659 4.4256 4.0267 4.2726 4.2653 4.1592 4.2427 4.3459 3.9579 3.8723 
7.2632 6.2313 6.2205 5.7254 5.5758 5.4070 5.1218 5.4073 5.2837 4.3954 5.2849 4.8925 4.6581 4.8295 4.8653 4.6717 4.5516 4.5862 4.6850 4.5614 4.3778 4.4859 4.8299 3.8444 4.5905 4.5979 4.2534 4.3637 4.3804 4.3302 4.4748 3.9295 3.9734 
7.1692 5.5882 6.2498 5.8941 5.7565 5.4934 5.4620 5.5710 5.0853 5.3956 4.3705 4.7100 4.6446 4.5558 4.6166 4.4964 4.3561 4.4303 4.4775 4.3610 4.3686 4.3458 3.8980 4.8322 4.4337 4.8304 4.5512 4.4509 4.5348 4.4326 4.5044 3.4247 3.9112 
7.0933 5.9085 6.4396 5.9749 5.7419 5.6041 5.5114 5.4802 5.4986 5.5550 4.8915 5.0378 4.8314 4.4741 4.9080 4.7897 4.7133 4.6956 4.7576 4.2687 4.4926 4.6462 4.4169 4.9907 4.8607 4.7109 4.5993 4.5609 4.5254 4.5329 4.6805 3.5478 3.9144 
7.1168 6.1042 6.5522 6.0677 5.7702 5.6358 5.4970 5.3982 5.5502 5.6027 4.9037 4.8911 4.9002 4.9521 4.8511 4.8427 4.6703 4.7442 4.6602 4.7298 4.5629 4.4842 4.4126 5.0429 4.9051 4.5847 4.5819 4.5952 4.5456 4.6279 4.8553 3.8314 3.9362 
6.9827 6.4882 6.5462 5.9767 5.7346 5.5123 5.4164 5.4463 5.5070 4.9198 5.6824 5.3064 5.2196 5.0330 5.0950 5.0219 4.9270 4.9554 4.9658 4.8421 4.9268 4.9147 5.2199 4.3795 4.8683 4.6631 4.4953 4.4709 4.5177 4.5335 4.8581 4.2006 3.8650 
6.8773 6.7477 6.4857 5.8613 5.7653 5.5812 5.4701 4.5972 5.3961 5.5613 4.6369 4.7008 4.7744 4.6595 4.5610 4.6394 4.6087 4.5612 4.4280 4.4453 4.4522 4.3418 4.1726 4.9978 4.7085 3.8432 4.5567 4.5355 4.5424 4.4112 4.7779 4.4857 3.8128 
6.6096 6.3796 6.8014 6.3493 6.0129 5.9269 5.6333 5.7891 5.0511 5.2926 5.8023 5.4191 5.2716 5.2133 5.1468 5.0989 5.1952 5.0375 5.0071 4.9882 4.9610 5.0117 5.3450 4.7274 4.3969 5.0011 4.7596 4.8821 4.8191 4.9065 5.0687 4.0570 3.5082 
6.6224 6.5101 6.8526 6.4235 6.0878 5.9619 5.6450 5.7985 5.6980 6.0910 5.2957 5.1927 5.1183 5.2625 5.1188 5.1766 5.0307 5.0922 4.9840 5.0258 4.8583 4.8431 4.8529 5.5258 5.0368 5.0180 4.7652 4.9181 4.8944 4.9532 5.1009 4.2472 3.5442 
6.7691 6.2850 7.0234 6.4503 6.0656 6.0221 6.0665 5.5606 5.2420 5.0805 5.8006 5.4874 5.3215 5.3864 5.2865 5.2142 5.2129 5.1279 5.1083 5.1169 4.9936 5.0852 5.3453 4.5267 4.5617 4.8292 5.1529 4.9797 4.8757 4.9816 5.3023 3.9844 3.6556 
7.0197 6.4488 7.2826 6.6074 6.3038 6.1706 6.1183 5.6698 5.8925 5.4263 5.5345 5.5035 5.4335 5.4326 5.2501 5.2669 5.1428 5.1759 5.0826 5.1866 5.0994 5.1020 5.0641 4.8646 5.1909 4.9265 5.2141 5.1286 5.0728 5.1531 5.5485 4.1634 3.8435 
7.3061 6.8744 7.5032 6.5200 6.1512 5.9769 5.5935 5.4596 5.5844 5.7778 5.1994 5.3226 5.3975 5.2097 5.1857 5.1060 5.0354 5.0430 5.0383 4.9869 5.0619 4.9250 4.7288 5.2072 4.9286 4.6745 4.6838 4.9296 4.9495 5.0551 5.7413 4.6160 4.0810 
7.3592 6.9709 7.3481 6.0166 5.5890 5.1600 6.1000 5.8870 5.7312 5.6625 5.1841 5.1772 5.1337 5.3072 5.1304 5.0814 5.0813 5.0155 4.9938 5.0591 4.8724 4.8299 4.7287 5.0877 5.0657 5.0719 5.2093 4.0930 4.3841 4.5505 5.5928 4.7229 4.1188 
7.3751 6.9097 7.0937 4.4320 5.5025 5.8618 6.3411 5.1448 5.1213 6.1417 4.4815 4.4229 4.6640 4.1755 4.4109 4.1356 4.0301 4.0429 4.2722 3.9498 4.3828 4.0083 3.9983 5.5887 4.4969 4.3845 5.4349 4.8414 4.3433 3.2941 5.3809 4.6300 4.1111 
7.3849 6.7238 6.7654 6.1166 5.8926 5.4578 5.9582 5.8268 5.2869 6.0171 5.3847 5.4388 5.2673 5.1804 5.1930 5.0682 5.0664 4.9966 5.0436 4.9634 4.9566 5.0331 4.8979 5.4586 4.5862 5.0286 5.0440 4.4099 4.6374 4.6681 5.0324 4.4180 4.0296 
7.5848 7.0079 7.0684 6.3586 5.4574 5.5971 4.9528 5.0682 4.7910 4.9756 5.2900 4.8411 4.7801 4.7248 4.7341 4.5659 4.7055 4.5048 4.5623 4.4905 4.4583 4.4260 4.8316 4.4147 4.0962 4.3313 4.0435 4.5530 4.2407 4.8985 5.3489 4.6843 4.3295 
7.4508 6.9520 7.0507 5.6619 5.6408 5.8931 5.8139 5.4586 4.9188 4.2108 5.2722 4.9256 4.9629 4.7751 4.6620 4.6596 4.5155 4.5748 4.5133 4.5272 4.6453 4.5234 4.8151 3.6240 4.2553 4.6664 4.9147 4.8504 4.4438 4.1951 5.3218 4.6552 4.2358 
6.6736 7.1664 7.2058 6.4863 6.0621 5.6866 3.9038 5.0226 4.2473 5.1882 5.2030 4.9224 4.4908 4.6624 4.4588 4.4941 4.5052 4.4282 4.3396 4.4446 4.1925 4.5215 4.7392 4.6163 3.5330 4.2615 2.9200 4.6325 4.8639 5.0235 5.4773 4.9538 3.5578 
6.3019 7.0728 6.9480 6.2267 5.6029 5.4794 5.4581 3.5123 4.5108 4.9565 4.7094 4.1434 4.2961 3.3749 3.7814 3.1487 2.3892 3.0719 3.6039 3.1435 3.9626 3.7973 4.2482 4.3931 3.8619 2.7454 4.5411 4.4401 4.4010 4.8049 5.1498 4.8799 3.1293 
6.2102 6.7839 6.8230 6.4218 6.2386 5.7602 4.9032 5.4936 5.4465 5.5084 5.4824 5.3050 5.2501 5.1998 5.1110 5.0782 5.0321 5.0098 4.9775 4.9785 4.9460 4.9141 5.0043 4.9501 4.7912 4.7229 3.9863 4.7100 5.0178 4.9467 5.0805 4.5172 3.0422 
7.1131 6.7680 7.0913 6.2604 5.7171 4.2468 5.5434 5.6943 5.7125 5.6003 5.7055 5.5699 5.5976 5.4700 5.3274 5.1050 5.0787 5.0417 5.1424 5.2423 5.3198 5.1815 5.2452 5.0422 5.0494 4.9383 4.6526 3.3125 4.4791 4.8505 5.3848 4.5325 3.9450 
7.6246 7.2558 6.2633 6.6925 6.5461 6.4481 6.3390 6.0902 5.9009 5.3577 5.5410 5.6451 5.6904 5.6341 5.5683 5.5148 5.4494 5.4511 5.4366 5.4371 5.4148 5.2877 5.0683 4.7781 5.1959 5.3444 5.4376 5.4043 5.3633 5.2865 4.4964 4.9937 4.3542 
7.7461 7.4260 6.9467 6.8857 6.3789 6.2966 6.5614 6.1220 6.0200 5.9880 5.4178 5.5465 5.5144 5.4295 5.3906 5.2903 5.2073 5.1974 5.2109 5.1827 5.2092 5.1531 4.9383 5.4293 5.3859 5.3843 5.6495 5.2637 5.1250 5.4393 5.1537 5.1060 4.4786 
6.2442 7.6193 7.4881 7.0509 5.7601 6.0305 6.2592 6.0608 5.4063 5.2915 5.6621 5.5727 5.0123 5.0148 4.9827 5.0495 4.8654 4.9792 4.8645 4.8191 4.7118 5.1838 5.1990 4.7203 4.7153 5.3050 5.3895 4.9933 4.5110 5.5974 5.7066 5.4069 3.5076 
6.3498 7.2513 7.3194 6.8070 5.1846 6.3517 6.4976 5.6960 5.2994 5.4674 5.5421 4.5491 5.1255 4.3560 3.2816 3.7885 3.5585 3.6876 3.0930 4.0877 4.8657 4.1812 5.0693 4.9118 4.6034 4.9290 5.5818 5.3148 3.9714 5.3912 5.5649 5.0425 2.9308 
6.6559 6.8133 7.3913 6.8708 6.5056 6.4892 6.3580 4.3987 5.1809 5.5796 5.4958 5.1767 4.9612 4.9248 4.7566 4.7738 4.5666 4.6792 4.5783 4.6903 4.6414 4.8264 5.0191 5.0178 4.5197 3.6114 5.4459 5.4445 5.2937 5.4184 5.6305 4.5274 3.5654 
7.0839 6.6463 7.1998 4.9041 5.3365 5.6031 6.5903 5.3854 5.2327 6.1228 5.0102 1.7533 3.7972 3.4308 2.9458 3.6492 3.9312 3.5853 2.8434 3.1869 3.4829 1.8282 4.5444 5.5589 4.5619 4.5581 5.6871 4.5535 4.0343 3.6745 5.4724 4.4338 3.9494 
7.4711 6.6275 7.0156 6.3602 6.1178 5.9456 6.2483 5.3776 5.4267 4.6737 5.6535 5.4419 5.3122 5.2024 5.3434 5.1549 5.1710 5.0805 5.1568 4.9807 4.9876 5.0415 5.1903 4.1040 4.7591 4.5585 5.3830 4.9016 4.9131 4.8966 5.2684 4.2912 4.0930 
7.5459 7.0190 7.2255 6.0561 5.4101 5.0517 6.2243 3.2949 4.5539 5.3379 4.6476 4.1439 3.0945 3.9805 4.0276 3.2183 2.2826 3.1136 3.8884 3.7855 2.8297 3.7815 4.1787 4.7606 3.9088 2.3602 5.3634 4.0178 4.1621 4.5737 5.4946 4.7561 4.3247 
6.8603 7.0222 7.2295 6.4439 6.1563 6.0117 6.5111 5.1380 4.9234 5.6862 5.1143 4.7155 5.0133 4.7339 4.8689 4.8918 4.7655 4.8267 4.6914 4.4959 4.7163 4.3503 4.6489 5.1146 4.2699 4.3737 5.5981 4.9672 4.9560 4.9667 5.4996 4.8136 3.6987 
5.3209 7.0659 7.0519 5.5209 5.3306 5.5080 6.0714 5.3600 4.6282 5.4114 4.5996 4.6458 4.3388 3.9520 4.3783 3.4354 3.2280 3.3685 4.2158 3.7734 4.0024 4.3016 4.1610 4.8619 3.9970 4.5502 5.1611 4.4521 4.0454 4.0181 5.3149 4.8773 2.0652 
6.1456 6.7725 6.9682 6.4045 5.9589 5.8283 6.1761 5.7459 5.4421 5.3985 5.1004 4.8776 4.8637 4.8771 4.8717 4.4666 4.5306 4.4026 4.6947 4.6141 4.5245 4.4644 4.6321 4.8423 4.7808 4.9672 5.3088 4.7825 4.7268 4.9299 5.2118 4.5073 2.9827 
7.5407 7.1036 7.4143 6.7071 6.5275 6.3245 6.1333 6.2060 6.3089 5.9710 5.6732 5.6350 5.4369 5.4351 5.4799 5.4993 5.4635 5.4375 5.3581 5.1919 5.1014 5.2736 5.2070 5.4133 5.6176 5.4544 5.2507 5.2811 5.3310 5.2959 5.6374 4.8833 4.3324 
7.7283 7.2835 6.7741 6.3712 6.2513 6.0976 6.0126 6.0497 5.9961 6.1322 5.7532 5.4211 4.9974 5.1732 4.8928 4.5967 4.3451 4.5318 4.7310 4.9573 4.6957 5.0131 5.2895 5.5783 5.3579 5.2915 5.0947 5.0547 5.0340 4.9282 5.0207 5.0091 4.4550 
6.0628 7.8274 7.6962 6.9569 6.2399 6.0140 5.3873 6.2811 6.3595 5.7868 5.1967 5.5548 5.0874 5.2467 5.5301 5.3292 5.2283 5.2331 5.4064 5.0173 4.8235 5.1645 4.7462 5.2015 5.6618 5.5049 4.4827 4.9622 5.0196 5.4797 5.9680 5.5935 1.6416 
4.9230 7.5431 7.4161 6.1905 5.6505 5.3234 5.4930 6.0834 5.4381 6.0851 5.0189 5.0428 4.6452 4.9724 4.5920 4.6488 4.6561 4.5647 4.4614 4.7550 4.3716 4.6535 4.5342 5.5222 4.7852 5.3370 4.5843 4.2774 4.4453 4.7611 5.6306 5.3230 2.5487 
6.6908 6.5526 7.5040 6.8734 6.4744 6.3478 6.3960 6.2562 5.9646 6.3865 5.1676 5.1980 5.2219 5.3821 5.1777 5.2084 5.0844 5.1226 5.0338 5.1057 4.9272 4.8484 4.6803 5.8084 5.3037 5.4812 5.4759 5.3010 5.2450 5.4321 5.7529 4.2840 3.7678 
7.6389 7.3851 7.1900 6.0582 5.8310 5.4845 5.0776 5.9212 5.6149 5.7448 5.9828 5.5643 5.3125 5.0950 5.4132 5.3451 5.1244 5.2488 5.2499 4.9045 4.9877 5.1760 5.5071 5.1617 4.9711 5.1111 4.2031 4.4470 4.6006 4.6095 5.4688 5.0906 4.3204 
7.3749 7.0669 6.7902 5.9157 5.2257 4.8666 5.0928 5.5810 4.6196 4.9456 5.5381 4.6929 4.4434 4.4568 4.4401 4.5325 3.6879 4.4609 4.3215 4.2479 4.1384 4.3442 5.0721 4.3679 3.9234 4.8371 4.2531 3.8606 4.0411 4.4051 5.0562 4.8078 4.0600 
6.4891 7.0105 6.4050 6.3012 5.6646 5.3626 5.3152 5.6210 4.7893 5.1682 3.9899 4.5113 4.2390 4.3582 4.4704 4.4854 4.3924 4.4201 4.3489 4.0964 3.9234 4.1212 3.5123 4.5962 4.0918 4.8838 4.4066 4.3186 4.4517 4.8699 4.6303 4.7573 3.4956 
6.7746 7.1390 6.7459 6.2532 5.2752 5.6041 5.4586 5.1121 5.0946 5.2866 3.8775 4.4966 4.7476 4.8995 4.8552 4.8349 4.6480 4.7379 4.6683 4.6497 4.4382 4.1083 3.4263 4.7063 4.4455 4.3712 4.5421 4.5594 4.0745 4.8308 5.0035 4.9190 3.5375 
6.5725 6.4362 5.8089 5.9335 5.6710 4.9041 5.4190 5.2107 5.4186 6.4317 6.3406 5.2647 5.1284 5.3873 5.1227 4.3519 4.2892 4.2797 4.9833 5.1187 4.8649 4.8877 5.8816 5.8647 4.7565 4.4405 4.5009 3.8727 4.4616 4.4730 4.0372 4.1455 3.3588 
5.0105 5.8626 5.1466 5.9739 5.9566 5.7773 5.6399 5.9384 6.4675 6.8753 7.1387 6.1683 5.6351 4.8057 5.5369 5.4104 3.2042 5.3367 5.4129 4.5439 5.3746 5.8003 6.6548 6.3029 5.7988 5.1331 4.7670 4.7370 4.7266 4.5230 3.4401 3.5743 1.9803 
5.0993 4.6706 5.6212 5.2377 5.3099 5.5541 5.5013 5.8384 5.7614 5.9841 6.6458 6.4972 5.9408 6.5178 6.3707 5.7661 4.0176 5.6753 6.1864 6.2923 5.6060 6.0947 6.1662 5.4329 5.0827 5.0396 4.5903 4.5160 4.0676 3.8116 3.9161 2.4189 2.0964 
3.5737 4.9550 4.3968 5.3092 5.3841 4.6477 4.3157 5.3809 5.7435 6.0943 6.6514 5.7844 5.7985 6.4262 5.8290 6.0383 6.1848 5.9762 5.6522 6.1521 5.4851 5.4175 6.1747 5.5326 5.0766 4.5687 3.4063 3.6274 4.1335 3.8688 2.6837 2.7176 -0.3109 
4.9945 4.6241 4.6878 5.1909 4.7938 4.9020 4.4855 4.5403 5.2881 5.4741 6.5235 6.3993 5.5564 6.1917 5.6740 5.0044 4.5155 4.9397 5.5314 5.9841 5.2659 5.9873 6.0469 4.9234 4.5944 3.8051 3.5765 3.8577 3.5335 3.7909 2.9590 2.3580 1.7419 
4.5151 3.5051 4.8614 5.7754 5.4821 5.3960 5.1743 4.1142 4.9170 5.7252 6.6248 6.1454 5.8283 5.1565 5.4152 5.6101 5.3151 5.5511 5.2596 4.9511 5.5029 5.7760 6.1409 5.1647 4.2673 3.3778 4.3190 4.3557 4.2842 4.3553 3.1014 1.4471 1.4621 
4.8003 4.6598 5.4517 6.3773 5.6915 5.2892 5.3846 5.8325 6.2890 6.4844 6.9305 6.5377 6.4603 6.1554 6.4280 5.9334 3.4328 5.8651 6.2446 5.9552 6.1273 6.1322 6.4497 5.9307 5.6069 5.0347 4.4536 4.2285 4.4670 4.9267 3.7463 2.4953 0.8375 
2.2374 4.9426 5.0531 6.0297 5.4765 5.0336 4.8636 4.4440 4.9560 4.8803 5.0069 5.4942 5.7388 5.9085 5.7059 5.4548 5.8685 5.3990 5.5602 5.6359 5.4459 5.0921 4.5327 4.3298 4.3135 3.6897 3.9312 3.9917 4.2657 4.5782 3.3434 2.7376 -0.4928 
3.5560 3.3411 5.4013 6.1351 5.4289 5.1743 5.0722 5.1709 5.6111 5.7484 5.2730 6.0210 5.8043 6.6382 6.1214 6.0832 5.1819 6.0149 5.9824 6.4435 5.4967 5.6167 4.8169 5.1723 4.9675 4.4172 4.1843 4.1350 4.1886 4.7172 3.6617 1.2678 0.5648 
5.4278 4.8440 5.6295 6.5032 5.6902 5.4549 5.4114 5.5187 6.0283 6.5160 5.4334 6.2510 5.1494 5.4216 6.2302 6.4066 6.4775 6.3112 6.0856 5.1777 4.8698 5.9031 4.9550 5.9569 5.3936 4.7605 4.4893 4.4115 4.4655 5.0536 3.9234 2.5833 2.1626 
5.2635 4.2902 5.4090 6.3823 5.3755 5.1532 4.6254 5.1692 5.7436 5.8445 5.8465 6.0450 6.0039 6.6021 5.4585 5.8193 5.1542 5.7227 5.3419 6.4141 5.6943 5.6423 5.3805 5.2613 5.0693 4.4117 3.7246 4.0985 4.0754 4.9282 3.7021 1.6557 1.7176 
5.5083 5.1636 4.4912 6.0355 5.9186 5.4352 5.6713 5.4682 5.0786 6.3621 6.9769 6.5101 6.5060 5.6693 6.1704 5.5649 6.1302 5.4968 6.0366 5.4592 6.1819 6.1099 6.4921 5.7924 4.4206 4.6802 4.8078 4.3901 4.6628 4.5907 2.8398 2.8576 2.0016 
5.1380 4.4416 4.1218 4.8837 4.8427 4.5510 4.6443 5.3519 5.3449 6.1645 6.4121 6.7768 6.2157 6.3577 5.3264 4.5257 4.3340 4.4538 5.1334 6.1075 5.9408 6.4255 5.9317 5.6040 4.6490 4.5436 3.7856 3.5088 3.5828 3.4256 2.3562 2.0582 1.7474 
5.6634 5.1202 5.6055 6.2489 5.5641 5.5316 5.5201 5.8058 5.6421 6.2753 6.5390 5.9637 6.0294 5.9964 5.6829 4.6806 4.3566 4.5954 5.5399 5.7726 5.7178 5.5595 6.0602 5.7055 4.9848 5.0151 4.6091 4.4841 4.3564 4.8474 3.9130 2.7982 2.2562 
4.0370 5.5024 5.3447 5.5862 5.6603 5.5331 5.9107 5.9692 5.7544 6.6836 6.7157 6.7880 6.2579 4.8841 6.0422 5.6659 3.4331 5.5974 5.9216 4.6287 5.9627 6.4326 6.2499 6.1265 5.0814 5.1762 4.9833 4.4967 4.4608 4.1393 3.5861 3.2942 0.8682 
4.8771 4.9694 4.2959 4.5668 5.1315 4.6623 4.6138 4.9421 5.4117 6.0866 6.5848 6.2742 5.4411 5.4777 5.6841 5.0506 5.1748 4.9814 5.5411 5.2594 5.1077 5.9129 6.1111 5.5271 4.7427 4.1575 3.7571 3.6147 3.9284 3.1649 2.4929 2.7558 1.6688 
4.2557 4.9266 4.1334 4.8014 4.6980 4.6504 5.1391 4.2645 5.2696 5.4251 5.9587 5.6533 5.6183 5.4292 5.6737 5.0746 4.7547 4.9971 5.5334 5.1877 5.3635 5.2908 5.4801 4.8664 4.5687 3.4265 4.2716 3.5959 3.4936 3.3579 2.2841 2.6785 1.5162 
5.3357 5.0810 5.5464 6.0753 5.4243 5.1864 5.0753 5.1378 4.9157 5.2430 6.1284 6.4474 6.0303 5.5913 4.2434 4.3060 5.0647 4.2118 4.0680 5.3949 5.7208 6.0354 5.6573 4.6738 4.2522 4.3889 4.1872 4.1459 4.1810 4.6327 3.8337 2.8628 2.0102 
3.7408 5.0296 5.2979 5.6236 5.5063 5.7175 5.2681 5.4207 5.3733 5.4394 5.4559 5.2035 4.4194 5.1441 4.7948 4.0733 4.2657 4.0014 4.6113 4.9376 4.0999 4.8570 4.9727 4.8857 4.6707 4.6134 4.3754 4.6734 4.3211 4.2117 3.5189 2.8391 0.5562 
4.1331 6.4878 6.0385 5.8805 5.5905 6.0850 5.2312 5.4080 5.4414 5.5983 5.4679 5.2127 5.0042 4.5166 4.5232 4.4745 4.3046 4.4099 4.3912 4.3319 4.6992 4.8609 4.9870 5.0353 4.7851 4.5946 4.3468 5.0417 4.3936 4.4128 4.3135 4.2496 2.0115 
7.2598 6.0614 5.8186 6.0214 5.8286 6.2741 5.0120 4.8738 5.2357 5.0843 5.4860 4.6003 4.7514 4.1666 4.4185 3.0815 3.3840 2.9524 4.2947 3.9262 4.4280 4.2348 5.0074 4.5368 4.5535 4.0746 4.0887 5.2258 4.5822 4.5810 4.0806 3.6609 3.9491 
5.1426 7.8104 6.6936 6.3627 5.9278 6.5163 5.7564 4.8584 5.8032 5.2817 4.8571 4.5104 5.2015 4.8609 4.9323 4.7049 4.2016 4.6156 4.7955 4.5879 4.9144 4.1160 4.3676 4.7070 5.1103 4.0418 4.8768 5.4717 4.6924 4.9148 4.9279 5.5665 3.2979 
7.7038 6.3037 6.1123 6.1217 5.6741 6.4633 5.2946 5.2427 5.9104 5.0047 4.7894 5.2180 3.6535 5.1771 4.5003 3.7156 3.0006 3.6456 4.3788 4.9591 3.3550 4.8633 4.3302 4.4367 5.2149 4.4668 4.3955 5.4201 4.4840 4.6961 4.3843 3.8766 4.4350 
7.8592 7.9640 7.0890 6.3798 6.4981 6.4770 4.3270 4.9872 6.0717 5.7559 4.9245 5.5725 5.9993 5.6271 4.9210 3.9999 4.3418 3.9392 4.7808 5.4319 5.6808 5.1830 4.4413 5.1753 5.4250 4.2295 3.4794 5.4345 5.2857 4.9120 5.3360 5.6770 4.7671 
7.9149 6.6554 7.0485 6.5712 6.4646 6.2766 6.1798 6.0231 6.3332 6.1075 5.7462 5.4968 5.9750 5.4391 5.6064 5.6378 5.4953 5.5738 5.4771 5.1927 5.6479 5.0956 5.2867 5.5413 5.6426 5.2550 5.3111 5.2464 5.2236 5.1248 5.3306 4.3657 4.6619 
8.2555 8.1950 7.4607 6.9905 6.7445 6.7416 5.9458 5.9942 5.6419 5.5993 4.7468 5.4481 5.8158 5.7449 5.7465 5.5972 5.4380 5.5245 5.5925 5.5183 5.4991 5.0530 4.2677 5.0381 4.9835 5.2132 5.0260 5.6919 5.5335 5.5289 5.6533 5.9561 5.0039 
7.7971 7.9930 6.6576 6.4177 6.4286 7.0355 6.4739 6.0989 6.0932 5.8839 6.0980 5.7685 5.6537 5.6207 5.5198 5.6724 5.5632 5.6013 5.3983 5.4311 5.3860 5.4016 5.6110 5.3086 5.4415 5.3607 5.5482 5.9931 5.1929 4.9672 4.9917 5.7037 4.6932 
