2.7963 3.8183 3.7865 2.8410 2.0652 2.3083 2.4419 2.3551 3.6503 3.7727 4.0511 2.9154 2.6864 2.6394 3.3218 3.3143 2.8681 3.2556 3.2141 2.4552 2.4190 2.5896 3.6589 3.3170 3.1174 1.7329 1.6715 1.4337 0.9951 1.6146 2.3704 2.0014 0.7302 
3.1838 3.2497 3.6014 2.3621 2.9905 1.4788 2.6926 3.3599 3.2993 3.1385 3.4602 2.4885 3.5867 3.5527 3.9709 3.9367 3.3806 3.8611 3.8219 3.3431 3.3081 2.1951 3.0852 2.6722 2.7739 2.7627 1.9553 0.6029 2.0131 1.2073 2.1711 1.3739 0.1091 
3.3667 3.8448 3.8417 2.8813 3.1636 2.2606 2.5146 3.3733 2.8505 3.6627 3.6097 2.8212 2.9979 3.2348 3.5413 3.4330 2.7431 3.3627 3.3923 3.0505 2.7744 2.4919 3.2152 3.2092 2.3227 2.7694 1.8063 1.4123 2.1434 1.6958 2.4222 2.0313 0.8361 
3.2673 2.6238 3.3448 2.7585 3.2520 2.9650 3.4471 3.0928 3.1611 3.6577 3.5103 2.6537 2.9499 3.1728 3.5624 3.5583 3.1679 3.4792 3.4105 2.9572 2.7385 2.3464 3.1343 3.2043 2.5955 2.4378 2.7414 2.1148 2.2867 1.5640 1.9354 0.7995 0.5509 
3.8615 3.8897 3.3130 3.1069 2.6748 2.7594 2.6909 3.4919 3.3845 3.7735 4.0209 3.2869 2.9265 2.5018 2.8949 2.9094 3.0584 2.8515 2.7867 2.3452 2.7108 2.9603 3.6247 3.3219 2.8515 2.8536 1.9503 1.9100 1.6534 1.9326 1.9023 2.0408 1.1272 
3.0543 2.7603 3.6179 3.1868 2.8149 1.4915 1.9043 2.0962 2.0385 2.0660 3.1294 2.0713 1.6082 2.7507 2.9506 2.8013 1.3630 2.7528 2.8417 2.5371 1.3595 1.7647 2.7474 1.6048 1.5041 1.4877 1.1533 0.6784 1.8390 1.9919 2.1848 0.8724 0.3685 
2.8963 3.3930 3.3317 3.4530 2.8244 2.6447 2.3446 2.6406 2.3945 1.8192 2.4871 2.4895 1.6973 2.1033 2.5003 2.4100 2.2491 2.3578 2.3958 1.9395 1.4730 2.1795 2.0942 1.3594 1.8698 2.0074 1.5817 1.7996 1.8399 2.3099 1.9345 1.5704 0.0592 
2.7984 2.6790 4.2463 3.8685 3.2323 2.7984 2.8663 2.4123 2.2868 2.0712 2.1761 2.4383 2.6918 2.2851 2.0537 2.3533 1.9464 2.3084 1.9434 2.0686 2.4246 2.1186 1.8024 1.6157 1.7217 1.7905 2.1287 1.9498 2.2476 2.7164 2.8388 0.9367 -1.2172 
3.7681 4.0752 4.2832 4.1718 3.8153 3.6000 3.3597 3.1645 2.8655 2.8248 2.9584 3.0985 2.7440 2.4446 2.9850 2.9930 2.6512 2.9251 2.8696 2.2901 2.4667 2.7810 2.5820 2.3708 2.3408 2.4958 2.6459 2.7500 2.8342 2.9935 2.8666 2.2474 0.8250 
4.0571 4.0530 4.1486 4.1240 3.5642 3.2835 2.9546 2.9392 2.7510 2.9191 2.9793 2.7965 2.8948 2.7906 2.7979 1.9196 2.9558 1.8881 2.6855 2.5957 2.6635 2.4700 2.6029 2.4647 2.1916 2.3395 2.2433 2.4352 2.5419 2.9373 2.7542 2.1776 1.1927 
4.0161 3.9760 4.4242 4.2628 3.7904 3.5984 3.5559 3.3510 3.3130 3.3098 2.7873 2.7738 2.9342 2.7397 2.7849 3.1321 2.5538 3.0539 2.6657 2.5174 2.7251 2.4447 2.3929 2.8508 2.7848 2.7537 2.8081 2.7479 2.8163 3.1116 2.9739 2.0818 1.1531 
3.8786 3.8009 3.9738 4.0164 3.5991 3.4158 3.3786 2.9384 3.0069 3.0964 3.1299 2.4687 2.7599 2.7100 2.9828 2.4996 2.7136 2.4446 2.8684 2.4929 2.4900 2.1515 2.7462 2.6275 2.4683 2.3349 2.6704 2.5702 2.5820 2.8199 2.5279 1.9715 1.1147 
3.2041 3.6174 4.2654 3.7382 3.6012 2.9479 3.1802 2.8454 1.1838 2.7874 2.7502 2.4345 1.8635 2.6334 2.2471 2.9749 2.7016 2.9179 2.1026 2.4447 1.5879 2.1110 2.3550 2.3386 0.6429 2.2148 2.4268 2.1110 2.5878 2.5599 2.8503 1.8205 0.6127 
4.0545 4.5489 4.5050 4.2151 3.9341 3.9960 3.1313 3.7657 3.6300 3.4083 3.7815 3.3696 3.2837 3.2664 2.8370 3.2418 2.6151 3.1929 2.7428 3.0925 3.0417 3.0701 3.4012 2.9498 3.0831 3.1664 2.3784 3.1445 2.9290 3.0539 3.0886 2.7475 1.5537 
3.3244 3.7302 4.0178 3.8798 3.6362 3.4421 3.4636 3.7710 3.6257 3.5948 4.1189 3.7103 2.5258 2.6353 3.3504 2.8647 2.0846 2.8086 3.2450 2.4479 2.3099 3.3830 3.7315 3.1350 3.0775 3.1700 2.7530 2.5946 2.6437 2.7340 2.5686 1.9043 0.2080 
3.0976 3.3976 3.8065 3.4031 3.4064 3.4658 3.1887 3.7199 4.0166 4.2793 4.0670 3.4159 3.5451 3.2858 3.0906 3.0465 3.0602 2.9776 2.9405 3.1249 3.2768 3.1378 3.6739 3.8135 3.4470 3.1067 2.4362 2.6151 2.4293 2.2370 2.4033 1.5861 0.6068 
4.2013 3.8042 4.0917 4.1177 3.2660 3.2694 2.9124 2.9289 3.1874 2.9047 3.3541 3.3272 2.9010 2.9223 3.1439 2.4149 2.9064 2.3637 2.9910 2.7636 2.6735 3.0118 2.9748 2.4543 2.6349 2.3284 2.1822 2.4245 2.2824 2.9316 2.6904 1.9608 1.5152 
5.5047 5.2497 4.8378 4.5385 4.1017 4.0303 3.7375 3.8281 3.7884 3.6551 3.8823 3.7138 3.3512 3.3028 3.2214 3.4740 3.4655 3.4019 3.1106 3.1442 3.1410 3.3892 3.5073 3.2031 3.2604 3.2152 3.0020 3.1794 3.1280 3.3494 3.3797 3.3670 2.8443 
5.0358 6.1213 5.6521 4.9301 4.6210 4.4537 4.2840 3.6919 4.3591 4.5602 4.5128 3.2684 3.3441 3.2541 2.5648 3.6555 3.5398 3.6083 2.4400 3.0806 3.1253 2.9589 4.1227 4.1047 3.7943 3.0647 3.5842 3.6018 3.6426 3.7442 4.1961 4.2666 2.8165 
6.0319 5.8242 5.7933 5.3269 5.1018 4.9365 4.8506 4.7412 4.7103 4.5073 3.9065 4.4501 4.3228 4.2783 4.2092 4.2170 4.1610 4.1661 4.1039 4.1022 4.0799 4.1126 3.5339 4.0535 4.1686 4.1109 4.0952 4.0864 4.1196 4.1430 4.3763 4.0251 3.2914 
4.9086 5.8868 5.5522 4.9543 4.6360 4.4622 4.3275 4.1841 4.2167 4.0965 4.0519 4.0494 3.9967 4.0195 4.0296 3.7456 3.8298 3.6898 3.8860 3.7983 3.7226 3.7191 3.6582 3.6434 3.6892 3.5867 3.6121 3.6123 3.6652 3.7729 4.1301 4.0725 2.6385 
5.4426 5.7998 5.4781 5.0879 4.9386 4.7532 4.6516 4.5511 4.3546 4.5113 4.5918 4.3619 4.2542 4.1825 4.1401 4.1161 4.0738 4.0653 4.0384 4.0250 4.0344 4.0503 4.1997 4.0585 3.7925 3.9261 3.9416 3.9006 3.9531 3.9303 4.0896 3.9853 2.8667 
6.2365 5.7899 5.4176 4.9889 4.4811 4.0861 4.0080 4.1932 4.3191 4.3896 3.8149 3.5849 3.3546 2.9233 2.5865 2.2262 2.1411 2.1636 2.4561 2.7658 3.1410 3.2420 3.4293 3.9172 3.7699 3.5931 3.2502 3.2323 3.4756 3.8042 4.0206 3.9426 3.6088 
5.5480 6.1801 5.7394 5.1649 4.9651 4.8673 4.6499 4.8656 4.5413 4.6441 4.8389 3.8035 4.2004 4.0175 4.1033 4.1316 4.0500 4.0791 4.0086 3.7936 3.9860 3.4964 4.4528 4.1945 4.0214 4.1978 3.9408 4.0159 3.9950 4.0182 4.2817 4.3479 2.7604 
4.6612 5.9671 5.3787 4.7743 4.5169 4.2658 4.1952 4.2844 3.3448 3.5880 4.1848 3.1546 2.8592 2.1114 2.9187 2.2028 2.7346 2.1083 2.8197 1.9935 2.6334 2.8245 3.7935 3.1354 2.8221 3.6642 3.4740 3.4203 3.5415 3.6147 3.9491 4.1410 2.7157 
5.8208 5.8428 5.5816 5.1856 4.9283 4.8129 4.6556 4.4547 4.5335 4.5907 4.2089 4.1814 4.2621 4.2020 4.1970 4.2386 4.2198 4.1854 4.0882 4.0455 4.0401 3.8689 3.8259 4.1327 4.0181 3.7865 3.9483 3.9637 3.9405 4.0308 4.1467 4.0336 2.9996 
5.4321 5.8885 5.4962 5.0388 4.8746 4.6596 4.5104 4.4616 4.5557 4.4043 4.3860 4.1556 4.1579 4.0734 4.1180 4.0725 4.0352 4.0262 4.0217 3.8806 3.9194 3.8382 4.0126 3.9349 4.0349 3.8013 3.7681 3.8100 3.8551 3.8699 4.0849 4.0731 2.9210 
5.6448 5.9604 4.0169 4.6135 4.4424 4.2823 4.1542 3.8647 4.2852 4.1488 4.0698 3.8988 3.7690 3.7189 3.6936 3.6934 3.6749 3.6421 3.5965 3.5584 3.5440 3.6015 3.6775 3.6895 3.7439 3.2398 3.4135 3.4268 3.4093 3.4290 2.7825 4.1335 2.9849 
5.1431 6.1978 5.7719 5.1621 4.9328 4.7891 4.6711 4.7104 4.2175 4.1810 4.3240 4.5143 4.0517 4.4429 4.3685 4.0191 4.0205 3.9451 4.2220 4.2206 3.7763 4.1910 3.9513 3.7198 3.6894 4.0868 3.9649 3.9372 3.9420 4.0125 4.3325 4.3749 1.7039 
5.3396 4.5821 4.7564 4.4895 4.2145 4.0104 3.8252 3.7240 3.6828 3.6840 3.7745 3.5871 3.2854 3.6177 3.4279 3.2260 3.2171 3.1790 3.3072 3.4106 3.0407 3.2449 3.3905 3.2289 3.1703 3.1058 3.1219 3.1591 3.2420 3.3095 3.3413 2.7512 2.6654 
4.0982 5.6246 5.1903 4.6956 4.4469 4.2020 4.0949 3.9045 4.1088 4.0474 3.9426 3.9841 3.7393 3.6743 3.5509 3.4966 3.5047 3.4228 3.4007 3.4940 3.5035 3.6545 3.5702 3.5963 3.5928 3.2688 3.3480 3.3506 3.4226 3.5439 3.7465 3.7766 1.5430 
3.6326 5.5845 4.9747 4.1496 4.0707 4.0297 4.0102 3.8995 3.2135 3.2870 3.3253 3.4760 3.5650 3.2037 3.4636 3.2286 3.2098 3.1826 3.3395 3.0053 3.2929 3.1788 2.9261 2.8273 2.6750 3.2649 3.2498 3.1765 3.0718 2.9625 3.5514 3.7500 2.1062 
4.9378 4.1415 3.6816 2.8255 1.7301 2.8750 2.9437 2.9255 3.0995 2.7858 1.5715 3.0721 2.8214 2.7457 2.2771 2.4723 1.7228 2.4146 2.1266 2.5241 2.5617 2.7670 1.1609 2.3336 2.5318 2.3308 2.2317 2.0298 0.7513 1.6684 2.2942 2.3206 2.3270 
4.8539 4.4705 3.8906 3.9465 3.3212 3.2999 3.1836 2.8327 2.7971 2.4384 3.0308 2.5324 1.0300 2.3058 2.6831 2.0387 1.5837 1.9791 2.5332 2.0850 0.7732 2.2345 2.6535 1.9865 2.2590 2.2005 2.4252 2.4502 2.3453 2.7717 2.4846 2.5998 2.2110 
4.5160 4.0995 3.5299 3.2387 3.0518 3.0236 2.2595 2.8490 2.9249 2.9694 2.6828 2.8819 2.4962 2.6306 1.9557 1.9058 2.3335 1.8287 1.8460 2.4394 2.2702 2.5650 2.3080 2.5058 2.3989 2.2360 1.5319 2.1739 2.0573 2.0645 2.1149 2.2687 1.9454 
4.1607 4.0698 3.7660 3.5961 3.2450 1.5440 2.6398 2.7346 2.4231 2.4567 2.1370 2.2448 2.3536 2.3939 2.3613 1.3373 2.3935 1.2641 2.2411 2.2088 2.0807 1.9261 1.7522 1.9999 1.8981 2.0671 1.9155 0.6641 2.2651 2.3981 2.3571 2.2218 1.4812 
3.8691 3.4480 3.5849 2.8162 2.8257 2.4328 2.2296 2.2469 2.1940 2.3830 2.7795 2.2420 2.4389 2.0645 1.4877 2.0684 2.2622 2.0139 1.3558 1.9029 2.1953 1.9246 2.3865 1.9310 1.6455 1.5943 1.5014 1.5904 1.8644 1.6385 2.1259 1.6189 1.2871 
3.2534 3.4732 3.6989 2.7394 2.6531 2.9151 2.3426 2.1871 1.9535 2.5906 2.1771 2.6323 2.1305 2.1285 1.9869 1.4884 2.1191 1.4392 1.8898 1.9574 1.9060 2.3315 1.8014 2.1247 1.4437 1.5560 1.5860 2.0657 1.6508 1.5390 2.2994 1.6524 0.7133 
3.9939 3.3913 3.5252 3.3039 2.8819 3.1226 2.7318 1.9804 2.5047 2.5425 2.0659 2.3144 2.3620 2.7631 2.1382 2.2269 1.8408 2.1538 2.0168 2.5540 2.0977 1.9751 1.6850 2.0772 1.9810 1.3383 1.9693 2.2716 1.9173 2.1223 2.0819 1.5479 1.3184 
2.3546 2.7283 3.5272 3.0999 2.6541 3.1026 2.8331 2.2810 2.2926 2.4158 2.3974 2.3754 2.4335 1.8988 0.3144 2.3113 1.0862 2.2347 0.1751 1.6804 2.1884 2.0535 2.0062 1.9630 1.7153 1.6310 2.0816 2.2568 1.6450 1.9213 2.0836 0.7896 -2.4673 
3.6802 3.5481 3.5224 3.1161 3.2472 2.8780 2.8545 2.8583 2.8492 2.4621 2.6094 2.6560 2.6503 2.2088 1.9714 2.4492 2.2515 2.3949 1.8788 2.0151 2.3951 2.3469 2.2344 2.0061 2.3267 2.2450 2.1082 2.0297 2.2766 1.9337 2.0771 1.6798 1.0378 
2.3616 3.0517 2.8904 2.7865 2.6171 1.8595 2.1411 2.1840 1.5838 2.6269 2.2604 1.6037 1.9164 2.3197 1.8849 2.3050 1.9078 2.2239 1.7338 2.1018 1.6443 1.2799 1.8829 2.1624 1.0555 1.5497 1.4416 1.0126 1.6208 1.6092 1.4826 1.2034 0.1225 
2.8564 3.1836 3.5395 3.3089 1.9728 2.4040 2.6062 2.7779 3.0579 2.1630 0.3003 2.6707 2.7609 2.0070 1.5820 1.6834 1.8190 1.6317 1.4798 1.8402 2.4896 2.3561 -0.0359 1.6892 2.4982 2.1263 1.8987 1.5478 1.0371 2.1245 2.0944 1.3481 0.1602 
2.7513 3.2291 3.2603 2.7684 2.1166 2.3435 2.6813 2.8378 3.2108 2.3057 1.1586 0.9879 1.3437 2.0855 1.6022 2.0759 1.3990 2.0280 1.4893 1.9284 1.1075 0.6506 0.7851 1.8193 2.6720 2.2165 1.9422 1.4931 1.1352 1.5685 1.8615 1.4357 0.2286 
3.0794 1.8493 2.8650 1.5395 1.2700 1.7641 1.9222 2.8022 2.3637 2.2502 0.1361 2.3172 2.5478 2.2131 1.6393 2.3252 2.0716 2.2587 1.5271 2.0166 2.3295 1.9832 -0.2267 1.7812 1.8262 2.1600 1.1702 0.9234 0.2869 0.3416 1.4644 0.0731 0.3685 
4.7515 4.9345 4.0729 3.6513 3.5312 3.3753 3.3440 2.8990 3.9225 3.5517 3.0955 2.9875 2.8439 3.0510 3.0614 3.0776 2.7317 3.0024 2.9230 2.8638 2.5927 2.7005 2.7213 3.0758 3.3627 2.2811 2.6129 2.5222 2.5065 2.4622 2.6431 3.1143 2.1310 
3.8847 4.7475 4.5087 4.0864 3.9355 3.7589 3.7007 3.9074 3.9211 3.5140 3.3429 3.3406 3.2861 3.4585 3.2706 3.2160 3.1662 3.1709 3.1724 3.2745 3.0425 3.0302 2.9530 3.0499 3.3561 3.2746 2.9532 2.9071 2.9220 2.9058 3.0907 2.9189 1.0513 
4.0957 4.9342 4.3730 3.9672 3.8313 3.6306 3.5215 3.3818 2.9399 3.0922 3.2108 3.2012 3.2146 3.2054 3.1487 3.0069 2.7954 2.9376 2.9940 3.0051 2.9450 2.8717 2.8195 2.6265 2.4070 2.7740 2.7855 2.7782 2.8452 2.7845 2.9211 3.1324 1.6198 
5.2973 4.6413 4.0119 3.7047 3.4161 3.2165 3.0621 3.5532 3.5796 2.7387 2.7837 2.6927 2.5973 2.6746 2.5788 1.7713 2.6092 1.6958 2.4579 2.4731 2.3615 2.3663 2.3949 2.2642 3.0034 2.9015 2.3397 2.3681 2.4307 2.5272 2.5530 2.7997 2.6471 
4.9519 5.4025 4.9488 4.6929 4.5089 4.3991 4.2230 4.1776 4.2911 4.0611 4.0503 3.9889 3.9199 3.8321 3.7714 3.7360 3.7448 3.6806 3.6625 3.6613 3.6688 3.6571 3.6570 3.6095 3.7483 3.5804 3.5126 3.5488 3.5247 3.5472 3.5377 3.5998 2.2284 
5.7714 5.3793 4.6274 4.2945 4.1702 4.1532 4.2028 4.1101 4.2810 3.1798 3.1855 3.1503 3.2737 3.3020 3.0599 3.1513 3.0294 3.0717 2.9226 3.1438 3.0292 2.8190 2.7967 2.7177 3.7377 3.4860 3.4834 3.3038 3.1997 3.1629 3.2531 3.5531 3.2041 
5.5768 5.0100 4.4546 4.0566 3.8480 3.6081 3.6211 3.3980 4.1029 3.6250 3.4809 3.2629 3.2358 3.2960 3.3138 3.1551 3.0739 3.0738 3.2089 3.1399 2.9847 2.9411 3.1147 3.1765 3.5909 2.7685 2.8837 2.7671 2.8884 2.9160 3.0598 3.1485 2.8134 
5.2330 5.5007 5.1543 4.8465 4.6788 4.5587 4.4460 4.5699 4.1925 4.2727 4.1464 4.0772 4.0447 4.0501 3.9843 3.9539 3.9002 3.8776 3.8331 3.8455 3.7722 3.7520 3.7598 3.8070 3.6595 3.9553 3.6883 3.7083 3.6964 3.6574 3.7231 3.6840 2.4224 
6.0341 5.8123 5.1957 4.8840 4.6042 4.3937 4.1856 3.6165 3.7067 4.0596 4.0696 4.0674 3.9770 3.9633 3.9454 3.8792 3.7937 3.8085 3.7994 3.7602 3.7078 3.7401 3.6786 3.6082 3.1886 2.9531 3.4509 3.5394 3.6257 3.6872 3.7655 3.9891 3.3935 
4.1999 5.8532 5.4840 5.0683 4.8755 4.6902 4.5425 4.6117 4.8542 4.5078 4.3743 4.2642 4.2507 4.2496 4.1850 4.1551 4.1214 4.1001 4.0748 4.0814 4.0330 3.9764 4.0025 4.0531 4.2806 4.0146 3.7960 3.8388 3.8519 3.9112 4.0789 4.0510 2.0802 
5.7050 5.7593 3.7755 4.0712 3.9406 3.8423 3.8172 3.6533 4.3255 3.6503 3.0670 3.0827 2.9408 3.2428 3.1249 3.0603 3.1228 2.9846 2.9749 3.0593 2.7315 2.7707 2.6800 3.1914 3.7733 2.9945 3.1100 2.9899 2.9274 2.8815 2.2488 3.9192 3.1675 
5.5914 4.9495 4.6616 4.4378 4.1738 4.0921 3.9480 4.2373 4.3269 3.7046 3.7569 3.6154 3.6397 3.3981 3.4773 3.3532 3.3488 3.3034 3.3449 3.2298 3.3694 3.2819 3.3626 3.2480 3.7737 3.6307 3.2179 3.2445 3.2019 3.2436 3.2389 3.1824 2.8891 
5.0955 5.0763 4.9746 4.6238 4.4326 4.3033 4.1911 3.9929 4.3560 4.0210 3.8411 3.7566 3.8131 3.7684 3.7066 3.6844 3.6318 3.6338 3.6071 3.6091 3.5994 3.4430 3.4634 3.5541 3.7962 3.3294 3.4646 3.4577 3.4099 3.4665 3.5868 3.2607 2.4668 
5.8627 5.8232 5.2182 4.9687 4.8145 4.6567 4.4925 4.1174 4.3324 4.2846 4.2955 4.1960 4.1119 4.1238 4.1144 4.0557 4.0453 4.0111 4.0184 3.9553 3.8584 3.8879 3.9194 3.8210 3.7752 3.4910 3.7453 3.8052 3.7921 3.7796 3.7716 4.0105 3.2037 
4.9183 5.8666 5.4815 5.0590 4.8779 4.7081 4.6147 4.5093 4.5353 4.5571 4.2527 4.2836 4.2013 4.1717 4.1426 4.1053 4.0827 4.0556 4.0409 4.0178 3.9869 3.9989 3.8750 4.1003 4.0185 3.8690 3.8842 3.8564 3.8553 3.8988 4.0720 4.0585 2.5976 
5.6045 5.7923 4.4388 3.8306 3.6493 3.5008 3.5249 3.7634 4.2392 3.0573 2.8438 2.6833 2.9164 2.1882 1.7252 1.9689 1.5128 1.8794 1.6743 2.0336 2.6756 2.3844 2.4759 2.6288 3.7107 3.1658 2.7722 2.6023 2.5925 2.5856 2.8614 3.9727 3.1424 
5.4268 5.3427 4.5692 3.8530 3.7028 3.2411 2.8921 3.8236 3.8410 3.1835 2.6995 2.0118 2.4922 2.4042 2.3738 2.3197 2.0631 2.2823 2.2898 2.2129 2.2684 1.5703 2.2594 2.6891 3.3047 3.2225 2.1705 2.4316 2.7601 2.7411 3.1532 3.5032 2.5508 
5.7588 5.7171 5.0801 4.9577 4.8032 4.6391 4.5846 4.4767 4.4414 4.3734 4.2975 4.2069 4.1719 4.1139 4.0864 4.0391 4.0395 3.9816 3.9804 3.9407 3.9381 3.9108 3.9223 3.9052 3.8686 3.8217 3.8487 3.7884 3.7828 3.7728 3.6608 3.8358 3.0193 
3.3658 5.8656 5.4317 5.0043 4.7951 4.6612 4.6018 4.6785 4.3884 4.1863 4.1168 4.0887 4.1157 4.0773 4.0178 4.0029 3.9704 3.9236 3.8666 3.8863 3.8637 3.7658 3.7280 3.7277 3.8159 4.0659 3.8700 3.8086 3.7770 3.8221 4.0256 4.0573 1.9000 
5.6434 5.4273 4.3410 3.7958 3.4568 3.5116 3.5111 3.3435 3.8780 3.8430 3.4743 3.3533 3.2595 3.2157 3.0777 3.1718 2.9403 3.1043 2.9315 3.0218 3.0051 3.0590 3.1019 3.3796 3.3400 2.7545 2.7712 2.6596 2.4509 2.6487 2.9563 3.6098 3.1078 
3.8453 4.6557 4.9024 4.5524 4.3617 4.2533 4.2320 3.7156 3.7338 3.4806 3.6842 3.6681 3.7098 3.7699 3.6497 3.6744 3.6184 3.6253 3.5382 3.6119 3.4684 3.3449 3.2992 3.0254 3.1994 3.0942 3.5228 3.4050 3.3502 3.3733 3.4887 2.8869 -0.6353 
5.7975 5.5221 5.0190 4.7756 4.5380 4.3640 4.0963 4.3520 3.9325 4.1950 4.1018 3.9275 3.9755 3.7729 3.8450 3.7587 3.7670 3.7008 3.7273 3.6150 3.7066 3.6200 3.7115 3.7359 3.3743 3.7085 3.3491 3.5109 3.5667 3.6107 3.6146 3.6830 3.1573 
4.6464 5.7631 5.3468 4.9746 4.7235 4.6024 4.5299 4.4593 4.1591 4.2278 4.1241 4.0955 4.0358 4.0527 3.9797 3.9516 3.8368 3.8756 3.8285 3.8497 3.7653 3.7703 3.7369 3.7728 3.6304 3.7936 3.7824 3.7516 3.7297 3.7877 3.9128 3.9378 1.3180 
5.3511 5.4550 3.7828 3.1380 3.1277 2.8420 3.1858 3.0447 2.9199 2.4232 2.6571 2.0410 2.3849 2.3549 2.0959 1.6130 2.4020 1.5675 1.9964 2.1686 2.1668 1.7015 2.2444 1.9358 2.4121 2.4116 2.4054 1.9253 2.0295 1.7673 2.1632 3.6347 2.8500 
5.1304 4.5052 3.0631 2.9130 1.8341 2.4897 3.4361 4.2143 3.9652 4.0954 3.6763 3.2462 2.8649 2.7772 2.8120 2.0621 0.1928 2.0106 2.7076 2.5665 2.6304 2.9219 3.2865 3.6403 3.3992 3.6131 2.7366 1.5898 0.6301 1.8210 1.6241 2.7261 2.3946 
4.1973 4.2270 4.2043 3.8091 3.7685 3.8384 4.0219 3.6002 3.6351 3.3156 2.4302 2.2486 2.6997 2.8795 2.8837 2.4933 3.0789 2.4445 2.7772 2.7314 2.4352 1.9375 2.0432 2.8565 3.0895 2.9296 3.2625 2.9938 2.7945 2.6635 2.8162 2.4515 1.4997 
4.5769 4.5527 4.2707 4.1120 3.7967 3.7391 4.2621 3.8516 4.0281 4.0596 3.3869 3.3826 3.0582 3.4053 3.2827 3.2594 3.2442 3.2095 3.1814 3.2358 2.8079 3.0955 3.0025 3.6067 3.4689 3.2275 3.5625 2.8943 2.8223 2.9290 2.8612 2.7475 1.9480 
4.9789 4.8672 4.3267 3.9777 3.9709 4.0462 4.4887 4.1954 3.7756 4.1537 3.6109 3.2603 2.3521 2.6879 2.8391 2.1841 2.4340 2.1203 2.7432 2.4819 2.0728 2.9294 3.2163 3.6949 3.2521 3.5916 3.7429 3.1970 2.9502 2.7939 2.8889 2.9882 2.3165 
4.8842 4.5972 3.8992 3.3702 3.1926 3.5697 3.8081 3.2178 3.9491 4.0730 3.8958 3.1330 2.0744 2.4113 2.3501 2.3889 2.1527 2.3407 2.2211 2.2449 1.8504 2.7978 3.5206 3.6206 3.3840 2.5848 3.0966 2.7268 2.1841 2.2172 2.4563 2.7660 2.1994 
4.6990 4.4547 3.8410 3.2182 1.5316 2.9493 4.0189 3.3809 3.1240 3.6559 3.8009 3.5916 3.1627 3.1910 3.3515 3.3408 3.2449 3.2825 3.2466 2.9865 2.8851 3.2506 3.4252 3.2033 2.5603 2.7711 3.2610 2.1127 0.4933 2.0223 2.4243 2.5771 2.0501 
4.4311 3.8070 3.6629 2.8579 3.2618 3.1559 3.1647 4.0181 3.8084 3.7420 3.6454 3.3433 2.7809 2.9161 3.1646 2.6594 2.9655 2.5850 3.0125 2.7604 2.5025 3.0353 3.2543 3.2834 3.2754 3.3496 2.4056 2.3027 2.2982 1.7105 2.2469 1.9661 1.7695 
4.1070 3.6572 3.3543 3.2995 3.5431 2.4681 3.0505 3.6336 3.8689 3.5955 3.2486 2.4132 3.1608 2.7911 2.5618 2.3918 2.5701 2.3380 2.4455 2.5935 2.8851 2.0861 2.8589 3.1268 3.3264 2.9844 2.3332 1.5956 2.5201 2.1280 1.9570 1.7948 1.4692 
3.3674 3.3663 3.2627 2.7484 3.5470 2.8177 3.6790 3.8785 3.7599 3.7820 3.5331 2.4955 2.5960 2.4921 2.1522 2.3804 1.6798 2.3337 2.0314 2.3360 2.3594 2.1958 3.1599 3.3305 3.2302 3.2523 2.9256 1.9590 2.5314 1.5458 1.8682 1.5559 0.7922 
3.3423 3.0662 3.3961 3.7305 2.7324 3.7024 4.2006 3.9983 4.0843 4.1559 3.3430 2.9280 3.0132 2.8081 2.7407 2.9232 3.2070 2.8761 2.5913 2.6172 2.7834 2.6256 2.9637 3.6969 3.5618 3.3351 3.4821 2.8561 1.7608 2.5501 1.9919 1.2475 0.6490 
3.6553 3.4568 3.2083 3.3406 3.4429 2.9812 3.5978 3.5175 3.1749 2.3332 4.0137 3.3115 2.7311 2.7927 1.8653 2.8224 3.1604 2.7763 1.7253 2.5926 2.4497 2.9912 3.6184 1.9081 2.6005 2.8722 2.8384 2.1338 2.4607 2.1524 1.7944 1.6328 1.0572 
4.1592 4.0879 3.6991 3.7997 3.7927 3.5788 4.0716 4.0141 3.7906 3.8982 3.7596 3.1260 2.5894 1.4862 2.2775 2.0629 1.6060 2.0117 2.1308 1.2855 2.3573 2.7995 3.3631 3.4318 3.2628 3.3443 3.3289 2.7204 2.8131 2.6506 2.3055 2.2544 1.4759 
3.9939 3.3298 3.7752 2.1405 3.0427 2.4945 2.1400 3.9090 3.9685 3.7019 3.0360 2.2441 2.1744 2.6022 2.6681 2.4405 0.8977 2.3859 2.5232 2.4180 1.9429 1.9212 2.6609 3.2440 3.3985 3.2757 1.3489 1.6325 2.0400 0.8598 2.3781 1.4952 1.4060 
4.5707 4.5944 4.4274 4.1422 3.8725 3.7729 3.4985 4.0217 3.7479 3.4271 3.3738 3.3757 3.2839 3.1420 3.0923 3.0561 2.9775 2.9828 2.9473 2.9221 3.0388 3.0813 2.9924 2.9651 3.2145 3.3544 2.7627 2.9203 2.8793 2.9591 2.9720 2.7765 1.9089 
5.3518 5.1242 4.7921 4.5371 4.3017 4.1868 4.0999 4.2260 4.0464 3.9830 3.7324 3.7463 3.6596 3.4787 3.6372 3.5595 3.5914 3.4814 3.5172 3.2901 3.3960 3.4302 3.3447 3.5093 3.4976 3.6215 3.3518 3.3357 3.3080 3.3501 3.3479 3.2830 2.6877 
6.0463 5.7078 5.2153 4.8309 4.4400 4.1225 3.9089 4.1527 4.1483 3.5656 4.0470 4.0076 3.9060 3.7076 3.6674 3.6129 3.6665 3.5557 3.5657 3.5427 3.6592 3.6687 3.6546 3.0944 3.6223 3.5448 3.1886 3.2699 3.4073 3.6427 3.7728 3.8197 3.3896 
6.1460 5.9752 5.4304 4.9981 4.5322 4.1823 4.4177 4.5144 4.5827 4.7095 4.2885 4.0573 3.8730 3.8361 3.7532 3.7589 3.7147 3.7010 3.6439 3.6649 3.6378 3.7277 3.9113 4.2447 4.0561 3.8781 3.6641 3.3306 3.5602 3.8159 4.0212 4.1323 3.3891 
6.1812 6.0207 5.4347 5.0077 4.5880 4.2886 4.2036 4.2641 4.1977 4.0842 3.0081 3.5981 3.6223 3.6382 3.3087 3.3810 3.2772 3.3283 3.2031 3.4393 3.3508 3.2638 2.6525 3.6267 3.6722 3.6500 3.4978 3.4493 3.6220 3.8395 4.0306 4.1676 3.4790 
5.9051 5.8543 5.4751 5.1998 4.9038 4.7114 4.6863 4.7482 4.3214 3.6301 4.0711 4.1408 4.1156 4.0194 3.9305 4.0135 3.9385 3.9354 3.7870 3.7979 3.8646 3.8207 3.6835 3.1706 3.7674 4.1156 3.9822 3.8633 3.9017 4.0405 4.0672 4.0383 3.2852 
5.7367 5.9663 5.6133 5.3119 4.9827 4.8969 4.5978 4.4181 4.6430 4.2020 4.4916 4.5011 4.4462 4.4961 4.3230 4.2584 4.2098 4.1981 4.1943 4.3021 4.1701 4.1762 4.1013 3.7473 4.1158 3.7625 3.8635 4.0460 4.0183 4.1183 4.1750 4.1448 3.2081 
4.5758 6.0710 5.7324 5.3019 5.0306 4.8917 4.7359 4.7144 4.4788 4.5594 4.4536 4.3967 4.3382 4.3401 4.3101 4.2365 4.2055 4.1835 4.1854 4.1484 4.0897 4.0720 4.0577 4.1027 3.9331 4.0904 4.0262 4.0400 4.0545 4.1042 4.2710 4.2212 2.6122 
5.0137 6.1607 5.6723 5.0636 4.9123 4.7204 4.6000 4.3716 4.4997 4.1981 3.6758 4.0493 3.9038 4.0280 3.9954 3.9383 3.9414 3.8636 3.8423 3.8113 3.6581 3.7179 3.2894 3.7404 3.9690 3.7252 3.8655 3.8702 3.9129 3.9041 4.2041 4.3104 -0.2328 
5.4782 6.1510 5.4339 4.5571 4.1583 3.8825 3.9460 4.0020 4.0232 4.3216 4.1926 3.6900 3.4028 3.2542 2.8405 3.0647 2.9189 2.9921 2.7460 3.0796 3.1844 3.3633 3.7981 3.8540 3.4603 3.3372 3.2110 3.0287 3.1850 3.3689 4.0191 4.2929 2.6551 
5.2984 5.9685 5.3376 4.5654 4.2178 4.0963 4.1403 3.2919 3.7017 4.2122 4.1386 3.8422 3.7312 3.4628 3.6297 3.6127 3.5974 3.5554 3.5062 3.2769 3.4935 3.5559 3.7507 3.7629 3.1822 2.6671 3.3999 3.2461 3.2413 3.3815 3.8852 4.1489 2.6802 
4.4725 5.7647 5.1303 4.4635 4.1863 4.0547 4.0609 4.1636 3.7074 4.0847 3.4049 3.2001 3.2050 3.0020 3.4073 3.3441 3.3363 3.2877 3.2907 2.8235 2.9308 2.8705 3.0282 3.6326 3.1845 3.5583 3.3128 3.2035 3.2072 3.2672 3.6900 3.9420 2.3529 
4.5718 5.8174 5.1428 4.4108 4.0519 3.7671 3.7495 3.7617 4.2876 4.3914 4.1462 3.5452 3.1844 2.9223 3.2042 2.8673 2.8501 2.8152 3.0874 2.7704 2.9188 3.2277 3.7614 3.9213 3.7438 3.1581 3.0057 2.9097 3.0478 3.2256 3.7024 4.0143 2.5437 
4.6253 5.4919 5.1502 4.7153 4.4793 4.3463 4.1824 4.1704 4.2564 4.2085 3.5927 3.7965 3.7221 3.6708 3.8556 3.7228 3.7329 3.6690 3.7364 3.4935 3.4815 3.5035 3.1976 3.7572 3.7219 3.5719 3.4574 3.5026 3.4872 3.5882 3.7428 3.6692 2.4145 
5.4690 5.2879 5.3295 4.9207 4.7046 4.5384 4.4194 4.2801 4.4810 4.3760 4.1096 4.1045 4.0518 4.0099 3.9651 3.9376 3.8799 3.8624 3.8166 3.7844 3.7770 3.7761 3.7225 3.9048 3.9384 3.6614 3.6674 3.6885 3.7176 3.7389 3.8920 3.4382 2.7689 
5.7562 5.7270 5.2161 4.6616 4.4532 4.2196 4.1142 4.1857 4.1414 3.7835 3.6317 3.7018 3.7097 3.6099 3.5049 3.5888 3.4721 3.5111 3.3611 3.3978 3.4649 3.3763 3.2391 3.3360 3.6187 3.5878 3.3692 3.3710 3.4371 3.5155 3.7656 3.8507 2.9221 
5.4729 5.4563 4.9156 4.4623 4.1964 4.0313 3.8218 3.6506 3.5989 3.8967 3.3230 3.5806 3.5799 3.6030 3.5581 3.3706 3.3690 3.3194 3.4053 3.3894 3.3041 3.2447 2.9257 3.4329 3.0462 3.0121 3.1232 3.1857 3.2288 3.2892 3.5044 3.6223 2.7618 
