5.4197 5.2377 4.7622 4.0620 3.5945 3.4971 3.8625 3.7841 3.3010 3.5927 3.2141 2.9875 2.5969 2.7877 2.7511 3.0342 2.7644 2.9922 2.6485 2.6271 2.3188 2.6538 2.8270 3.1436 2.7587 3.1439 3.1011 2.6411 2.6150 2.8962 3.3770 3.4131 2.7366 
4.8831 5.2964 4.7944 4.3437 4.3136 4.2802 4.2612 3.4342 3.7693 3.7183 3.6748 3.6710 3.5923 3.5284 3.5336 3.2887 3.2618 3.2174 3.4328 3.3632 3.3681 3.3852 3.2975 3.2504 3.2016 2.7612 3.5001 3.4280 3.3139 3.1600 3.4120 3.4792 2.2380 
5.0522 4.7604 4.0263 3.4648 2.9445 2.8223 3.2670 2.2806 2.5477 3.1131 2.7454 2.1633 2.0038 1.8791 1.7772 2.5947 2.1020 2.5417 1.6871 1.7100 1.7628 1.8380 2.3602 2.6555 1.9658 1.6962 2.5604 1.9630 1.9196 2.2689 2.6108 2.9414 2.4547 
2.7723 4.7153 4.1824 3.6273 3.4888 3.4193 3.0576 3.0039 3.0877 2.9935 2.7507 2.8530 2.8398 2.7138 2.8874 2.6480 2.6406 2.5997 2.7480 2.5621 2.6073 2.5656 2.3724 2.5301 2.5713 2.3426 2.3143 2.5708 2.5149 2.4823 2.7366 2.8796 1.1140 
4.0976 4.0131 3.9825 3.4409 3.4558 3.2835 3.1213 3.0501 3.1301 2.9795 2.9632 2.8674 2.7230 2.7125 2.7554 2.4568 2.3808 2.3833 2.6497 2.5609 2.4906 2.5738 2.5764 2.5072 2.6039 2.4079 2.3826 2.4342 2.4583 2.2539 2.5798 2.2177 1.3870 
3.5033 3.9669 3.7719 3.1083 2.6852 2.9876 2.5054 1.9774 1.8087 2.3046 1.8361 1.8984 1.8222 1.3200 1.8131 2.2047 2.1874 2.1564 1.7157 1.0984 1.5763 1.5948 1.4509 1.8470 1.2926 1.3581 1.7657 2.1378 1.7237 1.9317 2.3227 2.1622 0.5021 
3.9990 4.0814 3.6683 3.0594 1.2606 2.4355 1.4215 1.9160 2.5852 2.3467 2.3411 1.9877 1.9177 1.3837 1.7552 1.6836 1.3424 1.6025 1.6376 1.2119 1.7096 1.7085 1.9629 1.8923 2.0331 1.3139 0.6677 1.5924 0.2816 1.8766 2.2441 2.2532 1.2962 
2.7907 3.7542 3.4488 2.0362 1.7092 2.1945 2.1866 2.2978 2.2564 2.4295 1.7684 1.7018 1.5265 1.3505 1.6101 1.9590 1.3129 1.8957 1.4719 1.1628 1.3045 1.3634 1.3780 1.9623 1.7355 1.6978 1.4373 1.3470 0.6923 0.8637 2.0071 1.9132 -0.1939 
3.0989 4.6895 4.7694 4.3894 3.7811 3.5387 3.2014 3.3296 3.8353 3.7051 3.7878 3.0952 3.1658 3.4881 3.7722 3.4103 1.7557 3.3309 3.6254 3.3066 2.9406 2.7652 3.4136 3.2386 3.2642 2.6884 2.4930 2.6908 2.7588 3.2056 3.3619 2.8385 0.6313 
3.9094 4.2589 4.2114 2.6817 2.7902 3.1570 3.3475 2.6064 2.9844 3.1682 3.2048 3.4413 3.3338 3.1251 3.3356 3.4262 3.1029 3.3601 3.1927 2.9635 3.0781 3.1103 2.8280 2.7127 2.4105 1.9545 2.6125 2.3094 1.8055 1.4727 2.7586 2.4026 1.0583 
2.8799 3.7999 3.9395 3.5957 3.4429 3.8940 3.6642 2.7056 2.9746 3.0009 1.9383 2.9874 3.1518 1.9458 2.4730 2.3003 2.1847 2.2404 2.3349 1.7927 2.9194 2.6511 1.5626 2.5450 2.4045 2.0887 2.9582 3.0452 2.4316 2.4427 2.5481 1.9537 0.4457 
3.4510 3.4479 3.2507 3.1130 2.7502 3.5095 3.7595 3.0536 2.6052 2.9473 2.1991 2.5216 2.9976 2.2961 2.0652 1.8938 2.6481 1.8507 1.9298 2.1372 2.7224 2.2005 1.8137 2.4760 2.0685 2.4053 3.0299 2.6613 1.7838 1.9314 1.8250 1.6205 0.8707 
3.2382 3.1416 3.4303 2.8686 3.0649 3.7555 3.4424 3.0731 2.6950 2.6571 2.8383 3.0752 2.6402 1.8344 2.1627 0.9541 1.5988 0.8985 2.0321 1.6616 2.3798 2.7476 2.4647 2.2037 2.1684 2.4380 2.6876 2.9093 2.1088 1.7215 1.9834 1.3036 0.5392 
3.4223 3.4898 3.0066 2.6077 2.4457 2.6900 2.9074 2.2789 2.2638 2.7769 2.6680 2.5005 1.8722 2.3138 2.1338 2.3921 2.2795 2.3275 1.9836 2.1586 1.6277 2.1792 2.2797 2.3218 1.7472 1.6746 2.1830 1.8383 1.4195 1.4435 1.5317 1.6506 0.6138 
3.5455 3.2401 2.7335 2.8538 2.7915 1.5421 1.9459 1.8634 1.6258 2.3187 1.0663 2.1475 1.8996 1.8532 1.8778 1.9964 1.8833 1.9272 1.7679 1.6958 1.6855 1.8109 0.6987 1.8649 1.0581 1.2625 1.2414 0.6853 1.8128 1.7104 1.3069 1.3881 0.8099 
3.0263 3.6082 2.7156 1.7322 2.8703 2.2396 1.7434 1.4938 1.8025 1.6074 2.3163 2.2361 2.1996 2.4402 1.7094 1.8055 0.9917 1.7571 1.5540 2.2529 1.9315 1.9087 1.9255 1.1425 1.2864 0.8807 0.9981 1.3847 1.8745 0.5484 1.2919 1.7928 0.0713 
2.3774 3.7471 3.5989 2.7017 2.7507 2.4070 2.7410 2.0360 2.1676 2.4643 1.7949 2.3776 2.6485 1.9080 2.4448 1.9107 1.4660 1.8557 2.3157 1.7508 2.3926 2.0912 1.4047 1.9971 1.6257 1.3922 2.0199 1.5614 1.7760 1.5208 2.1960 1.9028 -0.4635 
3.7340 4.0244 3.9108 3.4409 3.0737 2.6622 3.1531 2.9780 2.6265 2.6307 2.8193 2.8149 2.5340 1.2785 2.7043 2.5993 2.3632 2.5537 2.6000 1.0701 2.2642 2.5296 2.4397 2.1787 2.0919 2.3110 2.4178 1.8216 2.0947 2.2428 2.4869 2.2117 0.7796 
1.6178 3.6744 3.1336 2.6253 2.5705 3.0665 2.6811 2.1089 2.5481 2.6441 2.4490 2.5786 2.2381 1.9864 2.2620 2.1024 1.5682 2.0269 2.1621 1.8105 1.9875 2.2426 2.0720 2.1889 1.9722 1.4377 1.9439 2.2138 1.5630 1.4322 1.7144 1.8505 0.0716 
3.4672 3.9513 2.7714 3.2729 2.1069 2.9273 2.5294 1.4027 2.3644 2.0707 2.5442 1.9049 1.5939 1.6477 1.8841 2.1658 2.0931 2.1131 1.7750 1.4472 1.3542 1.6062 2.1557 1.6005 1.8313 0.7824 1.7780 2.0783 1.0867 2.1337 1.3226 2.1481 0.9322 
3.2608 4.1595 3.0446 2.1008 2.4597 2.8068 2.1965 1.4532 2.3171 2.6405 1.9077 2.0282 1.7768 2.1384 2.0664 2.0096 2.4711 1.9442 1.9199 1.9204 1.5090 1.7296 1.5234 2.1871 1.7876 0.8616 1.4579 1.9532 1.4542 0.9361 1.5404 2.3294 0.6398 
5.2505 5.0135 4.5788 4.3354 4.0068 3.9661 3.8882 3.7510 3.6426 3.5909 3.5268 3.4322 3.4748 3.4206 3.3860 3.3831 3.3371 3.3053 3.2339 3.2013 3.2100 3.0979 3.1399 3.1320 3.1105 3.1101 3.1423 3.1176 3.0317 3.1549 3.1548 3.1626 2.6211 
4.2584 5.2849 5.2299 3.9222 4.2694 4.2651 3.6629 3.6964 3.6851 3.2626 3.4625 3.4113 3.4048 3.2165 3.2284 3.1562 3.1824 3.0978 3.1150 3.0497 3.1268 3.0732 3.0721 2.8067 3.1440 3.0720 2.9745 3.4210 3.2375 2.6971 3.8494 3.4623 1.2226 
5.5155 5.1234 4.7580 3.6238 4.2908 4.0967 3.4690 3.1712 3.1936 3.4384 2.7686 2.6380 2.3956 2.5882 1.8944 2.4325 2.2570 2.3746 1.7858 2.3796 2.1754 2.3261 2.4021 2.9973 2.6495 2.5465 2.7047 3.2384 3.3039 2.5395 3.3784 3.2086 2.7472 
4.3263 5.0435 4.9223 4.2927 4.1441 3.8514 3.7336 3.5589 3.3565 3.3094 3.2841 3.2889 3.2082 3.1002 3.1009 3.0463 2.9789 3.0003 3.0019 2.9346 2.9956 2.9972 2.9102 2.8435 2.7907 2.9539 3.0152 2.9983 3.1439 3.0889 3.5088 3.2016 1.9062 
5.6999 5.5963 5.3115 5.0771 4.7179 4.7347 4.6508 4.5336 4.4771 4.3664 4.2957 4.2887 4.2655 4.1674 4.0935 4.0763 4.0495 4.0187 3.9760 3.9747 3.9880 3.9558 3.9029 3.9108 3.9478 3.9118 3.9045 3.8854 3.7111 3.8902 3.9143 3.7551 3.0417 
4.8950 5.9231 5.7061 5.0146 4.5625 4.7964 4.4175 4.2648 4.2898 3.8879 3.8084 3.8575 3.6215 3.6659 3.6753 3.6230 3.6267 3.5714 3.5564 3.4929 3.4130 3.5225 3.4244 3.4345 3.7360 3.5971 3.6801 3.9451 3.5759 3.8475 4.2985 4.0761 1.6767 
4.6530 5.5875 5.4845 4.1479 3.8840 4.5767 4.0693 3.8983 3.3736 4.0186 3.8422 3.7410 3.7714 3.4230 3.4614 3.4257 3.3960 3.3597 3.3422 3.2052 3.5100 3.4390 3.4474 3.5646 2.8035 3.2575 3.3697 3.7306 2.9208 2.9971 4.0415 3.7536 0.6062 
5.4436 5.4238 5.0669 3.6689 4.1901 3.8882 3.1850 2.6160 3.1308 3.0504 2.7419 2.8957 2.9145 2.7118 2.5744 2.3667 2.1860 2.3120 2.4273 2.5612 2.6506 2.5879 2.3482 2.5914 2.5903 1.8889 2.4282 3.0290 3.1949 2.5883 3.6414 3.5588 2.6116 
5.1929 5.0530 5.0423 4.3342 3.9691 4.1572 3.6937 3.6000 3.4838 3.5935 3.5442 3.4520 3.4342 3.2473 3.2612 3.2068 3.1972 3.1539 3.1401 3.0726 3.1646 3.1224 3.1588 3.1372 2.9593 3.0014 2.9898 3.3066 2.9904 3.1259 3.5998 3.1885 2.6774 
5.1510 5.3322 4.1065 4.6081 4.4958 4.2982 3.9976 3.9638 4.0016 3.4953 3.6719 3.6554 3.6502 3.6639 3.6064 3.5327 3.5314 3.4799 3.5006 3.4914 3.4321 3.3682 3.2967 3.0381 3.4721 3.3489 3.2687 3.4475 3.5158 3.4499 2.6362 3.5162 2.4994 
4.8733 5.3359 5.3871 5.1513 4.8245 3.7468 4.0365 4.3088 4.3342 4.1587 3.8048 3.7328 3.9655 3.8440 3.8192 3.7359 3.7554 3.6629 3.6661 3.6230 3.7232 3.4334 3.4234 3.6904 3.8106 3.6574 3.3233 2.8851 3.8535 3.9584 3.9696 3.5208 2.4828 
4.8977 5.6082 5.5180 3.5794 4.2940 4.8289 3.8606 4.0638 4.4418 4.2669 3.0873 2.2776 4.1393 3.7639 3.5859 3.4453 3.4110 3.3953 3.4756 3.5636 3.9003 2.0072 2.7028 3.8017 3.9090 3.4561 3.1146 3.9808 3.2987 2.5050 4.0658 3.7912 1.5671 
4.0387 4.3064 4.6457 4.2882 4.2590 3.9043 3.0586 3.3396 3.5261 3.0790 2.7581 2.9584 2.4597 2.6883 2.2198 2.6424 2.3243 2.5933 2.1234 2.5286 2.2067 2.6275 2.3744 2.6297 3.0037 2.6952 2.3177 3.0484 3.2334 3.0952 3.2136 2.4603 0.9970 
3.0722 3.4908 4.7363 4.0807 3.7158 3.4857 3.4591 2.9987 2.9083 3.3663 3.0857 2.9523 2.7618 3.0009 2.8883 2.8641 2.9991 2.7923 2.7484 2.7829 2.5556 2.6212 2.6943 2.8986 2.3393 2.3286 2.7091 2.6369 2.7122 2.9162 3.3198 1.7499 0.1268 
4.2986 4.0803 3.9465 3.3591 3.4410 3.4744 2.9224 2.6348 2.8970 2.9238 2.4997 2.4773 2.2379 2.4305 1.9349 1.8094 1.6895 1.7514 1.8265 2.2462 1.9845 2.1706 2.1346 2.4573 2.3309 1.9902 2.1838 2.6241 2.4287 2.1535 2.5768 2.2297 1.3901 
3.4505 4.1222 4.1287 3.3949 3.2729 1.9043 2.4483 2.5214 1.6567 2.4385 2.7462 2.6350 2.4715 0.9969 2.3521 2.1706 2.6089 2.1226 2.2423 0.8539 2.2177 2.3138 2.3608 1.9745 1.0809 1.8661 1.7272 1.0939 2.2749 2.1967 2.7066 2.3028 0.5317 
4.2590 3.8355 3.4923 2.7334 2.8725 2.9833 2.7426 2.5700 2.6883 2.1506 2.1454 1.9031 2.1751 2.2060 2.0911 2.2138 2.2353 2.1663 1.9431 2.0175 1.9020 1.6020 1.7500 1.6916 2.1662 1.9037 2.0195 2.1309 1.8806 1.5377 2.0891 1.9832 1.6498 
2.7653 3.7363 3.6810 2.7805 2.9215 2.6058 2.2213 2.2341 1.7770 2.3028 2.4356 2.2208 1.5357 2.1362 2.2312 2.2575 2.0165 2.2042 2.1351 1.9116 1.3229 1.8961 2.0625 1.8388 1.2516 1.5899 1.4794 1.7565 1.8960 1.6204 2.2555 1.9226 0.1057 
4.0279 3.5176 2.8410 2.2900 2.2666 2.1804 2.0055 0.8250 1.5701 1.6429 1.8863 1.9184 1.9394 2.1716 2.0536 1.7519 1.3054 1.7061 1.9089 1.9689 1.7240 1.6262 1.4931 1.1750 1.0306 0.2021 1.3000 1.3330 1.2984 1.1021 1.4183 1.7043 1.4259 
3.4320 3.7246 2.8955 1.7887 2.4437 3.1029 2.4930 2.5271 2.6415 2.6219 1.6634 2.3634 1.4709 2.5714 2.4054 2.2784 2.4091 2.2243 2.2847 2.3543 1.2718 2.0759 1.2815 2.1691 2.1244 1.8780 1.7517 2.2549 1.4626 0.6332 1.4508 1.8992 0.8623 
4.0216 3.5698 3.6781 2.4266 2.1651 2.3650 2.5875 1.6606 2.7422 2.7910 2.6318 1.8851 2.2943 1.9660 1.2933 1.9598 0.4713 1.8962 1.1406 1.7882 2.0589 1.5573 2.2410 2.3285 2.2125 1.0218 1.8372 1.5075 1.1406 1.2871 2.2601 1.7513 1.4260 
4.3482 4.0059 4.0967 4.1142 3.4393 3.0165 3.3765 3.3047 3.2426 3.1809 3.0777 2.9653 2.3199 2.5703 2.3569 2.6011 2.6415 2.5588 2.2448 2.3502 2.0929 2.6312 2.6877 2.7310 2.7055 2.6740 2.6321 2.1719 2.4511 2.9847 2.6683 2.2529 1.6703 
4.4907 4.2610 4.7021 4.4427 3.8356 4.1587 4.0320 3.3335 3.4641 3.4853 3.2188 2.9700 2.8634 2.6655 2.7823 2.9915 2.8410 2.9194 2.6734 2.4977 2.6216 2.6380 2.8456 3.0296 2.9286 2.6939 3.3177 3.3144 2.8128 3.2731 3.2582 2.4659 1.8259 
5.2938 4.9820 4.9176 4.8772 4.0008 4.1340 3.9465 3.3635 3.5051 3.8180 3.1764 3.0472 3.1293 2.9125 2.8263 2.7123 2.5722 2.6545 2.7054 2.7119 2.8886 2.7233 2.7850 3.3483 2.9936 2.7023 3.2004 3.2921 3.0360 3.7259 3.5101 3.1191 2.6443 
5.0364 5.1842 4.8393 4.7256 3.5027 4.0160 3.7486 2.1160 2.6551 3.9113 2.6228 2.0699 2.3962 2.5930 2.4752 2.2138 2.2318 2.1656 2.3331 2.3885 2.1701 1.7528 2.2218 3.4589 2.1292 1.4923 3.0216 3.1668 2.5611 3.5378 3.4418 3.3537 2.3212 
4.7346 5.0810 4.8944 4.9237 4.7575 4.6860 4.4866 4.1741 3.8555 3.3875 3.4380 3.5438 3.5940 3.5198 3.4287 3.5103 3.4120 3.4599 3.2877 3.3500 3.3735 3.2235 3.0479 2.9088 3.2922 3.5312 3.7779 3.8358 3.7795 3.7750 3.4966 3.2262 2.2219 
3.4148 4.5456 5.1241 5.0390 4.6004 4.6326 3.7022 4.0212 4.1763 4.0691 3.2500 3.3157 3.6009 3.3286 3.4110 3.3752 3.2777 3.2974 3.2574 3.1322 3.3908 3.0116 2.8765 3.6021 3.6172 3.4226 3.0080 3.7788 3.5960 3.8711 3.6908 2.7157 1.1175 
4.5483 4.5003 5.1238 5.1787 4.5786 4.3625 4.4931 4.2861 4.1048 4.3516 4.1714 4.0202 3.9109 3.8086 3.8183 3.7848 3.7605 3.7084 3.6652 3.5951 3.6487 3.7133 3.7976 3.8999 3.5640 3.6296 3.7979 3.5016 3.5850 4.0011 3.6790 2.6874 1.8252 
4.8039 4.9005 5.2728 4.5035 4.1920 4.3702 3.9143 3.6493 3.2285 3.7494 3.3025 3.0442 2.8583 3.0298 2.8555 2.6818 2.8325 2.6309 2.7298 2.8335 2.6214 2.7181 2.9380 3.2871 2.7002 3.0480 3.1757 3.5136 3.1961 3.3655 3.8679 3.1116 2.2736 
3.6369 5.0662 5.1377 4.7072 4.2682 3.9667 4.1315 2.7460 3.0412 4.0174 3.2511 3.1850 3.1109 2.7894 3.0047 2.9294 2.9880 2.8512 2.8614 2.6178 2.8629 2.8882 2.8699 3.5586 2.5263 2.1046 3.4194 3.1266 3.2573 3.5142 3.6987 3.1860 1.8198 
4.9175 5.0528 4.8163 4.8963 4.0162 4.4639 4.2191 3.7638 3.8769 3.6789 3.2405 3.5384 3.6846 3.4030 3.4802 3.4344 3.4345 3.3760 3.3724 3.1797 3.4544 3.2231 2.8696 3.2069 3.3411 3.1278 3.4708 3.6153 3.0410 3.7596 3.3980 3.2308 2.3854 
5.1870 5.4786 5.2456 5.2448 5.3450 5.2153 4.8047 4.8125 4.7118 4.5906 4.5451 4.4710 4.3811 4.2349 3.9538 3.6615 3.5306 3.5975 3.8537 4.0206 4.1347 4.1779 4.1699 4.1233 4.1567 4.1974 4.0603 4.3641 4.3644 4.0730 3.8479 3.6320 2.6582 
3.9725 5.4872 5.0098 5.0949 4.2793 4.4344 4.5298 4.2830 3.9184 4.1993 3.7098 3.6803 3.4418 3.5465 3.4587 3.3171 3.2904 3.2431 3.3382 3.3894 3.1703 3.3965 3.3348 3.7314 3.3991 3.6204 3.8292 3.5851 3.2698 3.9078 3.5700 3.6430 1.6172 
5.4010 4.9156 5.3775 4.8752 4.7346 4.7190 4.7845 3.7509 4.3661 3.9681 3.8747 3.8744 3.8952 3.8974 3.9035 3.8370 3.7008 3.7590 3.7923 3.7089 3.6276 3.5441 3.4811 3.5074 3.8502 3.1237 4.0338 3.8732 3.7353 3.7300 3.9628 3.1248 2.7559 
4.4321 4.6327 3.7989 4.0023 3.8754 3.5845 3.2846 2.7177 3.0812 3.0019 2.9814 3.2284 2.6942 3.0032 2.5410 2.9610 2.7859 2.8831 2.3961 2.7874 2.4509 2.9406 2.5909 2.5475 2.5654 2.1052 2.5758 2.7347 2.8746 2.8305 2.3590 2.7824 1.9092 
3.4656 3.7222 3.5365 3.4918 3.4828 3.2232 3.1322 2.9877 2.6570 2.6406 2.6519 2.5205 2.4378 2.7957 2.6036 2.4412 2.6900 2.3726 2.4766 2.6292 2.1967 2.1955 2.2649 2.1892 2.1398 2.3179 2.4038 2.3640 2.5033 2.3134 2.1445 1.8903 0.8814 
4.2315 3.8931 3.9976 3.0853 2.8580 2.6371 3.1366 2.3320 2.4642 2.1616 2.3912 2.5359 2.4219 2.6110 2.4483 2.6833 2.5472 2.6307 2.3175 2.4142 2.1873 2.2034 2.0151 1.7157 1.8983 1.7391 2.4022 1.7940 1.8619 1.8921 2.5966 2.0584 1.5449 
3.2079 3.0213 3.6586 3.0051 2.5700 2.1621 2.2604 2.6633 2.3766 1.8144 1.9219 2.5801 2.5558 2.5898 1.9875 1.9456 1.8427 1.8912 1.8654 2.3827 2.2768 2.2450 1.5419 1.3558 1.8418 2.0409 1.5246 1.3129 1.5483 1.7971 2.2501 1.1659 0.7616 
2.3128 3.5613 3.5221 3.0523 2.3491 2.8813 2.5598 2.3114 1.4672 2.2912 1.6406 2.0576 2.4273 2.1141 1.7734 1.8699 1.9714 1.8162 1.6545 1.8951 2.1899 1.7515 1.2740 1.8339 0.9525 1.7098 1.7954 2.0313 1.3827 1.8683 2.1321 1.7757 -0.4276 
2.0262 3.1414 2.9304 2.4670 1.8574 2.7657 2.6243 2.0683 1.6397 2.3245 2.4812 2.4617 1.9607 2.0763 2.3737 1.4251 1.7204 1.3703 2.2582 1.8778 1.7371 2.1601 2.1098 1.8744 1.0915 1.4171 1.8774 1.9212 0.8670 1.3033 1.4796 1.3369 -1.0263 
3.8035 3.2768 2.6134 2.0988 2.8570 2.2553 2.3209 2.6009 1.9123 2.6451 2.2918 1.3787 2.1774 1.5296 2.5949 2.1594 2.0637 2.0976 2.4659 1.3681 1.9046 1.0457 1.8968 2.1916 1.3880 1.9468 1.6056 1.3964 1.8654 0.9203 1.1787 1.4198 1.1438 
3.4814 3.8238 3.6441 4.7828 3.8351 2.9915 2.9851 2.8753 2.7679 2.9915 2.9095 2.7583 2.4451 2.4369 2.5470 1.5667 2.4297 1.4852 2.4006 2.2559 2.2055 2.4655 2.5382 2.5255 2.2345 2.2340 2.2172 2.1244 2.7805 3.5998 2.2500 1.9847 0.6918 
4.1026 3.3239 4.4706 4.3670 3.9583 3.0824 3.1606 2.6975 2.5661 1.8834 2.0008 2.1448 2.2698 1.7419 1.1955 1.7330 2.1624 1.7154 1.1394 1.5630 2.0536 1.8303 1.6701 1.4535 2.0260 2.1205 2.4539 2.2682 3.0023 3.1729 3.0694 1.2397 1.1636 
2.6231 4.0454 4.4085 4.4390 3.7017 2.8525 1.9019 2.7718 2.6438 2.6790 2.1949 1.6455 2.4878 1.7387 1.9821 1.4016 1.7688 1.3301 1.8670 1.5059 2.2322 1.3418 1.7991 2.2195 2.1181 2.1657 1.1499 1.9777 2.6960 3.2671 3.0179 2.2502 0.1897 
2.6536 2.8314 3.1659 3.4882 2.6474 2.7970 2.4683 2.3332 2.6641 2.2658 2.5928 2.4649 1.3269 1.8468 1.8084 1.7673 1.7983 1.7219 1.7124 1.6873 1.0417 2.1617 2.2014 1.8130 2.1464 1.7364 1.7445 1.9420 1.6594 2.3139 1.7431 1.0334 -0.2868 
3.6361 3.2706 2.9356 2.7014 2.5469 2.0056 2.4248 1.8965 1.6057 2.3428 2.6389 2.4796 2.0019 1.8533 1.7953 2.1922 2.0912 2.1464 1.7012 1.6986 1.7626 2.1685 2.2513 1.8911 1.0573 1.2986 1.7201 1.1708 1.5215 1.5274 1.4804 1.4094 0.9661 
3.9543 3.1572 3.1634 2.7352 2.7489 2.7730 2.5131 1.7381 1.1997 2.0307 1.5610 1.7669 1.8054 1.9325 1.3987 2.3346 0.4818 2.2852 1.2907 1.7695 1.5548 1.4432 1.1896 1.5646 0.6329 1.0890 1.7691 1.9234 1.7776 1.5641 1.7603 1.2950 1.3239 
3.4268 2.9934 2.9305 3.2241 2.1609 2.2511 2.1678 1.6698 1.0151 1.3031 1.8201 2.1206 2.3509 1.9031 0.9620 0.8799 0.8971 0.8295 0.8622 1.7433 2.1410 1.7869 1.4379 0.8386 0.4637 1.0323 1.4179 1.3886 1.1881 2.0802 1.4890 1.0836 0.7185 
5.1793 4.9732 4.6981 4.1142 3.5910 3.5512 3.4184 3.3050 3.3714 3.1519 3.1274 3.0134 3.1192 2.9733 3.0319 3.0295 3.0628 2.9855 2.9117 2.7507 2.8784 2.6823 2.7406 2.6944 2.8027 2.6716 2.6633 2.7043 2.6232 2.9417 3.2791 3.1284 2.6345 
3.8601 5.1262 5.1772 4.7994 3.5415 3.6864 3.6201 3.5450 3.6066 3.5017 3.3225 3.3104 3.1110 3.0918 3.0860 3.0298 3.1725 2.9860 2.9901 2.9206 2.8659 3.0082 2.9486 3.0447 3.0805 2.9273 2.9050 2.8273 2.5660 3.6072 3.7666 3.3074 1.2491 
5.7857 5.5818 5.1210 4.8515 4.6347 4.4441 4.2542 4.0929 3.9141 3.5966 3.4348 3.1682 3.0906 2.8013 2.7205 2.7915 2.6604 2.7371 2.6111 2.6300 2.8368 2.8577 3.0383 3.1400 3.3894 3.4741 3.4952 3.5930 3.6127 3.6805 3.6617 3.7334 3.1385 
5.3295 4.8778 4.6328 4.6877 4.0993 4.0243 3.8963 3.7942 3.5892 3.3838 3.2666 3.0850 3.0389 2.7798 2.3927 2.4515 1.9236 2.3831 2.2807 2.6197 2.7735 2.7600 2.8960 2.9178 3.0592 3.1435 3.1553 3.1746 3.1063 3.4881 3.1857 3.0291 2.6616 
3.8990 5.4234 5.1744 4.5159 4.3552 4.0568 3.0677 3.7680 3.5478 2.7518 2.7122 2.7586 2.4688 1.4659 2.3844 2.1074 2.0286 2.0265 2.2702 1.2931 2.2197 2.4662 2.3185 2.3055 3.0213 3.1212 2.3359 3.2002 3.3889 3.3638 3.7477 3.5965 -0.9929 
4.2794 4.9678 3.3752 3.9476 3.8814 4.0769 3.2058 3.6756 3.3830 3.4460 3.2906 3.1023 3.0538 3.0954 3.0618 3.0310 3.0838 2.9872 2.9590 2.9268 2.7928 2.7748 2.9170 2.9945 2.8224 3.0536 2.5149 3.2254 2.9007 2.7638 2.1134 3.1461 1.7280 
4.2124 5.0882 3.4604 4.0424 3.7895 3.5064 3.8549 2.7063 3.8187 3.0368 3.1568 2.8471 2.5458 2.9164 2.9691 2.7734 2.3929 2.7176 2.8172 2.7170 2.2748 2.5590 2.7599 2.5826 3.2472 2.0954 3.1002 2.6628 2.7720 2.8888 1.8952 3.2367 1.4848 
4.5429 4.7989 4.2009 3.8382 3.3132 3.1881 4.4482 4.0357 3.8036 3.5282 3.4663 3.2882 3.2550 3.2509 3.2087 3.0404 3.0386 2.9939 3.0978 3.0762 3.0250 2.9974 3.0767 3.0712 3.2352 3.4333 3.7328 2.3456 2.2967 2.6462 2.7419 2.9984 1.8798 
3.2931 3.9209 3.7020 3.5910 3.5589 3.8129 4.0831 4.1783 3.1437 3.8186 3.5168 3.1834 3.4253 2.2205 2.9863 2.9813 1.7143 2.8994 2.8324 2.0254 3.1510 2.8892 3.1274 3.3493 2.6168 3.5386 3.3808 2.9534 2.5837 2.4176 2.2769 2.1131 0.9522 
3.5700 3.1711 3.5867 3.6541 3.4248 3.4847 3.4425 4.3355 4.2696 4.0191 3.6622 3.3711 3.8539 3.4051 3.5431 3.5883 3.2556 3.5289 3.4420 3.1848 3.5825 3.0494 3.2824 3.5607 3.7032 3.7006 2.7043 2.6371 2.4044 2.5074 2.1857 1.3240 0.9074 
3.7852 3.9015 3.5817 3.6225 3.8296 3.8188 4.1397 4.1492 4.7399 4.3698 4.3446 3.8308 3.3882 3.8970 4.0049 3.8353 3.9777 3.7571 3.8958 3.7058 3.1147 3.4919 3.9534 3.9193 4.2011 3.5214 3.4305 2.9748 2.8044 2.4788 2.1674 2.0845 0.9815 
3.5221 2.7855 3.4183 3.0612 3.3019 3.4784 3.3241 4.5032 4.7824 5.0780 3.1195 4.1112 4.2239 4.2742 4.4492 3.9039 3.6412 3.8556 4.3417 4.0633 3.9562 3.8362 2.6594 4.6092 4.2666 3.8887 2.5895 2.6217 2.2922 1.8693 1.9647 0.9650 0.9615 
0.8518 3.5583 3.2523 3.4463 3.2335 3.1077 3.5468 3.4934 3.9018 4.1247 3.4267 3.4881 3.5832 3.9532 3.5694 2.7000 2.3200 2.6501 3.4584 3.7894 3.3564 3.1645 3.0413 3.6628 3.3648 2.8502 2.8035 2.2399 2.2347 2.2508 1.8211 1.7368 0.4058 
2.7466 2.5164 3.2139 3.2857 3.4314 3.4417 3.9847 4.4024 4.6228 5.0381 4.0493 3.6441 3.5398 3.6452 3.5933 3.1074 2.5188 3.0510 3.4862 3.4750 3.3043 3.3433 3.6659 4.5700 4.0598 3.7886 3.2549 2.5900 2.4164 2.1398 1.8112 0.6896 -0.1366 
3.9220 3.9385 4.0029 4.0542 4.0293 4.0983 4.2390 4.5802 4.7704 5.1937 4.7161 4.0324 4.0662 3.5464 4.2398 3.4992 2.7569 3.4489 4.0866 3.3974 3.8516 3.7346 4.3201 4.7402 4.2584 3.9450 3.4909 3.2484 3.0570 2.9045 2.5996 2.1346 1.1127 
3.7240 3.3828 3.0422 3.3385 3.3326 3.2625 3.3074 3.9502 3.9698 3.8996 4.7198 4.4866 3.7170 4.1966 3.5748 3.5733 1.8466 3.5145 3.4697 3.9953 3.4735 4.1938 4.3279 3.4509 3.4423 3.3334 2.5738 2.3931 2.3164 2.1649 1.5984 1.4632 0.9395 
3.0332 3.5493 3.8024 3.7250 3.8077 3.8574 3.8485 4.3837 4.6910 4.9043 4.6127 3.8625 3.6378 4.1568 3.6314 3.8473 2.9889 3.7784 3.5198 3.9671 3.4273 3.5314 4.2385 4.4471 4.1221 3.7685 3.0991 3.0103 2.7863 2.5768 2.3567 1.7446 0.6567 
4.0234 3.8017 3.5659 3.5987 3.8115 3.9525 4.2123 4.1367 4.7621 4.4985 4.5707 3.9560 3.4877 3.8252 4.1188 2.7409 3.4112 2.7061 3.9966 3.6078 3.2222 3.6368 4.1971 4.0332 4.2385 3.5048 3.4730 3.1040 2.7917 2.4454 2.1577 1.9059 1.2490 
3.0746 2.7565 3.2808 3.3922 3.2296 3.5022 3.5388 3.7406 4.3124 4.8310 4.8950 4.4552 4.2818 3.9200 3.6760 3.4518 2.9711 3.4094 3.5543 3.7351 4.0088 4.1593 4.5168 4.3740 3.7745 3.1033 2.8023 2.6493 2.2483 2.1976 1.8722 0.9628 0.1362 
2.7855 3.0794 3.3637 2.8042 2.7425 3.0211 3.7457 3.8217 4.1015 4.7114 4.7957 3.9907 3.1721 2.5535 3.3066 3.1150 2.5741 3.0626 3.1718 2.3194 2.9404 3.6694 4.4083 4.2622 3.5670 3.1601 3.0220 2.1740 1.7713 1.6781 1.9030 1.2774 0.0051 
2.3243 3.8392 3.8971 3.8834 3.9282 3.9926 4.2849 3.8768 4.3460 4.9715 4.7950 4.0218 3.6245 4.3268 3.7405 3.3839 3.8572 3.3072 3.5989 4.1369 3.4156 3.7096 4.4088 4.5049 3.8320 3.2222 3.5320 3.1452 2.9596 2.6998 2.4874 1.9803 0.0656 
3.5510 2.6600 3.0323 2.9277 2.0941 2.3132 3.1130 3.9273 3.9916 4.9032 4.0868 3.1318 2.7412 3.1909 3.5843 3.7516 3.6033 3.6786 3.4756 3.0323 2.5058 2.8110 3.7019 4.4470 3.4591 3.3127 2.3950 1.5549 1.2268 1.7926 1.6613 0.9115 1.0370 
3.8772 3.2879 3.0187 2.2624 2.9225 3.0458 3.4519 3.0822 3.4409 4.5815 3.7639 3.8443 3.2622 3.2696 3.4162 3.4117 2.9693 3.3324 3.2680 3.0881 3.0315 3.5074 3.3824 4.1143 2.9000 2.4474 2.7095 2.2041 1.9172 1.1772 1.5966 1.4307 1.2156 
3.3445 3.1711 1.6526 2.3221 2.8158 3.1456 3.4268 3.6058 3.6550 4.2950 3.9108 3.6880 3.4606 3.2797 2.8304 3.4340 3.0961 3.3753 2.7141 3.0959 3.1900 3.4043 3.5181 3.8450 3.1209 3.0100 2.6747 2.2993 1.8396 1.1996 0.0822 1.3309 0.5600 
4.4498 4.1798 3.5996 3.4182 3.0714 3.0370 2.9278 3.1833 3.3468 4.2653 2.5694 2.9666 2.6987 2.3847 2.0308 1.6714 2.2699 1.5919 1.8988 2.2107 2.4502 2.6269 2.2079 3.7984 2.7957 2.5819 2.1828 2.1799 2.0833 2.2185 2.1883 2.3148 1.8047 
4.8297 4.3590 4.1100 3.8929 3.7369 3.6127 3.4248 3.5385 3.1996 3.8653 3.5941 3.4206 3.0582 3.1034 3.0686 3.0730 2.8244 3.0240 2.9679 2.9399 2.7947 3.0815 3.2035 3.4165 2.6737 2.9250 2.6722 2.7669 2.7401 2.7168 2.7127 2.5914 2.1932 
5.3970 5.3006 4.9948 4.7679 4.4862 4.3844 4.2205 4.1184 4.0887 4.1694 4.0762 4.0012 3.9305 3.8665 3.8213 3.8313 3.8370 3.7516 3.6687 3.6582 3.6759 3.6865 3.6977 3.7046 3.5522 3.4943 3.4766 3.5349 3.5082 3.5911 3.5903 3.4835 2.8270 
5.3386 5.3063 5.2982 5.0039 4.7344 4.6703 4.5783 4.2625 3.9446 4.1202 4.2044 4.0097 3.9607 4.0227 4.0249 3.9685 3.8873 3.9144 3.9189 3.8662 3.7169 3.6964 3.8332 3.6567 3.4257 3.5935 3.8606 3.8211 3.7367 3.8509 3.8971 3.5024 2.7488 
5.0663 5.6473 5.2303 4.5090 4.2909 4.0737 4.2168 4.0264 3.8439 2.3849 3.7467 3.6889 3.4469 3.8006 3.4471 3.4429 3.3729 3.3911 3.3161 3.5920 3.1729 3.4056 3.3742 1.8961 3.2774 3.4277 3.4751 3.2219 3.2804 3.3557 3.8257 3.8500 2.5013 
4.7529 5.2289 5.2776 4.8650 4.6549 4.4681 4.3881 4.4316 4.3183 4.1794 4.0113 3.9551 3.9312 3.9835 3.9428 3.8643 3.7904 3.8084 3.8465 3.8302 3.6785 3.6322 3.6196 3.7091 3.7858 3.8334 3.6531 3.6210 3.6355 3.7028 3.8796 3.4318 2.2387 
