4.9114 6.4212 6.0417 5.5812 5.1689 5.2595 5.1106 4.9799 4.7006 4.7567 4.6467 4.5804 4.5869 4.5325 4.4586 4.4485 4.3294 4.3659 4.2971 4.3025 4.3033 4.2294 4.2277 4.2549 4.1240 4.2540 4.3095 4.3400 4.1100 4.3003 4.5216 4.4586 2.6705 
5.4470 6.4483 5.9418 5.1177 4.7114 3.7806 4.2553 4.3365 4.2076 4.1572 4.0624 4.1520 3.8282 3.8214 4.0480 3.7932 3.6741 3.7391 3.8815 3.6467 3.5946 3.7956 3.6341 3.6631 3.6370 3.6619 3.4894 2.8315 3.6522 3.8266 4.3774 4.5033 2.2457 
5.5007 6.3614 5.7288 4.7641 4.5188 4.1479 4.4009 3.6586 3.7670 3.6379 3.3565 3.5466 3.4936 3.2278 3.3143 2.7278 3.2834 2.6779 3.1937 3.0383 3.2201 3.1936 2.9471 3.1494 3.1928 2.9614 3.6164 3.2244 3.4070 3.5014 4.1715 4.3625 2.7325 
5.1687 6.2210 5.5337 4.4313 4.0892 4.3149 2.7489 3.6012 3.6296 3.6395 2.7472 2.7366 3.4112 3.4594 2.1674 2.8180 2.8451 2.7596 1.9730 3.2620 3.1575 2.3401 2.2729 3.1398 3.0666 2.9103 1.9051 3.4124 3.0268 3.1680 3.9889 4.2384 2.7850 
5.4076 5.8580 5.5526 4.7747 4.4782 4.3451 4.6637 4.2473 4.0523 4.1022 4.3033 4.1126 4.0352 4.0606 4.0311 3.6728 3.9101 3.6200 3.8649 3.8248 3.7364 3.7594 3.8963 3.6173 3.4444 3.5979 3.8682 3.4448 3.3925 3.5315 4.0618 3.8271 2.8298 
6.1550 5.8021 5.9070 5.5337 5.1405 4.9595 4.9683 4.6885 4.6638 4.6634 4.5815 4.5673 4.4161 4.3380 4.3942 4.2875 4.2266 4.2296 4.2475 4.1469 4.1407 4.2134 4.1589 4.1681 4.0950 4.0379 4.1477 4.0415 4.0849 4.2533 4.3363 3.8040 3.2394 
6.1257 5.9220 5.1660 3.8112 4.5817 3.7273 3.9304 4.1416 3.3257 3.2006 3.5332 2.8320 3.3304 3.2687 3.1474 2.4380 3.2274 2.3991 3.0166 3.1099 3.1186 2.4673 3.1378 2.6888 2.7647 3.4652 3.1697 2.8398 3.5420 2.6759 3.6497 3.8823 3.1697 
5.8320 5.6653 3.6129 4.9819 4.9436 4.5528 4.6152 4.5296 4.2628 4.2322 4.2783 3.8059 4.0583 3.8981 3.2722 3.2466 2.6965 3.1897 3.1543 3.7002 3.7585 3.4901 3.8679 3.7331 3.6937 3.8096 3.8105 3.6336 3.8344 3.6952 1.8821 3.6892 3.0249 
4.6341 5.9141 5.2057 3.9280 4.8218 4.6304 4.5878 3.7470 3.8241 4.1347 4.2450 4.2837 3.6008 3.5579 3.2296 3.6643 3.4888 3.6138 3.1247 3.3262 3.2994 3.9673 3.8256 3.6440 3.2501 3.0799 3.7821 3.7088 3.7462 2.6128 3.6715 3.9143 0.8965 
5.9557 5.8549 5.4473 5.1166 4.5072 4.6500 4.4901 4.6068 4.3052 4.5842 4.2014 3.7627 3.9088 4.2201 4.2774 3.3965 3.7705 3.3221 4.1578 4.0541 3.6516 3.4113 3.7825 4.0926 3.7261 3.9242 3.6797 3.7343 3.4026 3.8284 3.8906 3.8379 3.1440 
6.4428 5.9948 5.7912 5.3769 4.7724 4.8987 4.4722 4.0703 4.5666 4.7504 4.4635 3.7263 3.6375 3.7864 3.8527 3.4752 3.6874 3.3928 3.7269 3.6170 3.3395 3.3752 4.0512 4.2509 3.9894 3.3585 3.6554 3.9776 3.7077 4.0984 4.2397 4.0140 3.5941 
5.1753 6.4063 6.2296 5.7248 5.4310 5.4942 5.4424 5.2956 5.2775 4.9512 4.8936 4.6971 4.6404 4.5929 4.5584 4.5275 4.5078 4.4591 4.4261 4.3953 4.3735 4.3586 4.4903 4.4370 4.6895 4.6119 4.6240 4.5734 4.3218 4.4801 4.6818 4.4367 1.3720 
5.4703 6.4129 5.9992 4.6978 4.7473 5.0984 4.5748 4.0155 4.1659 4.4116 3.6750 3.7116 3.4774 3.4077 2.2767 3.5155 3.6366 3.4327 2.1249 3.2226 3.2125 3.3640 3.2596 3.9064 3.6045 3.3069 3.7669 4.1763 3.6885 3.4229 4.4743 4.4406 2.9873 
5.9802 5.1230 5.2414 4.8597 3.7857 2.6908 3.9113 3.9777 4.0681 4.5811 4.0539 3.9890 3.6396 3.4645 3.7797 2.8672 3.1284 2.8070 3.6571 3.2588 3.3425 3.6403 3.6246 4.0909 3.4755 3.2768 3.1479 1.6434 2.7232 3.6096 3.7412 3.1960 3.0422 
4.5186 5.7187 3.5546 4.7096 4.7218 5.0120 4.4799 4.2768 3.7496 2.6175 3.9943 3.4080 3.2532 2.8922 2.0213 3.1902 3.4723 3.1438 1.9461 2.7193 2.9957 3.0925 3.5857 2.0917 3.1655 3.6221 3.6541 4.0934 3.6743 3.4972 2.3600 3.7502 1.3218 
6.4065 6.1103 5.3813 4.7471 4.2577 4.1623 3.7223 4.2693 4.0416 3.5011 4.0968 3.5064 3.8774 3.6421 3.6028 3.6092 3.0668 3.5419 3.4522 3.4261 3.6286 3.1708 3.6721 2.9934 3.4198 3.6179 2.9210 3.2421 3.2036 3.4907 3.7943 4.1293 3.5571 
5.4534 6.5759 6.1776 5.0719 4.6513 4.6779 4.5551 3.4745 3.6264 4.4584 4.0886 4.1053 3.7837 3.1492 3.6940 3.3461 2.3106 3.2793 3.5930 2.9345 3.5282 3.7523 3.6664 3.9602 3.0085 2.8217 3.7451 3.7735 3.6155 3.8099 4.6496 4.6035 2.0861 
5.7503 6.1521 5.4637 4.2632 4.3479 4.5654 4.4687 3.8156 4.1769 4.3395 3.5460 3.5325 2.6517 3.8314 3.3197 2.7289 3.3528 2.6724 3.2015 3.6519 2.3341 3.1804 3.1269 3.8366 3.6103 3.1703 3.6599 3.6470 3.2781 3.0376 3.8983 4.1785 3.1346 
6.0761 5.8264 5.4552 4.5969 4.0912 4.5650 4.3645 4.2576 4.2476 4.4656 3.7608 2.7010 3.3968 3.4553 2.7630 2.6689 3.1953 2.6330 2.6562 3.2448 3.1602 2.2929 3.3244 3.9522 3.6733 3.6099 3.5927 3.6550 2.9766 3.3214 3.9080 3.8015 3.3168 
5.5543 5.0864 4.6701 4.1998 3.9956 4.5624 4.2063 3.5999 4.1629 3.8637 3.3461 3.6361 3.2318 2.9557 3.6592 3.3682 3.4850 3.3122 3.5443 2.7744 2.9576 3.2827 2.9418 3.3619 3.5984 2.8941 3.4101 3.6424 2.9046 2.9449 3.1698 3.1494 2.6084 
4.4409 5.9020 5.0230 4.3617 3.3373 4.0352 4.2726 4.0193 3.0209 4.1314 3.3459 3.3413 3.3184 3.5491 2.9793 3.5999 3.6650 3.5268 2.8449 3.3213 3.0735 3.0237 2.9349 3.6412 2.4184 3.3099 3.5047 3.1104 2.2435 3.1470 3.4511 3.8939 2.3137 
5.6435 5.9071 5.4289 4.7452 4.5717 4.3081 4.1494 4.1515 4.0224 3.5503 3.7784 3.3192 3.5616 3.1581 3.6765 3.5060 3.3904 3.4238 3.5695 2.9316 3.2645 2.9786 3.3506 3.0422 3.4016 3.4710 3.3420 3.3901 3.4978 3.5152 3.8374 3.8932 2.6289 
4.8932 5.1081 4.8691 4.2482 4.2349 4.2533 4.2995 3.8123 3.8931 3.6294 3.6067 3.8664 3.5278 3.2919 3.3123 3.4589 3.0487 3.3796 3.1909 3.1275 3.2409 3.5566 3.1825 3.1391 3.3056 3.1565 3.5364 3.3361 3.1846 2.9928 3.3162 3.1567 1.9528 
3.8173 4.4396 3.8608 2.9134 3.1966 2.9364 3.4137 3.7028 3.2496 3.4204 3.2067 3.4829 2.6571 2.2270 2.2420 2.6334 2.5884 2.5498 2.1019 1.9977 2.3473 3.1537 2.7854 2.9167 2.6839 3.0270 2.6587 2.0245 2.1374 1.6145 2.3607 2.4267 1.1402 
3.7695 4.6022 3.1839 3.3160 3.0085 2.8648 2.9484 3.3536 2.9796 3.1806 3.1787 2.8891 2.7268 2.7916 2.8885 3.0120 2.6229 2.9330 2.7711 2.6151 2.4383 2.5677 2.7539 2.6911 2.3911 2.7012 2.1865 1.9457 1.9225 2.0361 1.7497 2.6554 1.0656 
4.2466 4.4957 4.6158 4.4225 4.1868 4.2807 4.0543 3.8616 3.6273 3.7164 3.4625 3.2281 3.1424 3.6576 3.3229 3.1531 3.2258 3.0946 3.2028 3.4538 2.8501 2.8701 3.0556 3.2218 3.0353 3.1911 3.2323 3.3617 3.1345 3.1631 3.1011 2.4848 1.2885 
4.5585 3.7291 4.1436 3.6819 3.5167 3.6320 2.8631 3.3479 2.9820 2.6245 2.7759 1.8159 2.8753 3.1688 3.1067 2.3677 0.7088 2.3012 2.9407 2.9514 2.6547 1.4738 2.3605 2.1059 2.3908 2.6968 2.0729 2.7119 2.4109 2.4022 2.6261 1.8201 1.7279 
3.2925 4.1475 4.0343 3.6619 3.7182 3.4288 3.3426 3.0388 3.1565 3.3834 2.7764 2.3359 3.1140 3.1443 2.8123 1.8840 1.5490 1.8269 2.6966 2.9105 2.8155 2.0022 2.3486 2.8828 2.5660 2.3414 2.5690 2.5095 2.6722 2.3839 2.4481 2.2117 0.6294 
4.0518 3.9686 4.4144 4.1496 3.1424 2.7290 2.9443 2.7414 3.2930 3.4578 2.8472 2.9697 2.9113 2.9075 1.8459 2.7864 2.8705 2.7306 1.7507 2.7272 2.6786 2.6639 2.4180 2.9504 2.7228 2.0429 2.1845 1.8143 2.0239 2.8634 2.8639 1.9692 1.1139 
3.3463 3.8622 4.3180 2.6781 3.7275 2.7502 3.5324 3.7659 2.7368 2.8160 2.7021 3.0171 2.9717 2.8399 2.7083 3.0695 1.9455 2.9855 2.5800 2.6689 2.7200 2.6891 2.2820 2.3191 2.1488 3.1153 2.7351 1.8075 2.6802 1.4902 2.7908 1.9118 0.5900 
3.2273 4.1149 4.0605 3.6217 3.2070 3.4585 3.2761 3.4004 3.0225 2.8328 3.0569 2.1232 2.8132 2.6160 3.3095 2.9466 2.5651 2.8714 3.1898 2.3984 2.5528 1.7753 2.6545 2.3360 2.4205 2.7302 2.4795 2.5393 2.1252 2.3425 2.4880 2.1583 0.6560 
4.3042 3.9399 4.6158 4.2107 3.6520 3.2317 3.5141 3.2386 3.4502 3.1702 2.7087 2.5529 2.9615 2.5861 2.8287 2.4034 1.9692 2.3454 2.7135 2.3711 2.7100 2.2262 2.2817 2.6810 2.8583 2.5637 2.7165 2.3151 2.5712 2.9319 3.1039 1.9649 1.4010 
4.2295 4.3896 4.6052 3.9609 2.8635 3.4302 3.0578 2.6966 2.3009 3.3259 3.2680 3.1314 2.8210 2.4241 1.8555 2.7024 2.6686 2.6489 1.7608 2.2509 2.5595 2.7664 2.8465 2.8379 1.7540 1.9740 2.2656 2.5034 1.8319 2.6883 3.0886 2.4075 1.3054 
5.5668 5.2989 5.7066 4.0538 4.3139 4.2448 5.3989 5.0175 4.2454 3.4569 4.7120 4.3138 4.2875 4.2020 4.1787 3.9947 3.9743 3.9106 4.0712 4.0337 4.0584 4.0058 4.2998 2.9379 3.6737 4.3066 4.5876 3.3300 3.2296 2.7910 4.1761 3.2956 2.7446 
5.1009 5.6826 4.9221 4.7018 4.8739 4.7291 5.2277 4.9692 4.6924 5.0006 4.5770 3.6415 3.1301 3.9040 3.1431 3.2641 3.3084 3.2052 2.9868 3.7051 2.8372 3.2859 4.1506 4.5132 4.1189 4.2442 4.4666 3.8061 3.7838 3.4392 3.3292 3.7192 2.4257 
6.4005 6.0760 6.5764 5.6174 4.9920 5.1741 6.1861 5.4578 4.3468 5.5273 4.2265 4.3277 3.6110 3.7951 3.7839 3.4148 3.5613 3.3434 3.6617 3.6297 3.3040 4.0281 3.7939 5.0375 3.7834 4.7383 5.4262 4.2855 3.9006 4.3820 5.0535 4.1293 3.5666 
5.7245 6.4520 6.8619 4.4599 5.0013 4.9331 5.8041 5.0495 4.2903 5.0578 4.9622 4.2916 4.1069 4.1864 4.0679 3.4809 3.4364 3.4085 3.9225 4.0125 3.8152 3.9669 4.5304 4.5671 3.7271 4.3550 5.0127 4.0006 3.8772 2.9247 5.3134 4.5288 2.9449 
6.5173 6.4927 6.7289 6.2720 5.9308 5.5223 4.9567 5.8857 5.5873 5.2511 5.5587 5.4926 5.4305 5.3427 5.3121 5.2504 5.2051 5.1770 5.1680 5.1304 5.1283 5.1394 5.1403 4.7481 5.0171 5.1655 4.1493 4.5972 4.8351 5.0012 5.1718 4.5235 3.6243 
5.2579 7.0370 6.9200 6.2995 5.5457 5.3400 5.1378 5.1533 5.0252 5.7348 5.4523 5.1674 4.7853 4.5297 4.3117 4.4466 4.4612 4.3635 4.1878 4.2980 4.5407 4.8340 5.0237 5.2310 4.4533 4.4987 4.3458 4.4222 4.4857 5.0171 5.3984 5.0802 2.5099 
6.1679 5.6123 6.9385 6.1120 5.5284 5.0903 5.6218 5.5327 5.1206 5.5293 5.4488 5.1230 4.8617 4.7898 4.8264 4.7247 4.7033 4.6702 4.6914 4.5994 4.5926 4.7759 5.0186 5.0407 4.5476 4.8472 4.8417 4.1633 4.4592 4.8344 5.4384 3.6076 3.5240 
6.6864 6.4066 6.5660 5.9176 5.0396 4.6168 5.1703 5.2962 5.2060 5.0624 4.9222 3.8358 4.0045 3.7913 3.0007 3.5103 3.6365 3.4101 2.7846 3.6415 3.7226 3.5506 4.5173 4.5715 4.6313 4.6121 4.3876 3.7223 3.9955 4.6232 5.0424 4.3735 3.7032 
5.5555 6.2548 6.0788 5.6494 5.0882 4.9397 4.9743 4.8655 4.7242 5.2270 5.4378 5.0036 4.7482 4.6245 4.7807 4.5476 4.5079 4.4953 4.6543 4.4417 4.5178 4.6451 5.0085 4.7297 4.1522 4.1779 4.1629 4.0172 4.0497 4.4282 4.5464 4.2816 2.7887 
7.0081 6.8519 6.6176 5.9202 5.4791 5.3888 5.5219 5.5732 5.4821 5.3480 5.2512 4.8544 4.8468 4.8771 5.0045 4.8723 4.8564 4.7930 4.8623 4.6672 4.5828 4.5315 4.8387 4.8430 4.8976 4.9061 4.7166 4.4709 4.4031 4.6237 5.0848 4.8572 4.1516 
5.4751 6.7470 6.7658 6.0228 5.0368 4.6647 5.6856 5.8303 4.9976 5.7819 5.5685 5.0111 5.0895 4.8243 4.9209 4.9464 4.8267 4.8611 4.7599 4.6256 4.8202 4.6531 5.1476 5.2765 4.3921 5.1249 4.9268 3.7327 3.9634 4.7294 5.1906 4.7642 2.5322 
6.1053 4.8067 6.5529 5.1110 4.8105 4.8366 5.6198 5.2222 4.6636 5.4321 4.7193 4.2639 4.2604 4.2414 4.5726 4.2180 4.1911 4.1574 4.4542 4.0752 4.0449 3.9583 4.3079 4.9266 4.0978 4.5628 4.8268 3.9483 3.7784 3.8318 5.0334 3.0074 3.3479 
6.1577 6.1819 6.4918 5.4061 5.1030 4.9426 5.1268 5.2764 4.5131 4.4926 4.9100 4.6624 4.5099 4.3658 4.4287 4.3308 4.2690 4.2582 4.2728 4.1690 4.2110 4.3191 4.5078 3.9758 3.9145 4.6022 4.3225 3.9956 4.0414 4.0839 4.9783 4.2193 3.4377 
6.5944 6.5532 6.4141 6.0421 5.8824 5.6352 5.6540 5.1780 5.2826 5.3845 4.9819 5.0344 4.9540 4.9334 4.8066 4.8340 4.7847 4.7571 4.6755 4.7052 4.6552 4.6816 4.5519 4.8750 4.6918 4.5283 4.8832 4.7121 4.7641 4.7560 4.8842 4.5682 3.6921 
5.3244 6.8116 6.5929 5.6548 4.2774 5.0078 5.2858 5.2136 3.5474 4.6924 4.4582 3.7264 4.1820 3.7401 3.4935 3.7037 3.3170 3.6479 3.3489 3.5605 3.9154 3.3676 4.0473 4.1959 2.8991 4.5524 4.5212 4.0926 3.2078 4.3800 5.0624 4.8121 1.5996 
6.2918 5.4291 6.3392 5.3370 5.0588 5.0455 5.6498 4.5149 4.6516 4.3099 4.5867 4.4673 4.4344 4.3545 4.6348 4.4164 4.3716 4.3362 4.5273 4.1603 4.1544 4.1149 4.1647 3.7946 4.0864 3.7778 4.8802 4.1401 4.0128 4.0895 4.7678 3.5045 3.4766 
5.9273 5.9696 4.9494 4.8816 4.8351 4.5550 5.2508 4.8362 4.3941 4.8281 4.5190 4.4803 4.3680 4.2977 4.1525 4.1192 3.9512 4.0683 4.0492 4.1167 4.1090 4.1214 4.0892 4.3215 3.7872 4.1457 4.4937 3.6327 3.7505 3.6127 3.3390 4.0042 3.1932 
6.4628 6.1924 5.7852 5.5533 5.1952 5.0393 5.0756 5.1501 4.9195 4.3950 4.6459 4.5606 4.5370 4.5357 4.4017 4.3737 4.3395 4.2969 4.2505 4.3080 4.2435 4.2053 4.2277 3.8907 4.3022 4.4965 4.2762 4.1144 4.1371 4.2715 4.2409 4.1995 3.6275 
4.5654 6.1429 5.9460 5.6448 5.2455 5.2900 5.3101 5.0692 4.5676 4.6607 4.6970 4.6128 4.5143 4.4937 4.5251 4.5088 4.3711 4.4247 4.3709 4.2527 4.2147 4.2557 4.2717 4.1653 3.9861 4.3854 4.5325 4.3737 4.1767 4.3926 4.4043 4.1827 2.2281 
5.6755 5.5974 4.6050 4.1563 3.1236 3.5992 4.4433 3.8775 3.1376 3.7843 3.4871 3.2973 2.4879 2.2546 1.6693 2.2746 2.0248 2.2157 1.5600 1.9822 2.2114 2.9486 3.0931 3.2932 2.5088 3.1936 3.6412 2.6964 1.9910 2.8923 3.0197 3.6298 2.9311 
4.5069 4.0771 4.5654 3.9831 3.5359 3.4652 4.5154 4.1760 4.2311 4.2108 3.7858 3.0738 3.7916 3.4123 3.6622 3.4850 3.3395 3.4054 3.5487 3.2203 3.5669 2.7279 3.3632 3.7145 3.6560 3.5022 3.6971 2.5765 2.4443 2.6932 3.0527 2.0835 1.4270 
4.4570 4.6138 4.7034 4.5671 4.2944 3.2993 3.8695 3.4330 3.0903 3.9002 4.2042 3.8412 3.1980 3.2933 3.7497 3.6793 3.6487 3.6248 3.6355 3.1245 2.9079 3.5249 3.7829 3.3987 2.4634 2.7489 3.1120 2.4013 3.2277 3.2826 3.1814 2.6730 1.4727 
3.7956 2.3419 2.7216 3.9701 4.0639 4.2831 4.4856 4.4989 4.0505 2.9551 4.1526 3.8300 3.5824 3.7048 3.6721 3.1103 3.3665 3.0163 3.5628 3.5180 3.2810 3.5136 3.7335 2.4595 3.4282 3.7804 3.6716 3.3653 2.9649 2.7085 1.2130 0.2249 0.9458 
3.8192 4.6818 4.5895 4.2429 3.1748 3.6791 4.2890 4.5104 4.3483 4.0194 4.1403 3.7681 3.1025 3.7721 3.8616 3.5202 2.0464 3.4357 3.7342 3.6026 2.7966 3.4314 3.7189 3.5073 3.7603 3.7875 3.5246 2.7644 2.0800 2.9737 3.0578 2.7232 0.4291 
3.9582 3.9085 4.7915 4.5154 4.3486 4.2918 4.7549 4.0366 3.1230 4.3250 4.3337 3.9889 3.3357 3.6069 3.6301 3.4890 3.6158 3.4124 3.4937 3.3782 3.1081 3.6396 3.9275 3.8219 2.5172 3.3138 3.9901 3.3778 3.2727 3.2177 3.2628 1.9778 1.1154 
4.2371 4.4464 4.4026 3.6542 3.9122 4.1470 4.3020 4.2769 4.3577 4.5637 4.5290 3.6591 3.6557 3.3817 3.5849 3.2205 3.5572 3.1710 3.4173 3.1951 3.3726 3.2978 4.1018 4.0748 3.7715 3.6206 3.5372 3.2270 2.8375 2.3623 2.8478 2.4443 1.2026 
4.1439 3.8068 4.0971 4.0450 4.4008 4.1457 4.8858 3.9247 3.5111 3.1757 3.9585 3.2129 3.4023 3.7178 3.9040 3.1432 3.1686 3.0762 3.7700 3.5425 3.1607 2.8630 3.5580 2.6904 2.8844 3.2448 4.0932 3.2347 3.3176 2.7476 2.5687 1.8434 1.4127 
4.2446 4.2363 3.7474 4.2597 4.5950 4.5149 4.5473 4.4573 4.9232 4.2696 4.0184 3.8297 3.5030 3.8634 3.4746 3.5614 3.1678 3.4794 3.3259 3.6741 3.2232 3.5106 3.6022 3.7756 4.3076 3.7517 3.7357 3.5911 3.5391 3.0169 2.1989 2.2530 1.2291 
3.6145 3.7077 4.4388 4.7062 4.4337 3.2485 4.2721 4.5834 4.6828 4.5248 3.7879 3.5904 3.9362 4.0310 3.7077 3.2823 3.2008 3.2260 3.5982 3.7923 3.6697 3.2228 3.3665 4.0309 4.1079 3.8924 3.4981 2.3525 3.3281 3.4465 2.8887 1.7698 0.7197 
4.4006 4.2472 3.7463 4.3126 4.0660 3.9868 3.6841 4.7172 4.7740 4.1089 4.6605 3.9021 3.6732 4.1034 2.8154 3.7541 4.0986 3.6964 2.7071 3.8892 3.3933 3.5897 4.2434 3.6233 4.1893 4.0729 2.8764 3.0612 2.9728 3.0629 2.2403 2.2636 1.4251 
2.7490 3.3439 4.1128 4.4911 4.5841 4.2871 4.1301 4.5074 4.2844 5.1931 4.4985 4.2238 4.5091 4.5632 3.7828 3.7856 3.4229 3.7296 3.6611 4.3483 4.2073 3.8796 4.0707 4.7038 3.7172 3.7828 3.3263 3.3562 3.5186 3.2030 2.6000 1.3917 -0.2316 
4.2066 4.0927 4.4782 4.6260 4.0931 3.9859 4.7729 3.8770 4.1733 4.2528 3.9986 3.6940 3.7763 3.1712 4.2337 3.7768 3.6650 3.7118 4.1149 2.9665 3.5289 3.3394 3.5877 3.7678 3.6080 3.1970 4.0121 3.0701 3.0054 3.3441 2.9175 2.1023 1.4379 
4.9826 5.4022 5.5911 5.0984 4.5809 4.6010 5.0754 4.5288 4.9577 4.7121 4.3039 3.6271 3.6642 3.9256 3.8881 3.3150 2.8040 3.2492 3.7556 3.7222 3.3822 3.2652 3.8951 4.2227 4.3368 3.8185 4.2654 3.6820 3.5195 3.8092 4.0747 3.4036 1.8702 
5.2846 5.9516 6.1062 5.0283 5.3014 4.6274 5.0659 4.5559 4.2896 4.6294 4.5101 4.8937 4.3577 4.2238 4.2047 4.5347 3.7487 4.4718 4.0915 4.0551 4.0972 4.5551 4.0788 4.1338 3.7189 3.8385 4.2588 3.6948 4.2197 3.7533 4.5858 4.0007 2.2103 
5.0386 5.2688 5.2719 5.0074 3.8854 4.6328 5.1102 4.5877 4.8123 4.2753 3.0017 3.8803 4.1328 4.2259 3.1889 4.2260 3.5136 4.1621 3.0897 4.0554 3.8495 3.5766 2.6090 3.7816 4.2262 3.8922 4.3096 3.7200 2.8085 3.7219 3.7256 3.2913 1.8449 
4.4245 5.1740 5.2633 4.4789 4.8206 4.4970 5.1370 5.0825 4.5130 4.4639 4.5511 4.4407 4.5252 4.6615 3.7856 3.7502 3.6681 3.6886 3.6636 4.4934 4.2332 4.0986 4.1268 3.9553 3.8925 4.4015 4.3434 3.5789 3.7458 3.1661 3.7233 3.2261 1.8163 
5.1420 4.6519 3.6445 4.4955 4.6619 4.9404 4.9386 4.3949 4.9453 5.1409 4.5254 4.1700 3.6370 3.9276 3.9264 3.3256 2.8308 3.2682 3.7840 3.7224 3.3396 3.8152 4.0929 4.6431 4.3311 3.7005 4.1262 4.0284 3.6123 3.2112 2.0465 2.6887 2.3545 
4.7276 4.4806 4.8535 4.4102 3.2902 3.6456 4.9403 4.6572 4.6386 4.7302 4.7901 4.3688 3.3069 3.9905 3.7661 3.3600 3.5964 3.2988 3.6486 3.7692 3.0422 4.0527 4.3832 4.2421 4.0736 3.9887 4.1301 2.7496 2.2485 3.1481 3.3078 2.4331 1.8566 
3.6765 4.1579 4.7755 4.1974 4.3901 4.2413 4.6431 4.7451 4.3033 4.2332 4.5248 3.6346 2.6363 3.7775 3.6139 3.8949 3.5111 3.8196 3.4721 3.6044 2.3373 3.2745 4.0969 3.7388 3.7237 4.0875 3.8459 3.3204 3.3064 2.9021 3.2507 2.2116 0.8619 
3.6859 3.9949 4.4096 4.1641 4.2127 4.2040 4.5097 4.7291 3.5768 4.3991 4.2509 4.6504 4.4622 3.8787 3.9910 3.1463 3.8285 3.0708 3.8338 3.6809 4.1698 4.3056 3.8308 3.8965 2.9216 4.0779 3.6942 3.2904 3.1626 2.8736 2.8650 1.9709 1.0946 
5.0815 4.9554 4.8536 4.2323 4.0646 4.2011 4.9750 4.2089 3.9730 4.6145 3.6869 4.1305 4.1201 4.1955 3.9803 3.2551 1.1913 3.1934 3.8221 4.0244 3.8327 3.7820 3.2567 4.1237 3.3679 3.5374 4.1549 3.2681 2.9890 2.9509 3.3073 2.9316 2.1592 
3.8797 4.4378 4.1781 4.1350 4.6173 4.2502 4.6899 4.7876 4.4151 4.6404 4.7853 3.9335 3.6003 4.0011 4.0793 3.6380 2.7217 3.5893 3.9354 3.7791 3.2977 3.6055 4.3759 4.1485 3.8058 4.1174 3.9038 3.3235 3.5729 2.8656 2.6633 2.4534 0.9808 
4.5791 4.1972 4.0599 4.1480 4.1247 4.7072 4.6982 4.5778 4.4839 4.4647 4.6326 3.9141 2.9822 3.6396 3.6130 3.6429 3.3963 3.5927 3.4685 3.4243 2.7239 3.5947 4.2138 3.9555 3.8633 3.8842 3.9062 3.7866 3.0624 2.8752 2.4737 2.2259 1.6808 
4.9978 4.2592 4.9710 4.3946 4.6388 4.6406 4.2010 3.3573 4.3090 3.8053 4.6725 3.9508 3.4636 3.8041 3.9002 3.1170 2.9911 3.0304 3.7694 3.6285 3.2062 3.6133 4.2487 3.3213 3.7306 2.7028 3.4109 3.7154 3.5990 3.1345 3.4001 2.3031 2.1093 
3.3207 4.2733 4.2152 4.8936 4.6206 4.9100 4.9399 4.5371 3.1007 4.5075 4.6741 4.3319 4.2363 4.1660 3.7392 3.4395 2.3120 3.3611 3.6247 3.9819 3.9864 4.0272 4.2487 4.0022 2.4941 3.8184 4.1268 3.9940 3.5710 3.6321 2.6824 2.3159 0.0980 
4.2762 4.5544 4.1380 3.8544 4.2360 3.2857 4.6892 3.1419 4.2698 3.5195 4.4267 4.3027 2.3899 3.5701 3.5300 3.2250 2.9445 3.1741 3.3720 3.3271 2.1938 3.9843 4.0274 3.0226 3.6962 2.4041 3.8980 2.3622 3.1805 2.6301 2.6053 2.5676 1.2919 
4.9438 3.5122 4.8388 4.8357 4.3541 4.3134 4.1123 4.2491 4.7093 4.7925 4.4557 4.3177 4.2303 4.0041 3.7479 3.6571 3.7732 3.6076 3.6374 3.7759 3.9801 4.0107 4.0512 4.2909 4.1358 3.5984 3.3123 3.3961 3.2732 3.5873 3.3026 1.6312 1.9641 
4.3386 3.8111 5.0273 3.8939 4.3105 4.5623 4.8484 4.1622 4.6767 4.8952 3.9170 4.2437 4.0935 3.7769 3.1467 2.8873 2.7639 2.8281 2.9959 3.6039 3.7966 3.9126 3.5025 4.3866 4.1060 3.4801 4.0734 3.6410 3.2350 2.5892 3.4881 1.9701 1.4167 
4.5723 4.2350 4.6144 3.9533 4.6112 4.7874 4.6380 3.3352 4.7111 4.8693 4.1997 4.3358 4.2184 3.8790 4.0886 3.1201 1.1696 3.0396 3.9513 3.6889 3.9640 4.0259 3.7827 4.3595 4.1418 2.6951 3.8412 3.8592 3.5652 2.7298 3.1019 2.2855 1.7390 
3.1650 4.5351 4.1458 3.4537 4.3360 4.5570 4.5308 4.4361 4.5622 4.6880 3.8557 2.8294 3.1686 3.7663 3.8952 1.8293 3.4205 1.7435 3.7606 3.5989 2.8740 2.4730 3.4475 4.1891 3.9861 3.7369 3.7137 3.6335 3.2730 2.2287 2.6189 2.5407 0.8349 
4.6920 4.4329 3.4200 3.9719 4.0301 4.1546 3.6991 3.9707 4.2880 4.5472 3.8280 3.5969 3.0184 3.2057 3.3218 3.0239 0.7582 2.9487 3.2035 2.9978 2.7447 3.2338 3.4107 4.0589 3.7142 3.2732 2.9016 3.2317 2.9323 2.6931 1.9218 2.4032 1.8347 
4.8025 4.7502 4.2068 3.6688 3.6492 4.0450 4.1421 3.3114 3.8275 4.0214 4.6285 3.0977 4.0412 3.6818 3.4769 3.2803 3.5943 3.2226 3.3258 3.4882 3.7395 2.7118 4.2099 3.5172 3.2534 2.6605 3.3332 3.1290 2.5939 2.3769 2.6972 2.7571 1.8199 
4.3243 4.4268 4.5188 4.5629 2.5717 4.5613 4.7734 4.5356 4.2507 4.4573 4.1888 3.5469 3.8094 3.6669 3.4949 3.6441 2.6892 3.5942 3.3417 3.4672 3.5850 3.1999 3.7731 3.9444 3.6860 3.8180 4.0122 3.6410 1.2636 3.2821 2.9556 2.4006 1.3638 
4.7077 3.8158 4.8553 4.2668 4.4667 4.3848 4.5517 3.0807 3.6957 4.0291 3.3032 2.8639 2.9031 3.0478 3.3047 2.2027 3.0194 2.1361 3.1854 2.8396 2.6754 2.5244 2.8807 3.5167 3.1365 2.3910 3.7382 3.4714 3.3636 3.0137 3.3126 1.8859 1.8658 
4.1569 4.3199 4.0669 4.2827 4.0471 4.1523 4.2579 3.8244 3.9997 4.5444 3.0275 2.7172 3.3745 3.4435 1.6882 1.8969 1.3697 1.8339 1.5729 3.2409 3.1425 2.3779 2.5988 4.0559 3.3916 3.1643 3.4854 3.2348 2.9416 3.0447 2.5006 2.3296 1.3949 
5.3167 5.0659 4.3499 4.2519 4.3803 3.7889 3.2077 2.5644 3.2364 3.7358 3.1402 2.2764 3.0220 2.4652 2.3964 2.5183 1.7938 2.4441 2.2734 2.2777 2.7488 1.9247 2.7078 3.2425 2.6763 1.8634 2.3982 2.8664 3.2966 3.0142 2.7898 3.0859 2.4125 
6.6409 6.5354 6.1482 5.8886 5.4353 5.0992 4.8505 4.4679 4.3287 4.3964 4.0815 3.7849 3.6608 2.6674 3.2992 3.0140 1.5377 2.9371 3.1826 2.4263 3.3752 3.4543 3.6541 3.8888 3.7445 3.7578 4.0709 4.1761 4.3208 4.5894 4.6158 4.5604 3.7671 
5.8290 6.3741 6.4159 5.6149 5.3028 5.5621 4.6810 4.8400 4.7054 4.5903 4.5498 4.5340 4.5243 4.4441 4.4776 4.3701 4.3652 4.2933 4.3130 4.2283 4.2278 4.1731 4.1250 4.1055 4.1256 4.1551 3.8839 4.6422 4.2275 4.3451 4.8926 4.3586 2.2329 
6.5359 6.2751 5.9798 4.9579 4.5924 4.7035 4.0152 3.6764 4.6049 4.5998 3.8987 3.5432 3.2040 3.1516 3.4221 3.3281 3.3195 3.2688 3.2810 2.8950 2.8908 3.1757 3.4762 4.1038 4.0510 3.0334 3.1940 3.7890 3.5439 3.6297 4.4683 4.2503 3.7139 
6.8622 6.7073 5.9782 6.0073 5.9347 5.7807 5.5198 5.5244 5.3810 5.3372 5.1841 5.1636 5.0991 5.0668 5.0385 5.0042 4.9726 4.9481 4.9186 4.8747 4.8335 4.8274 4.7734 4.8286 4.7670 4.8400 4.7103 4.8623 4.8531 4.7344 4.4340 4.7062 4.0012 
5.4664 6.5600 6.4883 5.5798 5.3634 5.4026 5.4881 4.8559 5.1103 4.6585 4.4355 4.2128 3.6630 4.5222 4.3200 4.1914 4.1335 4.1329 4.1930 4.2866 3.3757 3.8697 4.0313 4.1594 4.5452 4.1703 4.6797 4.4869 4.2592 4.2881 4.9710 4.6185 1.8498 
6.4934 6.2951 6.4480 5.3111 4.8240 5.1434 4.9216 4.7981 5.0641 4.7701 3.9417 2.8178 2.2781 3.1890 3.2107 3.3527 2.8043 3.2963 3.1079 2.9774 1.9907 2.4817 3.5385 4.2662 4.5058 4.1227 4.1097 4.2260 3.7417 4.0503 4.9369 4.2674 3.5894 
5.6285 6.3965 6.4671 5.6673 5.4325 5.2321 5.4218 5.0275 5.0375 5.1114 4.7692 4.6946 4.6359 4.6107 4.6117 4.5289 4.5134 4.4613 4.5091 4.4207 4.3696 4.3558 4.3619 4.6146 4.4676 4.3253 4.5990 4.3151 4.3156 4.4040 4.9592 4.4294 2.7067 
6.3574 6.6528 6.4026 6.1110 5.5359 5.5497 5.7332 5.5612 5.2817 4.5332 5.0166 5.0445 4.9139 4.7063 4.7556 4.7459 4.6912 4.6890 4.6340 4.5351 4.6269 4.6940 4.5920 4.0417 4.6920 4.8898 4.9722 4.6297 4.4831 4.8539 4.8504 4.6737 3.6580 
5.7104 5.9042 6.4865 5.8598 5.4855 5.3588 5.6816 5.3506 5.3748 5.3067 5.0759 5.0347 4.9900 4.7559 4.7727 4.7290 4.7397 4.6738 4.6484 4.5744 4.6966 4.6819 4.6557 4.7977 4.7637 4.6525 4.9170 4.4508 4.4071 4.5717 4.9861 3.8518 3.1618 
6.3812 5.9357 5.9586 4.9287 4.1237 4.3693 4.8093 4.5270 4.6576 4.1562 3.8343 3.7119 3.3191 4.1442 3.6927 3.5451 3.6338 3.4541 3.5868 3.9480 3.0475 3.3455 3.4057 3.6569 4.0923 3.8129 4.0489 3.4634 3.0186 3.5982 4.4304 3.8885 3.4665 
