4.7382 5.4174 5.1161 4.4744 4.5932 4.5054 4.4301 4.1287 3.2075 3.9605 4.5207 4.3681 4.3611 3.8306 3.8994 4.4190 4.6466 4.3255 3.7192 3.5950 4.0501 3.9907 4.0535 3.4193 2.5884 3.4090 3.5177 3.4818 3.4226 3.0348 3.4270 3.2063 1.7974 
5.6280 4.8827 4.6735 4.7679 4.6801 4.4815 5.0530 4.7797 4.7258 5.3257 4.9818 4.5819 4.7947 4.5697 4.7120 4.5292 4.1085 4.4705 4.5821 4.3569 4.5128 4.1935 4.5050 4.7642 4.0868 4.0311 4.1583 3.4603 3.5108 3.3964 2.9921 2.6017 2.4591 
5.5085 4.8475 5.1305 4.6432 4.6330 4.3411 5.3909 4.8393 3.3671 4.2658 5.0587 4.7106 3.4766 4.6467 4.0602 4.7154 4.2889 4.6541 3.9451 4.4591 3.1576 4.3548 4.5905 3.7121 2.6838 4.0697 4.5085 3.3446 3.4574 3.2242 3.4439 2.7094 2.3259 
5.5300 5.2927 4.7052 4.5508 4.5293 4.6944 4.9142 5.0280 4.2225 4.6900 4.9799 4.5046 3.9505 4.5616 4.4409 4.5266 4.2039 4.4694 4.2595 4.3449 3.6183 4.1041 4.5051 4.1490 3.5924 4.2479 4.0198 3.6664 3.3356 3.1291 3.0121 3.0843 2.4531 
5.3343 3.8451 3.6632 4.4575 4.8401 3.2053 4.9920 4.9825 3.2989 4.5157 5.0590 4.6549 4.6773 4.5159 4.6272 4.5825 4.1625 4.5229 4.4967 4.2862 4.4232 4.2825 4.5911 3.9792 2.6459 4.1821 4.0923 2.1096 3.6447 3.0391 1.9841 1.7367 1.9915 
4.9708 4.5955 3.9649 3.8420 4.5203 3.8898 4.2159 4.1861 4.4553 5.0255 5.1111 4.1125 4.2087 3.7089 4.5115 4.3467 2.4155 4.2559 4.3668 3.5057 3.9530 3.7230 4.6463 4.4827 3.7695 3.4669 3.3620 2.8415 3.3272 2.4474 2.2071 2.4035 1.7111 
5.8357 5.0044 5.1886 4.9627 5.0614 4.7371 4.9298 4.1545 4.3306 4.9770 4.4601 2.9532 3.6295 4.1378 4.2857 4.0639 1.9895 4.0049 4.1367 3.9490 3.3404 2.5420 3.9821 4.4215 3.6541 3.4198 4.0312 3.7095 3.8828 3.5191 3.4968 2.7408 2.5969 
4.9241 4.5688 4.0020 3.4454 3.0614 3.0891 4.3537 4.1147 3.6689 4.4303 4.2838 3.7703 2.6090 3.4070 3.9443 3.6438 2.5286 3.5732 3.7643 3.1508 2.3657 3.4319 3.8364 3.8606 3.0210 3.3770 3.4791 2.0816 1.8916 2.0024 2.2991 2.3812 1.7406 
6.5624 7.1489 6.9004 6.4887 5.9938 5.9908 5.6978 5.3451 5.4433 5.1766 5.5072 5.5149 5.3657 5.2192 5.2942 5.1366 5.0422 5.0701 5.1486 5.0255 5.0625 5.1150 5.0335 4.6227 4.7579 4.5790 4.8275 4.9675 4.7582 5.0478 5.1704 4.9823 3.6113 
7.4822 7.3789 6.9760 6.1964 6.0737 5.8202 5.6964 5.4967 5.3343 5.4302 5.1349 5.1040 5.1097 4.9914 4.7625 5.1152 5.0019 5.0512 4.6227 4.7360 4.8149 4.7145 4.6700 4.8637 4.6755 4.6931 4.8301 4.8014 4.8967 4.7992 5.2179 5.1602 4.1465 
7.3756 7.6183 7.0414 6.3197 5.7665 5.7805 5.6758 5.0336 5.2935 5.6506 5.5333 4.9662 4.7341 5.1495 5.1214 4.6663 4.5775 4.5966 4.9985 4.9655 4.4723 4.5589 5.0604 5.0989 4.6388 4.2514 4.7924 4.7512 4.5708 4.9178 5.2803 5.4433 4.3172 
7.1276 6.8826 7.1992 6.6428 6.3992 6.1930 6.0153 6.0347 6.0153 5.8186 5.6936 5.6388 5.6311 5.5639 5.5503 5.4770 5.4602 5.3836 5.4137 5.3408 5.3395 5.2538 5.2244 5.2549 5.3465 5.2507 5.1115 5.1714 5.1878 5.2285 5.5168 4.6907 3.9729 
7.5702 7.8400 7.2549 6.8397 6.5922 6.3880 6.1663 6.0580 5.8886 5.7891 5.7263 5.6935 5.6786 5.6726 5.6659 5.5783 5.5574 5.5198 5.5362 5.4860 5.4017 5.3210 5.2692 5.2304 5.2090 5.2807 5.2803 5.3629 5.4093 5.4611 5.5600 5.6415 4.2896 
5.5837 7.4055 6.2121 5.4741 5.5312 5.4010 5.0915 5.2725 4.6532 4.8116 5.1446 4.9364 4.7151 4.6232 4.9219 4.7110 4.4855 4.6460 4.7430 4.4403 4.4632 4.5373 4.6735 4.2715 4.0208 4.5301 4.1895 4.3961 4.3445 4.0611 4.5798 5.1901 3.3147 
7.1390 7.1784 7.0650 6.6170 6.2954 6.1470 6.0592 5.8788 5.6947 5.8965 5.7656 5.5637 5.5022 5.3918 5.4153 5.2754 5.2323 5.1934 5.2371 5.1521 5.1771 5.1749 5.3090 5.3352 5.0556 5.1085 5.1638 5.1261 5.1084 5.1918 5.3462 5.0082 4.0327 
7.3308 7.0982 6.1068 5.5721 4.2576 5.2854 5.1238 4.1599 4.3149 4.6736 4.9919 4.5293 4.3838 4.5792 4.6549 4.3144 4.4661 4.2255 4.5210 4.3697 4.0618 4.1323 4.5129 4.1204 3.6481 3.4581 4.2326 4.2493 2.9723 4.1101 4.4461 4.9015 4.2729 
7.0931 7.0665 6.0949 5.9949 5.4035 5.4191 5.3920 5.5063 5.1292 4.9139 4.8102 4.7233 4.7255 4.6336 4.7732 4.5033 4.4533 4.4508 4.6282 4.4516 4.4674 4.3740 4.3567 4.3466 4.4965 4.7116 4.5096 4.3983 4.1767 4.5595 4.3802 4.8530 3.9406 
5.6266 6.3056 5.6255 4.3548 4.6726 4.8387 4.4867 4.5125 4.6026 3.7072 4.3094 4.1684 3.7379 3.6137 3.2591 3.7980 3.5560 3.7121 3.1041 3.4328 3.4635 3.8106 3.8595 3.1468 3.9761 3.7309 3.5992 3.8154 3.5122 2.9864 3.9608 4.1187 2.4580 
6.5146 5.9744 5.6029 4.8732 4.9901 4.5783 3.7537 3.2456 3.0140 4.1243 2.5874 3.9003 3.5305 3.4452 3.4357 2.9283 2.1232 2.8354 3.2439 3.1801 3.2197 3.5059 2.1852 3.5768 2.3501 2.4996 2.8649 3.5635 3.7753 3.4820 3.9378 3.6814 3.2451 
6.6174 6.5866 5.7831 5.4810 5.2343 5.1839 4.9567 4.6560 4.5364 4.8284 4.5863 4.4882 4.5208 4.3864 4.6293 4.4048 4.3802 4.3105 4.5028 4.1426 4.1987 4.0896 4.1192 4.2666 3.9085 3.9376 4.0418 4.1598 4.0582 4.0410 4.0725 4.3903 3.4471 
6.1036 5.6093 5.0632 4.7028 5.0105 4.5411 4.4220 3.6745 4.0567 4.2137 4.3139 4.0851 3.8838 3.6616 4.1374 3.6736 3.6630 3.6096 4.0063 3.4753 3.5626 3.6946 3.8646 3.6576 3.4356 2.9560 3.5168 3.5176 3.8017 3.3145 3.3671 3.3947 2.9268 
6.5319 6.0086 5.5445 5.1823 4.7375 4.1940 4.0316 4.2162 4.2933 3.5698 4.0509 4.1160 3.9479 3.7628 4.1233 3.5229 3.1277 3.4668 3.9942 3.5482 3.6140 3.7340 3.5794 3.0273 3.6361 3.4812 3.1382 3.1631 3.5500 3.7788 3.8365 3.7678 3.3815 
6.2125 6.8129 5.9555 5.1196 5.0002 4.7034 4.5781 4.8088 4.7270 4.3738 4.1595 3.5558 3.9419 4.0964 4.1568 4.1011 4.0287 4.0344 4.0270 3.9017 3.6150 3.1541 3.6979 3.7979 4.0838 4.0528 3.6768 3.6775 3.7867 3.6992 4.1702 4.6230 3.0175 
6.3230 6.7224 5.6399 4.6822 3.5028 4.0087 3.7358 3.9692 3.0434 3.9277 3.6865 3.0524 2.8682 2.6105 3.0747 3.2256 3.0930 3.1376 2.9599 2.4406 2.5528 2.6905 3.2504 3.3413 2.4580 3.1874 2.8923 2.9905 2.3447 3.3385 3.9464 4.5345 3.4326 
6.6939 6.6683 6.5255 6.0973 5.7671 5.6266 5.4542 5.3091 5.2660 5.0366 4.9896 4.9812 4.9521 4.9305 4.8440 4.7744 4.7423 4.6918 4.6775 4.6732 4.6184 4.5766 4.5142 4.4918 4.6200 4.5552 4.5477 4.6049 4.5842 4.6741 4.7737 4.4986 3.3636 
7.0175 7.1323 6.4072 5.4532 5.2117 4.8522 5.0407 5.0891 4.7705 3.3033 3.3961 3.1409 3.7620 3.3302 2.0523 2.6032 1.6321 2.4669 1.9211 3.1163 3.4912 2.7524 2.9367 2.6536 4.1093 4.3381 4.1582 3.8564 4.0540 4.0388 4.6686 4.9441 3.6376 
6.5165 7.1693 6.7291 6.1097 5.7531 5.6266 5.3487 5.1632 5.4050 5.1793 5.1367 5.1089 4.9737 4.9746 4.9390 4.8235 4.7697 4.7370 4.7553 4.7103 4.6418 4.7193 4.6701 4.6275 4.7218 4.4489 4.4810 4.6048 4.5728 4.6842 5.0347 4.9976 3.5374 
6.3638 7.2354 6.5216 5.5351 5.3524 5.0771 4.9869 4.9683 4.6783 4.6678 4.5380 4.4890 4.5086 4.2009 4.3162 4.3125 4.3491 4.2259 4.1587 4.0054 4.1825 4.0906 4.0699 4.1174 4.0451 4.1642 4.0789 4.0540 4.1513 4.1145 4.7598 5.0464 2.4231 
5.7430 7.0181 5.7163 4.7221 4.6359 4.3324 4.0747 3.4940 3.6030 3.6599 3.4028 3.6917 3.4639 3.7021 3.6095 3.1145 3.4083 3.0482 3.4819 3.5023 3.1349 3.3395 2.9319 3.1177 2.9738 2.7357 3.2016 3.3318 3.4720 3.3359 4.0073 4.7766 1.6468 
5.3289 6.3275 4.6622 4.7836 4.2390 4.3082 4.1987 3.9594 4.2568 3.8811 3.8245 3.6585 3.6473 3.9542 3.5645 3.6692 3.4048 3.6090 3.4452 3.6930 3.3829 3.3017 3.3763 3.3130 3.6086 3.1574 3.3460 3.2849 3.0497 3.3984 2.8723 4.1322 2.4714 
6.3736 6.4754 5.7309 5.4842 5.2468 5.0790 4.7896 4.9218 4.6759 4.5662 4.5788 4.4992 4.5064 4.5080 4.3304 4.3776 4.2971 4.2864 4.1646 4.2688 4.1783 4.1014 4.1121 4.0187 4.0397 4.1333 3.9433 4.0538 4.0637 4.0416 4.0225 4.2189 3.0439 
4.6462 6.0602 4.9258 4.5363 4.3504 4.1996 4.1627 3.8312 4.1373 3.9802 3.7114 3.6615 3.9369 3.4271 3.5350 3.4753 3.3639 3.4192 3.4191 3.1572 3.6009 3.3075 3.2567 3.4372 3.4988 3.0573 3.2950 3.1729 3.1339 3.1034 3.1304 3.8561 0.8915 
5.5455 6.0513 5.1882 4.8145 4.5918 4.1327 4.4201 4.3020 4.0750 4.0516 4.0275 4.0203 4.0399 3.8868 3.6232 3.7118 3.6408 3.6455 3.4909 3.6382 3.7304 3.6303 3.5587 3.5050 3.4502 3.5418 3.5196 3.1097 3.4317 3.4331 3.4811 3.8639 2.5574 
6.0727 5.4574 5.1567 4.9038 4.5520 4.4932 4.4048 4.4625 4.0904 4.0424 4.1187 4.1307 3.9887 3.4250 3.6644 3.7823 3.7164 3.6985 3.5375 3.1477 3.6585 3.7504 3.6497 3.4964 3.4622 3.6570 3.5099 3.4713 3.3774 3.4903 3.4661 3.1768 2.8898 
5.6788 5.4213 4.5620 4.0793 3.5527 3.4896 2.2144 2.5646 2.4731 2.8149 2.6291 3.4610 3.2613 3.2594 2.2734 2.7411 2.9515 2.6596 2.1177 3.0434 2.9761 3.0571 2.1513 2.2263 1.7939 1.8179 1.3505 2.4823 2.4080 2.6646 2.8354 3.1446 2.3881 
4.4366 6.3576 6.4996 6.0102 6.0882 6.3275 6.0780 4.9225 5.0743 5.1512 4.7840 3.9441 4.5460 3.9971 4.1786 3.4476 2.9172 3.3704 4.0488 3.7683 4.2308 3.5488 4.3300 4.6007 4.4543 4.1204 5.1819 5.3066 4.9192 4.5678 4.7445 4.1683 1.5749 
6.3977 6.1463 5.7028 5.1249 5.1861 5.6666 5.3262 4.9823 4.8193 4.6437 4.2688 4.3636 4.1651 4.4046 4.3601 4.3747 3.2824 4.2823 4.1866 4.1556 3.9111 3.9866 3.8144 4.0920 4.1576 4.1818 4.4676 4.6452 4.0201 3.7064 4.0140 3.9575 3.1648 
4.4154 5.9737 5.5047 4.1016 5.7015 5.7052 5.1012 5.0301 4.9973 4.8968 4.5808 4.6415 4.5636 4.4272 4.4441 4.3705 4.1938 4.2794 4.2576 4.1648 4.2559 4.2623 4.1166 4.3292 4.3353 4.2571 4.2122 4.6817 4.5374 2.7566 3.7767 3.7767 0.4266 
6.5420 6.1240 6.0630 5.7851 5.5223 5.1381 4.9684 4.9552 4.9187 4.6672 4.7520 4.7326 4.7587 4.5970 4.5675 4.5190 4.5206 4.4643 4.4530 4.4013 4.4884 4.3862 4.3012 4.1167 4.2359 4.1584 4.0585 4.1213 4.3083 4.4138 4.3865 3.9466 3.4589 
6.4010 5.0499 6.2592 5.7933 5.4787 5.5417 5.2838 5.1575 5.1258 5.0173 4.9748 4.7783 4.9191 4.7557 4.7249 4.6552 4.5549 4.5853 4.5906 4.5479 4.5961 4.4381 4.4992 4.4738 4.4961 4.4347 4.4422 4.5190 4.2554 4.4215 4.5730 2.9396 3.2573 
5.5640 5.6892 6.1019 5.6449 5.0259 5.1167 5.0317 5.0192 4.9932 4.3933 4.7063 4.5209 4.6040 4.5488 4.5916 4.5200 4.4764 4.4651 4.4727 4.3316 4.3121 4.1298 4.2523 3.8247 4.3256 4.2393 4.1391 4.1019 3.8175 4.2341 4.4292 3.5420 2.4785 
6.5378 5.7322 5.9719 5.7118 5.5505 5.1844 5.0735 5.0254 4.9560 4.7048 4.8159 4.5716 4.6445 4.6212 4.5368 4.5210 4.5192 4.4659 4.4088 4.4350 4.3659 4.1757 4.3659 4.1594 4.2662 4.2475 4.1745 4.1628 4.3576 4.3344 4.2297 3.5225 3.3771 
5.8926 5.3210 5.8054 5.4972 5.4699 4.8170 4.7996 4.6788 4.5973 4.0233 4.5466 4.4352 4.2818 4.2855 4.3154 4.2424 4.1601 4.1651 4.1587 4.0678 4.0006 4.0299 4.0805 3.4741 3.9700 3.9612 3.9502 3.7998 4.2291 4.0719 4.1155 3.1080 2.8193 
5.6912 5.4629 5.9098 5.6679 5.7353 4.9955 4.8182 4.7627 4.7384 4.8647 4.5405 4.3056 4.3935 4.4037 4.3506 4.2637 4.1929 4.1810 4.1776 4.1553 4.0736 3.9560 4.0665 4.3031 4.0964 4.0192 3.9623 3.9723 4.5567 4.2730 4.1977 3.2102 2.7443 
5.8350 5.6304 5.8009 5.6420 5.5835 4.8287 4.6792 4.6403 4.6130 4.6535 4.4119 4.2889 4.3550 4.4338 4.2611 4.1269 4.1525 4.0590 4.1165 4.1671 4.0475 3.9470 3.9502 4.1018 3.9829 3.9160 3.8178 3.8100 4.4076 4.2373 4.1210 3.4533 2.8571 
5.6117 5.5973 5.8059 5.6238 5.4976 5.0614 4.9737 4.9021 4.7632 4.4987 4.6786 4.4558 4.6485 4.5360 4.3991 4.2624 4.3370 4.1801 4.2189 4.3103 4.3694 4.0499 4.2183 3.9592 4.1142 4.1198 4.0632 4.0372 4.2782 4.2121 4.1223 3.4367 2.6248 
4.6152 5.5275 5.6966 5.4810 5.0889 5.1887 4.9752 4.8550 4.6246 4.6399 4.5272 4.3260 4.6548 4.5612 4.4987 4.3747 4.4350 4.2847 4.3452 4.3493 4.3807 3.9653 4.0581 4.0895 3.9922 4.0864 4.0652 4.1718 3.9194 4.0540 4.0321 3.3577 2.0969 
5.7705 5.7496 5.7431 5.4942 5.1905 4.8601 5.0119 4.7685 4.7205 4.6684 4.5102 4.4656 4.6723 4.4499 4.3757 4.3813 4.2448 4.2893 4.2003 4.1785 4.4076 4.0621 4.0418 4.1130 4.0845 4.0244 4.1120 3.8525 4.0168 4.0704 4.0694 3.5695 2.7876 
5.7835 5.4931 6.0149 5.4991 5.1923 5.0502 4.9141 4.8059 4.8052 4.1808 4.3435 4.1776 4.3799 4.2300 4.2037 4.2112 4.2002 4.1473 4.0712 4.0270 4.0660 3.8210 3.8945 3.6417 4.1485 4.0492 4.0198 4.0274 4.0227 4.0739 4.3006 3.2865 2.8205 
5.0718 5.1391 6.2168 5.6822 5.4117 5.1860 5.5209 5.2716 5.2638 4.6943 4.6691 4.6400 4.7933 4.6048 4.5213 4.5087 4.5014 4.4551 4.3832 4.4098 4.5118 4.2594 4.1980 4.1473 4.6187 4.5250 4.6281 4.1587 4.1846 4.2820 4.5438 3.0687 2.3801 
6.7451 6.3303 6.5857 6.1203 5.9119 5.7492 5.8302 5.4766 5.6779 5.0265 5.0483 5.0644 4.9755 4.9933 5.0042 4.9592 4.8910 4.8628 4.8474 4.7403 4.6426 4.6726 4.5770 4.4879 5.0359 4.6808 4.9744 4.7286 4.6910 4.7023 4.8923 4.1400 3.5868 
7.2464 7.0474 6.6204 6.0880 5.6897 5.3315 5.2227 5.2638 5.6579 5.5252 5.3367 5.2669 5.2851 5.1125 4.9872 4.9387 4.9098 4.8441 4.8180 4.9165 5.0099 4.9225 4.8871 4.9816 5.0240 4.5258 4.3712 4.3096 4.5134 4.6699 4.9238 4.8093 4.0054 
5.6091 6.9155 6.8613 6.3257 6.0758 5.9126 5.7791 5.7875 5.6663 5.5318 4.5191 5.0903 4.9371 4.9807 4.9981 4.9632 4.8955 4.8683 4.8367 4.7214 4.6075 4.6979 4.0554 4.9851 5.0297 5.0437 4.9344 4.8905 4.8946 4.9523 5.1473 4.7088 2.7623 
5.6969 6.7909 6.0290 5.2328 4.8204 4.6406 4.5267 3.9005 4.8407 4.4972 4.9680 4.1547 4.0969 4.2150 4.1379 4.1614 3.9890 4.0965 4.0072 4.0148 3.8045 3.7816 4.4914 3.9547 4.1655 3.1018 3.6309 3.6144 3.6162 3.8418 4.2649 4.6031 2.9937 
6.9509 6.7220 6.0627 5.1174 4.5922 4.2303 3.9239 4.0023 4.3012 4.0817 3.9575 4.1355 3.8113 3.6162 2.5877 2.4002 2.4837 2.3825 2.4890 3.4409 3.4994 3.7671 3.4928 3.5436 3.6529 3.1980 3.0689 3.2637 3.4667 3.7445 4.3600 4.5090 3.5970 
7.1021 7.0896 6.1815 5.8091 5.5225 5.2867 5.1661 5.1357 5.0525 4.9686 4.9694 4.9798 4.7533 4.6687 4.6083 4.3987 4.2785 4.3049 4.4848 4.4766 4.4841 4.5746 4.4930 4.4079 4.4203 4.4040 4.2860 4.2623 4.3129 4.4285 4.4819 4.8856 3.9252 
6.2474 6.7232 5.7513 5.3764 5.1659 5.0059 4.8793 4.7528 4.5594 4.5569 4.5821 4.8020 4.0870 4.4601 4.0668 4.0773 3.9916 4.0143 3.9561 4.1872 3.7757 4.4577 4.1169 4.0132 3.9344 4.0147 3.9986 3.9855 3.9969 3.9854 4.1208 4.5345 3.4059 
7.1868 7.3456 6.8347 6.3771 6.0637 5.8572 5.6942 5.5893 5.3111 5.3081 5.2382 5.1908 5.3228 5.3474 5.2159 5.1472 5.1334 5.0799 5.0853 5.1190 5.0353 4.8315 4.7838 4.7476 4.6571 4.8317 4.8207 4.8341 4.8729 4.9842 5.1149 5.1395 3.9238 
6.4653 5.8398 6.3486 5.9540 5.6598 5.5000 5.3448 5.2550 5.0074 4.9941 4.9888 4.8239 4.7666 4.6901 4.7274 4.6293 4.5748 4.5622 4.5934 4.4997 4.4952 4.4681 4.5146 4.4529 4.3485 4.5171 4.4822 4.4775 4.4920 4.5317 4.6434 3.6520 3.3031 
5.8393 6.0223 6.1667 5.5221 5.2787 5.0938 4.9604 4.8895 4.7334 4.6537 4.6699 4.5422 4.5273 4.4941 4.3041 4.3563 4.3486 4.2667 4.1527 4.2478 4.2060 4.1554 4.2000 4.1018 4.0928 4.1106 4.0496 4.0722 4.0933 4.1026 4.4899 3.7931 2.5170 
6.3399 6.8650 6.5051 5.6950 5.5815 5.4457 5.2366 5.0751 5.0371 4.9692 4.8977 4.9093 4.8329 4.6732 4.6536 4.5899 4.5675 4.5271 4.5219 4.4831 4.5368 4.5203 4.4510 4.4085 4.3984 4.3165 4.3862 4.4234 4.4098 4.2885 4.7437 4.6643 2.9990 
6.1193 6.3551 6.1713 5.5392 5.1832 5.0491 4.9109 4.6548 4.5850 4.5426 4.4889 4.5186 4.2606 4.4292 4.2379 4.2643 4.3577 4.1822 4.0980 4.1654 3.9848 4.1253 4.0157 3.9963 3.9599 3.9318 4.0146 4.0262 4.0083 4.1101 4.4834 4.1550 2.8738 
6.0516 6.4639 5.6425 5.2770 5.1359 4.6182 4.6595 4.6030 4.6098 4.4849 4.0159 4.0159 4.0230 3.9608 4.0595 4.0249 3.9207 3.9678 3.9446 3.7037 3.7057 3.6237 3.5442 3.9414 3.9798 3.8621 3.7844 3.5864 3.9674 3.8984 3.9547 4.2292 2.8514 
5.4623 6.0615 5.6061 4.2864 3.8251 4.1602 4.6570 4.5365 4.1836 3.9605 2.8698 3.7462 3.7750 3.7945 3.5348 3.5392 3.7420 3.4803 3.4207 3.5701 3.4904 3.4145 2.3928 3.4059 3.5461 3.7668 3.7838 3.1484 2.5841 2.8967 3.9111 3.8847 2.1656 
5.8528 5.5452 4.5948 3.6275 4.6758 5.3799 5.1433 4.6191 4.1022 3.8592 3.5400 3.9932 3.7516 3.8204 3.9338 3.6190 3.7664 3.5505 3.7482 3.5891 3.4750 3.5984 3.0671 3.2942 3.4693 3.8745 4.2571 4.3599 3.5146 2.2079 2.9003 3.3271 2.6478 
5.7017 5.3557 5.1459 5.0633 4.2445 3.5389 4.3049 4.0917 3.4377 4.1415 3.8897 3.3710 3.5381 3.4909 3.6310 3.0541 2.9480 2.9891 3.4986 3.2549 3.2339 2.9762 3.4363 3.5895 2.7727 3.3539 3.4470 2.5286 3.0495 3.6412 3.4619 3.1174 2.5102 
5.2823 4.7689 4.3734 4.5262 4.7502 4.3488 4.7728 4.4294 4.0424 3.6446 3.5144 3.9099 3.1960 2.7464 2.2323 2.4557 2.8398 2.3945 2.0825 2.5301 2.9328 3.5089 3.0478 3.0913 3.4234 3.6356 3.9298 3.3389 3.5611 3.1116 2.6357 2.5365 2.1032 
5.3777 4.7159 4.5413 4.9181 4.7900 4.8533 5.0372 4.1957 4.7770 3.5721 4.0630 3.6422 2.6068 3.0060 3.3017 3.4429 3.1061 3.3646 3.1402 2.7983 2.3104 3.2684 3.5960 3.0169 4.1286 3.4702 4.1439 3.8304 3.5907 3.4986 2.8767 2.5293 2.1639 
5.1471 2.6312 4.3410 4.0728 5.1851 4.9027 4.7213 4.3537 4.2999 4.2475 3.9523 2.5928 3.2782 3.2863 2.9629 1.9795 2.6690 1.9016 2.7964 3.0651 2.9912 2.2143 3.4716 3.6891 3.6438 3.5877 3.8742 3.8735 4.0101 2.6461 2.6202 0.7600 1.9285 
5.3545 4.2423 4.7479 4.3612 5.2598 5.4792 5.5486 5.0147 4.6569 3.8823 4.5310 3.5134 3.9171 3.1827 3.7015 3.6231 3.4822 3.5542 3.5668 2.9869 3.5852 3.1231 4.0607 3.3134 4.0163 4.2275 4.6527 4.4568 4.0791 2.9482 3.0467 1.9227 2.1087 
5.1009 4.6768 3.7789 3.7715 3.7978 4.6813 4.1277 4.0711 4.3798 4.6638 4.4711 3.7423 2.8980 3.5050 3.1612 2.6289 3.4801 2.5798 3.0242 3.2772 2.5570 3.3883 3.9943 4.1140 3.7067 3.3311 3.2393 3.6558 2.5919 2.4026 2.0408 2.4582 1.8653 
4.0281 4.2907 3.1372 4.5566 4.6885 4.4933 5.0458 4.3290 4.1643 3.9871 3.4458 3.7042 3.2143 3.4725 3.3698 2.7669 2.8982 2.6939 3.1870 3.2274 2.9484 3.3579 2.9692 3.4469 3.5290 3.5585 4.1520 3.4770 3.5155 3.1403 1.4923 2.0830 0.9766 
4.9910 4.6321 4.6662 4.3011 4.6578 4.7588 3.0519 4.2876 4.7916 4.3589 3.7663 3.4289 3.5759 3.5327 3.0671 2.4811 2.7173 2.4241 2.9406 3.3136 3.2783 3.0191 3.3030 3.7935 4.1405 3.5384 2.1662 3.7408 3.4781 2.9315 2.9720 2.4392 1.8056 
5.3817 4.8210 4.0603 4.0718 5.0641 5.1278 3.7008 4.8739 4.4959 4.9197 4.2841 3.0313 3.2269 2.8556 3.0523 2.3073 2.9004 2.2233 2.9363 2.6154 2.9558 2.6306 3.8252 4.3539 3.8429 4.1006 2.8756 4.0993 3.8999 2.6304 2.4077 2.6259 2.2104 
5.5092 4.6633 4.4624 4.6139 4.4376 4.8290 4.5719 5.2214 4.4631 3.9484 4.1236 4.1603 4.4724 4.1672 3.6370 3.7266 3.4092 3.6488 3.5020 3.9781 4.1466 3.7977 3.6524 3.3842 3.7764 4.4956 3.6768 3.8049 3.1928 3.2001 2.6958 2.4232 2.2690 
5.4946 4.7643 4.9056 4.6692 3.8790 4.1433 4.7555 5.4901 5.0032 5.3334 4.3466 3.0784 3.3855 3.4440 3.4840 3.4554 3.9394 3.3859 3.3377 3.1799 3.0664 2.6939 3.9006 4.7693 4.3416 4.6885 3.9165 3.1169 2.6410 3.2465 3.1500 2.5073 2.2190 
4.3657 3.4536 4.4851 4.2045 5.5330 5.6258 5.8250 5.8154 4.9182 4.5669 4.6407 4.0612 3.5231 3.1576 3.3205 3.0437 3.5532 2.9847 3.1494 2.9727 3.2058 3.6661 4.1660 4.0223 4.2314 5.0629 4.9748 4.6015 4.3400 2.8885 2.7551 1.3602 1.2170 
5.0740 4.1703 4.3316 4.9386 5.3619 5.4357 4.9900 5.4890 5.1907 4.2054 4.0791 4.3026 3.7600 3.8149 4.0640 4.2693 4.4403 4.1861 3.9470 3.5834 3.4784 3.9497 3.6142 3.6502 4.5537 4.6873 4.0725 4.4133 4.1570 3.5201 2.6383 1.9257 1.8369 
5.5389 4.9047 4.0815 4.9310 5.2743 4.6534 5.0034 5.7257 4.8426 4.9316 4.4845 4.4187 4.2072 4.0790 3.6570 3.2916 3.4710 3.2175 3.5233 3.8762 3.9505 4.0214 4.0085 4.3707 4.1717 4.9999 4.1151 3.6266 4.0852 3.5077 2.3535 2.6181 2.3209 
5.0791 4.7677 4.4632 4.6036 5.4385 4.8359 5.5817 6.0933 5.9475 5.2440 5.1119 4.5097 4.4665 4.1779 4.1631 4.5895 4.6949 4.5275 4.0345 3.9873 4.1360 4.1105 4.6498 4.6877 5.2578 5.3347 4.6887 3.8213 4.2090 3.1917 2.7135 2.5380 1.8977 
5.5711 4.5998 4.6818 5.0386 5.0970 5.5309 5.3372 6.0202 5.1003 4.9899 4.0428 3.7490 3.7732 3.1418 3.6003 2.8380 4.1618 2.7301 3.4755 2.9518 3.4904 3.4097 3.5790 4.4491 4.4694 5.2262 4.4753 4.5088 3.9461 3.6192 3.0009 2.3794 2.4009 
5.4888 4.6341 4.6552 4.9328 5.0366 4.9331 5.6960 6.1139 5.6311 6.0077 5.2317 4.9386 4.6547 4.5757 4.4882 4.4422 3.9260 4.3452 4.3276 4.3725 4.3760 4.5390 4.7757 5.4613 5.0002 5.3591 4.8377 3.8958 3.8285 3.5056 2.9520 2.4103 2.1664 
5.6983 5.1720 4.7562 5.0127 4.5578 4.3923 5.6018 6.0484 5.7163 3.2061 4.9364 3.9486 4.0502 4.1332 4.3234 3.7824 3.9377 3.6978 4.1615 3.9482 3.7467 3.5427 4.4725 2.5875 5.0807 5.2663 4.7132 3.3426 3.4046 3.5958 3.0573 2.9446 2.4925 
5.2591 5.4269 5.0463 5.3833 5.0578 5.5336 5.7686 5.9892 5.3113 5.2357 4.4861 4.3875 4.2538 4.0608 3.7803 4.1221 4.1078 4.0552 3.6307 3.8539 3.9812 4.0030 4.0082 4.6802 4.6506 5.1861 4.9204 4.5158 3.8726 3.9818 3.3469 3.1937 2.1067 
5.5599 4.3924 3.6877 4.0942 4.3964 4.2192 5.0093 5.7644 4.6559 5.2048 4.6657 4.0684 4.2692 4.1786 3.9700 3.7054 4.0762 3.6388 3.8046 3.9875 3.9888 3.6716 4.1883 4.6616 4.0142 5.0286 4.1048 3.2085 3.1668 2.6687 1.9571 2.0442 2.3734 
5.6918 4.9013 4.5947 4.1094 5.3769 5.4804 5.9108 5.7181 5.8966 5.5501 4.2834 3.5960 3.9502 3.6421 3.5145 3.0778 3.5585 3.0135 3.3810 3.4470 3.6202 3.2010 3.8287 5.0054 5.2163 4.9959 5.0277 4.4597 4.1618 2.6517 2.8931 2.5892 2.4726 
5.7996 5.0940 4.8945 4.9525 4.4094 4.8421 5.2022 5.6099 5.5391 5.8585 5.2347 4.8069 4.5969 4.3197 4.2028 4.0173 4.1159 3.9618 4.0679 4.0917 4.2970 4.4592 4.7786 5.2977 4.8951 4.8617 4.3466 3.8214 3.1781 3.5116 3.1433 2.8368 2.5677 
5.0506 4.6077 4.5216 4.2080 4.5742 3.9870 5.3967 5.6748 4.3088 4.9572 3.7640 4.0892 3.5637 3.9574 3.7780 4.1395 2.5000 4.0702 3.6293 3.6966 3.2645 3.6991 3.3170 4.3901 3.6375 4.9489 4.5171 2.9898 3.4164 2.8309 2.8334 2.4970 1.7935 
4.4422 4.3949 4.4006 3.7335 4.5193 4.2648 4.7919 6.0635 5.4383 4.4473 4.9072 4.5219 4.2723 4.2448 4.2664 3.7614 1.9019 3.6772 4.1213 4.0377 3.9934 4.1292 4.4565 3.8802 4.7459 5.2904 3.9589 3.2353 3.3368 2.3199 2.6557 2.1533 1.1561 
6.0411 5.1924 4.8024 5.0230 5.3197 5.4118 5.6925 6.0729 5.3073 5.5800 4.9752 4.2817 3.6483 3.7428 3.6174 3.4073 3.4431 3.3102 3.4852 3.5297 3.3879 3.9374 4.4978 5.0327 4.6523 5.3031 4.8203 4.3988 4.1269 3.6007 3.0969 2.9845 2.8636 
5.6263 4.1140 3.0852 4.5827 4.6813 3.4835 4.7910 4.7340 4.3483 4.3259 4.2919 3.4655 3.0972 3.0975 2.8742 3.2545 3.3706 3.1749 2.7023 2.9043 2.8201 3.0624 3.8387 3.7697 3.6698 3.9980 3.9459 2.4275 3.5126 3.1673 1.3799 1.9105 2.4511 
4.4111 3.6442 4.2275 4.3448 3.5452 4.0749 4.1544 5.6078 5.0504 4.2848 4.2567 4.0820 4.0302 3.9952 3.5034 3.6027 2.7522 3.5369 3.3722 3.7564 3.7181 3.6917 3.8004 3.7225 4.4165 4.8585 3.3079 3.0405 2.4165 2.9406 2.5350 1.4559 1.0615 
5.0331 3.8470 4.0491 2.1955 4.0289 3.4315 4.7110 5.1925 5.0113 4.7211 3.8837 4.1172 3.0664 2.9522 3.0320 2.4020 2.8101 2.3145 2.9172 2.7030 2.7647 3.7336 3.4315 4.1647 4.3547 4.4752 3.8616 2.3809 2.8460 0.6748 2.3556 1.5265 1.8712 
6.0218 5.5400 4.9224 3.9758 4.4798 4.8691 5.0752 5.0811 4.9707 4.5486 4.5806 4.2462 4.0137 3.6200 3.9935 3.9765 3.7385 3.9130 3.8465 3.4352 3.6935 3.9039 4.1149 4.0073 4.2856 4.3239 4.1713 3.8508 3.2472 2.5181 3.1523 3.2929 2.7864 
5.9173 5.4046 4.6964 4.3787 4.0039 2.9368 3.4799 4.3943 3.0975 3.9436 3.5076 3.6576 3.6817 3.6655 3.6037 3.8091 3.6583 3.7211 3.4785 3.4758 3.4301 3.3044 3.0345 3.3822 2.4453 3.6105 2.5627 1.9193 2.8035 2.9643 2.9998 3.1384 2.6949 
5.5581 5.1190 4.3316 4.7113 4.6150 4.1651 3.6948 4.1135 4.1668 4.7902 3.6110 3.3448 3.0757 3.2147 3.0134 2.8910 3.0747 2.8018 2.8871 3.0106 2.7834 2.9684 3.1354 4.2310 3.5356 3.3757 2.8261 3.1389 3.4468 3.3296 2.6220 2.9251 2.4135 
5.2199 3.8216 4.1015 3.6527 4.2335 3.4198 4.4921 4.1317 3.5847 2.2893 3.3570 3.0334 3.2411 3.3157 2.4822 2.5468 2.2781 2.4827 2.3475 3.0809 2.9649 2.6352 2.9135 1.7090 2.9535 3.4022 3.5906 2.4047 3.0537 2.2395 2.4295 1.4798 2.0469 
5.4679 4.6332 3.8868 4.5670 4.4209 4.2291 3.1773 4.5196 4.1701 3.4985 3.0321 3.4791 3.0684 3.4673 3.1309 3.4319 3.0322 3.3417 2.9979 3.2191 2.7787 3.0809 2.5653 2.9564 3.5337 3.7445 2.3459 3.2043 3.1862 3.1459 2.1531 2.4206 2.2657 
5.1449 4.9509 4.4432 4.1183 4.6944 5.0363 4.9924 4.9995 4.4394 4.1302 3.8607 3.5660 3.7473 3.2647 3.4794 3.2539 2.9962 3.1705 3.3295 3.0439 3.4729 3.1736 3.4122 3.5778 3.7476 4.2083 4.0858 4.0132 3.5263 2.6742 2.6696 2.6741 1.8960 
