2.6837 2.9129 3.1517 3.2479 2.4325 2.6232 2.9062 2.1471 2.5420 2.6344 2.4782 2.3516 2.7076 2.5794 1.5195 1.4545 1.1207 1.4038 1.4193 2.3652 2.4817 2.0738 2.1242 2.2056 2.0019 1.5118 2.2134 1.8128 1.4896 2.1606 1.8238 1.1310 -0.1393 
1.4141 2.9104 2.9522 2.1020 2.7776 2.5708 2.3699 1.3215 1.7914 2.1578 1.7663 1.5775 2.2247 1.9893 1.3658 0.2637 1.6649 0.2287 1.2112 1.8271 1.9713 1.3098 1.3865 1.7091 1.2710 0.7129 1.6948 1.7609 1.8513 0.9851 1.5703 1.1778 -0.7844 
2.8562 3.0401 3.0744 2.9833 2.5265 2.4784 2.5334 1.6631 1.0319 1.9546 1.3331 2.4851 2.6092 2.1418 1.7950 1.4073 1.8186 1.3693 1.6668 1.9397 2.3494 2.1989 0.9675 1.5290 0.5523 1.0625 1.8257 1.6756 1.5649 1.8479 1.7516 1.2989 0.4015 
2.1712 2.7669 2.7189 2.7450 2.7380 2.0011 2.5242 2.2737 1.9537 2.3784 2.4237 2.2136 1.6954 2.0238 1.4814 1.7832 1.9112 1.7267 1.3818 1.8569 1.4474 1.9008 2.0665 1.9443 1.4513 1.6792 1.8244 1.1911 1.8075 1.6482 1.3882 1.0471 -0.7032 
1.1659 3.2365 1.9667 3.0316 2.7117 2.4400 2.5867 2.2101 2.0631 1.8984 2.0786 1.8758 2.0320 1.9274 2.0292 1.4321 1.0051 1.3879 1.9160 1.7793 1.8097 1.5648 1.7190 1.4667 1.5369 1.5842 1.8676 1.6290 1.7857 1.9081 0.5903 1.4998 -0.3491 
3.5230 3.1693 3.3713 2.3261 2.2301 2.3377 1.7239 2.2699 1.4134 2.0288 2.4958 2.1456 2.1758 1.9764 2.0833 2.0214 1.8252 1.9557 1.9475 1.8203 1.9105 1.8311 2.1415 1.5897 0.9005 1.6777 1.0207 1.5304 1.2859 1.1835 1.9831 1.4274 0.9689 
3.4695 4.1120 3.2887 3.2354 3.2019 2.9687 2.8265 2.7071 2.8957 3.1150 2.7492 2.4886 2.3220 2.1822 2.2043 2.2834 2.3675 2.2341 2.0829 1.9723 2.1030 2.1990 2.3755 2.6806 2.3651 2.1227 2.1659 2.1550 2.2694 2.1619 1.8995 2.3601 0.8592 
5.0703 4.6923 4.6737 4.3320 3.5943 3.5792 3.4295 3.2181 3.0884 3.0836 3.2179 3.0737 3.0638 3.0073 2.9749 2.9683 2.9273 2.8929 2.8277 2.8085 2.8188 2.7597 2.8582 2.6498 2.5934 2.6321 2.7191 2.7646 2.6495 3.1973 3.3490 2.9267 2.5661 
4.2459 4.8055 4.3889 3.0177 3.4107 3.4232 3.1435 3.0366 3.0444 3.0032 2.4984 2.7380 2.7532 2.5455 2.5898 2.6072 2.6541 2.5598 2.4563 2.3449 2.5459 2.4394 2.1612 2.5700 2.5456 2.4263 2.4518 2.6176 2.4786 1.9421 3.0394 3.0925 1.8057 
4.2664 4.3843 3.9570 3.8845 3.6542 3.4303 3.5641 3.3812 3.2590 3.1020 3.3902 3.1374 3.0859 3.0897 2.9821 2.9378 2.8387 2.8638 2.8366 2.9314 2.8504 2.8382 3.0154 2.6668 2.7440 2.7497 2.8866 2.6244 2.7163 2.7603 2.6495 2.6610 1.8636 
5.1274 4.8598 4.6881 4.4660 4.2999 4.1704 3.9579 3.9263 3.8230 3.8064 3.8086 3.7521 3.6541 3.5539 3.5511 3.5171 3.4646 3.4652 3.4459 3.4020 3.4314 3.4424 3.4342 3.3767 3.3028 3.3489 3.2653 3.3642 3.3851 3.3843 3.3541 3.1118 2.5973 
4.8303 4.7782 4.9298 4.6996 4.4092 4.0257 3.8426 3.8038 3.8814 3.8367 3.7385 3.5737 3.5286 3.4649 3.4646 3.4473 3.4252 3.4029 3.3705 3.2941 3.3040 3.2944 3.3841 3.4076 3.3910 3.1733 3.1334 3.2162 3.4756 3.5748 3.5630 3.0629 2.3469 
2.3804 5.0552 5.0605 4.6679 3.8882 4.0335 3.8281 3.6475 3.5587 3.4300 3.4096 3.2285 3.4190 3.4021 3.0540 3.1135 3.1492 3.0618 2.9552 3.1978 3.1592 2.9554 3.0352 2.9997 3.0545 3.0530 3.1161 3.2244 2.9636 3.5421 3.7148 3.3387 1.3240 
4.2107 4.7572 4.7555 4.4415 3.9523 3.4526 3.3481 3.6010 3.4716 3.6606 2.8302 3.0391 2.8147 3.1512 2.6593 2.9251 2.8693 2.8537 2.5663 2.9994 2.6061 2.7313 2.4534 3.2171 2.9837 3.0230 2.6481 2.6368 3.0300 3.3519 3.4278 3.0404 1.2014 
4.2040 3.9638 4.9553 4.3489 3.9980 3.9635 3.6759 3.2420 3.2197 3.5559 3.7201 3.3707 3.2331 3.1274 3.2035 3.0144 2.9354 2.9667 3.0953 2.9829 3.0161 3.0524 3.3661 3.1253 2.7094 2.6490 2.9986 3.1556 3.0684 3.2205 3.5870 2.1851 1.8082 
3.7122 3.9676 4.8397 3.8089 2.9923 3.3004 3.6453 2.9872 2.7119 3.2374 2.7166 2.2241 2.3452 1.9862 2.2030 1.9396 2.1896 1.8775 2.0558 1.8436 2.1446 1.9325 2.3500 2.7983 2.2202 2.3692 2.9851 2.4888 1.9971 2.6627 3.4953 2.2503 1.5835 
4.3378 3.7159 4.6248 4.2142 3.9496 3.9447 3.6612 3.7149 3.6253 3.7626 3.2543 3.2147 3.2096 3.1876 3.1620 3.1312 3.0357 3.0772 3.0628 3.0329 3.0015 2.9426 2.8920 3.3169 3.1152 3.1033 2.9936 3.1385 3.0285 3.0823 3.2657 1.8885 1.7095 
5.0573 4.8459 4.9851 4.5337 4.2338 3.9625 3.7073 3.9003 3.7817 3.4270 3.5717 3.5075 3.5198 3.4536 3.4553 3.3907 3.3869 3.3213 3.3559 3.2771 3.2933 3.2020 3.2121 2.9993 3.2396 3.3122 3.0152 3.1532 3.2778 3.4123 3.6005 3.0839 2.4338 
4.9805 4.7964 4.6783 3.9262 3.0196 2.9985 3.0556 2.6567 2.6787 2.9462 2.8144 2.2588 1.9253 1.4476 1.9531 1.6001 1.4914 1.5478 1.8607 1.2575 1.7196 1.9503 2.4589 2.5033 2.1883 2.0664 2.3504 2.1974 2.0582 2.7876 3.3402 3.0637 2.4387 
4.8026 4.7152 4.5355 4.0104 3.7338 3.4788 3.4458 2.4730 2.4606 3.1651 3.4697 3.0482 3.0843 3.0176 3.0053 2.6285 2.6224 2.5853 2.8765 2.8249 2.8483 2.7406 3.0998 2.7388 1.9377 1.8680 2.7387 2.6700 2.7632 2.9039 3.1587 2.9986 2.3673 
4.2442 4.7583 4.3289 3.6869 3.3271 3.2042 2.8405 3.4049 3.2302 3.4651 3.1260 2.8674 2.7236 2.7646 2.7519 2.3689 2.6369 2.3208 2.6496 2.6157 2.5026 2.5901 2.7529 3.0342 2.7173 2.7741 2.1721 2.3935 2.3534 2.5806 2.9911 3.0366 1.9415 
3.2880 4.6133 3.8052 3.1082 2.9283 2.5247 2.8490 2.2050 1.4503 1.7296 2.4012 2.1417 2.1451 2.0042 2.2906 1.9361 2.0543 1.8812 2.1951 1.8410 1.8863 1.8290 2.0422 1.2709 0.9597 1.5862 2.1786 1.7129 1.9547 1.9719 2.3968 2.8591 -1.9421 
3.9506 3.9667 3.0569 2.2471 2.3895 2.1952 2.6201 2.5810 2.3034 1.8236 1.5964 1.9560 2.0592 2.1015 1.8207 1.8641 2.1425 1.8143 1.7164 1.9134 1.8251 1.6646 1.2257 1.4069 1.8099 1.9455 1.9024 1.3768 1.4454 1.0838 1.6367 2.2260 1.2014 
2.7104 3.8325 3.2161 2.3167 2.5220 2.3504 2.4229 2.1893 2.1127 1.4259 1.9029 2.2016 1.9024 1.9721 1.8872 1.7324 1.4828 1.6635 1.7871 1.8209 1.6772 1.8881 1.5406 0.9982 1.5801 1.5638 1.7665 1.5521 1.5639 1.2127 1.8585 2.0926 0.7070 
3.0878 3.1034 2.8937 1.7665 1.8601 1.7924 1.9641 1.4097 1.7520 1.6970 1.6253 1.3454 1.6850 1.7719 0.2683 1.7277 1.4887 1.6536 0.1763 1.5601 1.4455 1.0261 1.2711 1.2507 1.2073 0.7878 1.2869 0.9795 0.9411 0.6407 1.5317 1.3818 0.4083 
2.2067 2.9679 2.8586 2.5749 2.1870 1.9849 0.8458 1.0806 2.0596 1.8882 1.5448 1.5386 1.9075 1.4513 1.3155 1.4735 1.1678 1.4268 1.1781 1.2815 1.6802 1.2513 1.1792 1.4514 1.5372 0.5166 0.1679 1.1821 1.2184 1.4344 1.5031 1.1981 -0.8861 
1.4603 2.7109 2.7419 2.3934 2.3442 2.2363 2.0615 1.8911 1.9811 1.9465 1.9859 1.7822 1.9385 1.1762 1.6961 1.5072 1.6188 1.4554 1.5573 1.0261 1.7230 1.4633 1.6274 1.5172 1.4768 1.3089 1.3795 1.4319 1.4141 1.3044 1.4043 1.0004 -0.5952 
2.7413 2.8765 2.4960 0.9146 1.7206 1.2699 1.4879 1.7804 0.7855 0.9224 1.4370 1.5733 1.9565 1.8933 1.7482 1.8569 1.6318 1.8084 1.6070 1.7385 1.7614 1.3004 1.0672 0.4775 0.2743 1.1462 0.7984 0.4792 0.7535 -0.1938 1.1273 1.1268 0.1613 
3.4242 3.2326 1.8637 2.2928 2.1940 2.0512 1.5359 1.0304 1.8809 1.8794 1.8101 1.5829 1.3297 1.5026 1.7917 1.3703 1.8000 1.2978 1.6637 1.3628 1.0747 1.3075 1.4382 1.4450 1.3866 0.4141 0.8513 1.2402 1.2290 1.1787 0.4383 1.4845 0.9305 
3.5868 3.8364 3.3936 3.4451 3.7391 3.3939 3.3364 3.2007 3.3943 2.8296 3.2147 3.4348 2.9372 1.8353 2.3655 2.7553 1.7888 2.7065 2.2664 1.6578 2.6816 3.1236 2.8601 2.3805 2.8575 2.6219 2.6331 2.5843 2.7701 2.3342 1.9930 2.1047 1.1983 
3.5181 2.8090 3.4665 2.9694 2.7639 2.6296 2.6661 2.4929 2.7177 2.6825 2.9898 2.8888 2.3428 2.2513 2.5041 1.9873 2.3714 1.9345 2.3668 2.0779 2.1244 2.6005 2.6138 2.2521 2.2175 1.8819 1.9604 1.8198 1.8389 1.8289 2.1349 1.0487 0.9917 
2.0873 2.8508 2.1948 2.3569 2.4654 2.7901 2.9915 2.1771 1.9370 2.2945 2.5743 2.0932 1.8896 1.0906 1.9721 1.7741 1.2838 1.7039 1.8681 0.9479 1.6577 1.7987 2.1980 1.8640 1.4320 1.5387 2.2730 1.9850 1.5204 1.2842 0.7827 1.1085 -0.0146 
3.8755 3.9047 3.4231 3.0757 2.7264 2.8203 3.0788 2.5674 2.3534 2.2964 2.6819 1.9512 1.8329 1.8046 2.2140 2.0063 1.3833 1.9432 2.0984 1.6225 1.5826 1.6721 2.3147 1.8698 1.8562 1.9354 2.3691 2.0149 1.7993 1.9538 2.0427 2.1914 1.4037 
4.6825 4.3133 4.6401 4.0260 3.8787 3.6950 3.7629 3.5368 3.4998 3.4595 3.2159 3.3436 3.2920 3.2565 3.1404 3.1286 3.0823 3.0752 3.0359 3.0831 3.0544 3.0348 2.8594 3.0275 3.0042 2.9622 3.0512 2.8846 2.9502 2.9218 3.2869 2.5966 2.2387 
5.0376 4.9286 5.1520 4.1562 4.1917 3.9869 3.5840 3.7071 3.5821 3.7223 3.3827 3.4219 3.3678 3.4052 3.1886 3.3094 3.2093 3.2385 3.0833 3.2028 3.1067 3.1071 3.0069 3.2751 3.0804 3.0959 2.9298 3.1688 3.2122 3.0630 3.8201 3.1953 2.5884 
4.1409 5.3379 5.3122 4.8195 4.1666 3.9785 3.8762 3.7857 3.3549 3.8508 3.6731 3.4339 2.5526 3.0155 2.9148 2.7565 2.4992 2.7085 2.7751 2.8215 2.2881 3.1215 3.3157 3.4208 2.8168 3.1517 3.1619 3.1774 3.1789 3.7202 3.9528 3.5914 -0.7405 
4.5472 4.7055 4.9654 4.8793 4.0969 4.3046 3.6705 3.6856 3.5444 3.4444 3.4500 3.4403 3.3162 3.1630 3.1706 3.2754 3.2957 3.2073 3.0720 3.0139 3.0741 3.1297 3.0844 3.0094 3.0423 3.0853 2.9854 3.4965 3.1516 3.7925 3.5924 2.9984 1.7903 
4.7006 4.3714 5.1536 4.7566 4.3727 4.4380 4.1235 3.9391 3.8938 4.0055 2.8975 3.6661 3.6206 3.6263 3.5313 3.5435 3.5563 3.4888 3.4298 3.4617 3.4096 3.3911 2.5509 3.5656 3.4012 3.3683 3.4275 3.6322 3.4490 3.6315 3.8244 2.6179 1.9393 
4.5894 4.3746 4.6034 4.0366 3.0328 3.8401 3.7897 3.3352 3.2488 3.3674 3.4556 2.7719 2.6236 2.5470 2.4447 2.3909 2.3123 2.3404 2.3283 2.3448 2.3593 2.4763 3.0869 2.9174 2.7291 2.7086 3.0694 3.0347 2.0385 2.9723 3.2159 2.6736 2.1028 
5.2090 5.1509 5.0089 4.6118 4.0920 4.1262 3.8170 3.7878 3.6508 3.7918 3.4920 3.5566 3.4477 3.4137 3.3143 3.3107 3.3147 3.2399 3.1761 3.2160 3.1955 3.2623 3.1233 3.3476 3.1357 3.1541 3.1019 3.3178 3.1441 3.4756 3.6301 3.4302 2.7100 
4.0543 4.6249 5.2407 5.0233 4.4842 3.8603 4.3237 4.1118 4.0519 4.2491 4.0841 3.8463 3.6532 3.8027 3.5835 3.6043 3.5372 3.5533 3.4802 3.5972 3.4301 3.5377 3.7262 3.8207 3.5374 3.5024 3.6258 3.0439 3.5392 3.8865 3.9073 2.8357 1.4480 
5.0181 4.5232 4.5329 4.1412 2.6509 3.4818 3.6471 3.0375 2.5068 3.0395 3.2599 2.1785 2.6975 2.3424 1.8721 1.8544 1.9739 1.7921 1.7774 2.1978 2.4715 1.8622 2.9037 2.6074 1.9788 2.4330 2.9821 2.6666 1.8041 3.0367 3.1591 2.7368 2.5485 
4.8558 5.1722 4.7042 4.7723 4.5229 4.2615 3.5932 3.4743 3.7637 3.8059 3.9182 3.6434 3.3977 3.1086 3.1331 3.2030 3.2227 3.1510 3.0305 2.9604 3.1382 3.3747 3.5523 3.3763 3.2214 2.8760 2.9173 3.4527 3.5601 3.6648 3.3662 3.4462 2.5368 
4.8385 4.6908 4.5015 4.3247 4.2167 4.2819 3.9591 3.4895 3.6994 3.9154 3.3077 3.0911 2.9586 3.1769 3.1955 3.0701 3.1956 3.0232 3.0889 3.0251 2.7021 2.7760 2.9473 3.4806 3.1693 2.8959 3.2646 3.4753 3.2680 3.2193 3.1326 2.9839 2.3492 
5.0519 5.2402 4.5565 4.0194 3.9450 3.3122 3.7475 3.3951 3.1998 3.1227 3.4574 2.8553 2.4671 2.3199 2.3415 1.7671 1.4213 1.6644 2.2384 2.1809 2.2404 2.5841 3.0882 2.6881 2.6897 2.7570 3.0395 2.4955 3.0155 2.9346 3.1573 3.5085 2.5850 
4.9925 4.9302 4.7234 4.4934 4.4057 3.8263 4.1311 4.1240 3.9340 4.2532 3.9296 3.6365 3.6867 3.6380 3.5081 3.5385 3.4200 3.4843 3.4113 3.4701 3.4530 3.3649 3.5585 3.8237 3.4345 3.5111 3.4352 3.0194 3.4761 3.3937 3.4082 3.1521 2.3837 
4.8032 4.4407 5.1783 4.8314 4.3035 4.1033 3.6067 3.8505 3.8090 3.8532 3.3890 3.4772 3.3021 3.4538 3.3807 3.3509 3.2996 3.2774 3.2330 3.2780 3.0618 3.1646 3.0109 3.4219 3.2820 3.2399 2.9375 3.2899 3.3880 3.7338 3.8517 2.7391 2.3217 
4.6528 4.3610 4.5341 4.0152 3.8264 3.5594 3.2038 2.9468 2.5786 2.5498 2.9579 2.7066 2.6769 2.4904 2.4629 2.4644 2.0877 2.3971 2.3443 2.3093 2.4463 2.4086 2.5928 2.0889 2.0353 2.3325 2.5395 2.7544 2.8769 2.9162 3.1585 2.6218 2.0751 
3.7943 4.7129 3.5591 3.4676 3.4786 3.0396 2.7025 2.1373 2.4189 1.9756 2.3496 2.1408 1.5118 1.9562 1.9922 1.9990 1.8953 1.9429 1.8833 1.8039 1.3062 1.8354 1.9865 1.5496 1.9114 1.5307 2.0110 2.2311 2.5541 2.3333 2.1837 2.9948 0.5818 
3.7675 4.7277 3.6986 4.1702 3.8688 3.7058 3.4678 3.4721 3.4131 3.2058 3.1704 3.1151 3.1514 3.0532 3.0770 3.0463 2.9850 3.0015 2.9857 2.8784 2.9371 2.8122 2.8098 2.7649 2.8897 2.8743 2.7568 2.8987 2.9428 3.0407 2.3264 3.0042 -0.2795 
4.0240 4.3811 4.3521 3.8897 3.7282 3.6023 3.4673 3.3917 3.2852 3.2335 3.1778 3.1494 3.1156 3.0461 3.0127 2.9057 2.9391 2.8353 2.8884 2.8676 2.8894 2.8527 2.8183 2.7919 2.7553 2.7561 2.7565 2.7950 2.7624 2.7631 3.0208 2.6696 1.4893 
4.1805 3.8985 3.0171 3.4408 3.2569 3.0540 3.0378 2.7868 2.6942 2.6982 2.6962 2.6360 2.6138 2.5553 2.3601 2.3432 2.5108 2.2885 2.2595 2.3484 2.3526 2.3288 2.3295 2.2659 2.1987 2.2118 2.3332 2.2472 2.3188 2.3254 1.7058 2.1788 1.7371 
3.9218 4.1176 2.9901 3.3935 3.1227 3.0416 2.7736 2.8027 2.7456 2.6149 2.5548 2.4477 2.2653 2.5435 2.4272 2.2959 2.1907 2.2446 2.3138 2.3445 2.0273 2.1755 2.1883 2.1867 2.2403 2.2226 2.1005 2.2354 2.1996 2.2549 1.6829 2.3467 1.2668 
4.1845 3.8015 4.0447 3.4122 3.0450 2.9334 2.6429 2.5103 2.6187 2.4209 2.2959 2.0240 2.2124 2.0560 2.1896 2.3683 2.2291 2.3205 2.0596 1.8785 1.9540 1.7582 1.9251 1.9783 2.1019 1.8966 1.9331 2.1209 2.1067 2.2790 2.7013 2.0525 1.6966 
3.0842 4.2508 3.4048 2.9305 2.4913 2.6508 2.2832 2.1078 2.2619 1.8844 2.2184 2.2514 1.9472 1.5136 1.5817 1.1548 1.8202 1.1079 1.4765 1.3703 1.7502 1.9426 1.8464 1.4499 1.7702 1.4904 1.5744 1.8413 1.5303 1.8083 1.9922 2.5256 1.0068 
4.0458 4.2275 3.1543 2.8062 2.4219 2.5547 2.2202 1.9349 0.6788 1.2396 1.3740 2.0390 1.4646 2.0770 1.7480 0.8741 1.1496 0.7966 1.5980 1.8948 1.2225 1.7698 0.9901 0.7934 0.1252 1.3625 1.5071 1.7472 1.4810 1.7104 1.7857 2.4781 1.5376 
2.6821 2.6709 2.9898 2.6126 2.5610 2.5158 2.5793 2.5917 2.4586 2.2722 1.8340 1.5334 1.8399 1.7836 1.5393 1.3312 1.3939 1.2676 1.4328 1.5791 1.5963 1.2333 1.4618 1.8407 1.9387 1.9577 1.8624 1.7121 1.5775 1.4919 1.6123 0.9816 0.1980 
3.9811 3.6482 3.8013 3.3544 3.2018 2.9394 2.8942 2.7051 2.7365 2.7552 2.5175 2.6113 2.5451 2.5870 2.2907 2.4175 2.4335 2.3548 2.1941 2.3790 2.2891 2.2977 2.1634 2.3269 2.2335 2.1264 2.2050 2.1369 2.2690 2.2326 2.4304 1.9140 1.4945 
3.9678 3.3138 3.5515 2.7505 3.0592 2.9149 2.0608 2.6382 2.3304 2.0960 1.9829 1.7904 1.5115 1.9214 1.9222 0.6609 1.0285 0.6162 1.8130 1.7744 1.2964 1.4751 1.6334 1.6492 1.8193 2.0246 1.3850 2.0966 2.1407 1.6371 2.2285 1.5458 1.5286 
3.9057 3.9433 3.0305 2.7939 2.6782 2.5946 2.5771 2.5169 1.5680 2.1472 2.2639 2.1595 1.9399 2.2252 2.0541 1.8045 1.8188 1.7602 1.9329 2.0427 1.7306 1.8395 1.8996 1.6962 1.0857 1.9053 1.8510 1.7913 1.7611 1.7140 1.6736 2.2160 1.4641 
3.6298 3.9870 3.5099 2.5384 2.6307 2.4803 1.8235 2.9134 2.7538 2.4737 2.2671 2.0448 2.1852 1.8466 2.2497 2.2560 2.0625 2.2093 2.1561 1.6751 1.9259 1.7712 1.8992 2.0302 2.2520 2.3026 1.1351 1.6809 1.6876 1.4239 2.1754 2.2622 0.9835 
2.7496 3.4093 3.5086 3.2239 2.9421 2.6212 1.5438 2.5593 2.1311 1.8853 2.1908 2.2068 2.3414 2.1852 2.1927 2.0493 2.0104 1.9822 2.0611 1.9810 2.1250 1.8935 1.8162 1.4523 1.5912 1.9327 0.8506 1.8121 1.9639 2.1306 2.1795 1.6761 -0.3227 
3.0735 3.6406 3.2640 2.3962 2.9033 2.3500 2.3838 2.1814 2.9075 3.2174 2.6399 2.7857 2.6977 2.5469 2.3937 2.2446 2.3407 2.1989 2.2862 2.3454 2.4660 2.5107 2.2703 2.7775 2.3777 1.5494 1.7130 1.5355 1.9480 1.2791 1.8984 1.9226 0.6920 
3.0343 3.6294 3.4400 2.6159 2.3168 2.0231 2.0359 1.9766 2.0821 2.2546 1.4554 1.6404 0.5866 0.2688 1.6516 1.4650 1.6437 1.4159 1.5327 0.1014 0.3251 1.3684 1.0887 1.8242 1.5479 1.3941 1.3645 1.1947 1.3969 1.4679 2.0828 1.9074 0.5034 
1.6558 3.5032 2.9246 2.7377 2.9836 2.5785 2.2703 1.7671 2.3061 1.7999 2.1055 1.7372 2.0168 1.8971 2.0907 1.3225 1.5661 1.2522 1.9535 1.7514 1.8011 1.4241 1.7532 1.3704 1.8069 1.1371 1.5579 1.7702 2.0081 1.6297 1.5825 1.7879 -0.4967 
2.3662 3.1130 2.3395 2.5388 2.6805 2.4993 2.3705 1.9270 1.4286 1.4728 1.7469 1.9517 1.0370 1.8648 1.9291 1.4038 1.6303 1.3589 1.8241 1.7031 0.7855 1.6745 1.3795 1.0369 0.9142 1.3589 1.6953 1.6929 1.7618 1.4264 0.9833 1.4068 -0.0947 
1.3670 2.6167 3.1573 2.6278 2.3718 2.7376 2.5813 1.9720 1.5661 2.1124 1.9355 1.6354 1.7825 1.4546 1.6213 1.5762 -0.0608 1.5244 1.5110 1.2903 1.5256 1.3650 1.5585 1.6651 1.0647 1.4002 1.8629 1.9304 1.4349 1.4963 1.8307 0.8494 -0.8240 
1.8465 2.9793 3.2699 2.8370 2.6222 2.7107 1.9936 2.3858 2.2573 2.3045 2.1975 2.3181 2.1376 1.8712 1.8785 1.8643 1.5174 1.8157 1.7845 1.7118 1.8797 2.0185 1.8210 1.8704 1.7673 1.8086 1.3093 1.9026 1.6708 1.7414 1.9190 1.2168 -0.2123 
2.2923 2.8049 2.0956 2.2235 2.1920 2.6569 2.5853 1.9377 1.3883 1.9243 1.5762 1.7082 1.7041 1.1663 1.6117 1.3452 1.0985 1.2560 1.5023 1.0168 1.4515 1.4094 1.2128 1.4932 0.8280 1.3698 1.8655 1.8536 1.2351 1.0937 0.6842 1.0728 0.1164 
3.2389 2.9100 2.0361 1.5886 1.9310 2.5446 2.5270 2.1006 1.9486 2.1383 1.1571 1.6321 1.4802 0.9827 0.7443 0.9685 0.9303 0.8949 0.6424 0.7838 1.2463 1.3635 0.7979 1.6910 1.4513 1.4882 1.8224 1.7392 1.0125 0.5099 0.6681 1.1314 0.7258 
3.1243 2.4638 2.6472 2.8268 2.4797 2.2621 1.7940 1.8012 1.6229 1.6410 2.0468 1.8733 1.5806 1.3760 1.2487 1.6533 0.8634 1.5847 1.1319 1.1701 1.3760 1.5638 1.6906 1.1993 1.1114 1.1795 1.0762 1.4512 1.5323 1.7381 1.3260 0.6874 0.6298 
3.1254 3.4676 3.0461 3.4163 2.7957 2.5174 2.7052 2.3048 2.3970 1.6128 1.7011 1.7020 1.5962 1.4228 1.5209 1.5293 1.5516 1.4752 1.4159 1.2427 1.3853 1.4039 1.3491 1.1686 1.8882 1.7234 2.0023 1.7137 1.8522 2.2912 1.6885 1.7582 0.5105 
2.9524 2.5442 2.8029 3.0412 2.7511 1.4934 2.8040 1.9047 2.3896 2.1850 2.0421 0.3295 0.6499 1.3973 1.7384 1.2632 -0.6378 1.1877 1.5962 1.2031 0.4217 0.0162 1.6889 1.7519 1.8825 1.3129 2.1364 0.6158 1.8331 1.9148 1.4857 0.7467 0.2432 
2.8828 2.8870 2.9033 2.7027 2.4736 2.2014 1.8934 1.9280 1.8586 2.0459 2.1400 2.1787 1.5003 1.9873 0.1771 1.5152 0.5160 1.4606 0.1551 1.8290 1.2572 1.8571 1.7783 1.6073 1.3700 1.3651 1.1826 1.3996 1.5138 1.5899 1.5393 1.1425 0.3803 
3.7277 3.1609 3.1529 2.8946 2.3455 2.6161 2.6166 2.3588 2.1913 1.4663 2.0326 1.8120 0.7340 1.4579 1.9534 1.5814 1.0558 1.5248 1.8543 1.2939 0.5464 1.4954 1.6780 1.0419 1.6552 1.7895 1.9089 1.8094 1.4255 1.7894 1.8227 1.4166 1.1628 
3.0057 2.8757 2.1703 2.9910 2.9707 2.4078 2.3757 2.1912 2.1720 1.9550 1.5335 1.8547 1.2508 1.6222 2.1176 1.9414 1.5173 1.8876 1.9775 1.4559 1.0142 1.5427 1.1637 1.5246 1.6298 1.5606 1.7030 1.6014 1.9931 1.8638 0.8087 1.1342 0.5745 
2.7125 2.8882 2.2268 2.8578 2.7082 2.8934 2.7662 2.6149 2.2300 1.9898 2.1081 1.9540 1.3952 1.9322 1.7672 1.8119 1.8851 1.7698 1.6201 1.7829 1.1329 1.6736 1.7561 1.5472 1.7267 1.9904 2.0947 2.0853 1.7892 1.7730 0.8891 1.1521 0.2081 
3.1457 3.3362 3.1680 2.8125 1.5429 1.8382 2.2088 2.1360 1.8980 1.0359 1.4376 1.6618 1.4346 1.7427 1.5428 1.4351 0.7055 1.3911 1.4444 1.5392 1.1824 1.3769 1.0786 0.6196 1.4002 1.5101 1.4918 1.0347 0.6096 1.7237 1.8369 1.5631 0.4204 
2.0822 3.2135 2.8648 2.9006 2.9765 2.7678 2.4055 2.3440 1.9943 2.2192 2.2496 1.6473 2.0296 2.3257 2.1418 1.9830 1.8447 1.9320 1.9970 2.1782 1.8112 1.3692 1.8789 1.7907 1.4890 1.7748 1.7325 1.9612 1.9988 1.7974 1.4941 1.4853 -0.8242 
2.9916 3.0715 0.5380 3.2870 2.9802 2.7567 2.4856 1.9918 1.4566 1.8563 1.8926 2.2293 2.2180 1.9011 2.0199 1.7564 2.0576 1.6807 1.9066 1.7506 1.9603 1.9196 1.5263 1.4248 0.9630 1.4103 1.7959 1.9489 1.9972 2.1922 -0.2188 1.3510 0.3643 
3.1010 2.8572 2.6246 2.7164 2.2453 2.2703 1.4793 1.0689 1.7871 1.8623 1.7488 1.4455 1.4678 0.8415 1.1596 1.5521 1.7551 1.5060 1.0563 0.6596 1.2328 1.1341 1.3792 1.4304 1.2567 0.5022 0.7843 1.4595 1.3172 1.5993 1.2891 1.1059 0.6372 
3.2830 2.9087 2.9099 3.2538 2.5059 2.2740 1.8875 1.7480 2.0263 2.0098 1.3200 1.8102 2.0230 2.0881 1.6341 1.7965 1.7282 1.7473 1.5147 1.9033 1.8059 1.4979 0.9621 1.5693 1.5125 1.1221 1.1863 1.4610 1.5434 2.1678 1.5417 1.1435 0.6955 
3.1940 3.1081 2.8251 2.6137 2.0093 1.0908 1.6909 2.2793 1.9421 1.3773 1.2323 1.0320 1.5341 1.5425 0.2352 1.6962 1.6724 1.6247 0.1611 1.3940 1.3202 0.7272 0.8776 0.9431 1.4370 1.6906 0.9973 0.2946 1.0653 1.4887 1.4748 1.3776 0.6119 
3.2792 2.9912 2.2338 2.9057 2.5928 2.1838 1.8888 1.1247 1.2580 1.2510 1.3968 1.4220 1.8646 1.4486 1.8825 1.5855 1.5281 1.5331 1.7882 1.2808 1.6249 1.1163 1.0224 0.8140 0.7296 0.5553 1.1860 1.3763 1.6222 1.8023 0.8403 1.2110 0.7468 
2.3951 2.2572 1.6354 1.7814 2.0213 2.1127 2.0033 1.5349 0.7310 1.7526 1.9311 2.0693 1.8760 1.5931 0.4950 1.5223 1.9885 1.4702 0.3740 1.4309 1.6399 1.7859 1.5584 1.3072 0.2313 0.9631 1.3316 1.3126 1.0870 0.6503 0.2896 0.5076 -0.1988 
2.9382 2.3749 2.0929 2.7433 2.4207 2.3938 1.9850 2.0935 2.0681 1.3973 1.4917 1.1259 1.3702 1.4263 1.2615 1.4691 1.8511 1.4216 1.1342 1.2453 1.1094 0.8288 1.1237 0.9658 1.5398 1.4848 1.3160 1.5837 1.4823 1.6356 0.7069 0.6241 0.3887 
2.0678 2.4700 2.1751 2.3461 2.3098 2.1907 2.1561 1.0755 1.6944 1.8458 1.9288 1.9428 1.4658 2.0817 1.9636 1.9385 1.6468 1.8835 1.8610 1.8993 1.2334 1.6526 1.5549 1.4150 1.1615 0.4824 1.4395 1.3831 1.3864 1.2457 0.7898 0.7291 -0.5265 
3.1549 2.3470 1.0207 2.2542 1.7099 1.6579 1.5227 1.9413 1.5874 1.9780 1.7249 1.7513 1.7619 1.7579 1.6341 1.4267 0.5510 1.3825 1.5161 1.5447 1.4955 1.4339 1.3661 1.5418 1.0840 1.3740 0.8199 0.8682 0.7531 1.1300 -0.4439 0.5848 0.6459 
1.5353 2.1956 1.8136 2.4281 1.9763 1.7573 1.1207 1.6274 1.5001 1.7738 1.1976 1.7869 1.7111 1.3593 0.8120 0.9722 1.4319 0.9115 0.6982 1.1435 1.4613 1.4708 0.8335 1.3332 1.0018 1.0368 0.4382 0.9542 1.0532 1.3401 0.5133 0.4234 -2.8897 
2.1475 2.2162 2.2824 2.0108 1.7447 1.9110 1.6922 1.7381 1.8513 1.1502 1.5704 2.0252 1.8614 1.2025 1.5945 1.8461 1.5724 1.7997 1.4867 1.0355 1.6206 1.7557 1.2108 0.7249 1.3618 1.1127 0.9919 1.0971 0.7682 0.9041 0.9502 0.4934 -0.6303 
1.9729 2.7468 2.2852 2.3121 2.2535 1.6596 1.7863 1.5294 1.8809 1.1499 1.5815 1.2414 1.5659 1.0201 1.4037 1.3807 0.2266 1.3185 1.2907 0.8326 1.3663 0.9648 1.2263 0.7113 1.3858 0.9636 1.0691 0.8391 1.3266 1.2097 0.9348 1.0285 -0.1784 
2.4587 2.8896 2.8388 2.4346 2.4937 2.3338 1.7357 1.4794 1.7774 1.3015 1.5270 1.1368 1.2506 1.6535 1.8334 1.8674 1.8211 1.8197 1.7317 1.4798 1.0197 0.8566 1.1545 0.8563 1.2428 0.8876 1.0291 1.5239 1.5379 1.3456 1.4838 1.1556 -0.2280 
2.6915 1.7617 1.8522 1.3729 1.4797 1.4981 1.4288 1.3254 1.1292 1.4891 1.3541 0.6014 1.2344 0.9172 1.4111 0.4156 1.2765 0.3406 1.2974 0.7161 1.0096 0.2925 0.9843 1.0554 0.6198 0.7115 0.7265 0.6819 0.5747 0.2486 0.5618 -0.0109 0.1302 
3.1584 3.4618 3.1352 2.9949 2.3517 2.2818 1.9391 2.0215 1.9585 1.7802 1.3272 2.0501 1.2527 1.5777 1.4350 1.6117 1.3630 1.5474 1.3319 1.4228 1.0164 1.7750 0.9756 1.3468 1.4556 1.4365 1.2477 1.4764 1.4309 1.8623 1.7991 1.7393 0.5875 
3.5197 3.5623 2.8978 2.8180 2.2864 0.8729 1.7922 1.1355 1.5653 1.5179 1.5493 1.3771 1.9116 1.8919 1.2402 1.2192 0.8722 1.1501 1.1122 1.7411 1.6932 1.0600 1.1899 1.0831 1.0550 0.5467 1.0658 -0.0592 1.3629 1.7437 1.5269 1.8265 0.9254 
1.9663 2.8837 3.1145 3.0540 3.0484 2.5800 2.3186 2.5988 2.2545 2.2566 1.9034 1.9921 2.2243 2.0020 1.8567 1.8209 1.3349 1.7778 1.7644 1.8405 1.9686 1.7207 1.5360 1.8268 1.7622 1.9728 1.6252 1.7724 2.1125 1.9340 1.7870 1.1548 -0.1624 
2.7321 3.4440 2.8006 3.4304 2.5280 1.8726 1.9676 1.9378 1.5089 2.0565 1.7783 1.4073 1.7631 1.1478 1.6111 0.9395 1.0933 0.8637 1.4995 0.9981 1.5000 1.0893 1.3983 1.6157 1.0103 1.3700 1.2991 1.0716 1.5448 2.3065 1.4564 1.7049 -0.6367 
3.1881 3.1330 2.7932 3.1984 2.6832 2.2117 2.0400 1.2609 2.1655 1.9797 1.6354 1.7862 1.6706 1.9999 1.5788 1.8933 -0.1439 1.8415 1.4756 1.8371 1.4366 1.4663 1.2787 1.5402 1.6213 0.6620 1.3701 1.4069 1.7618 2.1083 1.4708 1.3996 0.6851 
2.2479 3.3074 3.0933 3.4002 3.0510 2.5532 2.3078 2.2765 2.5500 2.0616 1.5377 1.7808 1.9444 1.8881 1.6359 1.9562 1.2949 1.9077 1.5194 1.7337 1.7391 1.4610 1.1686 1.6202 2.0081 1.6899 1.6098 1.7472 2.1116 2.2677 1.7598 1.5541 0.2725 
