0.7529 1.8593 1.7029 0.5471 1.4949 0.5371 1.8225 1.2842 1.2286 0.6821 1.2323 1.6065 0.5861 0.6878 1.0797 0.7831 0.8667 0.7292 0.9886 0.5448 0.3211 1.3376 0.8877 0.2584 0.7253 0.6839 1.1298 -0.2187 0.5957 -0.6069 0.3517 0.1926 -1.9452 
2.2038 1.7250 1.5993 1.0507 1.4454 1.0085 1.7849 1.8647 1.1338 1.5984 1.1158 1.3135 1.5409 1.2685 1.5174 1.3330 0.5259 1.2593 1.4173 1.0926 1.3353 1.0193 0.7477 1.1666 0.6298 1.2816 1.0852 0.2098 0.5395 -0.0637 0.2796 -0.0414 -0.3061 
1.6075 1.5343 1.8308 1.1316 1.2103 1.2923 1.4424 1.5602 1.0305 1.1768 0.3223 1.2442 1.3929 1.4284 1.3695 0.7848 -0.3942 0.7328 1.2245 1.2505 1.1413 0.9782 -0.0273 0.7498 0.5374 0.9988 0.7475 0.4969 0.3026 0.0262 0.5196 -0.1024 -0.9928 
2.0027 1.5140 1.5468 1.7848 1.0941 1.3945 1.1099 1.0916 1.5319 0.5248 0.7481 1.1223 1.2320 1.1412 1.0286 1.1125 1.3862 1.0623 0.9251 0.9923 1.0141 0.8322 0.3920 0.0705 1.0363 0.5281 0.4319 0.6016 0.2010 0.6728 0.2629 -0.1907 -0.4976 
2.5184 2.2302 1.7743 1.3878 1.3976 1.6313 0.7128 1.5851 1.6602 1.8321 1.5884 1.5869 1.5090 1.0139 0.3943 1.1969 1.3264 1.1432 0.2802 0.8272 1.2870 1.3186 1.2343 1.4098 1.1451 1.0174 0.0568 0.8368 0.4666 0.2752 0.4140 0.5116 -0.0004 
1.5719 1.7673 1.5807 1.0792 1.0471 0.7036 0.9920 1.1463 0.9121 1.2005 0.7121 0.5393 0.6750 0.7900 0.5543 0.1580 0.0077 0.0980 0.4098 0.6328 0.4341 0.2413 0.3474 0.7702 0.3815 0.5856 0.2917 -0.0750 0.1284 -0.0294 0.2736 0.0358 -0.8233 
2.1652 1.6568 1.2538 1.3904 1.5302 1.5143 1.4314 1.4004 1.1540 1.5668 1.6714 1.6707 1.4214 1.2351 0.9820 1.0152 0.6967 0.9728 0.8415 1.0683 1.1728 1.3906 1.3258 1.1432 0.6603 0.7876 0.7409 0.7182 0.6257 0.2721 -0.0955 -0.0868 -0.3456 
1.9261 2.0903 1.7244 1.2345 1.3803 1.5883 1.7700 1.6619 1.4669 1.5569 0.5750 1.3828 1.5428 1.4783 0.9952 1.3816 0.2121 1.3186 0.8705 1.3207 1.3437 1.0706 0.2198 1.1394 0.9798 1.0713 1.0664 0.8020 0.4463 0.1341 0.3729 0.4036 -0.5559 
2.1706 1.7883 1.6195 1.3765 0.9957 1.5003 1.0685 0.6572 1.4408 1.4556 1.1039 0.9368 1.4470 1.2959 1.3316 1.2164 1.4141 1.1531 1.1920 1.1125 1.2065 0.6372 0.7424 1.0315 0.9585 0.0619 0.3692 0.7095 0.0568 0.2670 0.2928 0.0585 -0.2960 
1.9336 1.7235 1.7414 1.5009 1.4315 1.4691 1.2146 1.1363 1.1735 1.1763 1.4607 1.0674 1.0099 1.0221 0.6102 0.9971 1.3817 0.9463 0.4983 0.8411 0.7534 0.7594 1.0983 0.7497 0.6829 0.5768 0.5576 0.6762 0.5119 0.3966 0.3972 -0.0276 -0.5294 
2.4974 1.9044 1.6660 1.5110 1.6495 1.7679 1.2735 1.1355 1.0786 0.8920 0.7696 0.7435 1.1421 1.3682 1.1129 0.0376 0.3352 -0.0181 1.0134 1.1568 0.9379 0.4548 0.4136 0.4583 0.5921 0.5790 0.6033 0.9737 0.7265 0.4134 0.3401 0.2028 0.0323 
1.7212 1.7087 1.5599 1.6471 1.6189 1.3143 0.5696 0.5765 1.0802 1.4873 1.4611 1.2390 1.4571 1.4258 0.8246 0.8794 1.0123 0.8115 0.7083 1.2456 1.2212 0.9745 1.0990 1.0624 0.5977 -0.0498 -0.1316 0.5178 0.6965 0.5806 0.2529 -0.0181 -0.7241 
1.8766 1.4712 1.3591 1.5108 1.3781 1.5427 1.5868 1.2321 0.9801 1.0562 1.3781 1.4920 1.2024 0.4999 0.2615 0.6583 0.5359 0.6127 0.1738 0.3141 0.9954 1.1920 1.0106 0.6336 0.4519 0.6485 0.9299 0.7506 0.4282 0.4165 0.0125 -0.2309 -0.5603 
2.1048 1.7612 0.4740 0.3929 1.1974 0.7860 1.3999 1.3690 0.5630 0.7844 0.3332 1.3586 1.1804 1.0774 0.9910 0.8392 0.8725 0.7748 0.8618 0.9184 0.9832 1.0452 -0.0361 0.3548 0.0195 0.7465 0.7032 -0.0200 0.2834 -0.6590 -0.8308 0.0014 -0.3587 
1.3555 0.9183 0.7431 0.9476 0.9721 1.3402 1.2034 0.9870 1.2027 1.0006 1.2649 1.5086 1.3875 1.3276 0.9491 0.4046 1.0387 0.3497 0.8047 1.1365 1.1341 1.2130 0.9189 0.5803 0.7034 0.3687 0.5448 0.5512 0.0179 -0.1561 -0.5641 -0.8418 -1.1108 
1.0349 1.6555 1.3572 1.5408 1.4009 0.8551 1.1400 0.9008 0.8036 1.0779 0.9185 1.2231 0.4924 -0.0441 0.7136 0.9500 -0.1759 0.8747 0.6158 -0.1797 0.2628 0.9558 0.5776 0.6565 0.3000 0.3082 0.4623 0.0762 0.4801 0.4462 0.0008 -0.0318 -1.1276 
2.3447 1.9807 1.7811 1.3872 1.5607 1.4212 1.4307 1.4612 1.1775 1.4499 1.2259 0.8874 0.2713 1.3767 1.0821 0.9719 0.7383 0.8964 0.9887 1.1719 0.0512 0.6053 0.8734 1.0268 0.6832 0.8757 0.7411 0.6271 0.6531 0.2753 0.4322 0.2735 -0.0944 
1.4838 1.4604 -0.0539 1.1966 0.2040 0.6059 -0.0432 0.7072 0.9136 1.0550 0.8078 1.1783 1.0872 0.7640 0.8697 0.2966 0.1153 0.2468 0.7478 0.6159 0.8550 0.9075 0.4543 0.6310 0.3859 0.1465 -0.6751 -0.1796 -0.7918 0.1351 -1.3063 -0.2185 -0.8969 
1.0395 1.5036 1.0978 1.3523 0.6137 0.9755 1.1668 1.0689 0.7886 0.8358 0.5888 1.1095 0.4351 1.1186 0.5471 1.3149 0.2119 1.2453 0.3933 0.9775 0.2194 0.8102 0.2242 0.3986 0.2973 0.4807 0.5079 0.1831 -0.3286 0.2489 -0.2180 -0.1771 -1.5411 
2.8686 3.2962 3.3770 3.0344 2.7624 2.9759 2.7554 2.1665 2.7307 1.0691 2.1515 0.9988 1.9901 1.7666 1.6343 1.5661 1.3887 1.5014 1.5149 1.5601 1.7770 0.6669 1.7790 0.7097 2.2349 1.5697 2.0961 2.1768 1.8361 1.9177 2.0461 1.5260 -0.6089 
1.1537 2.6225 2.2416 2.2396 2.0649 1.9616 2.5662 2.2985 1.8595 1.8823 1.6117 0.8552 0.8705 1.1224 1.1919 0.8420 0.6166 0.7789 1.0868 0.9779 0.6417 0.5841 1.2597 1.4571 1.3759 1.7282 1.8629 1.1685 1.1265 1.1417 0.9468 0.9398 -0.8065 
3.4823 3.1849 2.9085 2.6537 2.5126 2.5941 2.7979 2.5914 2.3772 2.0374 2.3771 2.0033 1.8497 1.9057 1.3666 1.5423 1.8621 1.4962 1.2148 1.7632 1.6099 1.7377 2.0238 1.6071 1.8799 1.9783 2.1443 1.8059 1.5616 1.5566 1.5474 1.4756 0.9971 
3.7517 3.2531 3.0366 2.8082 2.5663 2.4894 1.6302 2.3086 1.8542 2.0219 1.8316 1.8891 1.7915 1.8230 1.8751 1.6577 1.1997 1.5876 1.7827 1.6446 1.5392 1.5918 1.4633 1.5916 1.3750 1.7443 0.9638 1.6977 1.6113 1.7439 1.7546 1.5729 1.2682 
4.4789 4.4879 4.2394 3.8084 3.6580 3.5577 3.6353 3.3071 3.3255 3.1063 3.1572 3.0918 3.0248 3.0046 2.9769 2.9572 2.8977 2.8843 2.8479 2.8215 2.7802 2.7946 2.8039 2.6808 2.7927 2.7033 2.9699 2.7697 2.7271 2.7085 2.9381 2.7612 2.0054 
4.5789 4.1014 4.1871 3.9034 3.7390 3.5826 3.4764 3.5281 3.5851 3.2922 3.0952 3.1254 3.0945 3.1177 3.0731 3.0368 3.0164 2.9912 2.9790 2.9705 2.8744 2.8380 2.7322 2.8512 3.0860 2.9703 2.7897 2.7898 2.7809 2.8118 2.8562 2.3478 2.0985 
4.8050 4.5828 4.3350 4.1543 3.9522 3.7856 3.6216 3.7227 3.4351 3.8026 3.6383 3.4978 3.4059 3.3808 3.2750 3.2307 3.1881 3.1647 3.1412 3.1863 3.1557 3.2019 3.2892 3.3825 2.9542 3.1110 2.9664 2.9925 3.0410 3.0425 3.0227 2.8582 2.2914 
4.7124 4.3934 3.8731 3.8104 3.6217 3.4642 3.3714 3.1600 3.0525 2.9806 2.4177 1.8843 1.9332 1.5851 1.4456 1.7654 1.8976 1.6865 1.3422 1.4375 1.7279 1.5879 2.0636 2.5628 2.5685 2.5964 2.6702 2.6731 2.6971 2.7071 2.5656 2.6654 2.2204 
4.2253 3.9197 3.6022 3.2596 3.0563 2.8817 2.9816 3.0050 2.5670 2.5462 2.9568 2.5938 2.8069 2.6204 2.2090 1.4827 1.8492 1.4342 2.0974 2.4427 2.5949 2.2850 2.5888 2.1044 2.0386 2.4020 2.2808 2.0971 2.1610 2.1761 2.2733 2.2010 1.7112 
2.7205 3.2691 2.7283 2.2764 2.1881 2.0286 1.9329 1.9331 1.9596 1.8377 1.3142 1.3018 1.8212 1.7627 1.2529 1.5236 1.6242 1.4717 1.1427 1.5524 1.5727 1.0177 0.9802 1.4100 1.4692 1.3738 1.2728 1.2354 1.2555 1.2012 1.4364 1.5431 0.5107 
3.2415 3.4744 2.8946 2.4208 1.8235 0.6910 2.0552 2.1801 1.6891 1.3990 1.4078 1.4849 1.0462 1.0775 1.1698 0.7099 0.8903 0.6438 1.0739 0.9136 0.8123 1.1907 1.0475 0.9819 1.1705 1.5630 1.3897 -0.0905 0.9212 1.3641 1.5375 1.7808 0.5872 
2.1198 2.9860 2.6090 1.5773 1.5775 1.7224 1.8292 1.7950 1.8477 1.8171 1.4858 1.3470 1.3351 0.7846 1.3899 1.5391 1.5209 1.4869 1.2629 0.6290 1.0848 1.0379 1.1235 1.3961 1.3697 1.1815 1.1390 0.9249 0.6678 0.5173 1.2819 1.2722 -3.2009 
2.9736 2.6671 1.8290 1.8051 1.9402 1.4469 1.7850 1.3791 1.7501 1.2014 1.5619 1.6351 1.3728 1.1565 1.7117 1.1486 1.1388 1.0968 1.5743 1.0117 1.1154 1.3702 1.2116 0.7820 1.2137 0.7677 1.0847 0.6630 1.0377 0.7145 0.4898 0.9917 0.5828 
1.5099 2.3600 2.0910 1.9095 1.8366 1.6556 2.1643 1.5372 1.4002 1.7697 1.5347 1.3419 1.5238 0.7068 1.0516 1.0034 0.5584 0.9522 0.9593 0.5482 1.3081 1.0325 1.1661 1.3360 0.8932 0.9722 1.4583 0.8753 0.9304 0.8247 0.7476 0.6732 -1.3291 
2.3079 1.0103 1.9967 1.9339 1.5535 1.9364 1.6865 1.5244 0.9995 1.4836 1.4323 1.0772 1.2527 1.0373 1.1188 1.1336 -0.0693 1.0783 1.0201 0.8623 1.0278 0.7762 1.0666 1.0574 0.4961 0.9564 1.0072 1.1433 0.6593 0.8507 0.6884 -0.6154 -0.1136 
1.2470 2.2244 1.5656 1.5099 0.9395 0.6555 -0.3072 0.7857 -0.0731 1.0365 1.0731 1.5605 1.4712 1.5718 1.1129 1.3049 -0.6627 1.2353 1.0134 1.4194 1.2387 1.2884 0.7140 0.6139 -0.5823 0.2200 -0.9939 -0.1374 -0.0156 0.4099 0.2460 0.5471 -1.2221 
3.8375 3.9346 3.6107 3.6069 3.2648 3.0405 2.9507 3.3613 3.2539 3.1749 3.3641 3.1212 2.9313 2.7100 2.4314 2.3223 1.8217 2.2671 2.3150 2.5644 2.6775 2.8310 2.9967 2.7417 2.7338 2.7384 2.2491 2.2450 2.3319 2.5552 2.2983 2.2250 1.1672 
3.1303 2.7991 3.3859 2.3399 2.1888 2.5205 2.7281 2.2958 2.5185 2.7486 2.7017 2.2139 2.0740 1.8611 1.5946 1.8886 1.2769 1.8407 1.4840 1.7034 1.8371 1.9120 2.3363 2.3307 1.9899 1.7269 2.0510 1.7270 1.2402 1.2331 2.0495 1.1385 0.6726 
3.1101 3.0225 3.2805 2.7298 2.2447 1.7180 1.8348 2.7771 2.4013 2.3878 2.6887 1.9695 1.4857 1.6050 1.0986 0.7435 0.0968 0.6931 0.9982 1.4428 1.2549 1.6976 2.3300 1.9555 1.8973 2.2087 1.1431 0.9244 1.3427 1.6341 1.9399 1.3523 0.5877 
3.3585 3.5255 3.3729 2.8545 2.6166 2.6286 2.9548 3.2101 2.5043 2.6974 2.5874 2.4753 2.4623 2.5109 2.3327 2.2300 2.2372 2.1860 2.2294 2.3219 2.2325 2.1911 2.2188 2.2739 1.9730 2.6295 2.2541 1.8381 1.7047 1.7789 2.0280 1.8401 0.8265 
4.4262 3.9797 4.1467 3.4457 3.1487 3.0690 3.2702 2.7984 2.6879 2.9688 1.7347 2.2005 2.1915 2.1870 2.0851 2.1727 2.2117 2.1090 1.9497 1.9913 1.9376 1.8918 1.3500 2.5402 2.1970 2.2158 2.5944 2.2772 2.2387 2.3306 2.8041 2.2535 2.0259 
4.6513 4.4266 4.7606 4.2092 3.6626 3.4097 3.6082 3.5722 3.3244 3.0373 2.9713 2.6229 2.3862 2.3931 2.2066 2.2344 2.2704 2.1893 2.0910 2.2324 2.1798 2.3173 2.6030 2.6141 2.7940 3.0029 2.9559 2.6129 2.7197 3.0949 3.4488 2.7273 2.2088 
4.2808 4.5547 4.7992 4.3128 3.8221 3.6604 3.6398 3.5333 3.4095 3.7630 3.8133 3.3752 3.1572 3.1650 2.9044 2.9812 2.9797 2.9289 2.7667 3.0117 2.9626 3.0639 3.4488 3.3376 2.9182 2.9762 2.9722 2.8718 2.9019 3.2106 3.4768 2.8483 1.8971 
3.9618 4.3473 4.6576 3.8645 3.2403 3.2804 3.8139 3.9084 3.0312 3.8572 3.4526 2.7481 2.8016 2.2967 2.7423 2.3725 2.3707 2.3211 2.6441 2.1544 2.5912 2.4687 3.0880 3.4332 2.5577 3.3497 3.1243 2.4861 2.3057 2.7417 3.3590 2.6750 1.6213 
3.8289 4.2093 4.4355 3.3980 3.0761 3.1917 3.5240 2.7344 2.4803 3.1653 3.1543 2.4988 2.0896 1.4287 1.9574 1.4213 -0.1392 1.3931 1.8664 1.2910 1.8630 2.2102 2.8035 2.7352 1.9432 2.1775 2.8475 2.3918 2.1658 2.2562 3.1043 2.5631 1.3895 
2.6467 4.2343 4.0913 3.2621 3.1022 2.9233 3.0355 3.2241 2.8698 2.8502 2.7764 2.5466 2.4749 2.3331 2.3311 2.3108 2.2866 2.2586 2.2286 2.1851 2.2407 2.2343 2.4216 2.4195 2.3516 2.6399 2.3437 2.1324 2.1971 2.1739 2.7431 2.5644 0.0681 
4.5805 4.3250 4.5569 4.1306 3.8195 3.6633 3.5619 3.3899 3.3455 3.4181 3.2416 3.2376 3.1743 3.1338 3.1096 3.0826 3.0679 3.0321 3.0081 2.9890 2.9722 2.9661 2.8926 2.9958 2.8115 2.7817 2.9005 2.8702 2.9033 3.0184 3.2158 2.6342 2.1560 
3.9275 4.6457 4.6411 4.2208 3.7931 3.7982 3.8666 3.6783 3.1053 2.9574 3.2068 3.2825 3.1260 3.1108 3.1294 3.0936 3.0021 3.0418 3.0289 2.9655 2.9177 2.9922 2.8595 2.5182 2.6087 3.0764 3.1766 3.0070 2.8560 3.1186 3.3395 2.9743 1.6901 
3.4399 4.3687 4.3821 3.6543 3.2475 3.1270 3.5125 3.2590 3.0717 3.2274 2.9927 2.6596 2.6236 2.5232 2.3114 2.5550 2.4258 2.4817 2.2098 2.3303 2.3769 2.3537 2.6232 2.7952 2.5850 2.6623 2.8367 2.3360 2.3183 2.5733 3.0704 2.6692 0.2442 
4.2994 4.0422 3.8739 2.7729 2.8282 2.6859 2.6918 2.4294 2.0337 1.6793 2.3208 2.2823 2.0929 2.1268 2.0058 1.8955 2.0270 1.8461 1.8942 1.9341 1.8557 1.9828 1.9611 1.2909 1.5217 1.8291 2.0097 1.9085 1.9118 1.7027 2.5810 2.3075 1.8086 
4.1936 3.9524 2.9770 2.8299 2.8131 2.6440 2.1853 2.3477 2.4777 2.4419 2.3746 2.3267 2.2832 2.2736 2.1347 2.2131 2.1031 2.1709 1.9939 2.1198 2.0580 2.0351 2.0230 2.0073 1.9558 1.7904 1.4860 1.8506 1.8932 1.7699 1.5915 2.2481 1.7601 
3.4615 3.4565 3.5949 3.3279 3.0874 2.9748 2.9105 2.7678 2.5612 2.5882 2.5744 2.5398 2.4822 2.4326 2.3394 2.2984 2.3330 2.2473 2.2407 2.2627 2.2453 2.2296 2.2069 2.1681 2.0286 2.2009 2.2196 2.1819 2.1830 2.2213 2.2818 1.7747 1.0090 
2.1764 3.3085 3.3830 2.9264 2.6488 2.5407 2.3588 2.3621 2.3062 2.2879 2.2155 2.1183 2.1919 2.0217 2.1182 1.9907 1.8538 1.9357 1.9801 1.8550 1.9384 1.8180 1.8504 1.8626 1.8139 1.8001 1.6997 1.7487 1.7444 1.8230 2.0505 1.6112 -0.4053 
3.2011 3.2276 3.1236 2.5919 2.4189 2.3487 2.2885 1.6889 1.5393 1.8201 1.8505 1.2513 1.6145 1.4835 1.7864 1.6729 1.8048 1.6044 1.6586 1.3350 1.4026 0.9797 1.4871 1.3987 1.0457 1.0867 1.5986 1.5545 1.4974 1.4827 1.8119 1.5246 0.7207 
2.5464 2.8529 2.3002 2.0480 1.8092 1.8253 1.9683 1.1788 1.6271 1.4272 1.4526 1.4911 1.1989 1.5007 1.0742 1.3550 1.2577 1.2824 0.9850 1.3541 0.9966 1.1942 1.0894 1.0092 1.1278 0.5870 1.3100 1.0374 0.8854 0.9898 0.9804 1.1673 0.0102 
2.8379 2.9943 2.6329 2.2605 1.8976 1.8075 1.9748 1.8561 1.5843 1.7749 1.2156 1.8336 1.8686 1.4013 1.4234 1.2069 1.5578 1.1482 1.3132 1.2173 1.6342 1.5332 0.8790 1.3420 1.0928 1.2667 1.3184 1.0161 0.9901 1.1536 1.3179 1.2827 0.3403 
2.4394 3.6174 3.6589 3.4870 3.0278 2.9011 3.1463 3.0081 2.2063 2.6467 2.8784 2.7102 1.8834 1.9054 1.9407 1.4142 1.8052 1.3733 1.8402 1.7653 1.6473 2.4146 2.5318 2.2256 1.6890 2.4035 2.4856 2.1148 2.1077 2.3879 2.3274 1.9211 -1.2166 
3.4042 3.0945 3.8420 3.6123 2.7616 2.9456 2.6591 2.7493 2.6657 2.3000 3.0885 1.7857 2.2137 1.7677 2.4123 1.9036 1.8166 1.8494 2.3013 1.5599 1.9605 1.4837 2.7282 1.8750 2.1801 2.1876 1.9748 2.1547 1.8598 2.5407 2.5486 1.4216 0.8904 
3.1956 2.9243 3.4164 2.9330 2.4051 2.4140 3.0033 2.5876 2.1654 2.0124 2.5705 1.7578 2.2602 2.2393 2.2135 1.8887 1.9821 1.8378 2.1031 2.0723 2.0269 1.4365 2.2031 1.5828 1.6289 1.9709 2.3078 1.6351 1.4807 1.8165 2.1063 1.1671 0.7430 
1.9724 2.7428 2.5208 2.4832 2.4731 1.7552 1.8597 1.5612 1.1745 1.5860 2.0714 1.5898 1.2924 1.0314 1.1945 1.1493 1.1012 1.1035 1.0857 0.8570 1.0531 1.3170 1.7247 1.1577 0.6799 1.0013 1.1653 0.9496 1.5368 1.4021 1.1638 1.0563 -0.8329 
2.4701 2.6010 2.7174 2.0795 2.2727 2.3058 1.8687 1.6011 1.5633 0.9269 2.0234 1.3481 0.9785 1.4361 1.8002 -0.5049 1.1414 -0.5443 1.6800 1.2661 0.7207 1.0352 1.6734 0.4753 1.0707 1.0284 1.1696 1.5130 1.3723 0.9951 1.4082 0.9312 0.0359 
2.5669 2.4495 2.4398 2.1262 2.0793 2.0078 2.4263 2.3368 1.9905 1.7757 2.2212 1.0961 2.1078 1.9911 1.5818 1.3451 0.6706 1.2724 1.4742 1.8321 1.8647 0.7852 1.8564 1.3501 1.4909 1.7775 1.7731 1.2140 1.1449 1.0289 1.1165 0.7328 0.0630 
2.4087 2.7237 2.7533 2.4923 2.5457 2.6355 1.9345 2.1604 1.3762 2.1532 1.7089 1.7604 1.7472 1.4150 1.7788 1.6295 -0.7492 1.5654 1.6435 1.2303 1.4935 1.4420 1.3681 1.7122 0.8673 1.5393 1.2664 1.8432 1.5935 1.3951 1.4439 1.0384 0.0983 
3.2794 2.5099 2.7306 2.7843 3.2840 3.2453 2.5527 2.8819 2.5647 2.1734 2.8560 2.4791 2.2422 2.3946 2.7931 2.6221 2.1946 2.5774 2.6847 2.2375 1.9968 2.1943 2.5071 1.7511 2.0298 2.2816 1.8580 2.4503 2.3401 1.7253 1.4282 0.7286 0.7755 
3.4648 2.9178 2.8012 2.3178 2.3087 2.9942 1.9847 2.1570 1.8120 2.0209 1.0957 1.4411 1.8434 1.7947 2.1892 2.1230 1.8970 2.0498 2.0634 1.5973 1.6015 1.1303 0.7316 1.5905 1.3185 1.5377 1.3054 2.2006 1.4093 1.2252 1.4841 1.1543 1.0053 
3.0141 2.6913 2.6546 2.4019 2.4219 2.9508 2.7186 2.4793 2.1770 1.7917 1.9437 2.2437 1.7101 1.2611 0.9880 1.8681 1.7489 1.8214 0.8469 1.0854 1.4666 1.9401 1.5901 1.3698 1.6474 1.8770 2.0369 2.1608 1.5038 1.3469 1.3595 0.9930 0.5605 
2.7686 1.9066 2.4545 2.0401 2.2386 2.1430 2.4339 1.8887 1.4739 1.9245 2.0586 1.7107 1.3088 1.8163 2.3550 2.0973 1.9928 2.0265 2.2551 1.6394 1.0718 1.4180 1.7109 1.4959 0.9896 1.3078 1.7768 1.3467 1.3300 0.9762 1.1238 0.1776 0.2824 
2.2461 2.0819 2.5157 1.7957 1.9532 2.3822 1.8212 2.0448 2.0604 1.8335 2.2624 2.3309 2.0033 1.8770 2.3136 1.5219 1.9017 1.4682 2.2128 1.7258 1.7930 2.0410 1.9014 1.4102 1.5426 1.4594 1.1181 1.5925 1.0400 0.6960 1.1616 0.3237 -0.4088 
2.1254 2.2238 2.4798 1.3453 2.2929 2.6746 2.3559 0.7471 1.6763 1.5290 2.5703 2.2946 1.8137 1.5040 2.1624 1.8402 1.3080 1.7942 2.0194 1.3653 1.5605 1.9939 2.2026 1.1135 1.1547 0.1749 1.6985 1.8801 1.3981 0.2275 1.1413 0.5612 -0.3019 
2.3457 2.2456 2.1676 2.4492 2.2492 2.6483 2.1971 1.9247 1.7478 1.4827 1.9207 1.3406 1.2962 0.7590 1.9175 0.8641 -0.6419 0.7878 1.8171 0.6170 1.0595 1.0322 1.5541 1.0542 1.2157 1.3715 1.4994 1.8544 1.3421 1.3798 0.8291 0.5403 -0.1175 
1.8909 2.0095 2.4397 1.7999 1.4275 2.4103 2.0273 2.0857 1.6416 1.3849 1.8908 0.8289 1.5271 0.8561 1.5936 1.6630 1.8088 1.5974 1.4902 0.6759 1.3129 0.5373 1.5323 0.9714 1.1362 1.4895 1.3698 1.6186 0.5417 0.6962 1.1120 0.3372 -0.5067 
2.9773 2.3529 2.5029 2.1605 2.0928 2.5679 2.4026 2.3658 1.3141 2.2775 1.9960 1.0293 1.0586 0.4099 0.8861 1.1445 0.6806 1.0939 0.7531 0.2472 0.8240 0.7220 1.6413 1.8535 0.7989 1.8003 1.7483 1.7751 1.1566 1.0378 1.1622 0.6173 0.5098 
2.7880 2.2943 1.1623 2.5115 2.2260 1.8750 2.3186 2.1847 1.7695 2.1636 2.0485 0.8758 0.6547 1.6810 1.8150 1.3605 0.7493 1.2835 1.7047 1.5028 0.4094 0.6052 1.6988 1.7261 1.2457 1.5644 1.6384 1.0865 1.3035 1.4187 -0.1626 0.5883 0.3226 
1.9252 2.1821 2.1263 1.9440 1.8125 2.0079 1.8068 1.0598 1.5683 0.9551 1.3784 1.4923 0.8909 1.4240 1.7398 1.4015 -0.4679 1.3522 1.5985 1.2475 0.6541 1.1915 1.0122 0.5205 1.0734 0.4828 1.1061 1.2203 0.8750 0.8820 0.7660 0.4659 -0.6038 
2.4829 2.2727 1.7906 1.6419 1.8188 2.0924 1.7439 1.4179 0.9327 1.0618 1.5003 1.6393 1.2195 0.2995 0.8446 0.6520 -1.3039 0.6051 0.7326 0.1408 1.0068 1.3731 1.1418 0.6420 0.4083 0.8158 1.0403 1.2978 0.8953 0.5466 0.4657 0.5577 -0.0560 
2.4885 2.1818 2.3649 1.8400 1.6362 1.5181 1.4612 1.8936 1.3380 1.2154 0.8712 1.3667 1.4860 0.9002 0.1057 0.9829 1.2120 0.9204 -0.0369 0.7130 1.2577 1.0507 0.5263 0.7829 0.8000 1.3236 0.7708 0.7303 0.7043 0.7392 1.0538 0.4524 -0.0365 
1.7377 1.4471 1.4528 1.8582 1.1287 1.5237 1.4786 0.8995 0.9895 1.1707 1.1150 0.7280 1.5380 1.1263 1.1025 1.2836 0.8553 1.2181 1.0042 0.9806 1.3293 0.4306 0.7500 0.7461 0.4696 0.2934 0.7852 0.7352 0.2205 0.7528 0.1779 -0.2583 -0.6340 
1.8646 1.8018 1.5500 1.4986 1.3275 1.0916 1.5415 0.6040 0.4733 1.0479 0.6013 0.6766 0.4784 0.9619 0.3018 0.2799 0.8170 0.2330 0.2053 0.7533 0.2505 0.3649 0.2374 0.6220 -0.0505 0.0244 0.8726 0.2987 0.3629 0.4142 0.2384 0.1248 -0.5596 
1.8515 1.8740 1.9181 0.8200 0.8571 1.3488 1.4487 1.3744 1.5560 1.3764 1.4299 0.9852 0.2363 1.0360 1.2634 1.3959 1.4016 1.3450 1.1434 0.8630 -0.0256 0.6713 1.0657 0.9440 1.0649 0.7504 0.7525 0.5638 -0.0732 -0.3362 0.6197 0.2115 -0.6197 
2.4000 1.0241 1.0902 1.5455 1.2709 1.6377 1.7135 1.5693 1.5678 1.1496 1.0452 1.2191 1.4816 1.1177 0.6578 1.2341 1.4153 1.1722 0.5602 0.9787 1.2515 0.9601 0.6844 0.7312 1.0750 1.0051 1.0258 0.8464 0.3298 0.4621 -0.1611 -0.7741 -0.0975 
2.6687 2.1987 1.6619 2.0500 1.7337 1.3395 1.4213 1.6641 0.8740 -0.0619 0.4563 1.1844 0.7812 1.1705 0.5376 0.6476 1.1955 0.6020 0.3999 1.0189 0.5837 0.9125 0.1136 -0.4807 0.3549 1.0726 0.7280 0.5456 0.7786 0.9806 0.3275 0.4283 0.1789 
1.3979 1.2062 1.5308 1.2876 1.7155 1.5393 1.8359 1.5410 1.2534 0.4204 1.4490 1.7758 1.1436 1.4570 0.2491 1.0970 1.0940 1.0466 0.1551 1.2925 0.9352 1.4612 1.0882 -0.0077 0.7443 0.9792 1.1436 0.7455 0.7690 0.2068 0.2241 -0.4877 -1.0304 
2.2288 1.4426 1.2012 1.5792 0.7749 0.8770 0.5384 0.8137 1.2104 1.4915 0.9571 1.2776 1.1657 1.1839 0.7040 0.8938 -0.1623 0.8268 0.6062 1.0299 0.9724 0.9970 0.5977 1.0638 0.7154 0.2371 -0.1352 0.0773 -0.1557 0.4947 -0.0842 -0.3788 -0.2822 
1.7235 1.4933 1.6874 1.4109 1.3854 1.2238 1.3804 1.5137 0.6134 1.0804 0.8817 1.3603 1.3669 1.2071 1.0668 1.0739 1.0166 1.0265 0.9748 1.0483 1.1062 1.0464 0.5418 0.6551 0.1050 0.9509 0.6712 0.4388 0.4415 0.2990 0.3534 -0.1712 -0.7403 
2.0816 2.2184 1.8750 1.1122 1.4185 1.3830 0.9025 0.9847 1.4211 1.3291 0.2999 -0.0257 0.7777 0.9285 0.9881 1.2924 0.3229 1.2230 0.8618 0.7351 0.5840 -0.2725 -0.0578 0.8896 0.9226 0.3689 0.2136 0.5912 0.4996 -0.0049 0.5599 0.5255 -0.2800 
2.1724 1.7385 1.9362 1.5542 1.8697 1.2663 0.7154 1.3958 1.0133 1.4731 1.3051 0.9154 1.3594 1.1904 1.3872 1.5102 0.3126 1.4576 1.2576 1.0329 1.1020 0.6218 0.9570 1.0496 0.5062 0.7820 0.0319 0.4677 0.9713 0.4857 0.6286 -0.0061 -0.3064 
1.2342 1.5788 1.4075 1.2799 1.1201 -0.4121 1.3054 1.1418 0.7236 0.5226 0.2462 0.1558 0.9702 1.0815 1.1432 0.9660 0.8051 0.8946 1.0389 0.9330 0.7084 -0.1663 -0.1111 0.0841 0.2266 0.5809 0.6237 -1.2068 0.2093 0.2067 0.0597 -0.1092 -1.3054 
1.5294 1.8036 1.4243 1.5380 1.7764 1.1860 0.9305 1.3800 0.7005 1.1104 0.6884 1.4826 1.4990 0.7269 1.4249 1.5944 1.1650 1.5397 1.3206 0.5806 1.2744 1.1829 0.3178 0.6854 0.2109 0.7561 0.2467 0.3819 0.8302 0.4496 0.0957 0.1004 -1.0715 
0.5377 1.6822 1.8777 1.7941 1.6809 1.7961 1.4277 0.9016 1.1415 1.3767 1.4518 1.6573 1.2134 1.4883 1.1352 0.5504 1.3398 0.4805 1.0297 1.3394 1.0002 1.3829 1.0919 0.9455 0.6462 0.3028 0.7325 1.0029 0.7467 0.6839 0.5835 -0.0285 -2.8121 
2.3363 2.2329 1.0870 1.8747 2.0346 1.7341 1.1325 1.2890 1.3185 1.0681 1.2111 0.7226 1.3286 0.7920 1.1067 1.0869 -0.6925 1.0378 1.0105 0.6351 1.0791 0.4327 0.8576 0.6408 0.7890 0.6931 0.4542 0.9346 1.1081 0.7770 -0.1975 0.5170 -0.1567 
1.8436 0.6455 1.2807 1.0543 0.6667 0.0627 1.1809 0.4215 0.7008 0.6862 0.2125 -0.6869 0.5832 0.8414 0.8980 0.7372 -0.1626 0.6817 0.7692 0.6689 0.3158 -1.0060 -0.1513 0.2644 0.2095 -0.1637 0.5270 -0.7158 -0.2411 -0.0671 -0.0279 -0.8456 -0.7145 
2.1723 2.1001 1.7794 0.7089 1.8034 1.6635 1.4117 1.3412 1.4257 1.4235 1.6875 1.4163 1.3938 0.8001 1.3969 0.9975 0.9117 0.9421 1.2709 0.6412 1.1402 1.1078 1.3400 1.0058 0.9317 0.7313 0.7107 0.8676 0.8765 -0.3337 0.4247 0.3750 -0.2694 
2.6083 2.2976 1.9817 1.8277 1.7452 1.8268 1.8609 1.6817 1.2382 1.1411 1.7741 1.5284 0.7722 0.8361 1.4535 0.5597 1.2973 0.4731 1.3649 0.6704 0.5768 1.2331 1.4057 0.7184 0.7350 1.0827 1.1668 1.0341 0.7929 0.7216 0.6654 0.5927 0.1160 
1.5446 1.7405 1.4938 0.0320 1.5215 1.3099 0.8981 1.5431 0.9507 1.5266 1.1276 1.4802 1.1230 1.0763 1.0154 1.1501 0.3857 1.1031 0.9002 0.9209 0.9048 1.1781 0.7604 1.0986 0.4328 0.9857 0.2184 0.5162 0.6136 -0.9651 0.1911 0.0338 -0.9365 
1.6918 1.8337 1.6569 1.4422 0.9792 1.2285 0.7705 1.7823 1.8583 1.6113 1.5444 1.1448 1.5300 1.2933 0.9820 1.2025 1.0400 1.1452 0.8503 1.1083 1.3172 0.8638 1.1856 1.1776 1.3759 1.1647 0.1345 0.4355 0.0086 0.3382 0.3290 0.1479 -0.7611 
2.4246 1.4806 1.8649 1.5324 1.7118 1.3294 0.5917 0.5744 0.6789 1.0227 1.0323 0.3543 0.7141 0.1550 1.0382 0.6325 0.1564 0.5915 0.9366 -0.0562 0.5001 0.0676 0.6676 0.6030 0.1928 -0.0357 -0.1336 0.5240 0.7660 0.4566 0.5712 -0.1220 -0.0834 
1.9428 1.8109 1.9343 1.8980 1.9325 1.5110 1.2245 1.0673 1.1778 1.8117 1.6046 1.2594 1.4705 1.2657 1.1931 0.9995 0.8648 0.9460 1.0874 1.0885 1.2371 0.9868 1.2500 1.3910 0.6800 0.4871 0.5723 0.7136 1.0159 0.8071 0.6118 0.1850 -0.6626 
1.9193 1.8201 1.8492 1.4480 1.6120 0.9985 1.5532 0.4170 1.0943 0.8788 1.5027 1.0838 0.9331 1.3546 0.8224 -0.3571 1.1027 -0.4143 0.7082 1.1495 0.6848 0.7848 1.1408 0.4569 0.6045 -0.1780 0.8941 0.1961 0.6975 0.3403 0.5414 0.1694 -0.5372 
1.8681 1.8327 2.0581 1.9477 1.7753 0.8975 1.5489 1.6538 1.5184 0.9897 1.1116 1.1238 -0.0452 0.5826 1.2093 0.3028 0.8111 0.2490 1.1003 0.3815 -0.2488 0.8316 0.7479 0.5667 1.0238 1.0645 0.8874 0.1313 0.8191 0.8721 0.7329 0.1571 -0.5404 
1.7887 1.3987 1.2388 1.2820 0.9883 0.7624 1.2681 0.8767 0.6369 0.7630 0.9958 0.5827 0.7472 0.8873 0.5959 0.3621 0.1050 0.3095 0.4725 0.7040 0.5411 0.2611 0.6278 0.3486 0.1337 0.2764 0.5996 -0.0258 0.0445 0.2007 -0.0679 -0.3379 -0.6624 
