5.0476 5.5617 5.0548 4.5006 4.3904 4.3419 3.8254 3.9197 4.0550 4.2271 4.1982 3.7569 3.9223 4.0532 3.8537 3.6643 3.9152 3.5867 3.6732 3.8713 3.6099 3.3981 3.7604 3.6819 3.4365 3.1658 2.9480 3.3511 3.2144 3.1159 3.4017 3.4349 1.6025 
4.2287 4.7181 3.8311 3.0584 3.5149 2.9151 2.8882 2.5683 3.0850 3.2978 3.9919 3.6287 3.9496 4.0047 4.3677 3.9362 4.1762 3.8844 4.1957 3.8172 3.6428 3.2879 3.5413 2.7551 2.4646 1.8692 2.0074 1.9185 2.3787 1.7063 2.0841 2.5790 1.3935 
5.4573 4.8813 4.5667 4.2359 4.1199 4.1567 3.6138 4.0412 3.8403 3.2549 3.4109 3.9134 3.6706 3.6669 4.5686 4.3370 3.8900 4.2419 4.4403 3.4548 3.4041 3.5306 2.9472 2.7079 3.1715 3.3320 2.7928 3.1606 2.9794 2.8859 2.9168 2.6805 2.3590 
4.9226 3.5250 3.0914 3.0877 3.0656 3.3044 3.6542 3.2157 3.2501 4.0622 4.7747 4.0975 4.2745 4.6662 4.5182 4.4424 4.8580 4.3898 4.3952 4.4595 3.9770 3.7526 4.3434 3.5260 2.6128 2.4720 2.8429 2.3238 1.9413 1.6865 1.5388 1.5902 1.7475 
4.9671 4.5738 4.1558 3.6148 3.8673 3.8544 4.0363 3.7289 4.3388 4.8037 4.5931 4.0316 4.1302 4.3584 4.2822 4.8092 3.5845 4.7129 4.1001 4.1000 3.8714 3.6553 4.1443 4.2556 3.6741 2.9798 3.1757 2.8578 2.6622 2.2474 2.4747 2.4237 1.7508 
5.0160 4.3443 3.9335 3.7925 3.7101 3.6137 3.9467 3.5139 3.0846 3.5085 3.5291 3.3403 3.7201 3.2240 4.5284 5.2702 6.0492 5.1907 4.4075 3.0090 3.4431 2.9585 3.0815 2.9748 2.4922 2.8067 3.0810 2.6270 2.5561 2.4250 2.2861 2.1244 1.9304 
4.9203 4.4015 3.8894 3.6009 2.8940 3.5818 3.4375 3.9246 4.1629 4.0703 3.8895 3.8196 2.9857 3.8813 4.4967 4.2055 5.1532 4.1178 4.3786 3.6408 2.7139 3.4331 3.4267 3.5315 3.5383 3.1690 2.5625 2.5871 1.6831 2.2434 2.2041 2.2062 1.8513 
5.3638 4.0933 3.6556 3.2891 3.9109 3.7005 4.4060 4.5614 3.7927 4.3610 3.6163 3.3172 3.1740 3.6496 3.8928 3.7692 4.5754 3.6842 3.7385 3.4506 2.9108 2.9358 3.1673 3.8183 3.1217 3.8611 3.5359 2.7046 2.7397 1.9038 1.9725 1.8556 2.2138 
4.0517 3.4597 3.4582 3.3988 3.6409 3.8463 4.1085 3.5559 3.4276 4.2331 3.0689 3.3496 3.6932 3.6786 4.5842 4.0938 4.9757 4.0364 4.4617 3.4764 3.4215 2.9573 2.5892 3.6890 2.8161 2.8458 3.2830 2.8623 2.4960 2.0191 1.8355 1.3635 0.9507 
5.2580 4.4107 4.2158 4.0132 4.0721 4.3394 4.4427 4.7508 3.6860 4.0498 4.1145 3.7076 3.3988 2.3856 4.0114 4.3298 3.9070 4.2347 3.8944 2.1959 3.0786 3.3677 3.6720 3.5207 3.0637 4.0053 3.5741 3.3360 2.9262 2.6238 2.5365 2.1697 2.1019 
5.1232 4.5795 4.1426 3.8737 3.5827 3.3147 3.4396 3.4488 3.1042 2.8611 2.9293 3.0183 2.8286 2.5967 2.8368 3.0045 3.4205 2.9455 2.6601 2.4147 2.5123 2.6446 2.4745 2.3108 2.4882 2.7012 2.5772 2.3186 2.4405 2.4752 2.4878 2.4318 2.0265 
5.1574 4.0830 3.1255 2.7965 2.9675 2.9045 2.6285 2.7527 2.5780 2.6453 0.6353 2.2393 2.6198 2.3814 0.9288 3.0082 2.2426 2.9470 0.8050 2.1279 2.3762 1.8914 0.1813 2.1030 1.9553 2.0107 1.8067 1.9074 1.8124 1.4027 1.4753 1.8939 2.0509 
4.4037 3.6340 3.2016 2.8316 2.1636 2.5284 2.3020 2.1722 2.6914 2.8845 2.6129 2.6403 2.8644 2.9129 2.2510 2.8016 3.2602 2.7150 2.0914 2.6771 2.5391 2.3037 2.1699 2.3513 2.0619 1.4478 1.4361 1.5364 1.0065 1.4405 1.5378 1.4563 1.2965 
4.7277 4.4802 4.0711 3.7902 3.5531 3.5285 3.4132 2.8800 3.2363 3.0472 3.0600 3.0706 2.1877 2.2976 2.4180 2.5018 1.5872 2.4400 2.2723 2.0656 1.9132 2.7034 2.6004 2.5107 2.5876 2.1089 2.5350 2.5381 2.4152 2.4190 2.4317 2.3610 1.6097 
5.3419 4.2907 3.4386 3.2184 3.1144 3.0119 2.9540 2.9270 2.4799 2.1470 2.5333 2.4732 1.9621 2.0005 2.0965 2.2403 2.2468 2.1570 1.9762 1.8128 1.6648 2.0925 2.0815 1.5969 1.8724 2.1720 2.0854 2.0154 1.9647 1.8659 1.7455 2.0347 2.1915 
4.8511 3.7803 3.1737 0.8432 2.1174 2.4459 1.9708 2.7607 2.5566 2.3108 2.3827 2.5427 1.9230 1.9487 1.9101 2.6850 1.6801 2.6072 1.7749 1.7167 1.5937 2.1709 1.9237 1.7746 1.9476 2.0142 1.0978 1.4666 0.9449 -0.3297 1.5207 1.5770 1.7279 
3.8855 3.7492 3.9276 3.1993 3.3570 3.1712 3.4337 3.7709 2.8168 2.6921 2.9870 2.1481 2.4710 2.8261 2.9482 2.7364 1.4406 2.6442 2.8238 2.5839 2.1826 1.8294 2.5429 2.1585 2.1400 3.0146 2.5622 2.1738 2.1697 1.8826 2.2549 1.5876 0.5932 
4.4227 3.9459 3.7649 3.6807 3.7238 3.4669 3.3685 3.5677 3.8724 3.2693 2.5827 2.3727 2.8935 2.8245 2.6995 2.1564 0.8864 2.0842 2.5572 2.5795 2.5791 1.9763 2.1265 2.7200 3.2113 2.8688 2.4828 2.4720 2.5594 2.3534 2.0919 1.7895 1.3666 
4.1648 4.2952 3.9406 3.8103 3.5256 2.9986 3.3384 3.3665 3.3993 3.2330 3.0425 2.7918 2.2975 2.3514 2.9321 2.3735 2.4655 2.2771 2.7978 2.1056 1.9913 2.4184 2.5863 2.6808 2.7587 2.5883 2.4685 1.9873 2.3929 2.4377 2.3125 2.1842 1.0223 
5.4398 4.8635 4.1863 3.7208 3.2676 3.5698 3.6884 3.6321 2.4941 3.4863 2.9511 2.2041 1.5480 2.4380 2.5514 2.6994 2.4502 2.6165 2.4287 2.2164 1.3212 1.8701 2.4870 2.9560 1.9093 2.9156 2.8712 2.5799 2.0907 2.3885 2.5302 2.7273 2.3917 
4.1087 5.6895 5.3951 5.0122 4.6995 4.5678 4.6994 4.5697 4.2506 4.0720 4.1462 4.0508 3.9429 3.8852 3.6160 3.6136 3.6072 3.5531 3.4870 3.6359 3.6360 3.6829 3.7048 3.5399 3.5950 3.8666 3.8743 3.5746 3.5374 3.6278 3.7341 3.5619 1.4226 
5.4394 5.3172 5.2251 4.9785 4.7149 4.5925 4.5493 4.2603 4.1982 4.2217 3.8444 3.8894 3.8830 3.6679 3.7373 3.5909 3.5823 3.5319 3.5796 3.4637 3.5658 3.4997 3.3876 3.6758 3.5640 3.5088 3.6955 3.6005 3.5517 3.5916 3.5746 3.1242 2.3996 
6.0862 5.6512 5.6876 5.1232 4.9546 4.8142 4.6011 4.3922 4.3960 4.2956 4.3690 4.1698 4.1222 4.0170 4.0121 4.0010 3.9971 3.9396 3.8933 3.8323 3.8731 3.8376 3.9072 3.7475 3.7563 3.6253 3.7696 3.8221 3.8184 3.7795 4.0344 3.5046 3.0331 
6.1599 5.5681 5.1499 4.6558 4.4766 4.4653 4.2030 3.9647 3.9300 3.9577 3.6267 3.2911 3.3784 3.3853 3.4785 3.4005 3.3603 3.3387 3.3670 3.1358 3.0586 2.9188 3.1814 3.4282 3.3068 3.2292 3.3735 3.4737 3.3515 3.3274 3.4909 3.4218 3.0549 
5.8780 5.4024 4.8033 4.7344 4.3958 4.0845 2.1042 4.2620 4.1744 3.9994 3.5077 3.6947 3.6268 3.6130 3.5679 3.6813 3.5758 3.6004 3.4393 3.4234 3.3770 3.3636 3.0549 3.4667 3.5443 3.5142 1.1449 3.0927 3.2227 3.3842 3.1000 3.2204 2.7387 
5.8025 5.0031 4.5632 3.3556 3.5736 3.2434 3.7593 3.4354 3.5633 2.7646 3.3016 3.0974 3.1388 3.1998 2.8833 2.9119 2.9087 2.8587 2.7152 2.9882 2.8858 2.7531 2.8672 2.2195 2.9443 2.6833 2.9100 2.2435 2.4319 1.9690 2.9185 2.8379 2.6512 
5.7668 4.8917 3.3543 3.9126 3.7072 3.6204 3.0835 3.1794 2.9673 3.0601 3.1689 3.0268 3.1644 2.7865 2.9729 3.0549 2.6889 2.9882 2.8609 2.5538 2.9015 2.6526 2.7260 2.5215 2.3579 2.4502 2.2401 2.6257 2.5440 2.5226 1.6162 2.6551 2.6284 
5.0762 3.8392 3.3259 2.8485 2.9626 3.3139 3.7408 3.2923 3.5678 4.0171 3.3922 2.8285 2.3094 2.6278 2.3655 2.2649 1.5898 2.1725 2.1845 2.4395 2.0039 2.4447 2.9294 3.4833 2.9495 2.5328 2.9011 2.3310 1.8013 1.4077 1.7180 1.8636 1.9644 
3.4696 4.3436 2.6847 3.4841 3.0934 2.9556 3.1789 3.0614 2.7874 3.5316 3.8110 3.4594 3.0504 3.3648 3.8604 3.0798 1.5669 3.0110 3.6804 3.1067 2.7747 3.0810 3.3702 3.0015 2.1331 2.3667 2.3527 1.9641 1.9646 2.1133 1.1871 2.2012 0.0109 
4.7857 4.0734 3.5267 3.1879 3.2249 2.9823 2.9511 3.3245 3.6342 4.1605 3.6370 2.9576 3.0490 2.9638 3.9288 3.3952 3.9431 3.3332 3.7923 2.7516 2.7734 2.5730 3.1901 3.6171 3.0137 2.5577 2.0883 1.9792 2.0516 1.8245 1.8590 1.9104 1.5834 
4.1816 3.9985 3.6042 3.2086 3.1700 3.2599 3.2590 3.2460 3.1770 3.8741 3.0276 3.1863 3.5040 4.0962 4.6417 4.3119 4.8546 4.2237 4.5072 3.9137 3.2219 2.8589 2.5733 3.3392 2.5513 2.5001 2.4175 2.2712 2.0173 1.8837 1.9630 1.8815 1.0935 
4.7671 3.4292 3.3625 2.4576 3.3961 3.5067 3.3671 3.4282 2.5082 4.0441 3.6201 2.9534 2.3196 1.8967 3.5841 4.3561 3.3867 4.2624 3.4648 1.6544 2.0109 2.5712 3.1724 3.5111 1.9228 2.6730 2.4881 2.5154 2.2217 1.0717 1.6457 1.1092 1.6300 
5.4159 4.2899 3.7359 3.7381 3.4736 3.7215 4.0401 2.7602 3.8122 3.5157 3.6637 3.2027 3.5416 4.0555 3.6942 4.0991 3.0814 4.0399 3.5496 3.8738 3.2719 2.8699 3.2279 2.9819 3.1511 2.0132 3.1861 2.7373 2.3331 2.3788 2.0322 2.0055 2.3011 
4.9897 3.8642 2.7646 2.8886 2.7034 3.1766 4.4363 3.9448 3.7606 4.0807 4.0854 4.0314 4.2081 4.9238 4.6637 5.0117 4.8402 4.9501 4.5265 4.6974 3.9295 3.6536 3.6410 3.5519 3.1071 3.1951 3.5717 2.2058 1.5349 1.4916 1.0324 1.5713 1.8978 
4.7988 4.0813 3.9824 3.1871 3.4766 3.7065 4.6221 4.1221 3.8967 3.4811 2.8770 2.8941 3.2405 4.4902 4.2558 4.0393 3.4543 3.9750 4.0868 4.2966 2.9570 2.5033 2.4190 2.9592 3.2568 3.4076 3.7992 2.6856 2.3505 1.8257 2.3407 1.9213 1.6291 
4.1757 3.5503 3.1768 3.5019 4.0246 4.4116 3.9186 2.0707 3.0816 2.9854 2.7903 2.9451 3.2721 2.8702 4.0015 3.0860 3.0184 3.0231 3.8849 2.6141 2.9702 2.5729 2.3674 2.4581 2.4614 1.3869 3.0440 3.4173 2.8927 2.1227 1.5261 1.3777 1.0019 
4.2593 3.8189 3.2054 2.0494 2.5127 3.6112 3.1549 3.1143 2.8023 2.5254 2.2029 2.0776 2.6638 3.2004 2.9741 2.9855 2.7798 2.9232 2.8628 2.9906 2.4064 1.7073 1.7758 1.9905 2.1345 2.4087 2.3399 2.6220 1.4081 0.7762 1.5560 1.6295 1.1892 
4.5740 3.2387 2.6272 2.8565 2.2949 2.2510 2.4160 2.6079 1.9692 1.8734 2.4768 2.1901 1.7001 2.9283 2.5382 2.7356 2.3736 2.6522 2.4102 2.7028 1.4388 1.8604 2.0207 1.3144 1.3637 1.9122 1.5366 1.2428 1.0991 1.4802 1.0591 1.1438 1.4786 
2.2319 3.2467 2.3898 2.0286 2.0208 2.4984 2.8653 2.4446 2.4583 2.1242 1.3869 2.0696 2.4741 2.7995 2.8005 2.8780 1.7288 2.7940 2.6297 2.5643 2.1811 1.7059 0.9268 1.5923 1.8505 1.6953 1.9773 1.5046 0.9069 0.6232 0.6260 1.1103 -2.4672 
4.1864 3.2916 2.8817 1.9492 2.6174 3.5116 3.6535 3.5477 2.9908 2.8761 2.7751 2.3853 2.4648 1.0987 2.7135 2.9524 3.0548 2.8974 2.5687 0.8951 2.1628 1.9884 2.3434 2.3340 2.3829 2.8410 2.8342 2.5218 1.4818 0.5290 1.1895 1.0471 1.0702 
4.3801 3.6974 3.5690 2.3265 2.7849 3.1824 3.5956 2.6319 2.9220 3.0527 2.9056 2.4842 2.6984 2.8965 2.5423 2.4515 1.9269 2.3949 2.4173 2.6529 2.4248 2.1034 2.4454 2.5174 2.2977 1.9193 2.7655 2.1947 1.5925 0.9208 1.9151 1.5190 1.1881 
5.3489 4.3570 3.6253 2.9937 3.4987 3.6277 3.7442 2.8380 2.5921 2.4620 2.9130 2.3998 2.1018 2.9913 2.8541 2.5979 2.6077 2.5403 2.6732 2.7946 1.8585 2.0087 2.4521 1.9351 1.9893 2.0671 2.9012 2.6358 2.3723 1.5988 1.9686 2.0883 2.2019 
4.6491 4.4108 3.5937 3.3465 2.6796 2.8578 3.2810 3.7528 3.0877 3.4816 2.1645 3.4025 2.9988 2.6772 3.0423 2.6730 2.9062 2.5942 2.9177 2.4734 2.7051 3.0156 1.7618 2.9493 2.4800 3.0094 2.4169 1.8716 1.5391 1.9525 1.9665 2.2500 1.5799 
5.5557 4.8383 4.2028 3.3643 3.1888 2.9012 3.7065 3.4265 1.8017 1.8091 3.1179 2.8807 3.0237 2.5781 2.7505 2.8772 2.6981 2.7946 2.5890 2.3941 2.7411 2.4901 2.6772 1.2597 1.1173 2.6718 2.8806 1.9132 2.0322 1.9670 2.5351 2.6045 2.4652 
4.9646 6.0484 5.5713 4.9225 4.7528 4.5509 4.7933 3.9319 3.9524 4.0596 3.8647 3.8651 3.8613 3.7877 3.6679 3.7323 3.7124 3.6482 3.5299 3.5531 3.5360 3.4698 3.3996 3.5286 3.3348 3.1694 3.9275 3.5607 3.5762 3.5369 3.9264 3.9351 1.5161 
5.5662 5.8974 5.0126 3.0973 3.4170 3.1945 3.6420 3.0192 3.5817 3.9456 3.1364 3.0247 2.5539 2.0950 2.5105 1.4489 1.8306 1.4130 2.3886 1.9226 2.2757 2.6612 2.7038 3.4191 2.9629 2.2853 2.8156 2.1781 2.2213 1.7317 3.3683 3.7562 2.6351 
5.5006 5.7866 4.7100 2.5523 3.0992 3.1529 3.3877 3.5141 4.2981 4.4117 3.2727 3.2688 2.5609 2.9069 2.0957 2.4485 2.0261 2.3946 1.9600 2.6659 2.3075 2.9050 2.8289 3.8838 3.6382 2.8020 2.5096 2.1671 1.9696 1.1640 3.0251 3.6179 2.4775 
5.0467 5.5720 4.7227 3.8199 3.7266 3.4752 4.2568 3.9026 4.2634 4.5774 2.9284 3.1251 3.1152 1.7023 1.5298 2.0795 1.4869 1.9946 1.4251 1.4896 2.8701 2.7853 2.4685 4.0517 3.6070 3.1271 3.4051 2.4690 2.5444 2.4110 3.0149 3.4631 2.0969 
3.1926 5.3615 4.5356 3.4191 3.5501 3.6008 4.2027 3.3502 3.2540 3.6101 3.4899 1.3935 3.1408 2.6356 2.6315 2.6693 1.5058 2.5933 2.5073 2.4425 2.8922 1.0370 3.0420 3.0789 2.5911 2.5671 3.3734 2.6021 2.3999 2.0036 2.8696 3.2168 0.3869 
5.0001 5.6137 4.5688 3.1426 3.4460 3.3943 4.0398 3.9213 4.0614 3.4275 3.3827 3.0132 2.6957 2.2960 3.0366 2.4096 -0.4437 2.3355 2.9155 2.0838 2.4149 2.6238 2.9205 2.8949 3.4427 3.1704 3.1818 2.3931 2.2846 1.7876 2.8836 3.4980 2.0721 
5.4641 5.5671 4.7536 3.6341 2.9232 2.8873 4.1051 3.6936 3.4490 3.6986 3.5379 3.4922 2.5578 2.8324 2.3382 1.1634 0.7457 1.1095 2.1598 2.5809 2.3014 3.1085 3.0817 3.1551 2.8426 2.9599 3.2792 1.9027 1.7644 2.2889 3.0607 3.4450 2.4396 
5.5417 5.7965 4.9798 3.8003 3.7479 3.6431 4.2992 3.4043 3.7626 4.5606 3.8466 2.9388 3.1030 2.0900 1.7799 2.6298 1.9233 2.5687 1.6039 1.9057 2.8580 2.5634 3.3841 4.0251 3.1146 2.6351 3.4327 2.6537 2.5730 2.4232 3.3217 3.6272 2.4975 
4.2760 5.7548 5.1833 3.8104 3.1855 3.4536 3.9074 3.7047 3.8394 4.7304 3.5564 3.6550 2.4978 2.3820 2.6283 2.0579 1.3981 1.9755 2.4975 2.1241 2.1867 3.3216 3.1067 4.1840 3.1806 2.9643 3.0338 2.4590 2.0077 2.4132 3.5070 3.6055 0.6924 
4.6566 5.8382 5.4825 4.8450 4.5934 4.3564 4.3506 4.4186 4.5270 4.7617 3.7255 3.9351 2.5985 3.4563 3.3897 3.3826 3.2165 3.3064 3.2297 3.2410 2.3331 3.5544 3.2766 4.2129 3.9152 3.6625 3.4679 3.3639 3.4550 3.4471 3.8490 3.6796 1.9370 
5.4859 5.5451 5.3573 4.9920 4.6748 4.5057 4.5177 4.0525 3.8650 4.0464 4.3664 4.1962 3.4018 3.8123 3.9162 3.6383 3.5795 3.5733 3.7764 3.5715 3.0832 3.8628 3.9035 3.5146 3.1937 3.3414 3.6560 3.5106 3.5172 3.6070 3.6558 3.4279 2.4982 
5.5221 5.4182 4.7956 4.3591 4.0949 3.8699 3.9025 3.4668 4.0868 4.8712 4.5564 4.2763 4.2980 3.1746 3.0850 2.1797 1.9796 2.0917 2.9609 2.9655 3.9875 3.9111 4.0929 4.3391 3.4787 2.7336 3.0271 2.8792 2.9576 2.9595 3.0889 3.2683 2.4225 
5.6658 5.3609 4.5588 3.8268 3.9045 3.7486 4.1665 3.9327 3.8340 4.0609 3.3345 3.6510 4.3645 3.8478 3.7238 3.6061 3.4223 3.5443 3.5742 3.5831 4.0421 3.3202 2.8795 3.5252 3.1725 3.1826 3.3510 2.7596 2.7330 2.4364 2.9007 3.1546 2.5164 
5.5305 4.7138 4.4920 4.0015 3.4735 3.5080 3.7042 3.1032 3.8644 4.6033 4.6041 4.2447 4.5987 2.4991 3.9604 2.9172 2.6993 2.8528 3.8459 2.3207 4.3568 3.8940 4.1605 4.0736 3.1953 2.3882 2.8764 2.5056 2.3364 2.6204 2.8512 2.5186 2.3989 
5.1645 3.0219 4.1874 3.9477 3.7334 3.6656 4.0791 3.9930 4.1667 4.5362 4.1231 3.2329 4.1392 4.6972 4.1161 3.7226 3.8698 3.6392 3.9839 4.4845 3.8842 2.8860 3.6784 4.0016 3.5401 3.2677 3.2441 2.6758 2.5665 2.5738 2.5292 1.1690 2.0784 
4.8635 4.4626 3.9983 2.5521 3.5267 3.2073 3.8910 3.2756 2.2397 3.4136 4.1068 2.9067 3.8341 4.2208 4.3116 4.3417 4.4010 4.2519 4.1405 3.9988 3.5191 2.5517 3.6682 2.8784 1.5368 2.5120 3.0173 2.2299 2.3989 1.2270 2.3700 2.3277 1.6846 
4.3238 3.5426 3.3721 3.4534 3.2478 2.9343 3.4848 3.5659 3.5463 4.2242 2.8466 2.9246 2.5860 4.0755 4.4810 3.8985 4.4944 3.8451 4.3659 3.8925 2.3766 2.5318 2.3770 3.6794 2.9343 2.8692 2.6198 1.9435 2.0826 2.0856 1.7226 1.4845 1.1632 
5.1713 4.2627 4.0286 3.9966 3.8318 3.8683 3.9138 3.0805 3.8826 4.1886 4.2067 3.9120 4.4471 4.7058 4.8993 3.5579 4.1930 3.4861 4.7493 4.4919 4.1453 3.5333 3.7681 3.6470 3.2286 2.3854 3.0394 2.8759 2.6402 2.6169 2.4013 2.0511 2.0823 
5.0656 4.4460 4.3480 3.6730 3.5724 3.3273 2.7916 2.8286 3.2591 3.9883 3.6746 2.8399 2.5180 3.9475 4.0547 3.9424 4.2486 3.8865 3.9246 3.7322 2.2301 2.4567 3.2278 3.4565 2.6136 2.0621 1.9286 2.3293 2.4260 2.3196 2.6350 2.2648 1.9408 
3.8661 3.8389 3.7287 3.0076 1.5162 3.0840 2.4705 3.1383 3.2226 3.8014 3.8878 2.5842 2.9656 2.5589 3.7356 2.6033 3.4985 2.5427 3.5784 2.3855 2.6679 2.2138 3.4272 3.2559 2.5817 2.4262 1.6025 2.0849 0.4910 1.6119 2.0477 1.7543 0.5893 
5.1465 4.3420 3.5665 3.6245 3.0798 3.3627 3.7946 2.9184 3.3004 3.7891 3.6376 3.4240 3.1952 2.7888 3.9972 3.1974 3.0077 3.1052 3.8815 2.5729 2.9289 3.0383 3.2005 3.2413 2.6368 2.1490 2.9321 2.3692 1.9376 2.2702 1.9054 2.0840 2.0271 
5.0669 4.4499 3.9397 3.5256 3.1264 3.5064 3.6636 3.2030 3.5616 3.9163 3.7181 3.0218 3.2310 3.3884 3.1332 2.0832 1.9912 2.0266 3.0030 3.1359 2.9475 2.6471 3.2810 3.3886 2.9437 2.4706 2.8457 2.5184 1.9801 2.1564 2.2766 2.2811 1.9696 
5.4014 4.7557 4.0791 3.8733 3.9349 3.5269 3.3385 3.5197 3.3296 3.5840 3.3192 3.3168 2.4530 2.9436 2.7161 3.1772 2.9177 3.0979 2.5661 2.7249 2.1395 2.9384 2.8735 3.0593 2.6606 2.8035 2.4614 2.5299 2.7818 2.4763 2.4340 2.5564 2.2941 
4.8769 3.5066 2.9113 2.4724 2.8751 2.9735 2.8985 1.5014 2.1485 2.1290 2.3871 2.0719 2.2390 2.3155 2.2486 2.4538 -1.2457 2.3979 2.0927 2.0791 1.9559 1.7028 1.9292 1.5952 1.5254 0.7275 2.0261 1.9860 1.6677 1.1442 1.1898 1.2752 1.7373 
4.8449 3.4483 1.8369 2.4574 2.1937 2.9061 3.3619 3.0554 3.2951 3.2549 3.0338 3.0742 2.0821 2.2451 2.5751 2.5853 2.1582 2.5210 2.4447 2.0157 1.8023 2.7039 2.5826 2.7033 2.6415 2.3571 2.4757 1.9173 1.0846 1.1054 0.4266 1.3665 1.6979 
5.3611 4.5990 4.1401 3.7663 3.5355 3.5280 2.9483 3.5270 3.4320 3.7238 3.5762 3.3363 2.7470 2.3029 2.9968 2.5651 3.1213 2.4960 2.8805 2.0779 2.4503 2.9469 3.1223 3.1798 2.8115 2.8155 2.0819 2.5349 2.4011 2.4042 2.4826 2.4337 2.2170 
4.5748 1.6292 3.5748 3.4714 3.5761 3.3659 3.9251 3.9152 3.8621 4.1597 3.6328 3.3560 3.0239 2.5083 2.9747 3.0647 3.3425 3.0013 2.8635 2.3126 2.7436 2.9635 3.1865 3.6183 3.1947 3.1551 3.0559 2.3685 2.4316 2.0832 1.9212 0.3486 1.4606 
5.5518 4.8708 4.6125 4.0914 3.9188 3.7507 3.8673 3.4103 2.1074 3.3895 3.7347 3.3723 3.3966 3.6090 2.8669 2.8956 2.6434 2.8298 2.6827 3.4210 3.0805 2.9786 3.2988 2.8641 1.4943 2.6461 2.9816 2.7559 2.7495 2.7401 2.9654 2.6470 2.4544 
4.7992 4.1353 2.7083 3.4895 3.3927 3.4079 4.0668 2.9281 2.9870 3.3984 2.7971 2.5811 3.0972 3.0467 1.8459 2.7602 2.8707 2.6740 1.6767 2.8682 2.8536 2.2263 2.3678 2.8718 2.3879 2.1581 3.2159 2.4191 2.2207 2.1136 1.0539 1.9766 1.6985 
3.5744 3.8774 3.5787 2.4094 3.3657 3.5371 3.9072 3.4887 2.8401 2.5963 2.9542 3.0631 2.7147 2.0378 2.8533 2.8101 1.1340 2.7167 2.6801 1.8393 2.4350 2.7002 2.5015 2.0666 2.1758 2.7572 3.0323 2.5456 2.1736 1.0945 1.9222 1.7790 0.4181 
3.4632 5.3690 4.4233 4.4252 4.1770 3.8628 3.0572 3.9456 3.9706 4.1560 2.4972 3.0492 3.4290 3.3168 2.6411 3.0692 2.9062 3.0010 2.5107 3.0717 3.1180 2.6870 1.9988 3.6105 3.3696 3.2076 2.1745 2.8695 3.0232 3.0425 2.7920 3.2340 -0.3421 
6.1524 5.8495 5.4954 4.5102 4.2441 4.0505 4.1497 4.3672 3.8346 4.0417 3.8860 3.5664 3.5762 3.5030 3.4728 3.2867 3.3984 3.1985 3.3629 3.3117 3.3185 3.2016 3.4250 3.5053 3.1657 3.5849 3.3173 3.0360 3.0428 3.0831 3.8825 3.6178 2.9867 
5.8266 5.5015 5.9755 5.3610 4.8937 4.5706 5.0026 3.8929 3.9577 3.5470 4.2544 4.0691 4.0376 3.9271 3.9067 3.7774 3.7202 3.6895 3.7587 3.7006 3.7618 3.7043 3.8184 3.0082 3.3482 3.1095 4.1370 3.5737 3.7096 3.9523 4.3535 3.3978 2.8210 
4.5292 6.0040 5.8471 3.8608 3.9528 3.6195 4.3459 3.9195 3.9856 4.2803 3.9212 3.2327 2.0715 2.0924 2.7823 2.4761 2.6498 2.4153 2.6183 1.9615 1.7089 2.8747 3.4547 3.7342 3.3839 3.1882 3.4514 2.6374 2.7965 2.5587 4.1306 3.9148 1.5271 
6.5572 6.1204 6.0440 5.2523 4.9764 4.7750 3.9377 4.8527 4.4771 4.1534 4.3665 4.1232 3.9886 4.0256 3.8814 3.7937 3.7300 3.7039 3.7161 3.8437 3.6967 3.7829 3.9045 3.6093 3.8708 4.0744 3.0624 3.7786 3.8426 3.8899 4.4062 3.9773 3.4940 
3.8279 6.2411 6.2032 5.3253 4.7261 4.4930 4.7835 4.5875 4.4329 4.3703 2.7670 3.6094 3.1611 3.5691 3.3852 3.2596 3.4236 3.1728 3.2222 3.3830 2.8995 3.2672 2.3152 3.8344 3.8194 3.8871 3.9230 3.4971 3.5551 3.9228 4.5322 4.1093 0.1238 
6.0169 5.4777 5.9207 4.3912 3.3238 3.8606 4.0902 2.8287 3.6328 3.6560 3.0176 3.1017 2.6855 2.8603 3.0451 2.7875 2.5882 2.6879 2.9235 2.6018 2.4138 2.7675 2.5552 3.1193 3.0078 2.0048 3.2775 2.8416 2.1612 2.9830 4.2679 3.3703 2.9182 
4.6077 5.9801 5.9670 5.2667 5.0577 4.9065 4.9004 4.2155 4.3587 4.5770 4.1826 4.2324 4.0966 4.1193 4.0895 4.0977 3.9911 4.0386 3.9655 3.9282 3.8547 3.8833 3.7438 4.0493 3.6896 3.4736 4.0247 3.9117 3.9137 3.8973 4.3388 3.8876 1.8296 
5.5609 6.1377 5.1324 5.0194 4.4376 4.1164 2.9632 4.5788 4.4967 3.9984 3.4185 3.6820 3.6584 3.5723 3.5633 3.5750 3.6865 3.5091 3.4348 3.3864 3.3969 3.3530 2.9623 3.4629 3.8879 3.8826 2.1204 3.1243 3.2910 3.6389 3.4606 4.0140 2.7101 
6.3790 5.8202 5.2657 4.5248 4.4418 4.1928 4.5088 4.0714 3.9344 3.7083 3.9014 3.7549 3.6542 3.5288 3.6501 3.5652 3.5434 3.4976 3.5156 3.3490 3.3948 3.3982 3.4418 3.1693 3.3136 3.3670 3.6501 3.2010 3.3016 3.1755 3.5771 3.6151 3.2736 
6.4560 6.4495 5.5637 4.8912 4.4956 4.1660 3.8640 3.6337 3.7362 3.4397 3.7309 3.7645 3.6710 3.4353 3.5145 3.4510 3.1289 3.3937 3.3957 3.2130 3.4035 3.4047 3.3030 2.9020 3.0854 2.9302 2.9682 3.1608 3.3615 3.4935 3.9021 4.3362 3.4167 
5.9791 5.7514 5.4924 4.9848 4.8273 4.6893 4.6533 4.3607 4.3779 4.2913 4.1634 4.0857 4.0238 4.0206 3.9358 3.8639 3.8716 3.7743 3.8064 3.8369 3.7461 3.7394 3.7240 3.7437 3.7248 3.5821 3.8330 3.7022 3.6372 3.6177 3.8722 3.5934 2.9953 
6.2306 6.2878 5.5965 4.9807 4.7339 4.5837 4.4128 4.3624 4.1864 4.1896 4.1488 3.9895 3.9889 3.9722 3.9110 3.8889 3.7538 3.8203 3.7668 3.7678 3.6986 3.6086 3.7082 3.6464 3.5544 3.5814 3.5407 3.5904 3.5656 3.5943 3.9462 4.1172 3.1263 
6.1489 6.0126 5.1654 4.8894 4.7167 4.5223 4.4127 4.3665 4.3233 4.1057 4.0392 3.9711 3.8712 3.9384 3.8957 3.8758 3.8479 3.7980 3.7408 3.7188 3.5509 3.5859 3.5815 3.5751 3.6576 3.5856 3.5417 3.5304 3.5543 3.5054 3.5232 3.8928 3.1223 
6.0986 6.1291 5.3905 5.0003 4.7781 4.5452 4.4700 4.3590 4.1415 4.1156 4.0369 3.9933 3.9395 3.9313 3.8713 3.8172 3.7305 3.7263 3.6999 3.7069 3.6318 3.6131 3.5800 3.5804 3.5170 3.5785 3.5981 3.5520 3.5877 3.6181 3.7048 3.9959 3.0124 
5.6350 5.4038 5.4232 5.0216 4.6649 4.5308 4.3878 4.3511 4.1328 4.1578 4.0732 4.0321 3.9034 3.8400 3.7376 3.8550 3.6908 3.7622 3.5801 3.5826 3.5829 3.6600 3.6194 3.6159 3.5107 3.5748 3.5113 3.5392 3.5131 3.6471 3.7792 3.2665 2.5826 
5.6633 5.8330 4.7448 3.2959 2.9158 2.0514 2.4489 2.2699 2.6034 2.2649 2.4575 2.0019 2.3828 1.7146 1.9718 2.3906 -0.1325 2.2994 1.8729 1.5494 2.0450 1.6107 2.0191 1.7295 1.9728 1.4760 1.5160 0.9021 1.7004 1.8714 3.0200 3.6577 2.7277 
5.6915 5.5590 4.9234 4.3207 3.9735 3.9129 3.6610 3.5737 3.5011 3.4066 3.2383 3.2488 3.0338 3.0706 3.1055 2.9373 2.9287 2.8837 2.9802 2.8855 2.7569 2.8963 2.8038 2.8800 2.8938 2.8729 2.8438 2.9217 2.8464 2.9451 3.2477 3.4223 2.5168 
4.7519 5.6288 4.7149 3.7805 3.1005 2.6962 2.9395 2.1757 2.1205 2.7926 2.8452 2.3805 2.2634 2.4476 2.1457 2.5697 1.9172 2.5000 2.0113 2.2260 1.9628 1.9921 2.3902 2.2367 1.4853 1.4872 2.0825 1.7219 1.9750 2.4218 3.0249 3.5024 2.0422 
5.7384 4.9428 3.9851 3.9991 3.7372 3.4290 3.1195 2.9406 2.9516 2.8405 2.6734 2.6658 2.8596 2.7155 2.5936 2.1550 1.7653 2.0855 2.4613 2.4974 2.5366 2.3361 2.2294 2.2954 2.3465 2.2001 2.2924 2.4431 2.5814 2.6462 2.3852 2.7654 2.6120 
4.6234 5.4049 4.3690 3.9042 3.5510 3.6174 3.3108 3.3638 3.0565 3.4061 3.3018 2.5691 2.9320 2.9225 2.8912 2.9854 2.4706 2.9256 2.7312 2.6895 2.6197 2.2012 2.8654 2.8794 2.4383 2.5832 2.4409 2.6234 2.4099 2.5084 2.6313 3.2778 1.8092 
4.5068 4.9539 4.5485 4.3314 3.9899 3.9128 3.8592 3.8389 3.7092 3.4742 3.3964 3.3845 3.3242 2.8816 3.0359 3.0482 3.2480 2.9828 2.9139 2.6263 3.0082 2.9932 2.9361 2.9426 3.0721 3.0691 2.9722 2.9190 2.8649 2.9401 2.9104 2.8407 1.2915 
5.6037 5.3206 4.4539 3.8945 3.5081 3.3255 3.0963 3.0301 3.3259 3.0843 2.4221 2.6970 3.0593 2.9612 2.9565 2.8814 2.2896 2.8030 2.8349 2.7495 2.7915 2.3673 1.9625 2.5538 2.6609 2.3207 2.2652 2.3302 2.3779 2.5015 2.7897 3.1632 2.5836 
5.9371 4.9592 3.9620 3.6175 3.5289 3.3630 3.1869 3.1485 3.1370 2.4447 3.0182 2.5301 2.8000 2.6797 1.8571 2.2967 2.4546 2.2101 1.6848 2.4748 2.4929 2.1561 2.5670 1.9181 2.5153 2.4333 2.3712 2.3709 2.3993 2.2832 2.3408 2.7940 2.8779 
4.5480 4.6989 3.5529 3.3523 2.4359 2.3869 2.7667 2.8415 2.4970 2.6462 2.2367 1.8721 1.2891 2.0113 1.8005 1.1925 0.9110 1.0717 1.6525 1.8008 1.0325 1.4943 1.7898 2.0951 1.8792 2.0579 1.9086 1.3893 1.1733 1.9325 1.8901 2.5583 1.6403 
