3.0625 2.6589 2.7168 2.3428 1.6823 1.4780 2.1122 1.7309 2.0278 2.2217 1.1605 2.0701 2.1385 2.2042 2.1224 1.5628 1.7283 1.4957 1.9982 2.0498 1.8852 1.7588 0.8016 1.7914 1.4998 1.1138 1.4046 0.6661 0.7112 1.2579 1.3918 0.9385 0.5799 
3.5376 2.9411 2.8537 2.0621 2.5106 1.9326 1.6592 2.1846 2.4048 1.8572 2.1719 2.0439 0.9412 1.8080 2.0865 1.9898 -0.0670 1.9205 1.9419 1.6591 0.6814 1.7380 1.8071 1.4229 1.8770 1.5992 0.9623 1.1309 1.5636 0.9425 1.4862 1.1606 1.0391 
3.5819 2.7791 1.9026 2.2973 1.8717 1.8224 2.4146 1.7738 1.9609 1.7254 2.2373 2.0666 2.0700 1.5608 1.9519 2.2209 0.6466 2.1691 1.8403 1.3858 1.8138 1.7546 1.8675 1.2985 1.4506 1.1739 1.7286 1.0242 0.9500 1.2102 0.5450 0.9848 1.0645 
3.1002 2.6867 2.3621 2.5094 1.9033 1.5381 1.9890 1.8507 0.9788 2.2073 2.0660 2.1217 1.7722 1.7741 0.3227 1.6632 1.8393 1.5928 0.1732 1.6070 1.5334 1.8086 1.7023 1.7803 0.4724 1.2897 1.3154 0.7274 0.9770 1.3912 1.0295 0.9620 0.6245 
3.0642 2.5444 2.1741 1.7760 1.4634 1.9742 2.2152 1.7542 1.6535 1.3863 1.7579 0.6613 2.0022 2.2840 1.8305 0.8910 1.4765 0.8184 1.7296 2.1338 1.7676 0.3892 1.3913 0.9574 1.1163 1.1523 1.5180 1.1793 0.5562 0.6637 0.8462 0.7815 0.5588 
3.3039 2.5923 1.4581 2.2167 1.9419 2.0427 2.2735 1.6882 1.9209 1.5937 1.3595 1.6910 2.0892 1.9132 1.8830 1.5742 1.5677 1.5033 1.7835 1.7548 1.8250 1.3709 1.0036 1.1414 1.4179 1.0583 1.6028 1.2435 1.0076 1.1040 0.1516 0.8229 0.7763 
2.7971 2.0474 2.1353 1.2216 1.3079 2.1758 2.0050 2.1364 1.7830 1.4285 1.9307 1.5742 0.9387 0.7897 1.1553 1.6990 1.7179 1.6339 1.0396 0.6084 0.6822 1.2982 1.5764 0.9973 1.2940 1.5253 1.3214 1.3773 0.3257 0.1276 0.8058 0.2604 0.2363 
2.6189 2.8344 2.9075 2.7838 2.2074 2.3530 2.4294 2.4993 2.3351 2.2010 2.0797 1.7155 1.4253 1.2893 1.7848 1.8678 1.6891 1.8196 1.6938 1.0799 1.2008 1.4018 1.7093 1.7741 1.8248 1.8713 1.7367 1.5588 1.2926 1.6987 1.5498 1.0780 -0.1181 
3.3211 2.9335 3.4977 3.2803 3.0560 2.8951 2.8169 2.5687 2.2708 2.9654 1.9321 2.1052 2.2211 2.2614 1.2126 2.3032 1.8724 2.2530 1.0724 2.1112 1.9907 1.7923 1.5780 2.5380 1.7693 1.9731 2.1266 2.0954 2.1362 2.1536 2.1797 1.2078 0.7914 
4.2327 4.0198 3.2780 2.5045 2.8203 2.6819 2.5483 2.3273 1.8117 2.0226 2.1230 1.8360 2.2275 1.8384 1.8863 1.5643 1.1299 1.4952 1.7855 1.6912 2.0052 1.5388 1.7536 1.5866 1.3184 1.7469 1.8464 1.8786 1.8671 1.3994 1.8818 2.2828 1.8083 
5.3906 5.3322 4.6651 4.3242 4.0905 3.8058 3.7376 3.7448 3.5381 3.2894 3.5904 3.2896 3.1101 3.0470 3.0062 2.9665 2.9426 2.9209 2.9115 2.8999 2.9062 2.9689 3.2392 2.8474 3.0301 3.1373 3.0348 3.0049 3.1200 3.2411 3.3349 3.5954 2.9089 
4.8187 5.3514 4.9647 4.4146 4.1453 4.0422 3.9647 3.7190 3.7177 3.8060 4.0032 3.7449 3.6441 3.6040 3.5047 3.4472 3.4447 3.3933 3.3992 3.4217 3.3960 3.4367 3.6531 3.3801 3.2083 3.0876 3.3006 3.2422 3.2129 3.3199 3.6263 3.6513 2.2476 
2.2451 5.1337 4.6721 4.2771 4.0793 3.9121 3.8726 3.8685 2.9304 2.9401 3.7045 3.4578 3.2709 3.1729 3.2014 3.0750 3.0645 3.0283 3.0686 2.9989 3.0136 3.1624 3.3344 2.5178 2.4498 3.3049 3.2044 3.1175 3.1212 3.2060 3.3578 3.4154 1.6196 
5.1664 5.3408 4.9385 4.3414 4.1257 3.9094 3.8265 3.7987 4.1094 3.8618 4.0835 3.5593 3.5079 3.3827 3.4650 3.3507 3.3224 3.3073 3.3622 3.2191 3.3049 3.2910 3.7129 3.4345 3.5860 3.2275 3.1423 3.1186 3.1933 3.2815 3.6039 3.6081 2.6032 
4.2266 5.2057 4.4269 3.6511 3.3172 3.0288 2.6605 2.9726 3.5786 2.6244 3.3585 2.2040 1.8675 2.1103 2.1263 2.2614 2.2015 2.2038 2.0243 1.9026 1.6317 1.9037 2.9909 2.1934 3.0618 2.3667 1.9365 2.2003 2.3262 2.5311 3.0939 3.4665 1.4860 
5.3463 4.9092 4.9305 4.2986 3.8683 3.6523 3.5974 3.4225 3.6996 3.4834 3.7186 2.9667 2.2069 2.1815 2.0277 2.2279 1.9816 2.1725 1.8794 2.0057 1.9921 2.6626 3.3480 3.0584 3.1619 2.8399 2.9130 2.8404 2.9431 3.2055 3.5855 3.1562 2.8922 
5.0451 5.3791 4.9005 4.1449 3.7377 3.3970 3.2932 2.7146 3.1138 3.3299 3.7880 3.2200 3.1039 3.0198 2.7870 2.4860 2.3901 2.4120 2.6626 2.8713 2.9012 2.9233 3.4223 2.9102 2.6051 2.1344 2.5729 2.5889 2.7912 3.0263 3.5191 3.6865 2.5409 
3.7866 5.1781 5.0405 4.6699 4.4945 4.2914 4.1829 4.1187 4.2754 4.0192 4.3148 4.0069 3.8838 3.7971 3.7402 3.7791 3.7608 3.7324 3.6290 3.6390 3.6893 3.7190 3.9603 3.5803 3.7819 3.5024 3.4836 3.4952 3.5336 3.5882 3.7227 3.4614 1.3343 
3.9607 5.2284 4.9833 4.5060 4.2632 4.1335 3.9864 3.9105 3.9733 3.8261 3.4051 3.5601 3.5556 3.5220 3.6215 3.4795 3.3924 3.4318 3.4856 3.3620 3.3367 3.2935 3.0362 3.3958 3.4601 3.3368 3.3125 3.3340 3.3456 3.3867 3.6597 3.4925 1.9791 
5.0888 5.1027 4.3763 4.0643 3.5007 3.3260 3.3120 3.1435 2.9704 3.3423 3.6127 3.5441 3.4347 3.1933 2.5299 2.4964 2.5109 2.4361 2.4222 3.0139 3.2117 3.2719 3.2611 2.9158 2.4952 2.5697 2.6052 2.5199 2.5678 2.9318 3.0221 3.3893 2.7185 
4.2690 4.6638 4.6062 4.1379 4.0426 3.8706 3.8692 3.8631 3.6700 3.7282 3.6036 3.3637 2.9034 2.9609 3.4243 2.9324 3.1478 2.8920 3.3262 2.7852 2.6458 3.0592 3.2509 3.3034 3.1345 3.2990 3.1996 3.0739 3.0888 3.0310 3.3103 2.9410 2.1138 
4.2077 5.2993 4.7320 4.4043 4.2184 4.1030 3.8173 3.8237 3.8272 3.7086 3.9068 3.7144 3.6866 3.6033 3.7003 3.4525 3.4294 3.3984 3.5616 3.4223 3.4254 3.3999 3.5526 3.2837 3.3320 3.2527 3.1227 3.3028 3.3079 3.3138 3.3861 3.5543 0.0255 
4.1749 5.1343 4.4401 3.5055 3.3143 2.9415 2.6800 2.4910 3.3100 3.2156 2.9480 2.1200 2.4712 2.5470 2.1272 2.3219 1.8754 2.2637 2.0077 2.3659 2.2156 1.8059 2.5792 2.7734 2.7876 1.8682 2.0224 2.1469 2.3695 2.4166 3.0600 3.4254 1.7002 
3.9848 4.5091 4.2684 3.8073 3.5403 3.3368 3.1993 3.3837 3.5774 2.7041 2.9284 2.9400 2.9103 2.7562 2.8455 2.8137 2.8800 2.7442 2.7105 2.5842 2.6547 2.6311 2.5647 2.2664 3.0606 2.7951 2.5247 2.5370 2.6085 2.7045 2.9454 2.7827 1.3633 
4.2736 4.1763 2.9302 3.0597 2.6232 1.7371 2.2895 3.0012 3.1737 3.1841 2.9921 2.2778 2.4282 2.7212 2.8272 2.7386 2.3101 2.6733 2.6919 2.5623 2.1840 1.9885 2.6286 2.7427 2.6601 2.4235 1.6204 0.9344 1.7232 1.9661 1.5018 2.4690 1.8633 
3.8209 4.0770 3.8709 3.5402 3.0254 2.8045 3.2162 2.7997 3.0548 2.9168 2.8300 2.6531 2.8947 2.4990 2.8799 2.8284 3.0741 2.7649 2.7307 2.3041 2.6344 2.3637 2.4839 2.4940 2.5566 2.1937 2.5324 2.0229 2.1033 2.4623 2.5674 2.3256 1.4625 
3.7817 3.5085 3.7133 3.0999 3.1682 3.1787 3.3508 2.9753 3.1090 2.6615 2.6880 2.0973 2.8255 2.1674 2.1718 2.9387 2.9160 2.8978 2.0725 1.9916 2.5846 1.7793 2.3363 2.2268 2.6043 2.3767 2.6483 2.3837 2.2352 1.9975 2.3527 1.8442 1.2893 
3.5056 4.0040 4.1465 3.4706 3.3690 3.1265 2.8390 3.4291 3.4631 3.3247 3.3764 2.2717 2.8678 3.0464 3.2575 3.0055 3.4327 2.9575 3.1169 2.9034 2.6123 1.9847 3.0111 2.9023 2.9643 2.8601 2.1405 2.3216 2.4428 2.3916 2.8181 2.2714 0.9713 
3.3086 3.3519 3.4754 3.2421 3.2552 3.1211 2.9523 3.2528 2.9266 2.8669 2.0375 1.7510 2.7994 1.8529 2.4236 2.6251 2.2294 2.5735 2.2845 1.7074 2.5652 1.4475 1.6919 2.4205 2.4173 2.6384 2.2527 2.3226 2.2924 2.1236 2.1622 1.5890 0.5588 
4.1555 3.7608 3.7150 3.5119 3.0614 3.0398 2.6739 2.9976 2.9062 2.7457 3.2093 2.9688 2.3235 3.0004 2.0957 2.7626 2.3237 2.6971 1.9504 2.8434 2.1214 2.6614 2.8622 2.3163 2.3795 2.4180 2.0348 2.2359 2.1416 2.4490 2.3498 2.0577 1.7253 
3.7994 3.8033 3.3836 3.1937 3.3682 3.1745 3.3372 2.9780 2.5693 2.6082 2.2930 2.3991 1.7337 2.5137 2.4632 2.0908 2.5261 2.0167 2.3201 2.3171 1.4806 2.1141 1.9401 2.1780 2.0816 2.3844 2.6341 2.3761 2.4483 2.1070 2.0610 2.0988 1.2673 
3.2811 3.6044 3.4909 2.2695 2.7079 2.4950 2.6644 3.0251 3.0546 2.3783 2.4871 2.5026 2.6509 2.6713 2.2860 1.7989 1.7013 1.7496 2.1812 2.5255 2.4364 2.1890 2.1164 1.9339 2.5515 2.4550 1.9964 1.6948 1.7824 1.1269 2.1630 1.8808 0.8354 
3.1682 3.3617 2.6384 2.6172 2.3524 2.3416 2.0377 2.0902 2.8037 2.7867 2.2984 2.0098 2.1756 2.4993 2.4311 2.5811 2.3411 2.5336 2.2925 2.2934 1.9395 1.7225 1.9382 2.3449 2.2780 1.4688 1.3439 1.5456 1.4177 1.5167 1.3108 1.6699 0.7997 
2.6049 3.1077 3.0998 2.1334 2.8028 2.8465 2.9784 2.9254 3.1369 2.6914 3.1726 2.8700 1.8874 2.4216 2.6749 2.5564 2.5507 2.5116 2.5758 2.2343 1.6860 2.5561 2.8204 2.2662 2.6307 2.3045 2.2801 2.0399 1.8631 0.9772 1.7766 1.4079 0.0645 
2.2162 4.1871 4.0815 3.7578 3.8144 3.8257 3.7069 3.1535 3.4415 3.8065 3.4559 2.8129 3.0866 3.5484 3.5602 3.3185 3.3863 3.2654 3.4446 3.3808 2.8928 2.5205 3.0850 3.3779 2.9437 2.5663 2.9933 3.0233 2.9036 2.6281 2.7163 2.4801 1.0824 
3.6463 4.1084 3.3987 3.2991 3.4168 3.3624 3.2422 3.3651 2.5033 3.3988 3.2051 2.6227 2.6393 2.8300 2.6297 3.1644 3.0132 3.1004 2.5359 2.6418 2.4191 2.3280 2.8487 2.9708 1.9717 2.7710 2.5446 2.5710 2.5134 2.1610 2.1080 2.3478 0.7933 
3.4925 3.8548 4.0520 3.6541 3.8389 3.8960 3.9514 3.6269 3.4602 4.1009 3.7136 3.7071 3.3869 3.2203 3.2995 3.1277 3.0997 3.0666 3.1605 3.0328 3.1484 3.3925 3.3423 3.6673 2.9639 3.0156 3.2903 3.0956 2.9245 2.5241 2.6898 2.1617 0.4672 
4.2413 4.1111 4.4296 4.0854 3.7131 3.9842 3.7550 3.9033 2.5004 3.6421 3.7795 3.3113 2.6427 3.0879 2.1471 2.4147 3.0725 2.3510 2.0321 2.9389 2.4258 2.9927 3.4144 3.2026 1.9832 3.3305 3.0583 3.1855 2.7714 2.9568 3.0684 2.4080 1.6824 
4.5951 4.5471 4.6139 4.3188 3.7441 3.6113 3.4592 3.8480 3.7336 3.9644 3.3993 3.4875 3.5808 3.7616 3.7155 3.6339 3.5795 3.5609 3.5875 3.5857 3.3516 3.2069 3.0330 3.5229 3.2286 3.2887 2.7861 2.8220 2.8078 3.2275 3.2992 2.8082 1.9807 
4.0490 4.4413 4.5617 4.2506 3.9855 3.8159 3.8699 3.7213 3.4786 2.9192 3.7319 3.3754 3.6567 3.5338 3.7688 3.5259 3.5792 3.4655 3.6745 3.3679 3.4055 3.0668 3.3632 2.4975 2.9862 3.0972 3.2036 3.0095 3.0558 3.1501 3.2359 2.7184 1.4642 
4.1868 4.5707 4.2822 3.5744 2.9352 3.4517 3.7344 4.0127 2.6109 3.5086 3.7005 3.3681 3.5183 3.2500 3.3498 3.0181 2.6030 2.9687 3.2431 3.0593 3.3104 3.0649 3.3272 3.0753 2.1010 3.4084 3.0361 2.6502 1.9734 2.4982 2.9497 2.8795 1.8590 
3.3170 4.6028 4.8310 4.1748 1.8311 3.4740 2.8556 3.6041 3.3398 3.6406 3.6030 3.7083 3.1458 2.6315 2.7055 2.7161 2.0199 2.6600 2.6037 2.4914 2.9307 3.3914 3.2528 3.2010 2.8400 3.0068 2.1831 2.6906 1.0866 3.0526 3.4673 2.9132 1.5195 
3.8374 4.2041 4.4946 3.8690 3.0330 3.4872 3.3047 2.5338 3.3424 3.3311 3.3392 3.2863 3.2378 2.5561 2.9388 1.5183 1.5653 1.4196 2.8273 2.3642 2.9908 2.9710 2.9730 2.9065 2.8353 1.9313 2.5975 2.6856 2.1360 2.7746 3.1245 2.5085 1.2000 
3.7207 4.3491 4.1850 3.1073 3.3812 2.9108 3.7118 3.7557 3.5569 2.7206 3.6148 2.5394 3.4457 3.1474 3.1217 2.7389 3.4609 2.6773 3.0124 2.9783 3.2291 2.2447 3.2663 2.2904 3.0439 3.1531 3.0050 2.0995 2.4797 2.0329 2.8876 2.6220 0.4136 
3.4090 3.4934 4.2211 3.9691 3.6313 3.5271 3.4154 3.4529 2.7317 3.6781 3.3429 3.4539 2.8805 2.8360 2.9762 2.9423 3.3667 2.8990 2.8887 2.6437 2.6158 3.1593 2.9737 3.2360 2.2391 2.8887 2.7197 2.7290 2.6692 2.8884 2.9121 1.7970 0.8531 
3.9333 4.1645 4.2292 3.8485 3.4869 3.4368 2.3905 3.1379 3.7104 3.3555 3.6722 3.3989 3.1030 2.3302 2.9978 2.6568 2.5071 2.6013 2.9044 2.1746 2.9013 3.0887 3.3087 2.9253 3.1882 2.5587 1.7085 2.6399 2.5703 2.7433 2.9184 2.4609 1.5097 
4.1159 4.3182 3.6994 3.5693 3.6521 3.3075 2.8275 3.8682 3.5427 3.4110 3.4082 3.2757 3.4329 3.2826 3.1854 2.8036 3.1427 2.7303 3.0616 3.0729 3.2097 2.9619 3.0439 2.9827 3.0323 3.3073 2.1492 2.5117 2.6910 2.5011 2.3207 2.6058 1.5523 
2.8070 3.6997 3.5570 3.3365 3.2733 2.9470 3.0659 3.0749 3.0404 2.5909 2.6068 2.2656 2.0392 2.8012 2.6720 2.4096 2.5980 2.3385 2.5723 2.6202 1.7954 1.9767 2.2474 2.1589 2.5418 2.5135 2.3914 2.1458 2.3125 2.2268 2.2124 1.9605 0.7068 
3.5821 3.7622 3.6601 3.4781 2.9070 2.9078 2.3672 2.9113 3.0107 2.4849 2.5396 2.3358 2.4683 2.2746 2.6397 2.0926 1.5903 2.0124 2.5383 2.1309 2.2138 2.0610 2.1729 2.0414 2.5181 2.2898 1.7084 2.1065 1.9381 2.3968 2.2944 2.0587 1.0840 
3.9291 3.3744 3.3454 2.6929 2.1464 2.1808 2.4050 2.6200 2.5292 1.3692 2.2714 2.3194 1.9382 2.2011 2.1853 2.2718 2.0827 2.2255 2.0974 2.0467 1.7245 2.0463 1.9130 0.9449 2.0149 2.0455 1.7190 1.3844 1.2027 1.6046 2.0138 1.6297 1.4229 
3.4978 3.2220 2.9039 2.6573 3.0929 2.6944 2.1363 2.5039 2.6966 2.2640 2.1708 2.0015 2.4363 2.2816 2.5369 2.1997 2.1716 2.1485 2.4254 2.1321 2.1901 1.7220 1.8034 1.8342 2.1980 1.8825 1.4433 1.8846 2.1767 1.5528 1.5744 1.4659 1.0598 
2.9710 2.2065 2.4412 2.9031 2.7409 1.8900 2.0080 1.6545 1.8315 1.8310 2.1573 2.3771 1.7112 1.9665 1.6888 1.5388 1.3950 1.4818 1.5371 1.7903 1.4612 2.1000 1.7966 1.4023 1.3387 1.0504 1.3258 1.0752 1.8040 1.7912 1.1110 0.4085 0.3738 
3.3069 2.8654 2.3893 2.6197 2.3750 2.2185 2.0051 2.2397 2.1053 1.7761 1.9031 1.9983 1.5428 1.8652 1.7775 1.3064 -0.2017 1.2517 1.6881 1.7183 1.3290 1.7129 1.5489 1.3461 1.5792 1.6684 1.3268 1.4155 1.4320 1.5156 1.0573 1.0928 0.8077 
3.5045 3.0666 2.9869 2.5611 1.8781 2.6112 2.4624 2.1032 2.4930 1.9409 2.2878 2.3647 1.3252 2.0620 1.6532 1.5032 0.7032 1.4503 1.5105 1.8617 1.0629 2.0941 1.9312 1.5060 1.9569 1.4681 1.7613 1.8117 0.9704 1.4558 1.6719 1.3476 1.0129 
3.1300 2.5702 2.2694 2.3858 2.2576 2.0150 1.8769 2.3049 1.5204 1.8965 1.9774 2.1713 1.8123 1.6350 1.4938 1.3345 0.1123 1.2934 1.3878 1.4459 1.5846 1.8638 1.6277 1.4664 1.0151 1.7330 1.2102 1.2135 1.3327 1.3025 0.9508 0.8775 0.6624 
2.8954 2.8799 2.4582 1.5070 1.4757 1.9210 2.1815 1.8483 1.1620 1.3809 1.6739 1.5405 1.3649 1.2442 1.8262 2.1194 1.7122 2.0692 1.7291 1.0543 1.1204 1.2746 1.3046 0.9560 0.6590 1.2771 1.4803 1.1299 0.5586 0.4306 1.0906 1.1210 0.3742 
0.6935 2.2763 2.4390 2.2674 1.8232 2.2152 2.1574 1.3970 1.4673 1.5881 1.1043 1.7504 1.1851 1.8077 2.0488 1.4624 1.7484 1.4115 1.9073 1.6577 0.9482 1.4450 0.7444 1.1495 0.9732 0.8020 1.4592 1.4151 0.9182 1.1710 1.0750 0.5824 -0.8240 
1.7210 2.2506 2.0054 1.7304 0.9288 2.1369 1.9883 0.7398 0.9704 1.8533 1.9389 0.1985 1.8757 1.5682 1.0566 1.4882 0.9126 1.4394 0.9503 1.3937 1.6813 -0.0824 1.5838 1.4234 0.4880 0.1582 1.3120 1.3385 0.0218 0.6126 0.6553 0.5427 -1.0677 
3.1513 2.6885 2.4447 1.1465 2.0948 1.8449 1.6409 1.0548 1.5319 1.4633 1.0962 1.2108 1.5305 1.0283 1.5206 1.3531 0.1102 1.3096 1.4130 0.8829 1.3172 0.9234 0.7325 1.0406 1.0238 0.4916 0.9480 1.0393 1.1383 0.0374 1.0789 0.9557 0.6621 
2.9768 2.5081 2.6144 2.5171 2.6853 2.1018 2.3643 2.1657 2.0580 1.9496 2.0362 1.6645 1.4911 1.5748 1.6681 1.6269 1.5432 1.5574 1.5273 1.3977 1.2973 1.3531 1.6876 1.5149 1.5227 1.5672 1.6987 1.3043 1.7660 1.3984 1.3028 0.7224 0.4520 
3.4337 2.9651 2.6825 2.4293 2.3488 2.0376 2.3210 1.9988 2.1029 1.8680 1.6224 1.5359 1.0836 1.5202 1.6985 1.9145 1.7423 1.8605 1.5596 1.3589 0.8901 1.2697 1.2705 1.4442 1.5694 1.4018 1.6575 1.2317 1.4178 1.3237 1.3593 1.2137 0.9346 
2.7441 1.9756 1.4489 1.5819 1.3838 0.8871 1.1605 1.3995 1.2651 1.5197 0.9103 1.3857 1.2110 1.2216 1.4992 0.2727 1.0715 0.2274 1.3940 1.0353 0.9687 1.0758 0.5269 1.0871 0.7168 0.8280 0.4859 0.0355 0.4692 0.4933 0.1686 0.3391 0.2009 
2.8275 2.1090 2.2188 2.1323 1.9206 1.7124 1.8665 1.1401 1.2085 1.1649 1.4284 1.2883 1.2950 1.6679 1.8384 1.0317 1.0524 0.9763 1.7369 1.4647 1.0346 0.9691 1.0622 0.7294 0.6784 0.5468 1.1982 0.9046 1.0021 1.0126 0.9130 0.3414 0.3222 
2.9431 2.8410 3.0050 2.6767 2.3320 1.9024 2.3235 2.1670 1.7038 0.0258 2.1017 1.9536 0.5276 1.6241 1.7441 1.4862 1.1100 1.4389 1.6361 1.4373 0.2870 1.6851 1.7304 -0.2939 1.1720 1.5679 1.6616 1.1141 1.3984 1.5867 1.6990 1.0857 0.4508 
3.3156 2.8457 2.4240 2.4632 1.7825 1.8660 2.2499 1.6708 1.6584 1.8997 1.4375 1.4968 1.8845 1.7745 1.3719 1.4848 1.5843 1.4383 1.2791 1.6039 1.6917 1.2166 1.0648 1.4669 1.1289 1.0375 1.5675 1.0638 0.8919 1.3461 1.0822 1.0703 0.8406 
2.6617 2.3113 1.9964 2.0243 1.9626 1.0916 1.5603 0.6529 0.7308 1.4613 1.4467 0.7008 0.5802 0.9697 0.5031 1.4198 1.4252 1.3700 0.3733 0.8002 0.3421 0.4233 1.0751 1.0337 0.2238 0.0907 0.8970 0.2792 1.0293 0.9239 0.6556 0.5951 0.2078 
2.5188 2.3873 2.5313 2.5933 2.1989 2.4612 1.9574 1.0154 1.8967 1.3627 1.2715 1.3899 1.5897 1.3544 1.4086 1.5901 0.6387 1.5210 1.3127 1.1783 1.3585 1.0870 0.9077 0.9391 1.3981 0.4475 1.2907 1.6600 1.2894 1.4788 1.2039 0.6592 0.0634 
3.0851 2.7009 2.3492 1.0156 2.0727 0.4327 2.1228 1.8593 1.0545 2.0611 1.3083 1.8571 1.7341 1.7759 1.1134 1.3879 -0.0437 1.3392 0.9973 1.6113 1.4771 1.5658 0.9354 1.6184 0.5527 1.2933 1.4175 -0.3917 1.1104 -0.1358 1.0100 0.9720 0.6036 
2.5890 1.6712 1.7720 1.8516 1.2994 2.1777 1.8042 1.9865 1.7113 1.4426 1.6960 1.5977 1.7266 1.8721 1.7661 1.8788 -0.1428 1.8304 1.6726 1.7255 1.4690 1.3137 1.3236 1.0126 1.1894 1.3875 1.1193 1.3773 0.3331 0.7532 0.4616 -0.1531 0.1202 
2.8705 2.4999 2.7414 2.2382 2.0802 2.3471 2.1231 1.7651 1.8349 1.4513 1.8493 1.4265 1.7440 1.4970 1.3237 1.3044 1.0449 1.2423 1.2021 1.3413 1.4934 1.1292 1.4771 1.0192 1.3356 1.1756 1.4143 1.5460 1.1217 1.1318 1.4080 0.7632 0.3253 
2.2192 2.1612 2.1556 1.8424 1.3243 1.0100 1.7338 1.6643 1.7491 1.7366 1.6762 1.6824 0.9222 1.4082 1.6593 1.6791 -0.6768 1.6026 1.5192 1.2555 0.6693 1.3642 1.3080 1.3121 1.2515 1.0470 1.0333 0.2213 0.3801 0.7307 0.8271 0.4606 -0.2285 
1.4229 1.9359 1.7193 2.1313 1.7393 1.3281 1.6787 1.6405 1.6378 1.0478 1.6541 1.4575 1.1973 1.3692 1.5905 1.3450 1.5044 1.3053 1.4631 1.2007 0.9598 1.1636 1.2972 0.6288 1.1044 1.0316 0.9678 0.5360 0.7957 1.0259 0.3347 0.2420 -0.6911 
2.6151 2.3010 2.4948 2.2736 1.7217 1.6007 1.7371 1.8174 1.7583 1.9474 1.8638 1.9073 1.3519 1.3641 1.2128 0.8769 1.0585 0.7990 1.0774 1.1916 1.1010 1.6349 1.4992 1.5094 1.2632 1.2419 1.0357 0.7881 0.7735 1.1884 1.1328 0.5986 0.1496 
1.5647 2.6702 1.0628 2.2432 1.6986 1.9172 2.0988 2.1725 1.3837 1.7051 1.7215 1.6626 1.8445 1.7067 1.6558 1.6486 1.4929 1.5771 1.5171 1.5053 1.6256 1.3522 1.3483 1.2809 0.8876 1.5763 1.3882 1.1281 0.7204 1.1458 -0.4708 0.9735 -1.1613 
2.6183 2.1383 2.5360 2.5125 2.2158 1.9415 1.9206 1.6917 1.3629 1.9528 1.6430 1.6914 1.6068 1.6725 1.5975 1.3512 0.4936 1.3069 1.4660 1.4669 1.3668 1.3733 1.2878 1.5158 0.8775 1.0611 1.2574 1.1378 1.3047 1.3921 1.2062 0.3971 0.1332 
2.5082 2.7066 1.7332 2.4735 2.0103 2.2643 2.1367 1.7412 1.3052 2.0158 1.2216 1.3452 1.3813 1.4327 1.4602 1.5474 1.0978 1.4811 1.3577 1.2898 1.1456 1.0393 0.8686 1.5741 0.7900 1.1247 1.4294 1.4656 1.0582 1.3602 0.3850 1.0228 0.0087 
3.4810 2.9252 2.7974 2.5883 1.8205 2.1497 1.8335 1.7118 1.9630 0.5063 1.7157 1.5764 1.4192 1.7585 1.1683 1.4460 0.1174 1.3899 1.0499 1.5844 1.1938 1.2993 1.3434 0.0904 1.4517 1.0881 1.1391 1.3482 0.8988 1.4698 1.4454 1.1433 0.9740 
2.0785 2.2033 2.6444 1.8630 1.7150 1.0132 1.7506 1.4175 1.5103 1.3250 1.5810 1.7442 1.7950 1.4042 1.7269 1.5700 1.2870 1.5026 1.6089 1.2517 1.5606 1.4377 1.2341 0.8999 1.0072 0.8373 1.0538 0.2074 0.7650 0.7500 1.3268 0.5178 -0.5271 
2.2890 2.6888 2.1561 2.2374 2.1922 2.2116 1.9699 2.0109 1.3416 1.7244 1.6989 0.9052 1.2227 1.5065 2.0436 1.7311 1.3059 1.6855 1.9052 1.3512 0.9850 0.5752 1.3273 1.3001 0.8508 1.4044 1.3031 1.4118 1.2908 1.1481 0.8010 0.9983 -0.1131 
2.4584 2.4917 1.7428 1.9247 1.8711 1.4680 1.3854 1.8365 1.8334 1.4807 1.3275 1.1580 1.6103 1.4275 1.1708 1.5381 1.6284 1.4755 1.0539 1.2783 1.3717 0.8944 0.9594 1.0532 1.3369 1.2708 0.6946 0.6700 0.9538 0.8494 0.4718 0.7745 -0.0660 
1.9178 2.4900 2.3299 1.8668 2.2033 1.8310 1.8611 1.8710 1.3843 1.7297 1.5368 1.3950 1.4942 1.3807 1.0086 1.4969 1.4095 1.4472 0.9168 1.2139 1.2958 1.0895 1.1822 1.3049 0.9021 1.3069 1.1820 1.0285 1.2958 0.7903 0.9955 0.7544 -0.3920 
2.7831 2.2682 1.6882 1.6364 1.8746 1.8318 1.9862 1.4319 1.1653 1.4817 1.0830 1.6418 1.7288 1.8105 1.4697 1.6497 1.7698 1.5785 1.3703 1.6591 1.4719 1.3407 0.7319 1.0569 0.6561 0.8553 1.3119 1.0320 0.9638 0.5276 0.3096 0.5598 0.3169 
2.9576 2.3554 2.0617 2.1242 2.2631 1.8855 1.7923 1.7128 1.5438 1.9967 2.1511 0.9843 0.9464 1.1830 1.6068 1.4528 1.5430 1.3953 1.4767 1.0036 0.6811 0.6965 1.7818 1.5624 1.0359 1.0954 1.0882 1.0841 1.3478 1.0176 0.6954 0.6109 0.4976 
2.6737 2.5060 1.3395 1.3424 1.8666 2.0759 1.8417 2.0626 1.9652 1.4670 0.1399 1.3199 1.4390 1.3937 1.9178 1.7196 1.7416 1.6698 1.8112 1.2413 1.2214 1.0108 -0.2288 1.0405 1.4504 1.4465 1.1459 1.2807 0.9565 0.2464 -0.0392 0.7575 0.2606 
3.2035 2.7902 1.8803 1.9292 2.1704 1.8064 2.0582 2.1487 1.9521 1.1083 2.0211 1.8486 1.1336 1.7177 1.3241 1.4954 1.8235 1.4504 1.1958 1.5257 0.9231 1.5492 1.6728 0.6846 1.4416 1.5445 1.3573 1.0136 1.2557 0.8661 0.5525 1.0405 0.7051 
3.2297 2.3969 1.4030 2.3583 2.1265 1.9325 2.4243 2.2462 2.1436 2.1335 1.8467 1.0307 1.8201 0.6095 1.8872 1.5092 -1.0685 1.4573 1.7851 0.4573 1.5953 0.7315 1.4746 1.7079 1.6428 1.6775 1.7352 1.1261 1.1892 1.2787 0.0658 0.5941 0.6992 
3.5947 2.4315 2.0602 1.9944 1.8625 1.9774 2.0300 2.1155 1.3087 2.0171 1.9436 1.8230 1.4664 0.8815 1.3693 0.4096 1.8564 0.3362 1.2699 0.6803 1.2639 1.5204 1.5886 1.5759 0.7668 1.4909 1.3387 1.1857 0.9401 0.9011 0.7655 0.7560 1.0729 
2.8355 2.5232 1.6936 1.9067 1.9525 1.7170 1.4583 1.7799 1.1699 1.1199 0.2515 1.3947 1.9195 1.3803 1.3723 1.4614 1.3694 1.4097 1.2792 1.2184 1.7113 1.0978 -0.1378 0.6785 0.6584 1.1877 0.7965 0.9076 1.0209 0.8487 0.3672 0.8588 0.3007 
3.1635 3.1518 2.8621 2.1122 2.1282 2.3774 1.8462 1.6447 1.4565 1.7038 1.1069 1.8584 1.8614 2.2037 2.0631 1.7480 0.5253 1.7023 1.9205 2.0504 1.6586 1.5693 0.7641 1.2771 0.9623 1.0282 1.1496 1.5769 1.2120 0.9783 1.4873 1.4604 0.6881 
3.6982 3.2907 2.6814 2.1446 2.3467 2.0892 2.2972 1.9877 1.7455 1.4907 0.7887 1.2091 1.9238 2.1238 0.9392 1.8412 1.7993 1.7881 0.8240 1.9304 1.7157 0.9160 0.4428 1.0625 1.2432 1.3906 1.6317 1.2901 1.4147 1.0267 1.3523 1.5046 1.1688 
3.3150 2.6721 2.1230 1.3894 2.1027 1.8540 1.8164 1.8640 1.3650 1.7390 1.5138 1.8718 1.7504 1.3298 1.4394 1.8004 1.3034 1.7518 1.3411 1.1459 1.5012 1.5908 1.1620 1.3136 0.8736 1.3015 1.1200 1.0583 1.1602 0.2457 0.7734 0.9632 0.8210 
3.7164 3.3008 2.6262 2.3719 2.3863 2.3228 2.3436 2.0320 1.5657 2.1452 2.1212 2.0053 1.5772 1.5395 1.7345 1.7056 1.5689 1.6467 1.6179 1.3740 1.3472 1.7168 1.7497 1.7210 1.0544 1.4201 1.6827 1.5318 1.4426 1.2985 1.3056 1.5268 1.2269 
3.3222 2.6784 2.2693 2.1310 1.9447 1.6595 1.6684 1.8329 1.7026 1.8033 1.8338 1.5876 1.5301 1.4655 1.5011 1.8849 1.5340 1.8369 1.3998 1.3180 1.3182 1.3065 1.4646 1.3767 1.1766 1.2672 0.9600 0.8624 1.0166 1.0124 0.9547 0.9388 0.8392 
3.0269 3.4641 3.0887 2.9164 2.7863 2.7298 2.5489 1.6536 2.2612 2.0954 1.0457 1.6824 1.1946 1.7219 1.7481 1.4545 1.3065 1.3974 1.6413 1.5307 0.9565 1.3635 0.6725 1.6536 1.7619 1.0326 1.8470 1.9292 1.8448 1.8022 1.7652 1.7609 0.5201 
4.1168 3.7299 3.3941 3.3475 2.9909 2.7311 2.7819 2.5968 2.8239 2.6238 1.8258 1.7253 2.1072 2.2343 2.4294 2.3150 1.8857 2.2608 2.2916 2.0908 1.8503 1.4181 1.4613 2.1927 2.2933 2.0129 2.1081 1.9330 2.0783 2.2320 2.0823 1.9622 1.5805 
3.7677 3.5685 3.0520 2.8947 2.7496 2.8323 2.4383 2.1883 2.1047 1.5789 1.4741 1.7917 1.4577 1.6824 1.4544 1.3158 -0.1802 1.2659 1.3542 1.4721 1.2466 1.4820 1.1032 1.1245 1.5748 1.5972 1.7389 2.0316 1.8287 1.7642 1.7257 1.8380 1.3256 
3.8646 2.9913 2.1118 2.6483 1.5131 2.7840 2.7240 2.2246 1.4138 1.9977 1.6737 1.9706 1.9309 1.7787 1.4663 1.6140 1.7653 1.5425 1.3651 1.6113 1.7205 1.6977 1.3054 1.5617 0.9039 1.6546 2.0607 1.9849 0.5549 1.5383 0.7821 1.2757 1.3838 
3.5822 3.3115 2.7913 2.9508 2.7508 2.1946 2.2953 2.6324 1.9300 1.8598 2.1649 2.4261 2.0532 1.8178 1.6805 0.9995 0.9120 0.9491 1.5334 1.6696 1.7986 2.1300 1.7989 1.4279 1.4161 2.0621 1.6313 1.3945 1.8140 1.8462 1.4388 1.5542 1.0681 
2.7021 2.5961 2.1383 2.2224 2.2652 2.7231 2.3115 2.0717 1.4529 1.8998 1.3395 2.0744 1.8323 1.5224 1.3820 1.8256 1.7786 1.7766 1.2943 1.3633 1.6109 1.7590 0.9683 1.4646 0.9488 1.4465 1.6400 1.9241 1.3582 1.1154 0.7590 0.9258 0.1148 
