1.1317 1.5325 0.9831 1.3389 1.2516 1.4026 1.5672 1.6184 1.6726 1.6255 1.5267 1.5096 1.3551 1.5755 1.3976 1.6870 1.4280 1.6151 1.3075 1.4034 1.1108 1.2391 1.1765 1.1894 1.1429 1.0235 0.9122 0.6239 0.3119 0.2466 -0.3400 -0.1637 -1.6287 
2.4486 1.5717 1.5595 1.3108 1.7386 1.3783 1.3318 0.6902 1.2482 1.2938 1.2293 1.3826 0.5427 0.9773 1.1911 0.5883 1.2233 0.5377 1.0683 0.8135 0.2895 1.0786 0.8824 0.8607 0.7204 0.1457 0.6369 0.5873 0.8283 0.2152 0.2624 -0.0665 -0.0549 
1.5896 1.8359 2.2412 1.9365 1.8754 1.3948 1.8563 2.0221 2.0672 1.8828 1.8104 1.4118 1.3433 0.6226 1.1460 1.4846 1.2782 1.4378 1.0362 0.4750 1.0946 1.1132 1.4523 1.4618 1.5353 1.4261 1.1889 0.6169 0.9747 0.8793 0.9504 0.1808 -0.7586 
2.0879 2.1272 1.8624 1.7175 1.9164 2.0286 1.4175 1.7835 1.8928 1.8408 1.8177 1.8705 2.1027 1.8088 1.3676 0.7110 -0.1252 0.6643 1.2669 1.6614 1.8520 1.6028 1.4606 1.4186 1.4031 1.2082 0.7286 1.2407 1.0126 0.6368 0.5863 0.4921 -0.5001 
1.2604 1.4806 1.7007 0.1120 1.3439 1.4853 0.9598 1.3087 1.0253 0.9167 0.9225 1.0448 1.0824 1.1460 1.0074 1.2129 1.0636 1.1421 0.9157 0.9837 0.8916 0.7493 0.5613 0.4979 0.5387 0.6955 0.2635 0.7033 0.4239 -0.9525 0.3650 -0.2296 -1.4593 
2.0123 1.5258 1.7935 1.2336 1.3471 1.2313 1.1545 0.8370 1.3343 1.5570 1.0670 1.1947 1.2474 0.9149 0.9022 1.0559 0.9255 1.0027 0.7595 0.7143 1.0006 0.9179 0.7006 1.1244 0.8405 0.2470 0.5019 0.4394 0.4428 0.1372 0.5135 -0.1805 -0.3779 
1.3417 2.2183 1.2434 1.1716 1.0704 1.3343 1.0383 1.2198 1.3413 1.3210 1.2796 1.2819 1.1884 0.3105 1.0597 -0.6165 1.0688 -0.6424 0.9567 0.1620 0.9647 0.9711 0.9179 0.9034 0.8488 0.6218 0.3524 0.5519 0.1784 0.0921 -0.0957 0.5458 -0.8825 
2.1691 2.5294 2.3469 2.0557 2.1089 1.7685 1.9145 1.2284 1.5015 1.8143 1.0114 2.0409 1.6003 1.4614 1.4783 1.5848 0.3169 1.5169 1.3823 1.3153 1.3665 1.7407 0.6450 1.3911 1.0088 0.6259 1.2663 0.9743 1.1768 0.9611 1.0378 0.8552 -0.2476 
2.0526 1.7045 1.6042 1.6985 1.5022 1.2013 0.5499 1.2458 1.2663 0.5325 0.7025 1.3203 0.9862 1.3632 -0.4092 0.9978 0.9976 0.9558 -0.5437 1.1869 0.7568 1.0104 0.3581 0.1184 0.7350 0.6441 -0.1290 0.4104 0.5924 0.5985 0.2965 -0.0114 -0.3099 
3.0206 2.5441 2.1655 2.2286 1.5967 1.8256 1.9732 2.2186 1.8769 1.7440 1.2345 1.0769 1.2952 1.3020 1.6957 1.7479 1.5958 1.7046 1.5620 1.0963 1.0392 0.8050 0.8884 1.3271 1.3847 1.6579 1.3127 1.0424 0.6637 1.1398 0.8747 0.8191 0.5670 
2.2076 1.9250 1.8717 1.7625 1.9714 1.8001 1.3853 1.5081 1.6802 1.4478 1.4220 1.4145 1.4818 1.6125 1.4952 1.4442 1.5460 1.3909 1.3918 1.4311 1.2914 1.1200 1.0653 1.0256 1.1510 0.9454 0.6881 1.0095 1.0516 0.6700 0.5809 0.2380 -0.1871 
0.6347 1.2473 1.8367 1.8528 1.4967 1.8822 1.1121 1.6365 1.6222 1.5820 1.4991 1.3438 1.5655 1.3765 1.4159 1.6212 0.6609 1.5508 1.3234 1.2107 1.3458 1.0415 1.1470 1.1528 1.0963 1.0381 0.4434 1.0962 0.5942 0.7706 0.5478 -0.4617 -1.6913 
3.1211 2.2724 1.9738 1.2411 1.3166 1.7404 1.9864 1.7783 1.6044 1.2939 1.2994 1.8922 1.7978 1.3691 1.2541 1.3911 1.4972 1.3447 1.1113 1.2007 1.5685 1.6246 0.9377 0.8574 1.0839 1.1960 1.3205 0.9594 0.3836 0.1673 0.6660 0.5540 0.6725 
2.1055 1.9295 1.8257 1.9309 1.7973 1.7158 1.8673 1.7075 1.8083 1.6760 1.3959 1.4417 1.7830 1.7751 1.2326 0.9550 0.6333 0.9099 1.0893 1.6115 1.5503 1.1477 1.0408 1.2379 1.3240 1.0965 1.2108 0.9319 0.9051 0.8874 0.5419 0.2338 -0.2554 
3.2721 2.5507 2.1781 2.0357 1.9030 1.9336 2.0429 1.9215 1.2992 1.4460 1.4700 1.7674 1.9055 1.3838 1.6516 1.2688 0.5208 1.1953 1.5129 1.2205 1.7033 1.4650 1.1200 1.0223 0.7711 1.3505 1.3549 1.1500 0.9958 0.9468 0.8830 0.8069 0.8069 
2.9131 2.0796 2.1326 2.0831 2.1376 1.7182 1.1228 1.6934 2.0826 1.7060 1.6509 1.8278 0.9379 0.6292 1.2951 0.3143 0.3995 0.2630 1.1557 0.4840 0.6802 1.5342 1.3007 1.2850 1.5550 1.0740 0.4971 0.9277 1.2265 0.9817 0.8284 0.2840 0.4641 
1.9473 2.5992 2.0562 2.3928 2.0980 1.9740 2.1521 2.0804 1.5396 0.8014 1.1456 1.1846 1.3825 1.0327 1.5800 1.2940 1.7362 1.2258 1.4612 0.8851 1.1526 0.9126 0.7921 0.3771 1.0332 1.4640 1.4616 1.1985 1.1568 1.3213 0.7285 0.9305 -0.6169 
1.4824 0.7721 1.7662 1.6959 1.7339 1.7960 1.5976 1.3096 0.9171 0.9009 1.1479 1.3749 1.5658 1.6178 1.2415 1.2589 1.3634 1.1890 1.1026 1.4349 1.3460 1.0721 0.8002 0.4745 0.4024 0.6943 0.9278 1.0088 0.8141 0.5895 0.4759 -0.7593 -1.0517 
2.7920 1.7355 1.8976 1.6993 2.1415 1.5917 1.6375 1.0820 1.8357 2.0612 1.9946 1.3144 1.6472 1.6678 1.0424 1.2878 -0.0406 1.2146 0.9441 1.4654 1.3996 1.0069 1.6485 1.6258 1.3454 0.5356 0.9499 0.7890 1.2282 0.5886 0.6101 0.1087 0.3012 
2.5318 1.4771 0.6024 1.8227 1.3457 1.2943 1.6878 0.8173 1.0095 1.7115 1.1153 0.7103 1.5308 1.1181 0.1894 1.1077 1.2021 1.0604 0.0907 0.9611 1.3229 0.4441 0.7636 1.2955 0.5272 0.2320 0.9852 0.5105 0.4304 0.7356 -0.7108 -0.2442 0.0988 
2.2181 2.3942 2.2375 1.9303 2.0939 1.8654 1.3015 1.8523 2.1589 2.1845 1.8216 1.7920 1.8334 1.5658 1.3082 0.9177 1.1516 0.8658 1.1743 1.3936 1.6160 1.4914 1.4608 1.7624 1.6844 1.3008 0.6027 1.0798 1.1589 0.8795 0.9450 0.6916 -0.2268 
3.0128 2.7588 2.4748 2.2130 1.9933 1.0600 1.9370 1.8906 1.3585 1.7519 1.6873 0.8197 1.4376 1.3962 1.3460 1.3193 0.8885 1.2673 1.2399 1.2406 1.2225 0.5333 1.3198 1.3337 0.8741 1.3284 1.2922 0.2752 1.0635 1.1252 1.1223 1.0458 0.5536 
3.3482 3.0420 2.7115 3.1140 3.2153 2.1901 2.6235 2.5057 2.3709 2.5144 2.2692 2.1601 2.0565 1.9501 1.8547 1.8876 1.9539 1.8410 1.7520 1.7828 1.8028 1.8586 1.9155 2.0980 1.8594 1.8955 1.9509 1.3961 2.2712 2.0664 1.4081 1.3621 0.9385 
3.1178 3.2106 3.7384 3.6772 3.7792 3.2866 2.6535 2.8934 2.1757 2.3872 2.4188 2.3957 1.9882 2.4697 2.1753 2.1088 1.7676 2.0584 2.0860 2.2609 1.7616 2.1096 2.0790 1.9509 1.6933 2.2831 1.9924 2.4956 2.8844 2.5775 2.4494 1.4938 0.7525 
3.2775 3.4174 3.6673 3.7289 3.7959 2.2266 3.1872 3.0677 2.8198 1.9881 2.3836 2.2612 2.1113 2.1785 1.9639 2.0154 2.0363 1.9486 1.8469 2.0200 1.8614 1.9827 2.0419 1.5365 2.2910 2.5102 2.5173 1.4572 2.8939 2.6417 2.3378 1.7542 0.9031 
2.5956 3.6515 4.2232 3.4343 3.7707 3.7654 3.5349 3.2491 2.5474 2.8953 2.6110 2.5197 2.1097 1.8604 1.8177 1.8625 1.7186 1.8150 1.7187 1.7108 1.8579 2.2139 2.2507 2.4794 2.0634 2.6346 2.8766 2.9818 2.8780 2.3347 2.9287 1.9915 0.3149 
3.9864 4.1566 3.9048 3.9752 3.8532 3.6353 3.4887 2.8687 2.9713 2.6331 2.8003 3.0283 2.5715 2.4290 2.3177 2.4942 1.7536 2.4376 2.2102 2.2418 2.3357 2.7392 2.4586 2.2097 2.4884 2.2510 2.8361 2.8552 2.9521 2.8949 2.6074 2.4766 1.3510 
3.7632 3.8242 3.9720 3.8873 3.5460 3.5355 3.3771 2.8068 3.0113 2.9272 2.9695 3.0152 1.9640 2.0792 2.4653 2.3601 2.0916 2.2925 2.3237 1.8739 1.7319 2.7215 2.6133 2.5077 2.5247 2.2079 2.6897 2.7545 2.6173 2.8378 2.6382 2.1574 1.2688 
3.2716 3.7554 3.4464 3.3972 3.1986 3.2276 2.8723 2.9619 2.6485 2.3584 1.8362 2.5210 2.7675 2.4037 2.1870 1.8986 1.9887 1.8486 2.0944 2.2217 2.5403 2.2189 1.4650 1.9281 2.1589 2.3843 2.1692 2.4400 2.2687 2.3115 2.1490 2.0857 0.4655 
3.2866 3.0063 3.6691 3.7159 3.4955 3.0438 2.3563 2.6954 2.1440 1.5875 1.6649 2.4122 2.1233 2.0831 0.0781 1.9312 2.0477 1.8758 0.1449 1.8797 1.8805 2.1172 1.3152 1.1876 1.6581 2.1329 1.6898 2.2577 2.5823 2.6205 2.3445 1.3270 0.9752 
3.4106 3.5222 3.9169 3.6659 3.7557 2.8767 2.4742 2.8782 2.6734 2.7358 2.2062 2.7075 2.4822 2.2828 2.1444 2.3107 2.1926 2.2528 2.0445 2.1311 2.2264 2.4423 1.8493 2.3046 2.1832 2.2599 1.7803 2.0804 2.8649 2.5628 2.6059 1.8433 0.9545 
3.6264 3.5340 3.4496 3.5840 3.1349 3.3458 2.5823 2.5117 1.8122 2.4062 2.5446 2.5395 1.8410 1.5451 0.8741 1.7180 1.5390 1.6779 0.7534 1.3785 1.6222 2.2416 2.1868 1.9781 1.3372 1.9041 1.9132 2.5594 2.2039 2.5060 2.1587 1.8378 1.2054 
2.7859 3.3798 3.5448 2.5975 3.2015 1.9358 2.8844 2.6404 2.1263 2.3118 1.7263 2.2544 1.9273 2.1640 1.9748 1.9536 0.1599 1.8865 1.8536 2.0015 1.7211 1.9776 1.3592 1.8861 1.6365 2.0870 2.1904 1.0840 2.2673 1.5176 2.2153 1.7325 -0.0648 
3.3907 2.9835 3.5920 3.1482 3.5199 3.4181 3.0411 2.1108 2.6471 2.7682 2.3628 2.4058 2.1829 1.7267 1.7344 2.1806 2.0638 2.1336 1.6286 1.5381 1.9507 2.1178 2.0145 2.3374 2.1611 1.5054 2.3766 2.6300 2.6044 2.0848 2.2648 1.2826 1.0495 
2.4156 2.8985 3.4380 3.3924 2.4996 3.2909 2.9651 2.5276 2.0685 1.9228 1.9943 2.0552 2.3395 2.1560 1.6920 2.0334 2.0001 1.9619 1.5485 1.9859 2.1230 1.7494 1.6491 1.4994 1.5290 1.9350 2.2721 2.5065 1.5598 2.2984 2.1492 1.2422 0.1205 
2.7461 2.6432 3.4290 3.3700 3.0140 2.8801 2.5786 2.4170 1.6999 2.1095 1.8702 1.9296 1.7391 1.8420 1.8149 1.8552 2.1066 1.8035 1.7184 1.6953 1.4863 1.6622 1.5180 1.6934 1.1809 1.8196 1.8882 2.0910 2.1068 2.2737 2.1333 1.0447 0.2247 
2.8996 3.2017 3.0120 2.7916 2.8192 2.4653 1.7676 2.6928 2.3769 1.7286 2.2968 1.9594 1.9249 1.7675 2.1429 1.7610 1.5483 1.7146 2.0424 1.6051 1.7163 1.6917 1.9475 1.3186 1.8604 2.1283 1.0824 1.6662 1.8779 1.7131 1.7184 1.4903 0.6132 
2.9807 3.2384 2.9072 3.3368 2.9651 2.9282 2.9224 2.5356 2.5867 2.2180 2.2341 1.9827 1.9721 1.7899 1.8611 1.6509 1.4834 1.5792 1.7622 1.6351 1.7490 1.7035 1.8700 1.7942 2.1038 1.9442 2.2332 2.1431 2.0740 2.2481 1.5856 1.5177 0.6820 
2.7156 3.0672 3.0343 2.9086 3.0137 2.1364 2.8770 1.8320 2.0955 1.8242 1.0017 1.3737 1.6055 1.3033 1.4493 1.0686 1.0870 1.0201 1.3444 1.1057 1.3679 1.0750 0.6114 1.3933 1.5816 1.2344 2.1797 1.3420 2.1130 1.8125 1.7318 1.3964 0.4281 
2.8820 2.7881 3.0796 3.3414 2.7182 2.8251 2.7422 2.2093 1.8144 2.2512 2.0582 1.7336 2.0671 1.7020 1.0058 1.6498 0.4161 1.5773 0.9211 1.5004 1.8112 1.4342 1.7016 1.8316 1.3366 1.6407 2.0889 2.0463 1.7994 2.2484 1.7832 1.0917 0.5156 
2.9949 3.2130 2.9050 3.2808 2.7875 2.8394 2.4753 1.4609 0.9093 1.7985 1.6569 1.9604 1.8019 1.3316 1.6856 1.7490 1.6446 1.7060 1.5460 1.1409 1.5733 1.6938 1.3066 1.3747 0.4259 0.9066 1.7698 2.0550 1.8531 2.1839 1.5662 1.4997 0.4540 
3.0346 3.0019 2.2463 2.7189 2.8257 1.8271 1.9785 2.4942 2.3908 1.5610 1.9793 1.4029 1.4313 1.6636 1.9808 1.7375 2.1450 1.6980 1.8573 1.4661 1.2145 1.0998 1.6346 1.1267 1.8690 1.8825 1.3236 1.0531 1.8799 1.6727 0.9567 1.3208 0.6816 
1.8448 3.6348 2.5686 2.8321 2.1198 2.8173 2.4832 1.9923 1.6850 2.2847 2.1212 1.1409 2.3521 2.2992 2.0844 2.0667 2.1536 1.9949 1.9454 2.1431 2.1344 0.8375 1.7603 1.8599 1.1729 1.4037 1.7814 2.0352 1.2038 1.7457 1.1952 1.9276 -2.1806 
4.2397 3.8130 3.0439 2.8553 2.7829 2.0070 2.1975 1.7980 1.8668 1.4018 1.2344 1.5323 1.8006 1.8716 1.0104 1.4585 1.7193 1.4061 0.9068 1.7254 1.5753 1.2736 0.9017 0.9812 1.3773 1.2293 1.5077 1.2315 1.8531 1.7579 1.7416 2.1165 1.8189 
4.7105 4.8811 4.3241 3.8755 3.6851 3.4101 3.3919 3.3158 3.1820 3.1126 3.0219 3.0793 3.0325 2.9693 2.9777 2.9549 2.8831 2.9086 2.8858 2.8134 2.8222 2.8110 2.6577 2.6819 2.6615 2.7189 2.7105 2.6217 2.7529 2.8105 2.9961 3.1884 2.2397 
4.9398 4.4764 4.1750 3.3504 3.3422 2.9838 2.9569 2.8414 2.7201 2.5920 2.5285 2.4656 2.3189 2.4076 2.3527 2.2778 2.4391 2.2295 2.2381 2.2239 2.1111 2.1556 2.1692 2.1734 2.2258 2.2395 2.2725 2.2063 2.4545 2.2800 2.8865 2.7311 2.4418 
3.5532 4.6180 4.2040 3.7610 3.6306 3.3622 3.1370 3.0967 2.9890 2.9426 2.9014 2.9449 2.9126 2.8624 2.8650 2.8411 2.8758 2.7688 2.7228 2.6547 2.6619 2.6444 2.5391 2.5238 2.5052 2.5287 2.4833 2.5758 2.6904 2.6707 2.8991 2.9450 -0.2493 
4.7902 4.8438 4.5350 4.2417 4.1980 4.0695 3.8248 3.7794 3.7341 3.6782 3.5800 3.5351 3.4765 3.4293 3.4047 3.3778 3.3360 3.3284 3.3057 3.2823 3.2763 3.2678 3.2356 3.2617 3.2564 3.2126 3.1557 3.2807 3.2983 3.1721 3.2513 3.1201 2.3148 
5.0538 4.9288 4.7758 4.4419 4.1775 3.9849 3.8698 3.7300 3.6592 3.6558 3.5908 3.5217 3.4503 3.4390 3.4087 3.3761 3.3603 3.3270 3.3088 3.2953 3.2597 3.2602 3.2469 3.2214 3.1324 3.1418 3.2164 3.1974 3.2800 3.3338 3.4368 3.2641 2.6527 
4.8753 5.2461 4.4467 3.8163 3.6373 3.1051 2.9232 2.5155 3.3689 3.0772 2.9596 2.9066 2.7049 2.7067 2.6483 2.6190 2.5914 2.5668 2.5498 2.5471 2.4990 2.6009 2.5986 2.6476 2.8854 1.8856 2.2276 2.3136 2.6831 2.7265 3.0677 3.5379 2.5427 
5.2091 4.9179 4.5751 3.8585 3.6209 3.3481 3.2633 4.0967 4.0814 3.8304 3.4041 3.3447 3.2675 3.2680 3.0184 3.0131 3.0078 2.9613 2.9191 3.0652 3.0137 3.0423 3.0426 3.4140 3.5735 3.4959 2.5617 2.5639 2.6801 2.8044 3.2758 3.2228 2.6270 
5.2767 5.3085 4.7031 4.5548 4.4395 4.3223 4.2387 4.3484 4.2251 3.7993 3.8605 3.8494 3.7873 3.7396 3.7119 3.6864 3.6647 3.6394 3.6078 3.5759 3.5670 3.5784 3.5112 3.3750 3.7374 3.7602 3.5805 3.5352 3.4872 3.4602 3.3806 3.6249 2.7720 
4.7021 5.3350 4.3373 3.7193 3.4063 3.2846 3.4095 3.6567 4.0159 3.8901 3.8253 3.4913 2.6555 3.3936 2.9643 2.9810 2.9261 2.9312 2.8751 3.2497 2.4373 3.2252 3.4629 3.4657 3.4873 3.0463 2.7406 2.5045 2.5056 2.6317 2.9713 3.6706 2.3183 
5.1933 4.8828 4.6254 4.3033 4.1574 4.0666 3.9863 3.9414 2.9709 3.6457 3.2211 3.5346 3.5796 3.4123 3.4258 3.3703 3.3728 3.3221 3.3226 3.2695 3.3452 3.2675 2.8778 3.2127 2.4617 3.3557 3.3079 3.2820 3.2696 3.2593 3.3352 3.1704 2.7068 
3.0227 5.4952 4.7001 3.8626 3.8004 3.6769 3.4566 3.3165 3.3507 3.2327 3.2380 3.5888 3.9380 2.6506 3.3932 3.2946 3.3013 3.2491 3.2965 2.5045 3.7138 3.3003 2.8803 2.7971 2.8719 2.7191 2.7983 2.8883 2.8971 2.7961 3.3657 3.8032 2.0854 
4.6794 5.0031 4.8565 4.5908 4.4476 4.2825 4.1588 4.1072 4.0232 3.8492 3.8274 3.8267 3.2454 3.4343 3.6535 3.5446 3.5697 3.4786 3.5102 3.2899 2.9886 3.5459 3.4710 3.4298 3.4934 3.5141 3.4729 3.4964 3.5011 3.5063 3.5213 3.3308 2.3573 
4.7092 4.6019 4.3709 3.8165 3.6407 3.4637 3.3130 2.8028 3.5404 3.4932 3.0729 3.2579 3.8857 3.0697 2.8718 2.8596 2.7676 2.7866 2.7242 2.9100 3.6810 2.9406 2.7292 3.0645 3.0388 2.2275 2.6293 2.6881 2.7112 2.7823 3.0673 2.8863 2.0483 
4.8580 4.6332 4.6258 3.4171 3.0034 2.7701 2.5076 2.6724 3.0370 2.8536 3.2961 3.5317 3.9511 3.4095 2.7502 2.9169 3.0025 2.8754 2.6391 3.2634 3.7228 3.2693 2.9346 2.4252 2.5534 2.1131 1.8301 1.9917 2.1091 2.2991 3.3282 2.9527 2.3635 
4.8800 4.7879 4.5557 4.2219 4.0071 3.8105 3.7350 3.6629 3.5541 3.3390 3.4886 3.3502 3.2122 3.2591 3.5593 3.3595 3.2784 3.3121 3.4338 3.0560 2.9667 3.0446 3.1419 2.9198 3.0410 3.0432 3.0434 3.0239 3.0607 3.1441 3.2648 3.0708 2.5017 
4.5177 4.5691 4.5853 4.1785 3.8514 3.7168 3.6443 3.2763 3.6853 3.3690 3.4802 3.6389 3.6772 3.5519 3.4461 3.0193 3.1357 2.9667 3.3454 3.3774 3.4275 3.3299 3.1332 2.9479 3.1802 2.6555 2.9450 2.9314 2.9480 3.0858 3.2927 2.9014 2.0857 
4.8103 4.6955 4.0794 3.7701 3.4644 3.2030 3.0276 2.7789 3.2053 1.8249 2.7221 3.0112 3.1606 2.7810 2.6952 2.8909 2.7922 2.8386 2.5872 2.6026 2.9360 2.7230 2.3919 1.3060 2.6776 2.1867 2.3408 2.4092 2.5527 2.6685 2.7905 2.9976 2.4726 
3.4418 4.5654 4.3861 4.1699 3.8953 3.7481 3.6187 3.5312 3.4932 3.3695 3.3234 3.3109 3.3313 3.2542 3.2064 3.2203 3.2116 3.1493 3.0699 3.0469 3.0891 3.0080 2.9616 2.9473 2.9960 2.9495 2.9277 2.9591 2.9779 3.0697 3.0436 2.8901 1.5719 
4.6161 4.9804 4.5346 3.6935 3.0389 2.6580 2.4922 2.2354 2.4385 2.2561 2.0204 1.9400 2.1690 1.7696 1.7575 0.5056 1.3171 0.3623 1.6530 1.6061 1.9284 1.6778 1.6620 1.8318 1.9046 1.6681 1.7828 1.8596 2.1279 2.5771 3.2240 3.3066 2.1675 
3.3629 4.9764 4.2794 4.0166 3.7482 3.5993 3.4727 3.3517 3.3248 3.2561 3.1908 3.0843 3.1280 3.0780 3.0126 3.0100 2.9685 2.9579 2.9131 2.9243 2.9114 2.8156 2.8460 2.8192 2.8369 2.7697 2.8175 2.8103 2.8491 2.9209 2.9485 3.2991 1.4013 
4.4689 4.7190 3.3426 2.9363 2.9065 2.6674 2.5686 2.3413 2.4079 2.2957 2.3086 2.1335 2.1045 2.0597 2.2848 1.9331 1.7488 1.8740 2.1818 1.8540 1.8522 1.8259 1.9509 1.8574 1.8661 1.7391 1.8558 1.8521 1.9248 1.8371 1.9079 3.0231 2.1795 
4.2450 4.6238 3.9432 3.3575 2.9173 2.5615 2.5068 2.2865 2.1855 2.2576 2.3015 2.5103 2.3123 1.2415 1.7576 1.6191 1.6166 1.5473 1.6603 1.0336 2.1028 2.2039 1.9537 1.8400 1.7033 1.7187 1.8090 1.7636 1.9879 2.2497 2.6031 2.9503 1.8127 
3.8989 4.2655 3.4946 2.9975 2.9592 2.8929 2.6729 2.6452 2.5549 2.4417 2.5806 2.4173 2.3763 2.2846 2.2988 2.1369 2.0849 2.0941 2.1939 2.1336 2.1486 2.1237 2.2234 2.0072 2.0784 2.0909 2.0168 2.1047 2.0610 1.9006 2.1613 2.5775 1.3136 
2.4156 3.7560 3.0440 2.9681 2.7140 2.5170 2.3354 2.3744 2.5201 2.2016 1.9645 2.1797 1.8514 1.0707 1.9005 1.7483 1.5882 1.7052 1.7969 0.9287 1.6426 1.8792 1.6201 1.7796 2.0230 1.7872 1.6863 1.7295 1.7965 1.8654 1.7259 2.0846 0.1299 
1.9276 3.2071 3.1031 2.6736 2.5834 2.0948 2.2141 1.9110 2.0909 1.8854 1.8067 1.8711 1.7710 1.6678 1.9292 1.1584 0.6854 1.0902 1.8195 1.4663 1.5374 1.5979 1.4540 1.4625 1.5713 1.3413 1.5341 1.3085 1.6901 1.5977 1.7957 1.4911 0.0310 
2.5539 2.8107 2.5354 2.1961 2.0877 1.6770 2.0136 1.4352 1.9459 1.6194 1.7631 1.1953 1.6355 1.6211 1.7312 1.4964 0.3186 1.4459 1.6196 1.4380 1.3923 0.9240 1.4015 1.1890 1.4450 0.8741 1.3377 0.8798 1.1440 1.1041 1.2147 1.0945 -0.0730 
1.9667 2.8594 2.9145 2.2283 2.8421 2.0830 2.0115 1.8926 1.6982 1.5305 1.6070 1.8340 1.4183 1.7425 1.4243 1.7370 1.2267 1.6952 1.3266 1.5660 1.1927 1.5404 1.2675 1.0956 1.1697 1.3297 1.3354 1.2926 1.8952 1.1718 1.5917 1.1546 -0.3055 
2.4353 2.6123 2.8017 2.1206 1.9484 1.8622 2.0511 1.8224 1.9108 0.5975 1.7358 1.6087 1.3093 0.9901 0.9097 1.5568 1.3176 1.4901 0.7735 0.8226 1.0513 1.3266 1.3771 0.1614 1.4147 1.2554 1.3557 1.0867 1.0446 1.0301 1.4618 0.9732 -0.1844 
2.9337 3.2750 2.8608 2.3169 2.2552 2.1362 1.8917 1.8351 1.8350 2.2130 2.0721 1.3606 1.5078 1.6981 1.7304 1.9205 1.9524 1.8607 1.6196 1.4975 1.3101 1.0561 1.7072 1.7922 1.3414 1.2847 1.2403 1.3581 1.3657 1.2437 1.5126 1.5500 0.2250 
3.0434 3.2126 2.9689 2.7510 2.9708 1.3987 2.1709 2.0630 2.0256 1.5374 2.0728 1.8696 1.8006 1.8617 1.4649 1.1712 0.6098 1.1046 1.3653 1.7178 1.5741 1.5942 1.7088 1.1141 1.4983 1.4565 1.4823 0.5707 2.0812 1.6929 1.6801 1.4951 0.5957 
2.1641 3.0040 3.3355 3.8084 3.7583 3.0655 3.1204 3.2892 1.9888 2.6456 2.9786 2.8634 2.6055 1.8750 1.9707 2.3747 2.1077 2.3071 1.8526 1.7259 2.3837 2.5491 2.6210 2.2263 1.4614 2.6777 2.4734 2.2850 2.8653 2.7307 2.0481 1.3183 0.1563 
3.4957 2.5843 3.3025 3.3703 3.9492 4.0917 3.7259 2.4890 3.5968 2.9485 2.9221 2.5841 2.1756 2.6997 2.6331 2.6742 1.8592 2.6260 2.5313 2.5419 1.9457 2.2811 2.5582 2.5284 3.0726 1.9027 3.0352 3.3046 3.0335 2.2667 2.0097 0.9285 1.1025 
3.4392 3.0372 3.7347 3.6648 4.1237 3.8251 3.2650 3.5830 3.4293 2.7371 2.9660 2.7729 2.6728 2.7740 2.8736 2.9388 2.4389 2.8947 2.7367 2.5969 2.4795 2.4948 2.6086 2.3011 2.9373 2.9875 2.5716 3.0356 3.2215 2.5675 2.4440 1.2816 0.9127 
3.0437 3.6381 4.1312 3.7836 3.8430 3.7324 3.2385 3.5843 3.6771 3.2579 1.8117 2.9276 3.2620 2.5997 2.2500 1.8670 1.6366 1.8171 2.1503 2.4494 3.0045 2.6278 1.4778 2.8162 3.1617 2.9914 2.5492 2.9444 2.9456 2.6854 2.8374 1.9454 0.3072 
3.1527 3.0696 3.7509 3.6747 3.7448 3.4341 3.1260 3.2902 3.4303 3.3321 2.9587 2.8667 3.0906 2.8080 2.6543 2.1200 2.6612 2.0756 2.5560 2.6216 2.8886 2.5508 2.5969 2.9116 2.9408 2.6838 2.4764 2.6456 2.8560 2.5656 2.4736 1.4180 0.7127 
3.5228 3.5720 2.5415 3.6947 4.1430 3.8221 3.5930 3.4004 3.5079 2.8421 3.2778 3.2749 2.8831 2.1899 1.8955 2.4727 2.9649 2.4087 1.7996 2.0333 2.6245 2.9639 2.9151 2.4079 3.0094 2.8395 2.9169 3.0339 3.2539 2.5969 1.2377 1.8557 1.0094 
1.7650 3.4791 3.8901 3.6835 3.9188 3.1480 3.4330 3.4040 3.1616 3.1118 2.3018 2.2401 2.1163 2.2756 1.3204 1.9857 1.8448 1.9187 1.1924 2.1270 1.8654 1.9446 1.9527 2.6824 2.6470 2.8456 2.7668 2.3697 2.9994 2.5879 2.5812 1.8209 -0.1818 
3.0188 3.3452 3.7113 3.3342 3.7005 3.3799 3.6468 3.2672 3.1029 2.9032 2.5027 2.9442 2.2509 2.7992 2.6472 2.6568 2.4885 2.6104 2.5481 2.6157 2.0560 2.6431 2.1417 2.4873 2.6040 2.6476 2.9481 2.5887 2.7824 2.2360 2.4026 1.6920 0.6807 
3.1899 3.1797 3.0520 2.4617 3.6704 3.6436 3.1303 2.7434 2.7966 2.9893 2.8685 2.5221 2.9806 2.5001 2.5741 2.3431 2.3058 2.2767 2.4835 2.3068 2.7548 2.2195 2.5029 2.5678 2.2762 2.1677 2.4764 2.8561 2.7342 1.3990 1.7544 1.4563 0.6169 
3.1119 3.2089 3.1983 3.0092 3.5282 3.4862 3.4994 3.6586 2.7407 2.6469 2.7637 3.1939 2.1529 1.8895 1.8193 2.2167 2.4857 2.1665 1.7200 1.7357 1.9029 2.9045 2.4210 2.2246 2.2375 3.0401 2.8550 2.6986 2.6124 1.9406 1.8663 1.4688 0.7292 
2.7308 3.0250 3.0797 3.2501 3.2862 3.6829 3.0413 2.9198 3.3494 3.0992 2.7710 2.9805 2.3445 2.5324 2.2833 2.4924 2.5243 2.4356 2.1809 2.3555 2.1226 2.6805 2.4235 2.6683 2.8723 2.3306 2.3696 2.8975 2.3562 2.1488 1.7665 1.3539 0.2448 
3.3848 2.8912 2.4763 3.4916 3.3316 2.6420 3.0784 2.8757 3.5715 3.2798 3.0597 2.9039 2.7509 2.9175 2.7287 2.7703 2.7776 2.7031 2.6165 2.7356 2.5312 2.5958 2.7064 2.8630 3.0518 2.2683 2.4258 1.8440 2.4306 2.4335 1.1747 1.1868 1.0088 
3.7618 2.9294 3.3581 3.5133 3.0412 3.2187 2.8759 2.9896 3.1954 1.6940 1.7540 2.2943 2.7546 2.3606 1.8805 2.4670 2.2996 2.3956 1.7828 2.1896 2.5330 2.0222 1.3765 1.2836 2.6718 2.4262 2.1829 2.4330 2.1377 2.4579 2.0685 1.1381 1.3240 
3.5027 3.2481 3.1571 2.8238 3.1897 3.0676 3.3064 3.0269 2.6642 2.3280 2.3815 2.6427 2.8405 1.4873 1.8945 1.3928 0.9718 1.3434 1.7916 1.3475 2.5892 2.3603 2.0351 1.9008 2.1729 2.4721 2.6159 2.2843 2.2525 1.7484 1.8352 1.5116 1.0576 
2.5104 1.9281 2.6334 3.0241 3.4826 2.6310 3.0481 3.0123 2.9915 2.4651 2.1927 2.2120 2.2836 1.9205 1.3540 0.9251 0.3681 0.8896 1.2598 1.7623 2.0864 1.9141 1.8365 2.0254 2.5057 2.4548 2.3899 1.8304 2.5751 1.9573 1.3293 0.3360 -0.2792 
3.0373 3.1784 3.0047 2.1762 2.9293 3.1833 2.8717 2.8128 2.0564 1.9281 2.2104 1.9234 1.6948 1.5396 1.6297 1.6740 1.9758 1.6034 1.4957 1.3758 1.4483 1.6541 1.8530 1.5027 1.5250 2.2113 2.1695 2.4023 2.0138 1.0902 1.7093 1.4717 0.5440 
2.9303 2.3178 2.4858 3.1688 3.2628 2.5445 2.3104 2.5265 3.2474 2.8466 2.5181 2.5560 1.9673 2.2485 2.1307 2.1393 2.0188 2.0961 2.0218 2.1011 1.7422 2.2526 2.1540 2.4078 2.7191 1.9378 1.6581 1.7504 2.3096 2.1031 1.1852 0.7202 0.4210 
1.7755 2.7512 2.9349 3.0042 2.3728 2.3518 2.1988 2.3850 2.5805 1.8690 1.4136 1.7698 1.9132 1.8056 1.9816 1.6603 1.1973 1.5866 1.8575 1.6639 1.7108 1.4716 1.0633 1.4389 2.1028 1.7898 1.5281 1.5516 1.4639 1.9084 1.6389 1.0719 -0.5912 
3.5670 2.8722 3.0537 3.2860 2.9138 2.7115 2.8737 2.6202 2.4119 2.4897 2.4043 1.7821 2.3284 2.4219 2.2719 2.2118 2.0254 2.1605 2.1721 2.2351 2.1170 1.4750 2.0596 2.0698 1.8882 2.0578 2.1744 1.9187 1.9910 2.1814 1.7645 1.0638 1.0718 
3.2337 2.9139 2.1651 2.6680 2.3968 2.2195 2.3056 1.8636 2.4517 2.2149 1.6387 0.4407 1.0166 1.4408 1.9934 1.6877 1.4169 1.6148 1.8633 1.3008 0.7912 0.1421 1.2941 1.7897 1.9245 1.3214 1.6594 1.4289 1.4605 1.6047 0.8705 1.1910 0.7976 
1.9159 2.5262 2.1957 2.6390 3.0324 2.6252 2.0959 2.5762 2.5344 2.6152 2.2633 2.3081 2.0433 1.2368 1.3399 1.4505 1.1604 1.3980 1.2298 1.0462 1.7932 2.0417 1.9097 2.1911 2.0480 2.0041 1.3873 1.8365 2.1292 1.5656 0.9216 0.8398 -0.6912 
2.3516 2.5656 2.6788 2.1493 2.8327 2.5689 1.6477 1.4318 2.0783 0.1879 1.8819 1.9888 1.8706 1.8729 1.6856 1.6841 0.9416 1.6099 1.5382 1.7272 1.6796 1.7087 1.5292 -0.1730 1.5476 0.8537 0.9619 1.7777 1.8918 1.0250 1.3851 0.9246 -0.1242 
1.4129 2.3093 2.2501 2.0249 2.1535 2.1178 2.7074 1.0360 2.0570 2.2598 1.9260 1.7618 1.4650 1.6828 1.4620 1.0845 1.3373 1.0383 1.3616 1.4734 1.2656 1.4599 1.5755 1.8418 1.5332 0.5379 2.0586 1.3355 1.2433 0.9436 0.9524 0.6276 -1.5257 
2.5456 2.4919 1.5082 2.3208 1.8790 1.9306 2.0236 2.3483 1.8950 2.0337 1.8145 1.5097 1.9763 1.3212 0.9273 0.5810 0.7238 0.5325 0.8053 1.1226 1.7502 1.2486 1.4569 1.5999 1.3983 1.7694 1.3427 1.1479 0.9735 1.2614 0.2619 0.7748 0.1709 
2.3336 2.5773 2.3425 1.8235 1.8410 0.9990 2.3080 2.2485 1.6863 1.4947 1.2737 0.7695 1.7058 1.9357 1.8262 0.1322 1.0385 0.0736 1.7270 1.7723 1.4558 0.5116 0.9093 1.0742 1.1476 1.6916 1.6594 0.2073 0.9461 0.7449 1.0256 0.9119 0.0250 
