2.9869 4.3809 4.0802 3.6291 3.5089 3.3072 3.2374 3.1841 3.1102 2.9884 2.9298 2.9087 2.8952 2.8676 2.8095 2.7650 2.7342 2.7025 2.6824 2.6789 2.6594 2.6277 2.5941 2.5933 2.6413 2.6224 2.5864 2.5740 2.6456 2.6048 2.8693 2.8179 0.7758 
4.0044 4.3920 3.8827 3.3534 3.0846 2.9619 2.8457 2.7779 2.7171 2.6691 2.5572 2.5187 2.5133 2.4187 2.4723 2.4267 2.3664 2.3620 2.3408 2.2506 2.2799 2.2326 2.2208 2.2793 2.2532 2.2264 2.1950 2.2292 2.2301 2.3372 2.6332 2.8297 1.5864 
3.8622 4.3419 3.6870 3.0755 2.2748 2.5185 2.4302 2.2639 2.2960 2.1425 2.1259 2.1777 1.9380 1.9578 1.8334 1.8026 1.7162 1.7636 1.7488 1.8139 1.7583 1.8965 1.7849 1.7518 1.8407 1.7445 1.7968 1.7840 1.4224 2.0811 2.4578 2.7491 1.4907 
3.8967 4.2789 3.5536 2.7032 1.5881 1.9910 2.0119 1.9024 1.4511 1.5258 1.4584 1.6177 1.8097 1.4204 1.5512 1.5712 1.5525 1.5283 1.4589 1.2424 1.5826 1.3755 1.1269 1.1238 0.9717 1.3704 1.3952 1.2365 0.7653 1.6901 2.2794 2.6829 1.6359 
3.7217 4.1497 3.3029 2.5587 2.1745 2.2451 1.9206 1.4973 1.5758 1.3879 1.4455 0.2662 1.1896 0.7715 0.6887 1.3275 1.1866 1.2554 0.5147 0.5970 0.9774 0.0933 1.1154 0.9996 1.1050 0.9589 1.3043 1.5055 1.2923 1.5258 2.0460 2.5856 1.5554 
3.7132 4.2272 3.5203 2.9407 3.0041 2.4064 1.3568 1.1992 1.8422 1.6405 1.5096 1.8200 1.8322 1.7928 1.2374 1.3001 1.2913 1.2286 1.1516 1.6198 1.6109 1.5395 1.1605 1.2248 1.4054 0.6600 0.7469 1.6874 2.1648 1.9202 2.2623 2.6460 1.6664 
3.2477 4.2465 3.4898 2.9045 2.6096 2.5135 2.2621 1.9526 1.8443 0.3718 1.7048 1.6356 1.7835 1.6855 1.5466 1.6005 1.2797 1.5527 1.4528 1.5324 1.5629 1.4105 1.4070 0.2864 1.4109 1.4572 1.6529 1.7990 1.7966 1.9127 2.2603 2.6500 1.4955 
3.3878 4.1395 3.7466 3.4457 3.3237 3.1666 2.8199 2.9183 2.8257 2.8658 2.6939 2.7040 2.6511 2.6550 2.6119 2.5649 2.5472 2.5224 2.5224 2.5219 2.4646 2.4575 2.3691 2.4688 2.3387 2.3694 2.1809 2.4378 2.4975 2.4782 2.5448 2.5695 1.4575 
3.8887 4.1266 3.9687 3.7465 3.6480 3.5647 3.4817 3.3195 3.2387 3.1947 3.0829 3.0039 2.9500 2.9026 2.8649 2.8153 2.7950 2.7494 2.7368 2.7333 2.7342 2.7335 2.7585 2.7896 2.7553 2.7815 2.8705 2.8336 2.8008 2.7439 2.7144 2.5765 1.5348 
4.3888 4.4465 4.1646 3.9446 3.7121 3.5571 3.4586 3.5316 3.3400 3.6305 3.5696 3.4550 3.3293 3.2622 3.2271 3.2177 3.1879 3.1492 3.0958 3.0890 3.1177 3.2096 3.2379 3.2418 2.8880 2.9753 2.8545 2.8235 2.8756 2.9166 2.9358 2.8836 1.9296 
4.5645 4.6177 4.1582 3.7279 3.4938 3.4129 3.4588 3.6824 3.7893 3.7437 3.4594 2.9927 2.7134 2.8500 2.5126 2.2031 2.2288 2.1648 2.4009 2.6603 2.5234 2.7224 3.1376 3.3480 3.3305 3.1426 2.8517 2.6751 2.6292 2.7082 2.9270 3.0159 2.1564 
4.5090 4.5197 4.0298 3.5072 3.2053 3.0038 2.9057 3.0300 3.5987 3.4741 3.3395 2.4933 2.6376 1.8870 2.5294 2.4430 2.3815 2.3767 2.4265 1.7376 2.4347 2.1951 3.0046 3.0721 3.1130 2.5204 2.2735 2.2821 2.3388 2.5179 2.8092 2.9397 2.1687 
4.1871 4.3921 4.1226 3.7232 3.4914 3.3482 3.2642 3.1596 2.9814 3.1526 2.9908 3.0937 2.9642 2.8762 2.9048 2.8603 2.7991 2.7941 2.8041 2.6918 2.7537 2.8478 2.6549 2.7460 2.5329 2.6030 2.6205 2.6168 2.6336 2.7133 2.9129 2.8306 1.9504 
2.2011 4.4588 4.0889 3.6360 3.4180 3.2992 3.2243 3.1152 3.0106 2.9664 2.8399 2.8304 2.8370 2.8003 2.7308 2.7094 2.7042 2.6534 2.6263 2.6281 2.6022 2.5475 2.5057 2.5727 2.5520 2.5723 2.5698 2.5665 2.5743 2.6154 2.8737 2.8972 1.2737 
3.8533 4.4435 3.6860 2.9683 2.8064 2.6481 2.5684 2.5088 2.5077 2.3822 2.4953 2.2949 2.2526 2.0475 2.1568 2.0998 1.9169 2.0327 2.0472 1.8813 2.0508 2.0422 2.1545 1.9809 2.0272 1.9388 1.9253 1.9157 1.9303 1.9568 2.4579 2.8810 1.2728 
3.8874 4.3283 3.2612 1.9784 1.9014 1.6765 1.9004 1.3533 1.9904 1.0808 1.8388 2.0728 1.8429 1.9363 1.7800 1.4261 1.0309 1.3818 1.6621 1.7983 1.6229 1.7987 1.5063 0.6695 1.5283 0.7783 1.2620 0.9443 1.0574 1.0668 2.0174 2.7250 1.6983 
4.1834 3.9671 3.7567 3.6002 3.4186 3.3066 3.2189 3.1486 3.0909 3.0331 3.0037 2.9690 2.9135 2.7894 2.6850 2.7165 2.6500 2.6578 2.5890 2.6191 2.6837 2.6914 2.6641 2.6453 2.6259 2.5975 2.5670 2.5749 2.5766 2.5768 2.5693 2.3483 1.9969 
4.4037 3.6781 3.7841 3.3241 2.9438 2.7935 2.6720 2.6763 2.6846 2.2843 1.4612 1.9658 2.3115 2.2822 2.0059 1.9446 1.8340 1.9006 1.8962 2.1455 2.1309 1.7240 1.1176 1.8874 2.2250 2.1556 2.0622 2.0621 2.1099 2.3043 2.5728 2.0672 2.1367 
2.3911 4.2105 3.9939 3.5540 3.3603 3.2748 3.1994 3.0289 3.1584 2.9214 2.9460 2.8525 2.9334 2.8031 2.7544 2.7560 2.7097 2.6940 2.6458 2.6298 2.7122 2.5610 2.6119 2.5300 2.6726 2.5128 2.5538 2.5421 2.5216 2.5364 2.7577 2.6461 0.6678 
4.0419 4.1880 2.5063 2.7276 2.3126 2.2247 2.1773 2.0742 2.1056 1.9016 2.0707 2.1064 1.8332 1.5823 1.9219 1.8583 1.6185 1.8138 1.8294 1.4362 1.6304 1.8183 1.7521 1.5122 1.6051 1.5117 1.5275 1.4792 1.4524 1.7054 0.9639 2.6122 1.8611 
4.0650 3.6506 3.5763 3.3872 3.2001 3.0117 2.9437 2.8334 2.9077 2.8321 2.7059 2.6306 2.6918 2.5241 2.4824 2.4965 2.4485 2.4327 2.3507 2.3464 2.5054 2.3593 2.3803 2.4271 2.4492 2.2690 2.3025 2.2797 2.3213 2.3937 2.3199 2.1282 1.7902 
4.0752 3.8631 3.5723 3.0980 2.9525 2.8615 2.7060 2.6652 2.5185 2.4556 2.3461 2.3232 2.2650 2.5274 2.3510 2.2124 2.2632 2.1680 2.2474 2.3562 2.0660 2.0750 2.0248 2.0528 2.0436 2.1494 2.1061 2.1317 2.1285 2.1283 2.3296 2.2572 1.7700 
4.2231 4.3515 3.6958 3.6198 3.4447 3.3445 3.2630 3.1851 3.0795 3.0059 2.9499 2.9108 2.9554 2.9022 2.9140 2.8891 2.8742 2.8468 2.8187 2.7322 2.7418 2.6301 2.6155 2.6096 2.6158 2.6225 2.6174 2.6107 2.5930 2.5920 2.4904 2.7543 1.8849 
4.0494 4.4129 4.2234 3.8221 3.6295 3.4525 3.3438 3.1562 3.2381 3.2393 3.1034 3.0537 2.5081 2.8929 3.0758 3.0275 2.9789 2.9841 2.9751 2.7196 2.2718 2.8021 2.7800 2.8458 2.7539 2.6008 2.7067 2.7181 2.7650 2.8289 2.9899 2.8644 1.9143 
4.0658 4.3876 2.9772 2.9470 2.5527 2.3006 2.2788 2.1548 2.0204 1.7945 1.4411 1.5654 2.6037 2.1845 2.4181 2.1542 2.1608 2.1031 2.2890 2.0098 2.3988 1.2396 1.1613 1.4353 1.5656 1.6148 1.6641 1.5747 1.7086 1.9169 1.6180 2.8166 1.9852 
4.0787 3.7134 3.5669 3.2012 2.9943 2.8794 2.7035 2.5704 2.7829 2.7230 2.6825 2.6469 2.5959 2.4413 2.1686 2.3551 2.2863 2.2963 2.0600 2.2693 2.3818 2.3816 2.3582 2.3237 2.3077 2.0300 2.1048 2.1520 2.1636 2.1945 2.3394 2.1113 1.6895 
4.6173 4.4608 3.9344 3.6642 3.3712 3.2410 3.1985 3.0750 2.8601 2.4668 2.3527 2.6978 2.8954 3.0004 2.9852 2.9455 2.8987 2.9018 2.8945 2.8663 2.6610 2.4512 2.0334 2.0635 2.3637 2.5438 2.5531 2.5073 2.5278 2.6441 2.6763 2.8875 2.3154 
4.1373 4.4464 1.8140 3.2826 2.9502 2.8645 2.6675 2.5328 3.0048 2.7427 2.5826 2.5859 3.0619 2.3563 2.7451 2.4950 2.3881 2.4298 2.6360 2.2117 2.8739 2.3100 2.2492 2.3413 2.5499 1.9752 2.0573 2.1320 2.1214 2.2582 1.0639 2.8872 1.9519 
4.3219 3.8488 3.7537 3.2883 3.2143 3.0618 2.9717 2.8842 2.8578 2.8970 2.8410 2.7639 2.2647 2.6402 2.6326 2.6282 2.5921 2.5800 2.5400 2.5040 2.0602 2.5082 2.5068 2.5077 2.3721 2.3163 2.3388 2.3340 2.3382 2.2824 2.5554 2.2392 1.9736 
4.4245 4.6693 4.2052 3.8359 3.6202 3.4465 3.3368 3.1849 3.1872 3.2003 3.0810 3.1793 3.3261 3.2906 2.7939 2.6832 2.7639 2.6381 2.6688 3.1312 3.1135 2.9034 2.7545 2.7932 2.6964 2.6206 2.6983 2.7115 2.7492 2.8434 2.9649 3.0680 2.2800 
4.3673 3.8349 3.8639 3.7091 3.5675 3.4110 3.3034 3.2423 3.1259 3.1587 3.0142 2.9627 3.0544 2.8716 3.0960 2.9147 2.8854 2.8741 2.9929 2.6924 2.8673 2.6851 2.6786 2.7546 2.6520 2.6713 2.6604 2.6821 2.6908 2.7065 2.6479 2.2625 2.1515 
4.7664 4.7934 4.2518 3.6900 3.4249 3.2655 3.1463 3.0997 2.9124 2.6627 2.9448 3.0875 3.0376 2.7698 2.5398 1.4739 1.4661 1.4248 2.4382 2.6048 2.8585 2.8421 2.6110 2.2734 2.4531 2.5602 2.5206 2.5310 2.5771 2.6646 3.0023 3.2333 2.4868 
4.4240 4.0556 4.0011 3.7437 3.5981 3.4412 3.3522 3.3047 3.2364 3.0197 3.1423 2.9488 3.0546 3.0266 2.9979 2.9171 2.9102 2.8771 2.9036 2.8922 2.8704 2.6667 2.8226 2.6305 2.7514 2.7623 2.7204 2.7113 2.7202 2.7442 2.7891 2.4942 2.2152 
4.1672 4.4375 3.7317 2.9192 2.4820 2.1453 2.1973 2.3626 2.2351 1.8969 1.8127 1.9986 2.4183 2.6019 2.3127 1.7345 1.3774 1.6822 2.2222 2.4589 2.2000 1.7640 1.4775 1.4771 1.7805 1.8382 1.5645 1.4223 1.6209 1.9081 2.5039 2.8788 2.0474 
4.2444 4.2549 3.7765 3.2426 2.9363 2.6903 2.5855 2.5768 2.8704 1.7325 1.3767 1.9149 2.3935 2.1797 1.9520 2.0877 1.6534 2.0207 1.8588 2.0225 2.1807 1.6600 1.0498 1.3579 2.3841 2.0427 1.9505 1.9629 2.1041 2.2139 2.5560 2.6532 1.9212 
3.7433 4.1843 3.8036 3.5914 3.3243 3.1780 3.0269 2.9999 2.3144 2.9173 2.8460 2.8807 2.6740 2.5675 2.6591 2.4924 2.5421 2.4268 2.5672 2.4152 2.4930 2.5930 2.5082 2.5276 1.8496 2.4809 2.4130 2.4453 2.4934 2.5562 2.5794 2.6079 1.2300 
4.1093 4.2144 3.3000 3.0103 2.6676 2.4835 2.1294 2.1048 2.2213 1.9442 1.8996 1.9931 1.5172 1.9767 1.3140 1.6221 1.4217 1.5590 1.1865 1.8266 1.3231 1.7479 1.5530 1.5489 1.7692 1.5264 1.4645 1.7379 1.8174 1.9851 2.0262 2.6335 1.9127 
2.9197 3.9682 3.6263 3.2996 3.0670 2.9268 2.8358 2.7547 2.6048 2.6522 2.5615 2.5705 2.5342 2.3552 2.4017 2.4189 2.3198 2.3547 2.2846 2.2026 2.3002 2.2872 2.2252 2.2616 2.1528 2.2093 2.1876 2.1927 2.2166 2.2802 2.3791 2.3740 1.0721 
3.1833 3.4596 2.8143 1.9175 1.2981 1.6640 1.9383 1.6757 1.5651 1.2297 1.2509 1.0712 1.2414 1.3019 1.5368 1.4866 1.4985 1.4408 1.4462 1.1539 1.0472 0.7867 0.9034 0.8288 1.1077 1.1234 1.3368 0.9679 0.5064 0.9149 1.6076 1.8750 1.1032 
2.9965 3.3530 2.8197 2.3451 2.2599 2.0538 1.9572 1.4220 1.8938 1.8770 1.7547 1.7648 1.4231 1.5487 1.5209 1.2390 1.4013 1.1835 1.4239 1.4152 1.1848 1.4722 1.4124 1.4813 1.4396 0.8796 1.3457 1.3149 1.4194 1.3676 1.5954 1.7926 0.9410 
2.8070 3.3443 2.6436 2.5056 2.5203 2.3499 2.1918 2.1888 2.0974 1.9403 2.0513 1.9017 2.0029 1.8166 1.8001 1.6031 1.8481 1.5511 1.6955 1.6569 1.7989 1.6329 1.7308 1.5479 1.6067 1.6387 1.5495 1.6164 1.6557 1.4882 1.4113 1.7895 0.4792 
2.1228 3.1611 2.8473 2.2088 1.6332 1.9075 1.6604 1.6252 1.7018 1.2258 1.1049 1.4188 1.2283 1.4147 1.0641 1.0544 0.7409 1.0137 0.9580 1.2361 1.0410 1.1330 0.7716 0.8259 1.2134 1.0886 1.0421 1.1749 0.7754 1.1806 1.5821 1.5694 0.2216 
2.2564 2.5673 1.9885 0.8592 1.1780 0.7729 1.3456 1.2640 1.2777 0.9805 0.9659 1.3489 1.5371 0.8798 1.5873 1.5548 1.3847 1.5113 1.4921 0.7367 1.3400 1.0756 0.6385 0.5710 0.8039 0.7295 0.7003 0.0770 0.3246 -0.2708 0.7608 1.0179 0.0840 
1.9874 2.7543 2.6837 2.8169 2.3020 1.8653 2.0005 1.3719 1.7813 1.7268 1.8198 1.8691 1.7163 1.3161 1.5867 1.4227 0.6024 1.3799 1.4904 1.1441 1.4861 1.5918 1.4849 1.3209 1.3087 0.8011 1.3935 1.1316 1.4591 1.8034 1.4711 1.1869 -0.4007 
1.7955 2.2121 2.2070 2.2068 2.0931 2.0485 1.9133 1.5635 1.9225 1.8762 1.4461 1.7303 1.6818 1.6709 1.5727 1.3271 1.3110 1.2643 1.4774 1.5060 1.4656 1.4461 1.1086 1.4816 1.4709 1.0465 1.2864 1.3188 1.2147 1.2007 0.9930 0.6850 -0.3158 
1.9193 2.7139 2.5153 2.1524 1.8605 1.7144 1.4905 0.7376 1.5050 1.5058 1.2371 1.1162 1.5578 1.5784 0.2797 1.0354 1.4779 0.9809 0.1648 1.4367 1.3806 0.8388 0.9099 1.1146 1.0518 0.1817 0.8467 0.9780 1.0315 1.1222 1.2716 1.1510 -0.0965 
2.9037 2.8190 1.9210 2.3283 2.0996 1.8094 1.8484 1.4525 1.3887 1.5671 1.7095 1.4130 1.3777 1.5365 1.5800 1.4720 0.5737 1.4298 1.4834 1.4029 1.1419 1.1299 1.3899 1.1781 0.8933 0.9017 1.2050 1.0752 1.2128 1.3408 0.6943 1.1997 0.5299 
2.5690 2.4102 2.1467 2.0698 1.9898 1.6054 1.2523 1.5638 1.5266 1.3161 0.3233 1.1256 1.1798 1.3282 1.1570 0.8697 0.8448 0.8152 1.0641 1.1572 0.9883 0.8478 -0.0269 0.9117 1.0697 1.0480 0.6438 0.8703 1.1361 1.0586 0.9091 0.8100 0.3027 
2.5298 2.2402 2.3725 1.8747 1.4461 0.9547 1.1115 0.8109 1.6429 1.7871 1.3101 0.8467 1.0914 0.8809 0.0495 1.1887 1.4724 1.1490 -0.0290 0.7343 0.8639 0.6057 0.9851 1.3987 1.1759 0.2905 0.4672 0.2223 0.6018 0.8508 1.1468 0.6689 0.2152 
2.3830 2.1551 2.2930 1.9571 1.7728 1.5603 1.7717 0.9355 1.5195 1.5526 1.0244 1.5537 1.3811 1.3263 1.2974 1.2582 0.8958 1.1977 1.1825 1.1564 1.1403 1.2992 0.6832 1.1618 1.0663 0.3818 1.1207 0.8284 0.8996 0.9570 1.0869 0.5522 0.0574 
2.1451 2.1526 2.5463 2.2177 1.8483 1.6307 1.0498 1.3510 1.5362 1.4044 1.4895 1.3401 1.1929 1.0960 0.4131 1.5113 0.7061 1.4645 0.3205 0.9399 1.0111 1.0667 1.1534 1.0192 1.0776 0.7876 0.4139 0.8979 1.0080 1.1954 1.3293 0.6011 -0.1570 
2.6472 2.0403 2.0900 2.1328 1.8023 1.5575 0.8956 1.0026 1.3975 1.3521 1.3833 1.1836 1.4113 0.8533 0.7811 0.5074 0.9962 0.4496 0.6919 0.7127 1.1781 0.9203 1.0448 0.9471 0.9096 0.4335 0.2855 0.8226 0.9417 1.1070 0.8316 0.4471 0.3424 
2.6519 2.3171 2.4604 2.1453 2.1374 1.5887 1.9356 1.9173 1.6957 1.8723 1.2084 1.0530 1.6893 1.1817 1.5174 1.1599 1.0603 1.1083 1.4269 1.0455 1.4686 0.7713 0.8785 1.4767 1.2124 1.3991 1.3263 0.8516 1.2581 1.1227 1.2080 0.7400 0.3632 
2.6344 2.1704 1.8558 1.9667 1.7198 1.7624 2.0557 1.8650 0.9482 0.8915 0.3457 1.3701 1.1881 1.5008 1.1424 1.3262 1.0826 1.2623 1.0510 1.3631 1.0138 1.0837 0.0115 0.4930 0.4563 1.3312 1.4265 1.0306 0.8457 0.9802 0.6447 0.5661 0.3601 
1.1096 2.1572 2.2461 2.2027 2.1374 1.6205 1.5767 1.2157 1.4388 1.5239 0.7800 1.5586 1.0784 1.1595 1.4175 1.2381 0.6297 1.1829 1.3036 1.0283 0.8447 1.3039 0.4523 1.1280 0.9820 0.6884 0.9658 0.8821 1.2575 1.1838 1.0400 0.5910 -2.8380 
2.3016 2.1321 2.2061 1.6042 1.5761 1.4186 0.6927 1.2370 1.5341 1.5861 1.5883 1.2047 0.5129 1.3911 1.7860 1.2767 1.5867 1.2198 1.6735 1.2029 0.3260 0.9564 1.2605 1.1894 1.0775 0.7080 0.0531 0.6824 0.7320 0.6360 0.9963 0.5378 0.0185 
0.3871 2.0903 2.1320 1.5705 1.7221 1.1585 1.3887 1.4679 1.4874 1.1749 1.0314 1.2573 1.4554 1.0479 1.2942 1.1296 1.0754 1.0833 1.1804 0.8711 1.2293 1.0134 0.6897 0.7773 1.0378 0.9273 0.7316 0.4198 0.8382 0.5967 0.8743 0.5022 -1.3676 
2.6295 2.2576 2.3695 1.4086 1.4808 1.1205 1.4251 1.8841 1.5459 1.3413 1.3464 1.4735 1.2002 0.6878 0.3387 1.1381 -0.1541 1.0913 0.2519 0.5105 1.0210 1.1895 1.0254 0.9339 1.0869 1.3607 0.7850 0.3827 0.6485 0.3567 1.1451 0.6753 0.3533 
1.8099 1.8332 1.7288 1.4802 1.6436 1.6509 1.2315 1.2842 1.0856 1.0226 1.3228 1.4354 1.1095 1.1480 1.4297 1.4246 0.7258 1.3845 1.3244 1.0133 0.8949 1.1510 1.0084 0.6295 0.6329 0.7420 0.6146 0.9139 0.7876 0.4805 0.4614 0.2923 -0.3754 
2.3925 1.8052 1.6593 1.5193 1.6478 1.1313 1.5832 1.8193 1.4101 1.3124 1.5427 1.4603 1.1047 0.8960 1.5075 1.2452 1.5207 1.1869 1.4192 0.7383 0.8876 1.1801 1.2027 0.9105 0.9297 1.2680 0.9783 0.3997 0.7885 0.5194 0.4225 0.1850 0.0894 
2.3960 2.1418 2.0611 2.0394 1.7000 1.2784 1.0459 1.2367 1.4402 1.3903 1.0984 1.2308 1.4673 1.1638 1.1817 1.5515 1.7654 1.5072 1.0896 1.0281 1.2462 0.9824 0.7590 0.9842 0.9767 0.7071 0.3933 0.5519 0.8222 1.0408 0.8106 0.5588 0.0134 
2.6151 2.2100 2.2356 1.8467 1.8215 1.8652 1.8004 0.8788 1.4826 1.6841 1.5640 0.9523 0.9873 1.0220 1.1526 0.8318 0.6798 0.7909 1.0607 0.8256 0.7590 0.6841 1.2350 1.2808 1.0371 0.3421 1.1549 1.1341 0.9724 0.8315 1.0303 0.6347 0.3268 
2.2954 1.0971 1.5888 1.4111 1.4861 1.4296 1.7634 1.1512 1.5363 1.0782 1.3288 1.3972 1.0662 1.1390 1.2406 1.3924 1.5114 1.3298 1.1381 1.0044 0.8319 1.1064 1.0087 0.6836 1.0785 0.6366 1.1087 0.7023 0.6554 0.3761 0.3732 -0.7117 0.0107 
2.0900 1.7587 1.2446 1.3456 1.7880 1.3440 0.8310 1.6911 1.5477 0.8693 0.9606 1.3106 1.5451 1.5058 0.0805 0.6125 1.0382 0.5484 0.0061 1.3673 1.3515 1.0508 0.6425 0.4661 1.0895 1.1365 0.2211 0.6114 0.9228 0.3341 0.0202 0.1108 -0.2793 
2.0254 1.5222 1.4561 1.5526 0.9434 1.4075 1.0425 0.9207 0.6473 0.0727 0.6756 1.0565 0.2147 1.0908 0.6769 1.0837 1.1236 1.0459 0.5449 0.9359 -0.0128 0.7757 0.3394 -0.3176 0.1522 0.3764 0.4000 0.6711 0.0847 0.5607 0.2201 -0.0066 -0.2655 
2.5071 1.2167 0.3145 1.7342 1.1563 1.3273 1.6649 1.4965 0.6292 1.3915 1.3653 1.3112 1.4216 0.4488 1.0331 0.9600 0.9752 0.8969 0.9083 0.3103 1.1848 1.0488 1.0348 0.9880 0.1438 0.9620 1.0468 0.5983 0.3067 0.7173 -1.0714 -0.3495 0.1997 
1.7984 1.3636 1.3926 1.1074 0.6325 1.1550 1.0728 0.7604 0.7900 0.6839 0.8030 1.0077 1.1156 0.6969 1.1577 0.8175 1.0970 0.7724 1.0651 0.5304 0.8987 0.7214 0.4602 0.2968 0.3330 0.2314 0.4270 0.4232 -0.2684 0.0818 0.1539 -0.2822 -0.5485 
2.6544 2.2882 2.0299 1.6151 1.7236 1.4520 1.2117 1.4306 1.5512 1.4473 1.4005 1.5455 1.6009 1.0510 1.1820 0.9443 1.0333 0.8807 1.0885 0.8734 1.4100 1.2802 1.0594 1.0569 1.0959 0.8700 0.6057 0.7132 0.8463 0.6142 0.7984 0.7046 0.3732 
2.5668 1.7367 1.5409 0.6829 1.4658 1.2633 1.0134 1.2498 1.3207 0.7343 1.4737 1.6430 1.5778 1.2939 1.4120 0.4996 1.1349 0.4536 1.2942 1.1319 1.3949 1.3955 1.1411 0.3433 0.8338 0.7161 0.3518 0.5348 0.6289 -0.3540 0.3378 0.0794 0.2978 
2.2055 2.0720 2.0151 1.8128 1.6284 1.1704 1.0759 0.0747 0.9885 1.4564 1.5596 1.5313 1.5421 1.5541 1.3610 1.3033 1.4651 1.2405 1.2309 1.4203 1.3453 1.2606 1.2313 1.0663 0.4975 -0.4445 0.4340 0.4306 0.7720 0.7914 0.7844 0.4603 -0.1308 
1.9629 1.4106 0.7687 1.1457 1.0397 1.4532 1.2164 0.9027 1.1863 0.6281 0.2416 1.4884 1.2260 1.1639 1.0049 0.8831 1.2214 0.8260 0.8736 1.0295 1.0379 1.2091 -0.0736 0.2192 0.7332 0.3617 0.6044 0.7219 0.1668 0.1327 -0.4403 -0.2281 -0.3158 
1.7229 1.9639 0.3022 1.5016 1.4253 1.3457 0.8966 1.2706 1.3713 1.0524 0.9231 1.0570 1.0497 1.4760 1.3329 0.6633 0.3032 0.6057 1.2057 1.3272 0.8158 0.7730 0.5996 0.6619 0.8797 0.7306 0.2948 0.6121 0.5614 0.4867 -0.9894 0.3934 -0.4052 
1.9485 1.6920 1.4930 1.2813 1.4389 1.0901 1.0583 0.8571 0.4412 1.0915 1.2193 1.0837 1.1670 1.1955 1.0408 0.4566 0.7771 0.4128 0.9185 1.0597 0.9692 0.8048 0.8924 0.7020 -0.0193 0.3311 0.4138 0.3530 0.5855 0.2979 0.2926 0.0794 -0.3465 
1.9737 1.9792 2.0865 1.8644 1.5178 1.4431 1.4257 1.1365 0.3770 0.3286 1.2292 1.4266 1.1193 0.6736 1.1034 1.2544 1.0187 1.1945 1.0234 0.4925 0.9021 1.1420 0.9071 -0.0535 -0.0688 0.6055 0.7792 0.7102 0.6787 0.8453 0.8373 0.4063 -0.3313 
1.9440 1.5992 1.5336 1.7271 1.2094 0.8905 1.4212 0.3906 1.0655 0.8175 0.7911 1.1294 1.0576 1.0088 1.4138 0.9891 0.8703 0.9246 1.2959 0.8229 0.8182 0.8518 0.4523 0.4297 0.5925 -0.0970 0.7733 0.1499 0.3689 0.7086 0.3266 0.0229 -0.2990 
2.3225 2.0956 2.1704 1.4857 0.6962 1.2565 1.4719 1.4648 1.1253 0.7891 1.2965 0.7261 0.6098 1.1471 0.9073 1.1921 0.3930 1.1499 0.8005 1.0136 0.3810 0.4451 0.9763 0.3908 0.6777 0.9157 0.8309 0.5273 -0.1546 0.4536 0.9436 0.4804 0.0597 
-0.2406 1.3648 1.9138 1.2259 1.5958 1.1593 1.0468 1.3559 0.8308 0.9149 1.2452 0.9305 1.5908 1.3193 1.3552 1.4146 1.1015 1.3674 1.2267 1.1492 1.4045 0.6735 0.9208 0.5190 0.3793 0.7907 0.4042 0.4203 0.7501 0.2127 0.7051 -0.2124 -2.7838 
1.4619 1.5007 1.2089 1.7216 1.4049 0.7397 1.4067 1.3209 1.3814 1.0559 1.1889 1.0510 0.9379 0.7377 1.3806 1.3428 -1.0108 1.2743 1.2490 0.5945 0.7197 0.7606 0.8641 0.6623 0.8887 0.7644 0.7615 0.0061 0.5193 0.7099 -0.0151 -0.0534 -0.7719 
2.1311 1.6628 1.7353 1.8130 1.4120 1.6754 1.5215 1.4748 1.6087 1.1786 1.3069 1.1807 0.7645 1.3872 1.5135 0.4978 1.0045 0.4434 1.4229 1.1951 0.5558 0.9134 0.9873 0.7826 1.1450 0.9323 0.8912 0.9466 0.5322 0.7988 0.4777 0.0486 -0.2486 
1.7195 1.4903 1.4341 1.1844 0.4104 1.5462 1.6544 1.4836 1.4435 1.1296 1.2521 1.2205 0.7724 0.8421 1.2726 1.3675 0.5149 1.2984 1.1670 0.7057 0.5652 0.9726 0.9249 0.7366 0.9842 0.9468 1.0398 0.8136 -0.4665 0.1810 0.2102 -0.0696 -0.5731 
1.6295 1.8452 1.6652 1.0968 1.3022 1.4571 1.0754 1.0437 1.3731 1.0011 0.6572 0.9024 1.0368 1.3028 0.5858 0.6785 1.1841 0.6294 0.4624 1.1377 0.8040 0.6562 0.3174 0.5965 0.8786 0.4750 0.4310 0.7254 0.4478 0.0495 0.4484 0.3116 -0.7677 
2.1578 1.4497 1.7977 1.3876 1.2721 0.8202 1.5673 1.3409 1.1985 0.8867 1.5947 1.5186 1.7373 1.3936 0.6903 0.6824 0.7716 0.6466 0.5695 1.1981 1.5012 1.2455 1.2711 0.4901 0.7480 0.7793 0.9572 0.0839 0.4126 0.3573 0.5730 -0.1575 -0.1830 
2.4141 2.2928 2.1118 1.7580 1.0687 1.0607 1.5553 1.0392 1.3101 1.1248 1.4510 1.5286 1.2575 1.0912 0.8019 1.1052 0.0157 1.0623 0.7072 0.9335 1.0576 1.2556 1.1168 0.7272 0.8261 0.4686 0.9407 0.3329 0.1937 0.7251 0.8515 0.7254 0.0983 
2.4396 1.9787 1.5078 1.7406 1.5457 0.7233 1.7599 1.4390 1.2451 1.5903 1.4722 1.3805 1.0025 1.1048 1.5383 1.2742 1.2244 1.2114 1.4434 0.9604 0.7642 1.0904 1.1374 1.1903 0.7801 0.8823 1.1071 -0.0166 0.7007 0.7230 0.2994 0.3797 0.1107 
0.5493 0.5005 1.1077 1.4224 1.0120 -0.2445 0.9312 1.2675 1.1199 0.7007 1.0473 1.0309 1.1809 1.2660 0.9948 0.5291 -0.0614 0.4686 0.8654 1.1110 0.9880 0.7428 0.7064 0.3155 0.6751 0.7274 0.3035 -0.8435 0.1470 0.4014 -0.1318 -1.0651 -2.5959 
2.2455 1.4958 1.7127 1.4359 1.8118 1.7309 1.5077 1.0271 0.7833 1.0649 0.6664 0.9405 0.0696 -0.3615 0.9803 1.1445 0.8522 1.0965 0.8554 -0.5102 -0.1249 0.6775 0.3322 0.6751 0.3309 0.4476 0.8697 1.0005 0.9603 0.4331 0.4662 -0.0556 -0.0281 
1.5782 1.7791 1.7276 1.2441 1.4632 1.7899 1.6752 1.0615 1.1265 1.3739 1.0667 0.9273 1.0670 1.3242 0.6848 0.9186 0.3496 0.8512 0.5856 1.1513 0.8394 0.6681 0.7244 0.9679 0.6796 0.4930 1.0495 1.0592 0.6220 0.2816 0.4704 0.2025 -0.6360 
1.3318 1.4267 1.7518 1.5879 1.5518 1.5447 1.4768 1.6297 1.2367 0.4501 1.3109 1.4983 1.1141 1.1819 0.6596 1.0921 1.4835 1.0540 0.5307 1.0472 0.9004 1.2190 0.9889 0.0610 0.7712 1.0908 0.8327 0.8129 0.7099 0.6015 0.5065 -0.1227 -0.9155 
0.5037 1.2627 1.4538 1.6336 1.6307 1.4593 1.1771 1.1037 0.8399 0.6708 0.0660 0.4631 0.6619 0.4439 0.6632 0.7662 0.8432 0.7208 0.5363 0.3047 0.4243 0.2112 -0.2785 0.2768 0.3844 0.5605 0.5492 0.7251 0.7778 0.6502 0.2556 -0.3164 -2.8380 
1.4610 1.5691 0.3477 0.9886 1.4875 1.4186 1.6628 1.5077 1.4274 0.8564 0.8222 1.3191 1.4144 1.4744 1.1784 0.7208 -2.3055 0.6792 1.0805 1.3245 1.1805 1.0544 0.4945 0.4518 0.9600 0.9796 1.0442 0.6849 0.6597 -0.0289 -0.9361 0.0222 -0.7719 
2.4350 1.7661 1.9169 1.6242 1.6656 1.3249 1.1265 0.6867 0.4908 1.0386 0.8349 1.1569 0.4678 1.1639 1.1419 0.8371 0.6783 0.7904 1.0515 1.0307 0.2855 0.8843 0.5077 0.6456 0.0329 0.1219 0.4867 0.5898 0.8033 0.6451 0.7091 0.1298 0.1394 
1.4945 1.7124 1.9924 1.4597 0.8129 1.8125 1.7031 1.2251 1.0991 1.4197 1.1576 1.2371 0.8143 1.2000 1.2972 1.4328 1.1059 1.3939 1.1827 1.0634 0.6236 0.9880 0.8186 1.0315 0.6559 0.7009 1.0660 1.0813 -0.0169 0.4338 0.7712 0.1341 -0.7232 
2.1454 1.8761 1.9459 1.4172 1.1771 1.5821 1.6053 1.2412 1.2174 0.4051 1.2789 1.4754 1.4991 1.1748 0.8240 0.7552 0.9397 0.7109 0.7324 1.0365 1.2886 1.1940 0.9558 0.0164 0.7618 0.7045 0.9970 0.8578 0.3298 0.3742 0.7396 0.3059 -0.1787 
1.8611 1.9104 1.3388 1.8315 1.1020 1.5939 1.6789 1.4610 0.7335 1.4995 1.2752 1.3750 0.4518 1.1791 1.3908 1.4978 0.3892 1.4519 1.2607 1.0459 0.2899 1.0882 0.9524 1.1046 0.2957 0.9102 1.0552 0.8608 0.2785 0.8106 0.0995 0.3265 -0.6492 
1.5771 1.6601 1.9964 1.1468 1.4090 1.5494 1.5090 1.5013 1.2652 1.1822 0.7074 0.9269 0.9363 1.0511 1.3399 1.3025 0.9379 1.2374 1.2144 0.8739 0.7223 0.6714 0.3705 0.7919 0.7941 0.9706 0.8809 0.8129 0.5520 0.1607 0.7688 0.1215 -0.7291 
1.7134 1.7517 1.1459 1.5633 1.5501 1.5006 1.5503 1.5125 1.6503 1.4483 1.3764 1.2070 0.7248 0.3944 0.6395 1.0876 1.2207 1.0470 0.5122 0.2582 0.4962 0.9542 1.0405 1.0568 1.1788 0.9893 0.9298 0.7705 0.7078 0.5775 -0.0700 0.1415 -0.4950 
1.4476 0.7305 1.4604 1.7342 1.7902 1.2381 1.5593 1.4268 1.4968 0.8373 0.7978 1.0405 1.2186 0.3682 1.3619 0.8954 0.9176 0.8423 1.2315 0.2153 1.0348 0.7564 0.4531 0.4387 1.0474 0.8642 0.9473 0.5018 0.9231 0.7182 0.2724 -0.7563 -0.9879 
1.1119 1.9129 1.9010 1.2684 1.0867 1.3902 1.2792 0.6837 1.2295 1.2900 0.9446 0.6926 1.2146 1.2168 1.0249 1.0310 1.2849 0.9762 0.8923 1.0768 1.0303 0.4079 0.6160 0.8896 0.7676 0.1035 0.6714 0.6562 0.2157 0.3008 0.6910 0.3512 -0.8684 
2.5428 2.2200 2.0107 1.8344 1.7767 1.6345 1.6092 1.6431 1.1212 1.0685 1.5243 1.5244 1.1255 0.8388 0.7763 1.4533 1.4686 1.4129 0.6902 0.6964 0.9165 1.2499 1.1861 0.6791 0.6757 1.0986 1.0112 0.8948 0.9092 0.8134 0.7840 0.6437 0.2356 
