3.1380 3.3329 3.5238 2.9134 1.3672 1.4905 2.1832 1.2773 1.9796 2.4494 2.2062 2.4125 2.6048 2.6681 2.1386 1.1483 2.2135 1.0933 1.9895 2.4897 2.3387 2.1346 1.8251 1.9936 1.4565 0.6409 1.4440 0.6508 0.3905 1.7695 2.1586 1.5370 0.5495 
2.7720 3.0942 3.3870 2.9375 3.0572 3.0992 2.5604 2.7182 2.6592 2.6695 2.6582 2.2572 1.8987 1.9934 2.0589 1.5982 1.7287 1.5349 1.9323 1.8244 1.6712 1.9383 2.2757 2.2238 2.1398 2.1121 1.8175 2.2641 2.1027 1.7787 1.9592 1.3701 0.1165 
3.6883 3.3115 2.9699 2.5733 2.9718 2.6959 1.9401 2.7026 3.0286 3.2238 2.9510 1.9472 2.4111 1.7244 2.3107 2.5745 2.4496 2.4968 2.2093 1.5187 2.1937 1.6716 2.5840 2.7728 2.4869 2.0991 1.2247 1.8656 1.9691 1.3891 1.5680 1.4840 1.0999 
2.0021 3.0103 3.2841 2.9663 2.5037 2.6126 2.7610 2.7034 2.4169 2.6763 2.3110 1.3654 2.5630 2.4520 1.9196 2.0178 1.0107 1.9494 1.8078 2.2731 2.2982 1.0431 1.9319 2.2312 1.8933 2.1000 2.0476 1.7856 1.5135 1.7982 1.8966 1.2398 -0.6066 
3.2702 3.1112 3.9003 3.2697 3.3703 3.0993 3.1876 3.3659 2.8421 2.6241 2.6322 2.3379 1.9420 2.1272 2.3735 2.3210 -0.9732 2.2640 2.2683 1.9292 1.7399 2.0296 2.2486 2.1813 2.3137 2.7310 2.4874 2.2705 2.3674 2.1377 2.5140 1.3952 0.6113 
3.6479 3.1048 2.7577 2.4525 2.8119 1.5113 2.5459 2.6475 2.0507 2.1880 2.6573 2.7084 2.3341 2.2236 2.3721 1.9306 1.8077 1.8715 2.2657 2.0308 2.1036 2.3911 2.2782 1.7394 1.5117 2.0217 1.8177 0.6726 1.8520 1.3305 1.3844 1.3018 1.0481 
3.0334 3.1374 3.8665 3.2381 2.8898 2.4139 2.9044 2.4973 3.0868 2.8312 2.9105 2.1997 2.4279 2.5071 2.2995 2.2190 2.3549 2.1761 2.1999 2.3145 2.2071 1.8780 2.5450 2.3772 2.5800 1.8802 2.1983 1.5708 1.9091 2.0985 2.4621 1.3953 0.5318 
2.6742 2.9857 3.7778 3.0738 2.8478 2.9811 2.8884 2.7960 2.2339 2.9357 2.0487 2.1933 2.3715 2.1976 1.6135 1.9551 0.6338 1.9066 1.4992 1.9935 2.1698 1.8646 1.6668 2.4778 1.6987 2.2052 2.1882 2.1535 1.8846 1.9054 2.3617 1.2298 -0.0887 
1.8251 3.2881 3.7530 2.1177 2.8873 2.9497 2.4516 3.3249 3.0973 2.8974 2.5113 2.5791 0.5189 1.4197 2.5004 1.1536 0.9728 1.0987 2.3605 1.2555 0.2552 2.2483 2.1479 2.4369 2.5917 2.7004 1.7758 2.1201 1.9174 0.9058 2.3502 1.5244 -0.5514 
2.2878 2.7639 2.3917 3.0626 2.9599 2.9135 2.2831 3.1438 3.0086 3.0884 2.6021 2.9633 2.6844 2.4613 2.2687 2.6084 2.2305 2.5477 2.1766 2.2784 2.4345 2.6458 2.2187 2.6441 2.4536 2.5485 1.5645 2.0746 1.9661 1.9036 1.0267 0.9718 -0.6938 
2.8060 3.0905 3.7341 3.6440 2.9491 2.8084 2.8691 2.9705 2.8353 2.8592 1.9589 1.6765 2.3525 2.3024 2.2806 1.6890 1.2890 1.6175 2.1822 2.1479 2.1425 1.3734 1.5829 2.4019 2.3112 2.3298 2.1785 1.9739 1.9424 2.5155 2.3453 1.3562 0.2589 
3.8608 3.6070 3.4844 3.3634 3.0065 2.9772 2.9735 3.3760 3.1566 3.1811 2.9463 2.2458 2.2551 2.7077 2.0754 2.1064 1.8075 2.0302 1.9366 2.5501 2.0038 1.9331 2.5811 2.7317 2.6373 2.7393 2.2426 2.1496 2.0071 2.2214 2.0841 1.8321 1.2420 
3.4662 3.2692 3.6025 3.4698 3.0652 3.2920 3.0919 3.4221 2.7654 2.8568 1.8544 2.8227 2.8556 2.4172 1.1402 1.8934 1.4868 1.8354 1.0109 2.2483 2.6281 2.5429 1.4714 2.3996 2.2464 2.7688 2.3594 2.4580 2.1157 2.3039 2.2347 1.4818 0.7981 
3.2946 3.5091 3.7065 3.5501 3.1531 2.8289 3.1383 2.1984 3.1875 2.3536 3.0612 2.7909 2.6425 2.3919 1.8738 2.4709 2.0266 2.4026 1.7702 2.2300 2.3798 2.5017 2.6793 1.9001 2.6716 1.5713 2.4133 2.0020 2.2084 2.3918 2.3169 1.7361 0.5621 
3.9305 3.8161 3.9734 3.4692 3.1158 2.8171 3.0434 3.6523 3.2189 3.0949 2.6228 2.6808 2.9631 1.6871 2.3634 2.5369 2.1848 2.4613 2.2600 1.5072 2.7007 2.3610 2.2362 2.6497 2.6965 3.0543 2.3199 1.9836 2.1680 2.3049 2.6058 2.0056 1.3054 
1.8755 3.0740 2.6320 3.0066 3.1641 2.5722 2.2543 3.3085 3.0197 2.7046 2.5470 2.3066 2.2368 2.6059 2.7018 2.5207 1.7668 2.4416 2.6044 2.4000 1.9720 1.9986 2.1745 2.2548 2.4767 2.6897 1.5132 1.7333 2.2161 1.8321 1.2750 1.3121 -0.4710 
1.9356 2.5769 3.2759 3.5229 3.4016 3.1691 3.4391 3.0637 0.9260 3.3518 2.9423 2.1949 2.7553 2.4100 2.4979 1.3387 2.3079 1.2476 2.3569 2.2419 2.5314 1.8649 2.5772 2.8958 0.4753 2.4332 2.7007 2.3341 2.3903 2.3758 1.8815 0.7491 -0.9850 
3.4403 3.2674 3.3508 3.1232 2.7288 3.2297 3.6076 3.3646 2.9504 2.9360 1.8508 2.2585 2.3957 2.5761 2.2695 2.2736 2.2830 2.2223 2.1735 2.3555 2.1889 1.9344 1.4511 2.4726 2.3982 2.7264 2.9128 2.4019 1.7738 1.9627 1.9401 1.4758 0.8083 
3.4595 3.2371 2.6485 3.0120 2.8226 3.0739 3.1289 2.6471 2.0043 2.7474 2.6721 2.1726 2.0769 1.9745 1.3626 1.7375 1.2920 1.6613 1.2272 1.8133 1.8325 1.8380 2.2909 2.3015 1.4852 2.0170 2.4043 2.2397 1.8539 1.8437 1.2827 1.4279 0.6798 
3.0099 3.3358 3.4677 1.9177 2.8595 2.9689 2.9508 2.8341 1.9519 2.8112 2.8950 2.4007 2.6118 1.8451 2.4132 2.5563 2.4151 2.4809 2.3024 1.6837 2.3472 2.1228 2.5282 2.3584 1.4244 2.2283 2.2264 2.1354 1.8883 0.7340 2.0677 1.5468 0.5345 
2.7539 3.2375 2.9667 3.3897 2.4042 2.7645 2.3984 2.4129 2.6491 2.7866 2.6783 2.1483 1.8145 1.8744 2.3145 1.8673 2.0606 1.8135 2.2118 1.7230 1.5564 1.8226 2.2980 2.3465 2.1287 1.8192 1.6950 1.9295 1.4547 2.2291 1.5596 1.4754 0.2437 
3.6602 3.6360 3.5312 2.6355 2.6780 2.9386 2.6691 3.0957 2.4539 2.4908 1.7326 2.1026 2.2497 2.0713 1.9434 2.2374 2.3466 2.1903 1.8364 1.8892 2.0018 1.7888 1.3559 2.0225 1.9220 2.4805 1.9448 2.1065 1.7328 1.4747 2.1633 1.8490 0.9832 
3.5697 3.4090 3.4938 2.9790 2.3887 2.3454 2.9654 2.8441 2.4492 2.2513 1.9213 2.0875 1.5125 1.7362 1.7943 2.2989 1.9787 2.2468 1.6766 1.5236 1.2829 1.7875 1.5396 1.8052 1.9190 2.2372 2.2369 1.5158 1.4293 1.8135 2.1101 1.5855 0.9265 
2.6640 3.0454 3.0075 1.9901 2.3447 2.1872 2.0297 2.7159 2.1957 2.6588 2.1787 2.1719 2.5212 2.3561 2.2225 2.0101 2.0480 1.9405 2.1108 2.2029 2.2685 1.8416 1.7887 2.2151 1.6498 2.1173 1.3328 1.3505 1.3838 0.8624 1.5796 1.2666 0.0409 
2.8330 3.3935 3.4408 3.2843 3.0758 2.8091 2.2085 3.3209 2.8974 2.1915 2.4947 2.5416 2.3870 2.2915 1.7883 2.3473 2.1763 2.2943 1.6626 2.1267 2.1757 2.2264 2.1258 1.7609 2.3504 2.6998 1.4884 1.9809 2.1094 2.1674 2.0393 1.5974 0.3036 
3.4663 3.2672 3.0438 3.1575 3.6054 2.4253 3.0425 3.0301 2.7148 2.9665 2.8785 2.6375 2.0022 2.2345 2.0047 2.4728 1.8661 2.4017 1.8904 2.0497 1.7806 2.3141 2.5138 2.5083 2.2031 2.3812 2.3115 1.5603 2.6525 2.0210 1.6509 1.4614 0.8686 
3.2306 3.0061 3.2888 2.8261 3.3722 2.5928 2.6004 3.0309 2.6985 2.5464 2.6686 2.3543 1.6328 2.1772 1.8889 1.0560 1.9071 1.0105 1.7883 1.9580 1.3870 2.0584 2.2870 2.0887 2.1914 2.3844 1.8652 1.7532 2.3728 1.7226 1.8950 1.2298 0.6872 
3.0283 3.0167 3.1930 3.1414 3.0642 2.5405 3.0731 3.0949 2.2709 2.9420 2.5319 1.8282 0.6064 2.1166 2.0186 2.3423 1.1019 2.2852 1.9043 1.9218 0.3809 1.5014 2.1638 2.4845 1.7685 2.4787 2.3474 1.7164 2.0887 1.9961 1.8155 1.2323 0.5050 
3.3086 2.6321 3.4286 3.1321 2.6213 2.6569 1.3622 2.2727 2.9866 2.7645 2.7204 3.0388 2.7356 2.3718 2.1775 2.5890 2.5467 2.5141 2.0387 2.2128 2.5039 2.7145 2.3482 2.3152 2.4311 1.6576 0.6294 1.8265 1.6551 1.9732 2.0127 0.9321 0.7296 
3.8374 3.6422 3.1010 3.1511 3.3483 2.5986 1.3938 2.9762 2.7655 2.2399 2.9819 1.8745 2.4102 2.0869 2.3045 1.9095 1.8049 1.8514 2.2028 1.8917 2.1937 1.5423 2.6039 1.7898 2.2442 2.3346 0.6878 1.7585 2.3558 1.9991 1.7198 1.8452 1.1282 
3.0312 3.4072 3.1054 2.8314 2.8017 2.9234 2.8536 2.9516 2.1454 2.5744 3.0890 2.7313 2.4066 2.7343 2.7161 2.3502 2.1617 2.2941 2.6158 2.5856 2.1948 2.4150 2.7089 2.1183 1.5816 2.3155 2.1700 2.0925 1.8442 1.7151 1.7414 1.5866 0.6278 
3.3184 3.4031 2.9743 3.0187 2.9912 2.8323 2.3541 1.7380 2.3847 0.9856 2.5820 1.8872 2.0653 2.1069 2.2870 2.2568 2.4131 2.2104 2.1907 1.9155 1.8271 1.5683 2.1969 0.4917 1.8698 1.0743 1.6523 2.0019 1.9910 1.8511 1.5310 1.5637 0.5213 
4.0117 3.5331 2.1837 3.1778 2.8557 2.7123 2.6007 2.5509 2.8481 2.0939 2.4635 1.7796 1.4503 1.9466 1.6479 2.1267 2.3351 2.0535 1.5185 1.7938 1.2062 1.4453 2.0997 1.6244 2.3230 1.9043 1.8603 1.8864 1.8856 2.0380 0.7298 1.7292 1.4094 
2.9509 3.0982 3.2603 3.4649 2.2430 2.6086 2.7838 2.5323 2.4829 2.6831 2.0653 2.5863 1.8775 2.3472 2.2353 2.2685 2.4624 2.2202 2.1251 2.1916 1.6332 2.2526 1.7009 2.2369 1.9389 1.9020 2.0871 1.7776 1.2782 2.3024 1.8752 1.3522 0.2175 
3.7345 3.3017 2.3223 3.2557 3.4220 2.3569 2.5605 2.7669 2.7205 2.7594 2.4665 1.9395 2.3208 2.2731 2.2277 1.9217 0.6585 1.8680 2.1124 2.1096 2.0925 1.6505 2.0999 2.3105 2.2062 2.1801 1.8238 1.5131 2.4141 2.1394 0.9741 1.4730 1.0978 
3.4772 2.6272 2.6193 3.2001 3.1106 3.0732 2.8294 2.7833 1.4222 2.8905 3.0883 2.5955 2.2994 2.6115 2.1377 2.3841 2.3477 2.3351 1.9833 2.4051 2.0669 2.2609 2.7071 2.4371 0.8571 2.1961 2.1375 2.2420 2.1690 2.0827 1.2176 0.7726 0.9532 
3.8510 3.6311 3.4070 3.3902 2.8276 2.0021 2.4393 2.1694 2.1978 2.4286 2.3205 1.6393 0.8721 1.9974 2.4038 2.2569 0.1612 2.2069 2.2901 1.8317 0.6442 1.3608 1.9363 1.9760 1.6581 1.5163 1.7512 1.1602 1.8510 2.2298 1.9941 1.8302 1.1359 
1.5715 3.6781 3.3474 3.2072 2.4025 2.7297 2.3260 2.2757 1.8762 2.3038 1.5087 2.3473 2.3117 2.0633 2.2866 2.1803 0.9334 2.1097 2.1893 1.8791 2.0776 2.0468 1.1218 1.8548 1.3615 1.6679 1.6017 1.9001 1.4378 2.0807 1.9343 1.8937 -0.0235 
3.6269 3.0527 3.1679 3.5244 3.0680 3.1808 2.9557 2.7842 2.6692 2.6298 2.5986 2.2601 2.5911 2.3092 2.3906 1.8138 1.5891 1.7648 2.2813 2.1529 2.3201 1.9392 2.2109 2.1884 2.1653 2.1949 2.2311 2.3483 2.0982 2.3715 1.7943 1.2824 1.0227 
2.7126 3.9576 3.9783 3.9367 3.4799 3.1368 3.0623 3.0401 3.1365 3.0853 2.6794 2.7047 2.6803 2.7825 2.6599 2.8433 2.6307 2.7768 2.5590 2.6282 2.4330 2.3852 2.3018 2.6399 2.6231 2.4037 2.3319 2.3066 2.5111 2.7750 2.6149 2.1960 0.5326 
4.3688 4.4257 4.7161 4.4125 2.7720 3.8513 3.3477 3.1367 3.0649 3.2058 2.7700 2.8404 2.9160 2.7714 3.0239 2.7889 2.6845 2.7385 2.8888 2.6185 2.6694 2.5638 2.3910 2.7640 2.5424 2.5297 2.6338 3.0182 1.8565 3.2552 3.3338 2.6298 1.8203 
2.4010 4.7549 4.3873 4.0109 3.7088 3.9948 3.8494 3.8808 3.8133 3.3644 3.2324 3.3553 3.2963 3.4816 3.3062 3.3330 3.3508 3.2616 3.1815 3.2947 3.0633 3.0490 2.8679 2.8982 3.2537 3.2454 3.1144 3.1665 2.7419 2.8670 3.0151 3.0053 -0.1460 
4.1789 5.2648 4.7802 4.0213 4.0594 3.9567 3.9199 3.1794 3.4625 3.5989 2.8273 3.0701 2.8172 3.2578 3.1580 3.0353 3.1204 2.9858 3.0518 3.0881 2.6056 2.7495 2.4595 3.1504 2.9283 2.5873 3.1886 3.1223 3.1046 2.8738 3.3982 3.4951 1.8801 
5.5110 4.7709 4.1348 4.7035 3.7426 3.6767 2.6704 3.2049 3.2360 3.1941 4.1106 3.2224 2.7955 2.5258 2.6665 2.6520 -0.2197 2.6005 2.5637 2.3181 2.5873 2.9212 3.7426 2.7670 2.7144 2.6249 1.9220 2.8565 2.7406 3.5455 2.7239 3.0093 2.9215 
5.2690 5.2935 4.7935 4.7772 4.4351 4.3510 4.4272 4.2955 4.0205 3.8222 3.9528 3.9039 3.8304 3.9069 3.7591 3.6595 3.8296 3.6012 3.6181 3.7239 3.5587 3.5876 3.5748 3.3604 3.5032 3.6550 3.7149 3.5191 3.4784 3.6247 3.4351 3.5142 2.7209 
5.2544 5.1288 4.8515 4.7482 4.4114 4.6038 4.1505 4.1555 3.6969 3.8760 4.3414 4.2187 4.0571 4.0047 4.0763 4.0301 4.0188 3.9808 3.9641 3.8510 3.8478 3.8977 3.9620 3.4338 3.1643 3.5299 3.4437 3.7728 3.4623 3.5911 3.4803 3.3247 2.6544 
5.5737 5.2430 4.6520 4.7710 4.4930 3.9692 4.5052 4.4412 4.3685 4.0714 3.6843 4.1214 3.9928 3.9491 3.9010 3.7454 3.6508 3.6725 3.7922 3.7857 3.7639 3.8415 3.3195 3.6159 3.8583 3.8564 3.8225 3.1553 3.5285 3.6161 3.2306 3.4571 3.0152 
5.4346 4.9673 4.4363 4.3149 4.8904 4.8951 4.6810 3.9466 4.3263 4.0613 3.3251 3.9170 3.8598 3.8568 3.7077 3.5711 3.6698 3.5166 3.5854 3.6484 3.5959 3.6000 2.9830 3.6057 3.8158 3.3352 3.9387 4.0645 3.9359 3.1577 3.0603 3.1554 2.8408 
5.5149 5.1744 4.6803 3.7225 4.5735 3.3587 4.0410 4.2650 4.2096 4.0397 3.9514 4.1219 3.9741 3.8327 3.8462 3.5699 3.4836 3.5134 3.7010 3.6125 3.7395 3.8413 3.5783 3.5972 3.6557 3.6144 3.3610 2.4932 3.5983 2.5703 3.2489 3.3941 2.9300 
5.2841 5.0459 4.6542 3.7118 4.8022 4.7645 3.7030 3.6503 4.0915 4.1580 4.3678 3.8780 3.7270 3.6286 3.4189 3.3291 3.4421 3.2568 3.2624 3.4680 3.4865 3.5522 3.9887 3.7041 3.5705 3.0691 2.9826 3.9300 3.8630 2.6493 3.2068 3.2338 2.7684 
5.5176 5.3466 5.0379 4.7700 4.3842 5.1291 4.5247 4.0758 3.9568 4.1805 4.4252 4.0802 4.1509 3.9597 3.8195 3.9500 3.8405 3.8992 3.6708 3.8000 3.9089 3.8066 4.0376 3.7285 3.4475 3.4738 3.8314 4.2990 3.4494 3.6106 3.6143 3.5624 3.0035 
5.5239 5.2150 4.4944 4.4258 5.0112 4.8370 4.3551 4.2793 4.2843 4.1217 4.2461 3.9344 4.0259 3.9765 3.9238 3.9137 3.9081 3.8666 3.8301 3.8238 3.8216 3.6110 3.8628 3.6643 3.7455 3.6333 3.6291 4.0014 4.0245 3.3053 3.0915 3.4407 2.9797 
5.2452 5.2018 4.8139 4.6742 4.7130 4.7344 4.3614 4.1549 4.0242 3.7746 4.1728 4.1977 4.0489 3.8956 3.8476 3.8814 3.8800 3.8381 3.7042 3.7066 3.8428 3.8859 3.8135 3.3162 3.5104 3.5309 3.6331 3.9019 3.7476 3.5198 3.4292 3.4413 2.7273 
5.1921 5.3222 5.1260 4.6838 4.5574 4.7040 4.3087 4.1169 4.0217 3.8704 4.2236 3.2089 3.5376 3.5718 3.5862 3.3827 3.0757 3.3034 3.4782 3.4226 3.2986 2.9309 3.8473 3.4311 3.5050 3.5066 3.5828 3.8707 3.5971 3.5297 3.7065 3.5504 2.7222 
4.9762 5.3550 5.2543 5.1146 4.5200 4.7947 3.8631 3.5779 3.6091 3.3361 3.9556 3.5799 3.6782 3.5211 3.2216 3.4250 3.3480 3.3508 3.1133 3.3513 3.4552 3.2696 3.5790 2.8738 3.0904 2.9900 3.1246 3.9624 3.5598 3.9507 3.8756 3.5767 2.5178 
5.0170 5.4195 5.2066 5.0143 3.3334 4.5002 3.6296 3.6742 3.5878 3.4603 4.1484 3.1696 3.0523 2.1455 2.4414 2.6241 2.9626 2.5861 2.3341 1.9240 2.7758 2.8595 3.7808 3.0259 3.0721 3.0722 2.9285 3.6700 2.3836 3.8696 3.8421 3.6147 2.4824 
4.6061 5.3600 5.3039 5.2358 4.6378 5.0058 3.5017 2.4245 3.0320 2.7466 3.5893 2.9485 1.0265 1.7759 2.7287 2.6681 2.8657 2.6141 2.6087 1.4355 0.8166 2.6126 3.2113 2.2594 2.4743 1.8594 2.7629 4.1701 3.6436 4.0784 3.9332 3.5818 2.1206 
4.7207 5.4290 5.2809 5.2267 4.7663 4.8121 3.7779 3.8930 3.9071 3.8466 4.1012 3.0336 3.4255 3.2531 3.3598 3.1604 3.2220 3.1058 3.2148 3.0850 3.1558 2.7166 3.7307 3.3936 3.3881 3.2551 3.0486 3.9756 3.8173 4.0710 3.9179 3.6265 2.0833 
3.5278 5.3083 5.1126 5.3125 4.7645 5.0504 4.5980 4.3541 4.1897 4.1542 4.5791 4.2852 4.0952 4.1165 4.0214 4.0284 3.9970 3.9796 3.9167 3.9390 3.8716 3.9580 4.2168 3.6919 3.6353 3.7399 3.8787 4.2192 3.8181 4.1892 3.7306 3.5395 1.2311 
4.8762 5.2651 5.2316 5.6443 4.8782 4.7618 4.4193 4.3503 4.3466 4.5173 4.6634 3.9054 3.8804 3.7267 3.8718 3.8264 3.7053 3.7482 3.7455 3.5423 3.6114 3.5904 4.2777 4.0642 3.8408 3.7330 3.7070 3.9259 3.9164 4.4908 3.8817 3.4850 2.4701 
5.3339 5.0213 4.9242 5.1024 4.3441 3.9302 3.3525 2.7770 2.7292 3.5321 3.9798 3.4046 3.1154 2.7635 2.8054 2.3713 2.2406 2.3205 2.6967 2.5941 2.8686 3.0717 3.6023 3.0745 2.2048 2.2274 2.6508 3.0948 3.3681 3.9315 3.5662 3.1995 2.8466 
5.4684 5.1741 4.8744 4.6687 4.3680 4.2001 3.0785 2.9103 2.7431 3.7272 4.0751 2.8847 2.9483 2.6345 2.8350 2.4573 2.2929 2.3553 2.7001 2.4396 2.6880 2.5802 3.7023 3.2783 2.2601 2.2605 2.3575 3.3700 3.4146 3.4959 3.5086 3.3857 2.9209 
5.5439 5.2264 5.0652 4.4857 4.1068 4.2795 3.4068 2.9279 2.1782 3.3465 4.0097 2.7551 3.0987 2.6258 3.1601 2.9618 2.9826 2.8818 3.0510 2.4281 2.8409 2.4452 3.6240 2.8808 1.6057 2.3378 2.6318 3.4385 3.1597 3.3580 3.6505 3.4395 2.9357 
5.6228 5.3317 4.9756 4.5659 4.0954 3.8474 1.7768 3.3373 3.1226 3.9003 4.4846 3.5792 3.0429 3.1972 3.0116 2.9097 2.9620 2.8342 2.8720 3.0398 2.7760 3.2635 4.1153 3.4631 2.6141 2.7137 1.0990 3.0146 3.1526 3.4484 3.5820 3.5271 3.0247 
5.5995 5.3415 5.1525 4.5600 4.3028 4.3971 3.3636 3.6226 3.6562 4.0107 4.2823 3.4269 2.6461 1.4631 2.6253 2.3894 2.5398 2.3323 2.5154 1.1985 2.3777 3.0917 3.8955 3.5630 3.1347 3.0282 2.6561 3.5610 3.3516 3.4457 3.7565 3.5503 3.0208 
5.5746 5.3560 5.5159 4.5145 3.9681 4.2573 3.7160 3.6056 3.8727 3.7244 4.1669 3.5506 3.2362 3.3043 3.1256 3.1232 3.0697 3.0708 3.0252 3.1189 3.0195 3.2261 3.8035 3.2644 3.3325 3.0171 3.0084 3.4245 3.0469 3.4255 4.0909 3.5708 3.0024 
5.5887 5.3850 5.5550 4.5069 3.9132 4.3521 4.1892 3.8669 3.7068 3.9647 4.2390 3.4817 3.0613 3.1233 3.2044 3.2425 3.1361 3.1847 3.1010 2.9686 2.8064 3.1700 3.8585 3.5169 3.1671 3.2141 3.4626 3.5221 3.0110 3.4124 4.1536 3.5838 2.9685 
5.5819 5.3217 5.5546 4.1662 4.5099 4.4327 3.8405 4.0901 4.1917 4.3117 3.9311 3.0780 3.3363 3.0800 3.0219 3.1426 3.1809 3.0889 2.8952 2.9041 3.0896 2.7551 3.5548 3.8677 3.6341 3.4825 3.0969 3.6015 3.5439 3.0291 4.1520 3.5222 2.9032 
5.4749 5.0271 5.4961 5.0215 4.8391 4.8468 4.5829 4.4467 4.3509 4.4304 3.1361 4.0170 3.9150 3.8818 3.8804 3.8406 3.8356 3.7657 3.7588 3.6855 3.6594 3.7152 2.7675 3.9807 3.8451 3.8613 3.8722 4.0146 3.8843 3.8680 4.0690 3.1825 2.7331 
4.9807 4.4806 5.2023 4.8887 4.3029 3.9595 4.4575 4.2924 4.1566 3.8938 4.5836 4.2605 4.1195 4.0644 4.0136 3.9794 3.9169 3.9254 3.9042 3.9019 3.8887 3.9292 4.2232 3.4451 3.6140 3.6586 3.7699 3.1498 3.3487 3.7707 3.8384 2.7545 2.3992 
4.8566 4.7234 5.0309 3.9966 3.4976 3.8232 4.0789 3.4304 3.5478 4.0450 3.9200 3.0635 1.5343 2.2973 2.4685 1.8917 1.9681 1.8730 2.3525 2.1768 1.1251 2.7319 3.5404 3.5997 3.0345 2.7810 3.3938 2.9882 2.5284 2.8585 3.6088 2.9436 2.3935 
4.9270 4.7262 5.0468 3.8790 3.2819 3.6275 3.8641 3.2862 3.2223 4.1753 3.9655 3.1744 2.9066 3.0527 2.7718 2.8570 2.7855 2.7888 2.6615 2.8688 2.6574 2.8588 3.5832 3.7222 2.7045 2.6962 3.1335 2.7670 2.2636 2.6492 3.6316 2.9494 2.4966 
4.8463 4.7043 5.4222 4.7679 4.4764 4.4808 3.8588 4.0405 3.9842 4.3932 3.8416 3.6309 3.7305 3.6615 3.6158 3.5876 3.5411 3.5313 3.5102 3.4960 3.4898 3.3448 3.4473 3.9463 3.4689 3.4511 3.1398 3.6439 3.5144 3.6027 4.0236 2.8533 2.4736 
4.0176 5.4274 5.3502 4.3381 4.2104 4.3501 4.1707 3.1552 3.3144 3.9633 3.7908 3.0454 3.1389 3.2036 3.0175 3.0728 2.8336 3.0261 2.8778 3.0489 2.9061 2.7271 3.4243 3.5166 2.7720 2.5626 3.4545 3.5217 3.2110 3.1721 3.9678 3.6168 1.5041 
4.6133 5.5035 5.0918 4.3238 3.9458 4.2171 3.5533 3.4024 3.3345 3.9420 3.2151 2.4997 2.7733 2.6474 2.3350 2.2359 2.0740 2.1965 2.2315 2.4723 2.5655 2.1940 2.8413 3.4976 2.7870 2.7574 2.8371 3.3837 2.9900 3.1551 3.6485 3.6946 2.2045 
4.5147 5.4086 4.8789 4.5368 4.2591 4.2331 3.9284 3.7709 3.6005 3.7268 3.6752 3.5381 3.4471 3.5531 3.4748 3.4525 3.4662 3.4016 3.3600 3.3991 3.1819 3.2214 3.3055 3.2703 3.0814 3.1391 3.1919 3.4024 3.2527 3.4139 3.4972 3.6062 1.6701 
5.1891 4.9457 4.5889 4.0206 3.8254 3.6886 3.3725 3.1982 3.1791 3.1359 3.0684 3.1608 3.0248 2.6950 2.7627 2.7088 2.7578 2.6569 2.6532 2.5290 2.7595 2.8514 2.6857 2.6886 2.6576 2.6106 2.6449 2.8555 2.8191 2.8730 3.1805 3.1476 2.6474 
5.2999 4.9230 4.3800 3.8728 3.4394 3.3670 2.8911 3.0016 3.0651 2.8038 2.5791 2.6307 2.7426 2.6645 2.6221 2.3314 2.5925 2.2758 2.4958 2.4849 2.5136 2.3070 2.1948 2.3548 2.5486 2.3500 2.1904 2.5352 2.4461 2.7038 3.0099 3.1122 2.7114 
5.2567 4.9753 4.4624 4.2137 3.9499 3.8382 3.7918 3.6159 3.5714 3.4760 3.4729 3.4039 3.2665 3.1890 3.3085 3.2374 3.1656 3.1819 3.1821 3.0364 3.0423 3.0771 3.0891 3.0337 3.0542 3.0293 3.0646 3.0055 3.0066 3.0546 3.0767 3.1548 2.6337 
5.1387 4.6137 4.5281 4.2672 4.0203 3.8718 3.7807 3.7163 3.6299 3.5331 3.4359 3.4706 3.4410 3.3326 3.3886 3.2798 3.3583 3.2118 3.2416 3.1425 3.1759 3.1505 3.0492 3.0869 3.1117 3.0992 3.0595 3.0394 3.0676 3.1008 3.1367 2.7722 2.5328 
5.1070 4.6735 4.6358 4.2761 4.0933 3.9784 3.8847 3.7330 3.6665 3.6475 3.5634 3.5008 3.4253 3.3389 3.3999 3.2918 3.2356 3.2228 3.2507 3.1479 3.1535 3.1830 3.1833 3.1941 3.1413 3.1111 3.1531 3.1471 3.1271 3.1102 3.2148 2.8278 2.4864 
4.9398 4.3291 4.4070 4.0541 3.9732 3.7834 3.6798 3.5847 3.5615 3.4152 3.4235 3.3804 3.3472 3.2170 3.2431 3.1820 3.1569 3.1262 3.1307 3.0577 3.0963 3.0624 3.0362 2.9534 3.0468 2.9974 2.9949 2.9519 3.0253 2.9328 3.0374 2.5158 2.3490 
4.7821 4.2546 3.9443 3.7003 3.5889 3.4940 3.2967 3.3463 3.2625 3.1531 3.0413 3.0128 2.7566 2.7850 2.7417 2.9680 2.8693 2.8922 2.6374 2.6299 2.5318 2.6819 2.6562 2.7042 2.7355 2.7158 2.6020 2.6617 2.6337 2.5840 2.5849 2.3903 2.2084 
4.7022 4.4301 3.9046 3.6993 3.3996 3.3967 3.3421 3.0548 3.0820 3.0871 3.0398 3.0900 3.0299 2.9831 2.8402 2.8757 2.4898 2.8057 2.7253 2.7704 2.7648 2.7701 2.6555 2.6427 2.5733 2.4205 2.6277 2.5663 2.3970 2.5769 2.5217 2.6351 2.0990 
4.6336 4.3205 3.9431 3.6967 3.3959 3.4151 3.1766 2.9978 2.9180 3.0492 2.9997 2.8469 2.7504 2.6589 2.7937 2.5148 2.7502 2.4412 2.6871 2.4767 2.5238 2.5680 2.6122 2.6077 2.3670 2.3473 2.4615 2.5825 2.3926 2.5730 2.5775 2.5117 1.9932 
4.4441 4.3543 4.0548 3.6712 3.4638 3.4144 3.2334 3.1687 3.1554 2.9636 2.7709 2.7674 2.7652 2.3119 2.6896 2.3497 2.1393 2.2913 2.5958 2.1539 2.5458 2.4671 2.3952 2.5022 2.6378 2.5822 2.5435 2.5844 2.4875 2.5501 2.6726 2.5844 1.8232 
4.6409 4.6392 3.6967 3.8418 3.6020 3.5657 3.9396 3.9626 2.9725 3.3220 3.3395 3.4525 3.0808 3.0552 2.8204 2.7463 3.0913 2.6920 2.7080 2.8623 2.8244 3.1274 2.9741 2.8670 2.4088 3.3578 3.2135 2.7357 2.6460 2.6739 2.2774 2.8077 1.9622 
5.6445 5.3674 4.8502 4.6718 4.4837 4.3834 4.2640 3.9071 3.8571 3.9302 4.0186 3.9986 3.9090 3.8613 3.7916 3.7343 3.6980 3.6633 3.6457 3.6541 3.6519 3.6902 3.6399 3.4855 3.3092 3.2823 3.5211 3.5508 3.5224 3.4985 3.4797 3.5562 3.0660 
5.8789 5.6044 5.1344 4.7742 4.4764 4.2421 3.8541 3.9102 3.5879 2.7764 3.5821 3.7405 3.5895 3.5681 3.6603 3.6056 3.5790 3.5552 3.5473 3.4194 3.3635 3.4444 3.1961 2.3338 3.0684 3.2879 3.1176 3.4122 3.5180 3.6135 3.7244 3.8154 3.2183 
5.7024 5.5612 5.3403 5.0532 4.7471 4.6382 4.5347 4.3550 3.8885 3.5999 3.9150 4.2208 4.1909 3.9606 3.8324 3.8828 3.8901 3.8397 3.6815 3.8012 3.9359 3.9018 3.5393 3.1445 3.3591 3.7400 3.8445 3.8090 3.7899 3.8965 3.9563 3.7678 3.1378 
5.2127 6.0208 5.6671 5.1400 4.9521 4.7585 4.7030 4.0139 4.7614 4.7787 4.3230 4.0282 4.0369 3.9189 4.1040 3.9941 3.9395 3.9382 3.9865 3.7428 3.8333 3.7418 3.9369 4.3322 4.2581 3.4234 3.9674 3.9266 3.9800 3.9789 4.2859 4.2599 2.1817 
5.5020 5.9575 5.3534 4.5696 4.1042 3.9187 3.7648 4.0642 4.0623 4.0308 3.9631 2.4406 3.3424 2.1063 3.2162 3.0570 2.9982 3.0124 3.1109 1.8860 3.0951 2.1585 3.5833 3.5909 3.5424 3.4670 3.0525 3.0856 3.1327 3.4374 3.9511 4.1625 2.8363 
4.3896 5.8868 5.4088 4.8234 4.5717 4.3413 4.1750 3.9759 4.4392 4.3785 4.3012 3.9715 3.8234 3.7093 3.9312 3.7577 3.6860 3.6851 3.8383 3.5300 3.5532 3.6577 3.9161 3.9330 3.9234 3.3811 3.4616 3.5084 3.5933 3.6751 3.9957 4.0716 2.5391 
3.7647 5.7250 5.2293 4.7358 4.4608 4.2818 4.1211 3.9323 4.0591 4.2696 4.2283 3.0361 3.5142 3.5119 3.6530 3.5045 3.4046 3.4564 3.5450 3.3386 3.2698 2.7355 3.8484 3.8265 3.5456 3.3117 3.4296 3.4541 3.5129 3.5968 3.8686 3.9364 2.2082 
5.5523 5.5859 5.5862 5.1723 4.9274 4.7712 4.6172 4.4417 4.7534 4.5372 4.7764 4.4648 4.4028 4.3324 4.3394 4.3043 4.2815 4.2603 4.2438 4.1535 4.1722 4.1779 4.3976 4.0824 4.2502 3.8599 3.8954 3.9410 3.9637 4.0185 4.2070 3.8353 2.8576 
5.9189 5.8758 5.3463 4.7745 4.5051 4.3830 4.2729 4.3014 4.3385 3.9132 3.5543 3.8860 3.8033 3.8407 3.7128 3.6773 3.6696 3.6110 3.5909 3.6227 3.5399 3.5643 3.1762 3.4706 3.8339 3.6675 3.5357 3.5527 3.5424 3.6199 3.9476 4.0407 3.1578 
5.6441 5.6161 5.1698 4.7247 4.5339 4.3762 4.2377 4.2364 4.1833 3.9750 3.8326 3.8616 3.8551 3.8183 3.8146 3.7463 3.6999 3.6746 3.6655 3.6051 3.5902 3.5348 3.4543 3.5262 3.6256 3.5964 3.5024 3.5480 3.5697 3.5796 3.8007 3.8403 3.0452 
3.3127 5.7083 5.1603 4.7844 4.5506 4.4216 4.3336 4.2977 3.9628 4.0767 3.8236 3.8889 3.8753 3.8381 3.7259 3.7243 3.6277 3.6539 3.5990 3.6179 3.6069 3.5682 3.4413 3.6222 3.4506 3.6591 3.6036 3.5898 3.5767 3.6268 3.7552 3.9322 2.2233 
5.1603 5.6669 4.4209 4.0199 3.9722 3.8965 3.7653 3.6447 3.8004 3.6005 3.6642 3.3839 3.4942 3.5831 3.2104 3.2017 3.1717 3.1521 3.1033 3.4301 3.2377 3.0633 3.2952 3.1537 3.2417 3.0491 3.0467 3.0604 3.0189 2.8613 2.9962 3.8891 2.5068 
