3.8596 4.0800 3.4404 2.8800 2.1925 1.1640 1.5629 1.9788 2.1108 1.1282 1.6617 1.8684 2.0275 1.5014 1.5504 1.8116 2.1595 1.7298 1.4244 1.3002 1.7467 1.4733 1.2190 0.6091 1.4931 1.2502 0.7278 0.1776 1.0408 1.4911 1.7758 1.9664 0.7008 
3.1214 3.5214 3.3114 2.7835 3.2231 2.5364 4.1559 4.1745 2.9060 4.0243 3.4146 3.0501 2.6961 3.0400 2.5125 2.6425 2.0772 2.5776 2.3923 2.8627 2.4247 2.6830 2.9527 3.4918 2.2951 3.4473 3.3440 1.5806 2.0649 1.4264 1.6095 1.4265 -0.0703 
3.8531 2.4240 2.4219 1.4391 1.5997 2.1665 1.6668 2.5436 2.1727 2.2275 1.9278 2.0877 2.4341 1.7593 1.4692 0.9953 1.4418 0.9385 1.3418 1.5292 2.1229 1.7382 1.4789 1.6844 1.5485 1.8373 0.8566 1.1755 0.4602 0.0400 0.7375 0.0620 0.6888 
3.2722 2.8715 2.8146 2.4397 1.7298 1.8388 1.6282 1.5825 1.8311 1.7858 2.0766 2.3174 1.9816 2.4828 2.1364 1.5252 1.3853 1.4625 2.0040 2.2821 1.6874 1.9399 1.6186 1.2462 1.1628 0.8854 0.8044 0.8533 0.5738 1.0548 1.1162 0.6808 0.0976 
3.5005 2.6937 1.4991 1.4470 1.0669 0.4975 1.3940 1.2415 1.4636 1.7037 0.4263 1.6452 0.5357 1.8015 1.6546 1.2881 1.1197 1.2015 1.5185 1.5698 0.2342 1.3081 -0.0477 1.1588 0.8604 0.5080 0.5156 -0.4793 -0.0631 0.0628 -0.1904 0.5866 0.4557 
2.5422 2.1965 2.9010 2.2330 1.9000 2.4688 2.3838 0.8560 2.3981 1.9798 1.6051 1.3785 1.9514 2.0446 0.5961 1.3956 1.4083 1.3187 0.4813 1.8652 1.6486 0.9832 1.1604 1.4484 1.7543 0.1040 1.5027 1.4789 0.7323 0.8805 1.2336 0.0505 -0.5560 
3.0901 2.4548 2.5616 1.8654 1.8152 1.6250 2.1141 1.4316 1.3084 1.1274 1.9219 1.2236 1.2056 2.0603 1.7353 1.6708 0.5710 1.5941 1.5857 1.8805 0.9404 0.8801 1.4652 0.6070 0.6551 0.6615 1.2851 0.6329 0.6368 0.4655 0.9375 0.3139 0.1030 
3.1976 2.6935 2.1095 1.1646 2.4477 1.7600 1.3459 1.4697 1.8043 2.4120 1.7131 2.0536 2.2392 1.6844 1.4292 0.9324 0.8731 0.8830 1.2835 1.4778 1.9531 1.6883 1.2692 1.8867 1.1512 0.7415 0.4742 0.7571 1.3039 -0.2279 0.4763 0.5401 0.1223 
2.7910 2.3416 2.3374 1.8240 1.5946 1.2636 2.2420 1.7500 1.7597 1.8449 2.4008 0.3814 1.3380 1.9537 1.2347 1.9884 0.7144 1.9300 1.0868 1.7371 1.0231 0.0136 1.9423 1.2864 1.1127 1.0093 1.4064 0.2927 0.4587 0.4562 0.6294 0.1552 -0.3923 
2.9177 2.5542 2.6363 2.1899 1.5031 1.1920 2.5106 2.5855 1.9036 2.0512 2.0631 2.1359 1.2180 1.7903 1.9768 1.4795 1.4537 1.4201 1.8648 1.5631 0.9408 1.7938 1.6027 1.5192 1.2628 1.8909 1.6462 0.1668 0.3654 0.8534 1.0010 0.4760 -0.1535 
3.1231 3.1913 2.5766 1.9907 1.1330 1.5878 0.7707 2.4935 1.4568 2.0360 2.3739 2.0850 1.9437 1.2400 2.3809 1.3185 1.4129 1.2120 2.2117 1.0359 1.6295 1.7331 1.9122 1.5087 0.8420 1.7708 -0.0945 0.6012 -0.0209 0.6029 0.9350 1.0539 0.0242 
1.1091 2.7202 2.6415 2.4743 2.0908 1.9311 2.2994 1.4487 0.8728 1.2987 2.3572 1.8180 1.9939 2.3643 1.9151 2.1080 1.1868 2.0477 1.7668 2.1017 1.7040 1.4408 1.8999 0.7650 0.2005 0.6904 1.4408 0.9419 0.9530 1.0971 0.9981 0.5959 -3.5907 
3.4689 3.3941 2.2834 2.5644 2.1354 2.0039 2.3875 1.8380 2.3683 2.2606 2.2797 2.2862 1.9112 1.9605 1.6960 1.9226 1.5081 1.8716 1.5512 1.7485 1.5902 1.9214 1.8465 1.7158 1.7064 1.0679 1.5109 1.0180 0.9919 1.2017 0.5760 1.2299 0.3507 
1.5273 2.6493 2.7095 2.5574 2.1672 1.6863 1.5984 1.9494 1.8816 2.1703 1.9870 1.9174 1.8714 1.8887 1.5765 1.0844 1.3207 1.0182 1.4485 1.6375 1.5461 1.5305 1.5318 1.6273 1.2249 1.2011 0.7706 0.6809 1.0178 1.1961 1.0640 0.5692 -3.3977 
3.7949 2.9570 1.9993 1.9013 2.0629 2.0925 1.9165 2.1673 1.8398 1.8971 1.4080 1.9944 1.9576 2.0255 1.9610 1.4863 1.7168 1.4272 1.8411 1.8405 1.6539 1.6138 0.9462 1.3722 1.1767 1.4472 1.0454 1.1024 0.9283 0.5124 0.3719 0.7769 0.6905 
3.3730 3.3811 2.8779 2.7007 2.1828 2.7122 2.9024 2.2120 2.2796 2.2642 2.2218 1.6670 1.9738 1.9822 1.1458 1.6447 1.7377 1.5811 1.0255 1.7759 1.6754 1.3368 1.7844 1.7184 1.6273 1.4812 2.0270 1.7311 1.0352 1.3728 1.1945 1.2173 0.2187 
2.0419 3.5267 2.7703 2.6595 2.8279 2.8939 1.4808 1.7031 2.2354 2.1695 2.3738 1.9419 2.1853 2.2900 1.9702 1.4600 1.8420 1.4051 1.8520 2.0573 1.9188 1.5607 1.9136 1.6287 1.5930 0.9751 0.6017 1.9017 1.6383 1.3286 1.0746 1.4196 -2.5892 
3.6466 2.9358 2.4234 1.9687 2.0165 1.4639 1.5448 1.9268 1.6955 1.6730 1.4686 1.2365 1.4325 1.6275 -0.2068 1.4331 0.4788 1.3817 -0.4462 1.4400 1.1156 0.8943 1.0108 1.1326 1.0627 1.1798 0.6740 0.4626 0.8910 0.5969 0.7688 0.8218 0.5931 
4.3814 4.2759 3.8687 3.4314 3.4209 3.1152 2.8056 1.9124 2.5767 2.8709 2.4156 2.2575 2.5176 2.3814 2.4231 2.4157 2.0766 2.3625 2.2823 2.1278 2.2344 1.9053 1.9568 2.3293 1.9598 1.1544 1.9393 2.1227 2.2648 2.0520 2.1716 2.1027 1.2144 
2.4672 3.0223 2.0744 1.7967 2.4760 2.2958 2.1748 2.2641 1.8025 1.3884 1.2405 1.6089 1.5171 0.3117 1.6935 1.0232 0.9241 0.9577 1.5544 0.0989 1.2355 1.2703 0.8122 0.8510 1.1378 1.5151 1.3636 1.2978 1.3489 0.4061 0.4255 0.9101 -0.3135 
3.4131 3.1023 2.8072 2.6424 1.1017 2.4049 2.3239 0.4599 1.9489 2.2245 1.4694 1.9099 1.8227 1.4024 0.9209 1.8880 0.2225 1.8123 0.7506 1.1539 1.5098 1.5256 1.0045 1.6821 1.3356 -0.2486 1.4541 1.4179 -0.0615 1.3045 1.1314 0.9802 0.3766 
2.3746 3.0658 2.8879 2.2158 2.3042 1.7322 1.9274 2.3480 1.5176 1.6790 1.8917 2.0885 1.9520 1.6663 1.6045 1.7541 0.6655 1.6673 1.4793 1.4658 1.6451 1.7367 1.4318 1.1444 0.9072 1.5814 1.0549 0.7467 1.1132 0.8604 1.1967 0.9458 -0.3498 
3.3490 2.7615 3.4791 3.1359 2.5718 2.0583 1.1967 1.8837 1.6920 2.1646 1.8072 1.5649 1.5404 1.4890 1.7122 1.4328 1.4675 1.3760 1.5726 1.2925 1.2661 1.1907 1.3754 1.6268 1.0625 1.1017 0.3838 1.0746 1.4360 1.7939 1.8519 0.6079 0.0894 
3.3244 3.4260 3.7489 3.4914 3.3897 3.1325 2.6567 2.7159 2.6280 2.5431 2.3519 2.2767 1.9127 1.9117 1.6717 1.3896 2.1647 1.3184 1.5336 1.6726 1.5928 1.9146 1.8956 2.0090 2.0088 1.9830 1.8370 2.1390 2.2190 2.1044 2.0856 1.2906 0.4051 
2.3287 3.4537 3.9096 3.4910 3.0621 2.3726 1.4795 1.2307 2.1514 1.3605 1.5359 1.8068 0.9999 1.7503 1.6175 0.8079 0.9391 0.7148 1.4889 1.5272 0.6889 1.4330 1.0916 0.8082 1.5264 0.5017 0.6052 1.3763 1.9272 2.1075 2.2504 1.3598 -0.2920 
3.2193 3.4287 3.8173 2.7412 2.4733 2.8270 2.0205 2.2830 2.0768 2.1338 1.8169 2.2932 2.1337 1.8462 1.9177 2.0220 1.5285 1.9591 1.7712 1.5930 1.8837 1.9261 1.3776 1.5959 1.4573 1.5352 1.1480 1.8392 1.3413 1.3986 2.1248 1.3319 0.0382 
3.9795 3.9189 4.0184 3.5735 1.0309 3.0137 2.5385 2.2313 1.8427 1.7241 1.8516 2.1765 1.9345 1.7963 1.1294 0.5072 1.6436 0.4456 0.9951 1.5611 1.6196 1.8465 1.3992 1.1859 1.1727 1.4968 1.6783 2.0261 -0.0034 2.2111 2.3905 1.7984 0.9789 
2.6530 3.9236 4.1216 3.5772 3.3029 3.0150 2.3989 2.6743 2.2595 1.8922 2.0945 2.3104 1.8337 2.1011 1.4512 1.6131 0.9897 1.5563 1.3201 1.9203 1.5228 1.9374 1.6561 1.3706 1.6088 1.9554 1.5289 2.0292 2.1137 2.2117 2.4761 1.8150 0.2348 
3.2500 3.8939 4.0944 3.7128 3.1769 1.6431 1.1907 1.9050 2.0896 1.5763 1.9888 1.6053 2.2850 1.6570 1.5788 1.4301 0.3873 1.3740 1.4452 1.4618 1.9845 1.2793 1.5399 1.0506 1.4814 1.1479 0.3902 0.6620 2.0263 2.3738 2.4585 1.7592 -0.2800 
2.5824 3.4118 3.9175 3.7230 2.5375 2.5950 2.2271 1.7993 1.2524 0.8301 1.9051 1.6110 1.9354 1.8688 1.9559 1.4506 1.7935 1.4022 1.8382 1.6164 1.6298 1.2787 1.4496 0.3402 0.5723 1.0670 1.4069 1.6078 1.3976 2.3742 2.2661 1.2615 -1.8673 
4.0609 3.7414 4.1150 3.3614 3.6297 3.0129 2.5013 1.9674 1.2437 1.3860 1.9334 1.4159 1.7029 1.3796 1.3251 1.0094 1.4722 0.9493 1.1462 1.1131 1.4276 1.0279 1.4752 0.8434 0.5977 1.2337 1.6367 2.0196 2.4843 1.9779 2.4737 1.6057 1.0028 
3.1384 2.3433 3.8730 3.8920 3.8960 3.3876 2.8367 2.5102 2.2894 1.6898 1.1690 1.9482 1.3519 1.8912 1.9408 2.0696 1.7169 2.0015 1.8083 1.6453 1.0305 1.5747 0.7346 1.1413 1.6343 1.7959 1.9618 2.3921 2.7281 2.5042 2.2048 0.1319 0.0433 
3.5585 3.6838 3.9534 3.7551 3.8508 2.5456 1.9963 2.2672 2.1688 2.1599 1.3966 2.4488 2.3831 1.8328 1.4856 1.6627 1.6689 1.5913 1.3755 1.5894 2.0646 2.0731 0.9379 1.6171 1.5419 1.5199 1.1345 1.5502 2.6505 2.4031 2.3112 1.5841 0.5946 
3.6043 3.8530 3.5317 0.9215 3.1617 3.0320 2.5805 2.5079 2.3188 2.0935 2.4286 2.3927 2.5203 2.1250 2.1940 1.6416 1.1727 1.5808 2.0529 1.9348 2.2389 2.0032 1.9722 1.5719 1.6570 1.7892 1.7371 2.0380 2.0119 -0.7077 1.8887 1.6897 0.2611 
3.5137 3.9145 2.8966 3.0263 3.2085 1.4712 2.7094 2.4007 2.4313 1.8227 1.4957 2.1705 2.4761 2.3766 2.3260 1.8632 1.8508 1.7701 2.1516 2.1193 2.1786 1.8349 1.0367 1.2744 1.8073 1.6329 1.8840 0.4765 2.0469 1.6311 1.2673 1.7480 -0.1270 
4.2973 4.5353 4.1099 3.8789 3.5619 2.1307 2.3154 2.2772 2.3970 2.0077 2.0355 1.8836 1.4089 2.0925 1.7458 1.8885 0.4377 1.8173 1.5917 1.9105 1.0922 1.4935 1.5869 1.4757 1.7484 1.5231 1.4475 1.1261 2.4223 2.4883 2.4636 2.4160 1.0246 
3.4869 4.2567 3.9328 3.7733 2.0579 2.7467 2.4867 2.4112 1.9218 1.2945 1.4124 1.2657 1.6617 1.1958 1.7002 1.4947 0.0804 1.4342 1.5592 0.9895 1.4049 0.9129 0.9528 0.7530 1.2833 1.6482 1.6189 1.7558 0.9125 2.4097 2.2837 2.1072 0.5074 
3.6590 4.3066 3.5934 3.4692 3.6000 2.4995 2.5703 2.7147 2.3772 2.4896 2.4783 2.3368 2.3903 2.4187 2.4043 2.3778 2.4165 2.2951 2.2500 2.1847 2.0724 1.9501 2.0234 1.9574 1.7129 1.9782 1.7135 1.4989 2.4601 2.0902 1.9301 2.1376 -0.0229 
3.8179 4.0303 3.7324 3.6706 3.1296 2.2324 2.2244 1.6477 1.6002 1.6459 1.0423 1.1380 1.6648 1.9195 2.0857 1.3157 1.6423 1.2208 1.9563 1.6823 1.4097 0.8168 0.6037 1.1005 0.9901 0.9397 1.3998 1.2468 1.9881 2.3342 2.0662 1.9119 0.5872 
2.2117 2.4417 3.5958 3.1942 2.8991 1.9256 2.2166 2.2460 0.7958 1.6266 0.9696 1.6126 1.6954 0.9797 1.1543 0.1830 0.4401 0.1287 1.0163 0.7561 1.4238 1.2725 0.5296 1.0937 0.1136 1.5035 1.3942 0.9276 1.7264 1.8610 1.9682 0.2269 -0.6023 
3.9687 3.9243 3.8096 4.0645 3.5394 3.0143 2.6864 2.1467 2.3213 2.0011 0.8186 0.9525 0.5611 1.1510 0.6621 1.3797 0.5645 1.3003 0.5471 0.9456 0.2399 0.5777 0.3362 1.4637 1.6591 1.4383 1.8721 2.0273 2.4043 2.7019 2.1389 1.7540 0.8149 
2.2638 3.5354 3.9611 3.9232 3.6654 3.4250 2.8407 2.8916 2.8734 2.8121 2.4067 2.3752 1.9322 2.4622 2.4034 2.2331 1.9586 2.1483 2.2495 2.2516 1.6148 1.9816 1.9463 2.2655 2.2140 2.1245 1.9638 2.4390 2.5146 2.5443 2.3281 1.4471 -0.3816 
3.3690 4.0165 4.0362 4.3604 4.1942 3.7210 3.5532 3.1154 3.2053 3.0887 2.8800 2.8816 2.7062 2.4550 2.5289 2.5877 2.3856 2.5278 2.4090 2.2377 2.4301 2.4901 2.4199 2.5647 2.5727 2.4107 2.7012 2.7359 3.0334 2.9725 2.3973 1.9136 -0.4372 
3.9149 3.8517 3.8913 4.1573 3.9501 3.5768 3.3126 2.9600 2.4180 2.4237 2.5454 2.4656 2.4605 2.0083 1.2517 1.6233 1.5882 1.5630 1.0973 1.8112 2.1573 2.0873 2.0891 1.9012 1.7865 2.2204 2.4464 2.5901 2.8140 2.8284 2.1883 1.6582 0.6875 
3.5806 3.4829 4.1238 4.0359 3.9252 4.3619 3.9906 3.6073 3.4734 3.2671 3.0740 3.2138 2.9620 3.0411 3.0813 2.8660 2.9531 2.7776 2.9561 2.8644 2.6619 2.8746 2.6184 2.7208 2.8708 2.9026 3.1249 3.3739 2.7749 2.6780 2.4758 1.3423 0.3847 
2.4892 2.3696 4.1595 4.3830 4.0462 3.6600 2.2353 2.4495 2.0504 2.0641 2.4257 1.8806 2.3106 2.0838 1.5399 1.4555 0.6036 1.3930 1.4185 1.8956 2.0045 1.4816 1.9736 1.5372 1.4395 1.7097 1.4267 2.6694 2.9087 2.9976 2.5221 0.4093 -1.5167 
3.2875 4.0705 4.0685 4.1946 3.9101 3.3691 2.5713 2.5454 2.3813 2.3774 2.0464 2.2052 1.4944 2.2404 2.0829 1.6785 0.9300 1.5988 1.9534 2.0182 1.1976 1.8718 1.5896 1.8323 1.7147 1.8255 1.7007 2.3847 2.7478 2.8635 2.4354 1.9686 0.4866 
2.9630 4.4580 4.5713 4.2308 3.6150 3.4005 2.7993 2.9538 2.8978 2.9578 2.6448 2.6662 2.4567 2.4610 2.5609 2.5711 2.3199 2.5028 2.4335 2.2506 2.1503 2.3323 2.2040 2.4282 2.2581 2.2127 1.9480 2.4140 2.4755 2.8806 2.9432 2.3707 -1.2816 
4.3937 4.9058 4.4788 4.1915 4.6339 3.4011 3.5804 3.1900 3.0507 3.0041 3.0227 2.8850 2.6730 2.6105 2.7826 2.8883 2.7731 2.8180 2.6138 2.4239 2.4081 2.4936 2.5733 2.4727 2.4333 2.4603 2.7441 2.4192 3.4884 2.8703 2.8545 2.7772 1.0294 
4.3499 4.9128 4.4230 4.0701 4.5779 4.0318 3.8693 3.6154 3.4864 3.3883 3.2705 3.0277 3.0941 3.3394 3.1419 3.0093 2.9135 2.9464 3.0085 3.0831 2.8543 2.6564 2.8371 2.8638 2.8814 2.9091 2.9874 3.0489 3.4472 2.7466 2.7680 2.7700 0.8674 
3.9782 4.2774 4.3446 3.8656 4.1348 3.9036 3.1719 2.9896 2.9314 2.6277 2.4655 1.7884 2.1491 2.3094 2.3828 2.4584 2.0134 2.4017 2.2149 2.0755 1.8925 1.4304 2.0109 2.0894 2.3097 2.2611 2.3469 2.9188 2.9904 2.4772 2.6533 2.1011 0.9011 
3.4864 4.1819 4.3398 3.9819 4.6813 3.9821 3.7997 3.5502 3.4472 3.3576 3.3425 3.1267 3.3321 2.8962 3.0090 3.1195 2.9085 3.0584 2.8919 2.6521 3.0142 2.7882 2.8869 2.8070 2.8364 2.8459 2.9306 2.9892 3.5267 2.5973 2.6567 2.0245 -0.7181 
3.2549 4.0045 4.4077 4.3525 3.4861 3.5711 3.3969 3.0175 2.4751 2.6708 2.4673 2.5577 2.5082 2.6113 2.5146 2.5154 2.5757 2.4540 2.3981 2.4267 2.2238 2.1969 2.0109 2.1377 1.8723 2.3049 2.5259 2.5822 2.3700 2.9630 2.7454 1.9009 -0.3382 
4.2924 4.2747 4.6089 4.4134 3.4750 3.1239 3.1285 2.9160 2.7621 2.5794 2.0577 2.3498 2.1086 1.9948 2.4542 2.0864 2.2221 2.0237 2.3344 1.7957 1.8705 1.9610 1.6052 2.0455 2.1096 2.1590 2.3062 2.1475 2.3479 3.0338 2.9707 2.0975 1.0298 
3.1942 3.5372 3.9878 3.0047 3.6862 3.0574 3.2457 2.7978 2.4006 2.0899 2.5151 2.3073 2.3796 2.3306 2.2817 2.3771 2.3461 2.2947 2.1134 2.0847 2.0602 1.9335 2.0654 1.5633 1.7541 2.0416 2.4046 2.0593 2.5354 1.6588 2.3553 1.4236 -0.4393 
3.9402 4.1525 4.5725 4.4657 4.1396 3.1756 2.3264 2.2313 2.0951 1.9543 2.1541 2.0885 2.4673 1.9003 2.2155 2.0248 1.2394 1.9620 2.0719 1.6512 2.1673 1.7372 1.7122 1.4278 1.4839 1.4931 1.4622 2.1697 2.9940 3.0834 2.9456 2.0120 0.5649 
3.5745 4.3457 4.7713 4.5116 4.1202 3.7457 3.6663 3.4513 3.3491 3.2504 3.1352 2.9911 2.9796 2.8728 2.8495 2.9175 2.6125 2.8650 2.6727 2.6157 2.6849 2.6118 2.6949 2.7053 2.6827 2.7102 2.8507 2.7537 2.9846 3.1327 3.0896 2.1833 -0.1743 
1.7846 3.4327 4.3728 4.0887 3.9291 2.9113 2.9748 2.7440 2.7813 2.1188 2.4682 2.0841 2.2734 2.2765 2.3939 2.2121 0.5379 2.1276 2.2349 2.0452 1.9777 1.7248 2.0149 1.5880 2.1221 2.0030 2.1065 1.9361 2.7765 2.7425 2.6958 1.3935 -0.8137 
2.9852 3.1245 4.2975 3.9468 3.9377 3.8161 3.1779 2.9373 2.7385 2.4643 2.7490 2.6218 1.9492 2.3522 1.9937 2.3666 1.6036 2.2742 1.8826 2.0946 1.6340 2.2786 2.3178 1.9346 2.0904 2.1859 2.3575 2.8269 2.7973 2.5700 2.6146 0.9471 -0.6701 
3.7613 4.2723 4.3709 4.3596 4.1011 3.4050 3.2204 2.8970 2.6888 2.5885 2.5050 2.4906 1.6703 1.8339 1.6018 2.0993 1.5951 2.0397 1.4806 1.5917 1.4184 2.1128 2.0541 2.0605 2.0538 2.1197 2.3844 2.4052 2.9577 2.9725 2.6916 2.1331 0.5214 
2.4684 2.6324 4.4143 3.9112 3.5287 3.5759 3.2033 2.8165 2.8489 2.6196 2.5344 2.6811 0.8664 2.0821 2.1514 1.6296 2.0493 1.5758 2.0155 1.8986 0.5063 2.3487 2.0840 2.0878 2.1841 2.0555 2.3800 2.5853 2.3943 2.5441 2.7572 0.7953 -0.0534 
3.0777 4.1214 4.3885 4.0274 3.3553 3.4251 3.2721 3.0077 2.8527 2.9962 2.8323 2.9198 2.7545 2.5199 1.9786 2.6345 2.7037 2.5739 1.8727 2.3299 2.4631 2.5371 2.3846 2.4670 2.1895 2.2891 2.4246 2.4360 2.1657 2.6534 2.7159 2.0202 -0.0042 
3.9620 4.0683 4.6117 3.3923 3.5822 3.1182 1.9870 2.2171 1.8709 2.0007 2.5311 2.4228 2.2985 1.8684 1.5770 1.5750 -1.5881 1.5069 1.4387 1.5991 1.9937 2.0431 2.0840 1.4817 1.2302 1.4980 1.1451 2.1307 2.4516 2.0015 2.9697 1.9763 0.7507 
2.0974 3.3178 4.3347 4.0400 4.0698 3.2900 3.1191 2.7316 2.8585 2.4847 2.5499 2.2846 2.4855 2.2662 2.2985 2.7402 2.2786 2.6554 2.1378 2.0335 2.1914 1.9269 2.0901 1.9528 2.1911 1.9919 2.2960 2.2916 2.9363 2.6773 2.6455 1.0729 -1.5622 
4.2419 4.4675 4.5987 4.0675 3.5636 2.8373 2.7258 2.0024 2.4953 -0.0999 1.8697 2.4146 1.8742 1.5769 1.4113 1.8044 1.9428 1.7094 1.2623 1.4019 1.5498 2.0259 1.4111 -0.8677 1.8915 1.3057 1.8989 1.8540 2.4304 2.7038 2.9595 2.3653 0.9592 
3.8971 4.2902 4.6969 4.0405 3.0345 3.4801 3.4747 3.0451 2.9164 2.8541 2.9280 2.4708 2.7783 2.7582 2.8343 2.7696 2.9158 2.6832 2.6570 2.5304 2.4779 2.0899 2.4705 2.3041 2.2859 2.3397 2.6043 2.4872 1.9020 2.6585 3.0372 2.1639 0.5860 
3.5592 2.5283 4.3573 3.9750 3.1125 2.7266 2.5017 1.9321 1.6851 2.0223 1.9039 1.9286 2.1330 1.8284 2.2317 2.0699 2.2204 1.9989 2.0789 1.5778 1.8787 1.5487 1.4402 1.4860 1.0476 1.1586 1.6290 1.7372 1.9512 2.6128 2.6585 -0.0971 0.3997 
4.0324 4.2360 4.7114 4.6216 3.9091 3.5394 3.0303 3.0488 2.8755 2.7389 2.6175 2.3459 2.3284 2.4994 2.6830 2.3859 2.5636 2.3092 2.5428 2.3074 2.0122 1.9578 2.1765 2.1946 2.2188 2.3448 2.1755 2.5446 2.7479 3.2786 3.0575 2.0839 0.7067 
3.4821 2.7469 3.5699 4.3039 3.0090 3.5341 3.4730 3.4860 3.1287 2.9660 2.6749 2.4861 2.4576 2.2406 2.6694 2.3668 1.7728 2.2756 2.5324 2.0200 2.1535 2.1038 2.2359 2.4365 2.5073 2.7596 2.5987 2.5385 1.8186 2.9293 1.9421 0.2198 0.0274 
4.2799 4.3099 4.3298 4.3932 3.8228 3.2920 3.6372 3.0689 2.4830 2.4736 2.3827 2.1654 2.2971 1.3838 1.4402 1.0512 0.7594 0.9890 1.3044 1.1197 1.9928 1.8303 1.9226 1.9475 1.8770 2.3722 2.8156 2.3132 2.6382 3.0086 2.6423 2.1046 0.9777 
3.4792 3.8890 3.8980 3.8875 3.4552 3.6401 3.3859 3.1833 3.2037 2.9159 2.9229 2.7683 3.0192 3.0358 2.8031 2.7294 2.6914 2.6457 2.6304 2.8580 2.7391 2.4076 2.4665 2.3883 2.5687 2.4578 2.5054 2.6459 2.3222 2.4894 2.2447 1.7068 -0.2738 
3.9885 4.0624 4.4076 3.6020 3.4082 3.1363 3.4876 2.8809 2.4054 2.5815 2.6873 2.4532 3.1833 2.4988 1.7637 2.5106 2.1088 2.4499 1.5958 2.2994 2.9149 2.0804 2.2548 2.0538 1.7665 2.1017 2.6227 2.1505 2.2468 2.2466 2.7461 1.9592 0.9020 
2.5952 3.9086 4.5601 4.3651 3.6901 3.8602 3.3751 3.3791 2.5138 2.1227 2.5926 2.9216 2.8635 2.4191 1.2196 0.9485 0.4474 0.8958 1.0725 2.1828 2.5358 2.5410 2.1540 1.5918 1.9064 2.6050 2.4936 2.8691 2.5306 2.9727 2.9288 1.8064 -1.4859 
3.6221 4.2601 4.0537 4.3958 4.0561 3.6068 3.3625 2.9285 2.9771 2.8072 2.7528 2.6603 2.4329 2.2326 1.7533 2.5038 1.8894 2.4442 1.5891 2.0036 2.1086 2.3335 2.3263 2.2632 2.3748 2.1711 2.4725 2.6034 2.9115 3.0157 2.4411 2.0838 -0.1642 
4.0250 4.6817 4.4466 4.9293 4.4838 3.9889 3.7515 2.8990 3.3126 3.0237 2.9804 2.6506 2.9393 3.0039 2.9722 2.7463 2.7560 2.6593 2.8626 2.8116 2.6351 2.3075 2.5267 2.4897 2.6474 2.1412 2.9011 2.9953 3.3598 3.5587 2.8220 2.5542 0.6419 
3.2885 4.0391 3.6572 4.2304 3.6621 3.5366 3.2971 2.9642 2.4862 2.4747 2.2687 2.2323 2.4524 1.8168 0.9946 1.7203 1.9839 1.6376 0.8800 1.5767 2.1471 1.8908 1.8363 1.9442 1.8835 2.2245 2.4316 2.5493 2.5008 2.8910 2.0044 1.9234 -0.0447 
2.0548 3.5278 3.9668 4.0197 2.9998 3.2715 3.6156 2.9853 2.6485 2.1241 2.2714 1.5790 2.4779 1.2214 1.7363 1.8547 2.1532 1.7636 1.5883 1.0022 2.1814 1.2240 1.8369 1.5909 2.0235 2.2506 2.7902 2.2867 1.8991 2.6439 2.3610 1.4078 -0.7727 
3.7645 3.9542 3.5033 3.7954 3.2389 3.6492 3.3816 3.3005 0.5530 1.5034 1.9313 2.0179 1.8305 1.9676 1.4796 2.2225 2.1151 2.1403 1.3786 1.7588 1.5135 1.6452 1.4737 0.9732 -0.1079 2.5412 2.5013 2.6606 2.0793 2.4300 1.8786 1.8240 0.4063 
3.3531 4.0048 3.5847 3.3619 2.8799 2.6032 2.6353 3.3690 2.6056 2.5748 2.1448 1.7755 1.7810 2.5796 2.3280 1.9417 1.7753 1.8887 2.1495 2.3955 1.4896 1.4191 1.6962 2.0395 1.9885 2.5906 1.8274 1.6191 1.6776 1.9782 1.9389 1.9039 0.5048 
3.6909 4.4157 4.0862 3.8057 2.6837 3.3989 2.8385 2.7425 2.0948 1.8016 2.2757 2.4422 1.8396 1.6821 1.1270 1.8455 -0.2286 1.7556 0.9977 1.4778 1.5270 2.0635 1.8452 1.2576 1.4795 2.0021 1.9556 2.4088 1.5085 2.4337 2.4434 2.2981 0.1924 
3.6976 3.3820 4.4884 3.8529 2.8607 2.1546 2.0726 1.9547 2.0936 1.3615 2.2300 2.0292 2.2223 2.1353 2.0543 0.9552 1.0625 0.8954 1.9277 1.9424 1.9439 1.6530 1.7953 0.7920 1.4841 1.2027 1.2196 1.1652 1.6546 2.4476 2.8712 1.3382 0.6856 
3.5964 3.9327 4.5336 3.7581 3.3989 3.1677 2.6939 2.8719 2.3676 1.7700 1.8736 2.2345 2.0037 2.2496 1.7404 1.5334 0.0678 1.4682 1.5889 2.0283 1.7171 1.8912 1.4126 1.2222 1.6972 2.0930 1.8725 2.1742 2.2256 2.3866 2.9051 1.8291 0.4975 
3.2131 3.7135 4.4772 4.2132 3.7528 3.3404 3.3581 3.1357 2.7419 2.8847 2.6218 2.5109 2.1473 1.5261 1.8144 1.7038 0.8579 1.6211 1.6435 1.3483 1.8925 2.1340 2.1803 2.3540 2.0919 2.4216 2.4750 2.3495 2.5797 2.8733 2.8633 1.5935 -0.0864 
3.8316 2.6405 4.4197 4.0406 3.2390 3.1636 3.3939 2.1803 2.1290 2.0688 2.6684 1.9744 2.3492 1.8816 -0.0644 1.7481 0.5541 1.6639 -0.2227 1.6226 2.0282 1.5932 2.2302 1.5368 1.5100 1.4436 2.5191 2.1699 2.0805 2.6653 2.7786 0.4448 0.7753 
3.5349 3.8917 3.8577 4.1505 3.4938 2.9918 3.5796 3.3371 2.4510 2.5120 1.8877 2.4500 1.8785 2.0708 2.4562 2.0069 0.1082 1.9424 2.3364 1.8848 1.5632 2.0736 1.4304 1.9782 1.8499 2.5648 2.7498 2.0123 2.3704 2.8183 2.1799 1.7220 0.1487 
3.8356 3.5501 4.5778 4.2293 3.6133 2.8781 2.7108 2.4174 2.3685 2.4706 2.3373 2.3044 2.1683 2.1138 2.1861 2.4326 2.0391 2.3796 2.0472 1.9299 1.9066 1.9331 1.8901 1.9433 1.7043 1.6521 1.8882 1.8825 2.4718 2.8801 2.9504 1.4776 0.7840 
4.4853 4.5278 4.7951 4.4571 3.5681 3.2922 2.7269 3.2309 2.9261 2.8134 2.5872 2.3749 2.9214 2.1840 2.6040 2.2452 -0.1258 2.1637 2.4803 1.9775 2.6059 1.9811 2.1433 2.2680 2.3053 2.4944 1.8981 2.3121 2.4357 3.0776 3.1042 2.3932 1.1239 
4.2535 4.3646 4.7043 4.6214 4.1018 3.6837 3.3296 2.7608 2.8089 2.7776 2.5052 2.7510 2.8622 2.3692 1.8929 1.7663 2.2977 1.6810 1.7324 2.1074 2.5371 2.3994 2.0562 2.2326 2.1493 2.0227 2.4530 2.6972 2.9641 3.2800 3.0533 2.1434 0.8880 
3.5877 3.0123 3.5733 3.3737 3.8955 3.1717 3.0503 2.6936 2.4915 1.2327 1.1422 2.2337 2.1350 2.0846 1.5325 1.1068 0.6094 1.0472 1.4061 1.8946 1.8874 1.8917 0.7591 0.7011 1.8794 1.9663 2.1880 2.1757 2.7328 1.9948 1.9338 0.9036 0.5193 
2.8289 3.3461 4.4753 3.8437 3.4996 3.3011 3.4702 3.1184 3.0033 2.8033 2.9266 2.7957 2.6255 2.5961 2.4349 1.9280 2.1906 1.8751 2.3015 2.4127 2.3781 2.4247 2.4706 2.2560 2.3955 2.4109 2.6051 2.3015 2.3811 2.4429 2.8575 1.2998 -0.3754 
3.9867 3.9971 4.7891 4.3759 3.9762 3.0028 3.1269 2.9167 2.5863 1.8984 2.1007 2.1835 2.1288 2.2572 2.2230 1.9466 -0.6454 1.8923 2.0757 2.0323 1.8860 1.8575 1.6677 1.3564 1.9715 2.1645 2.3148 1.9919 2.8547 2.9867 3.1028 1.8942 0.8285 
3.5861 4.2424 5.0564 4.3808 4.2611 4.0279 3.7182 3.5807 3.5196 3.4843 3.4262 3.2620 3.1615 3.2224 3.1342 3.1411 3.0835 3.0749 3.0025 3.0047 2.9002 2.9024 2.9709 2.9541 2.9086 2.8858 2.8869 3.0373 3.0842 2.9824 3.4195 2.1161 -0.4788 
4.1090 4.0968 4.9034 4.6066 3.4645 3.2125 3.0224 2.6839 2.5032 2.5269 2.4124 1.9226 2.4830 2.4490 2.4040 1.9586 1.1825 1.9057 2.2510 2.2300 2.1879 1.5382 1.9552 1.9947 1.8970 1.9601 2.1614 2.2162 2.3086 3.2700 3.2432 1.9797 0.8360 
3.9633 3.8680 4.6102 4.6070 3.7613 3.0722 3.3551 3.0101 2.9388 2.9735 2.9027 2.6064 2.5471 2.5228 2.8257 2.5283 2.6892 2.4641 2.6512 2.3421 2.2736 2.2658 2.4441 2.4457 2.3290 2.2982 2.4722 2.0897 2.5789 3.2681 2.9764 1.6931 0.8860 
3.4542 3.7157 4.5611 4.3824 3.8689 3.6227 3.3916 2.8886 2.7447 2.6427 2.1307 2.5796 2.5878 1.9024 2.0171 2.1429 2.3625 2.0796 1.9036 1.6522 2.3383 2.2227 1.6917 2.1004 2.0936 2.1143 2.5149 2.6350 2.6802 2.9980 2.9285 1.6108 0.2231 
3.9250 3.9447 3.9835 3.9540 4.2658 3.1058 3.1326 2.4321 2.7049 2.3685 1.5224 2.4115 2.4292 0.7185 2.4132 1.6581 1.7631 1.5862 2.2665 0.5478 2.1133 2.0293 1.0697 1.8204 2.0750 1.6752 2.3111 2.1016 3.0843 2.5828 2.3553 1.8301 0.7826 
3.3857 3.7532 3.3109 4.2912 3.7916 3.5942 3.0218 2.8558 2.5862 2.4254 2.5170 2.2099 1.0626 1.5254 1.4664 0.5630 1.6351 0.4797 1.3419 1.3359 0.7968 1.8723 2.0668 1.8985 1.9741 2.0828 2.1680 2.6083 2.6009 2.9228 1.5771 1.6176 0.4101 
3.9794 4.5287 4.1747 3.8672 4.3699 3.8306 3.4476 3.4530 3.1659 3.0665 2.9555 2.8709 2.8886 2.9503 2.7230 2.8848 2.6407 2.8119 2.5764 2.7346 2.5752 2.4771 2.5023 2.5323 2.5392 2.7143 2.5832 2.8344 3.1923 2.4748 2.5185 2.4190 0.9836 
3.6181 4.8240 3.9018 4.4489 4.2123 3.7518 3.2462 3.0713 2.9192 2.8570 2.8658 2.8786 2.7563 2.5287 2.5455 2.4519 2.5173 2.3977 2.4209 2.3482 2.4634 2.4874 2.4052 2.3100 2.2910 2.3727 2.4049 2.7563 3.0504 3.0771 2.1903 2.6601 0.9824 
