4.6273 4.6915 4.9661 4.4276 3.1731 3.0621 3.2692 3.4298 3.1512 3.4643 3.2735 3.2998 2.7201 2.5762 2.6706 2.8936 2.4441 2.8151 2.5579 2.3219 2.4478 2.9756 2.8499 2.9447 2.5844 2.7220 2.4847 2.1215 2.1103 3.1114 3.3725 2.6967 1.5258 
4.8327 4.6363 4.8129 4.4225 3.8550 3.6855 3.6305 3.1567 3.6987 3.1469 3.0977 2.2561 2.4464 2.5317 2.9721 2.7805 1.1939 2.7161 2.8111 2.3075 2.1795 1.9075 2.6586 2.6469 3.1143 2.4571 2.8114 2.7519 2.7540 3.1117 3.2335 2.6237 1.8299 
5.0336 4.5082 4.9696 4.3257 4.5490 4.1303 3.9280 3.3433 3.9094 3.6267 3.6823 3.4553 2.9043 3.2930 3.1460 3.0291 2.6749 2.9428 3.0368 3.1121 2.6436 3.1014 3.2525 3.1239 3.2863 2.6584 3.1110 3.1902 3.4670 3.0496 3.3787 2.4621 2.0252 
4.6444 4.7112 4.9796 4.2785 3.8225 3.8367 3.6081 2.4382 3.9966 3.6013 2.7431 2.6605 3.2514 3.2764 1.7032 2.3025 2.9104 2.2378 1.5797 3.0989 3.0098 2.3069 2.3149 3.0972 3.3711 1.7771 2.7857 2.9061 2.7418 3.0107 3.3941 2.6873 1.5761 
4.4639 4.4608 4.7036 4.4441 4.2829 3.6068 3.6821 3.4263 3.7904 3.3157 3.1893 3.0092 3.2274 3.3446 2.9402 2.6729 2.7106 2.6176 2.7848 3.1497 2.9690 2.6510 2.7660 2.7977 3.1987 2.7185 2.8731 2.6684 3.1952 3.1263 3.1498 2.3844 1.6110 
2.8394 4.2354 4.8168 4.0257 4.3180 3.5512 3.4145 0.7348 3.9158 3.4702 3.3600 3.2321 2.8919 3.1827 2.6532 2.5724 3.0550 2.4847 2.5312 3.0020 2.6313 2.8828 2.9463 2.9436 3.2919 -0.4526 2.6165 2.6066 3.2212 2.6951 3.2370 2.2138 0.3703 
4.1132 4.1223 4.6974 3.3710 4.3475 4.0540 3.9577 3.6680 4.0669 2.8253 3.5086 3.0983 3.2583 2.5169 2.5693 2.5990 2.6443 2.5378 2.4089 2.2979 3.0255 2.7288 3.0726 2.3141 3.4815 3.0009 3.1293 3.1166 3.2490 2.1104 3.1369 2.0979 0.9067 
4.0335 4.3293 4.6277 3.9979 4.2154 3.7423 3.2880 3.9628 4.5323 3.7565 3.6270 3.5645 3.6339 3.3656 3.3576 3.0680 2.5970 2.9952 3.2236 3.1637 3.3553 3.2003 3.1959 3.2489 3.9474 3.2453 2.5059 2.7986 3.1452 2.6719 3.0801 2.2909 1.2875 
3.9354 4.3228 4.4706 4.4850 2.3248 3.6827 3.4237 3.7321 4.0647 3.0558 2.8337 2.8345 2.6001 2.5936 2.5414 2.7142 0.7706 2.6552 2.3840 2.3450 2.2943 2.5108 2.3997 2.5345 3.4804 3.0740 2.6317 2.7485 1.3149 3.1722 2.8625 2.2821 0.6319 
4.6110 4.5670 4.8349 4.6976 4.0298 3.2352 3.0328 3.3634 3.2010 2.2320 3.0737 2.4833 2.0049 2.3982 2.3960 1.4086 1.8291 1.3460 2.2659 2.2024 1.7345 2.1388 2.6411 1.7268 2.6218 2.6713 2.2066 2.3015 2.9138 3.4222 3.2487 2.5797 1.5318 
4.7121 4.6674 4.2566 3.6162 3.5247 3.5505 3.6090 3.7086 4.2046 3.7659 3.4866 3.2098 2.7982 2.7463 2.7279 2.3688 0.5435 2.3030 2.6155 2.5798 2.5739 2.8543 3.0652 3.2560 3.6224 3.0478 2.7831 2.6136 2.3969 2.3058 2.6877 2.6553 1.7606 
4.6067 4.4705 4.3989 4.0831 4.1585 3.1930 3.4904 3.5585 3.3852 2.9693 2.9016 2.6318 3.0855 1.9966 1.8990 2.5760 2.5348 2.4887 1.7724 1.7774 2.7838 2.2654 2.4902 2.4489 2.7787 2.8312 2.6636 2.2426 3.0842 2.7785 2.7987 2.4127 1.6847 
3.9966 4.6707 5.0108 4.6597 3.6533 3.2481 2.7858 2.8896 3.8017 1.5440 2.6974 3.0536 3.0479 2.7223 2.3416 2.7062 2.6609 2.6487 2.2229 2.5405 2.7426 2.6782 2.2732 0.9599 3.2073 2.2040 1.9848 2.3096 2.5747 3.3612 3.4538 2.6818 0.8936 
3.9317 4.7552 4.9460 4.5026 3.4688 3.8564 3.4300 3.9275 2.6340 3.1499 2.1449 2.9080 3.1766 2.9021 2.6438 2.4209 2.2840 2.3437 2.5207 2.6990 2.8997 2.5841 1.7228 2.6456 2.0583 3.2058 2.6247 2.9131 2.3507 3.1875 3.3476 2.7448 0.5699 
3.2934 4.5984 4.7832 4.7431 4.2391 3.7140 3.3002 3.6084 3.8391 2.5179 2.6226 2.5735 3.1287 1.8557 2.3458 2.5514 2.8619 2.4710 2.2191 1.6960 2.8381 2.1968 2.1918 2.0004 3.2362 2.9112 2.5296 2.7705 3.1520 3.4786 3.2189 2.6055 0.8267 
4.5015 4.7908 3.3945 4.5650 4.4771 3.8797 3.3186 3.6580 3.5434 3.2585 3.1878 3.2537 3.4334 2.9930 2.7278 2.7583 2.7766 2.6969 2.6098 2.7666 3.1496 2.9196 2.7608 2.7563 2.9321 2.9734 2.5499 2.9349 3.3520 3.2610 1.8164 2.7489 1.4726 
2.9328 5.0051 4.5651 5.1355 4.5606 3.5807 3.6034 3.3867 3.2068 3.6437 3.3734 3.7189 3.2428 3.5581 3.1806 3.3175 3.0940 3.2512 3.0717 3.3301 2.9924 3.3774 2.9605 3.1420 2.6358 2.6813 2.7828 2.6408 3.4732 3.8535 3.0196 2.9960 0.5700 
4.4973 5.1978 5.0570 4.7775 3.2469 2.7234 2.2407 3.5966 3.4173 3.2227 3.2051 3.0606 2.4636 2.5815 2.8213 2.8340 2.9580 2.7743 2.6986 2.3341 2.1916 2.6888 2.7768 2.7091 2.7946 2.8975 1.3788 1.7988 2.1407 3.5173 3.5083 3.1804 0.7901 
2.7429 4.6407 4.6431 4.1128 4.3745 3.8631 2.6565 3.6605 3.4084 3.2599 3.5584 3.2868 2.7441 2.7107 2.6760 2.7852 3.0789 2.7343 2.5593 2.5275 2.4947 2.9551 3.1249 2.7700 2.7836 2.9864 1.7877 2.9142 3.2610 2.7870 3.0976 2.6370 0.5844 
4.4056 4.7217 4.1970 4.4553 4.1926 4.0697 3.9601 3.8387 3.7901 3.1614 3.4915 3.0594 3.1876 3.2204 3.1641 2.6129 2.6209 2.5487 3.0572 3.0510 2.9172 2.6875 3.0667 2.6514 3.1973 3.1448 3.1333 3.1267 3.1188 3.1342 2.6451 2.7070 1.6050 
3.3739 4.6711 4.6182 4.5272 4.2563 3.6202 3.8888 3.2925 3.7749 2.8614 3.1293 2.2334 3.2877 2.5317 2.6468 2.6616 2.4256 2.6093 2.5216 2.3088 3.0537 1.9154 2.6976 2.3261 3.1846 2.6196 3.0879 2.6798 3.1756 3.2227 3.0740 2.6608 0.2606 
4.1411 4.3517 4.4089 4.4306 3.6185 2.2665 3.4315 3.5074 4.0839 4.4648 4.2571 2.9818 3.3685 3.2343 2.1629 2.3878 2.5724 2.3176 2.0158 3.0602 3.1088 2.6266 3.8382 3.9484 3.5156 2.7774 2.6225 1.3527 2.5491 3.1182 2.8130 2.3127 1.1918 
4.0715 4.4281 4.1817 4.7105 4.0065 3.3550 3.3447 2.6145 3.3715 3.6070 4.5239 3.8509 4.0630 3.9435 3.7576 2.8877 2.9245 2.7975 3.6390 3.7121 3.7738 3.5263 4.0917 3.0924 2.7803 1.8909 2.5593 2.4212 2.8697 3.4472 2.6328 2.3500 1.2169 
4.0787 4.5470 4.4236 3.4623 3.4124 2.6308 3.4060 3.6553 3.9718 4.6632 5.0427 4.6674 5.0077 3.8895 2.0122 2.7772 2.6654 2.7092 1.8620 3.6666 4.7152 4.3354 4.6133 4.1613 3.3403 2.9728 2.6066 1.6699 2.3026 2.1447 2.8084 2.5558 1.3633 
3.6840 4.0177 3.8793 4.4973 3.1718 3.7592 3.7973 4.0357 4.0748 4.5390 4.1955 3.6621 4.4902 3.9519 3.9986 3.2285 2.5418 3.1678 3.8385 3.7172 4.1904 3.2930 3.7769 4.0370 3.4921 3.3200 3.0358 2.8328 2.1424 3.1935 2.2843 1.9261 0.9637 
4.6113 5.0659 4.8114 4.9442 4.4757 4.3323 4.4072 4.1197 4.3587 5.0663 5.3848 4.5644 4.7647 4.1144 3.5046 3.8109 3.3068 3.7378 3.3287 3.9256 4.5098 4.1973 4.9542 4.5639 3.7333 3.4373 3.5872 3.3960 3.3529 3.6266 3.2300 3.0605 1.3880 
3.1526 5.1390 5.0350 4.1436 4.1945 4.1379 4.0892 3.9239 3.8995 4.0381 5.0308 4.7678 4.7913 4.6867 4.4542 4.3540 2.1942 4.2718 4.2820 4.5105 4.5255 4.4569 4.6026 3.5334 3.2607 3.2012 3.2624 3.2029 3.1213 2.8522 3.4844 3.1418 0.8670 
5.1390 5.5274 5.1515 4.6613 4.0692 4.0177 4.1940 4.1533 4.4910 4.7860 4.6791 4.1168 4.5010 4.0928 4.4193 3.9742 3.7938 3.8777 4.2485 3.8926 4.1993 3.7400 4.2610 4.2697 3.8902 3.4914 3.4018 3.0821 3.0009 3.3753 3.5925 3.5237 1.8390 
1.5731 5.0226 4.6687 4.4740 4.0024 3.6183 3.9967 3.0166 4.0238 4.4983 4.5381 3.9705 3.9989 3.9902 3.1939 2.6942 2.7968 2.6397 3.0810 3.7404 3.6951 3.6023 4.1055 4.0006 3.4144 2.3072 3.1570 2.6750 2.8764 3.1521 3.1281 3.0189 0.8246 
3.3537 4.6532 4.6287 4.7299 4.1745 3.7241 3.8817 3.9006 3.5364 3.6799 3.4952 3.6311 4.1661 3.5562 3.2485 3.3769 3.4896 3.3003 3.1232 3.3238 3.9078 3.2725 3.0682 3.1744 2.9151 3.1887 3.0881 2.7816 3.0978 3.4648 3.0813 2.6479 0.8600 
5.6077 5.4419 4.7692 4.6479 4.4941 4.3130 4.1687 4.0667 4.1275 4.0410 3.8923 3.7039 3.4762 3.4084 3.5301 3.4315 3.3733 3.3483 3.3678 3.1984 3.1765 3.3574 3.4789 3.5416 3.5502 3.3601 3.3570 3.3726 3.3778 3.3581 3.1870 3.3925 2.6781 
4.1422 6.2297 5.8615 4.7336 4.5254 4.5606 4.5452 3.5348 3.3610 3.7845 4.0443 3.6606 3.1248 3.5791 4.0024 3.3474 3.2902 3.2684 3.8379 3.3678 2.8385 3.3031 3.6087 3.2690 2.7440 2.7797 3.7226 3.6248 3.4322 3.4965 4.2606 4.1922 2.1573 
6.0428 6.0601 5.8937 5.8905 5.4135 5.1914 5.3390 5.1104 4.9305 5.1274 4.6636 4.6675 4.5934 4.6206 4.5742 4.5088 4.4865 4.4586 4.4709 4.4443 4.3227 4.3313 4.2311 4.6196 4.2965 4.4392 4.5284 4.2479 4.2885 4.5784 4.2979 4.0613 3.0684 
6.3405 6.2179 4.7001 4.9816 4.1611 3.8890 3.2149 3.2310 3.5913 2.8361 2.1502 2.2302 2.7437 2.3080 3.5253 2.7905 3.0595 2.7282 3.3495 2.0936 2.5068 1.7935 1.7787 2.3671 3.0273 2.5794 2.4598 2.9727 3.0896 3.6695 3.1005 4.1674 3.3193 
4.7195 6.3861 5.7586 4.8197 4.8492 4.8113 4.7063 4.2587 4.3899 4.2706 4.2192 4.2149 4.2214 4.1171 4.0966 4.0558 4.0997 4.0052 3.9917 3.9329 3.9920 3.8899 3.8006 3.7571 3.7654 3.5807 3.9251 3.8730 3.7283 3.5353 4.1579 4.3556 2.6234 
5.9847 6.3739 4.8980 5.1865 4.9951 4.6162 4.3606 4.4805 4.3058 4.2046 4.1670 4.0510 4.0960 4.0168 4.0396 3.9877 4.0242 3.8995 3.9033 3.7829 3.8150 3.6898 3.7295 3.7081 3.7043 3.7445 3.5588 3.6699 3.8966 3.9079 3.4033 4.3319 3.1066 
6.3192 5.8950 5.7501 5.2654 5.2716 4.9490 4.9815 4.8907 4.8407 4.7202 4.6623 4.5948 4.5846 4.5053 4.4762 4.4525 4.4110 4.3647 4.3164 4.2810 4.3100 4.2372 4.2310 4.2078 4.2189 4.1699 4.1561 4.0109 4.1716 4.0071 4.1907 3.8254 3.4824 
6.7216 6.0450 6.0547 5.6116 5.0346 4.6895 4.3569 4.2656 4.2126 4.1606 3.8017 3.2423 2.8187 2.1545 2.1308 2.2106 0.9670 2.1577 1.9600 1.9197 2.5802 2.8919 3.3801 3.6526 3.6291 3.5861 3.5542 3.7500 3.9596 4.3287 4.5040 4.0110 3.7496 
4.9368 6.3642 6.2546 5.6354 5.4824 5.3618 5.1743 5.0875 5.0643 5.0104 4.8482 4.7596 4.7299 4.6430 4.5875 4.5715 4.5639 4.5159 4.4782 4.4709 4.4864 4.4455 4.4362 4.5090 4.4883 4.4132 4.3914 4.4236 4.4015 4.3516 4.6656 4.3412 2.3253 
5.8904 6.2704 4.7620 5.3319 4.4070 4.2932 4.1830 3.8202 3.4732 3.8555 3.2999 3.4424 3.8777 2.8798 2.9517 3.6125 3.3076 3.5608 2.8238 2.6730 3.6054 3.1052 2.8718 3.3289 2.8455 3.1251 3.3621 3.3369 3.2681 4.0337 3.2006 4.2228 3.0692 
6.0482 5.9303 6.1356 5.9250 5.6220 5.3673 5.3120 5.1143 5.0730 5.0262 4.9394 4.7787 4.7927 4.7086 4.5849 4.6603 4.6104 4.5962 4.4766 4.5267 4.5276 4.4639 4.5005 4.5251 4.4944 4.4501 4.5069 4.4283 4.5463 4.6187 4.5790 3.9461 3.1368 
6.5532 6.4645 5.5189 5.0387 4.2665 3.7840 3.7422 4.0327 3.7646 3.8000 3.9903 2.2567 1.6342 2.1878 3.1498 3.0678 3.0201 2.9784 3.0246 1.9193 1.2617 1.8473 3.5437 3.3083 3.2005 3.3371 3.0040 2.9253 3.2315 3.7585 3.9743 4.4420 3.5543 
5.9584 6.3312 5.1290 4.5495 4.5103 4.3448 4.0965 4.0601 3.9549 3.2848 4.5119 4.1254 3.9806 3.9754 3.2973 3.7207 3.8188 3.6574 3.1718 3.7289 3.6722 3.7662 4.0780 2.7820 3.3260 3.3471 3.2691 3.4017 3.4001 3.2391 3.5621 4.2690 3.2461 
5.7027 6.3514 5.5222 5.4398 5.3103 5.0368 4.9560 4.6716 4.6814 4.6770 4.4975 4.4288 4.3283 4.4165 4.1802 4.2146 4.2031 4.1580 4.0581 4.1886 4.0600 4.0635 4.0620 4.1783 4.0971 4.0120 4.1204 4.0946 4.1930 4.1315 3.9900 4.3034 2.7948 
5.4816 5.9336 5.3145 4.7470 4.1756 3.5750 3.5911 3.0496 2.5470 2.4579 2.7210 2.7103 2.6930 2.6628 2.6913 1.9156 2.1259 1.8401 2.5955 2.4472 2.4518 2.3914 2.3185 2.0242 1.9221 2.3521 2.7840 2.6621 3.1088 3.4791 3.7012 3.9143 2.7931 
5.1420 3.1981 5.1837 4.9901 4.6654 4.2671 4.3829 4.0573 4.0276 4.0621 4.0046 3.8327 3.8680 3.7768 3.6313 3.6623 3.4525 3.6035 3.5240 3.5924 3.5968 3.5195 3.5672 3.5618 3.4226 3.3463 3.5713 3.3356 3.5854 3.6816 3.6367 1.4212 2.2900 
5.2529 5.1198 4.0880 2.9268 3.9080 3.8823 2.9803 3.1609 2.1646 2.6742 2.5821 2.5937 2.2662 1.3849 2.8653 2.4533 2.2649 2.3696 2.7364 1.2119 2.0002 2.2212 2.1470 2.1719 1.5901 2.4707 2.1612 2.9372 2.7901 1.6487 2.5099 3.1063 2.4042 
4.2265 4.8474 4.0266 3.5845 3.6957 2.9664 2.7779 2.3086 2.4235 2.4327 1.4184 2.8001 2.6691 2.3524 2.3522 1.9406 1.8104 1.8582 2.2310 2.1742 2.3823 2.4741 0.9703 1.9072 1.8211 1.6352 1.9714 2.0073 2.6199 2.2788 2.4052 2.8017 1.2657 
3.4919 4.1425 4.2066 2.7826 2.6494 3.3470 3.2859 2.6190 2.5925 2.6824 2.2259 1.6666 2.1074 2.8394 2.2265 2.5407 2.1453 2.4535 2.1191 2.6534 1.8055 1.3036 1.8021 2.1777 1.9730 1.8915 2.5001 2.4105 1.5726 1.4448 2.6561 2.1514 0.6525 
4.4657 4.0774 4.2394 3.9349 3.8592 3.6202 3.5941 3.2514 2.9633 2.8435 2.6579 2.3593 2.4114 2.4690 2.6492 1.6684 2.2573 1.6289 2.5236 2.2575 2.1562 2.0318 2.2265 2.3301 2.3335 2.5867 2.7729 2.6789 2.7616 2.6263 2.6952 2.0253 1.5393 
3.3841 4.0097 4.0939 2.6630 3.5177 3.4749 3.2104 2.3064 1.9541 3.1440 3.1826 3.0127 3.1807 3.1194 2.9637 2.5855 1.9675 2.5067 2.8030 2.9064 2.9075 2.6474 2.7540 2.6438 1.3679 1.6416 2.3935 2.5414 2.3890 1.3424 2.5303 1.9663 -0.2296 
4.4473 3.9758 4.1746 4.0506 3.7629 3.9334 3.4410 3.1941 3.2895 3.8594 3.2591 3.4407 3.5907 3.3338 3.1697 2.9199 2.5133 2.8419 3.0607 3.1409 3.2975 3.0955 2.8330 3.3434 2.7072 2.5061 2.6285 2.9890 2.6901 2.7341 2.6304 1.9103 1.5419 
4.4969 4.9301 4.2141 4.2780 3.3761 4.3648 4.6138 3.9231 4.0082 4.1581 3.2041 2.7416 3.6337 3.7624 3.2821 3.8662 3.6018 3.7866 3.1661 3.5803 3.3587 2.3859 2.7666 3.6533 3.3930 3.2084 3.7999 3.4176 2.3523 3.0205 2.6965 2.8356 1.1661 
3.5101 4.1527 3.5852 3.9348 3.0182 3.1701 2.9331 3.4238 2.6980 3.1520 3.4747 3.6042 3.8333 3.8102 3.1812 2.6255 2.5544 2.5803 3.0682 3.6160 3.5741 3.2487 3.0577 2.6485 2.1158 2.7167 2.1324 2.2328 1.8672 2.6378 2.0047 2.1470 0.8471 
5.7540 5.5646 4.7255 4.6074 4.2254 4.2539 3.9395 3.6641 3.8803 3.6172 3.9921 3.8314 4.1631 4.2092 3.8609 3.9366 3.9058 3.8543 3.7181 4.0350 3.9085 3.5151 3.5558 3.1145 3.2639 2.9844 3.1167 3.3145 3.1441 3.3078 3.1596 3.5532 2.8346 
2.7807 6.3575 6.3743 5.5262 5.1365 5.3179 5.2270 5.0679 4.9488 4.9830 4.6630 4.8157 4.6684 4.3779 4.5729 4.4651 4.5094 4.3803 4.4669 4.1591 4.4286 4.4848 4.2310 4.4830 4.3274 4.3832 4.4522 4.3834 4.0500 4.2003 4.7836 4.3233 1.7726 
6.8648 6.5519 6.2851 5.3234 5.6552 5.4108 5.2117 5.0536 4.9560 4.7409 4.5941 4.3382 4.0796 4.3228 4.0804 3.8869 4.0045 3.8044 3.9662 4.1165 3.7890 4.0069 4.1636 4.2228 4.3360 4.3615 4.4312 4.4674 4.5713 4.0409 4.6749 4.5375 3.9454 
3.4722 6.4440 6.4931 5.7522 5.0354 4.6401 4.5664 4.0292 3.7132 2.9555 3.9626 2.0262 3.7421 3.6796 3.3818 3.4740 3.0140 3.3870 3.2468 3.5096 3.5165 1.6983 3.5355 2.4468 3.1240 3.2962 3.7433 3.6970 3.9591 4.4694 4.9513 4.4638 1.1385 
6.0790 5.5067 5.5168 5.7635 5.6034 5.0241 4.9456 4.7793 4.5606 4.6363 4.6590 4.6626 4.4721 4.3248 4.4802 4.0663 4.1098 4.0133 4.3212 4.1200 4.1660 4.3222 4.2246 4.1311 3.9922 4.0875 4.1106 4.0849 4.5267 4.4967 3.9694 3.5023 3.1497 
6.2997 5.7713 5.1509 5.3236 4.9431 4.7861 4.4922 4.4495 4.2722 3.5694 3.5492 4.1584 4.0246 3.6091 3.1057 3.7732 3.4130 3.7147 2.9833 3.4032 3.7227 3.8095 3.1121 3.0678 3.6776 3.7152 3.6619 3.8379 3.8297 4.0263 3.6233 3.7084 3.3869 
5.5337 6.1734 5.5279 5.1076 5.4890 4.9287 4.6691 4.5490 4.6680 4.4318 4.4729 4.2823 3.9462 4.4754 4.3128 4.0388 4.1227 3.9882 4.1762 4.2346 3.6499 3.9657 4.0350 3.9099 4.0833 3.8441 3.8765 3.9753 4.4067 3.8387 3.9613 4.1621 2.5931 
6.7111 6.4375 6.0206 5.1350 5.2520 4.9721 4.9188 4.8130 4.6261 4.4233 4.2048 4.2566 4.0216 3.9959 3.9951 4.0018 3.6348 3.9234 3.8270 3.7482 3.7204 3.9344 3.7808 3.8976 4.0411 4.1064 4.0815 4.0294 4.1479 3.8430 4.4720 4.4222 3.7939 
4.8912 6.5104 6.1924 5.7387 5.4565 4.7485 4.0095 3.9018 3.9122 4.1434 3.9902 4.0341 4.2280 3.6121 3.3811 3.7794 3.6660 3.7185 3.2410 3.4105 3.9950 3.6679 3.5490 3.6334 3.2882 3.1826 3.1647 3.7964 4.3547 4.4685 4.6123 4.5182 1.8436 
5.8077 5.1180 6.1562 4.9490 5.0137 5.2556 5.0224 4.9226 4.8380 4.7180 4.5819 4.5655 4.7317 4.5843 4.5832 4.5146 4.4976 4.4653 4.4752 4.3987 4.4887 4.2020 4.1556 4.2073 4.2170 4.1922 4.1976 4.3186 3.9593 3.6793 4.5989 3.0264 3.0719 
6.3041 5.9533 4.7810 5.1024 4.0945 4.5523 4.1124 3.8582 4.0331 3.9944 2.9314 4.0237 3.4955 3.2715 3.6841 3.1530 3.2903 3.0945 3.5656 3.0934 3.1872 3.6527 2.5311 3.4731 3.4162 3.1420 3.2712 3.6006 3.0633 3.8119 3.1583 3.8873 3.2931 
4.9713 6.1868 5.9328 5.6080 5.1557 4.9531 4.9524 4.7399 4.4739 4.5499 4.3882 4.4084 4.4919 4.4309 4.2952 4.3417 4.2377 4.2611 4.1617 4.1940 4.1922 4.0519 3.9778 4.0474 3.8491 4.0575 4.1169 4.0136 4.0743 4.3171 4.3568 4.1720 2.4612 
6.4326 6.4095 5.4847 5.6673 5.2355 4.8494 4.7333 4.6650 4.7131 4.5241 4.5707 4.5415 4.4394 4.3925 4.2588 4.2832 4.2392 4.2074 4.1321 4.1712 4.1353 4.1847 4.1417 4.0242 4.1248 4.0029 3.9544 3.9075 4.1413 4.3951 3.9358 4.3804 3.5223 
6.2658 5.9890 5.2011 5.2386 5.0300 4.9360 4.5769 3.8198 3.4590 4.0283 4.2015 4.2643 4.2561 3.9943 3.7432 3.7878 3.6974 3.7224 3.6248 3.7473 4.0131 3.9465 3.7792 3.5291 2.8250 3.1270 3.7518 3.9933 3.9468 3.9766 3.6215 3.9924 3.4058 
5.5525 6.3748 5.8747 4.4296 4.8600 4.9654 4.7669 4.4693 4.5176 4.1391 4.2757 4.1850 4.2630 4.0794 4.0777 3.9442 3.9804 3.8583 3.9650 3.8770 4.0182 3.8403 3.8601 3.6343 3.9217 3.7306 3.9896 4.0272 3.7347 3.1365 4.2462 4.3441 2.3469 
5.8512 5.9842 5.1667 4.8452 3.6181 3.5622 3.1961 2.9732 3.0401 2.6203 1.8319 2.2282 2.7381 2.5025 2.8693 2.2687 0.9441 2.2003 2.7361 2.2862 2.4816 1.8663 1.4068 2.1290 2.4122 2.2539 2.3652 2.6225 2.5494 3.5590 3.6044 3.9844 2.8771 
5.9642 5.6902 5.2776 4.6754 4.0473 3.8131 3.8695 2.8326 3.1817 3.2986 2.5211 2.6953 2.5499 3.0524 2.6358 2.8779 1.9227 2.8005 2.5049 2.8067 2.2488 2.3342 2.1067 2.7878 2.6053 2.1623 3.0739 2.8785 2.9426 3.3876 3.6941 3.6561 3.0535 
5.6793 5.5016 5.4217 4.5292 4.4023 4.2480 4.4799 3.5742 4.0778 3.8728 3.4536 3.2032 3.0584 3.2780 3.4413 3.4000 3.4063 3.3217 3.2835 3.1057 2.7495 2.8481 3.0326 3.3470 3.5074 2.8303 3.6470 3.3076 3.2820 3.2329 3.8311 3.4975 2.7465 
5.0115 5.7778 4.9778 5.0110 4.4844 4.4821 4.5380 3.7283 3.7021 3.7302 3.8875 3.8666 3.8312 3.6607 3.6987 3.6982 3.6043 3.6354 3.5785 3.4818 3.5724 3.5380 3.4741 3.2293 3.1170 3.0660 3.7158 3.5428 3.3586 3.7030 3.3721 3.7287 1.6634 
6.0439 5.8947 4.9171 5.0031 4.8996 4.7036 4.5553 4.5261 4.2925 4.2225 4.2603 4.1243 4.1293 4.0993 3.9882 4.0258 4.0242 3.9682 3.8163 3.9064 3.8599 3.7661 3.8422 3.7217 3.6932 3.8131 3.7284 3.7631 3.7667 3.7053 3.3275 3.8343 3.1621 
3.5722 6.3330 5.8488 5.4016 5.0727 4.8631 4.7510 4.6095 4.5256 4.3673 4.5025 4.5028 4.0819 4.3469 4.3217 4.1212 4.0758 4.0630 4.1824 4.1374 3.7938 4.1361 4.0688 3.8489 3.9362 3.9302 3.9767 3.9211 4.0033 4.0758 4.2274 4.2830 2.1291 
5.6042 6.2643 5.1846 3.6237 4.0904 3.4573 3.4087 3.8073 3.5893 3.4332 3.3593 3.7760 3.3657 3.6212 3.7359 2.5971 3.0099 2.4669 3.6149 3.4369 3.1037 3.4643 2.9748 2.9390 3.0283 3.1299 2.5776 2.5737 3.0208 2.4592 3.6041 4.2098 3.0596 
5.9032 5.5325 4.9589 4.5654 4.1967 4.2007 3.5284 4.0345 3.6987 3.5493 3.4197 3.1104 3.3347 3.5180 3.7904 2.7800 2.9997 2.7263 3.6652 3.2722 3.0864 2.7612 3.0116 3.0529 3.1153 3.3120 2.7002 3.2643 3.1140 3.2497 3.3478 3.5256 2.7898 
5.7554 5.9366 4.2266 4.3532 4.2268 4.1910 4.1402 3.3813 3.7869 3.6732 3.3932 3.4795 3.7165 3.5754 3.2721 3.4346 3.4034 3.3509 3.1527 3.3547 3.4627 3.1159 2.9760 3.1652 3.1934 2.6846 3.3227 3.2509 3.1424 3.0627 2.6528 3.9026 2.7451 
5.8101 6.0125 5.4322 5.0662 4.7470 4.5547 4.4235 4.3670 4.1789 4.0478 4.1046 4.0243 3.9007 3.9628 3.9676 3.8634 3.8119 3.7838 3.7986 3.7245 3.6184 3.6560 3.6752 3.5477 3.5910 3.6561 3.5961 3.6115 3.6514 3.7488 3.8156 4.0141 3.0647 
6.0823 6.4212 5.4868 4.9782 4.7162 4.2365 4.0773 4.1085 3.9128 3.8362 3.8607 3.8353 3.6590 3.7567 3.7602 3.5677 3.6888 3.5190 3.6381 3.5783 3.3884 3.5208 3.4468 3.3212 3.2865 3.4171 3.2525 3.2913 3.6275 3.6636 3.8842 4.4091 3.1201 
5.7153 5.5216 4.8068 3.5235 4.0164 4.0012 3.7407 3.6158 3.5697 3.5583 3.5788 3.1035 3.2846 3.3244 3.3181 3.2394 2.6245 3.1753 3.1899 3.1351 3.0535 2.7382 3.1448 3.0599 2.9705 2.9162 2.9521 3.0593 2.9014 2.1691 3.2108 3.5288 2.8657 
3.8925 5.2566 5.2121 4.6447 4.5010 4.3469 4.1739 4.0994 3.8275 3.9566 3.8520 3.6376 3.5536 3.6913 3.5974 3.6092 3.5321 3.5549 3.4806 3.5220 3.2541 3.2755 3.4373 3.4377 3.2293 3.4048 3.3698 3.4056 3.3990 3.3557 3.6487 3.2494 1.2514 
5.6367 5.9885 4.5284 5.0505 4.7547 4.7159 4.6069 3.9054 4.0484 4.1857 4.4729 4.2856 3.9271 3.8914 3.7185 4.0187 3.9136 3.9565 3.5940 3.6770 3.6369 3.9690 4.0362 3.6781 3.4507 3.1982 3.7883 3.7747 3.6597 3.7325 3.0563 3.9842 2.6020 
6.1233 6.3273 5.9853 5.6426 5.3854 5.1962 5.2383 5.1864 4.8338 4.5071 4.7606 4.8122 4.6756 4.5165 4.5468 4.6044 4.5716 4.5453 4.4337 4.2978 4.4445 4.4828 4.3468 4.0088 4.2105 4.5114 4.4637 4.2571 4.2479 4.3688 4.4319 4.2752 3.3171 
5.5008 6.1352 5.9872 5.3127 5.0640 4.9564 5.2354 4.7723 4.6134 4.4981 3.9784 4.2236 4.3416 4.1457 4.0311 4.1940 4.0414 4.1326 3.8957 3.9710 4.0703 3.8988 3.5579 3.9969 4.0314 4.0756 4.4625 4.0207 3.9987 4.0235 4.4649 4.1134 2.9366 
6.3897 5.9342 5.7195 4.6217 3.6550 3.5619 4.7330 4.6191 3.7238 4.0976 4.2652 3.5675 3.1201 2.9261 3.6772 1.8355 2.7816 1.9158 3.5523 2.7495 2.8346 3.2118 3.8585 3.5901 3.1542 3.9638 3.9358 2.5316 2.5456 3.3118 4.1717 3.8351 3.3399 
5.3554 5.6646 5.6949 4.8003 4.6645 4.3828 3.8704 5.0644 4.7300 4.6526 4.4853 4.4401 4.3010 4.2795 4.2309 4.0807 4.0425 4.0268 4.1085 4.0863 4.0418 4.0708 4.0485 4.1437 4.1383 4.3836 3.0650 3.4431 3.5827 3.5203 4.1345 3.6742 2.4474 
6.7127 6.5094 5.9536 5.6805 5.4362 5.2350 5.1579 4.8726 4.9726 4.8706 4.6628 4.6949 4.6815 4.6162 4.5729 4.5553 4.5052 4.5011 4.4671 4.4437 4.4521 4.3709 4.2308 4.3505 4.3654 4.1578 4.3688 4.2946 4.3201 4.4091 4.3897 4.4925 3.7462 
5.5918 6.6914 6.3481 5.4256 4.9368 4.6429 5.0335 5.0540 4.2713 4.7089 4.9686 4.4552 4.0310 4.1052 3.0068 4.0572 4.0855 4.0076 2.8718 3.9112 3.7283 4.0757 4.5327 4.2008 3.6679 4.3645 4.2077 3.7048 3.8030 4.0911 4.7280 4.6660 2.2587 
4.6155 6.2503 5.9639 5.1451 4.7645 4.5749 4.6604 4.8467 4.4759 4.2925 4.8633 4.1829 4.0384 4.1522 4.2948 3.5903 3.8973 3.5412 4.1578 3.9870 3.7388 3.8384 4.4522 3.7914 3.8604 4.1412 3.8413 3.6366 3.6686 3.8787 4.4281 4.1959 2.6509 
6.0402 5.7166 5.4735 5.1508 4.7212 4.4850 4.0759 4.5633 4.4900 4.2543 3.9988 4.1709 4.0304 4.0617 4.0474 3.6995 3.8407 3.6354 3.9170 3.8503 3.7280 3.8236 3.5615 3.7418 3.8781 3.8703 3.2486 3.5488 3.6374 3.8795 3.8931 3.6825 3.0365 
6.0655 5.8759 5.2911 4.1844 4.0768 3.5702 4.1617 3.7268 3.2583 2.9829 3.1057 3.3315 3.2799 3.1894 3.5440 3.1692 1.0781 3.1040 3.3851 3.0198 3.0534 3.0192 2.6802 2.4741 2.6929 3.0588 3.3639 2.6434 3.0277 2.9100 3.7167 3.7877 3.0990 
4.1225 6.0102 4.9629 4.4688 4.3040 4.2001 3.7448 4.3090 4.0309 4.2820 3.7364 3.7232 3.7858 3.3917 3.3957 3.0906 3.3574 3.0373 3.2514 3.1844 3.5438 3.3887 3.3143 3.7691 3.4320 3.6170 2.9670 3.2591 3.2036 3.1386 3.3734 4.0089 2.1891 
5.8489 5.9372 5.8022 5.1959 4.9990 4.8476 4.5542 4.6435 4.6771 4.6227 4.5842 4.5512 4.4835 4.4279 4.4897 4.1961 4.1946 4.1370 4.3388 4.1934 4.1840 4.1928 4.1559 4.1180 4.0974 3.9780 3.7302 3.9073 3.9060 3.9289 4.2106 3.9290 2.9912 
6.5428 6.1990 5.4693 5.2608 4.7713 3.8400 3.7644 4.1749 4.3625 4.4775 4.4477 4.1744 4.0840 3.7642 3.6711 3.7065 3.8092 3.6432 3.5569 3.5809 3.7980 3.8258 4.0142 3.9727 3.7436 3.5104 2.9917 2.8883 3.6691 3.9952 3.8848 4.1545 3.6330 
5.9380 6.6556 6.1001 5.0586 4.8091 3.9167 3.5529 4.6512 4.4465 4.1650 3.9446 3.7220 4.0428 3.4826 3.8311 3.3355 2.6187 3.2610 3.6974 3.2506 3.7414 3.3844 3.5242 3.6596 3.8079 3.9893 2.7416 2.9676 3.6990 3.7347 4.5340 4.6402 2.9337 
5.5466 6.0547 6.2939 5.7156 5.4534 5.2388 5.1160 5.2828 4.9963 4.5741 4.9666 4.8464 4.9340 4.8627 4.7334 4.6199 4.6683 4.5595 4.6053 4.6412 4.6265 4.5039 4.5325 4.0710 4.4075 4.5816 4.3105 4.3019 4.3526 4.4623 4.7009 4.0475 2.8729 
6.3441 6.3515 5.8148 5.0874 4.4496 4.2002 3.9692 4.7018 4.3058 3.6859 4.1084 4.0981 4.0508 3.4812 3.9090 3.9937 3.6057 3.9094 3.7534 3.2508 3.7492 3.7380 3.6869 3.1427 3.7036 4.0374 3.1402 3.2754 3.3390 3.7882 4.2339 4.2684 3.2959 
5.1129 6.0753 5.5363 5.2885 5.0064 4.8593 5.0068 4.0847 4.5520 4.1243 4.3611 4.2687 4.1927 4.0224 4.1053 4.0710 4.0680 4.0186 3.9986 3.7915 3.9470 3.9510 3.9483 3.6176 3.9765 3.3717 4.1831 3.9114 3.9057 3.9994 4.0051 4.0633 2.5788 
