4.5935 4.8997 4.5916 4.0545 3.8436 3.7521 4.1569 3.7810 3.7043 3.6143 3.3260 3.3301 3.2214 3.3084 3.2300 3.1513 3.1327 3.0864 3.0923 3.0932 2.9817 3.0091 2.9472 3.1652 3.1579 3.1653 3.4387 2.9453 2.9205 2.9400 3.2278 3.1223 2.1096 
4.2100 5.0195 4.3353 3.6335 3.3499 3.5418 3.8809 2.7878 1.9304 3.0829 2.4791 1.8881 1.3591 2.0513 1.3343 0.9922 1.2005 0.9878 1.1687 1.8592 1.0600 1.5745 2.0955 2.6523 1.4619 2.1773 3.1838 2.7368 2.3994 2.5303 2.9780 3.2796 0.9365 
4.4335 4.6762 4.2064 3.8376 3.6935 3.5595 3.4863 3.3191 3.2168 3.1152 3.0166 2.9983 2.9773 2.9743 2.8700 2.8392 2.8074 2.7669 2.7254 2.7966 2.7277 2.6838 2.6466 2.6739 2.6802 2.6782 2.7914 2.7455 2.7157 2.7066 2.9046 2.9364 2.0834 
4.8456 4.1717 4.3075 3.6818 2.9351 3.2615 3.1133 3.3536 3.2613 3.0421 1.7996 2.0244 2.4239 2.2889 2.3615 2.2019 2.2460 2.1511 2.2429 2.1338 2.1762 1.7203 1.4373 2.6032 2.7168 2.7275 2.4285 2.4471 1.9552 2.5445 2.9683 2.3896 2.3036 
4.5241 4.8886 4.1785 3.5522 3.1898 2.8321 3.6802 3.0850 3.0370 2.6858 2.8875 2.7748 2.5136 2.7056 2.5487 2.5387 2.5365 2.4968 2.4367 2.5492 2.2544 2.4999 2.5138 2.2637 2.5290 2.5091 2.9680 2.0616 2.2326 2.4520 2.7836 3.1163 1.9476 
4.2389 4.4510 4.4157 4.1153 3.8539 3.6635 3.6129 3.5593 3.4451 3.4054 3.3741 3.3357 3.2964 3.2156 3.1531 3.1395 3.1162 3.0810 3.0402 3.0321 3.0326 3.0163 2.9997 2.9712 2.9416 2.9669 2.9300 2.8477 2.9275 2.9761 3.0526 2.6996 1.7335 
4.0250 4.7800 4.5473 4.0953 3.8642 3.7461 3.7233 3.5714 3.4892 3.5465 3.3449 3.3128 3.2755 3.1754 3.1502 3.0986 3.0610 3.0499 3.0377 3.0019 3.0185 2.9877 2.9686 3.1018 2.9843 2.9767 2.9976 2.9332 2.9346 2.9627 3.1513 3.0373 0.9484 
4.2911 4.8098 4.3878 3.7726 3.5846 2.7440 3.4530 3.4415 2.9757 3.4126 3.3296 3.1569 3.2557 3.0558 2.9883 2.9888 2.9627 2.9417 2.8955 2.9079 3.0044 2.8838 2.9509 2.9767 2.4746 2.8532 2.7498 1.9158 2.6320 2.6282 3.0176 3.0621 1.9782 
4.9761 4.6403 4.5165 4.0210 3.8117 3.3143 3.8822 3.7351 3.5511 3.6265 3.4434 3.3522 3.3189 3.0678 3.1176 3.1411 3.0765 3.0817 3.0113 2.9166 3.0542 3.0362 3.0740 3.1780 3.0385 3.0978 3.1864 2.4984 2.8872 2.9189 3.1178 2.9032 2.3811 
4.9838 5.0737 4.3374 3.8220 3.3299 3.3432 3.0859 3.1584 2.7664 2.9504 2.5892 2.8014 2.6766 2.3607 2.4105 2.3489 2.3294 2.2827 2.2733 2.1866 2.4720 2.5149 2.2179 2.5193 2.2505 2.5629 2.3958 2.5229 2.3424 2.6751 2.9663 3.3401 2.5285 
4.8553 4.5578 4.5695 4.1493 3.9439 3.8599 3.8160 3.5613 3.5956 3.4493 3.3136 3.2927 3.2745 3.2603 3.0969 3.1266 3.0944 3.0751 2.9944 3.0657 3.0183 2.9735 2.9353 3.0086 3.0751 2.9694 3.1013 3.0485 3.0061 3.0141 3.1965 2.7908 2.2814 
3.9427 4.6048 4.1398 3.6840 3.4343 3.2277 3.1703 3.0800 3.0588 2.3442 2.8401 2.7373 2.9841 2.7789 2.5511 2.5612 2.4907 2.5160 2.4385 2.6006 2.7390 2.4660 2.4909 1.9212 2.5500 2.5070 2.4997 2.4284 2.5159 2.5610 2.7681 2.8573 1.7756 
3.6478 4.5277 4.1051 3.5089 3.0435 2.5962 2.6987 2.5999 2.7819 2.2782 2.2555 2.1647 1.7252 1.7904 1.4544 1.5499 1.5803 1.4800 1.3477 1.6382 1.4753 1.8563 1.8831 1.8494 2.2607 2.0080 2.0273 1.7884 2.1203 2.4191 2.7091 2.7416 -0.7256 
4.3025 4.2727 4.1132 3.7930 3.6211 3.5449 3.3184 3.2727 3.1834 3.0071 3.0121 2.9993 2.9677 2.7272 2.8483 2.8122 2.7865 2.7421 2.7078 2.5646 2.7138 2.6848 2.6421 2.5695 2.6625 2.6471 2.5917 2.7311 2.6646 2.6652 2.7393 2.5333 1.8530 
3.7420 3.7986 3.7477 3.1911 2.9538 2.6094 2.6520 2.4526 2.1902 2.3932 2.3360 2.2665 2.0072 2.1965 2.1421 2.1411 2.1694 2.0983 2.0306 2.0382 1.7650 1.9770 1.9753 1.9512 1.6917 1.8290 1.9517 1.8000 2.0053 2.0986 2.3783 2.0859 1.1664 
4.1484 4.3724 3.6061 3.4612 3.2928 3.0960 2.9851 2.9064 2.7774 2.8633 2.6810 2.6086 2.6378 2.5855 2.5491 2.4632 2.4813 2.3881 2.4370 2.4171 2.4111 2.2981 2.3160 2.4132 2.2568 2.2665 2.2691 2.2805 2.3095 2.3379 2.2455 2.6272 1.6662 
3.0596 3.6267 3.0354 2.0637 1.4656 1.7827 1.4845 0.4561 0.6484 1.4305 1.6269 0.9569 1.3332 0.8670 0.5577 0.4494 0.8876 0.2970 0.4806 0.6780 1.0880 0.6656 1.2506 0.9763 0.0805 -0.2717 0.7443 0.9794 0.4701 0.9139 1.7307 1.8416 -0.7340 
3.2472 3.4616 2.5682 2.5257 2.4344 2.3312 2.0818 1.7330 1.7211 1.8569 1.8539 1.8886 1.4359 1.5288 1.7014 1.7785 1.6784 1.7312 1.5691 1.3651 1.2112 1.6085 1.4806 1.4254 1.2022 1.1253 1.3495 1.5182 1.4602 1.3956 1.2847 1.7255 0.8910 
3.3660 3.5876 2.7224 2.7659 2.6445 2.4419 2.3747 2.2650 2.1026 2.0678 2.0209 1.9709 1.8126 1.6190 1.7546 1.9459 2.0591 1.8799 1.6575 1.4269 1.5821 1.6908 1.6645 1.6170 1.5628 1.6906 1.6943 1.6260 1.7119 1.6710 1.3593 1.8293 0.7551 
1.6095 3.0941 2.1444 1.9289 1.9660 1.8101 1.7651 0.5475 0.6864 1.7072 0.7913 1.1993 1.3434 0.7815 0.8743 1.4215 1.4545 1.3695 0.7474 0.5800 1.0932 0.9078 0.3990 1.2761 0.2096 -0.0757 1.0449 1.0054 1.0122 0.8666 0.6937 1.3747 -1.8365 
2.3643 2.5442 2.6619 2.2557 2.0773 1.0644 1.6893 1.2965 1.3928 0.9121 0.6994 0.3249 0.9960 1.2825 1.3419 1.6738 0.7762 1.5973 1.2438 1.0736 0.7711 0.0511 0.3319 0.4774 0.8944 0.6526 0.9659 0.2420 1.0894 1.1287 1.3191 0.8168 -0.0992 
3.0720 2.3302 2.2219 1.2538 1.4130 1.5370 1.8349 1.5718 1.4281 1.2810 1.1785 1.5651 1.2776 0.6463 1.3340 0.9002 1.2828 0.8638 1.2273 0.4942 1.0081 1.2860 0.8277 0.8322 0.9266 0.9587 1.1435 0.7301 0.4961 0.1080 0.9114 0.6625 0.5060 
3.1679 1.8017 1.6805 1.8296 1.3164 1.8348 1.3631 1.3468 0.6579 0.5323 0.8305 1.0006 1.2585 1.0239 0.4831 0.9502 0.3847 0.9026 0.3502 0.8756 0.9953 0.6946 0.4687 0.0986 0.1591 0.7390 0.6436 1.0245 0.3508 0.6890 0.3506 -0.1544 0.6053 
2.8984 2.4300 1.9162 1.3072 1.7402 0.9097 1.5485 1.1866 1.1364 0.9273 1.0348 0.9909 1.3220 1.1337 0.9534 1.2359 1.3531 1.1592 0.8656 0.9567 1.0637 0.6881 0.6674 0.4945 0.6260 0.5732 0.8690 0.0679 0.7884 0.1961 0.5554 0.7234 0.3078 
2.7959 2.4264 2.2271 1.8011 1.7465 1.8564 1.3855 1.4297 1.2968 0.1701 1.0137 1.2828 1.0069 1.3476 1.3664 1.5524 1.0122 1.4848 1.2760 1.1731 0.7792 0.9586 0.6382 -0.2553 0.7641 0.8551 0.6659 1.0416 0.8061 0.6580 0.8892 0.6320 0.2354 
2.1858 2.1876 1.7901 1.6926 1.6458 1.7083 1.0918 1.5689 1.0294 1.3525 1.0901 -0.3221 1.5344 1.5544 1.5223 0.9900 0.4791 0.9368 1.4081 1.3788 1.3146 -0.6565 0.7292 0.9179 0.5220 0.9633 0.4154 0.8939 0.6644 0.5605 0.4418 0.4774 -0.2886 
2.6542 2.1508 2.4665 2.1032 1.5973 1.3123 0.6291 1.1855 1.3152 1.3948 0.8886 0.6730 0.9821 1.5499 0.6750 0.7052 1.3333 0.6410 0.5644 1.3754 0.7507 0.3962 0.5127 0.9572 0.7971 0.5729 -0.0602 0.4983 0.6262 0.9608 1.0735 0.4277 0.0952 
2.6690 0.8519 2.0800 1.2070 1.0432 1.5605 1.6431 1.4483 1.1015 0.8488 0.5236 0.8847 0.9710 0.9260 0.9640 0.8801 0.8342 0.8160 0.8759 0.7341 0.7314 0.5588 0.1489 0.3988 0.5811 0.8709 0.9294 0.7575 0.1015 0.0399 0.7075 -0.6094 0.0927 
2.6707 2.4142 2.0922 1.8186 0.6962 1.5442 1.3540 1.4453 0.8678 0.9553 1.4092 0.9592 1.2971 1.6470 1.4664 0.9725 -0.8229 0.9213 1.3627 1.4471 1.0387 0.6463 1.0386 0.5216 0.3190 0.8701 0.6374 0.7344 -0.2389 0.6899 0.6935 0.6319 0.1165 
2.8079 2.2066 1.6551 1.7466 1.0397 1.6131 1.6799 -0.1673 1.2829 0.9599 1.2861 1.2944 1.3511 0.8246 1.0554 0.8464 0.0936 0.7658 0.9540 0.6190 1.1037 0.9736 0.9098 0.5263 0.7436 -0.8058 0.9527 0.8027 0.1021 0.6108 0.2661 0.4691 0.2797 
1.7766 1.0101 1.9161 1.4751 1.0584 0.7035 1.2369 1.0369 0.5246 0.6541 1.2738 1.0978 0.7565 1.4237 1.2600 1.3115 1.6278 1.2704 1.1116 1.2770 0.5194 0.8256 0.8959 0.2217 0.0286 0.4544 0.5289 -0.0830 0.1235 0.3495 0.5670 -0.6923 -0.7158 
2.5706 2.2020 1.1664 1.2977 1.6870 1.4773 1.4222 0.6576 0.5036 0.7164 1.0658 1.3808 0.5478 0.7873 0.5733 1.0469 1.1438 0.9996 0.4792 0.5990 0.3049 1.0680 0.7062 0.2726 -0.0103 0.0738 0.7186 0.6634 0.7095 0.1656 -0.2241 0.4634 0.0801 
2.4036 2.1706 1.4535 1.5748 1.3967 1.1540 1.3600 0.9659 1.4475 1.3679 0.9737 1.4125 1.0979 1.0970 1.2949 1.4320 0.5486 1.3768 1.1640 0.9371 0.8836 1.1098 0.6028 0.9311 0.9416 0.3784 0.6516 0.3321 0.4804 0.4787 0.0969 0.4525 -0.1002 
2.8842 2.0319 1.5643 1.5105 1.2983 1.2044 0.4787 1.1648 1.2864 1.1662 0.8691 1.0395 0.8157 1.3346 1.3589 1.3825 0.1619 1.3323 1.2679 1.1534 0.5613 0.7450 0.4892 0.7225 0.7471 0.5588 -0.2334 0.3982 0.3092 0.4159 0.2226 0.2631 0.3343 
0.5950 1.6234 2.2827 2.1247 1.5814 0.7179 1.2756 1.4789 1.3817 1.5549 0.6134 0.8697 0.6952 0.7889 1.2415 1.2978 0.4092 1.2404 1.1000 0.5975 0.4854 0.5425 0.2353 1.1074 0.8845 0.9008 0.5518 -0.0809 0.6178 0.9845 0.9445 -0.1176 -1.5512 
3.0419 2.7050 2.1861 1.3997 1.1471 1.5896 1.6012 1.4510 1.4470 1.0752 1.3259 1.1085 0.8940 0.9235 0.9705 0.9210 1.3178 0.8765 0.8788 0.7378 0.6359 0.8299 0.9524 0.6355 0.9387 0.8762 0.9071 0.7704 0.2087 0.2690 0.8353 0.9472 0.5144 
2.4437 1.9914 1.9039 1.5279 1.6629 1.5990 1.0464 1.2730 1.2644 0.5145 0.9849 1.3543 1.2644 1.1557 1.2109 1.1941 1.2546 1.1232 1.0722 0.9766 0.9983 1.0425 0.6182 0.0883 0.7130 0.6361 0.3535 0.7832 0.6876 0.4166 0.5602 0.1988 -0.1157 
1.8708 1.8233 1.7084 1.4609 1.4213 1.6457 0.7215 0.9775 0.5847 1.0418 0.9946 0.8508 0.4894 0.6897 1.0484 0.5368 0.7676 0.4948 0.9479 0.5374 0.2329 0.5222 0.6208 0.6103 0.0757 0.3920 0.0056 0.8424 0.4761 0.4006 0.3445 0.1381 -0.9152 
-0.3082 1.6774 1.8900 1.4337 1.5120 1.4350 1.3385 0.9745 1.0375 0.1995 0.6027 0.9302 0.2388 -1.8681 0.9723 0.8522 1.0335 0.7744 0.8784 -1.7787 0.0494 0.6237 0.2250 -0.2436 0.5239 0.3773 0.6263 0.6266 0.5753 0.2924 0.5398 -0.0445 -1.5306 
2.8488 2.0224 1.9874 1.7168 0.7822 1.2170 1.1567 1.1600 1.0067 0.9272 1.0384 1.2447 1.1113 -0.6164 1.2310 1.2731 0.5074 1.1971 1.0906 -0.7322 0.8963 0.9286 0.6615 0.4945 0.4991 0.5533 0.4700 0.3980 -0.1795 0.5783 0.6135 0.1891 0.2702 
1.7496 2.4791 1.8233 1.8205 1.7331 2.0784 1.1794 0.5601 1.3352 1.7046 1.3498 0.8985 0.6998 1.2734 1.2818 1.3101 1.4447 1.2671 1.1434 1.0609 0.4854 0.5756 0.9737 1.2739 0.8330 -0.0273 0.4795 1.2637 0.7931 0.6998 0.4968 0.7223 -0.8121 
2.0278 1.8466 2.0375 1.5811 1.4053 0.9262 1.3313 0.5353 1.0408 1.2024 0.8882 1.3217 1.0425 1.2207 0.9730 0.9449 0.4835 0.8998 0.8765 1.0277 0.8340 1.0081 0.5106 0.7543 0.5367 -0.0772 0.6160 0.1280 0.4780 0.4728 0.6593 0.0842 -0.3517 
2.1463 1.7338 1.6108 1.3832 1.3759 1.5924 1.2917 1.0838 1.4688 1.5377 1.6329 1.3876 1.2006 0.7130 0.9916 0.4828 0.0264 0.4233 0.8936 0.5446 0.9533 1.0766 1.2747 1.0926 0.9635 0.5037 0.5683 0.7764 0.4626 0.2556 0.2269 -0.0055 -0.4416 
2.1118 1.4692 1.8470 1.6589 1.3511 1.4510 1.7781 1.5221 1.2248 1.0124 1.1819 0.9540 1.5608 1.2890 0.7440 1.0015 0.9304 0.9497 0.6284 1.0800 1.3313 0.6426 0.8248 0.5763 0.6788 0.9278 1.0643 0.6399 0.4060 0.5179 0.5074 -0.3118 -0.4235 
0.7261 2.1063 1.9906 1.0413 0.9282 1.4536 1.7438 1.4471 1.4464 1.3555 1.1453 1.1488 0.4335 0.8704 0.8300 0.7261 0.7211 0.6535 0.6897 0.6553 0.1708 0.8723 0.7833 0.9179 0.9391 0.8725 1.0367 0.6367 -0.0180 -0.0319 0.6066 0.3771 -2.9171 
1.0375 1.7718 2.2259 1.6820 1.3222 1.4013 1.2765 1.3824 0.9208 0.6441 0.2814 0.4505 1.2709 1.4011 1.3264 1.3912 1.2478 1.3403 1.2147 1.2501 1.0047 0.1331 -0.0769 0.2106 0.4083 0.7890 0.5483 0.5871 0.3772 0.5264 0.8899 0.0615 -1.6850 
2.8681 2.5701 1.7049 1.5816 1.5476 1.5258 1.4539 1.1855 1.1686 0.4945 0.9686 1.1303 0.9262 0.9995 1.2864 1.2166 0.4073 1.1447 1.1472 0.8512 0.6710 0.8601 0.5942 0.0645 0.6355 0.5702 0.7690 0.7115 0.5980 0.4689 0.3366 0.8042 0.3045 
2.4899 2.1372 1.8600 1.1533 1.2512 1.5745 1.4480 1.2026 1.0563 1.2247 -0.0331 1.4007 0.9737 1.3551 1.3000 1.0272 1.4866 0.9741 1.1692 1.1847 0.7311 1.0938 -0.3874 0.7743 0.5506 0.5808 0.7518 0.7580 0.2667 0.0680 0.5273 0.3457 -0.1348 
1.0923 2.0306 1.9038 1.5064 1.5144 1.5410 0.8570 1.3729 0.7157 1.4888 1.2885 1.4596 1.3431 1.2210 0.6752 1.2708 0.2625 1.1949 0.5697 1.0260 1.0902 1.1788 0.9069 1.0471 0.1922 0.7737 0.1368 0.7245 0.5728 0.3989 0.5712 0.2682 -1.5387 
0.8915 1.7172 1.7054 1.2814 1.3313 1.5663 1.5855 1.5236 1.1243 1.0436 0.9401 0.6232 0.7970 0.6024 1.0674 1.3801 0.9950 1.3302 0.9641 0.4552 0.5508 0.3178 0.5642 0.6065 0.6061 0.9311 0.8957 0.7582 0.3852 0.1211 0.3210 -0.0275 -1.1336 
1.8941 1.3981 1.8066 1.0990 1.3197 1.6260 0.7529 0.8496 0.4676 1.4905 0.8646 0.9877 1.0824 0.1751 0.4988 1.0473 0.9032 1.0010 0.3784 0.0326 0.8756 0.6806 0.4832 1.0472 -0.0503 0.2121 0.0583 0.8147 0.3707 -0.0283 0.4747 -0.2745 -0.6791 
2.4868 2.3470 1.8779 1.5550 1.3044 1.4454 1.4130 1.1528 1.2767 1.3120 0.8649 1.4063 0.8712 0.6364 -0.4403 0.7798 1.1854 0.7160 -0.5891 0.4841 0.6031 1.0983 0.4917 0.8768 0.7357 0.5411 0.7058 0.6321 0.3441 0.4578 0.5290 0.5924 -0.0632 
1.3772 1.8129 1.2901 1.3314 1.3989 0.9216 1.1442 1.0212 0.5952 1.3052 1.1237 0.8585 1.2173 1.3500 0.0935 1.0928 -0.1297 1.0394 -0.0458 1.1741 0.9685 0.5408 0.7679 0.8724 0.0961 0.4461 0.4661 0.1026 0.4772 0.1940 -0.1013 0.0849 -1.1585 
2.5696 2.4226 2.2093 1.6654 1.4584 1.5330 1.2733 0.6108 1.1200 1.0867 0.2887 0.7005 1.1591 0.8435 0.1206 0.2485 -0.6065 0.2053 0.0291 0.6339 0.9263 0.4272 -0.0832 0.6403 0.6036 0.0076 0.5409 0.7183 0.5344 0.5182 0.8714 0.6467 0.0510 
1.5915 1.9312 2.3053 1.8448 1.6707 1.4622 0.9818 1.2175 1.5116 0.1764 1.0074 0.8442 0.5776 0.8978 0.9882 1.0163 0.6152 0.9623 0.8901 0.7019 0.3461 0.5280 0.6343 -0.2669 0.9965 0.6012 0.2666 0.6486 0.6857 0.7134 0.9643 0.1783 -1.2732 
1.6884 1.9761 1.8969 1.2876 1.6707 1.6847 1.5198 1.1258 0.9612 1.3428 0.9251 0.6459 0.6209 1.0433 0.8623 0.6140 0.8688 0.5658 0.7090 0.8950 0.4032 0.3539 0.5474 0.9096 0.4755 0.5245 0.8533 0.8704 0.6824 0.1353 0.5404 0.2312 -0.7240 
1.7873 1.7815 1.0581 1.7306 1.5120 0.4470 0.7905 0.8292 1.0470 1.1310 1.2959 0.6507 0.5804 0.5562 0.8372 1.2176 0.9865 1.1450 0.6947 0.3907 0.3503 0.3660 0.9179 0.6859 0.5453 0.2010 0.0917 -0.3662 0.5677 0.5999 -0.2910 0.0550 -0.6328 
0.8395 2.0052 2.0020 1.3379 1.7105 1.2729 1.5407 0.8160 0.9084 0.8856 1.4370 1.6826 1.5918 1.2689 1.1628 0.0219 0.5446 -0.0669 1.0375 1.0486 1.3507 1.3584 1.0632 0.4603 0.3964 0.1838 0.8677 0.4677 0.7449 0.2308 0.6287 0.2641 -1.6354 
2.2722 2.2011 2.3281 1.9420 1.3638 0.5727 1.2105 1.3603 1.1323 1.1628 -0.1809 0.8220 1.2517 0.7031 0.6035 0.7211 1.2679 0.6582 0.5025 0.5347 0.9906 0.5143 -0.5415 0.7159 0.6108 0.7561 0.5062 -0.2544 0.4366 0.8301 0.9803 0.4652 -0.2458 
2.7431 1.6063 1.7609 1.3079 1.6296 1.8025 1.7159 0.9926 1.3259 1.5186 0.8294 0.7658 1.5745 1.5766 0.9579 0.5082 0.0911 0.4668 0.8652 1.3941 1.3405 0.4813 0.4635 1.0744 0.8208 0.4034 0.9977 0.9870 0.6496 0.1524 0.3905 -0.3090 0.1812 
1.1029 2.0348 1.3530 1.5248 0.5147 0.9003 1.1245 1.2156 0.9278 1.1614 0.4032 1.3560 0.2175 0.8754 1.3077 -0.1790 1.0115 -0.2263 1.1828 0.6702 -0.0029 1.0432 0.0504 0.7115 0.4261 0.5910 0.4588 0.0896 -0.4697 0.4211 0.0046 0.2763 -1.2056 
3.2159 2.7189 1.8582 1.1445 1.4004 1.4097 1.3554 1.0291 0.8458 0.5181 1.2280 1.0558 1.1914 0.7798 1.1919 1.3201 1.0086 1.2780 1.0566 0.5894 0.9459 0.7775 0.8683 0.0831 0.2923 0.4516 0.6364 0.5989 0.4770 0.0640 0.5061 0.9632 0.6947 
2.4892 2.9716 2.4087 2.2688 1.9404 1.9099 2.0015 1.8962 1.7901 1.6042 1.4511 1.8357 1.4554 1.6908 1.5289 1.4737 1.6641 1.4239 1.4158 1.4806 1.2552 1.5346 1.0851 1.1537 1.2922 1.3136 1.3087 1.1001 0.9920 1.1630 1.0389 1.2422 -0.0825 
2.6971 2.3202 1.4899 1.1340 1.4503 0.9811 1.1312 0.9910 1.0599 0.9423 0.9208 0.3141 0.3530 0.1892 0.5869 0.7241 -0.2338 0.6594 0.4902 0.0493 0.1100 0.0556 0.5423 0.5014 0.5534 0.3988 0.4566 0.1636 0.5147 0.0188 0.1442 0.5483 0.1711 
2.4567 2.2740 1.7569 1.4727 1.3924 1.2249 0.4565 1.3222 0.4183 1.1307 1.1525 1.1460 1.0445 0.6028 1.1891 0.2375 -0.1587 0.1938 1.0521 0.4516 0.8369 0.8719 0.7892 0.6864 -0.1095 0.7006 -0.2692 0.4071 0.4673 0.3758 0.3913 0.5298 -0.1139 
3.1768 2.7064 2.1520 2.0111 1.8994 1.2733 1.5004 1.3328 1.3250 1.4766 1.0939 0.7411 1.0421 0.6603 0.4715 1.3647 1.2676 1.3172 0.3343 0.5035 0.8335 0.4611 0.7344 1.0398 0.8199 0.7116 0.8283 0.4520 0.9597 0.8968 0.7931 0.9423 0.6397 
3.6280 3.1481 2.6339 2.4907 2.2661 2.2533 1.9207 2.0635 2.0010 1.7440 1.8573 1.5828 1.7020 1.7032 1.3799 1.4467 1.4125 1.3922 1.2862 1.4992 1.4443 1.2933 1.4867 1.3098 1.4626 1.4348 1.2471 1.4387 1.3338 1.3461 1.2908 1.3725 1.0680 
0.3256 0.9900 0.9016 1.2815 1.3586 1.1750 0.7193 1.0742 1.0962 0.8929 1.1870 0.9223 0.9367 0.7548 1.0531 1.0514 1.0269 1.0049 0.9538 0.5720 0.6862 0.6097 0.8315 0.4619 0.5825 0.4962 0.0539 0.3492 0.4235 0.1540 -0.4229 -0.7351 -2.1461 
0.8770 1.5150 1.3032 1.4374 1.1840 1.0400 1.0380 0.9988 0.5017 0.9522 0.9953 0.5244 1.2672 1.1008 0.9342 0.8845 0.0235 0.8243 0.8293 0.9381 1.0019 0.2173 0.6236 0.5169 -0.0111 0.4160 0.3388 0.2232 0.2206 0.3263 -0.0334 -0.2509 -2.8006 
2.5964 2.2135 0.7358 1.1803 0.8565 0.7405 1.1046 0.5284 0.8792 0.2852 0.3244 -0.0532 0.6516 0.6315 0.3494 -0.4999 -0.1717 -0.5470 0.2184 0.4818 0.4462 -0.3268 -0.0499 -0.1777 0.3270 -0.0494 0.4155 -0.0426 -0.1318 0.0616 -0.6201 0.5271 0.0193 
3.3996 2.5536 1.7411 1.5053 1.3524 1.3146 1.4956 1.5149 1.5552 1.5708 1.4371 1.3094 1.4993 1.4382 0.9461 0.8435 0.7919 0.7645 0.8558 1.2865 1.2908 0.9936 1.0587 1.1237 1.0338 0.9233 0.8180 0.4965 0.4052 0.3894 0.3627 0.7312 0.8788 
2.5672 2.0663 1.2368 1.6076 1.7396 1.5930 1.5737 1.3363 0.9321 1.3313 1.2135 1.3540 0.8675 0.8643 0.4688 0.7378 0.6896 0.6714 0.3235 0.6513 0.5987 1.0421 0.8519 0.9011 0.4311 0.7159 0.8870 0.7776 0.7980 0.4900 -0.1300 0.2467 0.0571 
3.0891 2.9022 2.2646 2.1366 2.1376 2.1594 1.8572 1.6006 2.1155 1.7077 1.5832 1.6282 1.6689 1.3973 0.8827 1.0440 1.1321 0.9935 0.7436 1.2418 1.4031 1.3222 1.2265 1.2738 1.5869 0.9922 1.1632 1.3450 1.1880 0.9995 0.9174 1.0951 0.5470 
2.7894 2.0394 1.6624 1.1116 0.9060 0.1989 0.1306 0.5794 0.8909 0.8643 0.8820 1.2117 0.8814 1.1914 1.2666 1.3180 1.0584 1.2755 1.1204 1.0062 0.6239 0.9102 0.5083 0.4160 0.3639 -0.0148 -0.5889 -0.6487 -0.0356 0.0360 0.2803 0.2145 0.2297 
2.9577 2.6474 2.1839 1.7829 1.6438 1.6872 1.4830 1.6108 1.4704 1.6965 1.4347 1.3872 0.9901 1.4158 1.3498 1.5790 1.0120 1.5096 1.2529 1.2709 0.7584 1.0761 1.0586 1.2589 0.9678 0.9931 0.8024 0.8736 0.6635 0.6481 0.8335 0.8951 0.4144 
3.1941 2.3627 2.1376 2.1726 1.8810 1.1476 1.6506 1.3319 1.4431 1.2525 1.2935 -0.1910 1.2610 1.4978 0.8674 1.3290 0.5878 1.2852 0.7186 1.3374 0.9978 -0.5218 0.9175 0.8003 0.9355 0.7136 0.9355 0.3316 0.9458 1.0410 0.7598 0.5357 0.6296 
1.5938 1.9871 1.6926 1.1353 1.3216 1.6800 1.2460 0.0097 1.4803 1.4358 1.4762 0.8841 1.2971 1.4340 1.4148 0.9158 0.6685 0.8703 1.3129 1.2841 1.0401 0.5559 1.1121 0.9987 0.9745 -0.5776 0.5286 0.8673 0.3799 0.0683 0.3251 0.2309 -0.7751 
3.3128 2.6931 2.3159 2.1087 1.7231 1.7426 1.1211 1.7689 1.0508 1.3090 1.4688 0.8996 1.2117 1.3357 0.9132 1.3361 0.7932 1.2916 0.7956 1.1548 0.9623 0.5784 1.1054 0.8766 0.5424 1.1670 0.4419 0.9270 0.7686 0.9648 0.9568 0.9187 0.7292 
2.5442 1.6923 1.7361 1.4579 1.2694 1.5824 1.3300 0.8326 1.3233 1.3046 1.3106 1.5520 0.9433 1.1991 0.7823 0.9428 1.1019 0.8966 0.6389 1.0118 0.6862 1.2773 0.9375 0.8740 0.8135 0.2143 0.6174 0.7690 0.2836 0.3658 0.3696 -0.1746 -0.0474 
2.7549 1.9110 1.6879 1.7586 1.8292 1.3745 1.6309 0.9437 1.3441 1.4277 1.3137 1.6492 1.2718 1.2961 1.0578 1.0725 0.4263 1.0222 0.9560 1.0929 1.0030 1.3349 0.9389 0.9874 0.8492 0.3347 0.9207 0.5593 0.8968 0.6347 0.2981 0.1281 0.2316 
3.1256 2.7477 2.1598 1.9668 1.8117 1.7576 1.5139 1.4062 1.6920 1.3675 1.3011 1.2213 1.3652 1.4382 1.2214 1.0979 0.6349 1.0409 1.0754 1.2876 1.1191 0.9184 0.9197 0.9360 1.1511 0.8238 0.8384 0.9458 0.8836 0.8689 0.8061 0.9759 0.5963 
2.1425 1.9467 1.2922 1.5807 1.3719 1.4400 1.0267 1.2994 1.1468 1.1991 1.4811 0.9784 0.9086 1.2369 0.6561 1.2545 0.9102 1.1797 0.5512 1.0378 0.6500 0.6665 1.1182 0.7520 0.6262 0.6687 0.3251 0.6261 0.4461 0.4785 -0.1252 0.1947 -0.3249 
0.7121 1.7626 0.8282 0.4610 0.9710 0.5487 0.6822 1.1925 0.7019 0.2394 0.4347 0.6535 -0.2949 0.8994 0.2834 0.1629 0.0543 0.1151 0.1816 0.7013 -0.5538 0.3746 0.0618 -0.2016 0.1988 0.5787 -0.0181 -0.2761 0.0539 -0.6763 -0.4796 0.0411 -2.1053 
3.0532 1.9046 1.6994 1.7014 1.4939 1.2383 1.6920 0.9128 1.2760 0.3621 1.6035 1.1918 0.3393 0.5386 0.9592 0.5957 1.2951 0.5393 0.8660 0.3665 0.1046 0.8948 1.2474 -0.1053 0.7292 0.2874 0.9695 0.4305 0.5521 0.5563 0.2953 0.0937 0.5202 
2.4964 2.1414 1.2799 0.6571 1.1389 1.0504 1.2769 0.6903 1.1005 0.9767 1.2893 1.3215 1.4400 1.2625 1.2717 1.1871 0.1358 1.1156 1.1240 1.0478 1.2203 1.0084 0.9120 0.5411 0.5878 0.1021 0.5508 0.2398 0.1887 -0.4675 -0.1056 0.3756 0.0005 
2.0901 1.8131 1.5497 1.2610 1.4841 1.3858 1.2549 1.3480 1.3924 1.1583 1.3434 1.3330 1.2395 1.3162 1.2596 1.2521 1.2191 1.1754 1.1145 1.1256 0.9800 1.0235 0.9700 0.7095 0.8930 0.7393 0.5316 0.5723 0.5472 0.1101 0.1936 0.0597 -0.5232 
2.5847 1.6916 0.4768 1.2935 1.3003 0.9897 1.2167 1.2882 1.0014 0.6411 0.0887 0.9206 1.1102 1.0629 0.7224 0.5834 0.5811 0.5354 0.6060 0.9077 0.8948 0.6136 -0.2920 0.2039 0.4944 0.6523 0.5160 0.1678 0.3349 0.1756 -1.0276 -0.0128 0.0590 
1.3388 1.7203 1.8351 1.5804 1.6453 1.6539 1.5568 1.2576 1.3250 1.1840 0.8956 0.6956 0.8168 0.9023 0.9639 0.7938 1.3804 0.7217 0.8728 0.7077 0.5643 0.4214 0.5165 0.7390 0.8089 0.6281 0.8754 0.8441 0.6612 0.4775 0.4940 -0.0386 -1.3570 
3.0511 2.1860 1.6806 1.7436 1.7195 1.3550 0.9147 1.0179 1.0923 0.7770 0.4260 0.9339 1.2779 1.1974 0.9599 0.8428 0.7659 0.7667 0.8685 1.0104 1.0149 0.6292 0.0678 0.3386 0.5842 0.4408 0.1953 0.5383 0.7593 0.6095 0.2605 0.3473 0.5039 
2.5387 1.7881 1.3749 0.6394 1.2948 1.3652 1.6901 1.4540 0.9766 1.3218 0.5098 1.5631 0.9462 1.0680 1.2923 1.3490 0.8757 1.3029 1.1589 0.9147 0.6904 1.2839 0.1495 0.8911 0.4783 0.8788 0.9663 0.5560 0.3270 -0.4618 0.0471 0.0152 0.0178 
0.7017 2.5531 1.8828 1.7676 0.9308 1.4760 0.9614 0.9522 1.1669 1.4409 0.9153 0.8760 0.5691 0.8642 0.0651 0.9700 1.0013 0.9224 -0.0666 0.6467 0.3388 0.5534 0.5349 1.0006 0.6395 0.3461 0.2408 0.6635 0.0292 0.6335 0.5275 0.8258 -2.3289 
3.0787 2.4475 2.0090 1.7598 1.4463 1.3199 1.8051 1.7152 1.6099 1.3979 1.2219 1.1945 1.6282 1.6833 1.4897 1.1020 1.2084 1.0436 1.3814 1.4695 1.3778 0.8985 0.8652 0.9631 1.0680 1.0877 1.0998 0.5039 0.5084 0.6303 0.6274 0.6261 0.5393 
2.5100 2.0833 1.2149 0.8961 1.6273 1.4459 1.4507 1.0738 1.1050 1.2725 0.9708 1.0157 1.2716 1.1790 0.9908 0.6440 -0.5258 0.5938 0.8910 0.9943 1.0054 0.7142 0.5972 0.8254 0.5914 0.4908 0.7581 0.6301 0.6595 -0.2000 -0.1629 0.2475 -0.1020 
2.6741 2.0912 0.2466 1.3414 1.4478 1.6941 0.4858 0.4673 1.0914 1.2367 1.3333 1.2840 1.0192 0.8665 1.0991 1.0221 0.4847 0.9667 0.9896 0.6495 0.8024 0.9609 0.9614 0.7843 0.5786 -0.1487 -0.2241 0.8799 0.5125 0.1969 -1.5202 0.2346 0.0993 
3.2971 2.5085 1.9655 2.0893 1.8648 1.4341 1.4788 1.8283 1.5822 1.7286 1.2929 0.9558 0.9400 1.0493 1.3717 0.9928 1.4866 0.9420 1.2787 0.9003 0.6876 0.6381 0.9154 1.2966 1.0464 1.2481 0.7984 0.6182 0.9305 0.9421 0.5776 0.6465 0.7046 
1.8603 2.0653 1.2730 1.6888 1.5162 1.6944 1.4140 1.3617 1.2403 1.0612 0.8911 1.0528 0.9392 1.1988 1.4782 1.1215 1.4340 1.0553 1.3735 1.0109 0.6925 0.7675 0.5187 0.6293 0.6935 0.7586 0.7088 0.8799 0.5729 0.5496 -0.1658 0.2935 -0.5506 
2.2704 1.5857 0.6195 1.3308 1.3834 1.2719 1.3428 0.6065 1.0931 1.0803 1.0637 1.0428 1.2928 1.3029 1.2167 0.8928 -0.5390 0.8387 1.0753 1.1044 1.0339 0.7531 0.7010 0.6384 0.5821 0.0217 0.6314 0.4605 0.4582 0.2031 -0.7442 -0.2083 -0.2425 
2.2856 1.5722 0.9542 1.1388 1.2682 0.9200 0.6792 0.5809 0.6327 0.5738 1.1412 1.3348 1.1362 0.1723 1.0175 0.7903 0.5079 0.7162 0.9144 0.0394 0.9115 1.0245 0.7822 0.1370 0.1196 0.0020 0.0179 0.1122 0.2783 0.0571 -0.4333 -0.1545 -0.2304 
2.5472 1.8612 1.4193 1.1695 1.6596 1.7409 1.7204 1.5010 0.9224 1.0381 1.3982 1.3203 1.3441 0.5905 1.0190 0.6471 0.0807 0.6014 0.9154 0.4437 1.0925 1.0078 1.0288 0.5993 0.4140 0.9136 1.0028 0.9253 0.6775 0.0483 0.0517 0.0940 -0.0646 
