6.4495 6.1814 5.3268 4.7039 4.2081 4.4181 3.8152 4.7819 4.6640 3.9901 4.3877 5.0170 3.7770 4.4236 4.1129 4.4701 4.4494 4.3966 3.9889 4.1633 3.4937 4.6277 3.9398 3.4441 4.0272 4.0313 2.9258 3.3849 3.0197 3.3021 3.5741 4.0122 3.0566 
5.4920 6.2401 5.9623 5.5030 5.3941 5.1574 5.1700 5.1687 4.7918 5.0895 4.9961 4.8263 4.6157 4.5781 4.8058 4.8460 4.7325 4.7580 4.6580 4.3786 4.3347 4.4695 4.5282 4.5481 4.1447 4.4544 4.3089 4.1464 4.1818 4.0896 4.2149 4.0771 1.8528 
7.0485 6.9322 6.1312 5.7144 5.5369 5.2812 5.1985 5.0476 4.9878 5.0460 4.0778 4.6398 3.4443 4.4532 4.6835 4.5752 4.0271 4.5123 4.5577 4.1879 3.1045 4.2628 3.6111 4.5048 4.3274 4.2900 4.3506 4.2673 4.3582 4.3396 4.4592 4.7046 3.9040 
5.5077 6.9863 6.4814 6.0031 5.7277 5.5848 5.4643 5.3043 5.2574 5.2799 5.0745 5.0961 4.6910 4.8813 5.0423 3.2392 4.0508 3.1472 4.9168 4.6419 4.4456 4.7085 4.6123 4.7240 4.6182 4.5533 4.5613 4.5703 4.5592 4.5817 4.7378 4.7806 2.9048 
6.7741 6.9113 5.5795 4.8137 4.5264 4.0020 4.2320 4.0177 4.7190 4.5736 4.2746 4.4990 4.9267 4.7020 4.1591 4.2198 2.6696 4.1462 4.0409 4.5037 4.6004 4.1159 3.8302 4.0325 4.0950 3.2109 3.3957 2.9785 3.3283 3.3592 3.8755 4.6991 3.7600 
6.3914 6.2807 5.1763 4.8138 4.6173 4.5820 4.4898 4.3509 3.8429 4.7734 4.6893 4.4137 4.6724 3.4998 4.1746 2.3309 2.9706 2.2478 4.0489 3.2700 4.4203 4.0210 4.2357 4.2216 3.1695 3.5883 3.6005 3.5742 3.4651 3.4473 3.4661 4.1430 3.1537 
6.1836 6.0807 5.7447 5.0129 4.7723 4.7782 4.8303 4.6038 4.9180 4.6716 4.2595 4.4625 4.6680 4.5997 4.5565 4.4971 4.5102 4.4450 4.4448 4.4095 4.4213 4.0566 3.8180 4.1327 4.2402 3.8890 3.9770 3.7800 3.6187 3.6157 4.0787 3.8929 2.9556 
6.8050 6.9184 6.2848 5.9677 5.6999 5.5230 5.4328 5.3154 5.1534 5.1847 5.1063 4.8873 3.7290 4.7450 4.6290 4.4828 4.3977 4.4189 4.5020 4.5404 3.4681 4.5055 4.6466 4.6494 4.5203 4.5628 4.5368 4.5092 4.5362 4.5390 4.5858 4.6951 3.5656 
6.8236 6.7193 5.9983 5.5412 5.0592 5.0267 4.9926 4.9727 4.6979 4.6792 4.5352 3.3901 4.3163 3.8413 4.6573 3.5217 4.1208 3.4642 4.5237 3.6090 4.0214 2.9950 4.0703 4.1421 4.0656 4.1786 4.0961 4.0104 3.8915 4.1241 4.2557 4.5567 3.7809 
6.7850 7.1081 6.1389 5.7002 5.5459 5.3099 5.1392 5.1670 4.6646 5.0231 4.8105 5.1268 4.9682 4.3455 3.8155 4.3659 4.1926 4.2769 3.6461 4.1104 4.6370 4.7495 4.3605 4.4847 4.0296 4.4505 4.2639 4.2964 4.3715 4.3233 4.4592 4.9615 3.6513 
6.4865 6.5734 5.0658 4.2499 4.4162 3.9138 3.4823 3.6311 4.1874 3.8653 2.5207 4.2438 4.4648 3.1709 4.3199 3.7310 3.5821 3.6569 4.1597 2.9812 4.1404 3.9116 2.0849 3.3155 3.5643 2.9058 2.6192 2.8910 3.2293 2.9511 3.3713 4.4276 3.4731 
6.4410 6.2661 5.0334 4.5542 4.1579 3.7763 3.8851 3.0949 4.3556 3.5591 3.1960 3.4676 4.6601 3.8914 3.7804 3.7758 3.8520 3.6788 3.6122 3.6218 4.3835 3.1180 2.6721 2.9784 3.6651 2.4663 2.9844 2.8847 3.0486 3.2104 3.2934 4.0594 3.0160 
6.2506 6.6503 6.1063 5.7642 5.5689 5.4811 5.4347 5.2363 5.2043 5.2365 5.1906 5.0283 4.5044 4.4885 4.5862 4.7546 4.7758 4.6743 4.4685 4.2430 4.1814 4.6401 4.7370 4.6844 4.5737 4.5072 4.5384 4.4673 4.4111 4.3950 4.4292 4.4874 2.8772 
7.0933 6.8606 5.9783 5.5319 5.1768 4.8737 4.6790 4.2592 4.5241 4.3519 4.4592 4.3242 4.1651 3.6265 4.2638 3.9969 3.9954 3.9433 4.1219 3.4437 3.9076 3.9662 3.9887 3.7977 3.8905 3.5201 3.8276 3.8596 4.0097 4.1194 4.2402 4.6572 3.9861 
5.8384 7.0631 6.4206 5.9397 5.5368 5.5170 5.3446 5.2017 5.3924 5.1325 4.9799 4.9550 4.9334 5.2227 5.1560 4.9970 4.9967 4.9398 5.0240 5.0266 4.6057 4.5518 4.5086 4.5862 4.7171 4.4844 4.4828 4.5029 4.3595 4.5212 4.6767 4.9079 2.1903 
6.6817 6.7396 5.1564 4.0884 4.6665 3.9985 3.6650 3.9563 4.2132 4.0067 3.6950 4.0214 4.6140 4.6685 4.4862 3.9419 3.9235 3.8487 4.3321 4.4845 4.3245 3.6489 3.2545 3.4751 3.5932 3.1836 2.8106 2.9353 3.4824 2.5660 3.3827 4.5700 3.6754 
6.3574 6.1245 5.2609 4.8874 5.0366 4.5778 4.6041 4.5725 4.1185 4.4318 4.2561 4.5107 4.5474 4.3365 4.1443 3.7022 3.7282 3.6400 4.0132 4.1071 4.2409 4.1236 3.8071 3.8686 3.4906 3.8272 3.7254 3.5646 3.8651 3.4813 3.5247 4.0027 3.0997 
6.1263 5.8650 5.5197 5.2182 5.1023 4.7650 4.4962 4.6435 4.8674 4.5321 4.4319 4.5823 4.4513 3.9403 2.5326 3.7817 3.7308 3.7009 2.3463 3.6794 4.1138 4.1959 3.9629 3.9937 4.1934 3.9378 3.6067 3.7612 3.9562 3.8741 3.8474 3.6345 2.9252 
6.6970 6.7963 5.9197 5.7329 5.5698 5.4665 5.2807 5.0471 5.1681 5.0417 5.0901 5.1028 4.9870 4.6680 4.9560 4.6171 4.5828 4.5507 4.7738 4.4805 4.6635 4.7166 4.6290 4.5016 4.5348 4.2887 4.4456 4.4524 4.4129 4.3597 4.1660 4.6085 3.4824 
6.9872 6.6855 6.0076 5.1355 4.8318 4.4996 4.5140 4.0964 4.1974 4.4422 3.1489 4.4872 4.1278 3.6945 3.9654 3.5103 3.6366 3.4528 3.7971 3.4915 3.8518 4.0908 2.7039 3.8806 3.5629 3.3562 3.6183 3.4766 3.6265 3.7159 4.2754 4.5140 3.8922 
6.3839 7.0538 6.2445 5.8278 5.5792 5.4651 5.3324 5.0782 4.9890 5.0013 4.9528 4.6387 4.7322 5.0679 5.0594 4.8667 4.6740 4.7773 4.9435 4.8632 4.4697 4.2691 4.4794 4.4639 4.3338 4.3299 4.4766 4.4508 4.4260 4.4573 4.5503 4.8910 3.1299 
6.5675 6.6294 5.2363 3.8778 3.7766 2.6185 3.9579 3.9739 4.1683 4.0358 4.0101 4.6274 3.8812 3.9749 4.3864 3.9667 3.9786 3.8985 4.2129 3.7293 3.5620 4.2543 3.5545 3.5044 3.5389 3.1591 3.0431 1.6878 2.5722 2.6230 3.4745 4.4721 3.5829 
6.4541 6.0335 5.3785 4.7554 4.6475 4.4520 4.4625 4.4975 4.4549 2.3492 3.6543 4.3515 4.5307 4.4121 3.5162 2.3030 2.4140 2.2445 3.4034 4.1594 4.2216 3.9829 3.1901 1.7858 3.7848 3.7207 3.5617 3.4375 3.4808 3.3668 3.6049 3.8959 3.1157 
5.5138 5.9129 5.8838 5.3992 5.0511 4.9742 4.8999 4.7299 4.5428 4.7653 4.5062 4.7202 4.9721 3.9262 4.0428 4.1743 4.0362 4.1140 3.9283 3.6532 4.6462 4.3773 4.0388 4.2111 3.9330 3.9990 4.0163 3.9626 3.8927 4.0001 4.1648 3.7159 2.4385 
6.8880 6.8282 6.1839 5.8384 5.6275 5.5255 5.4227 5.1707 4.9709 5.0133 5.0619 5.0813 4.6419 5.0589 4.7181 4.5480 4.4491 4.4897 4.5842 4.8470 4.3656 4.6923 4.5984 4.4746 4.3005 4.4550 4.5298 4.5114 4.4712 4.4602 4.5032 4.6311 3.6552 
6.7354 6.6200 6.0064 5.5344 5.2690 5.0667 4.9995 4.8703 4.8221 4.7587 4.8626 4.7254 4.5379 4.5629 4.6715 4.3473 4.4326 4.2576 4.5456 4.3549 4.2277 4.3816 4.4186 4.2043 4.1602 4.0990 4.1055 4.0512 4.0877 4.1175 4.2776 4.4680 3.6845 
6.5693 7.0123 6.0668 5.7443 5.5241 5.3316 5.1728 5.0736 5.1717 4.9729 4.9885 5.0651 5.0350 4.1730 4.5757 4.5610 4.5480 4.5017 4.4608 3.9759 4.7199 4.6726 4.5192 4.4318 4.5401 4.3293 4.3129 4.3189 4.3397 4.3733 4.3771 4.8182 3.4348 
6.5316 6.5088 4.5032 3.6128 4.0433 3.9359 3.8494 3.7011 3.8081 3.8472 4.1438 4.5525 4.4762 4.1177 3.9222 3.4485 3.4163 3.3594 3.7229 3.9400 4.1440 4.1620 3.6799 3.2900 3.1582 2.9473 2.9510 2.8874 2.8458 2.2754 2.5363 4.3086 3.5306 
6.4701 6.0084 5.4000 4.6938 4.5532 4.4381 4.2835 4.4755 3.9397 3.5203 3.5006 4.4690 4.8227 4.5897 3.1070 3.2188 3.0595 3.1386 2.9653 4.3857 4.5299 4.0757 3.0479 2.9975 3.2704 3.6959 3.4470 3.4323 3.4000 3.3107 3.6468 3.8243 3.1213 
4.7991 5.8910 5.8186 5.2984 5.1368 5.0679 4.9410 4.6618 4.7103 4.6170 4.5998 4.5541 4.6071 4.1435 4.3382 3.9398 4.0528 3.8462 4.1678 3.9606 4.3152 4.1642 4.1389 4.0710 4.0795 3.9457 4.0401 4.0562 3.9825 3.9409 4.1224 3.6999 1.9175 
6.8180 6.7571 6.1002 5.7548 5.5909 5.4687 5.2789 5.2059 4.9833 5.0696 5.0179 5.0314 4.6505 4.9399 4.8371 4.7057 4.6934 4.6432 4.6712 4.6726 4.3790 4.6441 4.5503 4.5275 4.3220 4.4853 4.4443 4.4545 4.4430 4.3835 4.4314 4.5751 3.6141 
6.7701 6.5912 5.9822 5.4819 5.0257 5.0100 4.9526 4.9160 4.5863 4.4999 4.5552 4.1014 3.3494 4.4757 4.6353 4.3563 4.3044 4.2678 4.5063 4.2258 3.0452 3.7188 4.0908 3.9610 3.9642 4.1326 4.0470 3.9943 3.8413 4.0533 4.2394 4.4445 3.7044 
6.5565 7.0102 6.0699 5.7549 5.4914 5.2995 5.1856 5.0092 5.0123 4.9051 4.7434 4.7397 5.3403 4.8699 4.2631 4.5503 4.4992 4.4918 4.1242 4.6277 5.0447 4.4022 4.2955 4.3442 4.3706 4.2356 4.3359 4.2869 4.2852 4.3875 4.3768 4.8157 3.4174 
6.5647 6.5147 4.6231 3.5725 2.8855 3.1312 2.9156 3.3915 3.5685 3.9707 3.2850 3.5595 4.4742 4.5109 3.8375 2.8671 1.9247 2.7456 3.6533 4.2851 4.1450 3.1993 2.7983 3.4349 2.9733 2.6501 2.0184 2.2476 1.9670 2.0658 2.7240 4.3190 3.5578 
6.3514 6.0438 5.1685 4.5176 4.1688 3.6505 3.8774 3.6615 3.9901 3.9895 3.3894 2.5375 4.2192 4.4876 3.9748 3.5230 3.7186 3.4650 3.8079 4.2361 3.9564 2.0644 2.9369 3.4492 3.3259 2.9482 2.9918 2.6340 3.0194 3.0946 3.4500 3.8861 3.0071 
4.5865 5.9161 5.7809 5.4716 5.2368 5.0083 4.9210 4.7776 4.8912 4.6622 4.6332 4.5424 3.5789 4.8147 4.4112 4.4552 4.4003 4.3701 4.2319 4.5915 3.3199 4.1554 4.1641 4.1183 4.2165 4.0354 4.0295 3.9969 4.0685 4.0538 4.0905 3.7192 0.6080 
6.9638 6.8033 6.1425 5.8286 5.6091 5.4384 5.2761 5.1326 5.1372 5.0530 4.7847 4.8219 4.9895 4.8251 4.7776 4.6082 4.5591 4.5433 4.6315 4.6002 4.6648 4.4686 4.3368 4.5117 4.5086 4.4095 4.4422 4.4256 4.4571 4.4563 4.4700 4.6099 3.7365 
6.5619 6.6330 6.0664 5.5781 5.4099 5.1713 5.0476 4.8230 4.5939 4.8844 4.2441 4.8216 4.1268 4.2753 4.5079 4.4854 4.3579 4.4244 4.3661 4.0619 3.8434 4.4680 3.7916 4.3254 3.9720 4.0652 4.1587 4.1567 4.1904 4.1623 4.3737 4.4833 3.5372 
6.6263 6.9503 5.9410 5.5453 5.2651 5.1422 5.0075 4.9840 4.4730 4.5408 4.3231 4.3025 4.8711 4.8687 3.2967 4.1978 4.2051 4.1370 3.1388 4.6286 4.5668 3.9498 3.8736 4.0007 3.8022 4.1946 4.1156 4.1283 4.0862 4.1350 4.1905 4.7370 3.5214 
6.3149 6.4551 4.9623 3.9929 3.7881 3.4952 3.6556 3.1426 2.9268 2.9840 3.3825 3.8451 4.5262 4.5056 4.2302 3.4928 3.5695 3.4399 4.0905 4.2698 4.2105 3.4894 2.9498 2.4757 2.1870 2.4610 2.8443 2.5197 2.6303 2.5369 3.1378 4.2430 3.3347 
5.9929 5.9738 4.4892 3.2336 3.9225 3.5310 3.3997 3.4904 3.2122 1.4776 3.0281 2.5707 4.6395 4.1307 3.3655 3.1185 3.1374 3.0609 3.1769 3.9446 4.3699 2.2115 2.5946 1.1984 2.5363 2.7626 2.5698 2.5873 2.7687 2.1221 2.7446 3.7565 2.4966 
5.6139 5.8328 5.6762 5.4181 5.1106 4.9375 4.8327 4.7358 4.7253 4.4802 4.4499 4.3356 4.4170 4.2035 4.4477 4.3615 4.2985 4.2729 4.2644 4.0103 4.0931 3.9713 3.9790 3.9433 4.0901 4.0053 3.9746 3.9277 3.9577 4.0108 3.9972 3.6483 2.3062 
6.6192 6.4735 5.6804 5.3803 4.8188 4.9407 4.8112 4.8690 4.7204 4.5616 4.6003 4.6043 4.5534 4.3267 4.1205 3.7475 4.0937 3.6665 3.9922 4.0995 4.2464 4.2223 4.1414 4.0182 4.0859 4.0995 3.9606 3.9297 3.6262 3.9820 3.9991 4.2329 3.4606 
6.0870 5.8369 5.0775 4.6972 4.5250 3.8522 4.2268 4.0365 3.9789 3.7144 4.0775 4.6189 4.5430 3.9925 4.3461 2.5048 3.5772 2.4429 4.1739 3.7568 4.2315 4.2406 3.6189 3.1581 3.3246 3.2835 3.3840 2.8567 3.3422 3.3212 3.3964 3.6480 3.0217 
4.1645 5.5087 4.9793 4.7413 4.2440 4.0334 4.2023 4.1738 4.2532 2.9110 4.0018 4.0618 4.0422 3.8792 4.1413 3.7645 2.2269 3.6794 4.0100 3.6380 3.7376 3.6722 3.5372 2.3813 3.6100 3.4601 3.3616 3.0322 3.0594 3.3779 3.2694 3.3531 1.0716 
5.2937 5.4337 4.7252 4.6167 4.4125 4.5290 4.4697 4.0288 1.9140 3.7400 4.1655 4.5620 4.0098 3.1211 3.9013 3.7684 4.0695 3.6913 3.7199 2.9427 3.6868 4.1703 3.7193 3.1824 1.3839 3.2666 3.5704 3.5200 3.1880 3.2270 3.0444 3.2168 2.1301 
4.9412 4.1588 3.1247 4.3184 4.5714 4.4012 4.0803 4.0261 3.7795 3.5574 3.0985 3.7711 2.6479 3.4601 3.8463 3.7624 3.1416 3.6788 3.6754 3.2117 2.3884 3.4332 2.6347 3.0159 3.1280 3.2664 3.1968 3.3867 3.4254 2.9497 1.4756 1.9611 1.7603 
3.3667 2.7067 3.9539 4.3255 4.0194 4.1063 4.3272 4.4765 4.5230 3.8748 3.3520 4.0099 4.0084 4.0147 3.5143 2.7609 3.5133 2.6708 3.3841 3.7858 3.6911 3.6223 2.9157 3.3080 3.8938 3.6928 3.4678 3.0877 2.8545 2.9469 2.2420 0.5831 0.0555 
2.5424 3.8402 3.9635 3.8832 4.0754 4.3663 4.4047 4.9803 4.4435 3.3064 3.6709 4.0688 4.1301 4.0162 3.7577 3.6990 3.0717 3.6337 3.6176 3.7878 3.8569 3.6786 3.2235 2.7526 3.7536 4.1925 3.5135 3.3629 2.9298 2.4721 2.2488 1.6433 -0.7828 
1.6851 4.6130 3.4824 3.5345 4.5378 4.5695 4.1724 3.4555 4.0711 4.4929 4.0996 3.8140 4.3523 3.5871 3.6535 3.2346 2.9156 3.1542 3.5240 3.4034 4.0465 3.4606 3.6362 3.9578 3.4517 2.6497 3.3248 3.5530 3.3787 2.1148 1.7763 2.4475 0.4205 
4.1607 4.0156 4.3922 3.2254 3.1768 4.1712 4.5922 4.5449 4.3392 4.2670 4.1569 4.4269 3.9638 3.5545 3.2968 3.6525 2.7132 3.5863 3.1432 3.3551 3.6371 4.0285 3.6941 3.7142 3.6678 3.7867 3.7150 3.1621 2.0100 1.8629 2.6721 1.8714 1.0282 
3.5143 3.2481 4.0481 4.0518 3.9523 4.2720 4.6606 4.3112 4.6410 4.1903 4.5092 3.9123 3.5709 2.8062 2.9703 2.4429 2.6268 2.3582 2.8298 2.5826 3.2803 3.5120 4.0421 3.6475 4.0118 3.5511 3.7976 3.2661 2.7260 2.6409 2.3936 1.0949 0.3336 
2.7217 4.2486 3.8470 4.6614 4.3673 4.2368 5.0997 5.0986 4.6680 4.0702 4.0232 4.5275 3.9197 3.2012 3.4519 3.5242 3.6434 3.4655 3.2810 3.0001 3.5901 4.1396 3.5640 3.5293 4.0360 4.3599 4.2213 3.2396 3.1490 3.2776 2.1691 2.0692 -0.4684 
4.1612 3.7023 3.7771 4.2950 3.8018 4.0382 3.0227 4.6185 4.5015 4.9560 4.1347 3.6512 3.5312 3.6395 3.9227 3.1425 3.9430 3.0748 3.7400 3.4534 3.2268 3.2845 3.6583 4.3993 3.8588 3.8954 2.1306 3.0252 2.6176 2.9309 2.0909 1.5309 1.0629 
1.9253 4.3181 4.1134 4.3443 2.9268 3.7508 2.5962 4.5989 4.9460 4.6167 4.1826 4.1992 2.1863 3.7680 3.7197 3.6051 3.4514 3.5397 3.5832 3.5531 1.9545 3.8492 3.7295 4.0698 4.2645 3.8738 1.7400 2.7321 1.6728 2.9617 2.4605 2.1374 -2.9184 
4.2316 4.2624 3.7062 4.2256 4.3258 4.4619 3.2370 4.4725 3.4580 4.3229 3.6681 3.9879 2.0490 3.8685 4.0045 3.4567 3.1014 3.3829 3.8629 3.6300 1.7709 3.5970 3.2082 3.7666 2.7946 3.6854 2.3860 3.4491 3.1320 2.8661 1.9986 2.0641 0.9677 
4.3064 3.5338 4.4498 4.6899 3.4113 4.0657 3.7020 4.0358 4.1259 2.6084 3.3680 3.8772 3.2277 3.5556 2.9952 3.1739 3.5364 3.1128 2.8639 3.3504 2.9576 3.4962 2.9196 2.0738 3.4956 3.2887 2.8567 3.0508 2.2216 3.3096 2.7482 1.2904 1.2819 
3.6681 4.0411 3.4894 4.0007 4.3889 4.6235 4.5464 4.8077 3.3911 4.0849 3.5659 3.5368 3.4608 3.6397 3.6033 2.9713 3.5074 2.9142 3.4749 3.4531 3.1404 3.1442 3.1041 3.5405 2.7075 4.0544 3.6572 3.6133 3.1799 2.5918 1.8096 1.8828 0.6613 
2.7473 4.0679 3.8903 3.7563 3.9938 3.6469 4.0033 3.4498 2.9465 2.9016 3.3499 3.1543 3.3555 3.5677 3.1212 2.7674 2.4255 2.6793 2.9869 3.3721 3.0450 2.8118 2.9010 2.3339 2.2684 2.6499 3.1192 2.6319 2.8138 2.3995 2.1618 1.9271 -1.3163 
5.0770 5.3430 5.4986 5.4306 5.1773 5.0035 4.7522 5.1295 5.1660 4.6568 4.5804 4.5634 3.9681 3.8808 4.1224 4.6626 5.0355 4.5964 3.9961 3.6338 3.6493 4.1686 4.1169 4.1074 4.5308 4.4089 3.9188 3.9895 4.0171 4.0139 3.8027 3.1382 1.8798 
5.6781 5.1858 5.1047 4.1530 4.7019 4.5636 5.0750 5.1163 4.2179 5.6558 4.1898 3.2141 4.0843 3.7606 3.4340 4.0369 3.5132 3.9800 3.2490 3.5478 3.7910 2.8787 3.7184 5.1096 3.5999 4.3855 4.1885 3.5503 3.5398 2.7687 3.4400 3.0102 2.5054 
5.4493 5.4696 4.8044 5.0016 4.7460 4.7039 5.0093 4.7495 5.0197 4.7370 4.3269 4.0447 4.2885 4.3827 4.4680 2.9285 4.1303 2.8416 4.2989 4.1424 4.0070 3.6557 3.8840 4.1818 4.3842 4.0100 4.1206 3.6921 3.5744 3.5876 3.1118 3.2722 2.4055 
4.6132 6.1615 5.9419 5.6176 5.4396 5.2459 5.0618 4.1842 4.2465 5.2656 4.9909 4.8150 4.6666 4.5795 4.3699 4.5680 4.4130 4.5070 4.1974 4.3797 4.4048 4.4638 4.5203 4.7151 3.5891 3.4837 4.1663 4.2311 4.2178 4.2107 4.2253 4.0107 1.4626 
6.6733 6.0680 6.5249 5.9644 5.6626 5.4763 6.1340 6.5216 5.7829 6.4858 5.0770 5.0074 5.0078 5.2587 4.4483 4.8419 4.7241 4.7533 4.2758 5.0508 4.6859 4.6125 4.6047 5.9351 5.1505 5.7421 5.2586 4.4623 4.4983 4.5391 4.8437 3.8464 3.6451 
6.1224 5.2275 6.7607 5.1537 5.1824 5.0931 6.1813 5.6509 5.1673 6.2942 4.3757 3.6121 5.0013 4.4922 3.6833 3.0039 2.7945 2.8730 3.5212 4.2308 4.6716 3.2978 3.8728 5.7389 4.5479 4.9315 5.3158 4.1011 4.0262 3.6561 5.0826 3.3242 2.7470 
6.4248 5.7126 6.7003 5.8925 5.6042 5.5688 5.8809 4.9384 4.5189 4.6066 4.9077 4.8915 4.8600 4.7110 4.6324 4.5903 4.5311 4.5278 4.5051 4.5163 4.5554 4.5108 4.4554 4.0640 3.8835 4.1406 5.0085 4.5560 4.4586 4.4859 5.0370 3.4051 3.0476 
6.2593 5.3648 6.7866 6.0670 5.5314 5.5324 5.4099 4.6065 4.7390 5.2963 4.6860 4.4883 4.8222 4.5966 4.5905 4.5718 4.5517 4.5107 4.4707 4.4041 4.5296 4.0926 4.2315 4.7424 4.1015 3.8812 4.5246 4.5228 4.3639 4.6565 5.1012 3.4095 2.9466 
5.9242 5.5901 6.3805 5.6803 4.9786 4.7223 5.5158 5.0188 5.0370 4.3662 4.7602 4.5877 4.5187 4.4805 4.4779 4.3002 4.2949 4.2142 4.3171 4.2341 4.1984 4.2049 4.3136 3.7992 4.4106 4.2575 4.6285 3.7394 3.7939 4.3026 4.6654 3.4801 2.7732 
5.9886 5.9802 6.3743 5.7209 5.1783 4.9545 4.8458 4.6128 2.9735 4.6299 4.0017 4.1113 2.9238 4.0963 3.6361 3.9581 3.6444 3.8826 3.5017 3.9106 2.5842 3.7337 3.5330 4.0884 2.4322 3.8984 3.9979 3.9212 4.0352 4.3807 4.6561 3.7981 3.0014 
6.0575 5.8213 6.3115 4.8388 4.1436 4.1728 5.0087 4.5035 4.0735 4.7144 3.9179 2.8717 4.4920 3.4403 3.4745 3.6856 3.1426 3.6175 3.3296 3.1762 4.1634 2.5284 3.4428 4.1703 3.4386 3.7449 4.1185 3.1157 2.9232 3.3609 4.6245 3.6465 3.0787 
6.0374 6.1330 6.5899 5.5575 5.1184 5.0504 4.3653 4.3239 3.9905 4.2270 3.9871 4.2447 4.2750 3.4732 3.8444 3.6127 3.6780 3.5435 3.6740 3.2195 3.9905 3.9110 3.5208 3.6971 3.3490 3.5614 3.4643 4.0253 3.9501 4.1071 4.9400 3.9812 3.1242 
5.4026 6.1583 6.5705 6.1747 5.5525 4.4219 5.5217 5.1264 4.9980 5.2870 4.8713 4.7136 4.3778 4.6260 4.5811 4.4144 4.3601 4.3203 4.4633 4.4450 4.0676 4.3620 4.4228 4.7334 4.3480 4.3988 4.6331 3.4475 4.3899 4.7654 4.9220 3.9913 2.5875 
5.5705 6.5112 6.3978 6.2042 5.2878 5.7089 5.1164 4.8917 4.7771 4.7988 5.0936 4.9954 4.6989 4.5474 4.5786 4.4677 4.4691 4.3932 4.4613 4.3333 4.4483 4.6022 4.6313 4.2537 4.1288 4.1166 4.2267 4.6990 4.1063 4.8295 4.6860 4.3420 2.1074 
6.1330 6.6213 6.6448 6.2572 4.1456 5.3827 5.3039 4.1192 4.9542 4.7310 4.2832 4.0968 3.7335 3.0152 3.4697 2.9568 3.3682 2.8881 3.3108 2.8022 3.4678 3.7155 3.8348 4.1758 4.2763 3.4141 4.4587 4.3727 2.9396 4.8838 4.9786 4.4918 2.9858 
6.2055 6.6202 6.5960 6.1442 5.4216 4.7862 5.0728 4.4542 4.8461 4.7279 3.9178 4.3948 4.4980 4.0637 4.1515 3.4115 3.0189 3.3093 4.0185 3.8629 4.1727 4.0109 3.4533 4.1752 4.1786 3.6548 4.1848 3.7710 4.1971 4.7372 4.9307 4.4905 3.1286 
6.1760 6.6695 6.5627 6.2792 5.5303 4.8647 5.0428 4.6330 3.0122 4.9827 4.5333 4.6027 4.5866 4.4721 4.1266 4.0304 4.0801 3.9726 3.9981 4.2178 4.2916 4.2210 4.0644 4.4473 2.3145 3.9082 4.1568 3.8606 4.3359 4.9141 4.8804 4.5232 3.1816 
6.0527 6.8244 6.4775 6.0823 5.5505 4.4598 4.6089 3.8583 4.2123 4.7958 4.2048 3.3481 2.9388 2.9978 2.3263 2.2414 2.9820 2.1540 2.1651 2.7640 2.6126 2.9740 3.7470 4.2405 3.5860 3.0815 3.7309 3.4424 4.3751 4.6698 4.7336 4.6536 3.1574 
6.1126 6.8427 6.6408 6.3079 6.0368 5.4779 3.9521 3.9941 4.8842 5.2050 4.0381 4.3653 3.4543 2.9886 3.9334 3.4504 3.3199 3.3714 3.7482 2.7473 3.1320 3.9905 3.5648 4.6628 4.2120 3.2215 3.0404 4.4594 4.8523 4.9455 4.9733 4.6661 3.1888 
6.1910 6.9133 6.6800 6.5157 5.9927 5.4755 4.9853 5.0110 4.7824 4.9359 4.1672 4.4658 4.5433 4.5353 4.7078 4.4613 4.4866 4.3798 4.5763 4.3160 4.2356 4.0654 3.7127 4.3736 4.1342 4.2373 4.0856 4.4606 4.7767 5.0997 5.0034 4.7151 3.3004 
6.5634 6.8483 6.6138 6.5104 6.2994 5.7416 5.3667 5.0373 5.0765 4.9476 4.6787 4.9605 4.9626 4.7139 4.8037 4.7025 4.6667 4.6400 4.6546 4.5178 4.6335 4.5579 4.2295 4.3837 4.4592 4.2776 4.4957 4.7243 5.1160 5.0968 4.9522 4.6652 3.5463 
6.7387 6.8301 6.6898 6.3569 6.3614 6.0580 5.8271 5.5645 5.5134 5.5281 5.3304 5.0593 5.0145 5.0071 5.1744 5.1095 5.0490 5.0453 5.0467 4.7705 4.6926 4.6690 4.8844 4.9893 4.8695 4.8108 4.9765 5.0440 5.1674 4.9796 5.0125 4.6518 3.6762 
7.1300 6.8005 5.9024 5.9765 6.0500 5.9690 5.6333 5.4056 5.2439 4.6375 4.5608 4.6077 4.8252 4.6958 4.7564 4.5268 4.4647 4.4704 4.6154 4.5045 4.5318 4.2282 4.0951 4.0887 4.6042 4.6261 4.7559 4.9563 4.8817 4.5620 4.1623 4.5995 3.9862 
7.2126 6.8823 6.0030 5.9535 5.9758 5.9436 5.3616 5.0980 5.0110 4.9012 4.4554 3.6470 4.4888 4.5174 4.4202 4.5054 4.3923 4.4515 4.2391 4.2891 4.1636 3.2780 3.9822 4.3373 4.3699 4.3599 4.4893 4.9328 4.7593 4.5371 4.2712 4.6617 4.0521 
7.1398 6.8221 6.2230 5.9976 5.7729 5.3139 5.4931 5.5994 5.3194 5.2014 5.2192 5.1674 5.0691 5.0390 4.9831 4.9627 4.9521 4.8771 4.8212 4.8171 4.7672 4.7967 4.7700 4.6624 4.6629 4.8623 4.6009 4.3036 4.5968 4.5865 4.5371 4.6247 3.9832 
7.0508 6.7459 6.4369 5.9750 6.0070 5.9625 5.6199 5.3556 5.0266 5.1725 5.4747 5.2428 5.1881 5.1679 5.0464 5.0001 4.9549 4.9443 4.9248 4.9778 4.9411 4.8998 5.0040 4.6337 4.3961 4.5903 4.7390 4.9491 4.8132 4.5590 4.6983 4.5683 3.8842 
6.7855 6.5404 6.2306 6.1571 5.7389 5.4469 5.2296 5.3150 5.3575 5.4081 5.0741 4.6684 4.4934 4.5501 4.7001 4.6707 4.5882 4.6098 4.5708 4.3366 4.1657 4.3083 4.6088 4.8483 4.6859 4.5633 4.3868 4.4323 4.5630 4.7658 4.5497 4.3532 3.6199 
6.5560 6.3957 6.3920 4.9201 5.2602 4.3490 4.7580 4.6728 4.7802 5.1180 4.5741 4.4521 4.3635 4.4947 4.3368 4.3769 4.3662 4.2858 4.1685 4.2523 4.0558 4.0474 4.1130 4.5726 4.1383 3.9622 3.9220 3.3361 4.0764 3.5593 4.6686 4.1760 3.4193 
6.4218 6.1974 6.4514 5.1289 5.6092 5.5527 5.5220 5.2405 5.1255 4.9113 5.0862 5.0025 4.7944 4.7744 4.6711 4.6626 4.5746 4.5954 4.5461 4.5611 4.5113 4.6098 4.6261 4.3518 4.4993 4.5103 4.6340 4.5422 4.4592 3.6785 4.7214 4.0147 3.1784 
5.8247 5.8302 6.0495 5.8405 5.7235 5.5557 5.4663 5.2339 5.0765 4.9996 4.9982 4.9118 4.7978 4.8324 4.7081 4.7059 4.6989 4.6436 4.5767 4.6054 4.5138 4.5219 4.5312 4.4628 4.4596 4.5069 4.5652 4.5453 4.5657 4.4635 4.3894 3.6316 2.6871 
4.0621 6.0120 5.7726 5.7842 5.0156 4.7679 4.6840 4.7831 4.3478 4.1785 4.6733 4.5018 4.5188 4.4890 4.1021 4.1098 4.0641 4.0449 3.9767 4.2448 4.2021 4.1132 4.2225 3.6570 3.6707 4.0389 3.8527 3.7541 3.8920 4.4422 4.0437 3.8848 2.0831 
4.3215 6.1668 5.9428 5.5249 4.5685 4.3537 4.0708 4.1025 4.2835 4.6885 4.1651 3.7809 3.4838 3.6962 4.0124 3.1475 3.4526 3.0818 3.8707 3.5094 3.1514 3.4323 3.6980 4.1533 3.6409 3.3820 3.1831 3.3786 3.3366 4.1426 4.1877 4.0374 1.5249 
5.1156 6.1528 5.6858 5.4460 5.0593 5.2477 5.0410 4.7181 4.8119 5.0965 3.2381 4.0611 3.9378 4.0043 4.1380 3.5963 3.5649 3.5268 4.0030 3.7788 3.5986 3.6682 2.8823 4.5506 4.1569 3.9942 4.1564 4.2365 3.9192 4.0445 4.0028 4.0212 1.4172 
5.9549 6.0947 6.1121 5.6938 4.3719 4.9215 3.9595 3.7474 4.0089 4.6556 4.0324 1.6718 3.6459 3.4906 3.2722 1.9459 3.3308 1.9406 3.1337 3.2487 3.3891 1.0861 3.5632 4.1128 3.3942 3.0324 3.0733 3.9274 3.1496 4.3058 4.4480 3.9866 2.5767 
5.8674 6.2470 6.3513 6.1046 5.0545 4.9640 4.4848 3.8998 3.9699 3.9369 4.1721 3.8634 3.7501 3.9685 3.1444 3.4069 3.6943 3.3156 3.0128 3.7180 3.4782 3.4882 3.7191 3.3833 3.3095 3.1196 3.5936 3.9499 3.8955 4.6915 4.6527 4.1058 2.7044 
5.5964 6.3749 6.5485 6.1454 4.5636 4.9844 4.5286 4.2004 3.1524 3.8142 4.1788 3.7184 3.8367 3.9019 4.1000 3.7153 3.6344 3.6476 3.9764 3.6492 3.5334 3.3736 3.7249 3.2544 2.5282 3.4813 3.6479 3.9738 3.4363 4.7385 4.8656 4.1647 2.7448 
6.2750 6.1583 6.2139 6.1417 5.3444 4.9612 4.6677 4.6865 4.6353 4.6787 4.4819 4.2734 4.1975 4.2301 4.4550 4.1898 4.0854 4.1284 4.2774 4.0274 3.9460 3.9371 4.0119 4.1432 4.0037 3.9687 3.8055 3.9439 4.1451 4.7323 4.5565 3.9835 3.2826 
6.4127 6.0665 5.7169 5.7959 4.5074 4.5451 4.0862 4.1251 4.2763 4.1614 4.1549 3.9681 3.5315 3.7471 3.4003 3.4397 3.2791 3.3514 3.2205 3.5369 3.2228 3.5687 3.6899 3.6225 3.6340 3.4104 3.2062 3.5243 3.2954 4.4236 4.0709 3.8952 3.3821 
6.4881 6.1560 5.9998 5.5999 5.2437 5.0605 4.9076 4.8542 4.5587 5.1400 4.3190 4.1684 4.1552 3.9496 3.9316 4.0852 4.1240 4.0234 3.7514 3.6851 3.8894 3.8214 3.8584 4.5948 3.9492 4.0937 4.0253 4.0544 4.0760 4.1770 4.3037 3.9762 3.4480 
6.5723 5.8952 6.2736 5.7826 5.5879 5.3320 4.6105 4.8058 4.3450 4.5357 4.2683 4.2007 4.1671 4.0101 3.9547 4.0586 3.9904 3.9994 3.7827 3.7834 3.9217 3.8564 3.8230 3.9961 3.6829 4.0584 3.7477 4.3252 4.4492 4.4090 4.5916 3.6277 3.4546 
