1.4507 3.2662 4.1838 3.6985 3.6514 3.7365 2.9779 3.6834 3.5220 3.7021 3.7062 3.0864 3.1699 2.7863 2.1373 2.7130 2.8043 2.6577 1.9687 2.5764 2.8282 2.6990 3.2209 3.1412 2.8576 2.8705 2.1258 2.6922 2.3985 2.2227 2.4063 1.1157 -1.0130 
4.4475 3.0684 2.9217 3.7305 3.5307 3.0832 3.4240 3.3996 3.2057 3.5617 3.9005 2.9944 2.8492 2.7123 3.3704 2.8192 1.5642 2.7502 3.2370 2.4777 2.5693 2.6464 3.4156 2.9985 2.5346 2.6614 2.5652 2.0423 2.3153 2.2749 1.2296 0.6561 1.1888 
4.7813 3.9680 3.8540 4.2559 3.7215 3.1526 3.7592 3.6184 3.0933 2.0101 3.0167 3.6964 3.4408 3.3125 3.4011 2.6664 0.5358 2.5791 3.2722 3.1091 3.1806 3.2815 2.5663 1.4381 2.3960 2.8216 2.8495 2.1255 2.4754 2.8025 2.1506 1.6809 1.4971 
1.7114 3.1892 3.6360 3.2776 3.9227 2.7424 3.2334 3.5936 3.4216 3.2707 3.2799 1.6171 2.7022 2.8753 1.9891 1.8181 1.8101 1.7510 1.8308 2.6804 2.3705 1.1862 2.8016 2.7178 2.7709 2.8069 2.3307 1.7001 2.7322 1.8367 1.8618 0.9180 -0.7268 
3.4533 4.5995 4.7416 4.5318 4.7288 4.3329 3.8437 3.7636 3.9746 4.2400 4.2249 3.4831 1.7418 2.5203 3.0291 2.8183 2.9131 2.7516 2.8700 2.2841 1.4353 3.1266 3.7393 3.6895 3.3240 2.9776 2.9342 3.2876 3.4696 3.1378 2.9642 2.3553 -0.3487 
4.7275 3.6666 3.4588 3.5242 3.5504 2.7914 3.0230 1.5240 2.3614 3.2471 2.8026 1.8800 2.2984 2.2098 2.8464 2.7299 2.5380 2.6719 2.7144 1.9814 2.0073 1.5099 2.3299 2.6927 1.7255 0.7102 2.1506 1.7595 2.3301 2.1282 1.7258 1.3046 1.4024 
3.8791 3.1954 2.7170 2.9390 2.8699 2.9244 3.0641 1.5900 3.0776 3.2977 1.8475 2.3080 2.4853 2.6876 2.3380 1.8655 1.4641 1.7960 2.2009 2.4310 2.1957 1.9092 1.3836 2.7381 2.3929 0.8203 2.1788 1.8735 1.6765 1.5607 0.9699 0.8337 0.5926 
4.7998 4.2568 3.8064 3.3570 2.9189 2.6513 2.9856 3.5105 3.1138 3.0377 3.0096 2.6613 2.7646 2.7596 2.5861 2.2147 2.6855 2.1609 2.4007 2.5426 2.4550 2.2435 2.5501 2.4669 2.4120 2.7493 2.1253 1.6156 1.7237 1.9168 2.0919 1.9624 1.5677 
3.5759 3.3930 3.2477 2.3434 3.2104 2.0426 2.4523 3.3329 3.3508 2.8655 3.1050 3.2423 2.3932 2.4187 2.0755 2.1112 0.3316 2.0141 1.8864 2.2119 2.1330 2.8424 2.6500 2.3062 2.7050 2.5859 1.5996 0.9851 1.9787 0.9176 1.5095 1.1527 0.1772 
-1.2402 1.7214 3.4473 2.8801 2.1025 1.9894 3.2455 3.4077 3.1065 3.2237 2.4989 2.1683 2.4021 2.6834 2.2661 1.9714 2.0424 1.8916 2.1401 2.4300 2.1416 1.7713 2.0293 2.6714 2.4128 2.6743 2.3380 0.9413 0.8407 1.4667 1.7231 -0.2914 -2.0143 
3.9160 3.3911 2.7228 2.7970 3.1521 3.1377 3.0208 3.2065 2.6114 3.2574 3.2200 2.6701 2.1692 1.0733 2.1729 1.7067 0.6614 1.6421 2.0189 0.7972 1.8333 2.2554 2.7379 2.7040 1.9192 2.3995 2.1476 2.1067 1.9000 1.3555 0.9686 1.1226 0.6565 
2.9139 3.1136 3.7893 3.7283 3.0135 3.2440 3.5082 3.5949 3.4129 3.3916 2.2634 2.9631 3.1239 2.9651 2.8012 1.5857 1.4159 1.4789 2.6756 2.7523 2.7934 2.6171 1.7760 2.8324 2.7667 2.8068 2.6496 2.2011 1.7823 2.2689 2.0838 0.8631 -0.2340 
3.6811 3.6434 3.7548 3.3393 2.9740 2.4709 3.4626 3.0885 1.7933 3.1287 1.3686 2.1449 2.4279 1.6369 2.2788 0.3847 0.9237 0.2837 2.1559 1.3737 2.1565 1.7331 0.9074 2.5527 1.1429 2.2934 2.6017 1.4356 1.7602 1.8978 2.0063 1.3761 0.2792 
3.9780 3.2085 2.7581 2.0191 1.2172 2.1448 3.2835 2.8779 2.3531 2.4309 2.7972 2.5183 2.4986 1.6858 2.3487 2.6265 2.6223 2.5325 2.2142 1.4609 2.2043 2.1479 2.3276 1.8703 1.6928 2.1514 2.3639 1.1242 0.0354 0.6108 1.0505 0.8854 0.7167 
3.0800 2.4811 3.1194 2.7168 1.6210 2.7045 3.4563 3.6946 3.3746 2.3541 1.9490 2.2374 1.7136 1.4994 2.3298 1.1172 1.2253 1.0341 2.1953 1.2604 1.4001 1.8368 1.4919 1.7970 2.7224 2.8759 2.5980 1.6665 0.4399 1.2551 1.3518 0.2649 -0.1785 
3.3487 2.1919 3.4313 2.6905 2.1140 2.4815 3.1929 3.0290 2.5491 3.1142 2.4529 2.6522 2.2266 2.2628 2.6602 2.1962 1.6245 2.1381 2.4814 2.0591 1.9118 2.2370 1.9914 2.5379 1.8617 2.2511 2.2719 1.4505 0.8475 1.2335 1.7130 -0.1644 0.1441 
1.9377 0.0480 1.7818 1.8705 1.6675 2.2741 3.2160 3.4952 2.8789 0.9342 2.5880 2.5916 2.1458 2.2954 2.0030 2.1424 1.3695 2.0579 1.8337 2.1077 1.8073 2.1951 2.1299 0.3080 2.2312 2.7353 2.3019 1.2322 0.4453 0.4636 0.0960 -1.8946 -1.5054 
0.7267 3.2962 3.5258 2.7854 2.2791 2.3767 2.9402 2.3379 2.3524 3.2067 2.2435 2.3456 2.4094 2.2033 1.8257 1.8162 1.4920 1.7495 1.6927 1.9693 2.1438 1.9572 1.7642 2.6545 1.7027 1.6097 2.0773 1.3360 1.0972 1.3259 1.7796 1.1012 -1.0565 
2.5753 2.2286 1.9901 2.3534 2.5872 2.4406 3.1536 3.1697 2.5609 1.7418 2.2799 2.8190 2.4478 2.2544 1.5710 2.1230 -1.6742 2.0240 1.3862 2.0428 2.1678 2.4290 1.8114 1.1850 1.8614 2.3537 2.2255 1.4067 1.3431 0.9305 0.2443 0.0322 -0.8121 
3.9248 3.3659 2.7411 2.2463 2.7909 2.6820 3.1511 2.7714 2.4751 2.5840 1.8329 1.0321 1.9488 2.2763 1.7361 2.0658 2.4262 1.9768 1.6138 2.0774 1.6645 0.6322 1.3561 2.0086 1.8064 2.0063 2.2268 1.6462 1.6090 0.8015 0.9959 1.1117 0.6928 
3.4779 2.7775 3.2566 3.1709 2.5987 1.8332 3.3211 2.6392 2.1554 2.9374 2.6657 1.9279 1.9273 2.1574 1.6956 1.6531 1.3847 1.5956 1.5648 1.9033 1.6511 1.5737 2.1811 2.3693 1.4813 1.8191 2.4148 0.8212 1.3372 1.7065 1.5279 0.5457 0.2204 
2.5920 2.5305 1.7620 2.2547 1.2682 2.3342 2.8383 3.0568 2.4719 2.8200 2.2762 1.4517 1.6623 1.3813 1.8096 2.0562 1.8183 1.9628 1.6760 1.1710 1.3339 1.0912 1.7986 2.2593 1.8167 2.2733 1.9411 1.2919 0.0324 0.8051 0.0633 0.2609 -0.6974 
2.3666 2.4578 2.4298 2.1769 1.6698 1.7351 2.1582 2.7548 1.9841 2.3444 1.9715 1.8980 2.3011 1.7862 1.8163 1.8459 1.9798 1.7859 1.6815 1.5982 2.0084 1.5481 1.5037 1.7842 1.3018 1.9816 1.2473 0.6904 0.4422 0.7256 0.7003 0.2335 -0.7150 
2.6847 2.2193 2.2765 2.3302 1.1339 2.2383 2.4327 2.1373 1.6993 0.7625 2.5043 1.9830 1.8278 1.6639 1.6410 1.1899 1.5842 1.1377 1.4745 1.4300 1.5551 1.6220 2.0466 0.2088 1.0557 1.3130 1.5732 1.2018 -0.0057 0.9116 0.5680 -0.0112 -0.4517 
3.2753 2.0428 2.0335 1.0253 1.8336 2.0166 1.6287 2.2008 2.3674 2.0553 0.9987 1.8663 1.7533 1.5423 1.2502 1.1662 0.7527 1.1089 1.1237 1.2912 1.4504 1.5109 0.5359 1.4749 1.7229 1.4164 0.7033 0.9827 0.6433 -0.4364 0.2647 -0.2889 0.0527 
3.1927 2.3455 1.2927 1.6374 1.5624 1.9748 2.1263 1.8121 1.7391 -0.2939 2.0324 1.6462 1.2183 1.6842 1.1307 0.0390 1.3253 -0.0603 0.9716 1.4523 0.9059 1.2366 1.5794 -0.9652 1.1019 1.0819 1.1999 0.9300 0.3174 0.1674 -0.4415 0.1476 -0.0392 
2.2134 2.2066 2.6762 2.2764 1.3671 1.8798 2.1794 2.5540 1.1944 1.4818 1.1828 1.3220 1.6541 0.8541 0.6860 0.5134 1.0017 0.4068 0.5702 0.6430 1.3159 0.9621 0.7074 0.9061 0.5430 1.7650 1.2705 0.8434 0.1666 0.8152 0.9151 0.0102 -0.9216 
2.1573 2.5211 2.2008 2.6972 1.9381 1.8328 1.1488 2.0731 1.6877 1.3117 1.4492 1.3099 0.6984 0.4521 0.9067 1.6093 1.2691 1.5171 0.7629 0.2122 0.3904 0.9361 0.9953 0.7517 1.0407 1.2757 0.2510 0.7908 0.7157 1.2428 0.4773 0.2657 -1.2102 
3.0355 0.8116 2.0968 1.9760 1.8739 2.1785 2.6393 2.0682 1.8699 2.1865 1.8335 1.7707 1.5292 1.1945 1.6902 1.7421 0.5618 1.6762 1.5635 0.9797 1.2108 1.3801 1.3634 1.6325 1.2205 1.2690 1.7115 1.1385 0.6699 0.5747 0.2963 -1.4345 -0.2365 
2.7541 2.0847 2.6706 2.0067 1.8555 1.5343 2.1796 1.2295 1.8387 1.6990 1.1068 0.8195 1.0910 1.1989 1.3593 1.2899 0.8561 1.2186 1.2240 0.9844 0.7529 0.4645 0.6209 1.1431 1.1946 0.4821 1.2638 0.4999 0.6636 0.5753 0.9150 -0.2503 -0.3915 
2.8181 2.1951 1.5844 1.2569 1.8292 1.3315 1.7796 1.3591 1.6532 1.1072 1.6361 1.7661 1.2392 1.5488 1.6521 0.6706 1.3138 0.6089 1.4960 1.2963 0.9519 1.3737 1.1511 0.5476 0.9948 0.6182 0.8756 0.2847 0.6309 -0.1804 -0.1716 -0.0447 -0.3581 
3.3750 2.9343 2.7188 2.5145 1.8690 2.4133 2.3049 2.1647 1.6359 0.7020 1.8472 1.2494 1.7381 1.2299 1.2867 1.7345 2.1011 1.6738 1.1541 1.0270 1.4335 0.8471 1.3844 0.1388 0.9632 1.3554 1.4032 1.3765 0.6730 1.0981 0.9768 0.6851 0.0995 
2.7039 2.0796 2.4783 1.8741 1.8475 2.1318 1.5460 2.1399 1.3962 1.7692 1.8898 1.3848 1.3000 1.6243 1.1557 1.4283 1.8335 1.3462 1.0089 1.3622 1.0149 1.0301 1.4272 1.2093 0.7477 1.3222 0.6351 1.0907 0.6578 0.4455 0.7498 -0.2449 -0.6397 
2.3513 2.1350 2.3978 1.3447 2.2998 1.5137 2.5943 0.4734 1.0931 0.6251 0.2495 1.2079 0.2213 0.0452 1.2097 1.3538 1.2265 1.2912 1.0955 -0.2159 -0.0380 0.8110 -0.2101 0.0542 0.4196 -0.3663 1.6820 0.4786 1.1128 -0.0985 0.6801 -0.1124 -0.7837 
2.0096 1.1864 1.9928 1.2709 0.6433 1.9258 1.8775 1.3586 1.3946 1.7378 1.4774 1.7364 0.6799 1.1500 1.5064 1.5781 0.7406 1.4805 1.3315 0.9122 0.3558 1.3363 1.0236 1.1805 0.7328 0.6112 1.0118 0.8872 -0.5428 -0.1915 0.2486 -0.9105 -1.3349 
2.9266 2.1525 1.2165 1.9552 1.7748 0.3870 2.5469 1.8150 1.6841 0.5636 1.1450 0.5070 1.2410 1.0841 0.0558 0.7925 0.5792 0.7291 -0.1155 0.8054 0.9462 0.1198 0.6624 0.0132 1.0394 1.0739 1.6554 -0.5457 0.5793 0.5668 -0.4787 -0.1239 -0.3133 
2.7672 2.0006 2.3780 2.0575 2.1702 2.5438 2.2971 1.6759 2.2294 1.0711 1.6937 1.2390 2.0246 1.7537 0.9379 1.1896 1.1407 1.1279 0.7830 1.5520 1.7131 0.8480 1.2150 0.5170 1.5947 0.8994 1.3918 1.5031 0.9562 0.6120 0.6548 -0.2886 -0.4709 
1.4866 1.0814 2.3155 2.2609 2.1335 1.3006 2.0697 1.2814 0.7940 1.1571 1.0881 0.8605 0.1051 1.6742 1.0387 1.0193 -0.8629 0.9225 0.8565 1.4373 -0.2467 0.5055 0.6056 0.6032 0.1492 0.5334 1.1608 0.2619 0.8769 0.8124 0.6066 -1.2197 -1.6551 
1.8765 2.2554 2.1599 2.2195 1.9320 1.4861 1.4286 1.5426 1.5486 1.8189 2.1507 1.6644 0.0700 0.7239 1.1821 1.5140 0.9650 1.4238 1.0608 0.5270 -0.2537 1.2576 1.6668 1.2629 0.8577 0.7507 0.5625 0.4638 0.7082 0.7814 0.4013 0.0449 -1.6334 
1.0503 2.2751 2.5467 2.3906 1.1654 1.9409 2.1716 1.9157 1.9128 -1.3784 1.6758 0.7334 0.7095 1.8575 1.6305 1.6085 1.4060 1.5139 1.4608 1.6624 0.4119 0.3344 1.1978 -2.2109 1.2595 1.1603 1.2519 0.8907 -0.1088 0.9854 0.7755 0.1114 -1.5864 
3.2990 1.9681 2.5142 2.2210 1.2467 2.4790 2.3168 2.0188 1.7878 1.9069 1.7117 1.3692 1.4920 1.4779 0.7433 0.9335 1.4743 0.8486 0.6119 1.2425 1.1845 1.0143 1.2317 1.3407 1.1381 1.2393 1.4128 1.4441 0.0437 0.7752 0.7554 -0.1303 0.0584 
3.3998 1.9240 2.2997 2.4265 2.4362 2.0371 1.9229 1.3022 1.3527 0.3587 1.1597 1.7243 1.1555 0.9002 0.6063 1.0354 1.3610 0.9478 0.4465 0.6773 0.8275 1.3227 0.6828 -0.2147 0.6994 0.5645 1.0655 0.9938 1.2288 1.0226 0.6112 -0.3526 0.1426 
3.6518 3.1381 2.6987 1.9866 2.7030 2.3624 1.7357 1.5035 1.6141 2.0068 1.0131 1.5598 0.5919 0.6082 1.5470 1.0061 0.2414 0.9147 1.3661 0.3630 0.2555 1.1572 0.5467 1.4319 0.9171 0.7172 0.8144 1.3156 1.4847 0.5673 0.9391 0.8190 0.3451 
2.9480 2.2246 1.9102 2.3978 1.7577 1.1790 1.3786 1.7816 1.4538 1.6046 1.3008 0.6890 1.7245 0.3222 1.6084 0.8963 0.7061 0.8141 1.4207 0.1021 1.4118 0.2945 0.8149 1.0225 0.7754 1.0378 0.4900 0.1258 0.5585 0.9848 0.2207 -0.0794 -0.3329 
3.3656 2.7816 2.1981 2.3058 1.7102 1.5429 2.0402 2.0608 2.2090 1.8668 1.4933 1.5086 -0.8968 1.0988 1.8867 2.1811 2.2035 2.1279 1.7516 0.8447 -1.1476 1.1255 1.0254 1.3083 1.5628 1.2697 1.1460 0.4855 0.5095 0.8687 0.4877 0.5381 0.1541 
3.1968 2.4815 2.0005 1.7870 2.2017 1.7989 1.7684 1.4505 1.7833 2.4478 2.0011 1.2805 1.0117 1.4589 1.7989 0.1240 0.9176 0.0639 1.6665 1.2301 0.6896 0.8813 1.5397 1.8802 1.1425 0.6808 0.8653 0.7549 1.0005 0.3423 0.2592 0.1736 -0.1074 
1.7930 0.5767 2.2795 1.1309 1.7732 2.0273 0.1014 1.2521 1.7597 1.3066 1.1770 1.5361 0.9901 1.2687 1.4690 1.6761 0.9964 1.6200 1.3074 1.0811 0.6735 1.1456 0.6990 0.7444 1.1202 0.5099 -0.8566 0.9836 0.5923 -0.3187 0.5756 -2.0810 -1.6347 
3.4433 2.8263 2.5275 2.0037 1.7829 1.0984 1.8635 0.8481 1.6405 -0.7876 0.7809 1.4662 1.6784 0.5121 1.4369 1.2466 1.2923 1.1788 1.2842 0.2657 1.3497 1.1063 0.2967 -1.3650 0.9649 0.1075 0.9893 0.0682 0.5848 0.5993 0.7845 0.5753 0.1771 
2.7107 1.5486 1.9840 0.8232 0.7815 1.4482 1.6391 0.8277 1.1839 1.0252 1.1217 1.2947 0.6417 0.4882 0.6357 1.3399 1.5401 1.2747 0.5084 0.2483 0.3108 0.9178 0.6400 0.4565 0.5371 0.0918 0.7118 0.4040 -0.4234 -0.6492 0.2604 -0.9210 -0.6701 
0.8381 1.8325 1.8301 1.7460 1.8215 1.3174 1.1983 1.3554 0.6765 0.9438 0.9117 0.9602 0.9719 1.1533 -0.1287 0.1976 0.2656 0.1300 -0.2679 0.9167 0.6629 0.5893 0.4538 0.3732 0.0444 0.6121 0.2819 0.2717 0.6294 0.2887 0.1185 -0.3903 -3.2947 
2.3644 2.5931 1.2869 1.9294 1.6315 1.4857 1.3420 1.6664 1.3330 1.6788 1.2267 1.3089 1.0714 0.9683 1.3118 0.7321 0.9319 0.6708 1.1780 0.7274 0.7378 0.9343 0.7489 1.1256 0.6864 0.8702 0.4783 0.4474 0.3909 0.5273 -0.4619 0.3530 -0.8846 
1.4088 1.7477 2.0516 1.3667 0.9249 1.6179 1.7621 1.5016 -0.1426 1.5588 1.5959 1.7048 0.9036 1.5258 1.6176 1.1397 -0.7105 1.0849 1.4355 1.2802 0.6157 1.3058 1.1148 0.9901 -0.7747 0.7156 0.8596 0.5746 -0.2950 -0.0713 0.2752 -0.4457 -1.6317 
2.6535 1.8054 1.5651 0.7616 1.8460 1.3147 1.6252 1.2794 1.1747 1.2319 1.0213 1.1469 1.6016 1.0122 0.3158 -0.6405 1.3078 -0.7957 0.1926 0.7679 1.2583 0.7446 0.5683 0.6670 0.5469 0.5314 0.7060 0.2625 0.6593 -0.6025 -0.2481 -0.3118 -0.6917 
3.4962 2.4575 1.5556 2.4692 2.1992 1.7260 0.6306 2.2493 1.6130 0.9891 1.4410 1.3004 1.7147 1.6541 1.2639 1.5056 1.7408 1.4167 1.1337 1.4059 1.3995 0.9243 0.9834 0.4113 0.9069 1.4844 -0.2500 0.6846 0.9906 1.0748 -0.2456 0.1331 0.2140 
2.1552 2.7212 2.3172 1.6574 1.9727 2.1891 2.2530 2.1281 1.5303 1.2602 0.8054 0.6615 1.1546 1.3106 1.5150 0.7205 1.3458 0.6449 1.3373 1.1205 0.8280 0.2652 0.3436 0.6943 0.8423 1.3080 1.3416 1.1507 0.7568 0.1933 0.6023 0.4835 -1.3051 
3.0541 2.7308 2.6673 2.2670 1.8996 1.9779 1.5090 1.4625 1.2993 1.4211 1.2237 0.9167 -0.6793 1.7189 1.8734 1.4463 0.9557 1.3571 1.7375 1.5071 -0.9785 0.5614 0.7530 0.8469 0.6534 0.6850 0.6144 0.9342 0.6995 0.8085 0.9036 0.4788 -0.2273 
2.1850 2.1545 0.9750 1.9750 1.9463 1.7915 1.9741 2.0566 1.8327 1.1551 1.3583 1.3324 0.5539 1.5227 1.6499 1.5959 1.5555 1.4982 1.4933 1.2793 0.2227 0.9699 0.8960 0.6010 1.1841 1.2616 1.1028 0.7523 0.7310 0.5744 -0.7739 -0.1208 -1.0390 
2.6869 2.1483 1.7608 2.3417 2.5057 1.6124 1.5873 1.8831 1.8284 1.9818 2.1063 1.6163 1.5584 1.5097 1.3241 1.3761 -0.3369 1.3053 1.1926 1.2650 1.2256 1.2030 1.6283 1.4134 1.1784 1.1387 0.6691 0.5666 1.2814 0.9112 0.0786 -0.1936 -0.6363 
2.5375 2.3742 2.3830 2.7376 2.0032 2.2185 1.0990 1.0034 1.8539 1.9398 2.2555 1.9953 1.4034 0.5663 1.5571 1.4146 1.1562 1.3309 1.3769 0.2874 1.1258 1.6281 1.7804 1.3698 1.2075 0.2252 0.1665 1.1745 0.7711 1.2901 0.6853 0.1250 -0.7808 
1.2093 2.2366 2.6706 1.2091 2.3535 2.0286 2.4104 2.3379 2.6246 2.4611 2.2026 2.1480 2.2377 1.8636 0.6991 1.4359 0.9922 1.3504 0.5732 1.6641 1.9255 1.7377 1.7233 1.8897 1.9237 1.6060 1.5497 0.9878 1.1580 -0.2410 0.9046 0.0572 -2.1022 
1.4121 2.7392 3.0810 3.0075 2.4069 2.6636 2.1520 2.5687 2.1566 1.9479 2.2986 2.3526 1.6622 0.4512 0.6874 0.7068 1.3147 0.6399 0.5761 0.2268 1.3204 1.9793 1.8284 1.3712 1.4805 1.7756 1.2266 1.6219 1.2182 1.6001 1.3232 0.5282 -1.2773 
2.1636 2.8637 2.2058 2.7717 3.0393 1.8409 2.2528 2.3403 1.2488 1.6761 0.2312 1.2178 0.6600 2.2661 1.8941 1.2048 0.1692 1.1449 1.7507 2.0653 0.3196 0.8255 -0.2490 1.1241 0.6135 1.6058 1.3396 0.8203 1.8119 1.3274 0.5162 0.6312 -0.7225 
2.3743 2.7491 1.3341 3.1202 2.8706 2.2342 2.2993 2.2606 2.3271 2.6994 1.9425 2.1803 1.2315 1.9067 0.0528 1.6590 1.4893 1.6068 -0.0995 1.6949 0.9418 1.7777 1.4713 2.1485 1.6738 1.5030 1.4009 1.1865 1.6709 1.6806 -0.4598 0.5573 -0.8406 
1.7881 3.3243 3.1377 3.2847 2.9322 2.8704 3.2060 2.9366 2.5981 1.6958 2.3534 1.7746 1.2476 1.7350 2.2494 2.1210 1.5831 2.0230 2.1331 1.5278 0.9550 1.3935 1.8811 1.1303 1.8984 2.1873 2.2856 1.8320 1.7238 1.8392 1.3457 1.1197 -4.4031 
2.5864 2.1801 2.4914 2.9398 3.2312 2.1495 2.2860 2.6463 2.5796 1.7354 2.4547 2.2547 1.8954 2.1434 1.8847 1.6031 1.3029 1.5025 1.7462 1.8786 1.6259 1.8522 1.9939 1.1923 1.8824 1.8291 1.3934 1.0943 2.0137 1.5500 0.7500 -0.1209 -0.8090 
3.6081 3.4442 3.4189 3.1184 2.7698 1.7185 2.4723 2.2003 0.6906 2.2964 2.2001 0.7787 1.9236 2.0959 2.0698 -0.1733 0.7695 -0.2452 1.8857 1.8312 1.6461 0.3753 1.7179 1.7380 0.0864 1.4132 1.6095 0.6683 1.5814 1.6700 1.6957 1.2102 0.2472 
-0.0895 2.0575 2.4971 2.1407 2.8019 2.1343 2.1092 2.2134 2.1793 2.2087 1.3152 1.2829 1.3637 1.3519 0.2662 1.1953 -0.1887 1.1373 0.1350 1.1474 1.1007 0.9052 0.8402 1.6543 1.5162 1.4273 1.1892 1.0864 1.6202 0.6846 0.7595 -0.2476 -3.4466 
0.6446 1.8027 2.0007 2.5256 2.1879 2.1539 2.1980 2.5067 2.4076 1.6752 1.3484 2.1025 1.7688 2.1150 1.6981 1.2622 1.5210 1.1939 1.5661 1.8400 1.4709 1.6956 0.8979 1.1204 1.7549 1.7311 1.2884 1.1069 0.9668 1.1107 0.2652 -0.4140 -2.4989 
2.4646 2.5212 3.1487 0.7413 1.7179 1.8280 1.6895 1.8896 1.7877 2.3069 0.1736 1.7008 0.1873 1.5452 1.1817 1.7687 2.1019 1.7049 1.0692 1.2979 -0.1060 1.3038 -0.2659 1.7446 1.1465 1.1406 0.7824 0.7871 0.5171 -0.5013 1.3646 0.2885 -0.7917 
3.3740 3.2440 3.2620 2.4355 2.3427 1.8778 1.9271 2.0293 2.3558 2.0023 1.1822 1.5646 0.6496 0.3141 1.1626 1.6093 0.8179 1.5166 1.0306 0.1213 0.3297 1.1599 0.7145 1.4244 1.7114 1.2410 1.0693 0.8300 1.1474 1.0275 1.5326 1.0140 0.0586 
2.2656 2.3067 3.3990 3.2984 2.7008 2.4848 2.0385 2.1355 1.8137 1.8173 1.8046 1.6216 1.0304 1.2378 1.6924 1.4125 1.6364 1.3291 1.5635 1.0368 0.7093 1.2079 1.3196 1.2588 1.1580 1.3195 1.1367 1.4456 1.4647 1.8447 1.6922 0.0284 -0.9113 
2.7902 3.3149 3.1986 2.6962 2.4300 1.8842 2.2342 2.3771 1.2557 1.6484 2.1922 2.1692 1.5104 1.6888 1.6311 1.1845 1.0963 1.1233 1.4612 1.4562 1.1966 1.7613 1.7132 1.1023 0.5980 1.6391 1.3187 0.8624 1.2190 1.2424 1.4301 1.1083 -0.6759 
4.0902 3.8131 3.7913 3.1027 3.1007 2.3520 2.3298 2.0231 1.9711 1.6555 1.0761 1.6472 0.9154 1.2815 1.8110 1.6503 0.1620 1.5916 1.6777 1.0923 0.6264 1.2403 0.5918 1.0983 1.3015 1.2292 1.4346 1.3029 1.8475 1.6738 2.0684 1.5932 0.7703 
3.0506 2.9582 3.8314 3.3533 2.2613 1.8519 1.8205 2.2596 1.8822 1.8291 1.3949 1.9949 2.0093 1.9987 1.7825 1.8338 1.6518 1.7694 1.6537 1.7653 1.7011 1.6293 0.9357 1.2668 1.2255 1.4976 0.9385 0.7962 1.0440 1.9043 2.1327 0.7638 -0.2926 
2.4449 3.2025 3.7220 3.6526 2.7588 2.6524 2.3099 1.9976 1.4835 1.5788 1.3272 1.6925 1.7500 1.7558 0.9790 0.9900 0.8675 0.9184 0.7962 1.5550 1.4446 1.2897 0.8496 1.0103 0.7863 1.2242 1.4075 1.6081 1.5405 2.1985 1.9683 0.9956 -0.7823 
2.8797 3.5348 3.9293 3.6319 2.6647 2.4797 2.4016 1.6143 2.0765 0.8934 1.8775 1.7670 1.7573 1.9384 1.5836 1.4534 -2.2172 1.3662 1.3940 1.7206 1.4583 1.3747 1.4132 0.3288 1.3763 0.7992 1.5299 1.4323 1.3949 2.1857 2.2189 1.2968 -0.7248 
2.7964 3.2414 3.8279 3.2314 2.5811 2.7433 1.8266 1.7591 1.9453 2.2374 1.6793 1.6894 1.7148 1.4514 0.4084 1.5128 -1.6053 1.4220 0.2619 1.2264 1.3967 1.2950 1.1933 1.6805 1.2827 1.0166 0.9208 1.6956 1.3323 1.7783 2.1289 1.0507 -0.2971 
3.2231 3.0363 2.8567 3.1921 2.6252 2.6464 2.1729 1.5724 2.0043 2.0699 0.6720 1.4670 1.8291 0.9349 0.8146 0.9862 1.3874 0.9022 0.6884 0.6975 1.5632 1.1092 0.1831 1.4894 1.3195 0.7773 1.2547 1.6087 1.3673 1.7303 1.1541 0.7558 -0.2577 
3.0760 3.2735 3.4037 2.9450 2.7057 2.9080 2.6098 1.9877 2.3035 2.3625 1.6163 0.8040 1.5062 1.3177 1.3168 1.0474 1.1098 0.9510 1.1849 1.1294 1.1928 0.4626 1.1250 1.8097 1.6613 1.2076 1.6888 1.8741 1.4653 1.5624 1.6856 1.0853 -0.2703 
2.3253 2.7757 3.7541 3.3282 2.7277 2.7142 2.2842 1.6926 2.3285 1.9964 2.2294 1.6505 2.3543 1.8345 1.0471 1.5296 -0.1751 1.4352 0.8621 1.6424 2.0907 1.2486 1.7527 1.4231 1.6772 0.9086 1.3796 1.6746 1.5087 1.8759 2.0152 0.6260 -0.9005 
2.4026 3.2762 3.7832 3.0995 2.8964 3.2112 2.8346 2.3670 2.1069 2.0861 1.6976 1.8085 1.3157 1.8279 0.6408 1.3886 1.5032 1.3114 0.4952 1.6333 1.0680 1.4215 1.2212 1.5106 1.4046 1.6321 1.9326 2.1696 1.7025 1.6555 2.0582 1.0947 -0.7449 
2.7307 1.9239 2.7098 3.1270 3.0766 2.3855 1.8245 1.8959 2.0526 2.4841 2.1075 2.1767 1.6330 1.7416 0.7144 0.8987 0.9550 0.8140 0.5888 1.5336 1.3037 1.7703 1.6259 1.9154 1.3514 1.1582 0.9212 1.3483 1.8334 1.6877 0.9636 -0.2376 -0.4058 
3.4318 3.1745 3.2720 2.7692 2.4666 2.9521 2.6241 1.7309 0.6320 1.3691 1.2038 1.7099 1.6552 1.0305 1.5775 0.7248 0.6543 0.6541 1.3914 0.7823 1.3182 1.3101 0.7310 0.7972 -0.0173 0.9665 1.6976 1.9116 1.2576 1.3127 1.5523 0.8885 0.1778 
2.2124 2.5403 2.9229 2.6553 2.3753 1.8575 2.6304 2.4255 2.2121 1.7376 1.9643 1.4332 2.1337 1.9657 1.6279 1.6001 1.8280 1.5037 1.4537 1.7385 1.7948 1.0889 1.5024 1.1780 1.5715 1.6714 1.7100 0.8008 1.1721 1.1845 1.2091 0.2298 -1.1898 
3.3645 3.3683 3.1490 1.6429 2.8951 2.2296 2.6238 2.5110 2.1976 1.4383 1.6492 1.7496 1.9010 1.8296 1.1897 1.2074 1.1047 1.1424 1.0697 1.6370 1.6343 1.3517 1.1647 0.8658 1.5394 1.7311 1.7039 1.1755 1.7040 0.2152 1.3529 1.1441 0.0639 
1.5524 3.2431 3.2662 2.7042 2.3519 2.9543 2.5559 2.2943 1.3039 1.8055 1.3843 1.1261 0.1510 0.8010 1.4832 1.0051 -0.4112 0.9086 1.3137 0.6112 -0.1818 0.7177 0.9253 1.2421 0.6523 1.5397 1.6565 1.9134 1.1747 1.2405 1.5421 1.0348 -3.8757 
1.6265 2.5459 3.2011 2.5495 2.7654 2.7716 2.3721 1.7028 1.6805 1.8492 1.3589 1.3180 1.9001 1.8117 1.3280 2.0235 1.6847 1.9315 1.1979 1.6180 1.6339 0.9489 0.8877 1.2966 1.0345 0.9185 1.5013 1.7287 1.5814 1.1136 1.4483 0.2950 -1.9793 
2.7840 3.0012 3.3838 3.0669 3.2481 3.1651 3.5179 2.8575 2.2055 1.9208 1.6256 2.0594 1.3172 1.9383 1.9724 1.8867 1.8931 1.8206 1.8177 1.7201 1.0504 1.6648 1.1377 1.3441 1.5470 2.1157 2.6556 2.1258 2.0368 1.6435 1.6636 0.7781 -0.5150 
2.8902 2.4391 3.3287 2.7544 2.7366 3.2121 3.3937 1.9906 2.3020 2.5458 2.7406 2.5765 2.0872 1.8204 1.6158 1.2349 2.1347 1.1691 1.4372 1.6198 1.7613 2.1887 2.2617 1.9767 1.6600 1.1962 2.5100 2.1733 1.5270 1.2954 1.6258 0.1200 -0.2811 
3.5621 3.2314 3.7137 3.1554 2.6771 2.1301 2.7656 1.6812 1.8573 2.1571 2.1013 1.8847 1.5539 1.5324 0.0766 1.1490 1.3156 1.0921 -0.0927 1.2873 1.2242 1.5330 1.6261 1.6056 1.2106 0.8907 1.8543 1.0971 1.4411 1.6844 1.9402 0.9677 0.1707 
3.3961 2.9077 3.8890 3.2987 2.3907 2.8512 2.7738 2.3959 2.0793 2.0115 1.8912 1.7472 2.0872 1.1313 1.6273 1.7496 1.9502 1.6853 1.4530 0.8834 1.7545 1.3459 1.4312 1.4453 1.3824 1.6518 1.8566 1.8105 1.1859 1.8355 2.1710 0.7143 0.0639 
3.2323 2.3456 3.2104 2.6828 1.6770 2.1273 3.0337 2.4518 0.0682 1.8329 1.7965 1.3267 1.8862 1.6211 1.9344 1.6248 1.7978 1.5454 1.7877 1.3612 1.6219 0.9708 1.3148 1.2767 -0.5547 1.6860 2.1568 1.0824 0.4464 1.2167 1.4653 0.0417 0.0447 
3.1127 1.3156 2.8088 2.4348 2.6610 2.3631 3.3443 2.8076 2.4768 2.0880 1.8206 1.3133 0.8566 1.5210 1.7564 1.6737 0.3976 1.6163 1.6351 1.2808 0.5869 0.9531 1.3310 1.5030 1.8064 2.0520 2.4468 1.3316 1.4070 1.0140 1.0973 -0.7300 -0.2053 
3.7507 3.2041 2.8257 1.6335 2.7260 1.8280 3.1045 2.1108 1.5365 0.9605 2.1100 1.2390 0.4537 0.6426 0.1521 1.2024 0.6512 1.1418 0.0240 0.4214 0.1365 0.8369 1.6319 0.3975 0.8376 1.2868 2.1994 0.7926 1.5119 0.2256 1.1088 0.9233 0.5783 
3.1975 2.3652 2.8476 2.7574 2.9970 1.7580 3.0107 2.3752 1.9870 1.6899 1.4736 2.0069 1.0843 1.1155 0.5622 1.7042 1.6030 1.6447 0.3699 0.8574 0.7371 1.6369 1.0125 1.1373 1.3078 1.6337 2.1426 0.6810 1.7806 1.3116 1.1314 0.0639 -0.1247 
3.9753 3.1966 3.0693 2.9811 2.6792 2.5349 3.3293 2.3974 2.4849 1.8182 1.1994 1.7422 1.2614 1.7281 1.0967 0.7790 1.6225 0.7090 0.9211 1.5145 0.9728 1.3392 0.7185 1.2562 1.8132 1.6546 2.4252 1.5199 1.4343 1.5961 1.3076 0.8804 0.7378 
2.9682 2.8096 2.3877 2.7322 2.6475 2.2941 3.1260 1.6620 2.4151 2.2730 1.5896 2.0441 1.7845 1.2527 1.4340 1.1564 1.2716 1.0959 1.2891 1.0557 1.4874 1.6580 1.1229 1.7092 1.7613 0.8647 2.2122 1.2644 1.3899 1.2907 0.6827 0.5774 -0.2756 
2.9051 2.1519 1.4715 2.7277 2.8253 2.4281 3.3313 2.6642 2.7910 2.9835 2.7742 1.7352 1.8542 1.8460 2.3503 2.2606 1.7702 2.1989 2.2153 1.6570 1.5974 1.3256 2.2964 2.4140 2.1520 1.8503 2.4290 1.4039 1.6391 1.2833 -0.2461 -0.1517 -0.3473 
2.8640 2.4368 2.6223 2.2638 3.2168 3.1089 2.9093 1.4519 2.4855 2.5140 2.0950 1.6743 1.9292 1.4959 1.1713 0.7704 -0.6199 0.7009 1.0379 1.2544 1.6505 1.2738 1.6196 1.9422 1.8206 0.7058 2.0396 2.0658 1.9937 0.8384 0.8463 0.2004 -0.3807 
