3.2994 2.7296 3.4543 3.0030 2.7556 3.0175 2.6259 2.1032 2.4794 2.8687 2.4035 2.1451 2.2850 2.0365 1.2587 1.4073 1.4162 1.3553 1.1435 1.8391 2.0569 1.8318 2.0248 2.4305 1.9622 1.4992 1.9345 2.1912 1.7775 1.8542 2.0923 0.9363 0.7938 
3.1025 3.0760 3.2962 2.9757 2.1858 2.5621 2.4103 2.0174 2.1119 2.7185 2.4466 1.8364 2.0909 1.5893 2.0839 1.8952 0.9775 1.8240 1.9835 1.3814 1.8416 1.5505 2.0644 2.2641 1.6162 1.3785 1.6752 1.7382 1.2187 1.8281 1.9219 1.3277 0.5448 
4.1469 3.8420 3.4453 2.6853 2.7904 3.1691 3.0121 2.9734 2.8953 2.7665 2.5073 2.4732 2.3676 2.4370 2.2066 2.2744 2.1793 2.2074 2.1025 2.2280 2.1122 2.1563 2.1279 2.3118 2.3747 2.3806 2.3024 2.3464 1.7904 1.5819 2.0715 2.0617 1.5368 
5.0312 4.8547 3.8707 3.7985 3.5866 3.3434 3.3743 3.2526 3.1421 2.8169 2.9619 2.9018 2.8114 2.8693 2.8601 2.8255 2.8839 2.7493 2.7286 2.6697 2.5473 2.5887 2.5890 2.3500 2.6030 2.6019 2.6606 2.5110 2.6036 2.6542 2.5457 3.0388 2.5341 
4.6936 5.4955 5.0851 4.5575 4.4076 4.2817 4.5410 4.1979 4.0642 4.2815 4.0711 4.0019 4.0091 3.9189 3.8649 3.8218 3.8256 3.7664 3.7596 3.7482 3.7573 3.6999 3.6874 3.8397 3.5088 3.5946 3.8181 3.4503 3.4267 3.4028 3.7238 3.7349 2.0542 
5.0664 5.7509 5.6355 5.2422 5.0119 5.0748 4.6615 4.3918 3.7322 4.0723 4.3618 4.3446 4.1097 3.9907 3.9775 3.9427 3.9037 3.8746 3.8445 3.8017 3.8439 4.0684 3.9992 3.6166 3.2218 3.7703 3.9490 4.2481 4.0767 4.1053 4.2438 3.9664 2.7284 
3.2235 5.7608 5.3624 4.6319 4.4264 4.2261 4.7616 4.4127 4.4548 4.0132 4.0194 3.8828 3.5734 3.6968 3.6261 3.6194 3.5911 3.5444 3.4800 3.4970 3.3292 3.6003 3.6592 3.5538 3.9012 3.7827 4.0799 3.4054 3.4386 3.4965 3.9671 3.9721 2.2950 
5.6116 5.8145 5.2303 4.6408 4.1522 4.4940 4.8277 4.6233 4.2823 4.0938 3.4276 2.6386 3.3585 2.9900 2.6741 2.2605 2.1393 2.2331 2.5837 2.8532 3.1328 2.4124 3.0537 3.6566 3.7723 4.0293 4.1192 3.6671 3.2067 3.5089 3.8255 4.0407 2.8221 
4.1685 5.5859 4.9787 4.1899 4.1213 4.2342 4.6760 4.3192 4.0788 3.7783 3.3456 2.8648 2.0020 3.0026 2.1394 2.2938 1.6464 2.1877 2.0015 2.8408 1.7127 2.5234 2.9603 3.3272 3.5301 3.7155 3.9874 3.4185 3.1770 3.0786 3.6173 3.8004 1.8924 
5.5469 5.3634 5.3198 4.9520 4.7189 4.6048 4.6257 4.0251 4.3699 4.1506 4.0966 4.0804 4.0120 3.9807 3.9528 3.9134 3.8992 3.8479 3.8313 3.7944 3.7596 3.7509 3.7127 3.7086 3.8390 3.3921 3.9080 3.7786 3.7661 3.8019 3.9185 3.5799 3.0329 
3.7810 5.4175 5.2272 4.8511 4.6467 4.5849 4.5214 4.0786 3.9574 3.9753 3.9251 3.8877 3.8688 3.8180 3.7744 3.7291 3.7403 3.6835 3.6784 3.6680 3.6660 3.6063 3.5599 3.5225 3.4243 3.4294 3.7892 3.7598 3.6999 3.7080 3.8352 3.6751 1.7601 
4.6322 4.8476 3.4638 3.5652 3.3588 3.3012 3.4362 2.8060 3.3334 2.8322 3.0452 2.8889 1.7468 2.4910 2.3924 2.1446 1.2241 2.0769 2.2357 2.3043 1.4538 2.5633 2.6756 2.3603 2.8300 2.1700 2.7441 2.4782 2.4249 2.4515 2.0263 3.0470 2.1830 
4.8842 4.6539 3.9513 3.3749 3.0993 2.9953 3.2806 3.1707 2.8174 2.4979 2.5517 2.5569 2.5212 2.5811 2.2228 2.1275 1.9111 2.0742 2.1137 2.4302 2.2720 2.2484 2.1751 2.0581 2.2550 2.5442 2.5528 2.1688 2.1342 2.2267 2.5521 2.8792 2.3006 
4.7331 4.0427 3.7978 3.5316 3.3553 3.2093 2.9984 3.0507 3.0318 2.5414 2.6103 2.7911 2.7580 2.8501 2.8243 2.5451 2.7872 2.4927 2.6748 2.6401 2.5102 2.4776 2.2412 2.0961 2.5203 2.4601 2.2920 2.3856 2.4214 2.4237 2.4370 2.2978 2.1822 
3.6028 3.8123 3.7352 3.5588 3.3498 3.3187 3.2493 3.0132 2.9309 2.7652 2.8091 2.7867 2.5991 2.5172 2.6508 2.2966 2.4493 2.2255 2.5383 2.3515 2.3804 2.4731 2.4364 2.3126 2.4266 2.4287 2.5148 2.4938 2.4229 2.4429 2.4178 2.0712 0.3560 
3.8463 3.7518 3.6670 3.4106 3.0724 3.0494 2.9000 2.8026 2.7126 2.6085 2.6660 2.4993 2.4627 2.5243 2.5722 2.1699 2.4442 2.1137 2.4679 2.3595 2.1986 2.1845 2.3003 2.1721 2.1838 2.1666 2.1814 2.2275 2.1223 2.2836 2.2682 1.9772 1.2373 
4.6933 4.5697 4.0964 3.8248 3.6732 3.5422 3.4388 3.2873 3.2953 3.2215 3.2218 3.1332 3.0663 2.8808 2.9474 2.8732 2.8795 2.8275 2.8514 2.6872 2.8539 2.8481 2.8486 2.7633 2.7710 2.6511 2.7460 2.7159 2.6803 2.6824 2.6790 2.7897 2.0767 
4.6620 4.5389 3.9152 3.6910 3.5557 3.4195 3.2680 3.2296 3.0954 3.0682 2.9806 2.8691 2.7685 2.9300 2.9470 2.7031 2.6500 2.6348 2.8508 2.7610 2.5180 2.5468 2.6010 2.6177 2.5713 2.5885 2.5358 2.5923 2.5846 2.5340 2.5371 2.7455 2.0909 
4.9477 4.5574 3.8590 3.3549 2.8769 2.6580 2.4320 2.0871 2.0542 2.3025 1.7743 2.1328 1.7162 1.7160 1.9924 1.7032 1.7473 1.6517 1.8419 1.5581 1.4738 1.8177 1.3951 1.8469 1.5303 1.4658 1.6915 1.8301 1.8983 2.1966 2.4888 2.7698 2.4201 
3.4731 4.8539 4.4878 4.0789 3.8798 3.7440 3.6525 3.5293 3.4470 3.3956 3.3136 3.2783 3.2728 3.1713 3.0354 3.1585 2.9900 3.0869 2.9308 2.9801 3.0101 2.9551 2.9337 2.9502 2.9337 2.9200 2.9174 2.9173 2.9276 2.9163 3.0623 3.0587 -0.3969 
4.7992 4.9522 4.0797 3.8831 3.6054 3.5328 3.3832 3.2877 3.2545 3.2928 3.0452 3.1784 3.0857 3.0638 2.9936 2.9183 2.8418 2.8704 2.8879 2.9010 2.8664 2.8751 2.6776 2.8541 2.7033 2.6519 2.6667 2.7065 2.6139 2.7599 2.6674 3.1724 2.2462 
4.9912 4.6148 3.3993 3.4175 3.2356 3.0444 2.9409 2.9975 3.0227 2.6973 2.6236 2.8394 2.6477 2.4811 2.6767 2.4516 2.0175 2.3958 2.5622 2.2922 2.4366 2.5107 2.2602 2.2400 2.5115 2.4196 2.2234 2.2243 2.2459 2.3034 2.0436 2.8513 2.4906 
4.7028 4.0742 3.5324 2.5939 2.4410 2.4415 2.6367 2.3771 2.0212 2.0972 1.8447 1.7665 1.6653 0.4665 1.6741 1.3588 1.7269 1.2738 1.5996 0.3038 1.4426 1.4263 1.5025 1.6760 1.5173 1.7661 1.9669 1.6097 1.4606 1.4536 2.1187 2.3489 2.0882 
4.3800 3.4190 3.8637 3.5503 3.3485 3.2423 3.0865 2.9491 2.9088 2.9382 2.9016 2.8589 2.7085 2.7496 2.4953 2.5972 2.0111 2.5407 2.3898 2.5599 2.4765 2.5336 2.5223 2.4989 2.4042 2.3545 2.4066 2.4210 2.4200 2.4449 2.5204 1.5501 1.7101 
4.4917 4.7018 3.9250 3.9145 3.6872 3.5773 3.5247 3.3742 3.5149 3.5362 3.3881 3.4434 3.0075 3.0447 3.2717 2.9568 3.3201 2.9039 3.1394 2.8868 2.7840 3.1577 3.0107 3.0856 2.9881 2.7805 2.8410 2.7498 2.7053 2.8071 2.5207 2.9334 1.7804 
4.6647 4.5924 4.3248 4.0958 3.8964 3.8407 3.6211 3.6982 3.2575 3.6077 3.8567 3.5094 3.1823 3.3685 3.0154 3.3697 3.4239 3.3191 2.9128 3.2085 2.9329 3.2287 3.4876 3.1570 2.7043 3.0615 2.8983 3.0139 2.9428 2.9407 2.9659 2.8357 2.1577 
5.3602 4.7832 4.9543 4.5506 4.3052 4.1458 4.0892 4.0805 4.0680 3.7828 3.6060 3.6362 3.5213 3.5810 3.5700 3.4840 3.3375 3.4267 3.4336 3.3909 3.2950 3.3154 3.2476 3.3370 3.5101 3.4320 3.3555 3.3208 3.3518 3.4036 3.5740 2.9871 2.7977 
5.3425 4.9924 4.8584 4.4452 4.1648 4.0523 3.9386 3.9974 3.3992 3.8295 3.2922 3.1602 3.3388 3.0529 3.1123 3.0284 3.0869 2.9796 2.9941 2.8915 3.0902 2.8646 2.9046 3.3825 2.8953 3.3707 3.2550 3.2302 3.2269 3.3043 3.4555 3.2029 2.7026 
4.0957 5.4292 5.3277 4.9204 4.6757 4.5460 4.5139 4.2242 4.4508 4.3001 3.9360 3.9453 3.9270 3.8868 3.9747 3.8985 3.8543 3.8411 3.8435 3.7253 3.7034 3.6667 3.5721 3.8481 3.8993 3.6361 3.7828 3.7205 3.7318 3.7625 3.9144 3.6824 2.0285 
5.3425 5.6801 5.0477 4.3398 4.0709 3.7317 3.6604 3.6227 2.9177 3.8815 3.3700 2.0872 2.9496 2.8442 3.0289 3.0746 3.0160 3.0151 2.9268 2.6285 2.7119 1.7573 2.9905 3.4335 2.4293 2.9863 2.9262 2.9065 3.0736 3.2299 3.6756 3.8744 2.6387 
4.0863 5.5903 5.2035 4.7007 4.4920 4.3110 4.2136 3.9784 4.0125 3.7129 4.1285 3.9604 3.8775 3.7682 3.9491 3.7776 3.7387 3.7265 3.8284 3.6044 3.6716 3.6750 3.7488 3.2723 3.4648 3.3584 3.4987 3.4855 3.4954 3.5839 3.8059 3.8167 2.2249 
4.9364 5.5593 4.9322 4.2560 4.0217 3.8136 3.6707 3.5240 3.4074 3.5620 3.6074 3.0971 2.9739 3.1005 3.3017 2.8591 2.8603 2.7967 3.1848 2.9335 2.7548 2.8341 3.2393 3.1198 2.9028 2.9159 2.9471 3.0012 3.0522 3.1569 3.5358 3.7787 1.8352 
4.9735 5.4823 5.2856 4.9395 4.7282 4.6086 4.5118 4.3210 4.3102 4.1883 4.3841 4.1645 4.1067 4.0752 3.9416 3.9766 3.9464 3.9056 3.8225 3.8552 3.8421 3.8454 4.0226 3.7454 3.7911 3.7233 3.7804 3.7834 3.7734 3.7875 3.8648 3.7249 2.1042 
5.4998 5.7650 5.2291 4.8010 4.5309 4.3986 4.3231 4.2105 4.1345 4.1071 3.0590 3.2955 3.5968 3.6694 3.6817 3.6138 3.5730 3.5391 3.5450 3.4539 3.3439 2.9742 2.6992 3.6700 3.6176 3.6167 3.6405 3.5732 3.5588 3.6781 3.8192 3.9663 2.7123 
5.3548 5.4682 4.8661 4.3183 3.9624 3.8197 3.4736 3.4458 3.4347 3.4407 3.3523 3.1486 3.2786 3.2480 3.0768 2.9839 2.9882 2.9306 2.9641 3.0286 3.0160 2.8624 2.9761 3.0085 2.9388 2.8550 2.8033 3.0045 3.0104 3.2293 3.4552 3.6940 2.6345 
4.8452 4.2549 3.8472 3.3894 3.0651 2.8381 2.9353 2.6885 2.5844 2.3093 1.5996 2.2253 2.1050 2.0602 2.1058 2.1845 2.1560 2.1337 2.0154 1.8782 1.8590 1.9575 1.2495 1.8386 2.0634 2.0782 2.2157 2.0187 2.1184 2.2622 2.4968 2.4594 2.2290 
4.1027 4.3552 4.1278 3.5533 3.3631 3.1019 3.1467 3.1980 3.0862 3.0062 2.8742 2.7683 2.8910 2.7369 2.6703 2.6872 2.4338 2.6196 2.5555 2.5513 2.6297 2.4650 2.4926 2.5585 2.5636 2.5675 2.4523 2.2742 2.4276 2.4333 2.7460 2.6034 1.5036 
3.6627 4.6404 4.1031 3.7372 3.5037 3.3294 3.2506 3.0883 3.1147 3.1005 3.0158 2.8904 2.8590 2.9067 2.8519 2.7353 2.6158 2.6642 2.7136 2.7268 2.5965 2.5730 2.6407 2.6487 2.5875 2.4879 2.5136 2.5029 2.5444 2.5935 2.6854 2.8855 1.3716 
3.7056 4.3173 3.4262 3.4203 3.1096 3.0201 2.9355 2.7477 2.7207 2.9036 2.7307 2.5580 2.5044 2.4305 2.5181 2.4965 2.6416 2.4502 2.4262 2.2163 2.2554 2.2463 2.3680 2.4639 2.1871 2.1243 2.2124 2.1941 2.1440 2.2789 2.0486 2.5458 0.9440 
4.1991 4.5106 4.0470 3.7819 3.6157 3.4536 3.3722 3.3317 3.2737 3.1288 3.0447 3.1652 2.9945 3.0392 2.9099 2.8952 2.6755 2.8500 2.8087 2.8833 2.7693 2.8668 2.6777 2.6758 2.7336 2.7172 2.6538 2.6276 2.6232 2.6331 2.6372 2.7162 1.6186 
4.5427 4.3397 4.0954 3.8404 3.6669 3.5186 3.3830 3.2582 3.2787 3.1294 3.0858 3.0921 3.0213 2.9324 2.9641 2.9585 2.9681 2.9065 2.8650 2.7643 2.8179 2.8150 2.7208 2.6761 2.7430 2.6078 2.6673 2.6915 2.6720 2.7083 2.6988 2.5536 1.9925 
5.1265 4.6007 4.5410 4.2168 4.0484 3.8469 3.7274 3.5115 3.6068 3.5136 3.3444 3.1906 3.2671 3.3246 3.3452 3.2370 3.3328 3.1603 3.2526 3.1468 3.0060 2.8809 2.9666 3.0610 3.0580 2.9065 3.0062 3.0200 3.0534 3.0738 3.1636 2.8193 2.5725 
5.0459 4.6120 4.4938 4.0093 3.7548 3.5857 3.4411 3.1207 3.3334 3.4479 3.4605 3.6576 2.9101 2.8136 2.6538 2.9634 2.9396 2.9107 2.5481 2.6012 2.6540 3.3277 3.0950 3.0102 2.8348 2.5114 2.7498 2.7607 2.8140 2.8728 3.0750 2.8395 2.4573 
5.1587 4.6666 4.3559 3.7680 3.4287 3.2552 3.1083 3.1821 2.6501 2.6340 2.5708 2.0492 2.4964 2.5729 1.3893 2.1464 1.8780 2.0884 1.3159 2.4241 2.2496 1.7173 2.1856 2.1921 2.1197 2.5549 2.4299 2.4328 2.4873 2.6283 2.9774 2.8738 2.5657 
4.1286 4.9367 4.7860 4.4354 4.1957 4.0887 3.9798 3.8694 3.7645 3.7569 3.6674 3.6243 3.3639 3.4727 3.3808 3.4367 3.4736 3.3891 3.2804 3.3116 3.1255 3.3067 3.2834 3.3147 3.2608 3.2824 3.2790 3.2624 3.2580 3.2946 3.4002 3.1686 1.7413 
4.6862 5.2056 4.7405 4.3570 4.1715 4.0696 3.8824 3.8334 3.7443 3.5924 3.6709 3.6311 3.3328 3.4828 3.4479 3.3047 3.3114 3.2597 3.3437 3.3178 3.0845 3.3112 3.2868 3.1366 3.2413 3.2503 3.1961 3.2442 3.2308 3.2490 3.3545 3.4246 1.9680 
4.9816 5.2566 4.4307 3.8883 3.6227 3.3857 3.1797 3.2362 3.0104 3.2002 2.9358 3.1763 2.5598 2.7468 2.4365 2.2579 2.3654 2.1916 2.2991 2.5580 2.3162 2.8731 2.5572 2.7453 2.4908 2.5938 2.4663 2.5571 2.6274 2.7643 3.0046 3.4533 2.4044 
4.8507 5.0297 4.4042 3.9544 3.7421 3.6074 3.4576 3.3032 3.2218 2.9463 3.0174 2.9687 3.3406 2.9487 2.9185 2.7776 2.7685 2.7042 2.8223 2.7889 3.0933 2.6606 2.6449 2.5038 2.6665 2.6749 2.7685 2.7807 2.7928 2.8402 2.9938 3.2725 2.3852 
3.8376 5.0454 4.2903 3.5509 2.9991 2.8591 2.4703 1.7810 2.4180 2.8158 2.8425 2.6851 2.5719 2.4899 2.2925 1.7866 1.7916 1.7661 2.1784 2.3019 2.3289 2.4043 2.4631 2.3752 1.8827 1.2353 1.7778 2.0566 2.0802 2.4481 2.9073 3.2824 1.8584 
4.6105 4.7419 4.6366 4.1632 3.9329 3.7906 3.6919 3.5994 3.6408 3.4517 3.4303 3.3301 3.1239 3.3522 3.1094 3.0545 3.2182 3.0042 2.9891 3.1875 2.8924 3.0135 3.0571 3.0114 3.0862 2.9719 2.9618 2.9651 2.9704 3.0146 3.2706 2.9845 1.9100 
4.8251 4.6791 4.3323 3.7436 3.4437 3.3451 3.2332 3.1164 2.8748 2.8406 2.8848 2.7943 2.8083 2.6771 2.8064 2.7208 2.6292 2.6496 2.6611 2.5101 2.5488 2.4780 2.5059 2.3923 2.3494 2.5113 2.5063 2.5271 2.5108 2.6088 2.9684 2.8929 2.1146 
2.9316 4.5320 4.1313 3.7063 3.6339 3.4629 3.4097 3.2484 3.2578 3.1663 3.2105 3.2385 2.9567 2.8514 2.8801 2.6735 2.9195 2.6105 2.7600 2.6416 2.7172 2.9116 2.8430 2.7121 2.7089 2.6004 2.6995 2.6406 2.6414 2.5586 2.7375 2.7582 0.4475 
5.2121 5.0455 4.6096 4.3077 4.1397 3.9440 3.7894 3.7783 3.6625 3.5660 3.4682 3.3666 3.3929 3.4328 3.3632 3.3438 3.2877 3.2950 3.2666 3.2818 3.1635 3.0519 3.1004 3.1113 3.1046 3.1769 3.0714 3.1163 3.1797 3.1906 3.2539 3.2758 2.6118 
2.9704 5.0806 4.6700 4.2716 4.1145 3.9781 3.8470 3.8668 3.6686 3.6840 3.5759 3.4869 3.4709 3.4243 3.2974 3.3513 3.3241 3.3019 3.1804 3.2694 3.2617 3.2076 3.2128 3.2461 3.1148 3.2800 3.1534 3.1514 3.1394 3.1490 3.2990 3.3209 1.1312 
4.7763 4.6369 3.9130 3.5022 3.3410 3.2822 3.1861 3.1788 3.1093 2.8068 2.4989 3.0175 2.8554 2.8199 2.4916 2.9155 2.9258 2.8709 2.3805 2.6063 2.5911 2.7290 2.1296 2.3440 2.5829 2.5566 2.4749 2.4607 2.4028 2.4171 2.5797 2.8664 2.3465 
4.5362 4.1399 4.1957 4.0819 3.9180 3.8401 3.6601 3.5127 3.4631 3.3906 3.2855 3.3182 3.3117 3.2734 3.2068 3.1668 3.0530 3.0942 3.0614 3.0695 3.0555 3.0051 2.9019 2.9480 2.9476 2.9101 2.9229 3.0147 2.9651 2.9325 2.8664 2.4500 1.7786 
4.7076 5.4985 5.0034 4.6050 4.3904 4.2177 4.1725 4.1437 3.9716 3.8332 3.8276 3.8598 3.8052 3.7123 3.6780 3.6841 3.6522 3.6254 3.5391 3.5209 3.5744 3.5739 3.4444 3.3868 3.4308 3.5207 3.4472 3.3897 3.4164 3.4497 3.6261 3.7381 2.4721 
5.5361 5.2566 4.9753 4.5593 4.2882 4.1378 3.9081 4.0318 3.9303 3.8571 3.7509 3.7207 3.6704 3.5749 3.6361 3.5264 3.4954 3.4585 3.4888 3.3868 3.4022 3.4042 3.3728 3.4199 3.4040 3.3990 3.2257 3.3123 3.3390 3.4139 3.5888 3.4364 2.8905 
4.7107 5.3568 4.7062 4.1849 3.9677 3.7212 3.0741 3.8456 3.6245 3.4806 3.3358 3.3462 3.4286 3.2716 3.2798 3.0348 3.1328 2.9855 3.1506 3.0665 3.2154 3.0264 2.9596 3.0277 3.0707 3.2653 2.3822 2.8950 2.9982 3.0381 3.3228 3.5776 2.4318 
4.7961 4.1055 4.7371 4.4421 4.2060 4.1118 4.0091 3.8439 3.8047 3.7324 3.6328 3.7322 3.6609 3.6081 3.5508 3.5332 3.4635 3.4647 3.4253 3.4121 3.3889 3.4188 3.2614 3.2922 3.2928 3.2625 3.2965 3.2861 3.2667 3.3005 3.3743 2.3701 2.1657 
4.0840 5.0963 4.6778 4.2042 3.9357 3.8327 3.5431 3.6415 3.6619 3.4230 3.3994 3.3716 3.3215 3.1737 3.2183 3.1234 3.0927 3.0548 3.0714 2.9824 3.0672 3.0587 3.0181 2.9766 3.1051 3.0052 2.8512 3.0093 2.9759 3.0641 3.3101 3.3427 0.7446 
4.5198 4.6921 4.7996 4.3392 4.1265 3.9811 3.9034 3.6697 3.6390 3.5467 3.4878 3.4234 3.4812 3.3812 3.3205 3.3670 3.3312 3.3161 3.2182 3.2284 3.2688 3.1212 3.1216 3.0932 3.0839 3.0194 3.2202 3.1560 3.1615 3.2300 3.4111 2.9445 1.8314 
4.9114 3.7020 4.4976 4.2506 3.9153 3.7420 3.6784 3.4162 3.4142 3.3810 3.3005 3.1186 3.2002 3.0932 3.0795 3.1315 3.0326 3.0612 2.9675 2.9223 2.9434 2.8395 2.9186 2.9379 2.8989 2.8334 2.9451 2.9164 2.9563 3.1192 3.0968 1.8704 2.3571 
4.5165 4.0818 4.2397 3.6999 3.6341 3.4905 3.2013 3.2834 3.2865 3.0808 3.1865 2.9620 3.0113 2.9461 3.0159 2.7730 2.6136 2.7003 2.9103 2.7862 2.7917 2.6501 2.8281 2.6299 2.7597 2.6519 2.4793 2.6696 2.6502 2.5562 2.8984 2.2437 1.7342 
3.5283 4.7029 4.0397 3.6924 3.3469 3.1490 3.1818 3.0547 3.0144 2.8880 2.8779 2.6921 2.5791 1.9088 2.6270 2.0324 2.1504 1.9732 2.5209 1.7198 2.3509 2.4172 2.4950 2.4479 2.4992 2.4611 2.4677 2.3176 2.3959 2.5381 2.6607 2.9391 1.2227 
3.8995 4.6470 3.4109 3.0381 3.3599 3.2038 3.2335 2.6012 2.8844 2.7252 2.6012 2.5861 2.7208 2.6786 2.5497 2.5529 2.6067 2.5004 2.4503 2.5076 2.4843 2.2793 2.2231 2.2688 2.3588 2.0181 2.4992 2.3737 2.4151 1.8793 2.0601 2.8844 1.6039 
4.2720 4.4652 3.3207 2.7873 3.0947 2.9269 2.0294 2.9204 2.7490 2.5460 2.7940 2.3911 2.8584 2.1571 2.5955 2.1511 2.4661 2.0969 2.4864 2.0084 2.5952 2.0720 2.4257 2.1012 2.1975 2.3017 1.3224 2.0962 2.1239 1.6189 1.9314 2.6624 1.8373 
4.4905 4.1041 3.6505 2.8607 2.9241 2.4935 2.0055 2.9901 2.7256 2.6033 2.6384 2.0827 1.4360 1.7208 1.6504 2.0172 2.2586 1.9614 1.5163 1.5739 1.1948 1.7633 2.2630 2.1629 2.1873 2.4062 1.3195 1.6629 1.9846 1.6875 2.2556 2.2960 1.9938 
4.2529 4.1198 3.5400 3.2209 2.9646 2.8869 2.7853 2.7218 2.5584 2.5481 2.1875 2.1883 2.3329 2.1122 2.1420 2.4507 2.3693 2.3987 2.0456 1.9474 2.0901 1.9023 1.7961 2.1034 2.0474 2.1053 2.0632 2.0615 2.0232 2.0722 2.1645 2.3312 1.7490 
4.1684 4.2001 3.7369 3.3438 3.0804 2.6654 3.1982 3.1907 2.9740 2.7770 2.4234 2.4254 2.4469 2.4702 2.5889 2.5991 2.6526 2.5455 2.4818 2.2788 2.1836 2.0962 2.0365 2.3196 2.4621 2.5590 2.4813 1.8338 2.1228 2.1877 2.3630 2.4384 1.5932 
3.9029 3.5328 2.5440 2.0844 2.2492 1.6683 2.6277 1.9844 1.8698 2.2121 1.8668 2.0922 1.8362 2.2505 2.1489 1.8488 0.4624 1.7784 2.0459 2.0842 1.6239 1.7747 1.5029 1.7718 1.3506 1.3347 1.9403 0.8617 1.2966 0.9477 1.1699 1.7355 1.3561 
4.5425 3.9630 3.5295 3.3158 3.1722 2.9643 2.8414 2.8938 2.7576 2.6446 2.6293 2.7277 2.4926 2.0241 2.4545 2.3371 2.4596 2.2644 2.3287 1.8121 2.2375 2.4387 2.2621 2.1939 2.2095 2.2683 2.1059 2.1374 2.1888 2.1656 2.1402 2.1372 1.9601 
4.1983 3.6753 3.0006 2.8787 2.4817 1.7816 2.2979 1.6310 2.2649 2.3657 2.1349 2.2721 2.4265 2.0366 1.7332 1.9791 1.1861 1.9034 1.6322 1.8328 2.1567 1.9995 1.7572 1.9105 1.7423 0.9852 1.6077 0.9483 1.5199 1.7251 1.6310 1.8313 1.6383 
3.8718 3.6608 3.0605 3.0026 2.7397 2.1945 2.6799 2.5628 2.3698 2.6462 2.3344 2.4159 1.7697 1.6785 1.7701 1.4906 2.1101 1.4267 1.6651 1.4957 1.5478 2.0853 1.9737 2.1952 1.8220 1.9727 2.0025 1.3639 1.7673 1.8669 1.6852 1.8314 1.2985 
3.6874 3.3559 2.8697 2.7522 2.2531 2.0448 2.1853 2.2130 2.2472 1.9923 1.0351 1.9250 1.8801 2.1515 1.9939 1.8523 1.4605 1.7861 1.8433 2.0040 1.6492 1.6270 0.6748 1.5302 1.7272 1.6257 1.4864 1.2143 1.2954 1.6196 1.4738 1.5830 1.1004 
2.1762 2.8420 2.2901 2.3819 1.5976 1.3825 1.7919 2.3243 1.9634 2.0899 1.9422 1.9510 1.7970 1.3058 0.9697 1.7692 0.2958 1.7112 0.8724 1.1491 1.5954 1.6402 1.5787 1.6499 1.4126 1.7036 1.1072 0.5720 0.6125 1.2459 0.8755 1.0491 -0.0534 
2.7211 2.9795 2.8248 1.8824 2.0477 1.7418 2.0782 1.9748 1.6904 2.3921 1.8131 1.9428 2.3279 2.3537 2.3561 2.1406 1.3695 2.0857 2.2135 2.1620 2.0866 1.6428 1.4413 1.9396 1.1807 1.3448 1.3500 0.9390 1.0756 0.7686 1.4176 1.2488 0.0588 
4.0284 3.5159 2.8488 2.8891 2.8510 2.5528 2.7504 2.7398 2.2687 2.3188 2.4237 1.8468 2.1304 1.7686 1.8589 1.5932 1.3064 1.5183 1.7399 1.6134 1.8943 1.5634 2.0385 1.8644 1.7432 2.1180 2.0462 1.7273 1.8632 1.7409 1.4450 1.7094 1.4363 
4.2128 3.5592 3.0153 2.5781 2.1831 1.5107 2.5378 2.0846 2.0742 1.9886 2.1013 1.9028 1.4870 1.2676 1.6634 1.4530 1.7870 1.3915 1.5635 1.0855 1.2445 1.6122 1.7249 1.5327 1.5615 1.4700 1.8194 0.6851 1.2408 1.4343 1.6563 1.7380 1.6604 
4.0396 2.9662 2.4369 1.6065 2.1114 2.3397 2.1437 1.5866 1.7543 1.6855 2.0720 1.0049 1.4599 1.5995 1.8766 1.7430 1.6912 1.6874 1.7595 1.3815 1.2391 0.7288 1.6939 1.2541 1.2487 0.9555 1.4280 1.5292 1.1798 0.5431 1.0689 1.2599 1.4259 
3.5981 3.2938 3.1505 2.6859 2.4983 2.7007 2.6681 2.2245 2.0460 1.6117 2.1231 2.3192 2.0192 2.1564 1.2727 1.9023 1.9823 1.8312 1.1807 2.0084 1.7511 2.0279 1.7483 1.1620 1.5151 1.6325 1.9852 1.8723 1.5511 1.5656 1.7571 1.4910 0.9537 
3.0147 2.9449 2.7737 2.5784 2.4099 2.2805 2.0957 2.0688 1.9360 1.6106 1.6270 1.1959 0.7896 1.7950 1.9116 0.3711 1.6171 0.2196 1.7767 1.6443 0.5356 0.8603 1.2423 1.1728 1.3779 1.4401 1.3812 1.4420 1.4274 1.4444 1.3841 1.1697 0.2108 
4.4399 3.8571 3.3219 3.2458 2.8838 2.8011 2.8293 2.5902 2.5847 2.4301 2.4404 2.4802 2.3072 2.2896 2.2940 2.0647 2.3546 2.0208 2.1725 2.1134 2.0708 2.1637 2.0571 1.9791 2.0685 2.0082 2.0912 1.9775 1.9122 2.0846 1.9415 2.0629 1.8388 
3.8960 3.3127 2.1757 1.2618 2.2725 2.1745 2.0652 1.7769 1.7754 1.5689 2.0026 0.7317 1.7701 1.1982 0.9150 1.7472 0.9254 1.6928 0.8151 0.9988 1.5510 0.4343 1.6205 1.1158 1.2665 1.1954 1.3456 1.3507 1.3121 0.1318 0.8133 1.5047 1.3353 
3.7620 2.8998 2.0796 2.2357 2.2594 1.6716 2.1300 1.6688 2.0022 1.7168 2.1397 1.1426 1.9056 1.4347 1.5275 1.5931 1.6405 1.5123 1.3860 1.2628 1.6646 0.8370 1.7650 1.2823 1.4456 1.0550 1.4171 0.8608 1.3049 1.1240 0.7026 1.0840 1.2068 
3.2682 3.2364 2.9233 2.6786 1.6049 2.1402 2.0879 2.3534 2.0943 2.0510 2.0061 1.7667 1.2407 1.7134 1.4437 1.6301 -1.6458 1.5840 1.3261 1.5534 0.9802 1.4571 1.6216 1.6084 1.5983 1.7224 1.3684 1.3116 0.6217 1.5625 1.5566 1.4194 0.6468 
3.3676 3.0157 2.8152 2.4332 2.0219 2.6031 1.9622 2.5731 2.1727 2.1338 2.0459 2.2360 1.3587 2.2067 2.3999 2.1119 0.7117 2.0601 2.2531 2.0512 1.1529 1.9537 1.6649 1.6916 1.6529 1.9871 1.2439 1.7771 1.0423 1.2690 1.3971 1.2311 0.7728 
3.4241 3.0912 2.7228 2.4519 2.6377 1.6465 2.3308 2.0160 1.9459 1.4761 1.9497 2.2218 1.7759 1.6511 1.5206 1.2120 1.4392 1.1619 1.3810 1.4654 1.5623 1.9386 1.5924 1.0242 1.3921 1.3674 1.6271 0.8171 1.6854 1.2992 1.3358 1.2936 0.8453 
3.5449 3.1274 2.6430 2.1865 2.4027 1.6033 2.1839 1.9778 2.4260 1.6251 1.8330 2.0535 1.7306 1.8959 1.6232 1.0608 1.8117 0.9832 1.4920 1.7131 1.5032 1.7318 1.4701 1.1838 1.8720 1.3486 1.4762 0.7864 1.4068 1.0490 1.2702 1.3195 0.9512 
3.0590 2.9263 2.7923 2.4701 2.1536 2.1154 2.2195 2.1588 2.3668 2.0849 1.8645 0.8071 1.4346 1.8155 1.8407 1.9036 1.8524 1.8340 1.7278 1.6558 1.2145 0.4767 1.4993 1.6437 1.8156 1.5708 1.5315 1.2896 1.2059 1.3168 1.3799 1.1632 0.4520 
3.3523 2.0768 2.4349 2.6518 2.1056 1.6693 1.9198 1.7133 1.3979 1.9167 1.7732 1.8437 2.1167 2.3209 1.8855 1.9996 2.0180 1.9241 1.7604 2.1355 1.8752 1.5684 1.3906 1.4641 0.8726 1.1066 1.2148 0.8513 1.1638 1.5380 1.0182 0.1041 0.7718 
3.1857 2.0533 1.8071 2.0105 1.9216 2.1119 2.3728 2.4860 2.4769 1.6791 2.1608 1.5734 2.4168 1.1385 0.2638 1.6118 0.6022 1.5481 0.1199 0.9244 2.1458 1.2603 1.7790 1.2252 1.9593 1.8665 1.6522 1.2834 0.9347 0.8399 0.4180 0.1206 0.5672 
3.0099 2.5537 2.3235 1.6485 1.6062 1.5014 1.7874 2.1642 2.2760 1.8075 2.0462 1.7525 1.7614 1.3803 1.6861 1.2720 1.8601 1.2266 1.5949 1.2245 1.5381 1.4437 1.6650 1.3616 1.7491 1.5813 1.1009 0.6724 0.6153 0.4935 0.9343 0.7765 0.4351 
3.4307 3.2682 2.6448 2.6598 2.0449 1.9865 1.3195 2.0356 2.1396 2.3023 1.9631 1.9626 1.1318 1.7561 1.6882 1.8084 1.6482 1.7567 1.5961 1.6048 0.8713 1.6481 1.5967 1.8490 1.6314 1.3961 0.6244 1.1568 1.0600 1.5453 1.2701 1.4559 0.8649 
3.4602 3.2358 2.6968 2.4305 2.3306 2.2511 1.8371 1.8170 1.9483 2.1802 1.5375 1.9551 2.0303 0.8525 2.0213 2.0461 1.7765 2.0037 1.8789 0.7023 1.7670 1.6464 1.1660 1.7331 1.4029 1.2251 1.1474 1.4250 1.3548 1.2807 1.3027 1.4106 0.8907 
3.2601 2.8768 2.1541 2.5453 2.1854 2.2643 2.5962 2.2763 2.0755 2.1916 2.1740 2.1795 2.0891 1.6885 1.6637 2.0171 1.9933 1.9488 1.5613 1.5193 1.8375 1.8765 1.7910 1.7533 1.5642 1.6681 1.8886 1.4471 1.2284 1.4021 0.7821 1.0605 0.6384 
2.8351 2.7224 2.2225 1.6289 2.1305 2.2756 1.8466 1.7199 1.7659 0.1141 0.5995 1.6832 1.8327 0.6078 1.7451 1.4230 0.9029 1.3616 1.6416 0.4342 1.6170 1.3651 0.2270 -0.3412 1.2474 1.1251 1.1641 1.4484 1.1957 0.4784 0.8447 0.9396 0.3441 
2.6911 2.6082 2.4395 2.1330 1.7642 1.7518 1.9176 1.2247 1.3498 1.7107 0.9652 1.1853 1.2251 0.8765 1.6439 1.4297 1.0663 1.3641 1.5276 0.6995 0.9560 0.8555 0.5811 1.2663 0.8339 0.6139 1.2156 0.9177 0.8037 1.0088 1.0151 0.8881 0.1076 
3.7329 1.7798 2.1702 1.6423 2.0862 2.0039 2.0113 2.0945 2.2601 2.2907 1.4896 2.0903 2.1709 2.2674 1.7408 1.8492 2.0250 1.7817 1.6330 2.0959 1.9507 1.7742 1.1310 1.8375 1.7367 1.4780 1.2677 1.1634 1.1149 0.4273 0.7444 0.4024 1.1453 
