3.5857 2.6863 1.8003 1.8559 1.3269 2.1189 1.8713 1.1978 0.7473 1.0961 1.3706 1.1872 1.6678 1.4092 1.0126 0.9139 0.1059 0.8331 0.8484 1.1722 1.3405 0.7429 0.8325 0.4601 0.0173 0.2814 0.8247 0.9509 -0.0296 0.2323 -0.2171 0.2078 -0.1029 
1.5767 2.2134 1.6691 1.2886 1.5157 0.1790 1.8278 -0.3314 1.3378 1.5165 0.8784 1.4439 0.3505 1.1542 1.0450 0.8911 1.0563 0.8130 0.8819 0.8802 0.0717 0.9983 0.3408 0.8868 0.6036 -1.2058 0.7849 -0.9681 0.1645 -0.3432 -0.3178 -0.3102 -2.2885 
2.4553 2.3679 0.9701 1.5098 1.3981 0.5925 1.3286 0.9601 1.1116 0.8441 0.1705 0.8965 0.8095 0.9510 0.0823 0.7601 -0.5924 0.6965 -0.1416 0.7323 0.4595 0.4638 -0.3799 0.2165 0.3412 0.1289 0.2956 -0.5558 0.0454 -0.0992 -0.9317 -0.2124 -1.1367 
3.1332 2.9701 2.4447 2.0973 1.9324 1.1124 1.4333 1.8881 1.7388 -0.1117 1.4373 1.1294 -0.3327 0.4269 0.9226 0.7779 1.1012 0.7142 0.7709 0.1896 -0.6813 0.7079 0.9049 -0.7502 0.9558 0.9786 0.4164 -0.0720 0.5588 0.4821 0.4260 0.3802 -0.5585 
1.9123 2.0637 1.8773 1.2079 0.5464 0.1224 0.9515 1.5132 0.6816 0.7664 1.0025 1.1211 1.2705 0.7745 0.4053 1.2639 0.9578 1.1585 0.2553 0.5154 0.8883 0.7058 0.4808 0.1426 -0.1124 0.6840 -0.0230 -1.0452 -0.8516 -0.4296 -0.1261 -0.4442 -1.9138 
2.4227 1.6355 1.3247 1.2687 0.8705 -0.6965 1.5315 1.6944 0.5317 1.1985 1.3065 0.9245 0.7560 1.4408 1.1260 0.9434 0.8894 0.8771 0.9313 1.2224 0.3954 0.5003 0.7622 0.5484 -0.2543 0.8162 0.5600 -1.9705 -0.4590 -0.3900 -0.6684 -0.9742 -1.3825 
2.6253 2.1048 1.6461 1.1555 1.1784 1.6061 1.0090 0.7584 1.2679 1.3461 0.4080 0.5178 0.4868 0.4850 0.9272 0.0750 1.2486 -0.0288 0.7754 0.2360 0.1634 0.1105 -0.1270 0.7186 0.4828 -0.1269 0.0240 0.4293 -0.2109 -0.4381 -0.3275 -0.3795 -0.9976 
2.0412 1.7338 1.4214 -0.0204 0.7328 1.1962 1.8478 1.3118 0.3945 1.0132 1.2886 0.7133 -0.0746 0.4183 0.4219 0.9974 0.8586 0.9213 0.2654 0.1827 -0.4180 0.2523 0.7432 0.3768 -0.3432 0.4094 0.7959 0.0364 -0.6550 -1.6087 -0.5111 -0.7934 -1.5453 
1.9697 1.2606 1.1961 0.7376 0.1172 0.5303 0.4369 0.2387 0.4711 0.5148 0.2450 0.1141 -0.7384 0.3263 -0.7240 -0.0300 -0.3699 -0.1374 -0.8816 0.1075 -1.0475 -0.3506 -0.2893 -0.1312 -0.2822 -0.6068 -0.5402 -0.6385 -1.2710 -0.9045 -0.8070 -1.3674 -1.6804 
-0.4116 1.8597 1.7846 1.5837 1.8846 1.5776 0.8926 0.5910 1.3840 1.5142 0.7031 -0.2831 1.2556 1.0007 0.7318 0.2524 0.9063 0.1849 0.5541 0.7677 0.8737 -0.7125 0.1583 0.8840 0.6728 -0.3097 -0.1366 0.3923 0.4844 0.0200 -0.1981 -0.6463 -2.7394 
2.5533 1.9015 1.2771 1.3495 1.1887 0.1149 0.8079 0.9931 0.3819 0.7668 1.3132 1.5356 1.2595 0.9454 1.1081 1.0067 -3.8068 0.9244 0.9259 0.7287 0.8716 1.1276 0.7717 0.1442 -0.3521 0.1481 -0.2184 -1.0757 -0.2264 -0.2745 -0.7201 -0.6801 -1.0761 
3.2239 1.8997 1.1599 0.8046 0.8037 1.4702 1.8722 1.5197 0.2611 -0.7482 0.6266 0.7496 1.2698 0.5120 0.3285 -0.1484 0.4743 -0.2421 0.1711 0.2498 0.8858 0.3044 0.0943 -1.3639 -0.4591 0.6887 0.8299 0.3062 -0.5627 -0.8612 -0.7892 -0.5605 -0.4314 
2.8222 2.6871 2.1737 1.6440 1.6850 1.4218 1.8272 2.4287 1.4367 1.4685 0.9310 1.8716 2.5242 1.3413 1.7334 1.1588 0.3074 1.0488 1.5362 1.0616 2.1560 1.4117 0.4059 0.8306 0.7297 1.5121 0.7698 0.2537 0.3049 0.0822 0.2328 0.1685 -0.8363 
3.2767 2.7298 2.3042 2.1998 1.8155 1.3234 0.8479 1.5200 1.6618 0.6672 1.0364 0.9595 1.2378 1.6663 0.9276 1.1588 1.4591 1.0590 0.7729 1.4131 0.8582 0.5582 0.5136 0.0216 0.9080 0.6965 -0.1877 0.1493 0.3931 0.6112 0.3308 0.1802 -0.4037 
2.3756 1.2227 1.3370 0.8521 0.6875 1.4090 1.5238 0.8129 1.0647 0.3800 0.7058 0.6993 1.2428 -0.7672 0.7761 0.1731 0.7045 0.1084 0.6311 -1.0111 0.8605 0.2394 0.1624 -0.2524 0.3105 -0.0365 0.5356 0.2351 -0.6982 -0.7694 -0.6372 -1.3566 -1.3169 
2.5080 1.9127 0.8726 0.0753 -0.1480 0.8081 0.8399 1.2498 0.5081 0.6839 0.3446 0.8887 0.2044 0.5229 0.1324 0.3713 -1.2741 0.2940 -0.0518 0.2643 -0.1644 0.4580 -0.1958 0.0631 -0.2500 0.3256 -0.1615 -0.3717 -1.5940 -1.5377 -1.0093 -0.5140 -1.2440 
-0.4209 1.8535 1.3344 1.7539 1.9483 1.4296 0.9921 1.6558 1.6844 1.1721 1.3244 1.3109 0.8809 0.1898 0.8301 0.7675 -0.0230 0.7003 0.6942 -0.0637 0.5478 0.8509 0.7836 0.5205 0.9234 0.7942 0.0322 0.2536 0.5966 0.1515 -0.5849 -0.6599 -3.1232 
2.6163 1.9252 -0.2531 1.1149 1.0728 0.2781 0.8386 -0.9759 0.6128 0.7942 0.7484 0.3866 0.8796 0.4742 -0.1802 0.4359 -0.5311 0.3426 -0.3329 0.2181 0.5554 -0.0267 0.2111 0.1615 -0.1599 -1.7480 -0.1742 -0.9164 -0.2890 -0.4844 -2.5722 -0.4869 -1.0837 
2.5905 1.1305 -0.5364 1.1333 0.4674 0.7964 0.9538 0.4662 0.7623 0.2652 1.1323 0.8035 0.2483 0.6044 0.7346 0.8818 0.2157 0.8057 0.5521 0.3303 -0.1020 0.3584 0.6162 -0.3796 0.0255 -0.3906 -0.0361 -0.3716 -0.8871 -0.4583 -2.2048 -1.2156 -1.0837 
3.3691 1.7454 1.5323 1.2852 0.2961 1.4605 1.3892 1.1028 -1.0764 0.7928 -0.3609 1.1257 1.6348 1.8380 1.4271 1.0819 0.6111 0.9809 1.2880 1.5288 1.3184 0.7095 -0.8960 0.1672 -1.9403 0.2279 0.3587 0.2871 -1.0425 -0.3718 -0.4300 -0.9528 -0.3053 
3.5775 2.6534 1.7332 1.1629 1.5564 1.6595 1.5606 1.6021 0.6209 0.3317 -0.1351 1.2654 1.2895 1.2809 1.1072 0.5737 0.2193 0.4619 0.9243 0.9838 0.9158 0.7991 -0.6497 -0.3015 -0.1597 0.7528 0.5814 0.4929 0.2060 -0.4661 -0.2594 0.0894 -0.1426 
3.3792 2.2527 1.9898 1.8696 1.6713 1.4511 1.0519 0.9752 0.9363 0.7880 0.8953 1.3004 1.6483 1.0325 1.1128 1.1930 1.2484 1.0863 0.9279 0.7864 1.3253 0.8431 0.3522 0.1582 0.2124 0.1396 0.0703 0.2776 0.2953 0.2289 0.0653 -0.3585 -0.2822 
3.2833 2.7872 2.0812 1.8471 1.9932 1.6076 1.2580 0.5350 0.5495 1.4068 1.5119 1.0672 0.6182 1.0095 1.3823 0.8467 1.1495 0.7698 1.2503 0.7730 0.2516 0.6723 0.9707 0.7807 -0.2329 -0.3440 0.2017 0.4363 0.6535 0.2058 0.1291 0.2353 -0.3749 
3.5268 2.9493 2.5571 0.9235 1.9372 0.7035 1.3492 1.4651 0.7734 1.4161 0.9269 1.2737 1.1501 0.3055 1.0724 1.2690 0.0363 1.1689 0.9006 0.0878 0.7974 0.8079 0.3864 0.7868 0.0436 0.6280 0.3198 -0.4743 0.5716 -0.6351 0.6049 0.3475 -0.1822 
3.4382 2.6912 2.2490 1.2578 1.5894 1.3440 0.9174 1.2293 1.4560 1.2893 -0.4490 0.5322 -0.6996 0.6299 0.9635 0.7106 0.7960 0.6451 0.8118 0.3406 -1.0343 0.1168 -1.0126 0.6716 0.7264 0.3311 -0.0789 0.1732 0.2317 -0.4043 0.2694 0.1342 -0.2707 
3.6458 2.8271 2.2142 1.3789 1.7380 0.6295 1.9909 0.6372 1.4759 1.3774 0.5394 0.0964 1.5953 0.5540 -1.1901 0.7981 1.0138 0.7295 -1.3854 0.2774 1.2912 -0.3710 0.0304 0.7471 0.7475 -0.2622 0.9618 -0.5310 0.3393 -0.2467 0.2441 0.2483 -0.0377 
3.0957 0.6940 1.2816 1.6359 1.6115 0.6507 0.9815 1.0345 1.0331 0.7582 1.3028 0.9747 -0.0667 1.2203 1.3925 1.2544 -1.9442 1.1429 1.2611 0.9263 -0.4192 0.5652 0.7583 0.1395 0.2880 0.1880 0.0121 -0.5032 0.2476 0.0514 -0.7409 -2.3376 -0.6154 
3.6340 2.8217 2.2377 1.5950 1.5155 1.5922 1.3436 0.5403 0.7827 1.2876 0.2953 0.6712 0.9902 0.7450 0.6946 0.9699 0.7658 0.8965 0.5000 0.4751 0.6919 0.2060 -0.2505 0.6633 0.0671 -0.3474 0.3165 0.4176 0.1649 0.0117 0.2712 0.2443 -0.0460 
2.2070 1.3279 0.9976 0.6893 0.1515 0.1389 0.2964 0.1225 0.4209 0.7669 0.9150 0.6798 0.2571 -0.4485 -0.1318 0.1745 -1.4525 0.1125 -0.2902 -0.7141 -0.0842 0.2111 0.3680 0.1430 -0.3127 -0.7959 -0.7241 -1.0440 -1.2499 -0.9462 -0.9614 -1.2718 -1.5491 
2.8701 1.7794 2.0321 1.2228 0.1546 1.0457 0.3411 1.4412 0.4942 1.1696 1.3755 1.0572 1.9034 1.0257 1.0091 0.8863 0.5565 0.8100 0.8488 0.7818 1.5238 0.6722 0.8359 0.5232 -0.2628 0.5929 -0.6327 -0.1300 -1.1965 -0.4277 0.1067 -0.8515 -0.7985 
2.9902 0.9262 1.6087 0.7591 1.5342 1.4799 1.4816 0.2334 1.5824 1.3394 1.2491 0.9638 0.4562 0.3200 0.4221 0.9874 0.6413 0.9158 0.2691 0.1024 0.1345 0.5505 0.7077 0.7083 0.8494 -0.6479 0.4697 0.3153 0.1908 -0.8613 -0.3628 -1.6412 -0.7321 
3.4900 2.8261 1.6027 0.9200 1.4311 -1.2832 0.9440 1.0824 1.1042 1.1739 1.2839 -0.1904 0.9050 1.4301 1.5725 0.8937 0.8047 0.8115 1.4175 1.2058 0.5926 -0.6197 0.7375 0.5274 0.3404 0.2144 -0.0373 -2.4348 0.0963 -0.7271 -0.3611 0.2670 -0.1581 
1.9798 1.3202 1.0826 1.5323 1.5231 1.5938 1.5531 1.6470 1.1833 1.2956 1.5841 1.4101 1.4178 1.0223 -0.3126 0.0454 0.4417 -0.0606 -0.4484 0.7814 1.0758 0.9570 1.0621 0.6760 0.3977 0.7831 0.5730 0.4196 0.1831 -0.0635 -0.8773 -1.3073 -1.6833 
3.1753 2.9032 1.5990 2.0262 1.5756 1.8958 1.9351 2.0351 1.2648 -0.2439 0.3595 0.5964 0.8268 1.3805 1.1093 1.0053 -0.4559 0.9243 0.9251 1.1323 0.4887 0.1507 -0.1678 -0.8609 0.4677 1.1861 0.9066 0.7206 0.2275 0.3969 -0.3321 0.3352 -0.4331 
2.5276 2.4621 2.0799 1.9565 2.0556 1.6733 1.7924 1.3889 1.0468 1.3424 0.7072 0.4456 0.3374 0.9628 0.8678 0.8202 -0.3343 0.7454 0.7205 0.7377 0.0299 0.0560 0.1634 0.7156 0.2907 0.5227 0.7598 0.4994 0.7135 0.3237 0.1504 -0.1170 -1.1689 
0.7123 1.9132 1.4926 1.0618 0.9372 0.8269 1.4767 0.0914 1.2538 0.9313 0.0747 0.0099 0.8346 0.5276 0.4815 0.6566 0.6306 0.5503 0.3105 0.2589 0.4955 -0.4218 -0.4755 0.3080 0.4590 -0.7978 0.4658 -0.3511 -0.4226 -0.4872 -0.4381 -0.5590 -3.7411 
2.2266 1.7034 0.9751 0.1928 1.4707 1.3891 0.0910 1.0328 0.9221 0.3116 0.9549 0.8997 -0.0882 0.3613 0.4391 0.4382 0.5757 0.3506 0.2724 0.1431 -0.4279 0.4594 0.4334 -0.3136 0.1819 0.1794 -0.9258 0.2067 0.1332 -1.3978 -0.9754 -0.8560 -1.4130 
2.4166 2.0600 1.2490 0.8810 1.4655 1.4045 1.5420 1.0484 1.2732 0.3863 0.4950 1.2947 1.0903 1.7589 0.9607 1.3530 -1.1966 1.2872 0.8106 1.4838 0.7651 0.8366 -0.0401 -0.2422 0.4981 0.1947 0.5590 0.2216 0.1117 -0.6938 -0.8554 -0.4022 -1.5021 
2.2898 1.9594 1.5804 1.3502 1.7727 1.1737 1.0550 1.1003 1.0773 1.2970 1.1652 -1.1393 0.9916 0.2631 0.9634 0.8090 -0.3692 0.7378 0.8143 0.0376 0.6938 -1.6100 0.6491 0.6749 0.3275 0.2237 0.0896 -0.0116 0.3643 -0.2799 -0.3589 -0.5419 -1.2728 
2.8832 2.2347 0.6742 0.4029 1.6581 1.2648 1.0735 1.2424 1.2347 1.2132 1.3106 1.4938 0.4447 0.7827 0.7630 0.7399 0.9284 0.6828 0.6006 0.5364 0.1302 1.0569 0.7686 0.5665 0.4439 0.3299 0.0935 0.0861 0.2913 -1.1519 -1.3062 -0.3073 -0.7386 
1.0373 1.1828 1.2444 0.5220 0.9338 0.6758 0.8672 0.4489 0.3077 0.0609 1.2092 0.8489 -0.2386 1.1094 0.0791 0.2241 -1.9115 0.1539 -0.1506 0.8485 -0.5139 0.3990 0.6858 -0.6088 -0.4167 -0.4120 -0.1491 -0.4946 -0.4191 -1.0571 -0.7846 -1.3747 -2.7597 
1.9606 1.9885 1.3612 1.6880 1.5097 -0.9856 1.5914 1.1934 1.1612 1.4393 1.6743 1.5652 1.3875 0.5377 0.0867 0.2091 -1.9739 0.1418 -0.1225 0.2672 1.0326 1.1617 1.1579 0.8095 0.3858 0.2840 0.6226 -2.0915 0.1545 0.1048 -0.6334 -0.5001 -1.5824 
2.4680 2.0298 1.0340 1.5808 2.0868 1.9283 0.6625 1.6099 0.7534 1.2885 1.5737 0.5709 0.5987 0.5048 1.0725 0.6174 0.3056 0.5071 0.9016 0.2530 0.2312 0.1347 1.0504 0.6690 0.0051 0.7582 -0.3911 0.7502 0.7387 0.0035 -0.8932 -0.4957 -1.2763 
2.7532 2.6413 1.6068 1.8807 1.9485 0.9557 0.5906 0.2055 1.4508 1.5782 0.7613 -0.2783 0.7249 1.4226 1.0145 0.4132 0.2281 0.3376 0.8504 1.1923 0.3511 -0.7095 0.2106 0.9361 0.7286 -0.6364 -0.4229 -0.2301 0.5895 0.2428 -0.3805 0.1237 -0.9259 
0.8306 0.7551 1.4626 0.9981 0.0737 1.1828 0.6177 1.4897 1.1480 0.1752 0.9485 0.1019 1.1635 1.1263 0.6779 0.7692 -0.0168 0.7010 0.4694 0.8576 0.8099 -0.3618 0.4251 -0.4493 0.3622 0.6600 -0.4026 0.0148 -1.3097 -0.5947 -0.4739 -1.7758 -3.0660 
1.5319 0.7145 0.4671 1.2774 0.4104 1.4073 1.6462 0.7781 0.9906 1.1887 1.6329 0.8707 -0.2752 0.6979 0.7594 0.7991 0.1957 0.7285 0.6090 0.4090 -0.5721 0.4226 1.1137 0.5391 0.2534 -0.1049 0.6764 0.2336 -0.9796 -0.3667 -1.4601 -1.7841 -2.1311 
2.1679 1.7859 1.2705 1.3254 1.1365 0.9727 0.9782 1.4460 0.9461 0.8456 0.0986 1.4500 1.6876 1.6108 0.7817 0.4102 -0.3369 0.3332 0.6364 1.3705 1.3519 1.0106 -0.4365 0.2144 0.2152 0.5977 0.0125 -0.2085 -0.2486 -0.3227 -0.7141 -0.8077 -1.4279 
1.2448 2.1163 1.3992 1.8872 1.2993 0.8229 1.1918 0.8252 -0.3113 1.3499 0.6012 1.4951 0.2590 0.7725 0.2127 0.3089 1.3905 0.2425 0.0853 0.5133 -0.0810 1.0581 0.0965 0.7248 -1.0620 -0.0333 0.1690 -0.3550 -0.1099 0.2416 -0.5121 -0.3713 -2.2665 
2.9202 1.3074 1.2045 1.0196 1.8697 1.6906 1.0659 1.4176 0.9300 1.0300 0.3168 1.0245 1.5156 1.0528 0.9673 1.4194 1.4055 1.3481 0.8143 0.8029 1.2134 0.6335 -0.2350 0.3929 0.1935 0.5638 0.0879 0.5155 0.4711 -0.5630 -0.8344 -1.1466 -0.7748 
3.2232 1.9250 2.2492 0.2232 1.5160 2.0142 0.8326 1.3709 0.7566 2.3363 1.1153 1.9469 1.6786 1.2124 0.7811 0.6338 0.6164 0.5240 0.6398 0.9217 1.3441 1.5010 0.5849 1.6893 0.0399 0.4933 -0.1883 0.8372 0.1711 -1.2951 0.2842 -0.7294 -0.4199 
1.7809 1.5818 0.1106 1.3644 0.2736 2.0191 2.3338 1.8039 0.6910 1.3718 1.4485 2.1072 -0.0563 1.3312 0.5275 0.9561 1.5785 0.8924 0.3340 1.0637 -0.4402 1.6895 0.9212 0.7485 -0.0924 0.8941 1.3246 0.8471 -1.0739 -0.2592 -1.8628 -0.8899 -1.9043 
2.0305 2.0095 1.5131 1.5239 1.1389 1.7207 1.2772 1.5046 1.0882 0.7263 1.3259 1.3961 1.0415 1.0814 1.1156 1.4284 1.0313 1.3558 0.9285 0.8256 0.7275 0.9406 0.7848 0.0989 0.3321 0.6768 0.2219 0.5531 -0.2631 -0.0599 -0.4356 -0.4902 -1.7777 
2.2881 2.6045 1.9551 1.3257 0.7226 2.3067 2.4368 1.9074 2.2016 2.5041 2.5788 2.5099 2.6073 2.6101 2.7944 2.7448 2.9728 2.6722 2.6316 2.3861 2.2687 2.0561 2.0424 1.8803 1.4611 1.0035 1.3864 1.1426 -0.6709 -0.3218 0.0048 0.1235 -1.2458 
3.2841 2.2164 2.2146 2.1745 1.9450 1.9753 2.4511 2.4453 3.0406 0.9224 2.7328 3.0963 2.9091 2.5526 2.5076 2.1697 0.4198 2.0912 2.3499 2.2986 2.5586 2.6434 2.2077 0.2798 2.2569 1.5248 1.4109 0.7954 0.5675 0.5706 0.2394 -0.4113 -0.4058 
2.1490 1.2156 0.1906 1.4020 1.6489 2.4717 2.9767 1.6285 2.5048 3.1425 3.0391 2.5219 2.9309 1.5504 2.6575 2.3012 1.6491 2.2053 2.5071 1.3389 2.5716 2.0771 2.4893 2.5179 1.7613 0.7974 1.9477 1.2926 0.2362 -0.2377 -2.3090 -1.3974 -1.8340 
2.7673 0.8548 1.6128 1.4053 1.9915 1.9455 2.1358 1.7210 2.4270 2.3328 2.0449 2.6423 2.3219 2.1461 2.2374 1.2189 0.2425 1.1050 2.0675 1.9255 1.9690 2.2028 1.5082 1.6889 1.6369 0.8345 1.1487 0.7728 0.6691 -0.2140 -0.3514 -1.5684 -0.9283 
2.6968 1.8673 -0.1119 1.8477 1.6351 2.7989 2.9991 2.1038 -0.1268 1.8247 2.2680 1.9666 2.4805 1.4821 1.6731 1.8626 1.4804 1.7628 1.5035 1.2647 2.1054 1.5110 1.7547 1.1808 -0.8672 1.2728 1.9574 1.6299 0.2843 0.1932 -2.0591 -0.7521 -0.9243 
2.3789 1.7875 1.9250 1.8664 1.0885 0.6508 1.8109 2.0836 1.9472 1.8153 1.8983 2.0118 2.1722 2.1794 1.8618 1.7476 1.5209 1.6414 1.6583 1.9444 1.8745 1.5639 1.3571 1.1657 1.2262 1.2555 0.7778 -0.5294 -0.2824 0.2154 -0.0399 -0.8405 -1.3694 
2.7557 2.7004 2.7794 1.8892 1.4952 1.7353 1.5842 1.6052 0.7837 2.1978 1.8196 1.5182 1.6146 1.9001 1.8773 1.7992 0.5116 1.6896 1.6839 1.6199 1.3051 1.0993 1.2801 1.5565 0.0946 0.7531 0.6206 0.5561 0.1621 0.2239 0.8291 0.1981 -0.9152 
2.4689 0.8383 1.0394 1.5506 1.6731 2.2810 2.5061 2.6359 1.1918 2.9625 2.5826 1.5958 1.5882 1.4316 1.5518 1.3101 0.4655 1.2317 1.3975 1.2215 1.2856 1.1836 2.0418 2.3178 0.4338 1.7955 1.4703 1.1018 0.3002 -0.0401 -0.8987 -1.8434 -1.2907 
3.0319 2.3657 1.6611 1.3777 2.1258 2.6404 2.9940 3.1354 2.4851 2.4469 2.1158 1.9851 1.2601 1.9494 2.3248 1.8187 1.5772 1.7103 2.1239 1.6985 0.8758 1.5308 1.5917 1.8087 1.7184 2.2538 1.9607 1.4623 0.7810 -0.2514 -0.2631 -0.2588 -0.7304 
2.4233 1.8848 1.5403 1.7271 1.7147 1.2193 1.3586 1.2871 2.2274 2.1378 1.5948 1.8121 2.0309 1.6901 1.5111 1.5008 -0.0037 1.4258 1.3595 1.4239 1.6994 1.3559 1.0653 1.5114 1.4802 0.3829 0.3324 0.0520 0.3277 0.1217 -0.3924 -0.6948 -1.1821 
1.9028 2.1277 1.9538 0.6662 1.3596 1.6606 0.9347 1.9966 1.7720 1.7316 1.2921 0.2285 1.5836 2.0001 1.3095 0.8906 1.5290 0.8162 1.1272 1.7661 1.2866 -0.2249 0.7438 1.0848 0.9861 1.1347 -0.0638 0.4915 0.0239 -1.0519 -0.0085 -0.3282 -1.7940 
2.9330 2.5638 2.1913 1.2629 0.9407 1.4999 1.7165 1.5906 1.5077 0.9163 1.2414 2.1099 1.4572 0.8083 1.3388 1.3590 0.9343 1.2963 1.1789 0.5780 1.1266 1.6954 0.7084 0.2903 0.7696 0.7475 0.7172 0.3284 -0.4092 -0.4085 0.2323 0.0275 -0.8146 
2.9761 2.1347 1.9229 1.5180 0.5037 1.6505 1.5401 0.9192 1.5060 1.5697 1.7668 1.9953 1.9874 0.7666 0.1901 0.2415 0.6462 0.1635 0.0338 0.4947 1.6351 1.5442 1.2555 0.9353 0.7735 0.0742 0.5663 0.4715 -0.8992 -0.1035 -0.0490 -0.4328 -0.7478 
3.3036 2.4692 2.0866 1.9333 1.1566 0.6671 1.2823 1.1555 1.5479 1.0284 0.0596 1.5600 1.9807 0.7402 0.9662 1.3037 1.2335 1.2284 0.8202 0.4688 1.6267 1.1603 -0.4821 0.3802 0.8170 0.2699 0.2375 -0.5247 -0.2379 0.2962 0.1274 -0.1797 -0.4053 
1.9772 1.8036 1.4009 1.6356 0.3882 1.9184 1.5957 1.2010 0.8432 1.5520 1.8432 2.0630 2.3698 2.1037 1.3919 1.2729 1.2631 1.1752 1.2596 1.8841 2.0040 1.6267 1.2979 0.9235 0.1316 0.3026 0.6193 0.7429 -0.9219 0.0496 -0.4907 -0.7228 -1.6941 
0.1855 1.9450 1.3797 1.9614 1.9928 1.4640 1.8627 1.8970 2.3911 2.2465 2.0467 2.0490 1.9557 1.9082 1.3434 1.5189 1.7465 1.4530 1.1826 1.6325 1.5957 1.6041 1.5118 1.6015 1.6026 0.9955 0.8203 0.2808 0.6614 0.3350 -0.5869 -0.5606 -2.5420 
1.6132 1.8474 1.8339 1.2692 1.8453 1.2948 2.1418 1.5733 1.4805 0.8459 0.9328 1.5268 1.3574 1.3513 1.3048 1.4807 1.6115 1.4027 1.1261 1.0933 0.9939 1.1172 0.3910 0.2231 0.7470 0.7315 1.1623 0.1321 0.4196 -0.3823 -0.1766 -0.7100 -1.9289 
3.0827 2.9023 1.7811 1.5090 1.4581 1.9673 1.9413 1.7497 1.5364 0.6793 1.4939 1.7076 1.5987 1.0700 0.5571 0.4331 1.6092 0.3506 0.3635 0.8124 1.2939 1.2928 0.9557 0.0543 0.8007 0.8607 0.9133 0.7978 0.1218 -0.0928 -0.2413 0.3391 -0.5517 
3.5648 3.0318 2.7257 2.4210 2.0570 1.8786 2.1062 1.4361 2.0355 1.8172 -1.5433 1.6011 2.0391 1.9245 1.8702 1.5094 0.6971 1.4282 1.6709 1.6537 1.7066 1.2105 -2.0143 1.1602 1.3107 0.5989 1.1067 0.7123 0.7090 0.7698 0.7875 0.4195 -0.1502 
1.7634 2.0109 2.4406 1.8553 1.1246 1.6838 1.8349 1.5080 0.9520 1.5637 1.7382 0.1914 0.9837 1.4314 0.1771 -0.1877 0.8763 -0.2546 0.0172 1.2051 0.6878 -0.2493 1.2241 0.9302 0.2287 0.6796 0.7892 0.5160 -0.2584 0.2015 0.4374 -0.4783 -1.9089 
3.1774 2.7043 2.2478 1.3736 1.0419 0.6720 1.1791 1.1006 0.0838 1.7324 1.1594 1.2930 1.3264 1.2786 1.4123 1.3441 0.8074 1.2803 1.2766 0.9807 0.9529 0.8279 0.6436 1.0854 -0.7063 0.2218 0.1610 -0.5061 -0.3233 -0.2621 0.2706 0.1749 -0.4910 
-1.2379 1.8782 1.3438 1.3275 1.0043 0.4938 1.3128 1.1703 0.5349 0.5260 -0.0741 0.9237 0.5492 0.2401 0.6578 -0.6341 -2.2392 -0.7480 0.4474 0.0109 0.1999 0.4947 -0.5712 -0.1202 -0.2412 0.2813 0.2717 -0.7255 -0.3445 -0.3164 -0.5729 -0.6454 -3.9300 
1.9678 2.4040 1.7991 1.4079 1.0788 1.7293 1.1354 0.8288 -0.2716 1.6529 1.4404 1.8890 1.2608 1.3802 -0.7865 0.3606 -0.7240 0.2902 -0.9574 1.1325 0.8719 1.4282 0.9094 1.0129 -0.9997 -0.0409 0.1317 0.5524 -0.3188 -0.2185 -0.2313 -0.1490 -1.6322 
1.9420 0.3641 1.2852 1.3271 0.6750 1.3915 1.7004 1.5340 0.8245 1.4572 0.6773 1.2446 1.2680 1.3478 0.7546 0.9804 1.4164 0.9105 0.5881 1.0842 0.8864 0.7801 0.1297 0.8263 0.1060 0.7022 0.7118 0.2078 -0.7025 -0.3075 -0.7187 -1.9696 -1.7155 
0.3589 1.5202 1.6544 1.2907 1.0027 0.8964 0.1793 -0.3442 1.3214 1.5608 1.5612 1.7647 1.3689 1.1840 0.9493 0.8847 0.2812 0.8011 0.8047 0.9040 1.0040 1.3286 1.0370 0.9311 0.5780 -1.1634 -0.8408 -0.2724 -0.3587 -0.3382 -0.2988 -0.9500 -3.3967 
3.4365 2.4463 1.7069 1.3823 0.7430 1.2911 1.4397 1.5861 0.9363 1.4447 1.5327 1.3369 1.1455 0.8542 0.9305 0.7748 0.7026 0.7082 0.7805 0.6422 0.7948 0.8826 1.0092 0.8126 0.2127 0.7408 0.4175 0.1177 -0.6259 -0.2504 -0.2637 -0.1910 -0.2288 
3.1408 2.7815 1.9803 1.4610 0.8316 -0.1281 1.6011 1.8953 0.7258 1.5492 1.9288 1.5543 0.8580 1.0877 1.0651 1.0188 0.3252 0.9295 0.8947 0.8342 0.5214 1.1470 1.3877 0.9252 -0.0460 0.9856 0.6351 -1.3457 -0.4941 -0.1727 0.0264 0.2397 -0.4920 
1.4844 1.1017 0.1723 0.5931 0.2713 0.3631 0.9470 0.9450 -0.1115 0.8861 0.7902 0.5417 0.1396 -0.1371 0.2615 -0.8615 0.2727 -0.9766 0.1249 -0.3958 -0.2302 0.1182 0.2578 0.2492 -0.8623 0.1235 -0.0431 -0.8318 -1.0708 -1.0264 -1.8533 -1.3644 -2.2338 
1.9358 1.7932 1.7083 1.8787 1.8777 1.7070 1.7879 1.5209 1.5254 0.9970 1.4664 1.1231 0.4922 -0.2604 0.1240 0.7906 0.4860 0.7215 -0.0740 -0.4801 0.1515 0.7064 0.9260 0.3466 0.8027 0.6899 0.7647 0.5323 0.4861 0.2455 -0.2401 -0.6922 -1.9084 
1.2968 0.8533 1.0768 0.5678 1.3835 0.8509 0.7684 0.9105 1.3900 1.1363 0.9992 0.7290 1.0757 1.2197 0.6770 0.7359 0.4755 0.6724 0.4674 0.9247 0.7495 0.2756 0.4747 0.4880 0.6769 0.0871 -0.2571 -0.3352 0.0371 -1.0213 -0.8843 -1.5599 -2.5067 
1.8998 0.7704 0.4975 0.5094 -0.2478 0.3327 0.3323 0.5487 0.8776 0.2069 0.1758 0.8998 -0.2524 0.5870 0.4637 0.3611 0.1344 0.2926 0.3009 0.3169 -0.5975 0.4706 -0.3676 -0.4087 0.1463 -0.3414 -0.6793 -0.8424 -1.6354 -1.0859 -1.4101 -1.9724 -1.9799 
2.2140 1.1796 0.8648 1.5171 1.4270 0.9229 0.3333 1.6772 1.2677 1.2199 0.4303 1.0107 1.3300 0.9363 1.0477 1.3661 0.7076 1.3027 0.8777 0.7218 0.9589 0.6172 -0.0985 0.5706 0.4782 0.8064 -0.6974 -0.2515 0.0900 -0.0828 -1.1421 -1.2655 -1.5078 
2.9956 2.2817 1.5768 1.6550 2.0257 0.8560 0.5540 0.9123 0.6916 0.2622 0.9939 0.9195 1.0096 0.7053 0.5738 0.4318 0.2335 0.3440 0.3715 0.4169 0.7029 0.4888 0.4718 -0.3621 -0.0816 0.0814 -0.4471 -0.3338 0.6897 0.0836 -0.3705 -0.2809 -0.6649 
1.6714 1.6729 0.9542 0.7947 0.9550 1.1488 0.3028 1.2576 1.0860 0.7534 0.5816 1.0963 0.8004 0.9256 1.1874 0.5816 0.1953 0.4740 0.9817 0.7096 0.4464 0.6907 0.0782 0.1246 0.3304 0.3404 -0.6778 -0.0320 -0.3805 -0.8385 -1.0155 -0.8460 -1.8196 
2.3045 0.6886 0.9787 1.0892 0.4055 0.7033 0.9661 0.5285 0.9325 1.1109 0.9902 0.6288 0.3366 -1.4834 0.2806 -1.0436 -1.9531 -1.1093 0.1362 -1.6849 0.0279 0.1687 0.4714 0.4601 0.2108 -0.3467 -0.0130 -0.4797 -0.9145 -0.4934 -1.0103 -1.6207 -1.4229 
2.1691 0.9000 0.2481 0.7380 1.0073 1.0282 0.7558 0.7385 0.6720 0.6719 0.1066 0.7427 -0.5009 0.6081 0.6736 -0.5006 0.6803 -0.5714 0.4670 0.3221 -0.9079 0.2897 -0.4516 0.0329 -0.1149 -0.1705 -0.2653 -0.1542 -0.3442 -0.9017 -1.6354 -1.5535 -1.4825 
2.5379 1.8319 1.5630 1.4153 1.1355 1.2751 1.5728 1.4808 -0.2875 0.6804 0.4581 0.7093 0.9197 0.7795 0.6128 0.5628 0.6882 0.4599 0.4042 0.5260 0.6056 0.2501 -0.0589 0.0342 -0.9873 0.6427 0.6036 0.0969 -0.2500 -0.2309 -0.3735 -0.7766 -1.0859 
3.2292 2.2780 1.4163 1.4143 1.2138 1.1656 1.0172 0.2062 1.3164 1.5288 0.1891 0.6282 0.9797 0.7128 1.1279 -0.8789 0.7117 -0.9566 0.9331 0.4272 0.6868 0.1720 -0.3489 0.9060 0.5665 -0.6611 0.0458 -0.0081 -0.2082 -0.2122 -0.4921 -0.2734 -0.3814 
3.5464 2.8129 1.9143 1.0861 0.9363 1.2398 1.3201 1.4675 1.3585 1.6102 1.4683 1.4239 0.5758 0.5005 0.8339 -0.7340 0.5831 -0.8170 0.6990 0.2466 0.2241 0.9751 0.9279 0.9665 0.6254 0.6251 0.2804 0.0596 -0.4219 -0.5247 -0.0697 0.2370 -0.1489 
3.1121 2.2221 1.5956 0.7151 0.9183 1.3908 2.0579 1.3954 1.6662 0.0375 1.0874 1.1005 1.1578 1.1726 1.4959 1.3418 0.1897 1.2772 1.3441 0.8996 0.7997 0.6925 0.5709 -0.5867 0.9129 0.5264 1.0442 0.2192 -0.4290 -0.9202 -0.3617 -0.3568 -0.5264 
2.7418 2.1037 1.5149 1.3671 1.1790 -0.4366 1.0600 1.2562 1.1270 0.9088 0.6321 0.5293 -0.7568 0.8468 0.2494 0.4782 0.2846 0.3810 0.1110 0.6249 -1.0813 0.1168 0.0981 0.2732 0.3543 0.3335 0.0933 -1.6469 -0.2312 -0.2575 -0.4222 -0.4290 -0.8897 
2.0342 2.1586 0.8476 1.0509 1.0644 1.0728 1.3880 0.8119 0.9202 0.3907 0.8164 1.0686 0.7514 0.8367 -1.0854 0.5300 -1.0944 0.4328 -1.3440 0.6032 0.3891 0.6710 0.2874 -0.2499 0.1892 -0.0750 0.3618 -0.1097 -0.2830 -0.4923 -1.1636 -0.3001 -1.7677 
1.0350 2.0121 0.9221 1.2989 0.0164 0.1912 1.1758 0.8514 0.8882 0.2490 1.1569 -0.2498 0.6272 -0.9499 -1.4591 -0.8441 -0.4713 -0.9095 -1.6200 -1.1699 0.2508 -0.6905 0.6459 -0.3886 0.1616 0.0061 0.1544 -0.9793 -1.4104 -0.3548 -0.9629 -0.4666 -3.0858 
3.0894 2.1121 1.8565 1.1031 1.5428 1.5986 1.0097 1.6799 1.4189 1.3484 1.6349 1.5467 -0.5919 0.8999 1.1526 0.3224 0.6800 0.2414 0.9545 0.6855 -0.9683 1.1374 1.1194 0.7177 0.7005 0.8078 0.0542 0.4220 0.1964 -0.4817 -0.1520 -0.4380 -0.5572 
2.5304 1.6711 1.7093 1.3112 1.4150 0.6138 0.9088 1.2137 0.3211 1.0408 0.0122 0.5285 0.0754 0.3898 0.3310 -0.0117 -0.2979 -0.1232 0.1809 0.1591 -0.3082 0.1157 -0.5133 0.3982 -0.4194 0.3091 -0.0915 -0.5721 0.0842 -0.3157 -0.2761 -0.8397 -1.0762 
2.3322 0.5862 1.4292 1.4496 0.8077 0.7862 1.1509 0.8959 0.5512 0.7499 0.9068 0.8028 0.5314 0.7409 0.7712 0.5949 0.4750 0.4870 0.6238 0.4725 0.1875 0.3448 0.3630 0.1293 -0.2307 0.0520 0.1478 -0.3644 -0.5867 -0.1791 -0.4681 -2.0366 -1.4758 
1.0397 2.4150 1.8877 1.5715 0.7741 1.3313 1.0525 0.3556 1.2876 1.4805 1.1436 -0.0821 1.6412 1.1913 1.7752 1.2707 1.6637 1.1690 1.5707 0.9095 1.3218 -0.4736 0.6229 0.8457 0.5212 -0.4556 0.0833 0.1492 -0.5368 -0.0102 -0.1058 -0.1176 -2.6556 
