4.5660 4.2697 4.0877 3.7091 3.3849 3.2992 3.2257 3.1379 2.7274 3.8502 3.8379 2.9286 2.6964 3.3712 2.8609 1.8690 1.8670 1.8174 2.7504 3.1932 2.4255 2.6301 3.4553 3.3782 2.1944 2.4714 2.4704 2.4375 2.3814 2.5194 2.6756 2.3959 1.8869 
3.6173 4.7982 4.5370 4.0477 3.8129 3.6696 3.6709 3.3104 3.3365 3.2110 3.8279 3.6766 3.1395 3.7302 3.5778 3.1948 3.1158 3.1431 3.4494 3.5728 2.8569 3.3496 3.4507 2.7442 2.7947 2.7035 2.9203 2.8084 2.8096 2.8490 3.1156 2.9198 -0.3325 
4.3694 4.8320 4.1156 3.2065 2.9264 2.6828 2.6593 2.4476 1.9934 3.1374 3.4997 3.1748 3.0587 3.4759 2.2865 1.9630 1.3693 1.9131 2.1617 3.2725 2.7866 2.8421 3.1166 2.6785 1.4393 1.8338 1.8890 1.8169 1.9238 2.0022 2.6808 2.9394 1.5479 
4.1244 4.7127 4.0929 3.3840 3.1541 2.8527 2.7809 2.7097 2.6007 2.7524 3.2806 2.7839 3.4067 3.1117 2.7833 2.2051 2.3363 2.1102 2.6794 2.8920 3.1626 2.4403 2.8804 2.2931 2.0334 2.0409 2.0283 1.9894 2.1399 2.2271 2.6618 2.8539 1.6061 
1.0854 4.7157 3.8746 3.1902 2.6124 2.3474 2.4586 2.6113 2.9325 2.9535 3.6630 2.7986 2.5319 2.2249 2.0744 1.9931 1.5688 1.9531 1.9677 2.0172 2.2870 2.4742 3.2698 2.4774 2.3924 1.9556 1.7212 1.4964 1.5988 2.0022 2.4107 2.8452 1.1468 
3.8964 4.4200 4.1561 3.8937 3.7520 3.6649 3.7491 3.4298 3.3189 2.6219 3.6886 3.2171 3.1172 2.6951 2.2828 2.6349 2.3633 2.5553 2.1542 2.4747 2.8356 2.8781 3.2942 2.1139 2.7772 2.7812 3.0284 2.8036 2.7651 2.7168 2.7335 2.5455 1.3836 
4.6529 4.6291 4.4578 4.1150 3.8772 3.7330 3.7409 3.6489 3.3799 3.1329 3.2575 3.2400 3.2175 3.4816 3.1817 3.0323 2.9887 2.9560 3.0752 3.2769 2.9662 2.9174 2.8630 2.6751 2.8338 3.0143 3.0201 2.8687 2.8578 2.9189 2.9976 2.7846 1.8432 
4.9023 4.8856 4.2806 3.5955 3.2444 2.9470 3.3203 3.5629 2.9547 2.7799 3.3838 3.1862 1.9124 3.0426 3.0014 2.7673 2.3540 2.7175 2.8634 2.8396 1.6523 2.8584 3.0042 2.3196 2.4082 2.8902 2.5955 2.0681 2.2590 2.3935 2.8144 3.0028 2.0565 
4.6756 4.7273 4.2523 3.7109 3.4861 3.1675 2.5874 3.4555 3.2298 3.2433 2.8098 2.7016 2.8289 2.8530 2.7764 2.7353 2.6695 2.6896 2.6791 2.6913 2.5930 2.3666 2.4103 2.7811 2.6986 2.8090 1.8287 2.3021 2.4547 2.5308 2.8127 2.8521 1.9767 
2.8365 4.8674 4.0777 3.7092 3.3990 3.2320 3.2305 3.2322 2.8491 3.0955 2.6414 2.9885 2.7925 2.2447 2.4406 2.5458 2.4155 2.4749 2.3349 2.0186 2.5441 2.6888 2.2540 2.6152 2.3100 2.6045 2.4803 2.3678 2.3896 2.5184 2.6249 2.9929 1.0465 
4.7777 4.8490 4.3028 4.0499 3.7988 3.7111 3.6924 2.6955 3.2618 3.3129 3.1687 3.1571 3.2759 3.1438 3.0272 3.0418 2.9759 2.9652 2.8812 2.9336 3.0422 2.8235 2.7704 2.8555 2.7240 2.0195 2.9438 2.8453 2.7957 2.8505 2.8588 2.9611 2.1141 
3.7435 5.0625 4.7686 4.1588 3.9506 3.7216 3.2170 3.5741 3.7088 3.1981 3.6116 3.4564 3.4897 3.4741 3.2958 3.2120 3.1549 3.1603 3.1859 3.2700 3.2218 3.1413 3.2160 2.7384 3.1695 2.9115 2.4541 2.8570 2.9069 2.9735 3.2950 3.2230 -0.8668 
4.2947 4.5338 4.0443 3.6425 3.2893 3.2452 3.2174 3.0947 3.1542 2.6932 2.8939 2.4251 2.7016 3.1917 2.8373 2.7662 2.7381 2.7157 2.7263 3.0132 2.4271 2.1119 2.5069 2.2171 2.6081 2.4229 2.4703 2.3876 2.3037 2.4550 2.6415 2.6906 1.8384 
4.7682 4.7037 4.4740 4.2049 4.0328 3.8758 3.6642 3.7333 3.5143 3.5566 3.3587 3.4432 3.4472 3.4140 3.2172 3.1609 3.1780 3.1151 3.1186 3.2238 3.1924 3.1348 2.9780 3.0939 2.9379 3.1255 2.9141 3.0130 3.0275 3.0370 3.0441 2.8357 2.0454 
4.2792 4.5962 3.3619 3.5577 3.3047 3.1344 2.9918 3.0349 3.0199 2.5233 2.8569 2.7924 2.6571 2.6661 2.6845 2.5285 2.6401 2.4580 2.5379 2.4362 2.3791 2.4614 2.4623 2.0434 2.4489 2.3903 2.2558 2.2730 2.3187 2.3554 1.9595 2.7585 1.7905 
4.2433 4.6737 3.8729 2.9980 2.8291 2.5564 2.3476 3.1224 2.6376 2.6025 2.5071 2.3552 2.3834 2.5879 2.3566 2.2779 2.1451 2.2262 2.2588 2.3876 2.1443 2.0234 2.1256 2.1264 2.0505 2.4479 1.5892 1.6831 1.8357 1.8093 2.3935 2.8211 1.5493 
2.0468 4.1056 2.9342 2.9980 2.5282 2.4885 2.3837 2.0319 1.9592 2.2631 2.3502 2.2912 2.1252 2.0691 1.6227 1.8504 2.0113 1.8048 1.5089 1.8926 1.8769 1.9584 1.9571 1.8071 1.4253 1.4147 1.6368 1.6224 1.5171 1.8224 1.4474 2.2705 0.2914 
2.9751 4.0334 3.6775 3.3473 3.2108 3.0951 2.8661 2.8197 2.8577 2.7482 2.4746 2.6145 2.4932 2.6133 2.3470 2.4345 2.3685 2.3841 2.2489 2.4086 2.2678 2.2918 2.0911 2.2866 2.3173 2.2044 2.1373 2.2316 2.2305 2.1834 2.2619 2.1996 0.2394 
2.5287 3.5875 3.2061 2.8383 2.5994 2.5817 2.4336 2.2868 2.3222 2.2986 1.9585 1.8224 1.9592 1.9411 2.1754 2.0219 1.9257 1.9687 2.0275 1.7808 1.7193 1.4799 1.5619 1.8392 1.7927 1.6277 1.7067 1.7176 1.5689 1.6448 1.7845 1.7468 0.0866 
2.3279 3.4783 3.1926 2.7204 2.6556 2.4931 2.3512 1.2940 1.8431 1.9516 2.0112 2.1467 1.9359 1.7758 1.7389 1.0606 1.6969 1.0001 1.5912 1.5615 1.6861 1.8379 1.6265 1.4889 1.2869 0.6276 1.5924 1.6303 1.6092 1.5163 1.7596 1.6069 -0.0451 
3.0019 3.1522 2.8918 2.6254 2.3186 2.1584 1.8128 1.7611 1.7569 1.8139 1.2248 1.6460 1.2519 1.3147 1.7730 1.6248 1.4449 1.5638 1.6210 1.1148 1.0139 1.3546 0.8422 1.3406 1.1828 1.0987 1.0392 1.2969 1.3218 1.4303 1.4629 1.3113 0.3842 
2.4912 2.7197 1.6837 1.5601 1.0568 1.1956 2.0052 1.6554 1.9600 1.6186 1.4821 1.5509 1.8149 1.5516 1.2239 1.2686 0.4401 1.1929 1.1004 1.3917 1.5326 1.2384 1.0894 1.1496 1.4257 1.0239 1.2818 0.3392 0.0735 0.3891 0.1971 0.8864 -0.1584 
2.8751 2.9687 2.6538 2.2875 1.7708 2.1255 2.1340 2.1020 1.5281 1.5654 0.9073 1.1854 1.3830 0.7581 0.6110 1.1056 -0.6675 1.0488 0.5187 0.5835 1.1021 0.8959 0.5198 1.1047 0.9876 1.4635 1.4028 1.2639 0.7254 1.0816 1.1692 1.1264 0.2686 
1.5910 2.7819 2.3093 1.8878 1.3772 1.0618 1.6941 1.8625 1.7628 1.9706 1.8608 1.6085 1.4283 0.9588 1.3538 1.4173 0.7532 1.3713 1.1987 0.7455 1.1537 1.3119 1.4623 1.5037 1.1858 1.2035 0.9717 0.1919 0.3331 0.6828 0.8532 0.9527 -0.6044 
3.3764 2.6794 1.6107 2.0721 1.7414 1.5705 1.5449 1.6982 1.4547 0.2133 1.1525 1.6250 1.9164 1.7454 1.2580 1.4318 1.6272 1.3870 1.1279 1.5396 1.6617 1.3383 0.7609 -0.2794 0.9233 1.0555 0.8042 0.7187 0.7073 0.9166 0.1821 0.7445 0.6938 
2.5532 2.1462 0.7318 1.1730 1.5059 1.5808 1.6724 1.5056 1.9866 1.7172 1.5305 1.4022 1.9369 1.4537 1.6829 1.0876 1.4793 1.0280 1.5552 1.2594 1.6902 1.0611 1.1330 1.2406 1.4483 0.8752 0.9544 0.7168 0.5225 0.0263 -0.7591 0.2692 -0.0857 
2.3436 2.2595 2.0279 1.8509 1.3827 0.7623 1.5679 1.5965 1.1736 1.2229 1.4196 1.1413 0.9383 1.3250 1.3272 0.9946 1.3046 0.9502 1.1768 1.1177 0.6592 0.8371 1.0203 0.7518 0.6378 0.9802 0.8458 -0.0993 0.3312 0.6384 0.6000 0.3777 -0.2911 
1.4943 2.0648 1.5643 1.2766 1.3268 1.6915 1.9696 1.7796 1.6891 0.9697 0.7878 1.0462 1.5473 0.8992 1.0262 -0.4823 0.3749 -0.5670 0.9226 0.6931 1.3122 0.7156 0.4099 0.5057 1.1298 1.1095 1.2278 0.8266 0.3056 0.0958 0.1359 0.2135 -1.3700 
2.9816 2.3492 1.3425 1.3842 1.3065 1.0620 1.8184 1.2480 1.1574 1.4220 1.5252 1.2744 1.2111 1.7419 0.7036 0.5039 0.7943 0.4264 0.5872 1.5389 0.9806 0.9718 1.1298 0.9667 0.6188 0.6065 1.0487 0.1998 0.2838 0.1669 -0.1178 0.4843 0.2942 
2.8780 2.3566 1.9137 1.7993 0.8955 1.6958 1.8361 1.4974 0.8202 1.5744 0.7059 1.2864 1.1670 1.1478 0.5931 1.3117 1.1506 1.2364 0.4930 0.9863 0.9539 0.9736 0.3127 1.1188 0.2637 0.8638 1.0711 0.8391 -0.1411 0.5938 0.4874 0.5150 0.2171 
2.2785 1.8263 1.7345 1.6127 1.3882 1.5286 1.1364 1.1360 1.1069 1.4242 0.7998 0.8329 0.7032 1.2705 1.2970 1.4157 1.2741 1.3688 1.1506 1.0775 0.4925 0.5309 0.4177 0.9672 0.5673 0.5284 0.4035 0.6662 0.3486 0.4566 0.2695 -0.0935 -0.3639 
3.1162 2.3957 1.8576 1.7842 1.7693 1.8421 1.5663 1.6770 1.4622 1.4517 1.3819 1.2331 0.9211 1.0164 1.3736 0.4424 1.3526 0.3708 1.2148 0.8322 0.6434 0.9427 0.9808 0.9910 0.9375 1.0375 0.8342 0.9790 0.7277 0.5848 0.3945 0.5202 0.3998 
1.3582 1.6219 1.8959 1.5301 1.6341 0.7089 1.2482 0.7505 1.4602 1.1494 1.5330 1.1404 1.1454 1.3337 0.6813 1.2204 0.8931 1.1501 0.5777 1.1242 0.9335 0.8418 1.1352 0.6917 0.9382 0.1326 0.5254 -0.1515 0.6313 0.3581 0.4461 -0.2070 -2.0880 
2.6187 2.2692 1.6114 1.7523 1.7670 0.8102 0.8917 1.2723 1.8446 1.6718 1.5622 1.1066 1.2551 1.1732 -0.3210 0.3805 -0.4189 0.3087 -0.5061 1.0027 1.0125 0.7861 1.1644 1.1963 1.2877 0.6279 0.1333 -0.0811 0.7232 0.5528 0.2029 0.3568 -0.0945 
2.6345 2.3832 2.0683 1.8698 1.7593 1.4633 1.0986 1.0332 1.6553 1.0236 0.9089 1.3068 1.8208 1.0705 0.4749 0.1188 -1.8119 0.0690 0.3362 0.9104 1.5402 0.9905 0.5222 0.5556 1.1052 0.4024 0.3400 0.6019 0.7141 0.6667 0.6405 0.5359 -0.0326 
2.1979 1.9913 0.9569 1.2971 1.7906 0.5140 1.6100 0.9563 1.5848 0.9583 1.6408 1.8707 1.2691 0.5682 1.3974 1.3852 1.5769 1.3123 1.2562 0.3755 1.0151 1.5386 1.2630 0.4815 1.0487 0.3002 0.8926 -0.3102 0.7517 0.1227 -0.5332 0.1387 -0.4032 
2.2506 2.0350 2.0210 1.6451 1.7960 1.9528 2.4954 2.7357 2.6925 2.4390 2.4602 2.7145 2.7425 2.6751 2.2174 1.8774 1.5947 1.8295 2.0615 2.4461 2.4738 2.3794 2.0774 1.9812 2.1226 2.0825 1.7864 1.0942 0.7508 0.4928 0.5978 0.1857 -0.4351 
2.1535 1.9160 1.6602 1.5859 1.8147 1.4043 1.7338 1.2429 0.5556 1.2166 1.5830 1.0453 1.3314 1.8663 1.8419 1.5870 1.5059 1.5338 1.7090 1.6707 1.0642 0.7141 1.1987 0.7488 0.0100 0.5992 0.9904 0.5482 0.7747 0.4360 0.2099 0.0842 -0.5959 
1.9476 2.2464 1.9962 1.8847 1.5538 1.4013 1.4430 1.6278 0.9938 1.1243 2.1320 1.9007 1.9527 1.8827 1.2427 1.0222 0.3877 0.9697 1.1132 1.6927 1.7126 1.5677 1.7521 0.6676 0.4319 1.0028 0.6925 0.5351 0.5670 0.6790 0.5713 0.3649 -0.6662 
1.6956 1.5688 1.8401 1.2670 1.3255 1.4420 1.5420 1.1124 2.0796 1.8733 -0.8510 1.5020 1.4255 1.2780 1.7360 1.0527 1.4819 1.0051 1.5885 1.0812 1.1522 1.1725 -1.2478 1.4119 1.5318 0.5141 0.7929 0.5781 0.3053 0.0869 0.3612 -0.2537 -1.1847 
2.8521 2.3102 2.2562 1.7561 1.4388 1.9272 1.7453 1.1991 1.2482 1.3459 1.6398 1.8559 1.1226 1.3226 1.4867 0.9541 -1.1564 0.8795 1.3880 1.1169 0.8832 1.5211 1.2601 0.8697 0.6943 0.5710 0.9961 1.0640 0.4403 0.5530 0.7891 0.4379 0.1947 
0.9933 2.2714 1.6933 1.8575 1.2136 1.4122 1.4406 1.5677 1.8495 1.3395 1.4883 1.5701 1.0384 1.1567 1.4555 0.1632 1.1372 0.1269 1.3529 0.9917 0.7697 1.2696 1.0946 0.8634 1.2946 0.9617 0.6890 0.5518 0.1949 0.6612 0.2211 0.4108 -1.2133 
2.3894 2.2674 1.9717 1.6112 1.6173 1.0873 1.1542 1.9006 1.9326 1.9684 1.0975 0.1634 0.8074 0.6467 0.7065 0.9512 1.3964 0.8905 0.5994 0.5021 0.5722 -0.1805 0.6968 1.5013 1.4023 1.2615 0.4490 0.2052 0.6135 0.4749 0.5331 0.4006 -0.2282 
2.2455 2.3545 1.5050 1.4668 1.8947 1.0657 1.5638 1.8957 1.8100 1.5721 1.7003 1.5652 1.6435 1.0341 1.0391 1.2607 1.4252 1.1902 0.9436 0.8483 1.4116 1.2592 1.3202 1.1171 1.2289 1.2562 0.8315 0.1881 0.9071 0.2718 0.0813 0.5219 -0.4885 
2.1851 2.8636 2.7640 2.2687 1.0556 1.8272 1.6310 1.2175 0.9915 1.7048 1.3985 1.3389 1.2187 0.2734 1.0697 0.6565 0.3286 0.6013 0.9663 0.1276 0.9846 1.0039 0.9971 1.2302 0.4594 0.5825 0.9116 0.9652 0.0625 1.0624 1.3340 1.0307 -0.3129 
2.2940 2.9522 2.8132 2.3263 2.0592 1.9984 2.1561 2.0856 1.9415 1.5950 0.8018 1.4222 1.6720 1.7082 1.4846 0.6777 1.0094 0.6216 1.3847 1.5128 1.4315 1.0886 0.4275 1.1307 1.4095 1.4520 1.4174 1.1351 1.0565 1.1280 1.3892 1.1061 -0.6408 
2.4012 2.6912 3.2003 2.5350 0.6109 0.6969 2.0516 2.0443 1.9912 1.4128 1.4406 1.0748 1.5046 1.4945 1.4283 1.8742 1.8039 1.8265 1.3056 1.3234 1.2553 0.7467 1.0425 0.9540 1.4513 1.4237 1.3357 -0.2027 -0.3056 1.3651 1.7768 0.8121 -0.0467 
1.8958 2.4731 2.7208 2.0935 1.9997 1.0571 1.3080 1.0892 1.5459 1.8827 0.5928 1.4495 1.5909 1.5280 0.7747 1.3439 1.1546 1.2684 0.6469 1.3754 1.3790 1.1275 0.2166 1.4235 1.0137 0.4788 0.5469 0.1701 1.0073 0.9426 1.2570 0.6669 -1.4764 
3.0298 2.7610 3.1379 2.4747 2.2625 2.4315 1.8787 2.1582 1.9422 1.9888 1.9109 1.4441 0.6861 0.8141 1.4212 1.4237 1.1622 1.3783 1.3004 0.6186 0.4553 1.1103 1.5154 1.5229 1.4090 1.5072 1.1235 1.5667 1.2336 1.3093 1.6845 0.9144 0.2244 
2.1415 2.8676 3.0035 1.8221 2.1477 1.9882 1.2383 0.8061 1.9282 1.7350 0.9945 0.7936 0.9589 1.0052 1.0562 0.9364 0.6561 0.8574 0.9538 0.8056 0.6867 0.5113 0.5874 1.2579 1.4003 0.1712 0.5156 1.1194 1.1281 0.6142 1.5564 1.0286 -0.3441 
2.3115 2.9779 2.7407 1.3981 1.1790 1.4178 1.8794 0.6664 0.9754 1.4892 0.9868 1.2904 0.8737 1.4933 -0.0852 0.9850 0.1692 0.9348 -0.1929 1.3233 0.6126 0.9790 0.5850 1.0252 0.4031 0.0355 1.1252 0.5523 0.1768 0.1967 1.2888 1.1264 -0.1524 
1.9453 2.6780 2.7406 1.9964 1.9677 1.9768 1.4717 1.3566 1.0061 1.3114 1.1259 1.0535 1.4266 0.9017 1.3843 1.1598 0.5027 1.1054 1.2303 0.6866 1.1503 0.7257 0.7239 0.8360 0.4490 0.6948 0.7094 1.1186 0.9744 0.7804 1.2970 0.8410 -0.9096 
3.1692 2.9164 1.5602 2.1382 1.9025 2.0564 1.5723 1.6771 1.8964 1.1334 1.6182 1.2476 1.2316 0.7074 0.7254 1.3917 1.2330 1.3254 0.6178 0.5451 0.9940 0.9513 1.2359 0.6669 1.3714 1.0417 0.8419 1.1917 0.9185 0.9637 0.1523 1.0510 0.5160 
2.6602 1.3997 2.7183 2.2757 1.8582 0.2502 1.6632 1.1479 1.9777 1.8571 0.7735 1.4400 1.3423 1.4326 1.3967 0.6926 0.7495 0.6313 1.2534 1.2364 1.0665 1.1117 0.3841 1.3968 1.4405 0.5415 0.9488 -0.6663 0.8404 1.0601 1.2762 -0.3614 -0.0425 
3.0495 2.4242 2.0236 1.8104 1.8482 1.9008 1.9124 1.6847 1.5429 1.6079 1.7514 1.5255 1.8758 1.8157 1.6608 1.4135 1.6192 1.3644 1.5369 1.5909 1.6076 1.2044 1.3747 1.1377 1.0082 1.0409 1.1565 1.0357 0.8316 0.5854 0.5987 0.5654 0.3599 
2.2592 3.0109 2.3686 1.4469 1.0372 1.6449 1.4291 1.5128 1.2982 1.3795 1.1289 1.4299 0.7036 1.2888 1.3300 1.1371 1.5041 1.0903 1.1798 1.0902 0.4946 1.0971 0.7357 0.9035 0.7249 0.8926 0.6669 0.7800 0.0818 0.2263 0.9311 1.1408 -0.4889 
2.7762 2.5566 2.3061 2.0529 1.6153 1.3294 1.8519 1.3264 1.4319 1.5034 1.6256 1.6539 1.3676 1.4341 1.3867 1.0475 1.1477 0.9948 1.2381 1.2394 1.0815 1.3682 1.2423 1.0439 0.8931 0.6588 1.0961 0.4783 0.6200 0.8841 0.8629 0.6909 0.1419 
2.4314 2.8125 2.4718 1.9840 2.1065 0.7826 1.1898 1.4109 0.6300 1.1037 1.3582 1.4712 1.7770 1.8003 1.0568 1.4288 1.2934 1.3832 0.9610 1.5707 1.5038 1.1373 0.9642 0.6420 0.1079 0.7453 0.4730 -0.0845 1.0957 0.7890 1.0299 0.9707 -0.5288 
3.1773 2.8529 2.5112 2.0024 1.7716 2.0144 0.9000 0.6752 1.7577 1.6819 1.3643 0.8814 1.0479 1.1637 1.0721 1.0632 1.1284 1.0108 0.9690 0.9994 0.7935 0.5554 0.9661 1.2063 1.1825 0.0793 0.1297 1.1500 0.7296 0.8257 1.0677 0.9908 0.5030 
2.7978 2.1531 1.9519 1.4826 0.4946 1.0942 1.5237 1.4664 1.4268 1.3028 1.4277 1.0834 1.3728 1.5604 0.6031 1.2849 1.1772 1.2093 0.5011 1.3987 1.0876 0.7587 1.0247 0.8195 0.8714 0.8365 0.7662 0.2553 -0.6227 0.3063 0.5158 0.2140 0.0562 
2.2960 1.7394 1.3476 1.7219 1.1821 1.1629 1.6959 1.8191 1.3975 0.9535 1.1037 1.4770 1.4834 1.4118 0.5389 1.1528 1.4119 1.1032 0.4122 1.2014 1.2300 1.1433 0.7030 0.4825 0.8267 1.1376 0.9692 0.3109 0.1853 0.5409 -0.1450 -0.1368 -0.4792 
2.8667 2.5610 1.1695 1.6101 0.1791 1.6381 1.4727 1.5520 0.5403 0.6317 1.2061 0.8354 1.0166 1.5084 1.4977 1.5606 1.0866 1.5023 1.3977 1.3484 0.7538 0.5287 0.8195 0.1823 -0.0386 0.9380 0.7154 0.7753 -0.7251 0.4482 -0.3116 0.6772 0.1984 
1.2352 1.9008 1.5787 1.4876 1.1051 1.1962 0.9753 1.4131 0.7015 1.1607 0.9495 0.0073 0.7287 0.9232 0.7414 0.9094 0.5133 0.8303 0.6322 0.7023 0.5128 -0.3243 0.5474 0.6974 0.1637 0.7483 0.2041 0.3372 0.1150 0.2822 0.1714 0.0540 -2.3814 
2.5071 2.2588 1.9920 1.2801 1.8740 1.8459 1.5539 1.5932 1.1486 1.0752 1.2092 0.3983 1.7797 1.8637 1.6684 1.1765 0.9807 1.1220 1.5429 1.6643 1.5060 0.0905 0.8266 0.6106 0.6085 0.9801 0.8130 0.9806 0.8760 0.1037 0.5589 0.3710 -0.1506 
1.9867 1.4283 1.2987 1.6403 1.4316 1.4575 0.8035 1.0936 1.3678 1.2726 1.2754 1.0535 1.3945 1.1496 1.2668 -0.1998 0.0155 -0.2353 1.1298 0.9880 1.1208 0.7217 0.8999 0.7963 0.7869 0.4713 0.0816 0.5875 0.4231 0.4795 -0.1485 -0.3456 -0.7246 
1.3833 1.6744 2.3624 1.4894 1.5169 1.0950 1.7543 1.7231 1.5435 0.6201 1.3691 1.1572 1.7966 1.4131 1.5832 1.4943 1.4226 1.4420 1.4745 1.2047 1.5168 0.8662 0.9691 0.1570 1.0042 1.0699 1.0068 0.2264 0.5258 0.2955 0.9462 -0.1275 -1.4463 
0.5079 1.4970 2.3943 1.7542 1.2079 2.3725 2.3965 2.2524 0.8891 1.7942 1.8519 1.9406 2.2918 0.6000 1.0869 1.1156 -0.3653 1.0561 0.9789 0.4280 2.0145 1.6186 1.4514 1.3192 0.3345 1.5735 1.6495 1.5141 0.2145 0.5665 0.9754 -0.3027 -1.7640 
2.3390 1.4838 1.7596 1.5186 1.1189 1.3552 1.8756 0.8078 1.6780 1.5798 0.4404 1.7893 0.6267 1.4434 1.4194 1.1297 1.7421 1.0741 1.2952 1.2550 0.3452 1.4522 0.0760 1.1247 1.1246 0.1890 1.1230 0.4953 0.1245 0.3134 0.2897 -0.4639 -0.3458 
3.5463 2.7476 2.1517 1.9303 1.8483 1.8320 1.6592 1.8887 1.4671 1.9359 1.0605 1.3007 -0.4455 1.5716 0.5517 1.2407 0.8871 1.1655 0.4045 1.4127 -0.6131 0.9856 0.6630 1.4728 0.9432 1.2434 0.9467 0.9666 0.8278 0.7247 0.6810 0.8146 0.8084 
2.8509 1.8958 2.0775 1.8530 1.3984 1.3358 1.2288 1.8197 1.1523 0.6869 0.7750 0.6407 0.8165 1.2111 0.7002 1.0721 1.5401 1.0236 0.5842 1.0365 0.5718 0.3139 0.3912 0.2260 0.6082 1.1425 0.5240 0.4699 0.3843 0.6516 0.6364 0.0201 0.1216 
2.8693 1.9552 1.9188 1.3683 2.0659 2.0119 1.9956 1.4341 1.4007 1.5710 1.2859 1.5843 0.8902 1.2025 1.1615 0.3590 1.5206 0.2900 1.0484 1.0254 0.6211 1.2836 0.9018 1.1105 0.8331 0.7687 1.2577 1.1520 1.0723 0.1898 0.5202 0.0013 0.1483 
2.8921 2.4298 1.8292 1.9268 2.2147 2.0233 1.5778 1.0063 1.2504 1.4170 1.1079 0.7355 1.3165 1.0130 1.2337 0.7363 -0.4048 0.6793 1.1105 0.8194 1.0513 0.4353 0.7070 0.9553 0.6973 0.3441 0.8443 1.1583 1.1755 0.7306 0.3906 0.5620 0.2263 
2.9248 2.2483 2.0279 1.1851 -0.0188 1.3774 1.6692 1.7775 1.7189 0.9762 1.4556 1.5570 1.4944 1.1311 1.1612 1.3719 1.5725 1.2911 1.0511 0.9715 1.2405 1.2403 1.0572 0.5221 1.1437 1.1099 0.9514 0.5217 -1.0885 0.0034 0.5938 0.2987 0.2337 
1.9910 1.4594 1.8263 1.3256 1.4536 1.4959 1.1677 1.3984 0.8039 0.6121 0.3151 -0.1125 0.5197 0.5263 -0.5516 0.2993 1.1301 0.2494 -0.6482 0.3068 0.2367 -0.4090 -0.0662 0.1506 0.2548 0.7218 0.4589 0.6292 0.4632 0.1241 0.3647 -0.4176 -0.6736 
2.6820 2.0228 1.7654 1.8224 1.3592 1.6300 1.1995 1.1494 1.5268 1.4041 1.4702 -0.1658 1.3971 1.4270 1.2875 1.3440 1.6819 1.2658 1.1403 1.2262 1.1236 -0.5202 1.0750 0.9466 0.9918 0.5425 0.4867 0.7658 0.3208 0.6128 0.2896 0.1390 -0.0680 
2.3888 2.1702 1.9466 1.9570 1.5696 1.8894 1.4860 1.7073 1.4641 1.8445 1.5282 0.9504 1.6335 1.5449 0.5693 1.0562 -0.0224 1.0037 0.4603 1.3844 1.4070 0.6178 1.1296 1.3868 0.9438 1.0613 0.7304 1.0258 0.5906 0.7652 0.5473 0.2722 -0.2299 
1.4775 1.9036 1.6604 1.3371 1.2143 1.2068 1.5823 1.3878 1.4697 1.7357 1.6857 1.0888 0.9463 1.3815 0.5655 1.0459 1.3900 0.9961 0.4375 1.1554 0.6663 0.7611 1.3041 1.2602 0.9468 0.7070 0.8633 0.3465 0.2082 0.1327 0.2189 0.0790 -1.2310 
3.0236 2.1724 1.9271 1.3057 1.2082 0.8454 1.2956 1.3440 0.6768 0.7082 1.3052 1.5020 1.2923 1.4090 1.7728 1.5013 1.5168 1.4471 1.6203 1.2022 1.0320 1.1725 0.9315 0.2634 0.1336 0.6735 0.5488 -0.0472 0.1863 0.1360 0.4996 0.2074 0.2713 
2.4316 2.0906 1.3672 1.5705 1.5113 0.8586 0.5148 1.3206 0.5242 0.5214 1.2649 1.6806 1.5167 1.6242 0.9851 0.9871 0.5970 0.9415 0.8542 1.4504 1.2739 1.3862 0.8891 0.0479 -0.0445 0.6600 -0.2533 -0.0092 0.5263 0.3973 -0.0754 0.2164 -0.1969 
2.2702 2.0100 1.4604 1.6295 1.0695 0.9460 0.8305 0.3538 1.4288 1.0250 1.0091 1.5224 1.3785 1.6715 1.4879 1.3846 0.6981 1.3103 1.3882 1.4863 1.0966 1.1987 0.6146 0.5621 0.8844 -0.2736 0.1035 0.0828 0.0835 0.4704 0.0215 0.1605 -0.3811 
1.9982 0.8390 1.3433 0.4210 0.7051 0.4520 1.3786 1.1546 0.2764 0.9906 0.8505 0.5977 -0.2414 -0.0067 -0.4174 -0.6189 -0.3167 -0.6782 -0.5531 -0.1967 -0.4880 0.2648 0.4670 0.5334 -0.2527 0.5423 0.6109 -0.4038 -0.3008 -0.7727 -0.1369 -1.2776 -0.7396 
2.5108 2.2578 2.1637 1.4302 1.5329 1.2969 1.4971 1.1369 1.1292 1.7071 1.7246 1.7001 1.8584 1.3068 1.4154 1.0552 1.0085 0.9988 1.2867 1.1031 1.5826 1.3974 1.3466 1.2345 0.5881 0.5300 0.7437 0.4222 0.5473 0.2068 0.7006 0.3517 -0.1790 
2.4399 1.9820 1.9936 1.4114 0.2055 0.6458 1.5651 1.3981 1.4802 1.4185 1.1369 1.5280 1.6126 1.6937 1.5444 0.6137 1.0042 0.5653 1.4323 1.5027 1.3931 1.2059 0.7459 0.9619 0.9509 0.7310 0.8316 -0.2010 -0.8102 0.1977 0.5630 0.1158 -0.2636 
2.6676 2.0652 2.3577 1.9918 1.4467 1.5235 1.3902 0.7119 0.9462 1.1286 1.0763 1.3417 1.4899 1.5166 1.3788 1.3162 1.1983 1.2384 1.2248 1.3560 1.2400 1.0088 0.6892 0.6647 0.3692 0.1012 0.6177 0.6644 0.4449 0.7922 0.9475 0.1765 -0.0507 
2.4959 1.8896 2.0681 1.8852 0.7055 0.6283 1.1502 1.7419 0.8870 1.6964 1.2836 0.2664 0.2026 0.9250 0.9541 1.0414 0.6035 0.9867 0.8075 0.7039 -0.0663 -0.0301 0.8991 1.2227 0.2952 1.0864 0.4442 -0.2477 -0.3153 0.6820 0.6443 0.0696 -0.2018 
2.6776 2.2782 1.5322 1.0472 1.1745 0.5816 0.9102 1.6211 1.6790 1.0108 1.0380 0.7366 1.4543 0.9985 0.2710 0.9146 0.7807 0.8392 0.1608 0.7954 1.1894 0.4424 0.6462 0.5459 1.1237 1.0027 0.1420 -0.2853 0.1833 -0.1223 0.0961 0.4490 -0.0028 
1.2318 1.7354 1.9797 1.9182 1.7707 1.0640 1.2890 1.3679 1.4146 1.5383 1.1550 0.3363 0.9212 1.2475 1.3466 1.1559 1.2680 1.1031 1.1928 1.0631 0.6437 0.0471 0.7617 1.0741 0.8600 0.6931 0.5508 0.1907 0.7340 0.7120 0.5556 -0.1351 -1.6300 
2.7424 1.6043 1.3787 1.8585 1.0928 1.6824 1.0262 1.8013 1.4857 1.0300 1.0318 1.4648 1.3180 1.0244 1.3066 1.5087 1.0615 1.4537 1.1580 0.8421 1.0487 1.1327 0.6394 0.5656 0.9558 1.1278 0.2689 0.8227 0.1121 0.6522 -0.1083 -0.3820 0.0253 
2.4215 0.9979 1.8122 1.3038 1.4341 0.9700 1.7202 1.4841 0.5835 1.7441 1.3858 1.1448 0.9120 1.4542 0.9897 0.9482 0.4549 0.8690 0.8650 1.2649 0.6373 0.8450 0.9811 1.2714 0.0410 0.8511 0.9825 0.1102 0.4312 0.1141 0.3248 -1.2032 -0.2919 
2.8248 2.1855 1.9578 1.3881 1.6455 1.5872 1.1477 1.3605 1.4129 1.2792 1.1890 1.2865 1.0473 1.0206 1.0394 1.3178 1.5985 1.2446 0.9404 0.8381 0.7901 0.9757 0.8077 0.8047 0.8561 0.6935 0.4345 0.7220 0.6473 0.1720 0.5323 0.2507 0.1220 
2.1606 2.2930 2.2693 1.4412 0.7018 0.7551 1.1990 1.1545 1.1484 1.2147 1.7104 0.8624 1.1896 1.2708 1.1252 1.5592 0.4858 1.4999 1.0153 1.0762 0.9660 0.5424 1.3315 0.7430 0.6145 0.5440 0.4855 -0.1042 -0.2878 0.2234 0.8029 0.4448 -0.5767 
1.7953 1.9410 1.8925 1.3643 1.2165 1.1162 1.4100 1.2981 1.7497 1.4819 0.8179 1.2644 0.5572 1.1461 1.0320 1.1940 1.1493 1.1320 0.9322 0.9866 0.2904 0.9630 0.4422 1.0161 1.1746 0.6506 0.6518 0.2499 0.2012 0.1550 0.4529 0.1147 -0.9066 
0.8769 1.8614 1.5190 1.8089 1.0695 1.0862 1.0144 1.0119 1.0426 0.4484 1.0320 0.5273 0.5757 0.7076 0.8964 0.5344 1.0291 0.4577 0.7507 0.5514 0.2951 0.1976 0.6367 -0.0524 0.5169 0.3695 0.2566 0.2338 0.0795 0.5989 0.1006 0.0212 -1.5847 
2.2331 1.7559 1.6636 1.5091 1.2301 0.1009 1.4906 0.7952 1.2492 1.1842 1.1437 1.0484 0.7636 0.9450 1.2002 1.0963 -1.1624 1.0373 1.0811 0.7217 0.5387 0.7145 0.7552 0.7172 0.6946 0.1607 0.7344 -0.7504 0.2216 0.3133 0.2253 -0.1107 -0.4254 
3.0067 2.5490 1.5274 1.3029 1.3431 1.3534 1.4740 1.4936 1.6651 1.5394 1.4835 1.0896 1.3815 1.2065 1.4486 0.5365 -0.8195 0.4884 1.3377 1.0325 1.1005 0.7641 1.0896 1.0710 1.1151 0.8627 0.7196 0.4916 0.3088 0.1114 0.1086 0.6567 0.3029 
2.9434 1.6092 1.5763 1.0350 1.8836 1.8747 0.6243 1.0268 1.3920 1.0941 0.4720 1.2200 1.5163 1.6325 1.4655 1.4362 0.9540 1.3893 1.3674 1.4574 1.2726 0.9352 0.0857 0.6319 0.8217 0.3818 -0.1328 1.0093 0.8895 -0.1760 0.1397 -0.4210 0.2268 
2.2441 1.3307 0.7154 1.1555 1.6951 0.9394 1.3165 0.2703 1.0823 1.4068 1.1322 0.3015 0.9185 0.6154 -1.4674 1.1286 0.1299 1.0711 -1.4639 0.4454 0.6388 0.0140 0.7370 0.9518 0.5473 -0.3155 0.5610 0.0956 0.6794 0.0196 -0.7566 -0.4586 -0.4920 
2.3141 2.1381 1.7024 1.3868 1.7229 1.7916 1.8430 1.0004 1.4711 1.4098 0.4338 1.2632 1.4659 1.5646 1.4724 1.6847 1.5597 1.6131 1.3774 1.4060 1.2075 0.9643 0.0347 0.9523 0.9509 0.3235 1.0798 0.9348 0.7010 0.1876 0.2475 0.2628 -0.3516 
1.4504 1.5642 1.3979 1.1311 1.2552 0.6988 0.9642 1.3883 1.4504 1.3397 0.7582 1.3526 1.4212 1.2805 1.1030 1.0918 -0.2882 1.0333 0.9963 1.0827 1.1440 1.0167 0.3705 0.8668 0.9176 0.7078 0.2031 -0.1703 0.2397 -0.0419 -0.0735 -0.2717 -1.1216 
