2.3103 0.0070 1.5901 1.0512 1.4901 0.3490 0.8716 0.8779 1.2082 0.3270 0.2340 0.9533 0.7700 1.0157 0.4114 -0.3376 0.2997 -0.4252 0.2720 0.8099 0.4472 0.5442 -0.2447 -0.2718 0.5266 0.0317 -0.0859 -0.7435 0.2536 -0.4512 -0.1804 -1.8660 -1.0629 
3.1182 2.7023 2.4456 2.3146 2.0285 1.8373 1.8294 0.1238 1.0386 1.5361 1.9084 1.3359 0.5406 1.4913 1.5236 1.0761 1.2404 1.0092 1.4011 1.2603 0.2484 0.9256 1.4188 0.9643 0.3703 -0.6108 0.9066 0.7602 0.7861 0.8652 0.6272 0.3812 -0.1881 
2.5399 1.9098 1.1320 0.7837 1.1020 1.1332 1.1059 1.3268 1.1532 1.4666 -0.4199 1.0280 0.0324 0.5669 0.9367 0.7615 1.1685 0.6683 0.7942 0.3701 -0.2285 0.6218 -0.8560 0.8932 0.4822 0.5048 0.2051 0.0646 -0.1319 -0.6848 -0.6503 -0.4840 -0.8021 
-0.0117 2.1498 1.4902 1.6296 1.4676 1.5120 2.1288 1.1549 0.9183 1.1870 1.0945 1.2876 1.4792 1.4226 0.9381 1.4494 0.9833 1.3918 0.7942 1.1527 1.1438 0.9023 0.6101 0.6031 0.2253 0.3820 1.2034 0.4323 0.2386 0.1633 -0.2256 -0.1277 -2.7692 
2.8179 1.3620 0.6878 1.5758 1.4472 1.5942 0.7971 0.5170 1.4401 1.3705 0.7358 0.9347 1.3070 0.8643 1.2347 0.4262 0.3990 0.3655 1.0765 0.5808 0.9811 0.5245 0.2592 0.7753 0.7465 -0.2590 -0.1457 0.5168 0.1885 0.0897 -1.0763 -1.1057 -0.5438 
3.2246 2.7199 2.3981 1.9189 1.3683 0.3759 1.4067 1.1481 0.8697 1.4949 1.8330 1.1495 0.5864 1.5942 1.4006 1.4398 1.5381 1.3729 1.2073 1.4016 0.3238 0.7745 1.3629 0.9228 0.1513 0.3761 0.4490 -0.6744 0.0748 0.4093 0.5601 0.4062 -0.1415 
2.0405 2.0372 0.9168 0.8645 1.1084 0.9701 1.0469 0.5804 1.1842 0.8507 0.8419 1.2786 1.4696 0.9137 0.9656 0.9125 0.9646 0.8526 0.8417 0.6682 1.1280 0.8952 0.3532 0.2573 0.5041 -0.1727 0.1151 -0.1074 -0.1164 -0.6411 -0.9405 -0.2552 -1.1992 
1.7701 2.1321 1.6831 1.5144 1.6496 0.8630 0.3726 0.9717 1.0094 0.6087 1.1164 0.4570 1.2007 0.7621 0.5107 1.2947 0.9675 1.1998 0.3844 0.5073 0.9117 0.0387 0.6379 0.0219 0.3526 0.1818 -0.5596 -0.2210 0.4222 0.0111 -0.0798 -0.1300 -1.7540 
1.8410 2.2691 1.5613 1.5983 1.1003 0.4892 1.9972 1.4949 -0.3765 1.4204 0.4826 0.9309 1.4694 1.4784 0.4986 1.1845 -0.7461 1.1016 0.3612 1.2331 1.1307 0.5210 -0.0037 0.8483 -1.0639 0.6776 1.0558 -0.5574 -0.1122 0.1165 -0.2497 -0.0187 -1.3722 
3.0769 2.5976 1.6261 1.2522 1.8059 1.8696 1.1240 1.4043 1.4297 0.7865 1.7793 1.6161 1.4444 1.4688 1.0973 1.2881 -0.0067 1.1935 0.9630 1.2205 1.0978 1.2176 1.3087 0.2061 0.7303 0.5550 0.2492 0.7844 0.5493 -0.2029 -0.1778 0.2927 -0.2312 
2.7646 2.1673 1.9574 1.6356 1.4792 0.4338 1.6060 1.6322 0.8877 0.3319 1.0528 1.3094 1.7014 1.8359 1.1640 1.4265 1.0269 1.3507 1.0178 1.5871 1.4253 0.9140 0.5583 -0.2474 0.1770 0.8728 0.6844 -0.6309 0.2284 0.1635 0.1296 -0.1662 -0.5874 
1.8853 2.6801 2.4330 2.1222 2.1140 2.0120 2.4592 2.1682 1.8828 1.4095 1.1343 1.5688 1.5144 1.3362 1.4467 1.4464 1.4464 1.3863 1.2863 1.0762 1.1898 1.1610 0.6578 0.8239 1.1542 1.4093 1.5034 0.9383 0.8932 0.6347 0.6044 0.3921 -1.5735 
2.5163 1.9965 2.2888 1.0900 0.4837 1.3220 0.9827 1.5806 1.1908 1.3167 1.4935 1.2988 1.2648 1.7098 1.2685 0.9859 -0.6962 0.9203 1.0957 1.4933 0.9557 0.9059 0.9993 0.7285 0.5067 0.8100 0.0332 0.2541 -0.7313 -0.3978 0.4915 -0.3336 -0.8170 
2.7532 2.3042 2.1215 1.9535 1.6350 1.0078 1.2562 0.5168 1.2689 1.4407 1.4517 1.2690 1.4066 1.0733 0.9220 1.3916 0.0925 1.2896 0.7744 0.8737 1.0563 0.8894 0.9545 0.8708 0.5627 -0.2623 0.3485 -0.0658 0.4012 0.4398 0.3555 -0.0109 -0.5326 
2.3679 2.0918 1.5048 1.3750 1.4242 0.4520 0.4246 1.2953 1.5822 0.3430 0.3457 1.3190 1.0160 1.4759 0.7480 0.6227 0.8708 0.5502 0.5695 1.2334 0.6978 0.9183 -0.1577 -0.2127 0.9149 0.4883 -0.5195 -0.6212 0.1479 -0.1462 -0.2617 -0.1559 -1.0053 
3.0209 2.7860 2.5038 1.7674 1.6734 1.8305 0.3701 1.6190 1.6070 0.8226 1.1572 1.5188 1.1804 1.6319 1.6297 0.9364 0.0244 0.8768 1.4901 1.4325 0.8996 1.1007 0.6832 0.2226 0.9344 0.8620 -0.5909 0.7527 0.4391 0.3088 0.6689 0.4637 -0.4411 
3.1509 2.1700 1.2241 2.1308 2.2095 2.3910 1.7447 1.0814 1.5719 0.7975 0.5524 0.3799 0.8868 0.7785 1.3347 1.2466 -3.2293 1.1553 1.1478 0.5289 0.5429 -0.0338 0.0561 0.2113 0.9067 0.3283 0.8510 1.3137 0.9777 0.6454 -0.6216 -0.1822 -0.1978 
3.2783 2.3128 0.8659 1.2635 1.6048 2.1325 1.7366 0.5895 0.2572 1.4323 0.7706 1.4859 0.8206 1.5628 0.9621 0.9296 0.8851 0.8748 0.8271 1.3621 0.4788 1.0741 0.3086 0.8633 -0.4617 -0.1730 0.8428 1.0589 0.3804 -0.1955 -0.9947 -0.0270 -0.0446 
2.5918 1.9452 0.5008 1.5909 1.3240 1.5597 1.0812 1.5582 1.6395 1.2153 1.6544 0.5093 1.5365 1.0296 1.4155 0.1397 0.8680 0.0523 1.2306 0.8299 1.2168 0.1162 1.1704 0.6269 0.9749 0.7759 0.1680 0.4909 0.0513 0.1175 -1.1465 -0.2755 -0.8079 
3.2061 1.8994 1.4298 1.3995 0.8946 1.1617 1.7756 1.5578 1.0226 0.1127 0.9717 1.1934 1.0924 1.2852 0.4935 0.5859 0.9188 0.5247 0.3606 1.0395 0.8113 0.8363 0.4825 -0.4844 0.3532 0.7779 0.8796 0.0811 -0.4241 -0.0900 -0.4548 -0.2987 -0.1464 
3.5430 2.5708 2.0269 2.1702 1.8268 1.3493 1.1823 1.4045 1.7556 1.6109 1.0485 1.2750 0.4648 1.3021 1.5840 1.4128 -1.1522 1.3227 1.4520 1.0523 0.1473 0.8936 0.5547 1.0308 1.0677 0.5586 0.2804 0.2619 0.5507 0.6887 0.2238 0.1662 0.1264 
3.0367 2.3795 1.4780 1.1909 1.7692 0.5662 1.3451 0.4373 0.9196 0.9180 0.9398 1.0976 1.0682 0.5772 0.4408 0.9687 0.0394 0.9057 0.3224 0.3782 0.7744 0.7169 0.4462 0.3459 0.2420 -0.3473 0.4004 -0.4993 0.5108 -0.2518 -0.3156 0.0198 -0.2863 
2.6167 1.7301 1.6257 -0.2818 0.9267 1.3958 0.1196 1.4598 1.1941 1.5403 1.1251 0.2662 0.6497 0.1963 1.1817 1.2614 0.6391 1.1673 1.0365 -0.0325 0.3662 -0.1558 0.6454 0.9643 0.5095 0.6405 -0.7451 0.3150 -0.3437 -1.8684 -0.1434 -0.6395 -0.7410 
3.0676 2.4325 2.3378 1.5829 2.1961 1.8115 1.9854 1.4422 1.9358 1.7471 1.3617 1.1201 1.3874 1.4474 0.5603 0.5207 0.2017 0.4512 0.4216 1.1897 1.0373 0.7474 0.8755 1.1573 1.2112 0.6062 1.0388 0.7254 0.9652 0.0657 0.5331 0.0221 -0.3170 
3.0685 2.5943 2.6470 2.4965 1.9058 1.9647 0.9403 1.0860 1.2239 1.6568 0.5952 1.5673 0.4183 1.5670 0.8197 0.7159 1.4777 0.6245 0.6235 1.3671 0.0783 1.1609 0.1142 1.0867 0.5400 0.3239 0.0019 0.8880 0.6016 0.9835 0.8835 0.2554 -0.3328 
2.3002 2.5653 1.4603 1.6984 1.6286 1.6726 1.3180 1.0952 -1.4228 1.4615 -0.1755 1.0345 0.3394 1.0828 0.1488 0.8605 -0.1191 0.7615 -0.0082 0.8810 -0.0004 0.6291 -0.6900 0.8905 -2.1431 0.3366 0.3851 0.5960 0.3936 0.2540 -0.3725 0.2586 -1.0830 
2.0524 2.2783 1.9033 2.1366 1.2963 1.4859 1.6654 1.9795 0.7071 1.9480 1.5523 1.0633 1.0251 1.2460 0.9169 0.8494 0.5443 0.7456 0.7634 1.0080 0.7209 0.6597 1.0635 1.3621 0.0210 1.1458 0.7718 0.4151 0.0102 0.6489 0.0909 -0.0454 -1.3200 
2.6174 1.7526 1.4730 0.9882 1.0201 0.8516 0.9466 -0.9381 0.4985 1.0776 1.0524 1.0670 -0.0846 0.8600 -0.1281 -1.1885 0.3721 -1.2502 -0.2765 0.5776 -0.4046 0.6647 0.5601 0.4943 -0.1580 -1.7674 0.0088 -0.2594 -0.1893 -0.5147 -0.2358 -0.4907 -0.7893 
1.2383 1.9531 1.2651 1.5081 1.8294 1.1037 0.0944 1.0780 0.4710 0.6741 1.1713 1.1884 0.7312 1.3647 1.5785 1.5263 1.0048 1.4618 1.4471 1.0947 0.4168 0.8256 0.6943 0.0882 -0.1891 0.3186 -0.7977 0.0208 0.5538 0.0199 -0.5559 -0.3861 -2.2220 
0.9419 2.2805 1.6335 1.5026 1.1488 1.1647 1.1824 1.5492 2.0631 1.7246 1.5441 1.3874 1.5277 1.0868 -0.0768 1.3596 1.1276 1.2631 -0.2172 0.8835 1.2060 0.9640 1.0528 1.1358 1.4101 0.7775 0.3009 0.0779 -0.0861 0.0181 -0.1499 -0.0051 -2.3635 
1.3258 2.1393 1.7326 1.5773 1.4106 1.9585 1.9033 -0.0333 0.1946 1.4810 1.8410 1.0675 1.2582 0.6649 1.4292 0.9668 1.3343 0.9083 1.2556 0.4459 0.9485 0.6696 1.3717 0.9135 -0.4975 -0.8083 0.9534 0.8851 0.1322 0.1055 -0.0683 -0.1254 -2.2801 
2.8017 1.9393 0.9222 0.7041 1.0964 0.3475 1.5215 1.3307 0.4774 0.5234 0.9704 -0.0318 0.1172 0.8448 0.4324 -0.2569 0.9976 -0.3820 0.3196 0.5606 -0.1769 -0.4486 0.4796 -0.0644 -0.1740 0.5059 0.5793 -0.7380 -0.1383 -0.7335 -0.8981 -0.3155 -0.5448 
2.1702 0.7926 1.1405 1.3949 1.1497 0.9133 0.3894 0.7214 0.3838 -0.7506 0.8031 -0.0584 0.6674 -0.2903 0.5593 -0.1765 0.3475 -0.2401 0.4253 -0.5453 0.3755 -0.4690 0.3262 -1.3731 -0.2904 -0.0791 -0.5547 -0.1640 -0.0943 -0.1216 -0.6399 -1.7090 -1.2227 
3.4213 3.0153 2.6314 1.6251 1.9449 1.5403 1.3291 1.4813 1.3737 0.4981 1.1210 1.7759 1.6224 1.9090 1.4522 1.4735 0.8094 1.4163 1.2870 1.6350 1.3336 1.4105 0.6491 -0.0880 0.6553 0.6703 0.3983 0.4604 0.6520 0.1404 0.8647 0.6389 0.0539 
3.1611 2.3249 1.3426 1.9761 1.7256 1.3593 2.1278 1.4105 1.8601 0.5612 1.8801 1.1219 1.5350 1.3254 1.2437 1.1428 1.0879 1.0755 1.0844 1.0695 1.2202 0.7447 1.4048 -0.0212 1.1436 0.5671 1.1973 0.3106 0.4751 0.4737 -0.4700 -0.0549 -0.1745 
0.2291 1.1065 1.5011 1.3142 1.5359 1.0103 1.7897 1.5125 -0.1031 1.0152 1.3335 0.6408 1.2137 1.2340 0.6263 0.3425 1.0828 0.2667 0.4771 0.9996 0.9203 0.2787 0.8626 0.4401 -0.7530 0.7047 0.8871 -0.0588 0.3238 -0.1712 -0.2743 -1.2475 -3.8636 
2.3963 1.9188 0.9424 0.8850 0.9958 1.0739 0.5600 0.7786 0.5521 0.4464 0.5350 0.6657 1.0455 0.6388 0.8627 0.5245 0.5668 0.4525 0.6676 0.4184 0.7401 0.3135 0.0324 -0.1401 -0.1066 -0.0343 -0.3684 -0.0122 -0.2075 -0.6196 -0.7688 -0.4276 -1.2115 
2.5980 2.6977 2.0272 1.7912 1.5492 1.4708 0.9956 -0.2331 1.1099 1.2587 0.8068 1.0923 0.5271 0.2630 0.5576 0.7938 -0.6477 0.6961 0.4231 0.0066 0.2248 0.7064 0.3322 0.6665 0.4453 -1.0650 0.0542 0.3893 0.3296 0.3391 0.2216 0.3921 -0.7146 
2.5692 2.4169 1.8738 1.1332 1.7178 1.3265 1.2080 1.9695 2.0343 1.5275 1.0950 1.4036 1.0307 1.0074 1.4580 1.6286 1.0336 1.5560 1.3064 0.7982 0.7224 0.9736 0.6076 0.9507 1.3740 1.1378 0.3290 0.2405 0.4778 -0.2732 0.0320 0.0657 -0.7304 
2.4667 2.1034 2.1566 1.3280 1.2754 0.4179 1.5636 1.3015 0.9496 -1.6498 1.4777 1.2884 0.9731 1.0022 0.8589 1.0860 0.3106 1.0143 0.6592 0.7897 0.6476 0.8993 0.9851 -2.1828 0.2802 0.4873 0.6274 -0.6231 0.0079 -0.1829 0.3822 -0.1627 -0.8529 
3.1575 2.7689 2.3676 1.1698 2.0866 1.9581 1.7161 0.5493 1.1200 0.5936 1.2726 1.7895 1.4824 1.4682 1.0898 1.4874 0.0473 1.4249 0.9522 1.2189 1.1502 1.4173 0.8132 0.0139 0.4486 -0.2019 0.8232 0.8835 0.8700 -0.2901 0.5495 0.4487 -0.1902 
2.1632 2.3668 2.0765 1.4151 0.6181 1.4034 1.0981 0.4305 0.5574 0.9412 1.5640 2.0039 1.8274 1.3889 -0.1410 0.9234 1.0699 0.8655 -0.3039 1.1011 1.5046 1.5896 1.0791 0.3780 -0.1127 -0.3547 0.1767 0.3299 -0.5998 -0.1031 0.3108 0.0383 -1.1675 
3.0103 0.8430 1.0576 1.5927 -1.2764 1.5306 1.4749 0.7354 1.6182 1.0585 0.8653 1.1840 1.0998 1.3675 0.4563 1.6449 -1.0538 1.5827 0.3335 1.0961 0.8355 0.8236 0.3611 0.4696 0.9449 -0.0640 0.5346 0.4646 -2.9123 0.1229 -0.7928 -1.0851 -0.4383 
2.6639 2.1863 0.9023 1.6370 -0.7489 1.6292 1.3804 0.8947 1.4884 1.4505 1.3681 0.7016 1.5344 1.3877 0.0592 1.0861 0.9830 1.0103 -0.0743 1.1005 1.2196 0.3375 0.8791 0.8814 0.8315 0.0661 0.4251 0.5500 -2.2583 0.1587 -0.9469 -0.0477 -0.6900 
3.5536 2.6391 1.9381 1.8658 1.3808 1.4236 0.9471 1.5130 1.0996 0.9827 0.8803 0.5485 0.8654 -0.8392 1.1514 -0.3991 -2.3647 -0.4860 1.0081 -1.1511 0.5153 0.1490 0.3839 0.4026 0.4394 0.7157 0.0153 0.3522 0.0873 0.3829 0.0834 0.2917 0.1533 
3.0883 2.2539 2.1731 1.9482 1.0264 1.6538 1.6581 1.3548 0.8866 1.3314 0.9821 1.0906 0.3526 1.1389 0.5083 1.3760 0.4024 1.2766 0.3771 0.9324 0.0099 0.7018 0.4869 0.7379 0.1890 0.5221 0.7592 0.5812 -0.2007 0.4334 0.4047 -0.0990 -0.2170 
3.1107 1.8439 1.8981 1.1847 1.8368 1.6315 0.0361 1.6210 1.5557 1.0963 0.0527 1.4500 1.4622 0.5651 0.9762 1.3657 1.1724 1.2707 0.8525 0.3677 1.1194 1.0325 -0.3984 0.5221 0.8944 0.8628 -0.9167 0.5534 0.5593 -0.2917 0.0614 -0.5134 -0.2005 
3.1685 1.5613 1.2522 1.7955 1.6084 0.5623 1.7121 1.5528 1.4978 1.1119 1.1609 1.0083 0.9948 1.3602 1.6540 1.5301 0.2840 1.4637 1.5215 1.0899 0.6871 0.5973 0.6833 0.5480 0.8375 0.7715 0.8245 -0.5015 0.3692 0.3318 -0.5656 -0.7173 -0.1736 
3.4568 2.4633 1.3081 1.7058 1.9543 0.9580 -0.0800 0.7861 1.1354 0.7901 1.0194 1.5020 1.7180 1.9537 1.4525 1.0977 -0.0123 1.0324 1.2932 1.6771 1.4347 1.0914 0.5240 0.1921 0.4624 -0.0493 -0.9873 -0.1312 0.6617 0.2508 -0.5306 0.0224 0.0746 
3.4225 2.8795 2.0768 2.2135 2.0797 1.6257 0.9411 1.6071 1.5101 1.7664 0.9068 0.4124 1.5898 1.2933 1.5130 0.4494 1.1010 0.3806 1.3902 1.0427 1.2923 -0.0034 0.4045 1.1738 0.8589 0.8497 0.0023 0.5430 0.8623 0.7583 0.3245 0.5195 0.0486 
3.2511 3.0339 2.4643 2.3534 0.5829 1.9565 1.9618 1.0697 1.4310 1.4900 0.9559 1.0482 1.5429 0.4657 0.9193 0.7798 1.0488 0.6848 0.7652 0.2512 1.2286 0.6513 0.4571 0.9156 0.7347 0.3065 1.0053 0.8828 -0.6887 0.8851 0.6205 0.6620 -0.1052 
3.0089 2.2262 1.3427 0.9902 1.5976 1.1640 1.1346 0.5587 0.4870 1.2213 1.1830 0.8168 1.0719 0.8808 0.1533 0.2398 0.0909 0.1408 0.0033 0.6041 0.7870 0.3929 0.7133 0.6325 -0.1966 -0.1962 0.2327 0.0783 0.3753 -0.5441 -0.5119 -0.0267 -0.3655 
3.3683 2.5245 2.1748 2.0495 2.0386 1.7320 1.9319 1.5106 0.6418 1.3919 1.9407 1.6764 0.9703 1.0583 0.4831 1.2127 0.5538 1.1244 0.3581 0.8642 0.6437 1.3045 1.4401 0.7999 -0.0369 0.7057 0.9734 0.6559 0.7974 0.5580 0.4013 0.1238 0.0176 
3.3916 3.4440 2.7703 2.5675 2.5553 2.1526 1.9718 2.3429 2.0394 1.2062 1.6916 2.0356 1.5761 1.4877 1.1597 1.4375 1.1013 1.3684 1.0171 1.2526 1.2689 1.6270 1.2172 0.6211 1.3741 1.5401 1.0181 1.0740 1.3073 1.0754 0.9870 1.1251 0.1259 
2.7943 4.0985 3.4815 3.2434 3.0289 2.7206 2.8525 2.7085 2.4817 2.5648 2.3251 2.3135 2.2996 2.2999 2.1804 2.2042 2.0623 2.1387 2.0465 2.0718 2.0017 1.9477 1.8508 1.9914 1.7634 1.9492 1.9560 1.6485 1.7400 1.7684 1.6578 1.7656 -0.5701 
4.1834 3.7883 3.0683 2.6995 2.5383 2.3369 2.4307 2.0467 2.0605 1.9311 1.9173 2.1532 1.7252 1.6139 1.3460 1.6053 1.5659 1.5349 1.1596 1.4114 1.4404 1.7557 1.4264 1.3382 1.4055 1.2465 1.4860 1.2694 1.2762 1.2211 1.2591 1.4744 0.8747 
4.6849 3.5461 2.5218 1.7738 1.7235 1.0667 0.6231 1.9166 1.4094 1.5678 1.3959 0.5507 1.1448 1.3670 -0.4745 -0.7228 -0.1542 -0.7340 -0.6529 1.0963 0.8825 0.1978 0.9014 0.9839 0.6825 1.0902 -0.3389 0.0294 0.5019 0.3483 0.7448 1.1438 1.3425 
4.8596 3.9447 2.7616 2.1774 1.7350 1.5869 2.1457 1.5740 1.9294 1.2571 1.4063 1.4098 1.4792 1.4108 1.2572 1.4401 -0.2787 1.3661 1.0916 1.1327 1.1434 0.9842 0.9072 0.6857 1.2059 0.8055 1.2309 0.5386 0.5221 0.7469 1.0112 1.6282 1.5329 
4.3009 4.3098 3.5825 3.2040 3.0317 2.8935 2.7808 2.5595 2.5479 2.6729 2.5797 2.2947 2.4357 2.1684 2.1122 1.8524 1.9958 1.7530 1.9809 1.9663 2.0931 1.9373 2.0854 2.0941 1.8744 1.7480 1.8922 1.8188 1.7478 1.7181 1.7645 2.0088 1.0024 
3.7473 3.1582 1.8889 0.8146 1.4564 1.0285 0.6137 -0.0001 0.4125 0.9841 1.0707 1.5589 1.5017 1.3319 1.0458 0.9070 0.8675 0.8476 0.9143 1.0752 1.1716 1.1504 0.5732 0.4141 -0.2621 -0.7707 -0.2834 -0.0461 0.1922 -0.6594 0.0351 0.8651 0.4595 
3.3688 2.5863 1.8940 1.3075 1.1643 1.4390 1.2992 0.9788 0.9167 -0.5230 0.9102 0.0741 1.1299 1.0086 0.2228 0.3004 1.0194 0.2139 0.0426 0.7970 0.8646 -0.2646 0.4101 -1.0927 0.2252 0.1947 0.3753 0.3687 -0.0929 -0.1748 0.0625 0.3140 0.0226 
3.6937 3.0389 2.0577 1.9546 0.9255 0.6918 1.1516 1.3221 0.9462 1.5133 1.6358 1.3878 1.0913 1.2143 1.0132 0.8666 0.9535 0.7654 0.8798 0.9858 0.8073 0.9598 1.1523 0.9430 0.2853 0.4974 0.2521 -0.3838 -0.4193 0.4378 0.3181 0.7912 0.3556 
3.7018 2.7283 2.2480 -0.7265 1.0307 1.2215 1.3087 1.9384 0.7187 0.7697 0.9150 1.3228 1.6058 1.5065 1.6998 1.0283 0.8769 0.9604 1.5571 1.2802 1.3080 0.9237 0.4252 0.1705 0.0225 1.0925 0.3729 0.1339 -0.2175 -2.1429 0.4434 0.3580 0.3425 
2.1715 1.2955 0.0246 1.0935 0.0881 -0.9400 1.0635 -0.7025 0.3699 -0.3294 0.4851 -0.1559 0.9147 1.0726 0.8725 0.7125 0.6972 0.6175 0.6915 0.8747 0.5693 -0.5809 -0.0091 -0.9057 -0.3241 -1.4961 0.1375 -2.0038 -1.1447 -0.3720 -1.8158 -0.9538 -1.1916 
3.3629 2.5789 2.2251 1.5726 1.5256 1.2045 1.5268 1.2131 1.0623 1.2129 1.2177 0.3309 0.5789 0.2181 0.6935 0.4995 -0.5612 0.4302 0.5394 -0.0288 0.3177 -0.0970 0.7421 0.6256 0.3912 0.4219 0.5820 0.1281 0.2946 0.0910 0.4425 0.2334 0.0211 
1.8854 3.1951 2.7156 2.2762 2.1952 2.0182 2.1584 2.0011 1.5856 2.0183 1.7237 1.8398 1.2713 1.4984 1.2216 0.9713 0.6130 0.9100 1.0612 1.2707 0.9484 1.4473 1.2428 1.4469 0.9188 1.1786 1.2382 0.9431 0.9664 0.8243 0.9458 0.9134 -1.7366 
2.2041 2.4253 2.0200 1.8229 1.6368 1.1907 1.4793 1.9209 1.2955 0.9993 1.6451 1.1929 1.3389 1.3700 0.8738 1.3766 0.9252 1.2783 0.6852 1.0960 1.0018 0.8226 1.1630 0.4308 0.5727 1.0849 0.5492 0.0999 0.4079 0.3548 0.2451 0.1101 -1.0901 
3.0325 3.0278 2.1711 2.2050 1.7128 1.7785 -0.4071 0.1862 0.9052 1.0804 1.0803 0.9665 0.0981 1.5517 1.5344 1.7342 1.9384 1.6524 1.4122 1.3527 -0.1726 0.5604 0.5680 0.4995 0.2371 -0.5843 -1.3227 0.6841 0.4576 0.7542 0.4253 0.7508 -0.5091 
3.1696 3.0885 2.5118 2.2529 2.3938 2.0910 1.8114 1.5965 1.7610 1.7116 1.4204 0.9995 1.4124 0.7055 1.2539 1.4911 0.4986 1.4310 1.0904 0.4775 1.0691 0.5688 0.9294 1.1148 1.0754 0.8302 0.8986 1.0112 1.1173 0.8123 0.7100 0.8550 -0.1888 
2.7877 2.4526 1.9677 0.7351 0.8711 1.6730 1.2721 1.5677 1.0877 1.2078 1.6092 1.9660 1.4837 1.1752 1.4108 1.0727 0.2815 0.9996 1.2239 0.9545 1.1467 1.5431 1.1138 0.6179 0.4182 0.7878 0.3555 0.6013 -0.4334 -0.7280 0.1351 0.0780 -0.5452 
2.5891 2.5763 2.5106 2.4395 1.9829 2.2456 0.4709 1.8418 0.9829 1.5204 1.5719 1.1268 1.1241 1.5990 0.9046 1.1803 0.8804 1.0969 0.7310 1.4045 0.8629 0.7572 1.0862 0.9478 0.2999 1.0303 -0.5159 1.1660 0.7351 0.9423 0.7181 0.3451 -0.8275 
2.1897 2.6054 2.0021 2.2242 1.0589 1.3826 1.0763 1.4032 1.1962 1.4712 1.9450 1.7701 1.6693 1.0877 1.1010 1.1369 1.4532 1.0695 0.9691 0.8812 1.4026 1.4055 1.4457 0.9038 0.5178 0.5539 0.1616 0.3083 -0.1681 0.7675 0.2581 0.3550 -1.2497 
2.8907 2.3175 1.5777 1.3905 1.9686 1.3411 1.0604 0.5656 1.5821 1.0472 1.1443 1.9448 1.4530 1.0006 1.0050 0.9163 1.2623 0.8650 0.8797 0.7913 1.1037 1.5160 0.6716 0.4591 0.9174 -0.1813 0.1231 0.2524 0.6987 -0.0920 -0.1760 -0.0656 -0.5896 
1.9646 3.1661 3.0769 2.5530 2.3349 2.2536 1.5505 1.8875 1.9628 1.2498 1.5490 1.7845 2.0466 1.7957 1.9824 1.8831 1.4976 1.7843 1.8184 1.5582 1.7216 1.4162 1.0641 0.6507 1.2578 1.0618 0.6215 1.1791 1.0697 1.0637 1.2736 0.8963 -1.6419 
2.8674 2.7194 2.8324 2.5123 2.3237 2.2527 1.5025 1.2277 1.3121 1.8554 1.5374 1.4319 1.4518 1.4299 1.4537 1.6703 1.7334 1.6052 1.2967 1.1622 1.1110 1.0054 1.0442 1.2630 0.6007 0.4443 0.5516 1.1734 1.0684 1.0132 1.0551 0.4247 -0.7136 
2.5520 3.7110 3.6251 3.2285 3.1181 2.9802 3.0136 2.7532 2.6353 2.5115 2.4835 2.4641 2.0635 2.1802 2.2495 2.4537 2.3938 2.3538 2.1044 1.9836 1.7432 2.0370 1.9826 1.9415 1.9738 1.9856 2.0525 1.9055 1.8812 1.7459 1.8178 1.4327 -1.7671 
3.8652 3.2398 2.7079 1.5977 1.6194 2.4848 2.2893 0.9839 1.2510 0.6447 -0.4061 1.0427 0.7744 1.5066 0.0796 1.2127 -2.9147 1.1236 -0.0633 1.2818 0.4455 0.6480 -0.8027 0.0256 0.5531 0.1398 1.3981 1.4140 0.3786 0.0799 0.9356 0.9217 0.5317 
2.3162 2.9783 2.8741 1.6618 1.6141 2.2038 1.7246 1.5172 1.4787 0.7538 0.7335 -0.1958 0.4192 0.5572 1.2480 1.4309 0.0722 1.3574 1.0885 0.3569 0.0852 -0.6409 0.2529 0.1569 0.7997 0.7215 0.8193 1.1296 0.3889 0.1779 1.0723 0.6324 -0.8858 
3.4384 2.4830 2.6273 2.3434 2.1676 1.6411 1.5897 1.9624 1.6505 1.6646 0.5331 1.1237 1.5705 1.7166 1.2277 1.6356 1.1973 1.5719 1.0752 1.4995 1.2669 0.7495 0.0343 1.0885 0.9789 1.1160 0.6762 0.5581 0.9232 0.8727 0.8689 0.0793 0.0675 
2.1884 2.3617 2.8639 2.1132 2.5162 1.3670 2.2722 1.5516 1.8016 1.5882 -0.9340 0.8233 1.5964 1.4763 1.0293 1.4344 0.2589 1.3616 0.8967 1.2337 1.3012 0.4111 -1.4464 1.0071 1.0968 0.7711 1.3834 0.2885 1.2445 0.6305 1.0694 0.0248 -1.2921 
0.4814 3.1403 3.4124 2.7078 2.3627 2.0503 2.0945 0.9465 1.1391 0.6758 1.3722 0.6309 1.4565 0.8363 0.7860 0.4671 0.3248 0.3996 0.5944 0.5586 1.1114 0.2719 0.8805 0.0895 0.4606 0.1304 1.1510 0.9776 1.0915 1.2147 1.6100 0.8780 -1.8086 
2.2941 2.2076 3.0920 2.7371 2.4935 2.3116 2.4766 2.2613 1.5668 0.7290 1.0548 1.3183 1.6661 1.5826 1.6206 0.7326 -0.0840 0.6442 1.4794 1.3892 1.4018 0.9197 0.5607 0.1348 0.9018 1.4800 1.5162 1.2365 1.1938 1.2752 1.3015 -0.0355 -1.0242 
3.3304 2.8076 2.8179 2.3283 2.3526 2.9979 3.1319 2.4659 0.0911 1.4588 1.2371 1.1244 1.9722 2.0721 1.6155 0.7745 1.7948 0.6809 1.4769 1.8545 1.6306 0.7620 0.7645 0.8876 -0.6231 1.6219 2.1842 1.9322 1.0888 0.8620 1.0312 0.4768 -0.0059 
2.2861 3.3514 3.2855 2.0007 2.6374 1.8541 2.6274 2.0097 1.6694 1.4104 1.7947 1.4701 1.0153 1.1569 1.0641 1.7163 1.9621 1.6372 0.9260 0.9495 0.6942 1.0547 1.3242 0.8263 1.0015 1.1797 1.6909 0.7983 1.4170 0.4666 1.5053 1.0549 -0.7234 
3.6384 2.4593 3.6811 2.8601 2.8713 2.7242 2.3905 2.8916 2.6873 2.3447 1.8509 2.3234 1.9634 2.0004 1.5669 1.7907 1.8273 1.7004 1.4360 1.7505 1.6188 1.9540 1.3780 1.7494 2.0176 2.0840 1.4579 1.6509 1.6024 1.3980 1.9139 0.3237 0.3067 
2.4129 2.7233 3.3586 2.4966 2.5639 3.0431 2.6724 2.1235 0.8746 1.3386 1.7511 1.9004 2.0023 1.8929 1.5504 1.5214 1.7960 1.4584 1.4235 1.6279 1.6573 1.4829 1.2711 0.7344 0.1774 1.3418 1.7372 1.9690 1.3309 0.9717 1.5682 0.4515 -1.0183 
3.0686 2.5978 2.5034 2.0077 2.8834 3.6004 2.8392 2.5578 1.3992 1.9947 0.5726 2.1165 1.9505 1.0551 0.9510 1.1407 0.4270 1.0719 0.8154 0.8594 1.6026 1.7105 0.1262 1.4194 0.6948 1.7374 1.9406 2.5250 1.6330 0.5519 0.6667 0.3611 -0.3586 
3.1717 3.3760 3.4193 2.1222 2.4704 3.5573 3.1738 3.3048 2.7241 2.4165 2.3300 2.0614 1.7568 1.9362 2.0362 1.0014 1.1518 0.9350 1.9045 1.6541 1.4569 1.6452 1.8569 1.8190 2.0582 2.5322 2.2482 2.4796 1.1885 0.6016 1.6100 1.0733 -0.2970 
1.4460 2.9906 3.7996 3.0438 3.1208 3.1046 2.2106 2.9218 2.7937 2.4670 2.0973 1.4247 1.6731 2.0510 1.6969 0.3467 2.4131 0.3041 1.5508 1.8233 1.4081 0.9994 1.6076 1.8680 2.1131 2.1083 1.3129 2.0269 1.8810 1.5417 2.0289 0.7040 -1.8221 
1.3442 2.8079 2.7167 2.6876 2.5219 3.1103 3.0948 2.1185 2.3628 2.4777 2.4924 2.1454 1.4911 2.4155 2.2442 1.6432 1.8400 1.5774 2.0966 2.1590 1.1679 1.7452 1.9923 1.8846 1.6532 1.3498 2.1510 2.0367 1.2620 1.2040 0.9346 0.4996 -3.3187 
3.2958 3.3510 3.4936 3.3472 3.3371 3.4898 2.5250 3.0096 2.2220 2.8720 2.5351 2.5865 1.7918 1.7009 1.5749 1.4127 1.7925 1.3278 1.4397 1.4895 1.4790 2.1728 2.0368 2.2832 1.5428 2.1695 1.5819 2.4118 2.0914 1.9032 1.6542 1.0506 -0.0665 
3.0388 3.1286 2.7853 2.9513 2.5661 3.4720 3.1990 2.7773 2.0154 2.7477 2.0830 2.5731 2.5487 1.4946 1.4768 1.0747 1.5027 1.0014 1.3315 1.2571 2.2088 2.1665 1.5899 2.1698 1.3466 2.0017 2.2594 2.4026 1.3239 1.4633 0.9966 0.8566 -0.3234 
2.7130 3.0367 3.4987 2.7079 3.0034 1.9100 1.8094 3.2511 2.8831 2.3730 2.5210 2.1955 1.5483 2.2700 2.0604 1.5879 0.9992 1.5160 1.9387 2.0490 1.2449 1.8215 2.0216 1.7776 2.1761 2.4949 0.9178 0.8409 1.6990 1.2425 1.6558 0.7284 -0.8163 
3.5211 1.3546 3.0403 2.7123 2.4226 2.8229 2.2722 2.6594 2.1371 2.4550 2.2623 1.6374 2.0316 0.6176 1.7130 1.4761 1.4734 1.4186 1.5691 0.4028 1.6988 1.2553 1.7832 1.8573 1.4684 1.8887 1.3809 1.7536 1.1171 1.2443 1.2245 -1.4060 0.1874 
3.0590 2.8692 3.8137 3.2854 3.0497 2.8083 3.2505 3.3735 2.7448 2.4886 2.3096 1.0246 2.6235 1.4472 2.2614 2.0358 -0.1138 1.9743 2.1119 1.1847 2.3098 0.6282 1.8328 1.9002 2.0706 2.5827 2.3417 1.7442 1.7553 1.8242 2.0434 0.6025 -0.1819 
3.9783 3.3594 4.1088 3.6645 3.2176 3.0811 3.4283 3.0347 3.0283 2.9482 2.5499 1.4746 2.3312 2.6396 1.7324 2.2536 2.4585 2.1742 1.5870 2.4363 2.0261 1.0739 2.0522 2.3544 2.3133 2.1843 2.5172 1.9968 1.9839 2.1684 2.2795 1.0869 0.5860 
3.2346 3.6094 3.7816 3.6165 3.1526 3.5442 2.4123 3.3936 2.6888 2.6454 1.8503 1.4046 2.7119 2.1527 1.5256 0.4962 1.2829 0.4093 1.4091 1.9481 2.4368 0.9963 1.3611 2.0634 2.0125 2.5968 1.4660 2.4697 1.9379 2.1218 2.0035 1.3224 -0.1695 
3.8074 3.6123 3.7624 3.3442 2.6830 2.7657 2.1580 2.6400 2.5531 2.6965 2.1160 1.7775 0.6605 2.0554 1.4306 1.7865 1.1469 1.6971 1.2560 1.8317 0.3836 1.4084 1.6241 2.1146 1.8831 1.8663 1.2242 1.6908 1.4453 1.8924 1.9852 1.3006 0.3987 
3.6130 3.7059 3.6904 3.0126 1.0684 3.0359 3.0313 3.4781 2.6744 2.8147 2.3824 1.0722 2.4796 2.6165 2.0741 1.6375 0.6517 1.5671 1.9501 2.4010 2.1315 0.6475 1.9015 2.2308 1.9995 2.6577 2.0818 1.9623 -0.1045 1.4951 1.9227 1.4258 0.0852 
