4.1937 5.4901 5.1750 4.4202 4.0556 3.0906 4.3327 4.0601 3.8524 3.9232 3.8149 3.7610 3.7328 3.5950 3.6374 3.5438 3.5351 3.4761 3.4924 3.4069 3.4764 3.4451 3.4401 3.4764 3.3456 3.4262 3.6595 2.2584 3.0671 3.2941 3.7980 3.7556 2.1763 
4.3478 5.3962 5.0872 4.2967 4.0895 3.8085 4.5372 3.8899 3.6485 4.2639 3.8141 3.7460 3.6947 3.6681 3.5696 3.5675 3.5122 3.4979 3.4404 3.4524 3.4346 3.4357 3.4396 3.8310 3.1088 3.3033 3.8193 3.0007 3.1065 3.1924 3.7332 3.6678 0.8370 
4.6479 4.8306 5.1876 4.6808 4.4911 4.2288 4.2284 4.0831 3.8998 4.1998 4.0593 3.8966 3.8164 3.8027 3.7630 3.7270 3.6902 3.6830 3.6722 3.6521 3.5898 3.6183 3.6881 3.7610 3.3944 3.4413 3.5295 3.4063 3.5062 3.5813 3.8279 3.0525 2.2783 
4.9052 5.2383 5.1210 4.6257 4.5039 4.5977 4.2587 4.2158 4.1879 4.1925 4.0023 3.9853 3.9031 3.8690 3.8060 3.7997 3.7876 3.7481 3.7065 3.7158 3.6930 3.6962 3.6456 3.7534 3.6908 3.6280 3.5608 3.7833 3.5267 3.5019 3.7643 3.4724 2.2004 
5.3842 5.4191 4.8384 4.4988 4.2620 4.0328 4.2201 4.1931 4.1702 3.9334 3.8459 3.6904 3.6670 3.6810 3.6828 3.6129 3.6237 3.5400 3.5429 3.4703 3.4000 3.3683 3.4696 3.4851 3.6749 3.5980 3.5161 3.2195 3.3300 3.3558 3.4386 3.6752 2.6591 
5.4169 5.4357 4.4990 4.3956 3.3119 3.6221 3.2664 3.5733 3.6477 3.4393 2.7981 2.4587 2.6149 2.6807 2.6522 2.5773 2.3001 2.5299 2.5522 2.5199 2.4053 2.1432 2.4591 3.0083 3.1005 2.9592 2.5302 2.8030 2.3938 3.2895 3.0669 3.6826 2.7495 
5.3302 5.3324 4.5804 4.2526 4.0379 4.1200 3.8681 3.7152 3.3793 3.5188 3.4571 3.3254 3.4129 3.2452 3.1620 3.1967 3.0954 3.1246 3.0325 3.0334 3.1892 3.0170 3.0915 3.0788 2.8766 3.0872 3.1902 3.3076 3.0739 3.1451 3.2289 3.5417 2.7335 
4.9603 5.1098 4.7491 4.3652 3.9367 3.6688 3.0202 3.6268 3.7365 3.4048 3.2940 3.3259 3.3505 3.1816 3.0370 3.1417 2.9955 3.0726 2.9373 2.9925 3.1055 3.0156 2.9163 2.9622 3.2321 3.0072 2.3486 2.8391 2.9938 3.2643 3.3867 3.3621 2.4821 
4.9819 4.9535 4.3831 3.8188 3.0494 3.3654 3.7194 3.4003 3.1803 3.0746 3.0168 3.0256 2.5653 2.7555 2.8357 2.7045 2.5530 2.6373 2.6891 2.5731 2.3350 2.7220 2.6383 2.6291 2.6472 2.8079 3.0040 2.5644 2.1150 2.7003 3.0098 3.1947 2.5026 
4.8968 4.5972 3.7100 3.7724 3.3717 3.3531 3.1970 3.3762 3.0304 2.6050 2.9530 2.8838 3.1513 2.8314 2.7224 2.5950 1.6629 2.5370 2.6030 2.6220 2.9176 2.5690 2.5808 2.1733 2.5197 2.7839 2.5046 2.5377 2.4416 2.6502 2.3347 2.8548 2.3640 
4.9979 4.5368 3.8455 4.1325 3.1248 3.3731 3.4158 3.4097 3.5145 3.2731 3.3613 3.1944 3.1248 2.8757 2.9857 2.9909 2.6620 2.9373 2.8884 2.6703 2.9000 2.8938 2.9915 2.8306 3.0012 2.8345 2.7252 2.5662 2.1803 2.9947 2.4993 2.7280 2.4640 
4.9191 4.5033 3.0927 3.7528 3.0278 3.7472 3.1020 3.3608 3.5257 3.4135 3.2017 3.0348 3.1574 3.1126 2.8915 2.9952 3.1863 2.9448 2.7697 2.9415 2.9239 2.7520 2.8451 2.9743 3.0105 2.7692 2.4512 2.9376 2.0944 2.6195 1.7456 2.6793 2.3470 
4.9932 4.5155 3.3868 3.9055 3.8997 3.7292 3.4971 3.5795 2.8383 1.4496 2.4721 2.8812 2.5848 2.5029 2.2730 2.3186 2.4053 2.2405 2.1595 2.3117 2.3569 2.5667 2.1069 1.0082 2.2732 2.9669 2.8305 2.9153 2.9564 2.7964 2.0336 2.6894 2.4502 
4.9158 4.1885 3.3922 3.3828 2.7776 3.3187 3.2587 2.8619 3.0750 3.5537 3.3008 2.7115 2.5652 2.7747 2.6892 2.7945 2.4621 2.7209 2.5749 2.5846 2.3301 2.4425 2.9230 3.1040 2.5620 2.2190 2.5250 2.4927 1.8608 2.2154 2.0568 2.3629 2.3144 
4.9247 4.1412 3.4410 3.7726 3.6505 3.1966 3.3400 3.1706 3.3287 3.3749 3.2100 2.5220 2.4674 1.0100 2.1115 2.3043 2.2975 2.2495 2.0199 0.7440 2.2127 2.2135 2.8547 2.9387 2.8241 2.5548 2.6199 2.3551 2.6566 2.6460 2.1337 2.2915 2.3237 
4.9098 4.3599 3.8644 4.1554 4.0573 3.4973 2.6416 2.9899 2.9309 2.4711 2.8567 2.9567 2.7019 2.2941 2.2465 2.5674 1.8180 2.5143 2.1333 2.1157 2.4765 2.6375 2.4724 2.0387 2.4172 2.4052 1.9489 2.6846 3.0635 3.0309 2.5185 2.5887 2.3414 
4.6340 4.7025 4.0094 4.4901 4.0975 3.6286 3.5407 3.3946 3.0529 3.4225 2.9596 2.9660 2.8877 2.9671 2.9477 2.8890 2.8086 2.8414 2.8566 2.8084 2.6263 2.6529 2.5841 2.9827 2.5433 2.8061 2.8641 2.8090 3.1153 3.3435 2.6182 2.9570 2.1926 
3.4383 5.0165 4.2607 4.0494 3.8275 3.8097 3.4126 3.6388 3.6643 3.5575 3.4758 3.3298 3.2913 3.2848 3.2018 3.1637 3.2804 3.0945 3.0610 3.0816 3.0303 3.0194 3.1120 3.1085 3.1139 3.0101 2.7079 2.9921 2.8929 2.9052 2.8977 3.2791 1.6854 
4.6272 5.0730 4.2620 3.8476 3.8939 3.8722 4.0637 3.4107 3.6964 3.4902 3.3671 3.4272 3.3492 3.2640 3.1630 3.1432 3.2051 3.0747 3.0327 3.0480 3.1019 3.1266 2.9934 3.0440 3.1623 2.8314 3.3379 3.0576 2.9555 2.7096 2.9209 3.3278 2.1143 
5.2036 4.9108 4.6049 4.1957 4.1687 4.1713 4.0286 3.9961 3.9719 3.8847 3.7475 3.7005 3.6938 3.6369 3.6146 3.5719 3.5007 3.5017 3.4736 3.4369 3.4345 3.3812 3.3732 3.4429 3.4414 3.3822 3.3217 3.3555 3.2399 3.0764 3.2758 3.1157 2.7086 
5.5095 5.1604 4.9768 4.9922 4.6506 4.3859 4.1341 4.0031 4.0187 3.9559 3.8407 3.7477 3.6946 3.6531 3.6182 3.6192 3.5608 3.5459 3.4763 3.4430 3.4352 3.4367 3.4621 3.5075 3.4756 3.3860 3.4166 3.5662 3.7107 3.8536 3.6284 3.3893 2.9920 
4.9193 5.5571 5.2026 4.5617 4.4225 3.9589 3.7437 3.6089 3.3263 3.3921 3.3772 3.3618 3.2026 3.0971 2.8865 3.0578 2.9206 3.0078 2.7608 2.9305 2.9502 3.0467 3.0038 2.9552 2.8123 2.9863 3.0272 3.1403 3.4435 3.4365 3.8189 3.8120 2.2586 
1.9791 5.2553 5.3562 5.1108 4.6408 4.4254 4.2726 4.1937 4.1052 4.0598 3.9891 3.9643 3.8174 3.8124 3.7884 3.7940 3.7568 3.7428 3.6924 3.6657 3.5902 3.6836 3.6311 3.6085 3.5715 3.5989 3.5893 3.6079 3.6990 4.0136 3.9942 3.4680 1.7991 
5.3475 5.3425 5.1215 4.1939 4.6438 4.2339 3.9957 3.8972 3.8841 3.7008 3.5578 3.5029 3.5151 3.4220 3.3380 3.3387 3.2857 3.2923 3.2399 3.2709 3.2969 3.2262 3.1981 3.2653 3.3751 3.3115 3.2989 3.4186 3.7095 3.1192 3.7757 3.5517 2.6946 
4.7829 4.9688 5.1405 4.6165 4.1899 4.1419 4.0033 3.8794 3.8177 3.7211 3.6935 3.6491 3.5644 3.4850 3.4409 3.4438 3.4649 3.3943 3.3368 3.3247 3.3287 3.3294 3.3129 3.2853 3.3086 3.2955 3.2989 3.3186 3.2584 3.4601 3.7883 3.2106 2.4226 
5.5465 5.3971 4.8010 4.9834 4.6420 4.3453 4.2674 4.2124 4.1305 4.1537 4.0940 4.0708 3.9488 3.9174 3.8848 3.8409 3.8240 3.7851 3.7784 3.7512 3.7221 3.7477 3.7147 3.7184 3.6161 3.6261 3.5862 3.5340 3.7041 3.8482 3.4416 3.6373 2.9865 
4.8030 5.7736 5.7345 5.2100 4.7557 4.4013 4.0568 3.9331 4.0682 3.7980 3.3640 3.6205 3.3797 3.1238 3.2148 3.2733 3.0528 3.2065 3.0724 2.9513 3.1432 3.3131 2.9932 3.3576 3.5177 3.3357 3.3306 3.5779 3.8064 4.0932 4.3419 4.0366 1.7970 
5.0140 4.3826 5.8063 5.0409 4.8397 3.7734 4.1275 4.0111 3.8739 4.0863 3.8996 3.9276 3.8370 3.7358 3.6900 3.6961 3.6595 3.6406 3.5546 3.5532 3.6145 3.6544 3.5367 3.6379 3.3664 3.3896 3.4114 2.9732 3.8528 3.8952 4.4687 2.7557 2.6257 
5.3574 4.9512 5.2888 4.1468 4.9240 4.2989 3.6284 3.2658 3.2652 2.8731 2.6330 2.4378 0.9063 1.7699 1.5688 1.2735 1.3365 1.2107 1.6313 1.5434 0.4236 2.0545 2.2428 2.3701 2.7206 2.6473 2.9275 3.4869 3.9542 2.9636 3.8899 3.1023 2.7464 
3.4564 5.0888 4.9756 4.1371 4.2405 4.2840 3.9539 3.7205 3.6407 3.4010 3.5316 3.4489 3.3573 3.2987 3.1974 3.1615 3.2449 3.0931 3.0565 3.1011 3.1134 3.1653 3.1719 2.9704 3.0910 3.0988 3.2763 3.4723 3.3018 2.9838 3.6137 3.3695 1.0535 
5.7203 5.4707 5.3364 4.1500 3.7954 4.3228 4.0977 4.0715 3.8160 4.0094 3.8039 3.7174 3.6675 3.5963 3.5023 3.4357 3.4400 3.3799 3.3899 3.4071 3.3991 3.4010 3.4313 3.5618 3.3077 3.4356 3.3749 3.5061 2.8864 2.9885 3.9502 3.7216 3.1654 
4.4047 5.3616 5.4640 4.9154 4.1464 4.4805 3.6492 3.7086 3.2555 3.1650 3.3643 2.9938 2.1393 2.4672 2.6696 0.9899 2.5319 1.0017 2.5597 2.2696 1.9106 2.6862 2.9922 2.7219 2.7005 3.0815 2.9214 3.6637 3.2101 3.7614 4.1178 3.6301 1.6920 
5.1570 3.8056 5.1602 4.9935 4.6025 4.2284 4.1906 4.1296 3.9676 4.0466 3.7738 3.9132 3.7131 3.7367 3.6708 3.7277 3.6898 3.6838 3.5233 3.5552 3.4489 3.6385 3.4020 3.6002 3.4370 3.5089 3.4841 3.4300 3.6721 3.8654 3.7954 2.1886 2.6090 
4.5229 5.0370 5.1778 4.5235 4.2127 3.3912 3.7366 3.5674 3.5644 3.1439 2.5808 2.8197 2.9316 2.8558 2.8883 2.9245 2.9281 2.8784 2.7616 2.6395 2.6814 2.5043 2.1921 2.7031 3.0313 2.9533 3.0175 2.5488 3.2742 3.3826 3.8078 3.3172 2.0820 
5.5086 5.3875 5.3603 4.8524 4.5725 4.3409 4.1636 4.1278 4.1192 3.6861 3.5042 3.6721 3.6308 3.6942 3.6408 3.5859 3.5165 3.5146 3.4958 3.4904 3.3742 3.3448 3.1398 3.2435 3.5930 3.5017 3.4432 3.5219 3.6317 3.7129 3.9966 3.6384 2.9716 
3.8805 5.3765 5.2459 4.9340 4.6042 4.2595 3.8885 2.7046 3.8768 4.0707 3.7226 2.7813 2.7461 2.8606 2.2315 2.5770 2.8887 2.5231 2.1268 2.6483 2.5095 2.4818 3.3451 3.6170 3.3680 2.1296 3.2008 3.4422 3.6761 3.7894 3.8537 3.6516 1.7660 
5.2840 4.6930 5.0898 3.5661 3.4527 4.5709 3.9207 3.7210 3.4171 3.9517 3.4242 3.5786 3.4314 3.3279 3.1026 3.2649 3.2705 3.1937 2.9843 3.1467 3.2080 3.2880 3.0443 3.5028 2.9145 3.0952 3.2411 3.7549 2.5546 2.3582 3.7469 2.9299 2.7732 
5.0195 4.6139 4.9411 4.1590 2.7026 4.3940 3.9346 3.7415 3.7091 3.6793 3.7383 3.5376 3.4391 3.4445 3.5376 3.3333 3.2849 3.2873 3.4199 3.2953 3.2273 3.2647 3.3621 3.2382 3.1832 3.1274 3.2622 3.5793 1.7833 3.0072 3.5708 2.8754 2.5357 
5.2792 5.2308 4.9173 4.6706 4.4743 4.3175 4.2560 4.1561 4.0962 4.1064 4.0182 3.9282 3.8548 3.8248 3.7943 3.7258 3.7014 3.6818 3.6969 3.6768 3.6526 3.6545 3.6624 3.6739 3.5576 3.5460 3.5612 3.5012 3.4885 3.5511 3.5409 3.4411 2.6842 
4.5045 5.4102 5.3260 4.9835 4.7410 4.1230 3.6794 3.5685 3.2203 3.6334 3.2699 3.3118 3.3005 3.2287 3.4009 3.3137 3.0307 3.2696 3.3007 3.0292 3.0364 2.9970 2.8892 3.1836 2.6752 2.9593 2.9614 3.2987 3.7864 3.8482 3.9347 3.6892 2.1856 
5.1701 4.8487 5.3202 4.4327 4.1608 4.5971 4.1909 4.1239 3.8986 4.0248 3.9693 3.8255 3.6810 3.6234 3.5925 3.5447 3.4099 3.4757 3.4552 3.4271 3.4160 3.5212 3.6094 3.5765 3.3851 3.4976 3.4825 3.7841 3.2152 3.2820 3.9360 3.0620 2.7140 
5.2708 4.3760 4.6418 4.0961 4.2771 4.3074 3.1370 2.6544 3.1942 3.5158 2.8754 2.6237 2.5363 2.0847 2.7529 2.6175 2.2102 2.5580 2.6179 1.8568 2.2979 2.3341 2.5029 3.0701 2.6411 2.0492 2.4443 3.4860 3.3469 2.9604 3.2899 2.5085 2.6789 
4.6402 5.0247 4.1898 4.5531 4.3920 4.1059 3.8528 3.5796 3.6981 3.6509 3.5733 3.6360 3.5401 3.4949 3.4722 3.3653 3.3415 3.3157 3.3664 3.3317 3.3130 3.3217 3.2167 3.1979 3.1657 2.9643 3.1600 3.2915 3.4286 3.4221 2.8641 3.2883 2.0946 
5.3465 5.0214 4.6765 4.3997 4.5269 4.5210 4.3373 4.1889 4.1501 3.8973 4.0183 3.8811 3.7189 3.6428 3.5397 3.5740 3.5934 3.5041 3.4213 3.4389 3.4574 3.6000 3.6612 3.4506 3.6451 3.5894 3.6620 3.7026 3.5647 3.2969 3.3220 3.2808 2.8441 
4.9111 4.9349 5.3394 5.0041 4.7885 4.3578 4.1809 3.8563 3.7417 3.8795 3.7723 3.7283 3.6312 3.5791 3.5762 3.4671 3.4432 3.4169 3.4433 3.3936 3.3743 3.4142 3.3992 3.4409 3.2341 3.2806 3.4669 3.5273 3.8353 3.8553 3.9771 3.1405 2.4658 
5.3611 4.7071 4.8130 4.4726 4.4994 4.2420 3.0996 3.0625 3.4447 3.5163 2.6988 2.8131 2.5518 2.2562 2.5316 2.2071 2.5686 2.1409 2.4470 2.1002 2.3398 2.5051 2.3416 3.0763 2.9427 2.4972 2.4147 3.4290 3.5217 3.3192 3.4356 2.8790 2.7416 
4.0416 4.9504 4.6117 4.4062 3.5091 4.3871 4.0034 3.6950 3.6719 3.6649 3.4692 3.5433 3.4480 3.4246 3.3493 3.4437 3.3876 3.3945 3.2583 3.2733 3.2487 3.2673 3.1092 3.2107 3.1212 3.0597 3.3023 3.5712 2.5961 3.2977 3.2654 3.2189 1.4436 
5.5407 5.1867 4.9152 4.6009 4.6248 4.4285 4.1860 4.1365 4.0273 4.0406 3.9569 3.9286 3.8091 3.8185 3.7344 3.7184 3.7085 3.6755 3.6280 3.6723 3.5802 3.6553 3.5969 3.5898 3.4831 3.5167 3.4718 3.6088 3.6947 3.4722 3.5229 3.4094 3.0036 
1.6835 5.2607 5.0480 4.6499 4.1395 3.4382 3.4891 2.6234 3.3155 2.5278 3.0284 2.4593 3.1171 2.9520 2.6059 2.9215 2.8439 2.8767 2.5090 2.7822 2.8994 2.1400 2.6616 2.0748 2.8106 2.0624 2.8222 2.6169 3.1927 3.5168 3.6986 3.4946 -1.1459 
5.1750 4.7351 5.0537 4.2614 4.1526 4.0120 3.6256 2.9812 2.8987 3.6068 2.7408 2.3102 2.8276 3.0352 2.9916 2.9562 2.9523 2.9076 2.8920 2.8895 2.5688 2.0415 2.3896 3.1584 2.4078 2.4026 2.9142 3.2030 3.2153 3.1197 3.7071 2.9791 2.6986 
4.5566 4.6565 4.2013 4.0842 4.1711 3.8160 3.1227 2.0876 1.9348 2.6236 3.4420 2.6059 2.3649 2.3276 1.7588 1.7969 2.0424 1.7342 1.6572 2.1459 2.1159 2.3017 3.0715 2.1916 1.4096 1.4859 2.4526 3.0001 3.2419 2.9247 2.8654 2.9264 2.0758 
4.7105 4.5825 4.1704 3.7417 3.2827 2.9402 2.6603 2.9832 2.2222 2.6161 2.6878 2.8746 2.3658 2.6193 2.1840 2.4038 2.6659 2.3298 2.0797 2.4670 2.1163 2.5527 2.3277 2.1746 1.7161 2.3933 1.9815 2.1154 2.3189 2.6016 2.8131 2.8387 2.1811 
4.2157 3.3936 2.3203 2.5746 3.4378 2.9038 2.4801 2.8328 2.9486 2.8610 1.6427 2.4822 1.9717 2.5904 2.6010 2.5450 2.4785 2.4972 2.4967 2.4461 1.7318 2.1687 1.2364 2.4121 2.4544 2.2052 1.7762 2.0846 2.5020 1.4330 0.8959 1.6371 1.6777 
3.7520 3.9433 3.1014 2.5850 2.9620 2.6167 2.4783 2.5919 1.8385 2.1166 2.5502 1.4366 1.9957 2.3228 2.3645 1.9679 2.0451 1.8924 2.2289 2.1447 1.7348 1.1479 2.1807 1.6757 1.3425 2.0187 1.7647 1.8003 2.0457 1.4875 1.7062 2.1644 0.9980 
3.0396 2.4925 3.4334 3.6482 3.0830 3.0269 2.6652 1.9114 2.4311 2.2144 2.7785 2.6262 2.4723 2.4073 1.9924 1.2990 1.7040 1.2498 1.8450 2.2085 2.2119 2.3382 2.4205 1.7844 1.8788 1.2966 1.9791 2.2094 2.1407 2.5058 2.0935 0.7731 0.5745 
4.0909 3.5985 3.7814 2.5882 2.7979 3.0182 3.0103 2.5535 2.5569 2.9019 2.0775 2.4879 2.6192 2.9341 2.3455 2.5844 2.5365 2.5326 2.2124 2.7621 2.4049 2.1768 1.6969 2.4679 2.0597 1.9611 2.3070 2.2074 1.8205 1.4354 2.4446 1.8037 1.5105 
3.6620 3.1185 2.8128 3.4916 2.5569 2.8662 3.0003 2.1406 2.6781 2.8818 2.4701 2.4368 2.6675 2.9016 1.8251 2.1667 1.3922 2.1116 1.7090 2.7103 2.4609 2.1160 2.0969 2.4483 2.1670 1.5262 2.2951 2.0529 1.6405 2.3881 1.4261 1.3336 1.0915 
3.1943 3.0856 3.2376 3.1476 2.9251 3.0337 2.5720 2.6181 2.6366 1.3637 0.8811 2.5317 2.8039 2.9638 2.5956 2.4926 2.4444 2.4499 2.4913 2.8028 2.5517 2.2151 0.5395 0.9260 2.1289 2.0402 1.8639 2.2181 1.9875 2.0397 1.8329 1.2951 0.4430 
2.8801 3.1889 3.0093 3.2865 3.0801 2.3026 2.8443 2.1518 2.5450 1.3043 1.8868 2.1397 2.3934 2.5902 2.2446 1.3952 1.1318 1.3438 2.1408 2.4440 2.1378 1.8267 1.5383 0.8893 2.0479 1.5497 2.1135 1.4848 2.1304 2.1385 1.6768 1.3961 -0.2700 
3.4751 3.5401 2.9603 3.2539 3.1544 2.1373 2.9018 2.4299 2.4822 1.8867 2.5244 2.2979 2.2748 2.6307 2.3955 2.2434 2.2542 2.1930 2.2550 2.4812 2.0638 2.0271 2.1510 1.4489 1.9544 1.7993 2.1838 1.3166 2.1929 2.1145 1.5917 1.7796 0.8923 
3.5281 3.1550 2.7152 3.0851 2.9480 2.3132 1.4620 2.2949 2.3849 2.3655 2.1875 2.5356 1.4988 2.2956 2.2079 1.7307 1.0678 1.6795 2.1008 2.1256 1.2758 2.2183 1.8116 1.9137 1.8417 1.6993 0.7866 1.5066 2.0134 1.9889 1.3395 1.3678 0.9601 
3.6172 2.7551 2.5255 2.8297 2.2977 1.5936 2.2092 2.3006 2.1529 2.1806 2.1220 2.2373 2.3981 2.3215 2.6234 2.0402 2.0668 1.9651 2.5194 2.1448 2.1421 1.9565 1.7535 1.7387 1.6543 1.7057 1.5190 0.8232 1.3653 1.6781 1.1328 0.8750 0.9868 
3.4531 3.1963 2.9070 2.9081 3.3149 2.6100 2.7464 2.4680 1.6506 2.3274 2.4624 2.6696 1.9250 1.8842 2.2813 2.2869 1.9599 2.2217 2.1693 1.7116 1.6927 2.3912 2.0837 1.8816 1.1127 1.8328 2.0600 1.7860 2.3593 1.7683 1.5663 1.3798 0.8573 
3.3755 2.2213 2.5150 2.4381 2.9981 2.3065 2.5966 2.5178 2.5559 2.6700 2.2286 1.7100 1.8489 1.8741 1.4652 1.3664 1.9300 1.3113 1.3514 1.7047 1.6457 1.3964 1.8621 2.2220 2.0562 1.9028 1.9031 1.4740 2.0653 1.3117 1.1719 0.5132 0.8688 
3.4652 3.3358 2.9059 2.7783 3.2833 2.6608 2.0728 1.9510 1.8347 2.0680 1.7262 2.0945 1.4754 1.8040 1.2693 1.4142 0.3331 1.3679 1.1511 1.6531 1.2524 1.7810 1.3579 1.6335 1.3269 1.3347 1.3521 1.8345 2.3109 1.6716 1.5325 1.5798 0.9282 
2.6010 3.1115 3.2373 3.1875 2.8351 2.9762 2.3313 2.4442 2.4437 2.2073 1.9848 2.0768 2.1929 1.1587 1.1125 1.3975 1.3305 1.3478 0.9894 0.9517 1.9700 1.7644 1.6209 1.7632 1.8942 1.8056 1.6441 2.1594 1.8581 2.0614 1.8474 1.3678 0.1920 
3.3473 3.2107 3.0708 2.9804 2.1731 2.1148 2.6171 1.7626 2.3882 2.0417 2.2270 2.0041 1.8779 2.1632 0.9638 1.2330 1.0743 1.1586 0.8433 2.0087 1.6632 1.6891 1.8627 1.5905 1.8442 1.1494 1.9205 1.3031 1.2466 1.8444 1.7193 1.4136 0.7657 
2.7786 2.9175 2.4498 2.9851 3.2655 2.5387 2.4150 2.6696 2.0056 1.6384 2.1838 2.2781 1.1265 1.3920 2.0403 1.9541 2.1436 1.8821 1.8970 1.2405 0.8897 2.0025 1.8067 1.2005 1.4532 2.0807 1.6907 1.7097 2.2784 1.8572 1.0732 1.1732 0.3995 
2.8934 2.7234 2.7732 2.0071 2.6197 2.0600 2.7273 1.7661 2.2096 1.6288 1.7757 1.9692 1.8174 1.1392 -0.1766 2.0209 1.3958 1.9479 -0.1973 0.9594 1.6152 1.6681 1.3933 1.1701 1.6978 1.2029 2.0495 1.2339 1.6771 0.8368 1.3919 1.0131 0.2975 
3.2062 2.1859 3.2455 2.9690 2.5113 2.7315 2.8638 2.0739 2.2144 1.1898 2.1097 1.4583 1.7160 1.6518 1.4484 1.6522 1.7717 1.6011 1.3384 1.4498 1.4722 1.1774 1.7351 0.7597 1.7097 1.4335 2.1371 1.9167 1.5695 1.8217 1.8601 0.4250 0.7119 
2.5450 2.6682 2.9109 2.6872 2.6219 2.6191 2.3886 2.3367 1.9845 2.1181 2.0931 1.8058 2.0776 2.1789 2.0509 2.1933 2.2152 2.1386 1.9158 2.0338 1.8198 1.5066 1.7206 1.6803 1.4476 1.7278 1.6843 1.8026 1.6836 1.5965 1.5396 0.9532 0.0201 
2.9346 2.6480 2.7477 2.3907 2.3425 2.5315 2.6339 2.2473 2.2707 1.9980 2.1304 1.1176 2.0508 2.1780 2.2123 2.0480 1.7993 1.9838 2.1071 2.0313 1.7893 0.8248 1.7573 1.5456 1.7540 1.6604 1.9471 1.7139 1.3924 1.2536 1.3630 0.9070 0.2702 
3.0588 2.0642 2.4778 2.9801 2.5526 2.5544 2.8250 2.7049 2.9510 2.3635 1.9005 1.6197 1.8768 2.0011 2.1684 2.3063 1.3861 2.2392 2.0680 1.8009 1.6568 1.2984 1.5385 1.9064 2.4533 2.1073 2.1058 1.7439 1.6138 1.8535 1.1132 0.3494 0.5569 
3.1815 2.6390 2.5132 3.2628 2.1809 2.3557 2.7465 2.3196 2.7385 1.5942 2.4240 2.2766 2.0835 2.2653 1.7284 1.4731 1.2795 1.4058 1.6321 2.1020 1.8243 1.9991 2.0546 1.1084 2.2102 1.7211 2.0598 1.5498 1.2296 2.1168 1.1762 0.8908 0.7101 
3.3406 3.2878 3.2754 3.3654 2.8978 2.9744 2.6255 2.5096 1.9206 1.8005 2.1304 2.4944 2.2773 1.6069 1.5013 1.3816 1.3230 1.3269 1.3805 1.3973 2.0612 2.1800 1.7598 1.3566 1.3949 1.8921 1.9343 2.1579 1.9393 2.2264 1.8923 1.5309 0.8721 
3.0250 3.3463 2.9922 3.4126 2.9873 3.2697 3.0288 2.0612 2.2671 1.9122 1.4431 1.7837 1.7621 1.0142 2.1958 1.8559 1.4176 1.7998 2.0910 0.8576 1.5333 1.4795 1.0739 1.4684 1.7494 1.4307 2.3281 2.4542 2.0557 2.2851 1.6519 1.6112 0.3711 
2.4292 2.8718 2.7675 2.5317 2.8208 2.9706 2.6096 1.5167 2.2419 2.1033 2.5371 2.1877 2.0274 1.6287 2.4588 2.4293 2.4996 2.3528 2.3209 1.4217 1.7575 1.8815 2.1646 1.6642 1.7325 0.8821 1.9156 2.1512 1.8417 1.4001 1.3926 1.1003 0.0674 
3.3248 2.2342 3.0564 2.5956 3.0090 2.7864 3.2185 2.9375 1.5978 2.0691 2.1218 2.6008 2.4086 2.3286 1.6661 2.4507 2.2830 2.3815 1.5449 2.1488 2.1499 2.2992 1.7542 1.6379 1.0277 2.3268 2.5060 1.9804 2.0721 1.4692 1.7061 0.6077 0.8025 
3.4003 3.3567 2.4795 1.7294 3.0383 3.2989 3.0899 2.8350 2.4897 2.2652 2.4840 1.9944 2.0421 1.7243 1.6747 2.0203 1.9029 1.9446 1.5609 1.5602 1.7758 1.6835 2.1069 1.8207 1.9655 2.2027 2.4087 2.4829 2.1093 0.6207 1.0773 1.6089 0.8243 
2.3800 3.3027 3.0100 2.9336 2.9664 3.1083 2.9338 2.5452 2.0464 2.1512 2.0322 2.5700 2.1480 2.1264 2.1620 1.9240 1.4749 1.8522 2.0643 1.9565 1.9052 2.2616 1.6490 1.7139 1.5024 1.9397 2.2151 2.2919 2.0428 1.8040 1.6556 1.5567 -0.1977 
2.4443 3.4604 3.0943 3.1329 3.1206 2.4685 2.7177 2.6246 2.8405 2.5596 2.2088 1.5185 1.2165 1.5603 1.3339 1.4140 1.3773 1.3723 1.2317 1.3759 0.9604 1.2257 1.8266 2.1238 2.2874 2.0506 2.0410 1.6450 2.1682 2.0416 1.7316 1.7200 -0.1961 
3.3094 3.1503 3.0760 2.9537 3.0065 3.2893 2.8021 2.8743 3.2008 2.8998 2.2194 2.1073 1.9622 1.5595 2.1044 1.4868 2.2136 1.4252 2.0041 1.3717 1.7168 1.7949 1.8537 2.4643 2.6579 2.2405 2.0900 2.4721 2.0744 1.8089 1.7106 1.3943 0.6127 
3.4481 3.3580 3.4879 4.1258 3.7393 3.7454 3.7577 3.7843 3.6332 3.3621 2.8686 2.2235 2.8635 2.3765 2.1218 2.2409 2.1846 2.1906 2.0346 2.1816 2.5994 1.9436 2.4867 2.9235 3.0855 3.1878 3.0403 2.9309 2.7863 2.9901 2.1380 1.6197 0.8258 
3.0435 3.3849 2.3511 4.0052 3.8856 2.6791 3.1287 3.0119 2.5686 2.6615 2.9089 2.7429 2.6170 2.3040 2.1434 2.0081 1.7972 1.9439 2.0434 2.1305 2.4030 2.4591 2.5332 2.2242 2.0634 2.4289 2.4495 1.8626 2.9411 2.8892 1.1281 1.6458 0.2311 
2.8038 3.0819 3.1912 3.7836 2.8104 3.1098 3.5403 2.8960 3.2925 2.9020 2.9647 2.7079 2.4798 1.9903 1.7695 0.6926 1.7605 0.6234 1.6599 1.7923 2.2163 2.4397 2.5941 2.4685 2.7639 2.2607 2.8600 2.3022 1.8041 2.6463 1.8468 1.3162 0.4915 
2.8724 3.3151 3.4849 3.8416 2.8052 3.3182 2.9499 2.8623 3.2254 1.6403 2.8921 1.6275 2.0148 1.5562 1.5327 1.7718 1.0410 1.7165 1.4044 1.3694 1.7505 1.2855 2.5160 1.2198 2.6772 2.2217 2.2353 2.5029 1.8083 2.7162 2.1404 1.5846 0.3186 
3.7342 3.8745 3.8145 4.1244 2.6682 3.1604 3.2710 3.2424 3.3950 3.2529 2.6924 2.7471 2.7790 2.5769 2.0067 1.8185 2.1558 1.7699 1.8580 2.4250 2.5345 2.4609 2.3390 2.7977 2.8921 2.6084 2.5442 2.3367 1.6994 2.9837 2.4711 2.1310 0.9991 
3.5645 3.6892 3.2789 3.7435 3.0090 3.1698 3.3391 3.1665 2.1586 2.6986 3.0326 2.3315 1.4356 2.1960 2.2666 1.8833 -0.6554 1.8211 2.1595 2.0484 1.2208 2.0490 2.6639 2.2535 1.6563 2.5545 2.6216 2.3573 2.0571 2.6072 1.8592 1.9052 0.8363 
2.8978 3.3369 2.6348 2.8476 3.0913 3.0199 3.3520 3.1836 2.6418 1.6248 2.4147 2.3676 2.4614 1.8681 2.2209 1.5159 2.0660 1.4491 2.1200 1.6992 2.1996 2.0706 2.0466 1.1546 2.1357 2.5639 2.6337 2.2065 2.1472 1.6998 1.3087 1.5845 0.1054 
3.6355 3.7180 3.3587 3.0620 3.2699 3.5677 3.3853 2.5594 2.8538 2.5993 1.9793 2.4136 2.1266 0.8354 1.8362 1.8404 1.2464 1.7872 1.7319 0.6359 1.8794 2.0999 1.6172 2.1582 2.3067 1.9710 2.6693 2.7526 2.2951 1.9667 2.0153 1.9539 1.0928 
2.9243 3.6825 3.1793 3.4042 2.9044 3.2669 2.6233 2.6241 3.0891 3.2623 2.3212 2.8252 2.6674 2.2144 2.1981 2.2760 2.5194 2.2151 2.0930 2.0627 2.4584 2.5083 1.9621 2.8084 2.5760 2.0471 1.9448 2.4477 1.9579 2.2745 1.7794 1.9068 0.6771 
1.8170 3.4647 2.2783 2.9833 2.9199 2.3489 2.4566 2.2902 2.5879 2.3625 2.4642 2.3478 2.2202 2.2152 2.3793 2.1330 2.3116 2.0854 2.2390 2.0670 2.0247 2.0585 2.0865 1.9238 2.0810 1.7003 1.7324 1.5254 1.9736 1.8496 0.9826 1.7174 0.1064 
3.2766 2.6482 2.4468 3.1283 3.2242 3.3116 3.3430 3.0171 2.5682 2.5903 2.6438 2.5016 2.1938 1.3530 2.0618 1.2702 0.7379 1.2273 1.9334 1.1947 1.9724 2.1898 2.2801 2.1514 2.0630 2.4348 2.6249 2.4946 2.2465 2.0394 1.0572 0.9234 0.7761 
0.4741 1.6978 2.5450 2.9122 2.4217 2.6175 2.8437 2.3607 1.3942 2.5572 2.5639 2.6948 2.4127 1.4972 2.0629 1.6044 1.6435 1.5287 1.9348 1.3158 2.1507 2.4209 2.1933 2.1206 0.8852 1.7425 2.1162 1.8027 1.4270 1.7765 1.2218 -0.0500 -1.5405 
1.6850 3.3915 2.8003 2.8944 2.9767 3.0269 2.9426 2.6845 2.3133 2.4373 2.7949 2.1854 2.0968 2.1596 2.0303 1.6361 0.6005 1.5643 1.8829 2.0048 1.8420 1.8811 2.4385 1.9874 1.7886 2.0912 2.2209 2.2122 2.0436 1.7624 1.3936 1.6537 -0.3300 
2.9430 3.2216 3.0448 2.9375 2.5640 2.8543 2.8855 2.9124 2.4725 2.5449 2.7056 2.4100 2.0818 1.7802 1.6853 1.9891 1.2923 1.9153 1.5750 1.6311 1.8180 2.0941 2.3457 2.1086 1.9384 2.2904 2.1678 2.0365 1.6336 1.8011 1.7113 1.4267 0.5893 
1.9112 3.3048 2.9930 3.0260 3.0923 3.3280 2.4414 2.3085 2.3581 2.7258 2.1021 2.2110 2.5871 1.7525 1.6237 1.6847 1.9725 1.6402 1.4736 1.5941 2.3592 1.9181 1.7293 2.2774 1.8201 1.7029 1.7021 2.5113 2.1418 1.9088 1.6582 1.5445 -0.0606 
1.5974 3.3740 3.1547 3.1151 2.5647 2.6943 2.2841 2.3046 1.8465 2.3492 1.9770 1.8009 2.1952 2.1085 1.6746 1.5832 0.6067 1.5076 1.5599 1.9293 1.9756 1.5023 1.6192 1.9022 1.3368 1.7036 1.5984 1.8809 1.6244 2.0195 1.7870 1.6438 -2.6768 
3.1938 2.4861 2.8346 2.5322 3.0676 2.7535 2.7592 2.5277 2.8451 2.7828 2.5706 1.7777 1.7628 1.4677 1.9214 1.7660 -1.6856 1.7118 1.8004 1.2967 1.5361 1.4703 2.1987 2.3322 2.2961 1.9161 2.0670 1.9283 2.1282 1.4046 1.4328 0.8199 0.6118 
