2.9512 2.5528 1.9428 1.6630 1.5414 2.1460 1.8095 1.7790 1.6729 1.2274 1.5431 1.5050 0.8654 0.9851 1.2289 1.5745 1.5560 1.5230 1.1191 0.7717 0.6231 1.1530 1.1340 0.7534 1.1150 1.1216 1.0527 1.2538 0.5190 0.4283 0.4119 0.6186 0.1544 
2.1498 2.0384 1.1072 1.4461 0.6306 1.7852 1.3115 1.5393 1.2915 1.1519 1.4582 1.0978 0.6658 0.9965 0.3952 1.2909 1.0787 1.2271 0.2840 0.7755 0.3819 0.7531 1.0497 0.6765 0.7315 0.8620 0.5809 0.8924 -0.4221 0.1869 -0.3538 0.1741 -0.7337 
1.9006 1.2198 1.1715 0.8967 1.1323 1.2232 1.3507 0.8330 1.3668 0.8531 0.6527 1.4356 1.2654 0.7046 0.4827 0.3825 0.5942 0.3254 0.3334 0.5287 1.0407 1.0942 0.2453 0.3589 0.7812 0.1888 0.5999 0.3318 0.1150 -0.3017 -0.3020 -0.7135 -1.0069 
3.6847 2.9141 2.3322 2.1236 2.0800 1.9644 1.7623 1.5755 1.9491 1.7973 1.5683 1.5662 1.7341 1.7404 1.7745 1.5513 1.2191 1.5013 1.6469 1.5598 1.5034 1.2238 1.1588 1.3065 1.3648 0.9137 1.0257 1.0703 1.0564 0.9032 0.7975 0.9386 0.8693 
2.2685 2.6527 1.9918 1.2419 0.7435 1.6478 1.7658 1.1201 1.4899 1.6709 1.4915 1.9337 1.2092 1.1363 0.5368 1.1379 1.5414 1.0881 0.3880 0.9529 0.9723 1.5778 1.0807 1.1914 0.8990 0.4483 1.0273 0.7538 -0.2802 0.0207 0.4689 0.7232 -0.7931 
3.9437 2.9763 2.7060 2.6198 2.4297 2.2244 2.0148 2.0399 1.5018 1.7264 1.9389 1.3032 1.8681 1.6955 1.1608 1.4690 0.6234 1.3863 1.0565 1.5274 1.5918 1.0031 1.5233 1.2396 0.9165 1.3859 1.2290 1.3301 1.3827 1.4063 1.1879 0.9661 1.1466 
3.3201 2.0016 1.4978 1.9359 1.5532 1.6674 1.4811 0.6293 0.7229 1.2121 1.5920 0.6674 1.4633 1.3710 1.5385 1.5729 1.5093 1.5208 1.4209 1.1747 1.1759 0.3281 1.1864 0.7316 0.1702 -0.0637 0.6761 0.7801 0.5083 0.7000 -0.0046 0.0117 0.5187 
3.2984 2.4407 2.0053 0.7614 1.6697 1.8603 1.8059 1.1741 1.1012 1.2928 1.1361 1.2951 0.6587 0.7554 1.2293 0.8517 -0.6690 0.7815 1.1189 0.5926 0.3768 0.9948 0.7316 0.8057 0.5460 0.5368 1.0524 0.9703 0.6405 -0.4590 0.5122 0.4373 0.4972 
3.3269 2.5387 2.0895 2.0592 1.8535 1.9181 1.4641 1.5208 1.1076 1.2188 1.3354 1.2754 1.0563 0.7500 1.1037 0.6843 0.7190 0.6310 0.9905 0.5840 0.7727 0.9666 0.9459 0.7317 0.5600 0.8355 0.6664 1.0293 0.7827 0.8241 0.6109 0.5875 0.5419 
3.7578 2.7248 0.9743 1.6770 1.7138 1.6730 1.6867 1.7887 1.5088 1.0738 0.6686 0.2620 0.8283 0.8506 0.9601 1.5287 1.3754 1.4815 0.8079 0.6662 0.5987 -0.0991 0.2672 0.5940 0.9299 1.1312 0.9495 0.7828 0.6890 0.4446 -0.3836 0.7559 0.9730 
3.2928 1.4295 1.8255 1.5376 1.2451 1.7061 1.6684 1.3760 1.2208 0.7933 0.9870 1.1109 1.5027 1.4810 1.2081 0.9916 0.4438 0.9067 1.0881 1.2435 1.2174 0.7732 0.5908 0.3193 0.6691 0.7017 0.9156 0.8245 0.2146 0.2525 0.3715 -0.2159 0.4501 
3.4016 2.9434 2.6396 2.2604 2.1193 1.6716 1.8760 1.9279 1.9536 0.5962 1.6085 1.6263 1.4002 1.2099 1.5590 1.6198 0.4005 1.5615 1.4534 1.0420 1.1294 1.2885 1.2047 0.0817 1.3709 1.2260 1.0985 0.7763 1.0941 1.0493 1.1469 1.0232 0.6138 
3.4752 2.8230 0.8976 0.2302 2.1313 1.7370 1.4366 1.4857 1.1605 1.1516 1.5438 0.8984 0.5728 1.5072 1.0422 1.2191 1.1693 1.1576 0.8855 1.2871 0.2837 0.5914 1.1339 0.6750 0.6119 0.7819 0.6532 0.8372 1.1088 -0.9161 -0.6310 0.8494 0.7281 
3.5330 2.9456 2.2741 1.9260 1.9675 1.9663 1.8478 2.0083 1.5809 1.2882 1.7076 1.1578 1.7019 1.8867 1.6929 1.9291 0.8123 1.8489 1.5808 1.6672 1.4829 0.8110 1.3082 0.8013 1.0372 1.3399 1.0786 1.0690 0.9142 0.6588 0.7547 0.9999 0.7340 
3.8993 3.1142 2.8329 2.4488 1.9612 2.2147 2.1368 1.2393 1.8051 1.6754 1.6752 1.8149 1.3500 1.6698 1.2979 1.4766 1.7965 1.3950 1.1762 1.5037 1.0979 1.5009 1.2733 1.2022 1.2250 0.6089 1.3890 1.3189 0.9037 1.2014 1.3004 1.1277 1.1068 
3.4091 3.0069 2.2773 1.2947 1.9475 2.1043 2.1554 1.7929 1.6768 1.8600 1.2366 1.5064 1.9466 1.4903 1.5971 1.6549 1.3586 1.5942 1.4942 1.2597 1.6618 1.1598 0.8356 1.3657 1.1263 1.1290 1.4106 1.2140 0.8832 0.0708 0.7637 1.0743 0.6352 
2.7023 2.7272 2.5362 2.1462 2.0204 1.8139 1.1707 1.4984 1.9170 1.9532 1.6283 -0.2970 1.1550 1.1156 1.3864 1.0959 1.1203 1.0465 1.2363 0.9281 0.8974 -0.5897 1.2193 1.4800 1.3176 0.8096 0.3784 0.9163 0.9998 0.9357 1.0657 0.8051 -0.0298 
3.2660 2.3882 1.8828 1.1987 1.5246 1.0841 1.4734 1.4285 0.5972 1.2688 0.6280 0.6422 1.0396 0.7630 0.6292 0.7466 1.0574 0.6837 0.5058 0.5902 0.7578 0.2840 0.2206 0.7861 0.0212 0.7451 0.6724 0.1840 0.4765 -0.0249 0.3283 0.3371 0.3791 
2.4655 1.6672 1.0887 1.3467 1.4815 0.7596 1.1202 0.3617 0.7815 1.5259 1.2407 0.7703 0.9668 1.1488 1.1076 0.7864 0.1670 0.7316 1.0001 0.9705 0.6955 0.4439 0.8402 1.0520 0.2279 -0.2746 0.3342 -0.1239 0.4020 0.1478 -0.4185 -0.2849 -0.2929 
3.4063 2.8824 2.1197 1.8425 1.1815 1.7352 2.0777 1.5283 1.2191 1.3030 1.0105 0.7340 1.3990 1.1707 1.0780 1.0896 0.8454 1.0422 0.9513 1.0017 1.1278 0.3903 0.5991 0.8142 0.6592 0.8405 1.3026 0.8472 0.1589 0.6074 0.6520 0.9226 0.6494 
0.4568 1.5655 1.8630 1.4466 1.3799 1.4608 1.3829 0.6890 1.2748 1.1172 1.2089 1.0883 1.4817 1.1051 0.9910 1.0771 0.2809 1.0299 0.8384 0.9092 1.1880 0.7493 0.7943 0.6382 0.7157 0.0524 0.6148 0.5794 0.3299 0.1846 0.3642 -0.2885 -2.6250 
1.7007 1.7543 1.4572 1.4366 1.3114 1.2219 0.4919 1.5792 1.5574 1.4417 1.4853 1.4975 1.7177 1.5901 0.8373 0.2992 1.1213 0.2415 0.7121 1.4109 1.4921 1.1468 1.0696 0.9455 1.0079 0.9211 -0.2585 0.3257 0.2720 0.1976 -0.0783 -0.1574 -1.0326 
2.0323 2.6171 2.0635 1.8177 1.8105 1.6102 1.5455 1.9751 1.9074 1.9669 0.6895 1.2769 1.3431 1.2279 0.6792 0.2533 -0.4277 0.2006 0.5745 1.0639 1.0910 0.9740 0.2724 1.4918 1.3076 1.2929 0.7697 0.7123 0.7680 0.5972 0.5885 0.7033 -1.0370 
2.6289 1.4399 1.9353 1.9561 1.9906 1.5478 1.6767 1.1677 1.8305 0.9502 1.0745 1.0687 1.0518 1.4917 1.7550 0.2088 1.1553 0.1744 1.6293 1.2678 0.7634 0.7242 0.6598 0.4554 1.2398 0.5410 0.9284 0.6524 0.9542 0.7023 0.4006 -0.4721 -0.1884 
2.1209 1.4040 1.6394 1.2302 1.7485 1.1207 0.7038 1.5191 1.3684 1.3475 1.1801 0.6493 0.9782 0.4949 1.3676 -0.1322 1.2199 -0.1938 1.2256 0.2792 0.7006 0.3085 0.7734 0.8561 0.7813 0.8340 -0.0797 0.2290 0.7126 0.0165 0.1723 -0.5814 -0.6822 
2.8378 2.2696 1.3552 1.4607 1.2871 1.2271 1.5814 1.0926 1.3886 1.3860 1.3608 1.2276 0.8925 1.1883 0.7556 0.9737 1.1880 0.8909 0.6425 1.0299 0.6361 0.9177 0.9648 0.8871 0.8033 0.3907 0.7917 0.3463 0.2852 0.1794 -0.0216 0.3980 -0.0871 
2.5938 1.8160 1.9973 1.2535 2.0638 1.6804 1.7551 0.8231 1.6403 0.9017 0.5346 1.4861 1.4305 1.0497 1.1306 0.7734 1.4314 0.7109 1.0330 0.8200 1.1479 1.1317 0.1473 0.4016 1.0867 0.1691 1.0161 0.7947 1.0514 0.0555 0.4908 -0.1915 -0.2419 
3.7392 3.0300 2.4689 2.3960 1.9553 2.0301 1.5038 1.6980 1.5130 1.6373 1.4382 1.5849 1.6478 1.5382 0.8468 1.2315 1.1560 1.1799 0.7215 1.3356 1.4022 1.2399 1.0405 1.1554 0.9371 1.0634 0.7129 1.1349 0.8866 1.1450 0.9778 1.0822 0.9282 
3.0328 2.5653 1.9492 1.9844 1.1089 1.6134 1.5813 0.5824 1.1010 1.5361 1.5112 0.6631 1.5296 1.2412 1.1467 1.1325 0.1569 1.0803 1.0416 1.0776 1.2429 0.3238 1.0976 1.0605 0.5476 -0.1066 0.7971 0.7181 0.0811 0.7406 0.4374 0.6320 0.2689 
1.9430 2.0775 0.8381 1.4335 0.1201 0.9352 1.1782 1.2309 0.3191 0.9809 1.0494 0.5034 0.4230 1.2630 0.7132 1.1859 -0.4571 1.1253 0.6036 1.0899 0.1853 0.1713 0.6374 0.4775 -0.2176 0.6039 0.4055 0.0395 -1.0184 0.1930 -0.5554 0.1992 -0.9477 
2.4737 2.6362 2.2953 1.9815 1.6468 1.8075 1.7050 1.0663 0.8012 1.3590 1.6298 0.7473 1.5819 1.6930 1.1223 0.7584 0.6516 0.6989 1.0106 1.5251 1.3206 0.4006 1.2219 0.8775 0.2402 0.3741 0.9578 0.9192 0.6245 0.7370 0.7800 0.7350 -0.2164 
2.7978 2.8263 2.1381 1.9106 1.9250 1.4750 1.1264 1.5208 0.9337 1.9282 1.5953 1.3167 1.5760 -0.1653 1.1371 1.1346 0.6534 1.0844 1.0340 -0.4026 1.3065 1.0252 1.1853 1.4410 0.3299 0.8407 0.3425 0.5773 0.8519 0.6584 0.6537 0.8707 -0.0194 
0.9227 2.0808 2.0303 1.3248 1.6145 1.6613 1.4187 1.5646 1.4703 1.1709 1.5967 1.4505 1.3725 1.4540 1.2655 1.3747 1.3021 1.2969 1.1519 1.2257 1.1097 1.1046 1.1898 0.6956 0.8694 0.8998 0.6416 0.7733 0.5986 0.1312 0.5849 0.1875 -1.5890 
3.3814 2.5140 2.0403 1.7679 1.1980 1.8102 0.2193 1.1889 0.8655 1.0224 0.8974 1.5595 1.5213 0.6648 0.8187 0.2227 1.1990 0.1725 0.7016 0.4733 1.2319 1.2206 0.4985 0.5259 0.2945 0.5487 -0.5722 0.9173 0.1691 0.5612 0.5629 0.5392 0.6082 
2.5570 1.6114 1.8308 1.6282 0.9762 1.5822 1.3614 1.3492 1.7398 1.8639 1.5001 0.9006 0.5500 0.3847 1.3032 1.2277 -0.6817 1.1720 1.1791 0.2169 0.2603 0.5942 1.0844 1.3686 1.1782 0.6901 0.6087 0.6861 -0.0631 0.3821 0.3453 -0.2169 -0.2405 
2.8559 2.7694 2.4208 2.1199 0.8647 1.7725 1.6863 1.0920 0.7169 1.5142 1.7013 0.7310 0.5949 1.1008 1.4677 1.1194 0.8112 1.0667 1.3052 0.9047 0.3016 0.3964 1.3043 1.0380 0.1752 0.4067 0.9405 0.8785 -0.2070 0.8976 0.9090 0.8057 -0.0093 
3.0384 3.9683 4.2097 3.8213 3.3191 3.3231 2.8665 3.4578 3.5351 2.7521 3.6775 2.0576 3.8268 3.2398 3.3749 2.6215 2.1109 2.5614 3.2742 3.0141 3.5648 1.7353 3.2761 2.2792 2.9679 2.8301 2.0749 2.4296 2.2571 2.5729 2.7055 2.0732 0.5880 
4.1507 3.1883 3.5889 3.1451 3.0539 3.3954 2.5605 2.4712 2.4588 2.6601 2.5168 2.2657 2.7009 2.4262 1.6706 2.3235 -0.0287 2.2452 1.5473 2.2121 2.4474 1.9475 2.1158 2.1766 1.9208 1.8112 1.7790 2.4987 2.0376 1.9294 2.0847 1.1536 1.3099 
2.5724 2.9786 3.2214 2.8624 2.9348 2.8485 2.5648 1.9429 1.5503 1.1416 1.9417 2.4199 0.9666 1.8865 1.8484 1.4381 2.4743 1.3653 1.6924 1.6669 0.6617 2.0740 1.5271 0.6792 1.0060 1.2352 1.8024 1.9540 1.9273 1.6123 1.6948 1.0883 -0.1200 
3.2741 3.1460 3.4080 2.8117 2.9844 2.6894 2.4106 2.4361 2.3279 2.4685 1.8926 2.1772 2.5690 2.2980 2.2129 0.9835 1.0562 0.8983 2.0829 2.0912 2.3409 1.8806 1.4917 1.9909 1.7286 1.7598 1.6197 1.7967 1.9668 1.5387 1.9451 1.2271 0.4827 
3.5471 3.6306 3.4269 3.2010 3.0859 2.6901 2.1854 2.3228 2.3799 2.3773 1.2774 1.2333 1.8042 1.9301 2.1839 2.1334 2.3975 2.0813 2.0623 1.6988 1.5469 0.9302 0.8784 1.8848 1.7832 1.6367 1.4517 1.7896 2.0515 1.9655 1.9565 1.6766 0.6825 
3.3124 2.4765 2.4245 2.4635 2.4485 2.4559 2.2306 1.9472 2.3381 2.2375 2.0106 2.0310 1.9358 1.6182 1.7332 1.6494 1.2849 1.5878 1.6145 1.4497 1.6470 1.6873 1.6010 1.7475 1.7414 1.2516 1.4884 1.5610 1.4123 1.2123 0.9249 0.4767 0.4277 
3.3487 2.3662 2.6615 2.3930 1.6500 1.5055 1.4844 1.5098 1.6287 1.1361 0.9921 1.8105 1.4617 1.7180 1.5078 1.0879 1.1317 1.0420 1.3678 1.5443 1.1757 1.4982 0.5922 0.6576 1.0738 0.8100 0.6808 0.6063 0.6061 1.1422 1.1790 0.3275 0.5236 
3.2662 3.1054 3.0591 2.2278 1.7257 1.6535 2.1465 1.8000 1.7312 1.4510 1.5057 1.0885 1.5507 1.7318 0.3200 0.6710 1.1749 0.6202 0.2032 1.5514 1.2786 0.7374 1.0939 0.9419 1.1678 1.1304 1.4048 0.7616 0.7077 1.0016 1.5780 1.1887 0.4618 
2.7506 2.8578 2.4319 1.8644 1.5800 1.8540 1.9071 1.5956 1.6755 1.1262 1.4791 1.9624 1.7699 1.8174 1.5280 1.5302 1.0126 1.4837 1.3999 1.6167 1.5245 1.6146 1.0658 0.6484 1.1216 0.9457 1.1155 0.9594 0.5524 0.6354 0.9157 0.9327 -0.0191 
3.4570 2.9398 2.1601 1.0892 1.4784 1.1923 0.6919 1.1448 0.9005 1.5887 1.6595 0.6504 1.2967 1.4856 1.4862 1.7852 1.7580 1.7143 1.3282 1.2570 1.0640 0.3198 1.2454 1.1108 0.3201 0.4974 -0.0999 0.2937 0.4024 -0.1338 0.6720 1.0289 0.7085 
3.4652 3.0042 2.1811 2.7731 2.5444 2.2344 1.9735 1.8155 1.9606 1.4812 1.8047 1.7729 1.8109 1.5470 1.5418 1.4022 1.2127 1.3225 1.4210 1.3515 1.5513 1.4771 1.4117 1.0002 1.3807 1.1491 1.1857 1.3413 1.5198 1.5362 0.7243 1.0717 0.6960 
3.2264 2.7994 2.6668 2.7200 2.4506 2.4599 2.2255 2.3078 1.9844 2.0947 1.8152 1.9293 1.8146 1.8730 1.9308 1.9270 1.8085 1.8463 1.7732 1.6586 1.5572 1.5731 1.4219 1.6118 1.4252 1.6276 1.4836 1.5675 1.4262 1.5078 1.1797 0.8397 0.4504 
2.8876 2.9546 2.4391 2.2694 1.6688 1.6890 0.8992 1.3130 1.5277 1.0444 1.5369 0.7148 1.2475 0.8023 1.5507 1.6009 0.6980 1.5441 1.4386 0.6325 1.0320 0.3631 1.1285 0.5658 0.9586 0.6569 0.1528 0.7903 0.6356 1.0558 0.9471 1.0530 0.1964 
3.8651 4.5302 4.2058 3.9099 3.6870 3.4681 3.3854 3.3124 3.2747 3.1256 3.0591 3.0219 2.8912 2.9004 2.8761 2.8506 2.8295 2.7929 2.7525 2.7068 2.6134 2.7105 2.6618 2.6352 2.6775 2.6268 2.6043 2.5742 2.6093 2.6851 2.7029 2.5868 0.8918 
4.3705 2.5731 4.4629 4.5140 3.5022 2.8808 2.4719 2.1492 1.9533 2.0776 1.3726 0.5842 1.2224 -0.7793 0.9879 1.1063 1.4509 1.0913 0.8783 -0.6849 0.9298 0.2555 0.9523 1.5875 1.3298 1.4880 1.6669 1.9636 2.4476 3.3024 2.9639 0.7635 1.5855 
3.6073 4.2859 4.9779 4.6562 4.3284 4.0157 3.8317 3.7225 3.6084 3.4608 3.4379 3.3323 3.3320 3.2736 3.2420 3.1580 3.2162 3.0814 3.0821 3.0405 3.0516 2.9901 3.0227 2.9818 3.0197 3.0186 3.0483 3.1175 3.2933 3.4206 3.4582 2.4014 0.7457 
4.7406 4.5115 5.1953 4.4555 4.4832 4.2009 4.0488 3.9366 3.8386 3.7873 3.7269 3.6484 3.5617 3.5047 3.4608 3.4166 3.3621 3.3590 3.3464 3.3313 3.3168 3.3161 3.3114 3.3112 3.2909 3.3020 3.2933 3.3056 3.4266 3.2587 3.7240 2.5451 1.6792 
4.8001 4.7947 5.2569 3.9941 3.8583 3.4343 3.1503 2.9372 2.8637 3.1850 2.6125 2.7399 2.7612 2.5620 2.4005 2.4147 2.3874 2.3680 2.2648 2.3991 2.4900 2.4149 2.2181 2.6955 2.2992 2.2980 2.4070 2.5515 2.8385 2.7762 3.7797 2.8879 1.9096 
4.8115 4.7424 5.1439 3.4610 4.0765 3.7465 3.4204 3.3254 3.2273 3.1939 2.8547 2.8358 2.8618 2.8092 2.7541 2.6060 2.7062 2.5513 2.6003 2.5751 2.5749 2.4851 2.4412 2.7046 2.6337 2.6531 2.6555 2.8586 3.0192 2.1716 3.6624 2.8509 2.0370 
4.4929 4.4569 4.9609 3.6923 3.8721 3.4646 3.0268 2.9103 2.5582 2.4760 2.5740 2.4418 2.3902 2.3862 2.4171 2.1218 2.0537 2.0687 2.2814 2.1633 2.1102 2.1056 2.1790 2.0140 2.0079 2.2587 2.2976 2.5815 2.8607 2.4083 3.4537 2.5648 1.8016 
4.4812 4.2919 4.6580 4.3089 4.2281 3.6473 3.3872 3.2807 3.1944 3.1403 2.9039 2.8824 2.7046 2.7570 2.7349 2.6201 2.6860 2.5622 2.5839 2.5453 2.4486 2.5391 2.4912 2.6507 2.6027 2.5809 2.6096 2.7544 3.1958 3.0816 3.1599 2.3786 1.6738 
4.2339 4.4217 3.7616 4.7573 3.7400 3.4796 3.2454 2.9654 2.7858 2.5177 2.6706 2.2019 2.4868 2.0945 2.0166 2.4083 2.2246 2.3580 1.9138 1.9290 2.2231 1.8995 2.2672 2.0392 2.1791 2.3151 2.4491 2.5833 2.6452 3.5269 2.2530 2.5051 1.5635 
5.0588 4.8213 4.2367 4.5747 4.1586 3.9557 3.8075 3.7167 3.6308 3.4925 3.5102 3.4077 3.3692 3.3378 3.2794 3.2673 3.2124 3.1844 3.1263 3.1397 3.1032 3.0711 3.1140 3.0140 3.0406 3.0158 3.0236 3.0679 3.0758 3.3311 2.7530 2.9035 2.2511 
3.6628 4.6806 4.7920 4.6350 4.6403 3.9469 3.8428 3.6666 3.5899 3.4313 2.8515 3.2987 3.0673 3.1716 3.0881 2.9825 3.0132 2.9237 2.9645 2.9688 2.8393 2.9497 2.4425 2.9470 3.0130 2.9807 3.0678 3.0511 3.5815 3.3845 3.3161 2.8025 0.7675 
4.8066 4.1972 4.6122 4.8002 4.2543 3.8232 3.5330 3.3422 3.1056 3.0124 3.0132 2.9993 3.0890 2.9527 2.8064 2.8387 2.7881 2.7709 2.6451 2.7816 2.8529 2.6705 2.6046 2.5331 2.5370 2.6672 2.7915 2.9242 3.2335 3.5728 3.0944 2.2399 1.9982 
4.7413 4.8156 4.7897 4.4323 3.9152 4.0467 3.8228 3.6231 3.4069 3.3330 3.2820 3.3649 3.3314 3.2675 3.1278 3.0942 3.0372 3.0227 2.9973 3.0308 3.0502 3.0190 2.8658 2.8564 2.8552 2.9475 3.0366 3.1497 2.8910 3.2187 3.3114 2.9170 2.0164 
4.0851 4.1433 3.8349 3.0928 2.9232 2.8374 2.6554 2.5832 2.4562 2.4940 2.2288 2.3203 2.4561 2.2024 2.1910 1.9803 2.1315 1.9322 2.0668 2.0195 2.1816 1.9867 1.8300 2.0141 1.9128 1.9517 1.9242 1.9420 1.9050 1.8565 2.3859 2.1782 1.3930 
1.2214 3.9271 3.2937 3.6811 3.3025 2.9415 2.7928 2.6264 2.7417 2.7665 2.6276 2.3858 2.3963 2.1346 2.0721 2.1239 2.0508 2.0713 1.9614 1.9692 2.1122 2.0281 2.2317 2.2715 2.1516 1.9820 2.0044 2.0498 2.2390 2.4385 1.8353 2.0297 -1.1248 
1.2186 3.6913 3.2775 2.9043 2.5761 1.9739 2.4625 2.3988 1.9079 1.7678 2.1099 1.9388 1.2702 1.8871 1.6682 1.8837 1.9854 1.8049 1.5495 1.6681 1.0457 1.5845 1.6943 1.2823 1.3058 1.7016 1.6773 1.0856 1.5510 1.6721 1.7317 1.7493 -0.8488 
3.2664 3.4556 3.0733 2.7601 2.8729 2.8163 2.6339 2.4026 1.7486 2.3430 2.1144 2.2050 2.0063 1.8081 1.9923 1.9829 1.8549 1.9344 1.8771 1.6099 1.7319 1.9058 1.7013 1.8513 1.1819 1.7070 1.8952 1.9210 1.8402 1.5294 1.5826 1.5607 0.5610 
2.8215 3.3706 2.9704 3.1455 2.3162 2.6469 2.5289 2.4620 1.9608 1.9818 2.0099 2.1591 2.0757 2.1297 1.9360 2.0534 1.6802 1.9976 1.7816 1.9656 1.8259 1.8528 1.6021 1.5074 1.3803 1.7951 1.7578 1.7520 1.2583 1.9378 1.4934 1.4810 -0.2634 
2.8842 3.2491 2.7664 2.5789 1.4373 2.1285 1.9741 1.3922 2.0617 1.6396 1.2516 1.6204 1.7928 2.0714 1.6248 1.2333 1.5454 1.1801 1.5159 1.9069 1.5419 1.2836 0.8536 1.1597 1.5116 0.7165 1.1869 1.2310 0.3329 1.3517 1.2228 1.2802 -0.2905 
2.6908 2.9420 2.3164 2.3498 2.3953 1.8358 2.0453 1.7103 2.1169 2.0718 1.9570 1.6545 1.5169 0.7625 1.3491 1.0517 1.4766 0.9916 1.2166 0.5901 1.2284 1.3226 1.5429 1.5902 1.5613 1.0706 1.2670 0.9453 1.3318 1.1002 0.7811 1.0375 -0.2883 
3.0604 2.4270 1.9927 1.6002 1.4781 1.8653 1.4350 1.6815 1.5933 1.8091 1.7657 1.2069 0.8394 0.7783 1.6262 1.8480 1.2700 1.7677 1.5177 0.6096 0.6095 0.8681 1.3695 1.3194 1.0478 1.0563 0.6539 0.9773 0.4041 0.3557 0.5123 0.4712 0.2800 
2.8374 2.2231 2.3588 1.6625 1.9690 1.6043 0.7569 1.4645 2.2528 2.1275 2.0819 1.6304 2.0468 2.2574 1.3901 2.0960 0.4485 2.0358 1.2403 2.0598 1.7862 1.2898 1.6707 1.6531 1.6742 0.7635 -0.0173 0.7079 0.9186 0.4481 0.8285 0.2814 0.0421 
2.5085 2.1785 1.3974 1.1174 1.3678 2.0337 1.3926 1.1256 1.9801 1.6759 1.7814 1.5438 1.7557 1.7435 1.0657 1.3160 0.7810 1.2441 0.9199 1.5617 1.5184 1.1962 1.3903 1.2012 1.4170 0.4703 0.6217 1.1407 0.3255 -0.1196 -0.0805 0.2823 -0.2162 
0.2295 2.1208 1.3811 1.2443 1.8596 1.7114 1.2223 1.9251 1.9577 1.6879 1.9683 1.6904 1.9198 1.5600 1.5313 1.0403 1.4627 0.9629 1.4059 1.3606 1.6271 1.3806 1.5557 1.2182 1.3790 1.2254 0.4602 0.8129 0.7902 0.0544 -0.1333 0.2250 -2.9521 
2.4842 2.3440 2.0902 1.5390 1.6706 1.2145 1.4637 1.6205 0.9231 1.9302 1.0487 1.5125 1.2849 1.8004 1.4783 0.9501 1.5183 0.8723 1.3145 1.6040 1.0576 1.1645 0.6291 1.4403 0.3450 0.9775 0.6709 0.3243 0.6431 0.2846 0.6139 0.4114 -0.2277 
3.2341 2.9273 2.3066 2.1621 2.2144 1.4716 1.3068 1.7964 1.7494 0.0109 1.0759 1.3195 1.9456 1.3685 1.4484 1.5484 1.1382 1.4988 1.2864 1.1656 1.6590 1.0260 0.6587 -0.4384 1.1820 1.1332 0.5698 0.5640 1.1767 0.9550 0.7760 1.0042 0.4032 
1.7754 2.2131 -0.2879 1.9975 2.2390 2.0089 1.6901 2.0512 1.7527 1.0932 1.6288 0.0522 1.5025 1.2373 0.2951 1.1614 -0.0177 1.1056 0.1782 1.0723 1.2189 -0.2752 1.2210 0.6205 1.1835 1.4010 0.9551 1.1103 1.1956 0.7635 -1.4478 0.2895 -1.1558 
3.2528 3.0151 2.3757 2.5945 1.7599 1.9758 1.5262 1.4704 1.6087 1.6525 1.6700 1.5868 1.2306 1.1029 1.3145 0.1575 1.0586 0.0786 1.1910 0.9011 1.0152 1.2398 1.2655 1.1693 1.0625 0.7727 0.7426 1.0820 0.7133 1.3859 0.8207 1.0910 0.3567 
-0.2325 2.4469 1.7325 1.7706 2.3751 1.4576 1.8358 1.9364 0.0819 0.9714 1.2242 1.7150 1.5041 1.2628 1.2243 1.0668 0.9994 1.0164 1.1091 1.0894 1.2200 1.4096 0.8182 0.4840 -0.5271 1.2326 1.0711 0.5390 1.2971 0.5891 0.2679 0.5194 -1.4001 
1.4855 2.3199 1.7700 2.0390 2.0866 2.0805 1.5831 1.6265 0.9204 0.1729 1.2744 1.0544 1.2225 1.3303 1.4526 1.2885 0.1140 1.2237 1.2927 1.1409 0.9907 0.7064 0.8752 -0.3336 0.3440 0.9813 0.7991 1.1884 1.0663 0.7958 0.2395 0.4027 -1.6489 
3.1003 2.4322 1.9317 2.2470 1.8061 1.6944 0.6453 1.4466 1.2654 1.4064 1.2492 0.3558 1.5180 1.3500 1.0239 1.3396 1.0619 1.2650 0.8584 1.1541 1.2307 0.0660 0.8475 0.9148 0.6990 0.7650 -0.1442 0.7976 0.7547 1.0463 0.4250 0.4645 0.3116 
2.9747 2.9115 2.2970 2.1056 2.0013 1.7729 1.2804 1.3952 1.7417 1.3360 1.2654 1.3424 1.6551 1.5384 1.4025 1.0291 0.2236 0.9479 1.2481 1.3360 1.4123 1.0384 0.8628 0.8402 1.1769 0.7277 0.5264 0.8740 0.9633 0.8850 0.7727 1.0035 0.2031 
2.0843 1.6965 1.4842 1.5378 1.5235 1.6126 1.6058 1.4476 1.7735 1.2030 1.3820 1.8875 1.4927 1.2246 0.1915 1.2140 0.6216 1.1524 0.0762 1.0584 1.2024 1.5434 0.9987 0.7202 1.2038 0.7664 0.8305 0.7204 0.4684 0.3002 -0.0342 -0.2490 -0.7432 
2.0904 2.6174 2.2037 1.9876 2.3204 1.0946 0.5870 1.0692 1.2703 1.1565 1.5439 0.6878 1.1005 1.5806 0.9856 0.4641 0.1847 0.3910 0.8259 1.3961 0.8247 0.3549 1.1331 0.6765 0.7113 0.3830 -0.2086 0.1842 1.2462 0.7550 0.7037 0.7088 -0.7474 
2.6276 2.8767 2.4038 2.6205 1.9357 2.0932 1.9675 1.6957 1.9909 1.5667 1.4540 1.5275 1.6371 1.5500 1.7939 1.5366 1.1462 1.4875 1.6623 1.3524 1.3892 1.1830 1.0447 1.0901 1.4311 1.0633 1.1785 1.2026 0.8378 1.4164 0.9034 0.9530 -0.1955 
2.3217 2.2234 1.9987 0.6951 1.9250 0.5865 1.4348 1.8655 1.0406 1.1391 1.0881 0.3539 0.6226 1.1726 0.7209 0.8089 1.3286 0.7562 0.6120 1.0084 0.3366 0.0321 0.6748 0.6665 0.4328 1.1813 0.6623 -0.3231 0.8426 -0.4662 0.5101 0.3250 -0.4225 
1.9077 1.5007 1.6613 1.7102 1.3544 1.8379 1.0654 1.1945 1.0916 1.1972 1.5108 1.0834 1.3772 1.6424 -0.0476 0.7220 1.6061 0.6703 -0.1905 1.4806 1.1180 0.7355 1.0973 0.7164 0.5282 0.5569 0.2708 0.9485 0.2995 0.5043 0.1954 -0.4795 -0.7606 
2.7203 2.4581 2.1830 1.9786 1.4397 1.5329 2.0406 2.0489 1.6937 1.6858 1.0384 1.7830 1.6879 0.4612 1.0360 1.2843 0.5535 1.2230 0.8842 0.2666 1.4671 1.4821 0.6158 1.2145 1.1325 1.4008 1.2598 0.6444 0.3504 0.7394 0.7006 0.5393 -0.0405 
2.7765 1.6467 1.3330 1.7877 1.5831 1.7256 1.5471 1.4911 1.2253 1.0354 1.4553 1.4631 1.2398 1.3893 1.4899 0.8001 -0.1030 0.7419 1.3335 1.1873 1.0147 1.1121 1.0503 0.5472 0.6649 0.7865 0.7631 0.8416 0.5723 0.5916 -0.1324 -0.1542 -0.0905 
1.9260 2.6526 1.9569 1.5601 2.0873 1.6672 1.9916 1.4093 1.5117 1.6678 0.9402 1.2484 1.0341 1.3816 1.3198 1.1720 0.8646 1.1177 1.1911 1.1760 0.7456 0.9367 0.5462 1.1837 0.9421 0.7209 1.2082 0.7761 1.0651 0.3302 0.4260 0.7486 -0.7163 
3.0130 2.8375 2.1705 2.4895 2.5382 2.3223 1.2965 1.4757 1.4962 1.5630 1.4573 1.6300 0.6333 1.4967 1.7496 1.5626 0.6554 1.5108 1.6249 1.2739 0.3481 1.2948 1.0490 1.0881 0.9060 0.7751 0.5566 1.4262 1.5138 1.2487 0.6711 0.8628 0.1765 
2.7016 2.6844 1.7894 2.0926 1.8522 1.0894 0.9902 1.5526 0.3924 1.4996 1.7177 1.8581 0.4771 1.4634 1.3096 0.9439 0.7809 0.8650 1.1825 1.2314 0.2104 1.5241 1.3239 1.0292 -0.1937 0.8810 0.2125 0.1896 0.7821 0.8547 0.3328 0.7470 -0.0807 
2.9026 3.2763 2.9652 2.7530 2.6008 2.5824 2.3503 1.9763 2.4258 1.7579 1.9441 2.0906 1.8712 1.8440 1.7937 1.4853 1.4230 1.4070 1.6607 1.6383 1.5905 1.7590 1.5298 1.2652 1.8625 1.2894 1.5592 1.6888 1.5753 1.5268 1.5046 1.3361 0.1846 
3.3063 2.7904 2.5170 2.5750 2.2849 2.1842 1.9583 1.2893 1.1358 0.7741 1.6789 1.3977 0.2318 1.2528 1.5076 1.1649 1.0436 1.1090 1.3622 1.0827 -0.0155 1.0647 1.2759 0.3091 0.5997 0.6377 1.1766 1.3004 1.2240 1.3468 1.0261 0.9123 0.3963 
4.3510 3.7538 3.1840 2.6837 2.8930 2.6562 2.5631 2.4759 2.5150 2.3962 2.0141 1.7292 1.6664 2.0343 1.6264 1.9972 2.0578 1.9485 1.5157 1.8545 1.4292 1.4271 1.6048 1.9222 1.9649 1.8168 1.8027 1.7619 1.8605 1.4797 1.6664 1.7669 1.5605 
4.0596 3.4969 3.0442 3.0405 2.8423 2.5431 2.5080 2.3693 2.4999 2.4980 2.3278 2.1233 2.1875 1.9299 1.7824 1.9996 1.7865 1.9499 1.6545 1.6938 1.9531 1.8094 1.9311 2.0185 1.9529 1.6705 1.7332 1.6492 1.7746 1.8357 1.5668 1.5567 1.2621 
3.4651 1.5990 2.8556 3.0108 1.9656 1.7487 1.6493 1.4965 1.1521 0.7651 1.0796 1.6713 0.9772 0.1370 1.5759 0.5994 -1.1953 0.5817 1.4707 -0.0951 0.6796 1.3573 0.6866 0.3168 0.5895 0.8166 0.8959 0.8313 0.8583 1.7733 1.3878 0.1392 0.6280 
2.8039 3.2927 1.6789 3.0110 2.1434 1.5503 0.8491 1.7176 0.6225 1.0089 0.6821 0.8849 1.4150 1.6117 0.6642 1.2695 1.3880 1.2146 0.5473 1.4437 1.1414 0.5934 0.2754 0.5079 0.0196 1.0792 0.0851 0.6441 1.1099 1.7866 0.2800 1.3522 -0.1249 
4.2670 3.5127 2.6609 3.3019 2.5603 2.7854 2.5515 2.2236 2.2920 2.1245 1.9488 2.1477 1.9320 1.9822 1.6676 1.6471 1.4309 1.5881 1.5517 1.7776 1.6418 1.8406 1.5338 1.6512 1.6991 1.5670 1.7814 1.8923 1.5266 2.0520 1.1551 1.5480 1.4937 
3.9714 3.2742 2.8315 3.1665 2.7641 2.4999 1.8575 2.0674 2.3092 2.0494 2.1386 2.0290 1.9452 1.8330 1.6368 1.5787 1.4237 1.5256 1.5252 1.6296 1.6601 1.6839 1.7415 1.5699 1.7139 1.4231 1.0782 1.6038 1.6826 1.9492 1.3140 1.2567 1.2001 
