7.3309 6.9141 5.2224 5.5137 5.2835 5.0150 4.9089 4.6164 4.3504 4.3605 4.4988 4.3702 4.3641 4.2812 4.2400 4.2006 4.1112 4.1146 4.0654 4.0369 4.0329 3.9654 4.0280 3.8166 3.6580 3.8788 3.9985 3.9856 4.0609 4.0970 3.4764 4.6553 4.1967 
6.9030 6.5931 6.0874 4.4614 4.7576 4.3725 4.4443 4.3576 4.1088 4.3449 4.1036 3.8905 3.5717 3.8143 3.9475 3.7123 3.7603 3.6257 3.8344 3.5411 3.3099 3.4912 3.6456 3.7675 3.4586 3.5421 3.5352 3.3418 3.5374 3.0668 4.3817 4.3933 3.4723 
7.1054 6.6554 6.2973 6.2121 6.0098 5.3962 5.3454 5.9063 5.9474 5.7779 5.2153 4.4367 5.1100 5.1274 4.4280 4.3968 4.8794 4.3489 4.2818 4.9290 4.8634 4.0529 4.7505 5.2068 5.2861 5.0961 4.4480 4.3609 4.8311 4.8419 4.5687 4.4278 3.8764 
7.0060 7.4241 6.2826 6.0766 5.9610 5.7772 5.6209 5.1084 5.4048 5.6200 4.6795 4.9556 5.0953 5.0316 5.1555 4.9605 4.9688 4.9020 5.0167 4.8412 4.8400 4.5639 4.2176 5.0738 4.7281 4.3781 4.7573 4.7450 4.7526 4.6439 4.5108 5.1562 3.6013 
7.2854 7.5125 5.7860 5.6792 5.5499 5.3906 5.3947 5.3635 5.2771 5.3928 4.9139 4.5659 4.5296 4.8734 4.7479 4.7674 4.6042 4.6767 4.5774 4.6057 4.2450 4.1817 4.4332 4.8292 4.6000 4.5551 4.4765 4.3557 4.3693 4.2685 4.1188 5.2859 4.1321 
7.7809 6.8897 7.1956 6.9327 6.6684 6.5277 6.4035 6.2186 6.1424 6.0020 6.0321 5.9508 5.8351 5.7991 5.7274 5.7404 5.6593 5.6549 5.5791 5.5612 5.5148 5.5506 5.5614 5.4525 5.5012 5.4677 5.4855 5.4966 5.4860 5.4859 5.5023 4.5785 4.6243 
8.0998 7.4782 7.2587 6.6746 6.0420 5.7730 5.5348 5.5924 5.8071 5.1340 5.6114 5.5337 5.3191 5.1084 4.9654 4.8728 4.8702 4.7840 4.8443 4.9165 4.9971 5.1377 5.1471 4.5694 5.1218 4.8665 4.6391 4.7496 4.8761 5.2854 5.5373 5.1841 4.8600 
7.3172 7.7602 7.7509 7.3176 7.0371 6.8584 6.7238 6.7187 6.3354 6.2502 6.1244 6.2535 6.0863 6.1205 6.0650 6.0000 5.9821 5.9409 5.9394 5.9284 5.8016 5.9050 5.6562 5.6845 5.6473 5.9708 5.8737 5.8275 5.8561 5.9178 6.0365 5.5586 4.2145 
7.5119 8.2708 7.8367 7.1014 6.8203 6.6408 6.5215 6.6203 6.3375 4.2396 6.1303 5.9741 6.0057 5.9407 5.9014 5.7926 5.7632 5.7027 5.7157 5.6907 5.6944 5.5778 5.6696 3.7110 5.6473 5.8926 5.6130 5.6080 5.6016 5.6687 6.0896 6.0589 3.8750 
7.6365 8.1955 7.5740 6.6182 6.1606 6.0323 6.0167 5.9454 5.9059 6.2844 6.3950 5.7373 5.6473 5.7341 5.3429 5.2778 5.2990 5.1879 5.1573 5.5133 5.3909 5.3891 5.9227 5.7182 5.2131 5.1529 5.1083 5.0015 4.9758 5.1955 5.8617 5.9954 4.3867 
5.6201 8.1314 7.6569 6.9575 6.6469 6.4353 6.2650 6.1412 6.7429 6.4695 6.4311 5.9811 5.9327 5.9119 5.9202 5.7724 5.7314 5.6842 5.7471 5.6470 5.6034 5.5867 5.9501 5.9243 6.0871 5.4189 5.4021 5.4029 5.4669 5.5128 5.9405 5.9387 3.8213 
6.8785 8.0556 7.2899 6.5317 6.0742 5.6972 5.1294 5.3381 6.4824 6.1113 5.7446 5.0234 5.0873 5.2540 5.0397 5.0763 4.9914 5.0069 4.9123 5.0245 4.8214 4.6402 5.2773 5.5597 5.8357 4.5739 4.3249 4.6937 4.9134 5.1225 5.5659 5.8360 2.1872 
7.5092 7.8213 7.6770 7.2615 7.0048 6.8078 6.6393 6.5933 6.4651 6.2870 6.3287 6.1628 6.1259 6.0918 5.9872 5.9608 5.9329 5.9062 5.8588 5.9048 5.8649 5.8092 5.8774 5.7211 5.8029 5.8561 5.7630 5.7769 5.8047 5.8775 5.9688 5.6048 4.0681 
8.0738 8.1547 7.4504 6.5795 6.2095 5.9755 5.6089 5.4335 5.9029 5.0995 5.9475 5.6449 5.5600 5.4254 5.2407 5.3441 5.3175 5.2497 5.0851 5.1777 5.2735 5.2917 5.4707 4.5518 5.2105 4.6459 4.7473 4.9488 5.0189 5.1553 5.6582 5.9385 4.6682 
7.5396 7.9307 7.4864 6.9040 6.6003 6.4310 6.2653 6.1355 6.4966 5.9690 5.7404 5.8403 5.7500 5.7381 5.5376 5.5668 5.5015 5.4989 5.4141 5.5152 5.4573 5.4491 5.2859 5.4188 5.8554 5.4127 5.4024 5.4003 5.4222 5.4658 5.7334 5.6752 4.4252 
6.6704 8.0335 7.2037 6.4599 6.0975 5.9152 5.7337 5.6923 5.5661 5.3293 5.6157 5.4273 5.1785 5.2659 5.1614 5.0386 5.0034 4.9722 5.0215 5.0315 4.9038 5.0246 5.1525 4.7490 4.9242 4.9413 4.8758 4.8834 4.9158 5.0204 5.4744 5.8114 2.2440 
6.7102 7.7782 6.7515 5.6858 5.3085 5.2372 5.1059 5.1460 5.3599 4.2326 3.9313 4.2699 3.3374 3.9146 3.8476 3.4659 3.3563 3.4044 3.6658 3.6967 3.0014 3.8900 3.4666 3.6543 4.6699 4.4000 4.2388 4.2127 4.0902 4.3261 5.0234 5.5622 3.5323 
6.7358 7.4526 6.7826 6.2687 6.0939 5.9455 5.7723 5.8340 5.8568 5.5087 5.9512 5.6212 5.5276 5.4204 5.4089 5.3513 5.3394 5.2566 5.2405 5.1693 5.2292 5.2636 5.4760 4.9578 5.1660 5.0546 4.9031 4.9187 4.9205 4.8924 5.0937 5.1763 3.9716 
7.6653 6.8434 7.2960 6.9876 6.7229 6.5547 6.4411 6.1991 5.9421 5.9690 6.1052 6.0797 5.9544 5.9163 5.9130 5.8573 5.7990 5.7630 5.7362 5.6535 5.6233 5.6938 5.6291 5.4195 5.2839 5.4509 5.5267 5.5238 5.5287 5.5533 5.5710 4.6077 4.4548 
7.9255 7.5162 7.1388 6.5219 5.9586 5.6675 5.7180 5.5493 5.9981 6.0352 5.8679 5.4168 5.0951 4.6310 4.6375 4.7355 4.6404 4.6474 4.5041 4.4205 4.8364 5.0109 5.3985 5.4829 5.3750 4.8084 4.8728 4.6485 4.7615 5.0911 5.4316 5.2584 4.6063 
6.4624 7.6270 7.5176 6.9829 6.6710 6.4830 6.4204 6.3312 5.9855 5.9851 6.0316 5.9800 5.8727 5.8900 5.7333 5.7012 5.6704 5.6186 5.5834 5.6172 5.5411 5.5859 5.5614 5.4383 5.3412 5.5476 5.5007 5.4506 5.4862 5.5411 5.7876 5.4386 3.5807 
7.3411 7.9102 7.1648 6.2677 6.0014 5.7300 5.7282 5.3081 6.0720 6.1524 5.2527 4.4218 4.7616 4.7094 4.6051 4.8277 4.8255 4.7332 4.4754 4.4837 4.4558 4.0278 4.7912 5.6017 5.4361 4.5163 4.8729 4.6968 4.8155 4.8754 5.4473 5.6561 3.9421 
6.8728 7.6924 7.0372 6.3793 6.0188 5.7981 5.5222 5.4056 6.0308 5.4224 5.7128 5.4459 5.1645 5.0989 5.3195 5.1338 5.1002 5.0696 5.1394 4.9103 4.8953 5.0481 5.2548 4.8796 5.3998 4.6026 4.6216 4.7657 4.8426 4.9419 5.3071 5.4949 3.9250 
5.3637 7.6175 6.7891 6.1360 5.7091 5.4399 5.0169 5.0663 5.4573 5.8164 4.2176 4.6127 4.5428 4.4698 4.6428 4.5162 4.5292 4.4506 4.5045 4.2637 4.2661 4.2661 3.6844 5.2513 4.8118 4.3587 4.1460 4.4231 4.5305 4.7730 5.0638 5.4111 3.2196 
7.4708 7.4900 7.4164 6.9609 6.6546 6.5023 6.3874 6.3300 5.9051 5.4299 5.9908 5.8132 5.7839 5.6935 5.6063 5.6159 5.6115 5.5558 5.4753 5.4829 5.4804 5.4345 5.5167 4.8867 5.2114 5.5452 5.4750 5.4699 5.4738 5.5159 5.6433 5.2706 4.0623 
7.8320 7.7965 7.0393 6.0487 5.6197 5.3016 4.8512 4.3741 5.6930 5.4691 5.5425 4.9458 4.9428 4.9725 4.7066 4.4679 4.4610 4.4090 4.5594 4.7573 4.6214 4.5562 5.0764 4.9197 5.0377 3.5960 3.9615 4.2971 4.4541 4.6348 5.3152 5.5522 4.4699 
7.2347 7.6105 7.1715 6.6063 6.3597 6.1226 5.9858 5.6654 6.0139 5.8671 5.4936 5.5408 5.5471 5.5399 5.3585 5.3344 5.2741 5.2407 5.1720 5.3461 5.2552 5.1510 5.0207 5.2931 5.3899 4.9206 5.0846 5.0905 5.1231 5.1873 5.4646 5.4163 4.1401 
6.0316 7.7188 6.8562 6.0658 5.7208 5.4754 5.4261 5.5517 5.7437 5.6134 4.9781 4.9473 5.0194 4.9575 4.7387 4.7670 4.7364 4.6761 4.5742 4.7337 4.7249 4.5562 4.5055 5.0699 5.0826 4.8142 4.5152 4.4435 4.5198 4.6391 5.0836 5.5086 2.7644 
6.1462 7.5351 6.4597 5.3044 4.9191 4.6642 4.0442 4.7816 5.1599 3.8537 4.9580 4.4326 4.3560 4.0975 3.9132 4.0075 3.9348 3.9411 3.7891 3.8959 4.0195 4.0383 4.4875 3.3321 4.5105 4.0045 3.1782 3.6476 3.7331 3.9056 4.7078 5.3372 3.1132 
6.5000 7.1761 6.5459 6.1143 5.9511 5.7402 5.5129 5.2287 5.6609 5.4583 5.2183 5.1896 5.1519 5.0345 5.0388 4.9556 4.9306 4.8971 4.9122 4.8456 4.8875 4.8462 4.7698 4.9059 5.0160 4.4708 4.6136 4.7140 4.7490 4.7177 4.8973 4.9632 3.7486 
7.5446 6.7864 7.2367 6.9147 6.6252 6.4609 6.2958 6.1201 5.9927 6.0434 6.3908 6.1109 5.9756 5.9234 5.9171 5.8577 5.7933 5.7633 5.7426 5.6644 5.6523 5.7303 5.9214 5.4891 5.3720 5.3898 5.4201 5.4297 5.4414 5.4735 5.5248 4.5690 4.3602 
7.8390 7.4706 6.9572 6.4799 6.1166 5.9031 5.6462 5.3491 5.0555 5.5788 5.2185 5.2158 5.1223 5.1302 5.2090 5.0864 5.0800 5.0182 5.0602 4.9321 4.8684 4.8680 4.7609 5.0217 4.4158 4.5509 4.7903 4.8725 4.9314 5.0442 5.1877 5.1868 4.5399 
7.5412 7.4835 7.2695 6.8781 6.5112 6.3595 6.2188 5.8941 5.1389 5.6425 5.6218 5.8094 5.5755 5.5624 5.6017 5.5726 5.5259 5.5041 5.4676 5.3792 5.2917 5.4304 5.1658 5.0883 4.5005 5.0840 5.3670 5.3291 5.3239 5.4471 5.5468 5.2441 4.3799 
7.0523 8.0029 7.5260 6.7891 6.5261 6.3528 6.1297 6.1720 6.2940 6.0237 5.1796 5.6507 5.5246 5.5628 5.3837 5.4254 5.4184 5.3658 5.1984 5.3770 5.2260 5.2964 4.7365 5.4678 5.6135 5.4356 5.2619 5.3219 5.3448 5.3922 5.7873 5.7715 3.3454 
7.1896 7.8261 7.1156 6.0277 5.6261 5.4315 5.4020 5.1294 5.4898 5.6678 5.5664 4.9120 4.9229 4.9312 5.0914 4.8116 4.5089 4.7176 4.9606 4.6975 4.5928 4.5101 5.0916 5.1032 4.8663 4.3966 4.4866 4.3988 4.4433 4.5868 5.4031 5.6010 3.9667 
4.6699 7.7411 7.0934 6.2779 6.0048 5.7413 5.7093 5.7908 5.8910 6.1280 5.4012 4.7079 4.7810 4.8105 4.5521 4.5991 4.5920 4.5375 4.4196 4.5625 4.4684 4.3612 4.9193 5.5816 5.1921 5.0153 4.8584 4.7091 4.8243 4.8841 5.3872 5.5295 3.3855 
6.0099 7.4738 7.1670 6.7076 6.4613 6.2209 6.0421 6.0444 6.2561 6.2528 5.6510 5.6957 5.6210 5.6382 5.5270 5.4837 5.4510 5.4248 5.4045 5.4435 5.3688 5.3480 5.1879 5.6877 5.5957 5.3033 5.1475 5.1952 5.2516 5.3337 5.4777 5.2188 3.4537 
7.6569 7.7201 7.4636 6.9616 6.6443 6.4809 6.3487 6.3491 5.9387 5.5215 5.8374 5.8234 5.7306 5.7019 5.6642 5.6097 5.5721 5.5468 5.5275 5.4890 5.4452 5.4395 5.3837 4.9703 5.2676 5.5599 5.4511 5.4484 5.4630 5.5167 5.6892 5.5108 4.2644 
7.8458 7.8633 7.0159 6.1270 5.6463 5.3823 5.0125 5.2855 4.7456 5.0062 4.8236 4.4108 3.7502 4.4162 4.3234 3.9406 3.8338 3.8839 4.1496 4.1669 3.4075 4.0115 4.3629 4.4646 4.0447 4.5217 4.1554 4.3738 4.4885 4.7556 5.2857 5.6024 4.4816 
7.0722 7.6815 7.2438 6.6867 6.4413 6.2192 6.0968 5.9352 5.6084 5.6450 5.7734 5.6585 5.6170 5.5870 5.4759 5.4620 5.4220 5.4055 5.3503 5.3969 5.3640 5.3070 5.3209 5.0904 4.9729 5.1320 5.2092 5.1897 5.2136 5.2971 5.5177 5.4855 4.0553 
6.5486 7.8322 6.8656 5.9756 5.4993 5.0413 4.8434 5.2882 5.6067 5.1632 5.4026 5.1339 5.0254 5.0723 4.7312 4.6898 4.6774 4.6048 4.5708 4.8814 4.7324 4.7814 4.9234 4.6039 4.9656 4.5036 3.9240 4.0155 4.3386 4.5519 5.0878 5.5976 1.1463 
6.2416 7.5997 6.5831 5.5564 5.0224 4.8051 4.3498 4.8895 5.4306 5.4656 4.8028 4.5244 4.4501 4.4516 4.1557 4.1944 4.3878 4.1105 4.0156 4.2288 4.1370 4.1364 4.3503 4.9164 4.7746 4.0844 3.4458 3.7960 3.8665 4.1562 4.8817 5.4100 3.3487 
6.4304 7.1214 6.7140 6.3138 6.0713 5.8927 5.7031 5.1819 5.6086 5.5825 5.5204 5.4138 5.3093 5.2239 5.2028 5.1827 5.0998 5.1007 5.0560 5.0006 4.9923 5.0097 5.0502 5.0291 4.9751 4.4177 4.8551 4.8648 4.8998 4.9128 5.0396 4.9033 3.7034 
7.5437 6.9604 7.2670 6.9140 6.6405 6.5095 6.4270 6.1246 6.2847 6.1440 5.9166 5.8349 5.7939 5.7816 5.7366 5.7149 5.6991 5.6312 5.5864 5.5484 5.4869 5.4459 5.4361 5.5968 5.6102 5.3978 5.5089 5.4787 5.4582 5.4722 5.5463 4.7309 4.3433 
7.7736 7.4702 6.8856 6.4459 6.1083 5.9260 5.6366 5.6128 5.7723 5.6791 5.6016 5.4665 5.4126 5.3723 5.3384 5.2581 5.2084 5.1694 5.1560 5.1000 5.0845 5.0740 5.1264 5.1162 5.0942 4.8887 4.7730 4.8934 4.9228 5.0009 5.1034 5.1892 4.4802 
7.8335 7.5407 6.9299 6.3249 5.9028 5.3893 4.8860 5.3932 5.7176 5.2602 4.6320 4.9909 5.0223 5.0393 4.9706 4.7641 4.8393 4.6745 4.8511 4.8546 4.7309 4.5971 4.1925 4.6860 5.0624 4.5921 3.9762 4.3590 4.6633 4.9124 5.1525 5.3093 4.5819 
7.0894 7.5770 7.1956 6.7980 6.4995 6.3660 6.1504 5.8128 6.0856 5.6112 5.3868 5.6012 5.5094 5.4386 5.5337 5.4783 5.4499 5.4198 5.4112 5.1978 5.2044 5.2250 4.9082 5.0597 5.4445 5.0324 5.2862 5.3352 5.3044 5.3980 5.4806 5.3931 4.0625 
5.9458 7.6488 7.1340 6.5832 6.3140 6.0403 5.7248 6.3339 5.9577 5.7305 5.6677 5.6566 5.5719 5.5089 5.4111 5.4290 5.4151 5.3721 5.2447 5.3010 5.2875 5.3043 5.2082 5.1664 5.2980 5.5501 4.8722 5.0058 5.0887 5.1469 5.4186 5.4491 3.4579 
6.0435 7.6560 6.9844 6.2390 6.0057 5.6870 5.6707 5.8762 5.0839 4.2143 5.1498 4.9007 4.9849 4.9666 4.8862 4.8590 4.6673 4.7614 4.7139 4.7474 4.6769 4.4969 4.6903 3.6642 4.4330 5.0753 4.8161 4.6531 4.8195 4.8408 5.2235 5.4554 -1.0458 
3.1224 7.4585 6.7349 6.0357 5.7341 5.5855 5.7140 5.4709 3.8743 5.4187 4.9159 4.8673 4.7027 4.4087 4.5757 4.5716 4.3808 4.5048 4.4468 4.1683 4.4132 4.4549 4.4347 4.8728 3.2486 4.6889 4.8645 4.5522 4.5245 4.5879 4.9990 5.2176 2.3427 
6.0065 7.1385 6.6313 6.0641 5.6984 5.3743 5.6113 5.5375 5.3260 5.2433 5.1769 5.0393 5.0788 5.0563 4.9256 4.8705 4.9299 4.7802 4.7784 4.8697 4.8022 4.6506 4.7190 4.6788 4.6309 4.7921 4.7447 4.3418 4.4974 4.6284 4.9187 4.9485 3.0034 
5.7623 7.1586 6.7270 6.2086 5.9451 5.7554 5.6975 5.4264 5.4721 4.9956 4.8212 4.9472 4.8961 4.9801 4.9355 4.8988 4.8189 4.8313 4.7960 4.7673 4.5680 4.5529 4.3609 4.4393 4.8343 4.6317 4.8429 4.7230 4.7263 4.8118 5.0034 4.9682 2.9197 
5.4389 7.2077 6.8138 6.1689 5.9750 5.7125 5.2484 5.4540 5.4320 5.0933 5.2043 5.1071 5.0116 5.0316 5.0178 4.9265 5.0073 4.8719 4.8950 4.8426 4.7126 4.7498 4.7501 4.5420 4.7715 4.6755 4.3726 4.6768 4.7754 4.7660 5.0698 5.0123 2.8167 
6.5080 7.0477 6.6999 6.1649 5.8590 5.5767 5.6946 5.5023 5.4556 5.3843 5.3337 5.2573 5.1898 5.1585 5.0503 5.0256 4.9678 4.9603 4.9206 4.9526 4.9121 4.8926 4.8737 4.8153 4.8109 4.7360 4.8468 4.5398 4.6129 4.7608 4.9841 4.8721 3.4628 
6.7718 6.9669 6.6125 6.1056 5.8735 5.8612 5.8224 5.4176 4.9253 5.4803 5.0886 5.1450 5.0006 4.9774 4.9134 4.8982 4.8838 4.8302 4.7594 4.7637 4.6977 4.7930 4.6167 4.9298 4.2745 4.6153 4.9272 4.8322 4.6280 4.6755 4.9070 4.7456 3.6880 
7.1606 6.8595 6.5012 6.0211 5.5824 5.2851 5.7120 5.4044 5.2771 4.6395 5.0561 4.9075 4.9468 4.8736 4.7891 4.5799 4.7148 4.5205 4.6101 4.6054 4.6257 4.5051 4.5777 4.0775 4.5919 4.5955 4.8640 4.2598 4.3958 4.5791 4.7834 4.6048 4.0090 
7.4000 6.8847 6.4288 5.8675 5.4193 5.0864 4.8874 4.6760 4.4419 4.8498 4.5665 4.3845 4.0107 3.7607 3.6384 3.8882 4.0788 3.8351 3.4931 3.5144 3.7235 3.9801 4.0886 4.2779 3.8087 3.9193 3.9715 4.0526 4.1940 4.4234 4.6627 4.5949 4.1546 
7.4731 7.0403 6.3354 5.9026 5.5755 5.5152 5.8453 5.4461 5.0445 5.0237 4.9203 4.6280 4.7092 4.7221 4.6575 4.5742 4.5852 4.5100 4.5152 4.4950 4.4185 4.2756 4.4431 4.4688 4.4035 4.6577 4.9425 4.4847 4.3915 4.4476 4.5722 4.8072 4.2171 
7.1379 6.6142 6.0527 5.8031 5.5563 5.2994 4.4910 4.5522 4.4657 5.3885 5.1544 4.9904 4.8875 4.7781 4.7145 4.7229 4.7048 4.6356 4.5620 4.5369 4.5571 4.5910 4.6942 4.8233 3.8355 3.8186 3.5889 4.2648 4.3768 4.3831 4.3496 4.3762 3.8913 
7.2312 6.7916 6.4832 6.1745 5.9924 5.9092 5.8246 5.5193 5.4024 4.7061 5.1520 5.0610 5.0938 4.9621 5.0001 4.9290 4.9233 4.8742 4.8812 4.7403 4.8351 4.6784 4.6929 4.1420 4.7195 4.7633 4.9290 4.8770 4.8037 4.7786 4.7523 4.5368 3.9931 
6.9782 6.4807 6.1707 5.9036 5.7029 5.6002 5.1363 5.2107 5.3383 4.2008 4.8320 4.8671 4.8104 4.8358 4.8108 4.6671 4.5374 4.5843 4.6296 4.5736 4.4875 4.4556 4.3646 3.6315 4.6460 4.4506 4.2747 4.5672 4.5030 4.4537 4.4545 4.2280 3.7080 
6.9556 6.6033 6.1515 5.8995 5.6642 5.5373 5.6603 5.3348 5.3404 5.3488 5.2121 5.0515 4.9337 4.8223 4.7981 4.8635 4.8675 4.7667 4.6196 4.5682 4.6070 4.6657 4.7566 4.7778 4.6503 4.5406 4.8038 4.5086 4.4745 4.4498 4.4443 4.3883 3.7036 
6.6941 6.1979 5.9083 5.4944 5.3876 5.4199 4.5298 4.4609 4.2026 4.1832 4.3107 4.4319 4.4692 4.1027 4.0091 4.0268 4.2497 3.9586 3.8824 3.9009 4.1615 4.0413 3.8468 3.6227 3.5341 3.6944 3.6159 4.3870 4.1476 4.0600 4.1466 3.9676 3.5041 
6.4057 6.4750 5.9633 5.7922 5.5487 5.3830 5.3886 5.1838 5.0076 5.1520 5.0509 5.0347 4.8996 4.7883 4.7917 4.7329 4.7360 4.6449 4.6134 4.5456 4.5695 4.6464 4.5751 4.5912 4.3756 4.4306 4.4712 4.3515 4.3738 4.3847 4.2643 4.2544 3.2602 
6.3098 6.1256 5.7922 5.5543 5.3612 5.0438 5.1842 4.8162 4.6898 4.5754 4.5347 4.3828 4.4010 4.5031 4.3725 4.3235 4.4106 4.2302 4.2018 4.3079 4.0717 3.9799 4.0581 4.0271 4.0299 4.0231 4.3352 4.0120 4.1199 4.1372 4.0764 3.9170 3.2645 
5.0660 6.0713 6.1247 5.7465 5.5037 5.3400 5.0899 5.3047 5.2961 5.1928 4.9171 4.9158 4.8757 4.8797 4.7368 4.5936 4.5114 4.5311 4.5729 4.6145 4.5416 4.5159 4.4404 4.6269 4.6121 4.5227 4.2239 4.3148 4.3362 4.3609 4.4479 3.8833 2.5099 
5.9418 6.4622 5.6037 5.5110 5.3025 5.0345 5.0140 4.8754 4.5592 4.5465 4.5740 4.5740 4.5476 4.3645 4.4690 4.4601 4.2065 4.3989 4.3541 4.1030 4.2653 4.2083 4.1073 3.9965 3.9082 4.0625 4.1192 4.0013 4.0686 4.0844 3.9525 4.2351 2.9794 
5.6623 6.4567 5.7919 5.5227 5.3680 5.1307 4.7441 4.7083 4.5385 4.6426 4.6448 4.6105 4.5406 4.4488 4.4222 4.3570 4.4245 4.2685 4.2861 4.2280 4.2576 4.2572 4.1879 4.0811 3.9001 3.9440 3.8691 4.0958 4.1215 4.0921 4.0714 4.2410 2.7201 
4.7414 6.1551 5.4708 5.4155 5.1155 4.7790 5.0405 4.9827 4.7739 4.6807 4.5381 4.5582 4.4185 4.6037 4.3594 4.3238 4.4042 4.2291 4.1791 4.4092 4.0926 4.1788 4.0611 4.1151 4.0901 4.2194 4.1537 3.7521 3.9320 3.9757 3.8088 3.9718 0.9663 
4.0720 6.5566 5.0275 5.0570 4.9411 4.8874 4.5746 4.8243 4.9102 4.7426 3.9679 4.0582 4.0431 3.6189 4.0535 3.8520 3.8623 3.7776 3.9200 3.4134 3.7643 3.6912 3.4902 4.1676 4.2491 4.0293 3.7113 3.8546 3.7499 3.6377 3.3868 4.3779 1.2782 
6.1179 6.5470 5.0627 4.1019 4.0327 3.1775 4.8990 4.2432 3.7059 4.2241 4.1304 3.4801 3.4493 3.8097 3.8419 3.7387 3.3254 3.6463 3.6624 3.5428 3.1473 3.0818 3.6700 3.6606 3.0197 3.4579 3.9879 2.2080 2.8486 2.7100 3.3631 4.3716 2.9589 
5.6799 6.6949 5.1400 5.3235 5.2865 5.1866 4.7700 4.7789 4.7706 4.8896 4.5840 4.4492 4.4378 4.2647 4.2156 4.1240 4.1232 4.0527 4.0546 4.0209 4.1202 4.0538 4.1216 4.3391 4.0890 3.9935 3.8825 4.1521 4.0582 3.8929 3.3927 4.4995 2.6412 
6.2724 6.4893 4.9881 4.5292 4.6341 4.4622 4.7694 4.2703 3.5391 4.5671 4.3835 4.0075 3.9571 3.5026 3.8365 3.4721 3.8771 3.4075 3.6550 3.3131 3.6518 3.6183 3.9050 4.0128 2.8961 3.4876 3.8823 3.4365 3.4400 3.0998 3.1825 4.2980 3.1824 
6.6642 5.9314 5.8807 5.2691 5.0818 4.6632 4.6058 4.6318 4.4011 4.7263 4.5422 4.1638 4.2031 4.3729 4.2203 4.2436 3.9063 4.1523 4.0568 4.1148 3.9106 3.8188 4.0625 4.1624 3.7450 3.8948 3.7494 3.6416 3.8985 3.8695 4.1314 3.7167 3.4447 
6.9529 5.4928 5.5104 4.7862 4.2665 4.1007 3.3152 4.0644 4.2400 3.4043 2.7697 3.3351 3.8743 2.3425 2.4600 3.1360 0.5910 3.0531 2.3016 2.1139 3.5408 2.9305 2.2557 2.8489 3.5585 3.3488 2.4110 3.0885 3.0612 3.3874 3.8439 3.1524 3.6865 
6.8604 6.5194 5.8627 5.2350 5.0066 4.9270 4.6863 4.5277 4.6699 4.8033 4.2571 4.0716 4.0759 4.2855 4.1854 3.9390 4.0229 3.8788 4.0341 4.0413 3.8270 3.7129 3.8052 4.2288 4.0227 3.7913 3.8375 3.8964 3.8449 3.8500 4.0948 4.3209 3.6706 
7.0485 6.6384 6.0182 5.4355 5.0443 4.7859 5.0784 4.7273 4.3821 4.5862 4.5307 4.4222 4.2695 4.2473 4.1963 4.1290 4.3407 4.0559 4.0452 4.0096 3.9562 4.0262 4.0566 4.0482 3.7064 3.9577 4.2017 3.7541 3.8753 4.0096 4.3301 4.4163 3.8592 
7.1307 6.1878 6.0532 5.3538 5.0354 5.1481 3.3045 4.3224 4.3316 4.7085 4.3802 4.2234 4.1305 4.2289 4.2142 4.0738 4.1819 4.0131 4.0537 3.9950 3.8630 3.8583 3.9023 4.1430 3.6394 3.5222 2.4025 4.1165 3.8593 3.9157 4.3572 3.9156 3.9034 
7.2062 6.7165 5.8142 4.9644 4.5739 4.9576 4.5240 4.0601 4.3260 4.2579 3.1441 2.4731 3.6779 3.7084 2.8704 2.3647 3.2079 2.3215 2.6830 3.4699 3.4018 2.2632 2.6553 3.6628 3.6336 3.3294 3.6161 3.9435 3.4354 3.5875 4.0851 4.4595 3.9517 
7.3134 7.0043 6.4140 5.6111 5.3108 5.1658 4.9589 4.9245 4.7064 3.9354 4.5089 4.3500 4.4969 4.4421 4.2262 4.1319 3.9169 4.0568 4.0592 4.2201 4.2006 3.9389 4.0413 3.3869 4.0484 4.1395 4.0559 4.1398 4.0795 4.2173 4.6304 4.7522 4.0048 
7.3355 6.7917 6.6335 6.0902 5.9051 5.5534 5.4406 5.4075 5.3372 5.2222 5.0611 5.0493 4.9479 4.9991 4.8921 4.8784 4.8574 4.7941 4.7245 4.7948 4.6283 4.6643 4.5809 4.6568 4.6453 4.6035 4.5378 4.5199 4.6646 4.6728 4.9210 4.5427 4.0465 
7.1877 6.5675 6.7762 6.2388 6.0231 5.9204 5.2078 5.4685 5.4319 5.4371 5.1760 5.0981 5.0898 5.0951 4.9812 4.9378 4.9053 4.8818 4.8661 4.9061 4.8256 4.7394 4.7196 4.8879 4.7744 4.6924 4.3605 4.8857 4.8545 4.8598 5.0474 4.3727 3.9537 
7.1256 6.2060 6.9177 6.3912 6.0949 6.0120 5.6111 5.6254 5.5236 5.3290 5.3835 5.2615 5.1126 5.1466 5.0870 5.0273 5.0779 4.9617 4.9540 4.9445 4.8617 4.8951 4.9028 4.7586 4.8912 4.8976 4.7377 4.9813 4.9133 4.9519 5.1549 4.0224 3.9292 
6.6225 6.3144 6.3422 5.9395 5.6988 5.6162 5.8172 5.4152 5.3826 5.4515 5.0326 4.9835 4.9778 4.8849 4.8016 4.6636 4.6732 4.5805 4.6209 4.6226 4.6678 4.5845 4.5649 4.8999 4.6933 4.6172 4.9241 4.5940 4.5047 4.5043 4.6149 4.0508 3.5505 
6.5501 6.8031 6.5726 5.9887 5.6581 5.4253 5.9164 5.4157 5.1898 5.6365 5.4091 5.2335 5.0454 5.0636 5.0352 4.9917 4.8933 4.9296 4.9086 4.8757 4.7570 4.8787 4.9303 5.0866 4.5378 4.6125 5.0035 4.3951 4.4738 4.5563 4.8987 4.5595 3.5717 
4.2475 6.9646 6.6163 5.5352 5.1334 4.8830 3.7576 4.7372 4.6229 4.6011 2.8567 2.9411 3.0483 3.3641 3.0654 3.2620 2.9310 3.1596 2.9257 3.1185 2.7762 2.5057 2.3558 4.0535 3.9754 3.9609 2.8517 3.8588 3.9530 4.0915 4.9017 4.7467 2.3724 
5.4434 7.1830 6.8242 5.8194 5.5177 5.3096 5.4250 5.0877 4.7578 4.9520 4.5549 4.3529 3.7348 4.5153 4.1361 4.1674 3.9569 4.0825 3.9932 4.3244 3.4211 3.9386 4.0692 4.4010 4.0772 4.3613 4.5150 4.2747 4.3378 4.3773 5.0707 4.9972 2.2187 
6.0463 7.1585 6.9870 6.3061 5.7908 5.6914 5.5983 5.4771 5.0046 5.5969 5.6068 5.2605 5.2891 5.0194 4.8858 4.9306 4.7096 4.8753 4.7137 4.8229 4.9774 4.8948 5.1356 5.0422 4.3716 4.6991 4.7228 4.6513 4.5672 4.8889 5.2463 4.9679 3.1894 
7.4550 6.9894 6.8289 6.0748 5.9114 5.5859 5.0009 5.1549 5.2456 5.4333 4.7340 2.8526 3.6061 4.0615 4.1103 3.8760 3.8303 3.8179 3.9743 3.8733 3.3392 2.4525 4.2759 4.8849 4.5747 4.4099 4.0967 4.5493 4.6646 4.6425 5.0848 4.7455 4.2236 
7.2163 6.7646 6.8514 6.2816 5.9935 5.7956 5.9770 5.4962 5.5829 5.5774 5.0240 5.0245 4.9517 5.0742 4.7830 4.6734 4.7227 4.5903 4.6056 4.8825 4.6328 4.6348 4.5542 5.0196 4.9390 4.7266 5.0733 4.7592 4.7978 4.8744 5.0959 4.5057 3.9773 
6.6194 6.2724 6.4420 5.4471 5.0889 5.0768 5.4969 4.4748 3.8394 5.0898 4.9814 4.5850 4.5993 4.4279 4.3147 4.3422 4.2782 4.2457 4.1320 4.1973 4.3487 4.2272 4.5088 4.5402 3.1400 3.6999 4.5881 4.0514 3.9093 3.9935 4.6984 4.0257 3.3735 
6.2707 6.2639 6.8640 5.7434 5.3146 5.3643 5.5211 4.9125 4.4447 5.1519 4.6437 4.2297 3.8421 2.8714 3.8989 3.9681 4.0106 3.9072 3.7757 2.6120 3.4954 3.8663 4.1935 4.5872 3.8019 4.1015 4.6151 4.3173 4.0705 4.3100 5.1103 4.0802 3.2118 
5.9926 6.3314 6.4177 5.3961 5.0575 4.6491 4.9410 5.1504 4.4215 5.4837 5.0974 4.8241 4.7179 4.6471 4.6590 4.6239 4.5910 4.5595 4.5176 4.4395 4.4255 4.4254 4.6345 4.9345 3.7926 4.4098 4.0449 3.6176 3.8765 3.9334 4.6614 4.1000 2.6290 
6.7820 6.6223 6.5572 5.3482 4.7830 4.6500 4.9353 4.6408 4.5781 4.8853 4.3907 3.8596 3.3651 3.5335 1.9106 2.8689 3.2041 2.8128 1.7748 3.3416 3.0319 3.4511 3.9085 4.3307 3.9406 3.8999 4.0280 3.6167 3.5391 3.8730 4.8659 4.4420 3.6149 
7.2295 6.4917 6.9168 5.9017 5.3446 5.3779 5.5006 3.9230 4.4174 4.8416 4.3613 3.5279 3.9558 3.9186 2.0932 3.6932 2.8430 3.6057 1.9590 3.6935 3.6535 3.1513 3.8804 4.2727 3.7710 3.1331 4.5951 4.3483 4.0948 4.4277 5.1530 4.2053 4.0389 
7.0583 6.5614 6.1289 5.6412 5.4148 5.4232 5.7327 5.0174 4.7966 5.2056 4.9745 4.9169 4.8400 4.5553 4.6093 4.5340 4.5109 4.4662 4.4762 4.3645 4.5080 4.5188 4.5068 4.6383 4.1177 4.2585 4.8762 4.3910 4.2013 4.2594 4.4232 4.3520 3.8537 
6.5620 6.5471 6.4983 6.1974 5.7646 5.6922 5.8701 4.9229 4.8213 4.8942 5.0210 4.9629 4.9471 4.9950 4.9032 4.7514 4.8029 4.6623 4.7436 4.7885 4.6278 4.5696 4.5532 4.3541 4.1167 4.1426 4.9544 4.6666 4.5511 4.8038 4.7950 4.3588 3.3865 
5.6576 6.7947 6.4959 5.8744 4.0421 5.2116 5.9729 5.6629 4.7996 4.8247 4.8703 4.2328 4.0461 3.4312 3.2716 3.0007 3.0496 2.9344 3.0878 3.2315 3.7728 3.8656 4.3900 4.2546 4.1160 4.9201 5.0699 4.1955 2.8637 4.4252 4.7683 4.5778 2.4268 
6.6386 6.8897 6.0757 6.1381 5.6662 5.2361 6.0462 5.9426 5.4009 5.4008 4.7423 4.6474 4.6706 4.6636 4.8426 4.7032 4.6299 4.6170 4.6573 4.4529 4.3924 4.2983 4.2881 4.8416 4.7204 5.1431 5.1509 4.2235 4.4712 4.7459 4.3650 4.6373 3.5572 
