3.7459 3.1615 2.3775 2.7568 2.2626 2.8036 1.6472 2.5372 2.5818 2.9160 2.4100 2.1217 2.3281 1.6439 2.3228 2.1039 1.3573 2.0541 2.1739 1.4970 2.0571 1.8398 2.0312 2.4729 2.0634 1.9519 0.9037 1.9805 1.2758 1.6035 1.0011 1.3151 1.1993 
2.2535 2.3737 2.4895 2.3273 1.9750 2.0080 1.0002 1.2162 1.7852 1.8294 2.1213 1.6769 1.6693 1.5146 1.3484 1.2033 -1.1390 1.1501 1.2287 1.3119 1.4515 1.3770 1.7507 1.3735 1.2558 0.6478 0.2868 1.1852 1.0032 1.1729 1.1380 0.6108 -0.2683 
3.9968 4.6529 4.4274 4.0557 3.3370 3.3901 3.9295 3.3803 3.8176 3.2742 2.7184 3.1218 3.2648 2.7915 2.5228 2.0182 2.6178 1.9556 2.4300 2.5933 3.0199 2.8077 2.3471 2.8345 3.2963 2.7964 3.2091 2.5555 2.3859 2.9168 3.0340 2.8904 0.8775 
4.2040 3.7561 3.7044 3.4349 2.9497 3.2174 3.9236 3.5597 3.3007 3.3713 3.2365 2.0687 2.7097 2.3305 2.2935 2.3631 1.8497 2.3174 2.1490 2.1148 2.4500 1.7442 2.8609 2.9245 2.7916 2.9141 3.2085 2.3939 2.0042 2.3278 2.3532 1.9899 1.6665 
4.9601 4.0580 3.8230 3.8059 3.2471 2.7368 2.7932 3.5891 3.2932 3.6104 3.5863 3.1243 3.2153 3.0928 2.9703 3.0319 2.7773 2.9626 2.8601 2.8981 2.9592 2.8029 3.2039 3.1743 2.7840 2.9507 2.0860 1.9189 2.3123 2.6967 2.4586 2.2338 2.4129 
5.3734 5.6666 4.7385 3.7683 3.7499 3.8222 4.3822 4.4644 4.4540 4.5506 3.7614 3.6458 2.9886 3.4654 2.2585 2.7594 2.5379 2.7011 2.1449 3.2833 2.7631 3.3335 3.3935 4.1055 3.9460 3.8466 3.6482 2.9858 2.7916 2.6105 3.2984 3.8954 2.9275 
5.8068 5.7321 5.1964 4.5310 4.1748 3.9953 4.1833 4.0257 4.1387 4.3583 4.0053 3.5860 3.6719 3.5137 3.1669 3.3023 3.1625 3.2485 3.0277 3.3148 3.4353 3.2647 3.6255 3.9091 3.6233 3.3869 3.5098 3.1874 3.2525 3.4183 3.7891 3.9653 3.1758 
4.6498 5.7194 5.2067 4.6550 4.4413 4.3317 4.1674 3.7772 3.9939 4.5456 3.8245 3.5090 3.5010 3.7863 3.8053 3.7475 3.6479 3.6978 3.6927 3.6267 3.2463 3.1990 3.4589 4.1023 3.4561 3.1942 3.4839 3.5154 3.4887 3.5618 3.7855 3.9737 1.5086 
5.5212 5.5484 5.3954 5.1067 4.9256 4.8077 4.6999 4.6749 4.4803 4.6219 4.4668 4.4339 4.3760 4.2388 4.2088 4.1672 4.1300 4.1186 4.0980 4.0662 4.1087 4.1151 4.0900 4.1722 3.9828 4.0655 4.0039 3.9851 3.9908 3.9918 4.0544 3.7515 3.0448 
5.7752 5.6691 5.6380 5.2475 4.9195 4.8224 4.6471 4.0626 4.5062 4.6397 4.4804 4.4096 4.4198 4.3016 4.2386 4.1555 4.1356 4.1029 4.1222 4.1133 4.1560 4.0849 4.1041 4.1889 4.0041 3.4397 3.9665 3.9989 3.9841 4.0960 4.2379 3.9025 3.2591 
5.5186 5.9423 5.3824 4.4748 4.1871 4.0513 4.2278 4.2114 3.9422 4.4306 3.6646 3.5813 3.6119 3.3291 2.7150 2.2210 2.1277 2.1392 2.5648 3.1732 3.3489 3.2588 3.2843 3.9940 3.3960 3.6160 3.5507 3.2234 3.2357 3.3271 4.0092 4.1588 2.9128 
4.9172 5.9353 5.3910 4.8559 4.5296 4.3153 4.1335 4.5748 4.1351 4.1188 4.0058 3.8281 3.5423 3.7764 3.2579 3.4772 3.4415 3.4052 3.1631 3.6179 3.2796 3.5567 3.6264 3.6725 3.6232 3.9986 3.4260 3.5025 3.5941 3.7159 4.0215 4.1523 1.5374 
5.6531 5.7435 5.6515 5.1908 4.9757 4.8260 4.6903 4.6131 4.2379 4.7420 4.5565 4.3597 4.3137 4.4231 4.3310 4.2237 4.1995 4.1597 4.1886 4.2253 4.0659 4.0407 4.1735 4.2894 3.7169 4.0214 3.9985 4.0035 4.0312 4.0420 4.2518 4.0001 2.9187 
5.6138 5.7347 5.3504 4.8864 4.6221 4.4795 4.4128 4.4807 4.2842 4.4724 3.4247 3.6822 3.9847 3.7878 3.7832 3.7305 3.6339 3.6743 3.6754 3.6254 3.7188 3.3679 3.0592 4.0317 3.7459 3.8753 3.6882 3.6598 3.6758 3.7487 4.0000 3.9830 3.0078 
4.6542 5.7187 4.6430 2.4817 3.5864 3.7203 3.5866 3.8557 3.3473 3.8094 3.1549 2.7473 2.7944 2.6701 2.1326 2.5877 2.1436 2.5313 2.0755 2.4759 2.5094 2.3904 2.7813 3.3579 2.8330 3.2471 2.8582 2.8937 2.5912 1.6233 3.2629 3.9690 0.4391 
5.6881 5.3919 5.3962 5.0775 4.9055 4.8063 4.7137 4.6515 4.5003 4.4778 4.0456 4.1843 4.2925 4.1289 4.0683 4.0739 4.0557 4.0252 3.9766 3.9799 4.0515 3.9029 3.6690 4.0370 3.9953 4.0499 4.0120 3.9841 3.9755 3.9768 4.0507 3.6285 3.1933 
5.7197 5.4764 5.4300 5.0972 4.7725 4.6104 4.3970 3.2588 3.7242 4.5657 4.6017 4.4545 3.9421 4.1283 4.1202 4.0606 4.0516 4.0134 4.0178 3.9806 3.6798 4.1403 4.2350 4.1264 3.2199 2.6315 3.6606 3.7873 3.7787 3.9847 4.0698 3.7090 3.1952 
5.5365 5.9454 5.3220 4.5660 4.1586 3.9854 3.8229 4.4546 4.4265 4.0849 3.8876 3.2925 3.7334 3.7958 3.6020 3.4865 3.3949 3.4141 3.4761 3.6333 3.5117 2.9955 3.5270 3.6415 3.8979 3.8393 3.1343 3.1592 3.2109 3.4376 3.9492 4.1598 2.9020 
4.2024 5.8107 5.2320 4.6166 4.1241 3.7445 3.5680 4.1569 4.0830 3.9807 3.9926 3.6832 3.9010 3.2849 3.4456 3.1367 3.2648 3.0628 3.3256 3.1385 3.6544 3.3664 3.6059 3.5286 3.5769 3.5803 2.8553 2.9388 3.1954 3.5203 3.8196 4.0532 2.2227 
5.7024 5.7323 5.4861 4.9456 4.8088 4.6351 4.5886 4.5735 4.2994 4.1825 3.8248 4.1107 4.0134 4.0280 4.0376 4.0026 3.9893 3.9477 3.9292 3.8388 3.7475 3.8014 3.4613 3.7410 3.7580 3.9953 3.9026 3.8152 3.8222 3.8105 4.1026 3.9841 2.9740 
5.2766 5.6310 5.2653 4.8558 4.6135 4.4652 4.4527 4.3709 3.7401 3.7766 4.0312 3.8842 3.9119 3.7609 3.7487 3.7018 3.7410 3.6490 3.6472 3.6061 3.6620 3.5909 3.6512 3.3366 3.2269 3.7294 3.7357 3.6442 3.6666 3.7175 3.8857 3.8350 2.8070 
4.8858 5.6130 3.9230 4.1769 4.0048 3.9038 3.7353 3.6197 3.2072 3.2388 3.5685 3.6000 3.6138 3.5885 3.1115 3.1731 3.0961 3.1157 2.9714 3.3857 3.3532 3.2793 3.1837 2.7965 2.6749 2.9894 3.0213 3.0689 3.0098 3.0378 2.6103 3.8069 2.1384 
5.7967 5.4285 5.3923 5.0854 4.9288 4.8178 4.7015 4.6000 4.6382 4.4946 4.5117 4.4022 4.3525 4.3389 4.2340 4.2050 4.1948 4.1514 4.1186 4.1420 4.0931 4.0767 4.1379 4.0536 4.1191 4.0138 4.0051 3.9957 3.9931 3.9822 4.0378 3.6604 3.2525 
5.2393 5.6075 5.5070 5.1330 4.8570 4.6998 4.5109 4.7311 4.7711 4.4949 4.1563 4.2467 4.2498 4.1155 4.0803 4.0547 4.0428 4.0079 3.9865 3.9652 4.0232 3.9737 3.7826 4.0523 4.2188 4.1086 3.7970 3.8764 3.8993 4.0048 4.1279 3.8218 2.7886 
5.4508 5.8079 5.1767 4.4060 3.9782 3.6350 3.6752 4.4075 3.8388 4.1590 4.0605 3.7003 2.8458 3.7043 3.2333 3.1986 3.1453 3.1556 3.1369 3.5553 2.6036 3.3899 3.6815 3.7229 3.3044 3.7657 2.9612 2.8050 2.9713 3.2461 3.7480 4.0567 2.9171 
4.8225 5.4184 5.1542 4.8312 4.5305 4.4285 4.4113 4.1944 4.1789 4.4674 2.9443 3.4357 3.9105 3.7129 3.5751 3.5070 3.4109 3.4329 3.4318 3.5667 3.6609 3.1672 2.5586 4.0263 3.6693 3.6031 3.6863 3.6078 3.5942 3.6882 3.7640 3.6591 2.5110 
5.6816 5.6427 4.9847 4.2482 3.9705 3.8185 3.9235 3.8757 3.5679 4.0970 3.3123 1.7339 3.1668 3.3711 2.7542 2.3311 0.9269 2.2541 2.6141 3.2166 2.9028 1.4272 2.9192 3.6594 3.0082 3.2662 3.2189 3.0174 3.0027 3.1651 3.6272 3.8264 2.9795 
3.8271 5.6032 4.8757 4.3248 4.0240 3.8548 3.7672 3.3750 3.9314 4.2259 3.3867 3.3851 3.3479 3.5036 3.4286 3.1696 3.2059 3.1086 3.3111 3.3108 3.1498 3.1054 3.0138 3.7759 3.3805 2.7831 3.0832 3.0341 3.0647 3.1945 3.4850 3.7992 1.9414 
5.3931 5.4004 5.1148 4.8530 4.6478 4.5509 4.4807 4.4271 4.2698 4.4032 4.0167 3.8975 3.9496 3.8761 3.8502 3.7864 3.7471 3.7344 3.7293 3.6916 3.6864 3.5976 3.6352 3.9599 3.7398 3.7942 3.7581 3.7286 3.6919 3.7071 3.7450 3.6423 2.9069 
5.7550 5.3770 5.2316 4.8440 4.4974 4.3973 4.4399 4.4584 4.4250 4.2081 3.9154 3.2117 3.4551 3.3922 3.3296 3.3263 3.1920 3.2696 3.2232 3.2251 3.2181 2.8985 3.5543 3.7588 3.8950 3.8399 3.7181 3.5735 3.5619 3.6942 3.8344 3.6104 3.2214 
5.3879 5.8416 5.2930 4.6060 4.4420 4.3002 4.4343 3.8820 4.5005 4.5057 2.6628 3.2151 3.5767 3.4521 3.3803 3.4524 3.3380 3.3821 3.2748 3.2651 3.3156 2.8909 2.2414 4.0618 3.9993 3.2507 3.7128 3.4764 3.4799 3.4929 3.9095 4.0853 2.7613 
4.0895 5.6548 4.9419 4.3696 3.6860 2.9603 3.2040 3.9313 3.3405 4.0923 3.7695 3.4695 3.7257 3.4646 2.9533 3.0608 2.9054 2.9915 2.8432 3.2851 3.5065 3.1837 3.4062 3.6508 2.8373 3.3079 2.4467 2.2301 2.7729 3.2387 3.5852 3.8652 2.4137 
5.6875 5.6465 5.2092 4.5306 4.3754 4.2096 4.0756 4.3178 4.0504 3.7464 4.1455 3.8801 4.0230 3.5793 3.6026 3.5768 3.5327 3.5118 3.4818 3.3701 3.7613 3.5890 3.7646 3.3062 3.5496 3.6948 3.3543 3.3883 3.3836 3.3965 3.7844 3.8409 2.9636 
4.5465 5.5592 5.0741 4.6873 4.4268 4.3328 4.1098 4.0836 3.9688 4.1541 3.7566 3.7009 3.7767 3.5172 3.6458 3.6149 3.5914 3.5713 3.5497 3.3187 3.5725 3.3913 3.3958 3.7105 3.4177 3.4849 3.3965 3.5132 3.4620 3.5773 3.6888 3.7679 2.4094 
5.3053 5.5019 4.8535 4.7510 4.5106 4.3313 4.0662 3.8676 4.2419 4.1466 4.2519 4.0865 4.0782 4.0219 4.0151 3.9767 3.8314 3.9001 3.8925 3.8295 3.8358 3.7718 3.8890 3.7033 3.7202 3.2568 3.3399 3.5077 3.5741 3.6102 3.5139 3.7246 2.7973 
5.9007 5.4653 5.2355 4.7331 4.1845 4.0535 4.3381 4.5779 4.5673 4.3536 4.3603 4.0589 3.8651 3.6747 3.3569 3.2277 3.1997 3.1812 3.2514 3.5122 3.6290 3.7428 3.9889 3.8969 4.0540 3.9988 3.6227 3.2320 3.2310 3.5994 3.8380 3.6811 3.3377 
5.3946 5.9322 5.3851 4.7447 4.5986 4.4462 4.4298 4.4149 4.3060 4.5429 4.2653 4.1387 3.7176 3.9213 3.6989 3.7471 3.6756 3.6975 3.5976 3.7263 3.4902 3.8338 3.9000 4.0991 3.7692 3.7706 3.7078 3.6230 3.6512 3.6089 4.0117 4.1550 2.7456 
4.3951 5.6413 4.9550 4.4206 4.0229 3.6893 3.5976 4.2433 3.4502 4.0906 2.7724 2.8882 2.9459 3.3375 2.7425 2.8377 2.8249 2.7803 2.5735 3.1826 2.7411 2.5733 2.3595 3.6493 2.9189 3.6440 2.8766 2.8881 3.0779 3.2808 3.5873 3.8459 2.4665 
5.6945 5.6785 5.3251 4.7756 4.6033 4.4971 4.4713 4.1573 4.4056 4.4098 3.8222 3.9764 3.7422 3.9293 3.8197 3.6780 3.8044 3.6274 3.7038 3.7319 3.5277 3.6463 3.4658 3.9714 3.8665 3.5805 3.7485 3.6767 3.6592 3.6291 3.9661 3.9000 2.9725 
4.5845 5.6302 5.2133 4.7658 4.4795 4.3515 4.1327 4.1955 4.4059 4.5694 3.9837 3.9367 3.8485 3.9070 3.8586 3.6900 3.7052 3.6377 3.7364 3.7154 3.6177 3.6208 3.6003 4.1309 3.8652 3.6107 3.4293 3.5309 3.5451 3.6249 3.7926 3.8361 2.4392 
5.0977 5.5192 4.5029 4.5905 4.3957 4.3324 4.1264 4.1347 4.0873 4.2784 4.0098 3.8985 3.4987 3.8108 3.7161 3.5845 3.6378 3.5252 3.6115 3.6440 3.2465 3.5984 3.6269 3.8265 3.5823 3.5515 3.4131 3.5081 3.4011 3.4723 3.1866 3.7394 2.5309 
5.8650 5.4517 5.3246 4.9573 4.5067 4.2285 4.0190 3.2478 4.1045 4.0741 4.1760 4.1701 4.1530 4.1589 4.2339 4.1319 4.0848 4.0767 4.1191 4.0089 3.9395 3.8870 3.8121 3.6368 3.6025 2.6318 3.2864 3.3983 3.5701 3.8211 3.9785 3.6745 3.3196 
4.0556 5.7057 5.4646 5.0447 4.9006 4.7141 4.7189 4.5635 3.7732 4.4474 4.4545 4.1728 4.2049 4.3213 4.0582 3.9976 4.0061 3.9394 3.9605 4.1286 3.9951 3.8872 4.0759 4.0119 3.2448 3.9809 4.0152 3.8914 3.9671 3.9336 4.0911 3.9686 1.4346 
4.9649 5.7215 5.2382 4.6793 4.4588 4.3962 4.2760 4.5616 3.9795 4.0655 3.9145 3.6730 2.7888 3.8203 2.8397 3.3353 3.4333 3.2855 2.7467 3.6502 2.5279 3.3564 3.5572 3.6248 3.4311 3.9801 3.5868 3.5725 3.5073 3.5697 3.8260 3.9809 2.7059 
5.3353 5.3162 5.3963 5.0013 4.7430 4.7182 4.4958 4.5599 4.2306 4.7887 4.3656 4.1802 4.1742 4.2241 4.0901 4.0519 3.9760 4.0050 3.9937 4.0565 3.9743 3.8950 3.9907 4.3334 3.7158 3.9800 3.7752 3.9006 3.7612 3.8906 4.0414 3.5873 2.7680 
5.6221 5.5830 4.9507 4.3184 4.1214 3.9404 3.8626 2.8144 3.9663 4.2560 3.1881 3.2104 3.3371 2.8855 3.0510 3.0713 2.9958 3.0070 2.9225 2.7442 3.1248 2.9046 2.8245 3.8001 3.4181 2.2637 3.1752 3.1261 3.1922 3.2106 3.6034 3.7623 2.9405 
2.1867 5.4752 4.5399 3.8007 3.3780 3.2644 3.7093 3.3612 2.9916 3.9249 2.8023 2.9727 3.1602 3.0650 2.6995 1.8350 1.2360 1.7115 2.5691 2.8781 2.8951 2.6916 2.4266 3.4724 2.4635 2.7796 3.0021 2.4542 2.4374 2.7213 3.1696 3.7031 1.9652 
5.3457 5.2922 5.1027 4.8011 4.5118 4.4444 4.2978 3.7964 4.1046 4.1013 4.1577 4.1548 4.1098 4.0005 4.0277 3.9249 3.8743 3.8507 3.9132 3.7967 3.8769 3.8604 3.7878 3.6612 3.5997 3.2030 3.5967 3.6223 3.5764 3.6439 3.7376 3.5357 2.8549 
5.7076 5.3212 4.8618 4.4298 3.9069 3.5314 3.5395 4.0331 3.9827 4.1195 4.0115 3.8588 3.8538 3.6810 3.6374 3.3937 3.2748 3.3325 3.5362 3.5213 3.6221 3.5758 3.6312 3.6767 3.4335 3.4101 2.8137 2.7051 2.9219 3.2831 3.4827 3.5560 3.1609 
4.9079 5.7736 5.3944 4.8327 4.7201 4.5539 4.3841 3.4242 4.6925 4.5272 4.0392 4.0244 3.7399 4.0017 3.9964 3.7761 3.7757 3.7250 3.8604 3.7995 3.5215 3.7073 3.6574 4.0831 4.1575 2.8364 3.6486 3.7320 3.7435 3.6803 4.0298 4.0232 1.9201 
4.7577 5.6513 5.0425 4.5139 4.1513 3.9373 3.7475 3.1417 3.8768 3.7234 3.5848 3.4701 3.3887 3.2902 3.2286 3.1522 3.1356 3.0769 3.1310 3.1410 3.1754 3.1776 3.2013 3.2789 3.3365 2.5034 3.0560 3.1149 3.2055 3.3749 3.6598 3.8690 2.5721 
5.4819 5.3569 5.3237 4.8528 4.6279 4.4686 4.3969 4.0709 3.9600 4.3125 4.2562 4.0698 3.9978 4.0004 3.9961 3.9755 3.8821 3.8985 3.8604 3.7972 3.7361 3.7506 3.8939 3.8618 3.4117 3.4599 3.6660 3.6477 3.6779 3.7095 3.9740 3.6095 2.8315 
5.3891 5.2593 4.8319 4.1919 3.9929 3.8408 3.7109 4.0975 2.9590 4.3050 3.6929 3.5836 3.4177 3.2537 3.1067 3.1271 3.2431 3.0511 2.9647 3.0772 3.1948 3.2573 3.3123 3.8536 2.4275 3.5055 3.0139 3.0308 3.0234 3.1047 3.4517 3.4667 2.8160 
3.3719 5.3558 4.1998 3.7382 3.7703 3.5990 3.7842 3.9839 2.8564 3.8806 3.3701 3.2762 3.4199 3.4408 3.0095 3.1394 2.9932 3.0626 2.8929 3.2623 3.1954 2.9611 2.9945 3.4273 2.3646 3.3354 3.1006 2.7755 2.8225 2.5926 2.7900 3.6020 1.5096 
5.2933 5.1349 5.1278 4.8187 4.5822 4.4385 4.4280 4.3780 4.5311 4.2981 4.3322 4.1568 4.0667 4.0127 3.9498 3.8999 3.8536 3.8279 3.8028 3.8145 3.8201 3.8632 3.9727 3.8455 4.0219 3.7393 3.7058 3.6171 3.6408 3.6671 3.7469 3.3391 2.7966 
5.7495 5.3965 4.9323 4.4586 3.9369 2.8982 3.6200 3.6142 3.2502 3.6450 3.7196 3.6092 3.3791 3.4375 3.1100 2.7450 1.7391 2.6687 2.9647 3.2591 3.1698 3.2908 3.3398 3.2066 2.7507 2.9860 2.8981 2.0749 2.9432 3.3178 3.5759 3.6259 3.1942 
5.0531 5.7557 5.3081 4.7249 4.5354 4.4275 4.1383 4.4480 4.5333 3.5694 3.7436 3.7806 3.7841 4.0148 3.6606 3.6368 3.6498 3.5908 3.5672 3.8182 3.5776 3.4974 3.3705 3.1034 4.0219 3.8288 3.4262 3.6047 3.5936 3.5939 3.9392 4.0080 2.2560 
4.6482 5.5549 4.8623 4.2214 3.6399 3.1826 3.0591 4.1149 3.8291 4.0518 3.3023 3.3074 3.3452 3.5901 2.0839 3.0564 3.1716 2.9823 1.9757 3.3878 3.1452 2.9996 2.9201 3.6115 3.3130 3.5186 2.3222 2.3676 2.7071 3.1237 3.4708 3.7599 2.5137 
5.4585 5.2611 5.2246 4.7245 4.4923 4.3495 4.0309 3.7413 4.3713 4.6079 4.3359 4.1776 4.0782 4.0235 3.9931 3.9284 3.8965 3.8543 3.8558 3.8315 3.8352 3.8938 3.9761 4.1609 3.8214 3.1680 3.3111 3.5295 3.5633 3.5980 3.8164 3.4982 2.8203 
5.3858 5.2735 4.8306 4.3887 4.0933 3.9146 3.6504 3.4993 4.2778 4.0179 3.6882 3.5882 3.5671 3.4868 3.5655 3.4496 3.4904 3.3814 3.4187 3.2961 3.2996 3.2676 3.3167 3.5785 3.7457 2.8676 2.9299 3.0976 3.1642 3.2450 3.4509 3.4885 2.8063 
4.0809 5.3729 4.2656 3.5818 3.6307 3.6515 3.5834 3.9968 4.0008 3.7501 3.3555 3.2088 3.2551 3.1746 3.1640 2.9789 3.1650 2.9201 3.0237 2.9696 3.0127 2.8924 2.9882 3.3181 3.4629 3.3553 2.8475 2.8231 2.6645 2.4085 2.8416 3.6146 0.7756 
5.2887 5.2143 4.9063 4.5952 4.4615 4.3209 4.2523 4.2862 3.9372 3.6186 3.6646 3.7330 3.6633 3.6094 3.6058 3.5382 3.5057 3.4624 3.4845 3.4169 3.4182 3.4295 3.2889 3.1766 3.3892 3.6683 3.5705 3.4982 3.5138 3.4827 3.5713 3.4063 2.7916 
5.4812 4.8521 4.3843 3.8533 2.8526 3.2023 3.6203 4.0773 4.5112 4.0437 3.6239 3.5519 3.3837 3.1671 2.7830 2.7232 2.7417 2.6444 2.6580 2.9559 3.1702 3.2265 3.2431 3.6037 4.0058 3.4796 2.9011 2.3841 1.9250 2.7478 2.9755 3.0407 2.9219 
3.9526 5.4323 5.1043 4.6631 4.4777 4.3607 4.0734 4.2757 4.5460 4.3893 4.0850 4.0595 3.9838 3.9878 3.8501 3.7841 3.7202 3.7324 3.7292 3.7766 3.7165 3.7437 3.7104 3.9317 4.0344 3.6664 3.3499 3.5393 3.5373 3.5581 3.7173 3.6806 0.7582 
5.1721 5.2816 4.2134 3.8062 3.7968 3.6379 3.6792 4.0062 4.2529 3.3714 3.3941 3.2972 3.2628 3.2591 3.2338 3.1246 3.0052 3.0498 3.1349 3.0968 3.0219 2.9893 3.0282 2.9234 3.7264 3.3772 2.9622 2.8198 2.8491 2.6985 2.8102 3.5235 2.6401 
5.1998 4.8336 4.2235 3.9948 3.8463 3.7560 3.7947 3.9325 4.0888 2.8400 2.8588 2.9045 2.3089 3.0921 3.0051 2.8344 2.9819 2.7872 2.8878 2.9033 2.0676 2.6041 2.4950 2.3929 3.5841 3.3019 3.1111 2.9327 2.8885 2.8513 2.8869 3.0452 2.7224 
5.0712 4.3971 3.1935 3.1251 2.9195 2.5619 3.2551 3.4813 3.7498 2.8125 2.2301 2.4497 2.6769 2.1722 1.5995 1.8815 1.9239 1.7794 1.5218 1.9845 2.4283 2.1594 1.8242 2.3856 3.2433 2.8588 2.5244 1.7045 1.9746 1.9992 1.6503 2.7014 2.4745 
4.3188 4.4998 3.8708 3.5625 3.4128 3.2000 3.2105 3.1364 3.4851 3.0634 2.9789 2.8686 2.2004 2.5508 2.7236 2.4708 2.3733 2.4093 2.5754 2.3926 1.9628 2.5545 2.6151 2.6087 2.9480 2.4848 2.4953 2.3791 2.4648 2.4400 2.5355 2.7387 1.2668 
3.9134 3.7128 3.7603 3.5680 3.5008 3.2607 3.2186 3.1783 2.8808 2.7051 2.6145 2.6755 2.6072 2.7320 2.2787 2.4201 2.1820 2.3715 2.1404 2.5131 2.3790 2.3706 2.2551 2.2491 2.3697 2.5399 2.5000 2.4397 2.5193 2.4166 2.4036 1.9773 1.3171 
3.5107 3.9808 3.4996 2.9745 2.5226 2.5892 2.8236 1.7813 2.9756 2.8629 2.3997 2.6665 2.3166 2.1450 2.0680 1.9054 1.1305 1.8314 1.9667 1.9839 2.0487 2.3650 2.0173 2.4195 2.4584 1.1749 2.0993 1.7665 1.5832 1.8535 2.0930 2.1784 0.7253 
3.7511 3.5560 3.2586 2.4572 2.0190 2.7411 1.5641 2.5791 1.6376 2.5040 0.8223 1.6823 2.3332 2.5680 2.4786 2.1622 1.4335 2.0973 2.3746 2.4029 2.0673 1.3828 0.4249 2.0604 1.1321 1.9815 0.8151 1.9185 1.0970 1.2919 1.9082 1.7381 1.2019 
3.7292 3.5003 2.3786 2.8581 2.4215 1.8601 2.0481 1.9756 2.4068 1.5040 1.8840 2.3454 2.0026 2.0711 1.9098 1.7324 1.7697 1.6795 1.7570 1.9225 1.7499 2.0213 1.5174 1.0379 1.9067 1.3520 1.3342 1.0249 1.4799 1.7112 1.0525 1.6876 1.1849 
2.3512 2.9087 2.7806 2.5257 1.9863 1.6466 2.0939 1.5956 1.9969 2.0580 1.8547 1.6254 0.6109 1.8893 1.6086 1.1248 1.3497 1.0725 1.5186 1.6819 0.3921 1.3060 1.4940 1.6176 1.4914 1.0128 1.3980 0.8085 1.0190 1.4058 1.4144 1.1456 0.0805 
2.7391 2.4525 2.1529 2.4755 2.4793 1.9453 1.5091 2.1899 2.3555 2.3011 1.6182 0.7632 1.4813 1.6711 1.2090 1.9766 1.6651 1.9326 1.1126 1.5189 1.2106 0.4690 1.2373 1.8409 1.8247 1.5828 0.7600 1.1393 1.5266 1.3619 0.7882 0.6465 -0.1467 
3.0280 2.5286 2.7792 2.7141 2.4315 2.0830 2.3461 2.0218 2.7415 2.2968 2.3873 2.4604 2.1274 2.3645 2.2720 1.9513 1.1076 1.8994 2.1283 2.1684 1.9244 2.1497 2.0100 1.8325 2.1901 1.4045 1.6184 1.2622 1.5039 1.5636 1.3971 0.7514 0.4064 
3.5149 2.4045 2.5555 2.3496 2.1787 2.6778 2.8873 2.4940 2.0230 2.0413 2.0309 2.1288 1.5799 1.8474 2.4152 1.3469 1.7466 1.2732 2.3228 1.6622 1.3280 1.8420 1.6599 1.5991 1.5173 1.9090 2.1764 1.8627 1.2394 1.2026 1.1970 0.5095 0.9068 
2.6283 2.3956 3.0660 2.5261 2.4793 2.0130 2.2034 2.0723 2.5641 1.9594 2.4211 2.4557 2.5555 1.1671 2.2054 1.8169 1.8121 1.7446 2.0836 0.9564 2.3450 2.1464 2.0469 1.5203 2.0466 1.4929 1.5140 1.1893 1.5348 1.3956 1.6807 0.6804 0.0264 
3.0093 2.5152 2.5451 2.4713 2.5817 1.8968 2.1571 2.2603 1.9211 2.3663 2.2725 2.1209 2.3591 2.0472 2.0692 2.1123 1.9831 2.0643 1.9646 1.8955 2.0956 1.8367 1.9160 1.9299 1.3694 1.6382 1.4751 1.0706 1.6260 1.3272 1.1872 0.7171 0.4036 
3.0518 2.8052 2.9921 2.1534 2.7566 2.0513 1.5299 1.7970 2.7457 2.7405 2.3767 2.4278 2.2976 2.0491 2.0059 2.1599 1.6666 2.0984 1.9148 1.8960 2.0357 2.1080 1.9948 2.2852 2.1984 1.1762 0.8221 1.2197 1.7730 1.0996 1.6249 1.0988 0.4574 
2.4663 3.0774 3.0110 2.1234 3.1752 3.4244 3.6643 3.7788 3.6913 3.3622 2.8495 2.9154 2.8671 2.4443 1.9239 2.3571 2.3342 2.3034 1.7861 2.2838 2.6318 2.6165 2.4745 2.9188 3.1839 3.1920 2.9447 2.6056 2.2025 1.0086 1.6348 1.2981 -0.3086 
3.5657 3.7725 2.8031 3.0201 2.8749 3.1516 3.3192 3.9953 4.0916 3.2172 3.0180 3.2967 2.6503 2.7472 2.7110 2.8890 2.6112 2.8341 2.5627 2.5312 2.4076 2.9879 2.6618 2.7794 3.5880 3.3518 2.6160 2.3323 1.9308 1.9335 1.5038 1.9945 0.6567 
2.2327 2.8101 3.2640 2.4776 2.9225 2.7130 2.8785 3.3353 3.5361 2.2577 2.3983 2.4954 2.2025 2.3600 2.7821 2.2609 2.8434 2.1935 2.6604 2.1647 1.9713 2.1937 2.0168 1.8235 2.9871 2.7528 2.1764 1.9019 1.9841 1.3446 1.9176 1.0666 -0.5452 
3.5896 3.4905 3.4178 2.4666 2.4774 2.4118 3.1711 3.6033 3.7968 3.4225 3.3140 2.8612 2.9985 2.8904 1.7777 2.4006 2.8368 2.3554 1.6452 2.7418 2.7773 2.5504 2.9295 2.9745 3.2793 2.9724 2.4408 1.5683 1.5469 1.2714 2.0622 1.6639 0.8157 
3.8066 3.4090 2.9305 3.3096 3.2847 3.2590 3.5264 3.9951 3.8564 3.7496 3.1944 2.7584 2.6103 2.7576 2.7116 2.3225 2.0887 2.2498 2.5619 2.5505 2.3803 2.4349 2.8115 3.3155 3.3273 3.3531 2.8053 2.4347 2.3478 2.1835 1.5651 1.6218 1.2366 
4.0148 2.3151 3.0921 2.7821 2.9585 3.2074 3.2010 3.3780 2.7799 2.8302 2.5031 2.8272 1.6360 1.9357 2.5637 1.9640 2.5356 1.9194 2.4507 1.7398 1.3824 2.5090 2.1241 2.3925 2.2623 2.7856 2.4818 2.3860 2.0143 1.6451 1.6967 0.4363 1.4696 
4.1050 3.7065 2.9916 2.7843 2.7118 2.8436 2.9076 3.8789 3.8220 3.3327 3.0035 2.7081 2.8730 2.6537 2.6137 2.5052 2.6202 2.4506 2.4965 2.4612 2.6423 2.3910 2.6368 2.8939 3.2990 3.2644 2.2097 2.0208 1.7186 1.6281 1.5803 1.9884 1.5538 
2.7892 4.3455 3.6908 3.4242 3.3156 3.2931 3.3189 3.4428 2.8008 2.7693 2.7774 2.7732 2.8437 2.9479 2.3712 2.5791 2.3447 2.5129 2.2547 2.7902 2.6047 2.4519 2.4011 2.3322 2.2777 2.8322 2.6121 2.4717 2.3725 2.3227 2.3401 2.5669 0.2542 
4.7552 3.9963 4.0812 3.7380 3.6110 3.5222 3.3016 3.4971 3.6178 2.8686 2.8235 3.0165 2.8487 2.6364 2.5920 2.9180 2.6004 2.8655 2.4771 2.4524 2.6054 2.7424 2.4479 2.4358 3.0994 2.8712 2.6007 2.7055 2.6496 2.6137 2.7455 2.1955 2.1600 
5.5048 5.6565 5.0691 4.6949 4.4788 4.3383 4.1565 4.4121 4.5936 4.2063 4.1150 4.0453 4.0102 3.9643 3.9135 3.8305 3.8718 3.7637 3.7718 3.7489 3.7455 3.7324 3.7404 3.7559 4.0807 3.7775 3.4619 3.5148 3.5383 3.5781 3.6895 3.8752 2.9249 
5.2620 5.5104 4.6154 4.2187 4.0308 3.8656 3.7362 3.5828 4.2599 3.7649 3.6403 3.5724 3.4365 3.3957 3.2978 3.3012 3.3289 3.2466 3.1949 3.2287 3.2055 3.2441 3.2610 3.3247 3.7323 2.9478 3.0321 3.0398 3.0632 3.0929 3.2119 3.7341 2.8609 
5.2590 5.6207 4.5279 3.9977 3.6972 3.5041 3.2383 4.0580 3.2571 2.7486 2.9106 2.8489 3.1178 2.8065 2.9214 2.7556 2.7859 2.6923 2.8181 2.6240 2.8561 2.5282 2.5266 2.3036 2.7543 3.4448 2.5120 2.6701 2.7511 2.8265 3.1106 3.8197 2.8182 
5.4175 5.6767 4.6049 4.0433 3.7029 3.5634 3.1318 3.9628 3.2607 2.0095 2.8327 2.5118 2.9718 2.9886 2.5590 2.6487 2.5056 2.5762 2.4451 2.8190 2.7595 2.2113 2.4522 1.4974 2.7642 3.3216 2.3929 2.7311 2.7547 2.8802 3.1941 3.9093 2.9653 
5.3974 5.6628 4.5213 3.9841 3.6981 3.5890 3.6202 3.7762 3.3714 1.9435 2.6878 2.6279 2.5108 2.6321 2.7714 2.6328 2.4264 2.5634 2.6429 2.4534 2.3023 2.3451 2.3251 1.5295 2.8513 3.1877 2.8995 2.7608 2.7518 2.8064 3.1123 3.8854 2.8890 
5.4548 5.6856 4.6296 4.1738 3.9720 3.7310 3.6981 4.0666 3.6082 3.2874 3.0740 3.2134 2.8536 3.1536 3.2124 3.1741 2.9074 3.1148 3.1044 2.9361 2.6150 2.8971 2.7146 2.8416 3.0763 3.4578 2.9823 2.9064 2.9723 3.0432 3.2250 3.9202 2.8971 
5.4164 5.6979 4.8066 4.4656 4.1554 3.9891 3.8050 3.7674 4.1654 3.9511 3.7680 3.7016 3.6185 3.5951 3.5649 3.4505 3.4639 3.3810 3.4160 3.3945 3.3580 3.3923 3.4000 3.4933 3.6562 3.1875 3.1198 3.1642 3.2098 3.3186 3.3662 3.9399 2.8302 
5.3646 5.6955 4.9323 4.5962 4.4093 4.2626 4.1515 3.7389 3.6466 3.7841 3.8156 3.7520 3.6938 3.6861 3.6683 3.5523 3.5004 3.4757 3.5738 3.5300 3.4599 3.4661 3.4516 3.3379 3.1432 3.1576 3.4474 3.4394 3.4269 3.4779 3.5649 3.9360 2.7415 
5.2037 5.6730 5.0173 4.7348 4.5070 4.3958 4.1504 4.0549 4.2741 3.9937 3.9975 3.9137 3.9226 3.8247 3.8259 3.7737 3.7107 3.7232 3.7098 3.6538 3.6679 3.6086 3.6156 3.5558 3.7416 3.4441 3.4446 3.5730 3.5724 3.6014 3.6397 3.9028 2.4423 
5.0468 5.6044 4.9984 4.6799 4.5128 4.3812 4.2230 4.2829 4.4070 4.1514 4.0704 3.9927 3.8941 3.8765 3.8415 3.7674 3.7300 3.7175 3.7226 3.6924 3.6484 3.6678 3.6947 3.7075 3.8657 3.6705 3.5441 3.5594 3.5772 3.5705 3.6275 3.8053 2.3280 
4.8686 5.5293 4.9782 4.6514 4.4518 4.2823 4.2449 4.0040 4.3858 4.1460 4.0166 3.9559 3.9464 3.8532 3.8181 3.7669 3.7294 3.7169 3.7034 3.6747 3.6844 3.6340 3.6360 3.7014 3.8314 3.3673 3.5666 3.4611 3.4965 3.5452 3.6083 3.7461 2.0411 
