4.2668 4.8352 4.0172 3.7012 2.9739 2.9412 2.7844 2.7228 2.2428 2.3564 1.9458 2.2975 1.9493 1.3848 2.2578 1.1954 2.0493 1.1443 2.1436 1.2064 1.7000 1.9813 1.5550 1.8677 1.6889 2.0829 2.0319 2.0375 1.8823 2.4743 2.4882 2.8653 1.7245 
4.7965 4.9455 3.6487 3.0695 2.5682 2.5763 2.5517 1.9361 2.4548 2.2908 1.8047 2.1881 1.2511 2.3857 2.0028 1.4162 0.6661 1.3555 1.8445 2.1960 0.9653 1.8382 1.3832 1.8076 1.8509 1.2875 1.7403 1.6745 1.4861 1.8000 2.1122 3.0198 2.0394 
4.3269 5.2068 4.9611 4.4751 4.2163 4.0712 3.9189 3.7540 3.6552 3.6006 3.4596 3.4864 3.2850 3.3905 3.3235 3.2390 3.2200 3.1822 3.1898 3.1768 3.0414 3.1322 3.0381 3.1131 3.0940 3.0887 3.1129 3.1659 3.1581 3.2134 3.4693 3.2403 1.0031 
5.0768 4.8943 4.5541 4.0228 3.8249 3.6149 3.4644 3.3199 3.2991 3.1262 3.1318 2.8888 3.0056 2.9256 2.7201 2.8643 2.6307 2.7888 2.6048 2.7131 2.7109 2.5704 2.7189 2.6415 2.7210 2.6499 2.6581 2.7103 2.7466 2.7647 3.0517 2.9504 2.2337 
4.3990 4.3929 4.3556 3.7269 3.4415 3.1203 2.9900 2.9554 2.9750 2.4865 2.5964 2.5498 2.2994 2.1941 2.1606 2.0121 2.6201 1.9350 2.0384 2.0034 2.0738 2.1869 2.1771 1.9797 2.3646 2.2609 2.1815 2.2133 2.3481 2.5187 2.8204 2.4328 1.3813 
4.2856 4.9686 4.1565 3.6369 2.9947 2.9672 2.7022 2.6859 2.6369 2.1616 1.9935 1.4314 1.7675 2.1455 2.0040 1.4520 0.8604 1.3865 1.8510 1.9353 1.5064 1.1277 1.5980 1.6812 2.0869 2.0320 1.9190 2.0603 1.8859 2.3950 2.6379 3.0436 1.5553 
5.2746 5.2361 4.7688 4.0237 3.4512 3.2323 2.8971 2.4929 2.8433 2.8359 2.6867 2.5094 2.6470 2.5241 2.0787 1.6392 2.1332 1.5548 1.9148 2.2923 2.3764 2.1617 2.2738 2.3412 2.2676 1.8021 2.1267 2.3283 2.3538 2.7570 3.2122 3.2464 2.3800 
5.3832 4.9596 5.0170 4.5484 4.4569 4.2486 4.1148 4.0330 4.0430 3.8282 3.7507 3.7108 3.6870 3.5974 3.5783 3.5382 3.4814 3.4866 3.4731 3.4292 3.4621 3.4042 3.3511 3.3282 3.4869 3.3739 3.3573 3.3456 3.4240 3.3067 3.5239 3.0304 2.5535 
5.6757 5.7616 4.6884 4.4146 4.1249 3.9374 3.8223 3.7331 3.6395 3.5519 3.4547 3.3431 3.3383 3.3227 3.2513 3.1882 3.3096 3.1272 3.1302 3.1251 3.0770 3.0240 3.0323 3.0669 3.0723 3.0742 3.0445 3.0298 3.0838 3.1451 3.1510 3.8000 2.8629 
4.9957 5.3105 4.4033 4.3890 4.1563 4.0530 3.9846 3.8846 3.7716 3.6792 3.6460 3.6183 3.5243 3.5154 3.4834 3.4676 3.4280 3.3950 3.3394 3.3100 3.2423 3.2822 3.2283 3.1966 3.1931 3.1857 3.1958 3.1540 3.1201 3.1418 2.9802 3.3472 2.4521 
4.9806 5.4676 5.1119 4.8776 4.6586 4.4795 4.3953 4.2761 4.2031 4.1069 4.0610 4.0239 3.9522 3.9376 3.8622 3.8168 3.7153 3.7379 3.7029 3.7144 3.6602 3.6760 3.6485 3.6244 3.6268 3.5919 3.5957 3.5745 3.6033 3.6194 3.6042 3.5429 2.1481 
5.4244 5.3642 4.3892 4.2128 4.1099 3.8668 3.7212 3.5422 3.4541 3.3524 3.4711 3.3216 3.3824 3.2001 3.1660 3.0278 3.1832 2.9659 3.0518 3.0328 3.1059 3.0114 3.0494 2.8527 2.8405 2.8634 2.9687 2.9530 3.0689 2.9799 2.8569 3.4542 2.7045 
5.2685 5.5417 4.5224 4.0960 3.0047 2.3425 1.6508 1.7730 2.5593 2.7533 1.8851 1.8857 1.8386 1.8146 2.2781 1.9820 1.7114 1.9109 2.1713 1.6871 1.6198 1.6258 1.4635 2.2896 1.9277 1.1939 0.9450 1.5456 1.9836 2.8778 3.0055 3.5959 2.6350 
5.0006 5.0385 4.6014 4.1831 3.2434 3.2889 3.1939 2.7525 2.6253 2.9008 2.8392 2.9110 2.6333 2.7830 2.7064 2.6981 2.6827 2.6392 2.5940 2.6085 2.3549 2.5816 2.4326 2.3924 2.0713 2.1211 2.4238 2.3901 2.2112 2.9719 3.0884 3.1069 1.9545 
5.0444 5.3903 4.3804 4.5369 4.2335 4.2221 4.0649 3.9760 3.8875 3.7090 3.6857 3.6692 3.6626 3.5990 3.5477 3.5238 3.4582 3.4742 3.4438 3.4308 3.4406 3.3557 3.2827 3.2148 3.2783 3.2919 3.2818 3.3161 3.1750 3.2854 2.8008 3.4634 2.1028 
5.7245 5.3693 4.8494 4.4390 4.0007 3.3785 3.2852 3.4346 3.4914 3.5331 3.2150 3.0196 2.9031 2.7642 2.7938 2.7343 2.6951 2.6724 2.6735 2.5946 2.6351 2.6614 2.8089 3.0487 2.9023 2.7274 2.5232 2.4580 2.9464 3.1733 3.3120 3.4367 2.9481 
5.4475 5.8042 5.0528 4.5485 4.3116 3.7414 3.8599 2.6438 3.5343 3.2022 2.7990 2.7103 2.6941 1.8415 2.2090 2.1895 1.8067 2.1374 2.1200 1.6550 2.4376 2.3647 2.3784 2.7270 2.9737 1.9746 3.0618 2.8259 3.2118 3.2963 3.5313 3.8802 2.6508 
5.3723 5.2640 5.3890 5.0192 4.7516 4.2271 4.0816 4.1008 4.0345 3.9500 3.8130 3.7371 3.6520 3.6518 3.6341 3.5603 3.5188 3.5063 3.5174 3.4843 3.4191 3.4344 3.4160 3.4692 3.4796 3.4620 3.3039 3.3199 3.6669 3.7923 3.9092 3.3035 2.5247 
5.2786 5.2993 4.7383 4.0352 3.3888 3.3566 2.5836 3.2053 3.0065 3.3496 3.0222 3.0296 3.1215 3.1604 2.8312 2.6553 2.6600 2.5989 2.7034 2.9976 2.8607 2.6760 2.6047 2.8547 2.4158 2.5743 1.7940 2.4645 2.3089 2.7910 3.2061 3.3267 2.5109 
3.9931 5.2740 4.6991 4.4206 4.1059 3.9251 3.9333 3.8052 3.6762 3.6425 3.4935 3.4791 3.5481 3.4617 3.3923 3.2334 3.2965 3.1781 3.2355 3.2255 3.2749 3.1232 3.0756 3.1521 3.1124 3.1236 3.1312 3.0172 3.0593 3.1759 3.1714 3.3098 1.2434 
5.7874 5.4985 5.1626 4.3873 4.4362 4.2544 4.1260 4.0177 4.0157 3.9648 3.8851 3.7190 3.7707 3.7289 3.7096 3.6462 3.5936 3.5843 3.5877 3.5443 3.5163 3.4135 3.4726 3.4834 3.4647 3.3513 3.3697 3.3478 3.3865 3.1149 3.6379 3.5485 2.9850 
2.9496 5.7241 5.4820 5.2713 4.4944 3.9718 4.3197 4.1651 3.9348 3.8519 3.9108 3.7329 3.5479 3.6229 3.5691 3.5623 3.4928 3.5085 3.4655 3.4592 3.2744 3.4274 3.4887 3.3524 3.3411 3.5108 3.5266 3.0673 3.4576 3.9958 3.9863 3.7570 1.5914 
4.0577 5.3739 5.3527 4.6524 4.3819 4.0658 3.9850 3.4697 3.6791 3.0917 3.2049 3.3119 2.8653 2.6842 2.7352 2.4679 2.6746 2.3926 2.6151 2.5118 2.6046 3.0060 2.7992 2.6048 3.1157 2.7565 3.1961 3.1557 3.3171 3.4233 3.8573 3.4606 0.8087 
5.1462 4.8496 4.9582 4.9205 4.7934 4.1621 4.2444 3.9235 3.7591 3.8965 3.6629 3.6011 3.8017 3.6491 3.5855 3.5050 3.4850 3.4574 3.4786 3.4800 3.5370 3.2618 3.2592 3.3920 3.1833 3.2098 3.4799 3.2713 3.6965 3.6759 3.4700 2.9138 2.3052 
5.4658 5.2816 4.4077 4.5772 3.8519 2.8592 3.6163 2.6939 3.4635 3.1032 2.6617 2.9806 1.3412 2.5392 2.4713 2.6306 1.6576 2.5798 2.3091 2.2936 1.2088 2.6209 2.2376 2.6131 2.8513 2.0768 2.8230 1.8675 2.7505 3.3558 2.8665 3.2754 2.6332 
4.6633 5.2897 4.9185 4.8255 4.1979 4.1937 3.6547 3.9268 4.0086 3.4957 3.5458 3.6658 3.0789 3.2486 3.2119 3.3438 3.1337 3.2659 3.0988 3.0704 2.7943 3.3504 3.1300 3.0161 3.4581 3.2182 2.8840 3.2918 3.1386 3.5494 3.4347 3.3320 2.0729 
5.2491 5.2939 4.3782 4.4427 4.2103 4.0660 3.0056 3.4957 3.1984 3.5361 3.2981 3.1979 3.6479 3.4397 3.5031 3.4610 3.3912 3.3823 3.3748 3.2044 3.4097 2.8857 2.9023 3.0544 2.6355 2.8023 2.2208 3.1566 3.1584 3.1952 2.7824 3.3326 2.4564 
5.4476 4.7547 5.0091 4.3777 4.1800 4.0978 3.8418 3.9265 3.8603 3.7032 3.6546 3.8342 3.5571 3.4267 3.3621 3.3844 3.3938 3.3049 3.2094 3.1979 3.2840 3.5006 3.2464 3.2111 3.2534 3.2218 3.0540 3.1938 3.1275 3.1060 3.5171 2.7425 2.6546 
5.2767 4.7048 4.7791 4.5576 4.0328 3.5197 3.8819 3.8492 3.9616 3.3314 3.9273 3.7010 3.3734 3.2020 3.2966 3.3277 3.2787 3.2513 3.1688 3.0354 3.0991 3.3909 3.5071 2.8404 3.3868 3.1579 3.0876 2.6072 3.0024 3.3195 3.2437 2.7389 2.4386 
4.8225 5.2988 4.8876 4.3244 4.1381 3.9883 3.9610 3.8518 3.9613 3.9846 3.2864 3.2103 3.4009 3.4485 3.3681 3.4980 3.3838 3.4493 3.2162 3.2098 3.1199 2.8975 2.8728 3.5029 3.3860 3.1593 3.1705 3.0797 3.0998 3.0668 3.3684 3.3454 1.8434 
4.8740 4.7507 3.1497 3.4550 3.3992 3.4888 3.5847 3.1848 3.5658 3.5778 3.3723 2.5922 2.8792 2.7966 3.0704 3.0470 2.7018 2.9993 2.9512 2.6146 2.6143 2.2396 2.9674 3.0908 3.0136 2.5452 2.7933 2.5874 2.3180 2.1827 1.6741 2.7655 2.1250 
4.4426 3.5362 3.2027 3.6213 3.5523 3.6721 3.8972 3.7655 4.3662 4.8655 3.9723 3.6770 3.2817 3.2943 2.9578 3.1499 2.5622 3.0925 2.7934 3.1050 3.0380 3.3610 3.5489 4.3844 3.7666 3.1028 3.0945 2.7732 2.5245 2.3780 1.7155 1.5889 1.6840 
4.3162 3.5525 3.5510 3.4270 3.2028 3.0840 3.5351 3.6953 3.9310 4.0142 4.1732 4.3220 3.9821 3.5737 3.1981 2.6948 2.0782 2.6373 3.0822 3.3939 3.6991 3.9740 3.7739 3.5305 3.3392 3.0484 2.7432 2.1757 2.1637 2.1616 2.0765 1.6004 1.5232 
4.1792 3.0386 3.5485 3.1756 2.7173 2.2959 2.9119 3.0949 3.1620 4.0355 4.2230 3.1081 4.1782 3.9632 4.0155 2.7856 3.5025 2.7394 3.9125 3.7546 3.9408 2.7688 3.8242 3.5513 2.5980 2.4150 2.1336 1.3816 1.6629 1.9166 2.0889 1.2128 1.3171 
1.6482 3.0933 2.1856 3.0531 3.0554 3.1955 2.7654 3.2460 3.7880 4.3634 3.9188 3.1351 3.3628 2.2416 3.5039 2.9321 2.9250 2.8479 3.3730 2.0875 3.0915 2.7930 3.4948 3.8646 3.2010 2.6060 2.0070 2.2918 2.0050 1.7977 0.7690 1.2013 -3.1274 
4.4174 4.3001 3.6022 3.5244 3.3220 3.2688 3.2823 2.7476 3.5102 3.9694 3.5794 3.8423 3.2690 2.5622 3.0579 2.2698 1.0544 2.2076 2.9296 2.3285 3.0295 3.5045 3.1680 3.4886 2.9445 2.1071 2.5340 2.3688 2.2656 2.2698 2.1176 2.3151 1.6278 
4.6997 5.3183 5.0932 4.6891 4.4328 4.5144 4.4215 3.8827 3.0992 4.1913 4.1196 3.9782 3.3363 3.5704 3.5554 3.5111 3.4942 3.4628 3.4549 3.3911 3.0756 3.6307 3.7148 3.6976 2.5565 3.1768 3.6269 3.6099 3.3846 3.4622 3.5814 3.3807 2.1186 
4.1671 5.4628 4.5606 3.6008 2.7908 3.6537 4.4607 3.5809 3.4344 4.2163 3.1046 1.8173 3.4637 2.6631 2.7588 2.7555 2.5946 2.7005 2.6383 2.4771 3.1682 1.4793 2.6807 3.7176 2.8393 2.9177 3.6682 2.7437 1.6995 2.4179 3.0690 3.5221 2.0976 
4.8202 5.3719 4.9071 4.5527 4.3961 4.4124 4.4158 3.9150 3.5938 4.1595 3.9721 3.7938 3.8080 3.7042 3.7633 3.6639 3.6195 3.6108 3.6317 3.5256 3.5427 3.4748 3.5543 3.6682 3.0364 3.2064 3.6194 3.5108 3.3259 3.3101 3.3900 3.4585 1.5614 
5.5784 5.5849 4.9491 4.4945 4.1652 3.9336 2.5888 3.8104 3.9208 2.5591 3.2586 3.1247 3.1058 3.3766 3.4822 3.4099 3.2473 3.3275 3.3373 3.1661 2.8372 2.7771 2.8617 2.0500 3.3189 3.1262 1.7596 3.0255 3.1144 3.2295 3.4467 3.6177 2.6566 
5.0920 5.1588 4.8443 4.2410 4.0019 3.8702 3.5003 3.5020 3.3181 3.1303 3.4340 3.2072 3.3697 3.2139 3.2367 3.2457 3.0156 3.1878 3.1206 3.0461 3.0995 2.8932 3.0218 2.6485 2.7380 2.8096 2.7124 2.9669 2.9692 3.0189 3.3162 3.1932 2.2596 
4.4112 4.4646 4.0322 3.7222 3.5384 3.4763 2.4184 2.9627 3.0012 2.5475 3.0768 2.5433 3.0564 2.8186 2.7718 2.6384 2.6820 2.5876 2.6551 2.6350 2.7702 2.1850 2.6646 2.0254 2.3945 2.2698 1.6466 2.5717 2.4992 2.5127 2.5482 2.5489 1.6721 
3.8817 4.0626 3.4257 2.7278 1.7384 1.9690 2.0165 2.2720 2.5581 2.3663 2.2036 2.1351 2.0875 1.9955 2.0291 1.1852 1.2946 1.1095 1.8689 1.7942 1.7865 1.7834 1.7866 1.8763 1.9553 1.6382 1.2422 1.0577 0.7356 1.4627 1.8590 2.1332 1.0258 
3.2128 3.5645 3.2656 3.0359 2.6141 2.0242 2.6659 2.6831 2.7582 2.7142 2.5716 2.5234 2.2834 2.0751 1.7998 1.9124 0.4812 1.8423 1.6855 1.8415 2.0387 2.1691 2.1519 2.2253 2.1975 2.0283 1.8782 1.1032 1.5624 1.7722 1.7509 1.6549 0.2212 
3.0635 3.4865 1.7868 2.3412 2.2973 2.2570 2.2523 1.7800 1.6843 1.6609 1.5638 1.9649 2.1910 1.9377 2.2130 2.0862 1.3463 1.9991 2.1105 1.7468 1.9225 1.6575 1.1717 1.1726 1.0947 1.1157 1.4605 1.3502 1.2614 1.1635 0.4602 1.5192 0.5059 
0.2816 3.0352 2.5868 2.5363 1.8285 2.6138 2.2213 2.1200 2.3997 2.6216 1.7298 2.7027 2.1323 2.2803 1.7606 2.1272 -0.2822 2.0673 1.6538 2.1127 1.8400 2.3663 1.3134 2.1376 1.8214 1.4157 1.4214 1.7114 0.7802 1.2675 1.0477 1.0870 -1.2568 
3.6170 2.3673 3.6482 3.6480 3.1984 3.5648 3.3972 2.9436 2.6185 3.5412 3.2468 2.9995 2.6254 2.5405 2.6033 1.7351 2.5732 1.6887 2.4792 2.2975 2.3483 2.6359 2.8414 3.0598 2.0649 2.2448 2.6090 2.6609 2.1577 2.4060 2.1594 0.3806 0.8605 
2.6625 3.5266 3.6232 1.9030 3.0789 3.4243 2.1123 3.1393 3.0809 3.5124 3.3639 3.0014 3.0690 1.7273 2.2009 2.2178 2.1081 2.1606 2.1003 1.5094 2.7885 2.6382 2.9663 3.0305 2.5242 2.4875 1.3270 2.5162 2.0516 0.7842 2.1294 1.6240 -0.3013 
3.8533 3.3855 4.2596 3.8232 4.1458 3.9002 3.6615 3.3172 3.1451 3.0952 2.1945 2.7104 2.1667 2.4370 2.6382 2.9012 2.7405 2.8245 2.5335 2.2334 1.8949 2.3702 1.7824 2.6109 2.5856 2.6458 2.9047 2.9940 3.1045 2.5748 2.7409 1.4479 1.0391 
2.6761 3.2322 2.7197 3.4490 3.6294 3.9123 3.2019 3.0157 2.6397 2.9089 2.6071 1.8542 2.5660 2.1628 1.7308 2.2656 1.7605 2.2031 1.6303 1.9546 2.2753 1.5604 2.1846 2.4105 2.0942 2.2989 2.4403 3.0063 2.5991 2.1805 1.2080 1.3160 -0.1468 
2.1382 2.8731 3.3224 3.3941 3.8332 3.3922 3.2202 2.4580 1.9576 2.5304 1.9116 2.2546 2.1123 1.4698 1.5514 1.8916 0.1044 1.8344 1.3927 1.2775 1.8249 1.9156 1.5142 2.0271 1.3817 1.7817 2.4640 2.4819 2.7506 2.1441 1.8138 0.9374 -1.2715 
3.6113 3.2101 2.7489 3.1067 2.5629 2.6138 2.2698 1.8119 2.1143 2.2637 1.9483 2.1793 0.5824 1.5856 1.0025 1.2301 -1.7074 1.1907 0.8692 1.3701 0.3410 1.8356 1.5498 1.7763 1.5161 1.1718 1.4990 1.7138 1.4727 1.8380 1.2803 1.2337 0.7583 
2.2024 3.2334 3.6427 3.3311 3.4318 2.8974 2.1868 1.9884 1.9015 2.1907 2.2922 2.4106 2.2205 1.2276 2.0667 2.0938 1.8634 2.0084 1.9061 1.0188 1.9557 2.1033 1.8806 1.7074 1.3271 1.3049 1.3889 1.9820 2.3370 2.1072 2.1501 1.3288 -0.6190 
2.9917 2.8520 3.0048 3.3321 2.8096 1.2787 2.1141 2.5504 2.1408 1.8167 2.1859 1.5331 2.2468 0.5906 1.2089 0.3663 1.6284 0.2934 1.0527 0.4057 1.9923 1.2191 1.7714 1.3293 1.5621 1.8393 1.3133 0.3942 1.7550 2.1075 1.4559 0.9355 0.1902 
3.3940 3.2035 3.0890 3.4942 3.2799 2.6512 2.7601 2.4104 2.3865 2.1673 2.0887 2.3998 2.1265 1.8502 0.9539 2.1457 2.1085 2.0988 0.8380 1.6832 1.8372 2.0963 1.6717 1.6828 1.8112 1.7388 2.0053 1.7379 2.2260 2.2334 1.5895 1.2701 0.4786 
4.0674 3.8622 3.5510 3.0229 3.3602 3.0919 3.1521 2.4733 2.6425 2.1945 1.5470 2.2348 2.1834 2.6693 1.9927 1.6512 1.9183 1.5759 1.8396 2.4916 1.9149 1.8918 1.1713 1.7058 2.0945 1.7788 2.3660 2.1887 2.2905 1.7592 2.0537 1.8753 1.2439 
4.1068 3.7079 3.1506 3.2892 1.8369 3.0510 2.6348 2.3060 2.2107 2.3364 2.5708 2.5796 2.1257 1.7621 2.3310 2.5642 2.5669 2.4969 2.2147 1.5882 1.8383 2.2238 2.1540 1.8497 1.6550 1.6699 1.8384 2.1484 0.7562 2.0763 1.6727 1.7926 1.3276 
5.7249 5.4635 5.0659 4.8319 4.5930 4.3490 4.1736 4.0164 3.9196 3.9046 3.8231 3.7167 3.6994 3.6751 3.6197 3.5581 3.5372 3.5042 3.5062 3.5047 3.4704 3.4103 3.4271 3.4028 3.3170 3.3500 3.4238 3.4444 3.5496 3.5621 3.5613 3.5170 2.8527 
5.0604 5.1308 5.1954 4.9227 4.4754 4.1066 4.1624 4.0685 3.8331 3.8905 3.7631 3.7826 3.7151 3.6083 3.6046 3.5142 3.4293 3.4654 3.4935 3.4444 3.4801 3.4693 3.3647 3.3894 3.2313 3.4221 3.4128 3.2006 3.4439 3.6592 3.6590 3.1933 2.3008 
4.7933 5.3857 4.9814 4.0664 4.0957 3.7238 3.4733 3.2218 3.3180 3.4300 3.1210 3.0863 3.0327 3.0615 2.7172 2.8012 3.0187 2.7408 2.6024 2.8537 2.7433 2.7411 2.7077 2.9274 2.7376 2.5776 2.6664 2.8153 3.0494 2.8157 3.4790 3.4713 1.9848 
4.1481 4.9673 4.6626 3.9633 3.6207 3.7614 3.5070 3.3103 3.2962 3.4090 3.2857 3.3875 3.1831 3.0142 3.0645 2.9866 3.0018 2.9030 2.9439 2.7807 2.9372 3.0512 2.8876 2.9100 2.7232 2.6456 2.7126 2.8609 2.6050 2.7052 3.1695 3.0280 1.7981 
5.2797 4.9397 4.4534 3.4810 3.8403 3.2617 3.2119 3.1182 3.2689 2.6812 3.0084 2.5523 2.7430 2.9342 2.8582 2.7996 2.9795 2.7405 2.7267 2.7205 2.5052 2.1917 2.5866 2.1960 2.6981 2.4543 2.4532 2.3513 2.7537 2.2329 2.9552 2.9918 2.3098 
4.9657 4.5311 3.6770 3.9738 3.1830 3.3796 2.9993 3.4653 3.2304 3.0414 2.7534 1.7491 1.7206 1.1390 2.1644 2.6489 2.4187 2.5968 2.0635 0.9155 1.4672 1.3813 2.3397 2.5596 2.6634 2.7571 2.2058 2.4650 2.1528 2.7210 2.1875 2.5812 2.1673 
4.3273 4.8144 4.2964 4.0040 3.8113 3.6991 3.7460 3.7304 3.5213 3.5371 3.4552 3.2022 3.1404 3.2621 3.2388 3.3811 2.5962 3.2997 3.1215 3.0816 2.8826 2.8835 3.0340 3.0532 2.9584 3.0711 3.0060 2.7852 2.7438 2.7471 2.7489 2.8384 1.3894 
4.8604 4.5126 3.9385 3.8255 3.7895 3.4539 3.7912 3.4806 3.4793 2.8397 3.1772 3.1593 2.9562 2.9296 3.0126 3.0033 3.2224 2.9253 2.8565 2.7181 2.6732 2.8191 2.7606 2.3398 2.8849 2.7777 3.0294 2.5454 2.7209 2.5884 2.4161 2.5715 2.0957 
4.3471 4.5853 4.1327 3.8438 3.8437 3.5360 3.5775 3.5202 3.0172 3.6070 3.0439 3.2387 3.0777 3.0864 2.8068 3.1997 3.3305 3.1445 2.6856 2.8930 2.7979 2.9304 2.6211 3.1212 2.4063 2.8331 2.7885 2.6291 2.7580 2.5929 2.6327 2.6598 1.6639 
4.8558 4.7908 4.1937 3.9526 4.0141 3.9419 4.0996 3.6008 3.0644 3.2140 2.8377 2.0098 1.7695 1.5555 2.2369 2.8711 2.6080 2.7967 2.1336 1.3429 1.4986 1.6776 2.4384 2.7330 2.4968 2.9417 3.3231 3.0387 2.9810 2.6967 2.6797 2.8018 2.0388 
3.7759 3.8515 3.1807 2.7481 2.7039 3.9404 3.5213 3.7057 3.2431 3.2194 3.2519 2.8268 2.5229 2.5399 2.1896 2.8495 1.7851 2.7763 2.0850 2.3036 2.2345 2.5205 2.8481 2.7401 2.6716 3.0563 2.7276 3.0355 1.6972 1.5016 1.6680 1.9034 1.0168 
3.9425 3.8313 3.6007 3.3610 3.4133 3.8819 3.4932 3.8617 2.7656 3.5889 3.1609 2.5922 2.8960 2.2548 2.6860 2.7493 1.7342 2.6973 2.5753 2.0801 2.6305 2.2428 2.7440 3.1047 2.1937 3.1687 2.6939 2.9765 2.3159 2.1236 2.1091 1.8443 1.0502 
3.1087 3.1210 3.0029 2.3215 3.1465 3.4716 2.6495 3.6382 3.0712 3.1605 3.1893 2.9190 2.7122 2.6405 3.0927 2.7178 2.6269 2.6556 2.9882 2.4532 2.4618 2.5871 2.7717 2.6735 2.4970 3.0017 1.8694 2.5653 2.1175 1.1412 1.4498 1.2139 0.3369 
3.2022 2.6466 2.2769 2.3877 3.0187 3.0514 3.6103 3.4988 2.7956 3.3215 2.5623 2.7325 2.6167 2.9231 3.0258 2.8891 1.7163 2.8130 2.8769 2.7120 2.3347 2.3987 2.1424 2.8258 2.2295 2.8030 2.8264 2.1573 1.9394 1.1302 0.7653 0.6246 0.2948 
3.9000 3.1000 2.9006 2.7090 2.5530 2.9886 2.8669 2.3943 1.9941 2.8028 2.3281 2.4232 2.1275 1.8536 2.3909 2.3224 1.1513 2.2681 2.2639 1.6783 1.8394 2.1113 1.9234 2.3096 1.3982 1.7289 2.1099 2.0823 1.4878 1.4541 1.3798 1.0943 1.0288 
2.8601 2.9701 2.7385 3.1496 2.3870 2.1541 2.0765 1.8417 1.5272 1.9942 2.2391 2.1007 2.1196 2.0605 2.0019 1.9177 1.5421 1.8445 1.8493 1.8369 1.8316 1.7397 1.8297 1.4941 0.9334 1.2089 1.2656 1.2562 1.3141 1.8995 1.2512 0.9688 -0.0498 
3.6735 3.0878 2.3944 2.7101 2.2077 2.1005 0.5109 1.8866 1.4886 2.0905 1.9875 1.4030 1.4427 1.6613 2.1133 1.9145 1.5761 1.8428 1.9617 1.4373 1.2133 1.0796 1.5918 1.5910 0.9117 1.2338 -0.1631 1.1889 1.1697 1.4701 0.8955 1.0978 0.8420 
1.6818 2.7508 2.2887 2.1732 1.6126 1.4918 1.8382 1.3177 1.3681 1.6575 1.5465 1.4313 1.1939 0.0337 1.3052 0.7762 1.2927 0.7347 1.2013 -0.1328 0.8950 1.1213 1.1530 1.1760 0.8017 0.6494 1.0724 0.5959 0.5302 0.9172 0.8076 0.8115 -1.8604 
3.6578 3.2042 2.6044 2.8255 2.6050 2.5509 2.4345 2.2780 2.1375 2.0030 2.2092 2.3593 2.1195 1.7930 1.2133 1.6274 1.5764 1.5436 1.0590 1.6325 1.8276 2.0554 1.7972 1.5069 1.5556 1.6413 1.6685 1.6445 1.5470 1.6040 1.1099 1.2475 0.8548 
2.5784 2.1877 2.1324 2.3033 1.8073 2.1194 1.7776 1.7853 2.2242 1.6873 2.2140 1.7881 1.3451 2.0784 1.5370 1.9088 1.2945 1.8420 1.3897 1.8420 1.0995 1.4448 1.8020 1.2040 1.6680 1.1412 0.9971 1.2095 0.7768 1.0703 0.6526 0.2957 -0.2703 
2.8556 2.7582 2.5989 1.9711 2.1501 2.1831 2.3057 2.2695 0.5250 2.1456 2.0307 2.4334 2.1376 0.8646 1.4899 2.0943 2.2901 2.0103 1.3526 0.6740 1.8423 2.1159 1.6348 1.6659 -0.0905 1.6275 1.5499 1.2778 1.1047 0.7374 1.0963 0.8217 0.1198 
3.5466 2.7456 2.2395 2.5484 2.0814 1.8404 1.9086 2.4179 2.4995 2.2316 1.9024 1.9259 1.8971 1.8609 1.8894 1.6285 0.4743 1.5438 1.7701 1.6898 1.6628 1.6211 1.4979 1.7438 1.8956 1.7482 1.1641 0.9342 0.9858 1.2757 0.7560 0.7766 0.7608 
3.6459 3.4681 4.2003 4.0088 3.9143 1.9742 2.7389 2.1529 2.5745 2.1331 1.5266 2.4266 2.1672 2.4253 2.9824 2.1808 1.8639 2.1260 2.8193 2.2293 1.8879 2.1120 1.1176 1.6539 1.9868 1.4703 1.9671 1.1013 2.8250 2.7511 2.6903 1.5339 0.8002 
3.3689 3.5230 4.0002 3.5363 4.1307 4.4031 3.5333 3.8118 3.3843 3.1758 2.9360 2.7829 2.7444 2.9517 2.3788 2.2746 2.1469 2.2160 2.2468 2.7346 2.5117 2.4730 2.5419 2.6854 2.7806 3.1299 2.7374 3.4972 3.0970 2.2740 2.5154 1.5947 0.6968 
3.5323 2.9263 2.7799 3.1576 3.6523 3.8300 3.9497 3.4335 3.7356 3.5054 2.6872 1.8319 2.6709 3.1364 2.3181 2.6957 1.6720 2.6368 2.1944 2.9648 2.4129 1.4673 2.2767 3.0208 3.1666 2.7303 3.1537 2.9296 2.6126 1.8966 1.2532 0.8816 0.6195 
3.0368 3.3915 3.6657 3.2200 3.5208 3.9590 3.2945 3.8164 3.3696 3.0821 2.7570 2.8669 3.1214 3.0380 2.7392 2.7482 2.2944 2.6944 2.6197 2.8170 2.8570 2.5582 2.3522 2.6032 2.7642 3.1349 2.5546 3.0519 2.4784 1.9811 2.1755 1.4486 0.2947 
3.6339 3.1550 3.1100 3.3024 3.2644 3.6226 3.5585 3.1280 3.2356 2.7705 2.2665 2.2597 2.1513 1.2852 1.9785 2.8677 2.7441 2.7936 1.8396 1.0902 1.8692 1.9224 1.8433 2.2893 2.6683 2.4782 2.7612 2.7188 2.2205 2.0926 1.6191 1.2118 0.8594 
3.5828 3.6104 2.6934 3.1625 3.1653 3.4626 3.8646 3.7621 3.7832 3.1017 2.9165 2.7257 2.6521 2.4081 2.4359 2.4231 1.1952 2.3457 2.2924 2.2138 2.3811 2.3902 2.5196 2.6168 3.1975 3.0945 3.0716 2.5531 2.1253 1.9096 1.1185 1.6668 0.5999 
1.8741 2.7387 3.4760 2.0358 2.4874 3.1689 3.9882 3.8613 3.5431 3.3453 3.0028 2.8188 2.7900 2.4309 2.9688 1.1652 2.2954 1.0637 2.8079 2.2241 2.5609 2.5120 2.5770 2.8527 2.9846 3.1656 3.1974 2.2756 1.4053 0.8350 1.9471 0.8452 -1.5663 
2.6637 2.4199 3.0704 3.2544 3.2604 3.5583 3.9832 3.9648 3.3330 4.0683 3.6546 3.4511 3.3555 2.1859 3.0367 2.9997 3.1718 2.9141 2.8993 1.9703 3.0868 3.0891 3.2437 3.5825 2.7430 3.2761 3.1932 2.6538 2.2080 2.0266 1.5822 0.5137 -0.5165 
2.6052 2.8604 3.0531 3.0148 1.8009 3.1994 3.4025 3.7475 3.6405 3.6387 2.5365 2.4460 3.0866 3.1649 2.8869 3.0651 2.7825 3.0158 2.7445 3.0025 2.8126 2.1248 2.1119 3.1491 3.0744 3.0855 2.6131 2.2935 0.7986 1.7407 1.5409 0.9234 -0.1520 
3.5210 3.5728 3.3708 3.4009 3.5173 3.5963 4.0445 3.6412 3.9761 4.1918 3.8722 3.3330 3.2994 3.7310 2.8831 3.3012 3.6416 3.2261 2.7476 3.5429 3.0526 3.0157 3.4658 3.6980 3.4141 2.9936 3.2561 2.6917 2.4604 2.1491 1.8369 1.6377 0.5238 
3.5160 3.0600 2.7702 2.5163 2.7501 3.1731 3.2182 3.3449 3.6797 4.4578 2.5365 3.0191 3.1531 3.6596 3.8665 4.0650 3.9070 4.0056 3.7078 3.4926 2.8993 2.6572 2.0844 3.9738 3.1233 2.6649 2.4653 2.2742 1.7230 1.2622 1.2755 1.0632 0.6689 
3.4283 2.8863 3.0878 3.2096 3.2104 3.4061 3.4508 2.7261 3.2838 2.6922 3.0765 3.2239 3.5122 3.6505 3.9792 3.6441 2.4694 3.5850 3.8606 3.4847 3.2250 2.9094 2.6619 2.2001 2.7085 2.0932 2.6416 2.5046 2.1772 1.9835 1.5998 0.9035 0.5895 
3.2749 2.9349 2.9988 2.6123 2.8001 2.5856 3.0151 2.4311 3.0969 3.6044 3.0796 2.6554 2.4307 3.4793 3.3389 3.6111 3.3878 3.5529 3.1970 3.2542 2.1653 2.3028 2.6598 3.1170 2.5517 1.7656 2.2071 1.6746 1.7498 1.3435 1.4415 0.9281 0.3611 
3.0711 2.6267 2.6126 1.9725 2.6040 2.7120 2.3711 3.0673 2.7422 2.4535 2.6173 2.2896 2.2908 2.7457 2.9327 2.8874 1.7477 2.8088 2.7786 2.5777 2.0517 1.9572 2.2035 1.9569 2.1740 2.3812 1.6300 1.8033 1.5600 0.7563 1.0837 0.6517 0.1997 
3.3436 2.8470 2.6565 2.4958 2.4907 2.3273 1.8831 3.1382 3.2031 3.8748 3.2413 2.7574 2.3378 3.0553 3.0661 3.0180 2.2089 2.9460 2.9407 2.8492 2.1031 2.4392 2.8328 3.3746 2.6490 2.4879 1.1276 1.4227 1.3946 1.2350 1.1868 0.8908 0.5383 
2.1011 3.0453 2.3127 1.8640 1.7487 2.5643 2.4917 2.7501 3.1382 3.5520 2.6140 1.9565 2.5581 2.7245 3.0743 3.1375 2.1072 3.0799 2.9597 2.5595 2.2667 1.6499 2.1906 3.0677 2.5841 2.1176 1.6995 1.6625 0.7125 0.6321 0.7912 1.0888 -3.1274 
2.7611 2.1116 2.7646 2.7406 1.6619 2.4189 2.5998 2.7826 2.6125 2.9879 2.5330 2.7756 2.6129 2.2974 2.9808 3.0317 2.6654 2.9719 2.8190 2.1381 2.3258 2.4663 2.1159 2.4859 2.0475 2.1397 1.8002 1.5218 0.5521 1.4952 1.2763 0.1217 -0.0530 
3.7817 3.4594 3.2747 1.6830 2.3678 2.7670 3.3784 3.6532 3.0866 2.2297 2.1835 2.0470 2.6392 2.4706 2.5810 2.1686 1.6532 2.1167 2.4406 2.2597 2.3661 1.7023 1.7653 1.7433 2.5271 3.0155 2.6019 1.8635 1.3231 0.3638 1.7658 1.4676 0.9647 
3.4624 2.9296 3.0100 2.8973 3.2970 2.2762 3.0065 3.8681 3.9451 4.6530 3.9945 3.2736 2.9836 2.9284 3.1254 2.8748 3.4715 2.8020 3.0189 2.7138 2.6941 2.9698 3.5744 4.1575 3.3698 3.1753 2.2062 1.3539 2.2444 1.6701 1.4635 0.9276 0.5674 
3.3729 2.8856 3.1254 2.8350 1.7775 2.1278 2.2951 3.1272 3.6055 4.3763 3.1787 3.1639 3.1112 3.1807 2.6535 3.0175 2.4291 2.9485 2.5501 3.0150 2.8444 2.8221 2.7484 3.8887 3.0516 2.4659 1.5408 1.2319 0.7557 1.6135 1.6452 0.8744 0.5346 
