8.3594 8.1916 7.5440 7.3369 7.1570 6.9021 6.7786 6.6306 6.5121 6.4398 6.3628 6.4639 6.4519 6.0721 6.1837 6.1211 6.1177 6.0509 6.0379 5.8287 6.1004 6.0345 5.8614 5.8108 5.7447 5.7723 5.8053 5.7611 5.8087 5.7700 5.6139 5.6811 4.7912 
7.2170 8.4221 7.9276 7.3318 7.1460 6.9138 6.7765 6.6896 6.3818 6.5858 6.4052 6.6554 6.1309 4.9944 5.6943 5.7358 5.7718 5.6459 5.5456 4.7819 5.7980 6.2151 5.9047 5.9799 5.6391 5.8547 5.7989 5.7706 5.7876 5.7552 6.0337 6.0035 4.0406 
8.3277 8.0244 6.5871 5.4483 5.9414 5.8191 5.6633 5.4603 5.3507 5.1690 5.3111 5.5124 5.4652 4.9034 5.4860 4.9700 5.0424 4.9005 5.3391 4.6419 5.1050 5.0741 4.8212 4.5568 4.5961 4.5853 4.7147 4.6930 4.5874 3.9737 4.7020 5.5622 4.9090 
7.1113 7.9110 7.7456 7.3185 7.0708 6.8120 6.6933 6.5745 6.3514 6.3074 6.2158 6.2117 6.2046 6.2548 6.0874 6.0610 6.0193 5.9970 5.9600 6.0355 5.9046 5.8040 5.7011 5.6832 5.6226 5.6891 5.6979 5.6716 5.6971 5.7449 5.8382 5.4874 3.4660 
8.4683 8.2694 7.5342 7.1559 6.7754 6.5837 6.4357 6.3160 6.1832 5.9136 5.8406 5.4471 5.9941 6.3807 6.1717 6.0074 5.9288 5.9379 6.0274 6.1282 5.6327 5.0061 5.3403 5.2819 5.4706 5.4831 5.4515 5.4391 5.4573 5.5548 5.6026 5.7804 5.0127 
8.3872 8.2521 7.0185 6.6903 6.5459 6.2190 6.0386 5.8189 6.0239 5.7589 5.5441 5.6111 6.3852 5.5465 5.4952 5.4840 5.5634 5.4217 5.3506 5.3240 6.0562 5.2032 5.0272 5.1345 5.2999 4.9691 5.0410 5.0798 5.1768 5.1117 5.1425 5.7381 4.9686 
6.9041 7.3586 7.5323 7.1127 6.9428 6.7235 6.5801 6.4922 6.4087 6.2802 6.2045 6.1698 6.3001 6.1151 5.9225 5.9136 5.9785 5.8100 5.7182 5.8887 6.0026 5.7429 5.6787 5.6588 5.6558 5.6144 5.5747 5.5845 5.6097 5.5165 5.6296 4.9730 3.2290 
8.5083 8.2999 7.4739 6.8494 6.5167 6.1989 6.1041 6.0535 5.7774 5.6960 5.4769 5.0481 5.2645 5.4137 5.7357 5.6265 5.5573 5.5477 5.5771 5.1252 4.9251 4.6250 4.9498 5.0742 5.0456 5.1908 5.1012 5.0528 5.1295 5.2932 5.5499 5.8252 5.0562 
8.2998 8.2595 6.6614 6.3393 6.2445 6.1634 5.9889 5.9734 5.8824 5.5887 5.6211 5.7842 5.8783 5.3031 5.4485 5.4461 5.3386 5.3865 5.2902 5.0421 5.5199 5.4014 5.0958 4.9748 5.1205 5.0782 4.9817 5.0268 4.9416 4.8356 4.8582 5.7530 4.9057 
6.1803 7.6968 7.6836 7.2304 7.0204 6.8084 6.6862 6.5910 6.3945 6.2895 6.2399 6.1538 6.0903 6.0519 6.0184 5.9879 5.9686 5.9042 5.8495 5.7974 5.7491 5.7259 5.7300 5.6663 5.6450 5.7138 5.6899 5.6684 5.6559 5.6445 5.7385 5.2510 2.7120 
8.2019 8.4275 7.7907 7.1674 6.8696 6.6643 6.5442 6.2098 6.3897 6.1989 6.2608 5.7799 5.2705 6.2750 6.0834 5.6932 5.7533 5.6220 5.9524 6.0514 4.9360 5.3935 5.7527 5.5819 5.6427 5.4044 5.5260 5.5209 5.5440 5.5663 5.8776 6.0023 4.8391 
8.3452 7.9257 6.7460 6.7635 6.4719 6.2507 6.0576 5.8161 5.9651 5.8938 5.6795 5.8824 5.4073 5.6367 5.5627 5.3730 5.1525 5.2643 5.4237 5.4272 5.0256 5.4585 5.1726 5.2635 5.2056 4.9621 5.0609 5.1150 5.1092 5.2139 4.9262 5.4748 4.9241 
7.6130 8.1316 7.8149 7.3733 7.1591 6.9733 6.7881 6.6926 6.6214 6.5305 6.3909 6.3245 6.3259 6.3005 6.1999 6.1673 6.1358 6.0921 6.0506 6.0689 6.0175 5.9436 5.8891 5.8974 5.9103 5.8622 5.8276 5.8330 5.8158 5.8263 5.9367 5.6561 3.8951 
7.3331 8.5012 7.8716 7.3416 7.0721 6.8196 6.7087 6.6777 6.2428 6.2793 6.2059 6.1508 5.6162 5.8884 6.1601 6.0093 5.9355 5.9414 6.0183 5.6193 5.3032 5.7201 5.6805 5.6557 5.5317 5.8378 5.7157 5.6758 5.6931 5.7620 5.9816 6.0726 4.2339 
8.3200 7.6869 6.7182 6.3684 6.2365 6.0338 5.9468 5.9208 5.5661 5.5054 5.5143 5.0998 6.0706 5.1172 5.1128 5.0849 5.1329 5.0185 4.9658 4.8970 5.7220 4.7140 4.9931 4.9005 4.8585 5.0439 4.9377 4.8971 4.9353 4.8444 4.8836 5.1828 4.8680 
7.9429 8.2520 7.7853 7.3470 7.1412 6.9560 6.8126 6.7235 6.5478 6.5063 6.4259 6.3467 6.4116 6.1735 5.9861 6.0285 5.9827 5.9684 5.7959 5.9662 6.0740 5.9646 5.9264 5.8740 5.7890 5.9033 5.8605 5.8159 5.7861 5.7769 5.8879 5.7537 4.3255 
6.5160 8.5055 7.8428 7.2693 7.0311 6.7900 6.6956 6.4267 6.3688 6.3054 6.2110 5.8000 6.4984 6.5806 6.1926 6.1192 6.0856 6.0491 6.0442 6.3032 6.1352 5.4065 5.6906 5.6805 5.6345 5.5605 5.6998 5.6466 5.6590 5.6778 5.9580 6.0796 3.7410 
8.3148 7.4952 6.6019 6.5442 6.2281 6.0363 5.8791 5.9393 4.9419 5.2764 5.3955 5.1915 5.4887 5.2581 5.3891 5.1168 5.0687 5.0465 5.1859 5.0052 5.1274 4.8200 4.8640 4.6519 4.2342 5.0537 4.8917 4.8968 4.9254 4.9560 4.7520 5.0371 4.8473 
7.7732 8.0407 7.6472 7.2545 7.0138 6.7898 6.6306 6.5424 6.3368 6.3644 6.2805 6.1567 6.1108 5.6659 5.9959 5.9905 5.9768 5.9083 5.8137 5.4544 5.7745 5.7282 5.7737 5.7385 5.6112 5.6439 5.6336 5.6478 5.6487 5.6679 5.6896 5.5908 4.1467 
7.3611 8.3596 7.7697 7.1905 6.9073 6.7177 6.6119 6.5346 6.3616 6.3526 6.2085 6.5456 6.5212 4.6186 5.5438 5.6704 5.5833 5.6010 5.4124 4.3890 6.1469 6.0932 5.6862 5.7271 5.6301 5.6377 5.6121 5.5750 5.5743 5.5979 5.8504 5.9426 4.1933 
8.2835 7.8121 6.6015 6.2941 6.0779 5.9477 5.6273 5.5382 5.8050 5.5140 5.4618 5.5380 5.9479 4.5043 5.4736 4.9588 5.1026 4.8941 5.3219 4.2951 5.5784 5.0936 4.9314 4.8997 5.0658 4.7077 4.6467 4.8092 4.7811 4.7816 4.7699 5.3753 4.8493 
6.6734 7.5966 7.4468 7.0796 6.7875 6.6323 6.4911 6.3123 6.3663 6.1859 6.1301 6.0557 6.0311 5.6039 5.7069 5.6739 5.6624 5.6053 5.5543 5.4006 5.6634 5.6209 5.6122 5.5700 5.6329 5.4832 5.4876 5.4919 5.4825 5.4871 5.5543 5.1359 3.1707 
8.2640 8.0317 7.3731 6.8535 6.5505 6.2577 6.1316 5.9441 5.8015 5.4663 5.6079 5.7209 6.3937 6.2708 5.8185 5.6579 5.6111 5.5907 5.6379 6.0466 6.0628 5.3357 5.0775 4.8589 5.0635 5.0550 5.1374 5.1135 5.1778 5.3023 5.4790 5.5771 4.8101 
8.2857 8.2349 6.8220 6.4176 6.2082 6.0671 5.8081 5.6636 5.6724 5.6801 5.6604 5.5871 5.9613 5.0027 4.8413 4.9840 4.9809 4.9147 4.6404 4.7891 5.5918 5.1441 5.1438 5.0661 4.9656 4.8521 4.8454 4.9241 4.8960 4.8521 4.9546 5.7253 4.8487 
7.4157 6.8827 6.7697 6.4944 6.2410 6.0663 5.9707 5.7788 5.6747 5.6415 5.5511 5.1359 5.9306 4.8390 5.4495 5.1678 5.0260 5.0755 5.2835 4.5661 5.5618 4.7509 5.0338 5.0349 4.9657 4.9384 4.9553 4.9300 4.9373 4.9155 4.9231 4.5126 3.7248 
8.4978 8.1862 7.3671 6.8490 6.4986 6.2477 6.0556 5.9890 5.6824 5.7282 6.0401 6.0962 5.8535 4.7701 4.3111 3.5196 4.4793 3.4550 4.1362 4.4867 5.5082 5.6550 5.5153 5.1068 4.9689 5.0969 5.0583 5.1050 5.1198 5.2993 5.4783 5.6669 4.9555 
8.0958 8.4339 7.2097 7.0146 6.7315 6.5678 6.3832 6.2688 6.0926 5.9864 5.9395 5.2469 6.2666 5.8698 6.0700 5.7194 5.7225 5.6383 5.9331 5.6013 5.9807 4.8433 5.4167 5.3752 5.3989 5.4502 5.4209 5.4254 5.4266 5.4416 5.2982 6.0039 4.5425 
7.9653 6.9561 5.4722 5.3839 4.4538 5.2078 4.2593 4.0499 4.7569 5.1260 4.6948 5.3963 5.7069 4.7629 4.8661 4.7074 4.4745 4.6032 4.7030 4.4936 5.4132 4.9460 4.1995 4.5091 4.0014 3.1906 3.1991 4.0848 3.2301 3.8263 3.7442 4.6037 4.3796 
8.3494 8.1913 7.4888 7.1778 7.0507 6.7775 6.5705 6.5261 6.2852 6.2136 6.1164 5.9849 5.2928 5.6434 5.7894 5.9877 5.9417 5.9039 5.6243 5.4360 4.9394 5.5329 5.5977 5.6045 5.5664 5.6346 5.5588 5.6346 5.6774 5.5865 5.5732 5.6779 4.7785 
7.2995 8.4257 7.5695 7.1387 6.9664 6.7350 6.5534 6.3974 6.1670 6.3178 6.2042 6.4271 6.7529 5.2328 6.0235 5.8038 5.6335 5.7070 5.8600 4.9663 6.4393 6.0142 5.6756 5.6936 5.4587 5.5397 5.5391 5.5905 5.6233 5.5399 5.6231 6.0024 3.4381 
8.0418 7.2135 5.7679 5.9770 6.0643 5.5951 5.5052 4.9967 5.2840 4.8246 4.7196 4.9660 5.5770 5.2051 5.5101 5.3990 4.6737 5.3018 5.3873 4.9615 5.2525 4.5425 4.2272 4.2114 4.5291 4.1849 4.5014 4.4635 4.7575 4.3960 3.8984 4.8284 4.5197 
7.9921 8.0097 7.4938 7.1156 6.7780 6.8048 6.7774 6.6222 6.3582 6.3595 6.1856 6.2819 6.3992 5.8399 5.7164 5.9471 5.9956 5.8422 5.5603 5.5777 6.0654 5.8938 5.6551 5.7332 5.6272 5.7590 5.8018 5.6648 5.4687 5.5105 5.5776 5.5560 4.3916 
6.8232 8.3452 7.7280 7.1241 6.8368 6.7478 6.7694 6.3636 6.2500 5.9679 6.0190 5.2882 6.6649 6.5353 6.0571 5.7568 5.4831 5.6644 5.9107 6.2314 6.3265 4.8739 5.4915 5.3387 5.5378 5.5174 5.7875 5.6081 5.5184 5.5188 5.7836 5.9206 3.7999 
8.1142 7.5117 6.2822 6.3032 5.9948 4.8736 6.0075 5.8032 5.0114 5.6109 5.6299 5.7086 6.5631 5.7229 4.9583 4.8232 4.3542 4.7068 4.8327 5.4882 6.1986 5.3363 5.1109 5.0010 4.3231 4.9545 5.0090 3.7915 4.6376 4.8039 4.4554 5.0419 4.6594 
7.6310 7.8347 7.5439 7.1802 6.9401 6.7651 6.6339 6.5211 6.2722 6.1788 6.0586 6.2056 6.5332 5.6278 5.7411 5.6789 5.8633 5.6094 5.5818 5.4087 6.1581 5.7903 5.5342 5.5637 5.5574 5.6321 5.6349 5.6257 5.6041 5.5930 5.6242 5.4139 3.9697 
7.7017 8.2770 7.6795 7.0830 6.7219 6.5863 6.2441 6.2699 6.2326 6.3561 6.1490 6.4560 6.6486 6.0348 4.4641 5.2794 4.9637 5.1792 4.3139 5.7683 6.3019 6.0295 5.6307 5.7298 5.5246 5.4512 5.2892 5.4425 5.4178 5.4786 5.7051 5.8068 4.3641 
8.0884 7.7681 6.1702 6.2154 5.4907 5.5983 5.5708 5.6838 5.6842 5.6294 5.5471 5.5243 5.6657 2.6507 5.3901 4.8620 4.7003 4.7930 5.1824 2.5375 5.3898 5.0778 5.0222 5.0107 4.9743 4.8769 4.5854 4.4709 4.1599 4.6871 4.3742 5.3109 4.6785 
7.3370 7.8066 7.5901 7.1604 6.9852 6.7110 6.6499 6.4484 6.1823 6.1399 6.1130 5.9619 5.4623 6.0353 6.1155 6.0570 6.0116 5.9939 5.9834 5.7776 5.0938 5.5057 5.5936 5.5271 5.4688 5.5787 5.6456 5.5689 5.6358 5.5711 5.6459 5.3959 3.7119 
7.9084 8.1719 7.6099 6.8994 6.6043 6.4397 6.3284 6.3433 6.1115 5.9939 5.8085 4.6021 6.1260 6.6197 6.2949 6.0866 6.0023 6.0199 6.1389 6.3638 5.8011 4.2125 5.3047 5.3878 5.4133 5.5028 5.3863 5.2979 5.2661 5.3492 5.6479 5.6892 4.5183 
8.0743 7.8536 6.2735 5.8320 5.9619 5.8328 5.6277 5.3948 5.2515 5.2608 5.5329 5.5344 6.5603 5.6391 4.7839 5.1398 5.1150 5.0633 4.5718 5.4256 6.1957 5.1155 5.0236 4.6492 4.5086 4.5093 4.6514 4.7035 4.6084 4.2997 4.4819 5.4156 4.6844 
5.9140 7.3826 7.3554 7.0534 6.6948 6.4828 6.1993 6.0859 6.1782 6.0174 5.9482 5.9169 6.2660 6.1645 5.9348 5.7685 5.7283 5.6752 5.7287 5.9579 5.9815 5.4752 5.4216 5.4120 5.4692 5.2404 5.2228 5.3430 5.3988 5.4725 5.4766 4.9747 2.3810 
8.2396 7.9872 7.3756 6.6307 6.4755 6.1492 6.0857 5.7920 5.6243 5.6967 5.1188 5.3762 6.2317 6.2860 6.1086 5.9731 5.8459 5.8762 5.9774 6.0577 5.9554 4.9249 4.6017 5.0740 4.9084 4.9429 5.0797 5.0033 5.1013 5.0305 5.4809 5.5408 4.7695 
8.1594 8.0502 6.7396 6.1316 6.2062 5.8264 5.8198 5.8350 5.5703 5.7673 5.4141 5.5084 6.5464 5.7570 5.7325 5.2662 5.2475 5.1657 5.5700 5.5200 6.1767 5.0777 4.8901 5.1454 4.8713 4.9821 4.8605 4.6971 4.8994 4.5403 4.9059 5.5850 4.7521 
7.1783 6.6653 6.7791 6.6154 6.3564 6.1132 5.9663 5.9758 5.9954 5.5967 5.3170 5.3924 5.7937 5.6525 5.6776 5.5039 5.4736 5.4386 5.5329 5.4401 5.4770 4.9326 4.8108 4.9816 5.2467 5.0810 4.9517 4.9727 5.0286 5.0389 4.9232 4.3253 3.4487 
8.3918 8.0585 7.0381 6.1283 5.0379 2.8195 4.6694 4.1458 5.1271 4.9654 5.7255 5.7521 6.2890 5.7138 5.3985 4.7863 4.0311 4.6780 5.1958 5.4833 5.9937 5.3723 5.2224 4.3578 4.4159 3.2706 3.7109 1.5198 3.7170 4.5217 5.0715 5.5827 4.8833 
8.1075 8.2689 6.8437 6.5720 6.2517 6.0337 6.0197 5.8843 5.6693 5.6348 5.4468 5.0755 6.5346 5.5889 5.9477 5.7024 5.7018 5.6298 5.7442 5.3692 6.1621 4.6569 4.9150 5.0194 4.9596 5.0105 5.0145 4.8930 4.9363 4.9646 4.9614 5.7772 4.6387 
7.8091 6.5814 6.2478 6.0172 5.4744 5.2484 5.2377 5.3160 5.3133 4.7348 4.6820 5.1611 6.2238 5.5775 4.7967 3.1448 3.1540 3.0225 4.5772 5.3707 5.9425 4.7816 4.1582 4.0954 4.5402 4.4514 4.2802 4.1255 4.1804 4.4466 4.4308 4.1754 4.1464 
8.4343 8.2117 7.3503 7.0534 6.5996 6.2742 6.1490 5.9979 5.9854 5.5401 5.2339 5.4131 6.1109 6.1083 5.9835 5.8988 5.8108 5.7952 5.7907 5.8783 5.7783 4.9591 4.7249 4.9233 5.2308 5.1080 5.1572 5.1292 5.2579 5.4618 5.4563 5.6901 4.8835 
7.9295 8.3978 7.1818 6.9461 6.6925 6.5703 6.4038 6.2121 6.1379 6.1023 6.0583 6.2406 6.2188 6.0394 5.8497 5.4370 5.2802 5.3686 5.6538 5.7856 5.9304 5.8490 5.5339 5.4906 5.4354 5.4072 5.4331 5.4280 5.3966 5.4043 5.2365 5.9766 4.3810 
7.9111 6.7916 5.9777 5.6859 5.0723 5.0535 4.6210 4.5432 2.8123 4.7586 3.4664 4.9844 6.1830 5.8622 4.7940 2.8567 3.7844 2.8245 4.5897 5.5915 5.8756 4.5629 3.0391 4.1247 2.1000 3.7440 3.6883 3.9211 3.7903 4.1715 3.9960 4.4682 4.3196 
8.0842 8.0027 7.3576 7.1368 6.8944 6.6740 6.5984 6.4741 6.3924 6.3189 6.2297 6.1389 6.5707 6.2065 5.7718 5.8754 5.7510 5.7726 5.6061 5.9912 6.2071 5.7064 5.7199 5.6951 5.6446 5.5982 5.5957 5.5334 5.5660 5.5391 5.4674 5.5450 4.4662 
6.6573 8.3403 7.5982 6.9888 6.7588 6.5565 6.3690 6.2091 6.2156 6.1457 5.9883 5.9317 5.1181 6.2565 6.2116 5.7051 5.6840 5.6317 6.0657 6.0388 4.8406 5.4844 5.4577 5.5318 5.5076 5.4035 5.4124 5.4127 5.4479 5.4257 5.6396 5.9093 1.6428 
7.9844 7.4422 5.0682 5.5230 5.7107 5.3670 5.5059 5.5430 5.4325 4.9140 5.2651 5.8172 6.3033 5.8189 4.3873 4.4739 4.3559 4.4066 4.2595 5.5612 6.0025 5.4185 4.7626 4.2989 4.6840 4.7087 4.5051 4.2401 4.4025 3.9753 3.3670 4.9998 4.5158 
7.3334 7.6226 7.3629 6.9479 6.7046 6.5377 6.3324 6.2990 6.0546 6.0167 5.9524 5.8567 6.4346 5.6459 5.7353 5.6254 5.6230 5.5476 5.5742 5.4368 6.0904 5.4381 5.4240 5.4116 5.3479 5.4728 5.3932 5.3956 5.4089 5.4077 5.4826 5.1408 3.7493 
7.9051 7.9883 7.4529 6.8526 6.6184 6.4504 6.2328 6.0514 5.9721 5.9798 6.0677 6.1751 6.0229 5.5811 5.6267 5.4336 5.4138 5.3616 5.4780 5.3729 5.6545 5.7514 5.5461 5.3642 5.2095 5.1895 5.2766 5.3077 5.2880 5.3009 5.5396 5.5498 4.4945 
8.0884 7.9602 6.5210 5.9691 5.9520 5.8093 5.6093 5.6419 5.2754 5.5691 5.6491 5.9656 6.3629 5.4938 4.5455 4.6651 4.2861 4.5609 4.3832 5.2385 6.0392 5.5121 5.1377 4.9555 4.5225 4.8359 4.6299 4.6676 4.5749 4.3748 4.6026 5.5136 4.6801 
7.0995 6.5773 6.9455 6.5394 6.2783 6.0567 6.0017 5.8746 5.8854 5.6453 5.6395 5.8239 5.8077 5.6201 5.1638 5.3021 5.2971 5.1992 5.0077 5.4046 5.4867 5.4186 5.1183 5.0423 5.1285 5.0067 4.9968 4.9200 4.9656 4.9445 5.0623 4.2521 3.2767 
8.4030 8.0521 7.2178 6.5348 6.0680 5.7988 5.6283 5.5448 5.3974 4.9137 3.8248 5.0118 5.4828 5.0564 4.4562 4.8097 4.8786 4.7021 4.3107 4.8393 5.1274 4.5891 3.3023 4.3007 4.6269 4.7097 4.6449 4.6545 4.7475 4.9183 5.3143 5.5748 4.8790 
7.9529 8.3087 7.0882 6.8605 6.5875 6.3250 6.1766 6.0626 6.0084 5.7323 5.6375 5.2736 6.0870 6.1839 5.5028 5.6091 5.5708 5.5337 5.3682 5.9735 5.7510 4.8520 5.1168 5.1078 5.2702 5.2054 5.1924 5.1827 5.2388 5.3163 5.1198 5.8470 4.4336 
7.7612 7.1648 5.8033 5.0040 3.7291 4.4969 4.2881 4.7499 4.7365 4.5986 4.2344 5.5609 6.0563 5.2692 4.8194 4.4948 3.4603 4.4216 4.6177 5.0024 5.7046 5.1273 3.7011 3.9559 3.9853 3.8839 3.2716 3.3558 2.4478 3.4461 3.8098 4.7989 4.1877 
7.7196 7.6745 7.1571 6.8130 6.6343 6.4444 6.2977 6.2299 6.1869 5.9067 5.9774 5.8104 5.3757 5.7890 5.8073 5.6168 5.4631 5.5387 5.6338 5.5445 5.0008 5.4121 5.4471 5.2757 5.4740 5.4254 5.3554 5.3044 5.3184 5.2697 5.2235 5.1628 4.0741 
7.7200 7.8585 7.3415 6.7282 6.4990 6.2655 6.0868 6.0208 6.1173 5.6949 5.9997 5.5748 5.1200 5.3736 5.4059 5.2424 5.1957 5.1433 5.2109 5.0746 4.8352 5.1417 5.4704 5.0751 5.4184 5.1452 5.0823 5.1233 5.1212 5.1414 5.4445 5.4358 4.3112 
8.0667 8.0328 6.5657 5.8755 5.4504 5.1733 4.9428 3.5554 5.2254 4.6537 4.9350 5.5310 4.3974 5.2278 5.4109 4.9074 4.8662 4.8449 5.2186 4.9819 4.0581 5.0969 4.4209 4.0196 4.4921 2.7835 3.9346 4.0148 4.0939 4.2847 4.5750 5.5751 4.6236 
7.2068 7.2323 5.4707 5.2939 5.3228 5.2349 4.9863 5.5661 5.9017 5.8007 6.0235 5.9822 5.7545 5.4519 5.1665 4.8589 4.0169 4.7857 5.0072 5.1818 5.4431 5.5282 5.4933 5.1723 5.1344 4.7537 3.9974 4.0971 3.9626 3.7526 3.7379 4.8445 3.3984 
7.6373 7.3822 6.8774 6.5486 6.2362 6.0868 5.8687 5.9807 4.2749 5.8944 5.2383 6.3642 6.6630 6.2182 5.9629 5.9352 5.3996 5.8283 5.7560 6.0092 6.3219 5.9766 4.7378 5.2651 3.4912 5.0846 4.8850 4.9445 4.9276 4.9473 4.9669 4.9318 3.9691 
8.0613 7.5043 6.6380 6.0646 5.5041 5.3151 5.2417 5.3060 5.9898 6.5269 6.0087 6.4611 6.5739 6.2374 5.4129 5.6597 5.7283 5.5906 5.2259 6.0225 6.2087 6.0318 5.4868 5.8894 5.2491 4.4319 4.2801 4.1700 4.1880 4.4745 4.7334 5.0094 4.4994 
5.7401 7.7563 7.2545 6.7995 6.5676 6.3457 6.2069 6.0576 5.9999 6.1268 5.9816 7.1579 6.4745 5.6423 5.9769 4.5786 4.6709 4.5030 5.7783 5.4399 6.1148 6.7134 5.4608 5.5100 5.2583 5.1952 5.2290 5.2011 5.2058 5.2451 5.3766 5.3206 0.8063 
7.6310 7.6366 6.6648 6.1977 6.1689 5.9195 5.7429 5.7627 5.0029 5.7131 6.3579 5.8314 6.0472 5.9961 6.0818 5.9927 5.0902 5.9095 5.9510 5.7166 5.6884 5.4279 5.8483 5.1029 4.2835 4.9171 4.7971 4.7698 4.8608 4.6232 4.7659 5.1307 4.0564 
7.3221 7.1747 5.9892 5.4801 5.5401 5.6168 5.7860 5.9272 6.1261 6.3045 6.4999 6.8492 4.8841 5.7692 5.9881 5.4521 5.4298 5.3909 5.8021 5.5295 4.4929 6.4625 5.9790 5.6781 5.4224 5.0464 4.8381 4.4834 4.2552 3.9148 4.0248 4.7077 3.8625 
6.3286 7.1472 5.9025 5.6862 5.7170 5.5125 5.2781 5.7676 6.1619 4.3535 6.7203 5.6325 6.5749 6.1523 6.5563 6.1282 4.5691 6.0532 6.3659 5.9559 6.2101 5.2153 6.2001 3.7820 5.4503 4.9288 4.2927 4.3616 4.3879 4.1272 3.9204 4.6799 3.1222 
6.4033 6.9524 5.7668 5.6108 5.4628 5.4662 5.7243 5.8941 6.0829 6.3881 6.6262 6.6128 6.1425 6.5861 6.2098 5.8819 6.1664 5.7854 6.0603 6.3143 5.8215 6.1725 6.1036 5.7627 5.3931 5.0193 4.7801 4.3221 4.1205 4.0218 3.7985 4.5021 2.7852 
6.8835 6.8148 5.9897 5.7532 5.4669 5.3900 5.4151 5.8618 6.0017 6.5908 6.4142 6.6686 6.3475 4.1727 4.7051 5.5434 4.4283 5.4733 4.5158 3.9197 6.0307 6.2280 5.9051 5.9872 5.2668 5.0018 4.4189 4.2617 4.1608 4.2490 4.0477 4.3863 3.1010 
6.6931 4.8353 6.3592 6.0757 5.9911 5.9943 6.0441 5.8629 5.2203 6.6329 7.1334 6.4187 5.4334 6.0560 6.8179 5.8590 3.7813 5.7507 6.6715 5.8124 5.0669 6.0020 6.6036 6.0283 4.4935 4.9988 5.0478 4.8580 4.6460 4.5003 4.4801 2.0658 2.9622 
6.0096 7.5461 6.8309 6.3762 6.1718 6.1844 6.1703 6.5808 6.5385 6.8543 7.3907 7.2432 7.1861 6.2341 6.6936 5.2394 4.6251 5.1289 6.5592 6.0226 6.8256 6.8028 6.8821 6.2351 5.7715 5.6994 5.1866 5.0416 4.8649 4.8305 4.9232 5.0706 -0.4364 
7.2079 7.9253 6.6509 6.2196 6.1138 6.0458 6.0970 6.1188 6.2241 6.8886 7.1267 6.9109 6.5175 6.1082 6.5418 6.7045 6.4028 6.6323 6.3436 5.8794 6.1455 6.5298 6.5959 6.2683 5.5187 5.2865 5.0947 4.9024 4.8174 4.6604 4.6973 5.4826 3.3288 
7.3986 7.8839 5.2580 5.9938 5.9687 6.0034 6.0371 6.3226 6.5850 5.8526 6.8377 6.3530 6.0483 6.5085 6.2834 5.9659 5.4535 5.8608 6.1288 6.2148 5.6954 5.9654 6.3305 5.2302 5.8507 5.4914 5.0362 4.8598 4.5904 4.3847 3.3261 5.4446 3.8102 
7.2338 7.8323 4.9415 5.2210 5.3266 5.2306 5.1765 5.3491 5.1604 5.2171 6.8226 7.0113 6.1866 5.6455 6.5217 6.2988 6.0384 6.2135 6.3160 5.4408 5.8711 6.5901 6.3158 4.6115 4.4291 4.4663 4.2155 4.0713 3.9356 3.6321 3.0495 5.4094 3.8715 
7.4299 7.8510 6.1312 6.0134 5.9084 5.6105 5.7489 5.8025 5.9842 6.1088 6.4459 6.1436 5.1995 4.6214 5.2376 4.5970 4.8729 4.5027 5.0628 4.3689 4.8789 5.7092 5.9462 5.5006 5.2438 4.9462 4.8195 4.4700 4.5518 4.4502 4.3668 5.4199 4.1457 
7.7027 7.5754 6.8356 6.6011 6.3606 6.1815 5.8777 5.5926 6.3482 6.0003 6.7449 6.5990 6.4073 5.8845 5.8413 5.3533 5.3413 5.2426 5.6477 5.6121 6.0693 6.1565 6.2177 5.3992 5.6230 4.7991 4.8924 5.0444 5.0354 5.0258 4.9963 5.0723 4.3232 
7.9630 6.8969 7.3508 6.9589 6.7154 6.5616 6.4163 6.5455 5.3692 5.9995 6.5764 6.6237 5.4710 6.1275 6.2020 6.0861 5.9437 6.0188 6.0526 5.9114 5.1026 6.1867 6.0500 5.3991 4.5984 5.6458 5.4429 5.4213 5.4175 5.4160 5.4784 4.3837 4.4915 
8.2068 7.1179 7.4203 7.0119 6.6615 6.4375 6.3195 6.3222 6.2505 5.4956 5.2073 4.0144 6.3293 6.0869 5.2504 5.6795 5.1473 5.6097 5.0687 5.8458 6.0216 3.6256 4.7051 4.8842 5.5351 5.4913 5.3780 5.2965 5.3603 5.4433 5.5288 4.5647 4.6128 
8.2399 7.3553 7.1420 6.2186 5.6364 5.3079 5.1566 5.0631 5.3635 4.8857 5.4770 4.9009 4.2779 5.2035 5.0654 4.4726 2.5746 4.3953 4.9181 4.9598 3.9203 4.4586 4.9536 4.2861 4.5968 4.2615 4.2179 4.1732 4.3301 4.6749 5.2065 4.8721 4.6072 
7.8288 7.2663 7.3225 6.7350 6.4333 6.2040 6.0060 5.7098 5.7897 5.4662 5.6660 5.7847 6.0690 5.5523 5.4761 5.4931 5.6317 5.4289 5.3282 5.3287 5.7192 5.4017 5.1605 4.8573 5.0595 4.8911 4.9963 5.0622 5.0732 5.1598 5.4467 4.8451 4.2948 
6.5537 7.9773 7.4745 7.0005 6.7123 6.5384 6.3402 6.1269 6.0750 6.0882 5.9967 5.8001 5.9634 5.9877 6.0570 5.8877 5.8135 5.7846 5.9131 5.7008 5.5949 5.4020 5.4665 5.4784 5.3811 5.2976 5.3960 5.3959 5.4129 5.4373 5.5595 5.5479 2.3064 
7.7708 8.0416 7.2905 6.8152 6.5454 6.3014 6.1534 6.1158 5.8010 5.6459 5.6686 5.4020 4.8868 5.6730 5.7371 5.5100 5.4254 5.4439 5.5779 5.4592 4.5334 4.9432 5.1589 5.0388 5.0627 5.2807 5.1635 5.1589 5.1730 5.2631 5.4054 5.5865 4.1662 
7.7467 7.8933 6.5742 5.7900 4.9736 4.3818 3.3253 4.1746 4.0906 3.4185 3.8793 4.8903 5.0473 3.7377 4.3270 3.8199 4.0148 3.7566 4.1795 3.4753 4.7376 4.4532 3.3574 2.8024 3.3526 3.2801 2.2783 3.2313 3.6653 4.2337 4.5685 5.4540 4.3045 
7.6601 7.3494 5.4203 5.5553 5.1800 5.1923 4.8619 4.8799 4.1527 4.8012 4.9636 5.1248 5.2795 3.9804 4.3567 4.3752 4.3639 4.3075 4.2308 3.7538 4.9408 4.7279 4.4399 4.1767 3.4171 3.9997 3.8532 4.0563 3.8729 3.9950 3.5508 4.9039 4.2442 
7.4799 6.7890 6.5753 5.7443 5.6330 5.4152 5.3455 5.1507 4.9121 5.0223 4.8433 4.3784 5.3644 4.8180 4.5769 4.8243 4.8321 4.7226 4.4235 4.5139 4.9972 3.9370 4.3152 4.4091 4.2101 4.3257 4.3437 4.2742 4.3216 4.2070 4.6335 4.4148 3.9252 
7.7334 7.2473 6.6413 6.1287 5.9810 5.5621 5.4336 4.9034 5.2618 5.0080 4.9876 4.8860 4.9561 4.5165 4.8992 4.6366 4.4700 4.5434 4.7468 4.3016 4.6237 4.4513 4.4708 4.3949 4.5090 4.0419 4.4269 4.4216 4.6128 4.5405 4.7173 4.7917 4.0000 
7.1834 6.9398 6.8792 6.0750 5.7981 5.5935 5.4606 5.4103 5.4506 5.3227 5.2215 5.2345 5.4331 4.8948 4.5920 4.6760 4.8153 4.5795 4.4332 4.6376 5.0661 4.8384 4.7217 4.6953 4.7278 4.5193 4.4650 4.4572 4.4733 4.4866 4.9876 4.4778 3.6462 
6.5264 7.4285 6.8365 6.5528 6.1073 5.8082 5.7252 5.7034 5.5922 5.6503 5.4451 5.2486 4.7251 5.2076 4.8764 4.8092 4.7154 4.7031 4.7058 4.9627 4.3820 4.8449 4.9168 5.0454 4.8858 4.8833 4.7838 4.6675 4.8163 4.9480 4.9358 4.9837 2.4532 
7.6767 7.7113 6.7768 6.5337 6.2545 5.9939 5.8569 5.7188 5.3634 5.1611 5.6383 5.4693 5.6543 5.5664 5.3655 5.0445 5.0760 4.9674 5.1588 5.3515 5.3744 5.0327 5.1157 4.5430 4.5902 4.8936 4.8755 4.8502 4.9395 4.9226 4.8797 5.2179 4.0219 
7.9247 7.4654 6.9249 6.4458 6.2066 6.0106 6.0296 5.7141 5.6988 5.4884 5.5218 5.0719 5.0076 5.1932 5.4869 5.1061 4.6007 5.0325 5.3462 4.9504 4.6944 4.6612 5.0012 4.8781 4.9827 4.8904 5.0276 4.8678 4.8962 4.8705 5.0228 4.9883 4.4088 
7.8963 7.2501 6.6511 6.0270 5.2873 4.7396 5.0753 4.5452 4.7300 4.7671 3.6723 5.2686 4.7373 4.9432 5.3913 4.4783 3.7499 4.3996 5.1837 4.7135 4.3817 4.8598 3.1475 4.1359 3.9641 3.7365 4.1131 3.6048 3.9224 4.4289 4.7653 4.8095 4.3820 
6.5619 7.7013 7.0577 6.6192 6.2853 6.2028 6.0230 6.0234 5.8445 5.7098 5.7259 5.2102 5.6345 5.4585 5.5211 5.1565 5.1159 5.0712 5.3921 5.1954 5.3330 4.8268 5.2197 5.0865 5.0890 5.1490 5.0193 5.0612 4.9633 5.0346 5.0948 5.2388 3.2534 
7.4940 7.8787 6.9587 6.4362 6.2410 5.9366 5.6427 5.5866 5.4628 5.4208 5.2076 5.4909 5.9733 4.8328 5.8699 5.0189 4.8864 4.9456 5.6730 4.5485 5.6030 5.0606 4.7096 4.8197 4.7440 4.7705 4.6772 4.7957 4.9276 4.8652 5.0307 5.4477 3.9432 
7.6688 7.5436 5.8917 5.4863 4.7111 3.8619 4.2881 4.6666 5.0703 4.9112 4.2321 4.7935 4.2722 4.8694 4.5316 4.2508 4.5878 4.1394 4.3818 4.6006 3.9055 4.3487 3.7167 4.3023 4.3684 3.8423 3.3382 2.6921 3.2936 3.8425 3.9501 5.0636 4.2546 
7.4353 7.0176 5.4757 5.6668 4.8910 5.0287 5.1891 4.8930 4.8419 4.9700 4.4083 4.4632 4.9277 4.8192 4.5090 4.4058 4.7478 4.3398 4.3665 4.5133 4.5863 4.0398 3.8777 4.3615 4.1000 4.0155 4.2523 3.9034 3.5639 4.1408 3.5320 4.5625 3.9409 
7.4857 7.1106 6.3189 5.3741 5.1303 4.4530 3.7913 4.3460 4.9596 4.5108 3.7638 3.7857 5.1207 4.8075 3.9057 4.3064 4.5733 4.2405 3.7406 4.5003 4.8305 3.3344 3.2372 3.8982 4.2541 3.5387 2.8874 3.3528 3.8508 3.8060 4.3912 4.5784 3.7469 
