4.4630 3.1966 3.4257 3.0879 2.9184 2.7053 1.5236 2.1248 2.3194 2.7184 2.2786 2.4680 1.8584 1.8955 2.4079 1.5344 2.1329 1.4819 2.2258 1.6476 1.5255 2.0796 1.8113 2.1680 1.6541 1.4269 0.6710 1.6854 1.6952 1.6856 1.7586 1.1789 1.1688 
6.2664 5.5074 4.9665 4.6270 4.4952 4.2259 4.0877 4.0292 3.9507 3.8670 3.7221 3.6774 3.5039 3.5791 3.6480 3.5113 3.3003 3.4543 3.5216 3.3893 3.1881 3.3271 3.2716 3.3050 3.2797 3.2701 3.2030 3.2078 3.2994 3.2178 3.2208 3.2360 3.0840 
5.8317 4.8877 4.2994 4.0268 3.7741 3.6148 3.0673 3.3629 3.1075 3.0803 3.2533 3.3210 3.1745 3.0068 3.0947 2.8819 2.8253 2.7884 2.9683 2.7892 2.9218 2.9533 2.8038 2.5325 2.4731 2.5829 2.1809 2.5970 2.5815 2.6096 2.5726 2.5850 2.6235 
5.0737 4.5271 4.0917 3.6925 3.5812 3.4628 3.3310 3.2506 3.0828 3.0264 2.8918 2.8970 2.8448 2.3345 2.4573 2.5168 1.6003 2.4566 2.3118 2.0878 2.5300 2.4975 2.4248 2.4829 2.4545 2.5025 2.4570 2.4459 2.4246 2.3191 2.4201 2.3132 1.9232 
5.6160 4.6728 4.1413 3.7539 3.7140 3.4822 3.4595 3.2085 2.9721 3.0236 3.0616 3.0854 2.7007 2.9231 2.9563 2.7549 3.0257 2.6712 2.8015 2.6603 2.4338 2.7038 2.5995 2.4798 2.3286 2.4723 2.5608 2.4633 2.5351 2.3781 2.4463 2.4374 2.4447 
5.6642 4.5710 4.0518 3.7432 3.3468 3.4207 3.1407 3.0408 2.6910 2.9109 2.5831 2.6344 2.5476 2.4573 2.3625 2.4424 1.2429 2.3854 2.1886 2.2178 2.2516 2.2815 2.1170 2.3483 2.0545 2.2939 2.2893 2.4036 2.1262 2.3672 2.3475 2.2689 2.4799 
4.8305 4.6032 4.0972 3.6932 3.4983 3.4766 3.4514 3.3563 2.9661 2.5912 2.9772 2.9911 2.9607 2.9834 2.6615 2.0945 2.6143 2.0269 2.5294 2.7514 2.6327 2.6035 2.5105 2.0404 2.3160 2.5788 2.5533 2.4588 2.3230 2.3188 2.4240 2.4289 1.6271 
4.6186 4.1949 3.7416 3.5875 3.0934 2.9154 2.3380 2.8873 2.9265 2.7127 2.4745 2.2102 2.5354 2.2830 2.6642 2.5142 2.0093 2.4556 2.5319 2.0587 2.2376 1.8681 2.0069 2.1577 2.2503 2.0992 1.4517 1.8970 1.9241 2.1766 2.0362 1.9946 1.4262 
5.2114 4.3073 3.7087 3.4182 3.2375 3.1047 3.0115 2.8180 2.7566 2.4107 2.0309 2.3557 2.5865 2.4537 2.0502 1.1270 0.6688 1.0608 1.9320 2.2162 2.3068 1.9651 1.5601 1.8642 2.1096 2.0507 2.1198 2.0892 2.0534 1.9811 2.0050 2.0305 2.0361 
5.1098 4.5438 4.0284 3.8905 3.6194 3.0233 2.9285 2.5889 3.0041 3.2015 2.5951 2.9331 3.1272 2.8340 2.4592 2.4168 2.0333 2.3325 2.3150 2.5934 2.8556 2.5334 2.1203 2.6468 2.3814 1.8668 2.0240 2.0036 2.4520 2.4728 2.3374 2.3261 1.9397 
5.0962 4.1586 3.5011 3.4412 2.9011 3.0494 3.1495 2.6518 2.4716 2.4573 2.2834 1.3870 2.2485 2.3830 2.9285 2.2931 1.7893 2.2023 2.7549 2.1214 1.9611 0.9746 1.8318 1.9206 1.8377 1.9333 2.2970 2.0353 1.6691 2.0163 1.7958 1.9332 1.9367 
4.6650 4.1596 3.7493 3.2453 2.9902 3.2629 2.9977 2.2036 2.6028 2.7907 1.9526 2.4034 2.6996 2.2967 1.9685 2.1882 2.2783 2.1161 1.8315 2.0644 2.4343 1.9982 1.4780 2.2320 1.9666 1.4697 2.1070 2.2489 1.8028 1.8772 2.0409 1.9649 1.4757 
4.9916 3.7817 2.8886 2.6270 1.6068 2.5592 2.6305 2.7806 2.1127 2.5280 2.4938 2.4079 1.9064 2.1382 2.4285 2.4316 1.9121 2.3636 2.2657 1.9541 1.5839 2.0076 2.0307 1.9833 1.4825 2.0220 1.7699 1.5512 0.4772 1.2446 1.1317 1.4737 1.7889 
4.5015 4.2185 3.8810 3.6327 3.5769 3.1345 3.1268 3.0918 2.8361 2.9646 2.0874 2.1547 2.5900 2.4861 2.9243 2.6186 2.6636 2.5482 2.7494 2.2631 2.3113 1.8030 1.6135 2.4247 2.1586 2.3642 2.2544 2.1167 2.4186 2.2371 2.1416 2.0267 1.3161 
5.5526 4.7289 4.5314 3.9980 3.8809 3.6197 3.6367 3.5862 3.3605 3.2994 3.0347 2.9173 3.1204 2.8651 2.4040 2.7213 2.0232 2.6399 2.2193 2.6188 2.8460 2.5116 2.5693 2.7394 2.6802 2.8537 2.7665 2.6020 2.6547 2.5825 2.8337 2.4967 2.3879 
4.7033 4.4130 3.0381 2.8493 3.4287 3.2462 2.7508 2.6718 3.0394 2.4689 2.2987 2.6447 2.5300 2.4477 1.3872 2.3213 1.1396 2.2291 1.2040 2.2061 2.2307 2.2941 1.8516 1.9288 2.4187 1.9466 1.9026 2.2283 2.2003 1.4243 1.4204 2.1427 1.4903 
3.7744 4.1851 3.7749 2.4858 3.4618 2.5943 2.6527 2.8046 2.1661 2.0704 1.4104 2.4745 2.7624 2.0829 1.9670 2.3519 2.5587 2.2608 1.8351 1.8959 2.4748 2.0888 0.9332 1.5227 1.5294 2.0379 1.8117 1.5643 2.2608 1.1094 2.0649 2.0177 0.6392 
4.9261 3.9997 4.4787 4.0988 3.6324 3.6923 3.3033 3.2275 2.6877 2.9463 3.1020 2.9641 2.4920 2.6204 2.8576 2.6601 2.7371 2.5983 2.6792 2.4310 2.1773 2.5686 2.6312 2.4060 2.0548 2.4844 2.4407 2.6740 2.4638 2.6859 2.7604 1.7896 1.6864 
5.4504 4.3786 3.6305 3.2498 2.8134 2.9669 3.0003 2.5241 2.9180 2.5968 1.8162 2.0171 1.4562 2.7385 1.7525 1.9018 1.5011 1.8278 1.5757 2.5258 1.1239 1.6407 1.4027 2.0462 2.2423 1.7937 2.1155 1.9628 1.6224 1.9037 1.9734 2.0859 2.2253 
4.8827 4.4296 4.0103 3.3928 3.0179 1.8122 2.8004 2.8131 2.9795 2.4690 3.2508 3.1282 2.7838 2.5059 2.5136 2.7488 2.6949 2.6669 2.3961 2.2897 2.4914 2.7522 2.8059 1.9239 2.3408 2.0492 1.9378 0.7633 1.8506 1.9750 2.3091 2.1715 1.6612 
4.7349 3.8429 3.5999 3.1430 3.0572 3.3092 2.4632 2.3288 2.5113 2.4048 1.9597 2.5345 2.7043 1.8421 2.4287 1.9680 2.1740 1.9155 2.2617 1.6038 2.4389 2.1453 1.4880 1.8374 1.8968 1.5577 1.5741 2.2966 1.8990 1.7391 1.9262 1.5851 1.5588 
4.9286 4.5022 4.5405 4.0143 3.8800 3.2843 3.0455 3.4942 3.4049 2.4221 2.9406 3.4270 2.9474 2.9269 2.9805 3.1334 2.4807 3.0679 2.8480 2.6612 2.6220 3.0225 2.4730 1.8943 2.7173 2.7288 2.1564 2.2553 2.6570 2.6018 2.8590 2.2990 1.7052 
0.7872 3.6330 3.3212 3.4561 3.2249 4.0383 3.6083 3.5684 2.7515 2.9472 3.1138 3.1667 2.9745 3.4709 3.2991 2.5484 2.9364 2.4824 3.1355 3.2296 2.6520 2.8155 2.6482 2.4048 2.0986 2.8324 2.7321 3.0212 2.0584 2.0338 1.6213 1.4747 -2.6128 
5.0921 4.4651 4.0444 3.9428 3.5893 3.8066 3.7006 2.9442 2.6651 2.9398 3.1812 2.8013 2.4720 2.1805 2.6390 2.4211 2.1812 2.3401 2.5124 1.9794 2.1523 2.4413 2.7259 2.4043 2.0340 2.1486 2.8568 2.7915 2.4330 2.5122 2.3790 2.1964 1.9402 
4.0049 4.0637 3.8692 3.6383 3.5696 3.2018 2.8645 3.3695 2.7020 1.9497 3.4558 3.4416 2.4179 2.8091 2.0057 3.2383 2.8548 3.1572 1.8922 2.5762 2.0895 3.0384 2.9874 1.4237 2.0564 2.5892 1.9888 2.1803 2.4140 2.2505 2.1516 1.9267 0.9007 
3.6013 3.4661 3.5653 2.6992 1.1957 2.9969 3.6384 2.7074 3.1969 3.1542 3.7638 3.1525 2.6705 1.8954 3.5100 2.8002 2.9025 2.7038 3.3840 1.6454 2.4122 2.7931 3.3171 2.6202 2.5633 1.9662 2.7708 1.9843 -0.0507 1.3097 1.8946 1.2644 0.3090 
3.9975 3.5632 2.9864 2.5025 2.2434 2.1948 3.0535 2.9907 1.6738 3.5353 4.1461 3.4332 3.3840 3.6673 3.7264 3.6364 2.6544 3.5653 3.5862 3.4746 3.0674 3.0221 3.6781 2.9935 1.0522 2.2181 2.1723 1.1896 1.0750 1.0560 1.3307 1.3532 0.7540 
4.6009 3.9597 4.3496 3.9609 3.4750 3.4247 3.6310 3.4866 2.9515 3.1311 3.5237 3.7148 3.6384 4.0121 3.0808 3.9150 3.5538 3.8239 2.9564 3.7843 3.3716 3.3734 3.0593 2.5851 2.2969 2.7092 2.7637 2.4019 2.2849 2.5320 2.6314 1.7147 1.4703 
4.5205 3.6371 3.9056 3.9776 3.7169 3.0952 3.5596 3.0584 3.2243 3.4445 3.1662 4.0030 3.8308 2.9854 4.1517 4.1273 2.6754 4.0575 4.0238 2.7386 3.5262 3.6154 2.7099 2.9091 2.5805 2.3235 2.6718 2.0894 2.5349 2.5581 2.1686 1.4056 1.3371 
2.4094 2.6254 3.3911 3.0234 3.5921 3.4021 3.4547 3.3274 3.8504 3.8783 4.5703 3.5325 3.8767 4.3348 4.8991 5.0512 3.2343 4.9919 4.7233 4.1042 3.5593 3.1403 4.1073 3.3199 3.1792 2.5583 2.5575 2.3903 2.4321 1.6148 1.6620 0.4675 -0.5838 
5.5494 4.8757 4.4646 4.1944 4.1444 4.0390 4.2929 4.0125 4.3468 4.2610 4.3565 4.0248 2.1094 3.7227 4.2029 4.1321 4.0081 4.0643 4.0703 3.5114 1.8585 3.6393 3.9107 3.7002 3.6718 3.2451 3.4414 3.0162 2.9733 2.8113 2.7164 2.6098 2.3586 
4.0319 3.8876 3.3330 4.0746 3.6411 3.1922 3.4080 2.0047 3.1603 3.7490 4.6371 4.0301 4.0091 3.8798 4.3351 4.1542 2.3300 4.0911 4.1634 3.6366 3.6955 3.6418 4.1641 3.2037 2.5275 1.2723 2.5096 2.1658 2.4720 2.6654 1.6596 1.6531 0.9389 
4.8780 4.2690 3.8752 3.5112 3.5473 3.2420 3.5467 3.5106 3.6483 4.3214 4.5501 4.6021 3.7318 3.4716 3.4407 3.5321 2.5497 3.4758 3.2638 3.2239 3.4577 4.2180 4.0872 3.7645 3.0230 2.7485 2.6586 2.2261 2.3915 2.0797 2.0983 2.0813 1.5449 
6.9584 6.7687 6.0074 5.1989 4.7150 4.4559 3.7750 2.9549 3.6469 4.0626 4.1620 3.8830 3.4588 2.8960 2.8434 3.2594 2.4148 3.1784 2.6690 2.6340 3.1331 3.4935 3.7067 3.5183 3.0182 2.1666 2.9250 3.4386 3.5406 3.8121 4.2695 4.5773 3.7594 
6.2860 6.6870 4.7734 4.5261 4.4419 4.2670 4.0381 4.6930 4.3162 4.0595 4.0363 4.4592 2.6601 2.7736 3.6473 3.9479 3.8184 3.8718 3.5234 2.5551 2.3855 4.0550 3.5710 3.5154 3.6478 3.9726 3.1859 3.2559 3.2275 3.1059 3.2120 4.5133 3.3524 
6.8384 6.2075 5.7779 5.1843 4.9474 4.6673 4.5918 4.1523 4.4917 4.2260 4.3136 3.6386 4.7015 4.3138 4.1409 4.0784 3.9846 4.0166 4.0068 4.0870 4.4499 3.3114 3.8704 3.6793 3.8506 3.4487 3.7149 3.6646 3.7375 3.8318 4.1012 3.9944 3.6180 
6.7039 6.6258 5.6597 5.0811 4.3832 3.9714 3.4942 3.3680 3.5522 3.6583 3.9336 4.3624 3.9494 3.2796 3.3118 3.4621 3.4909 3.3899 3.1371 3.0571 3.6154 3.9877 3.4666 3.1332 2.9344 2.5644 2.5728 2.9262 3.1302 3.6393 3.9715 4.4603 3.6445 
5.8300 6.5252 4.8323 5.0191 4.6552 4.4693 4.4796 3.9407 4.1385 4.1323 3.9357 3.2332 4.2075 3.7229 4.1487 3.5413 3.7652 3.4816 4.0159 3.5196 3.9531 2.8722 3.4607 3.5825 3.5027 3.1355 3.5828 3.4507 3.4847 3.6014 3.0411 4.3448 2.8419 
6.0673 6.4322 5.2422 3.4474 3.6775 3.6249 3.8503 3.9003 3.6783 3.3883 3.4231 3.2846 3.4851 3.3215 3.4867 3.1368 2.4655 3.0765 3.3439 3.0903 3.1648 2.9325 2.9520 2.8309 3.0457 3.1137 2.9696 2.5962 2.4892 1.9998 3.5127 4.2080 2.9178 
4.1479 5.6241 5.0183 4.7253 4.5176 4.3739 4.2274 4.0983 3.8759 4.2672 4.1190 4.4553 3.2124 3.9826 4.2328 4.0074 3.9558 3.9517 4.0948 3.7503 2.9435 4.0502 3.6490 3.7130 3.2080 3.3691 3.3929 3.3658 3.3503 3.3737 3.3241 3.4645 0.9162 
6.0388 5.1217 4.5250 3.9422 3.6381 3.4511 3.4491 3.0929 3.9523 3.8879 4.0947 4.4689 4.5535 3.8551 2.4600 3.7048 4.0861 3.6375 2.3286 3.6132 4.2484 4.0696 3.6364 3.3177 3.2818 2.3459 2.5407 2.4267 2.4601 2.4992 2.7683 3.0379 2.8630 
6.5671 5.8798 5.3242 4.9930 4.6302 4.5179 4.3684 4.2352 4.1130 4.0420 3.6642 4.5666 4.8760 4.0158 3.7234 4.7392 4.5301 4.6639 3.5928 3.7938 4.5642 4.1755 3.2021 3.4947 3.4792 3.4948 3.4844 3.4985 3.4622 3.5672 3.6028 3.6184 3.3913 
2.9070 5.2778 4.7020 4.3822 4.1712 3.9757 3.7533 3.7201 3.9125 4.4116 2.7899 4.9201 4.6766 3.8899 4.4903 4.0833 2.9651 4.0178 4.3418 3.6441 4.4260 4.5244 2.3144 3.8488 3.2297 2.9848 2.9122 2.9598 3.0063 2.9752 3.0161 3.1066 -0.5488 
6.4808 5.5055 5.0449 4.6854 4.5311 4.4573 4.3416 4.3435 4.3798 4.0236 4.2340 4.6714 4.5938 4.0291 4.0775 3.6754 1.3819 3.6089 3.9568 3.8167 4.3033 4.3203 3.7868 3.4797 3.7002 3.5747 3.4691 3.4384 3.3538 3.2999 3.3459 3.2094 3.2686 
6.5511 5.6192 4.9891 4.6622 4.4687 4.0585 3.8150 3.6929 3.4697 3.1828 4.5806 5.2722 5.1685 4.5980 4.6235 3.9495 1.1226 3.8686 4.4964 4.4082 4.9038 4.9325 4.1234 2.6614 2.8072 2.9600 2.9476 3.0384 3.2539 3.2646 3.2495 3.3754 3.3772 
5.6067 5.2512 4.5905 4.3961 4.2310 3.9670 3.9087 3.7970 4.0096 3.9304 4.4485 4.4615 3.9252 4.0059 4.1570 3.7509 4.4884 3.6785 4.0288 3.7805 3.5907 4.0602 3.9768 3.3706 3.3827 3.0436 3.0107 2.9514 3.0552 2.9864 2.9244 3.0521 2.4608 
6.5962 5.6693 5.1451 4.8580 4.7533 4.5886 4.3394 4.2280 4.0059 3.4971 4.4667 5.0597 4.3953 4.0940 4.6701 4.5143 3.8076 4.4579 4.5444 3.8987 4.0692 4.6660 3.9975 2.9475 3.3713 3.4914 3.4674 3.5697 3.5685 3.4562 3.4521 3.4305 3.4305 
6.4828 5.4451 4.7200 4.4355 4.4975 4.4121 4.2427 4.5246 4.4818 4.8015 5.4569 5.7407 4.8959 4.6036 3.4769 4.0182 3.4024 3.9639 3.2980 4.4102 4.5736 5.3958 4.9850 4.2428 3.8230 3.7592 3.4019 3.3936 3.3014 2.9956 3.0124 3.1213 3.2607 
5.5296 5.2363 4.6774 4.4006 4.2014 4.1396 3.7498 3.0247 3.4894 3.5321 4.2894 1.5225 3.9350 3.8436 3.9658 4.4294 3.9010 4.3333 3.8088 3.6024 3.6028 1.3262 3.8442 2.9784 2.8429 2.2499 2.9053 3.1210 3.0276 2.9861 2.9975 3.0422 2.3790 
6.6992 5.8746 5.3558 5.0617 4.8561 4.6995 4.5257 4.3989 4.3143 4.3631 4.7724 3.0745 2.5522 3.6805 4.3706 4.2992 3.5749 4.2157 4.1936 3.4802 2.2580 2.6790 4.3225 3.8003 3.6477 3.6154 3.6376 3.6824 3.6445 3.6440 3.6295 3.5996 3.5258 
6.5198 5.5206 4.8332 4.5367 4.2853 4.2539 3.9460 4.1522 4.0118 4.2067 4.1640 4.7407 4.3235 3.8675 3.7648 4.2667 3.6880 4.1840 3.6201 3.6275 4.0260 4.3992 3.7105 3.6494 3.3696 3.4317 3.0321 3.2294 3.0857 3.1151 3.0970 3.2180 3.3213 
5.9909 5.3364 4.9217 4.6609 4.4208 4.1103 4.0691 3.2161 4.0799 4.2704 4.8642 4.6373 3.6344 3.3197 4.0725 4.6535 3.2592 4.5832 3.9559 3.0883 3.3605 4.2587 4.4215 3.7146 3.4568 2.4678 3.1811 3.0917 3.1903 3.2693 3.1757 3.0946 2.7906 
6.6641 5.7745 5.2467 4.9952 4.8212 4.5662 4.4293 4.2877 4.1192 3.9519 4.0123 4.1536 3.9222 3.9519 3.3689 4.1342 4.1240 4.0661 3.1914 3.6963 3.5961 3.7960 3.5415 3.4150 3.4877 3.5343 3.5237 3.5476 3.6247 3.5705 3.5431 3.5200 3.4891 
6.4634 5.2856 4.7611 4.4743 4.1822 3.7759 3.5341 3.8515 3.0314 4.0168 4.6340 4.1214 4.1604 3.7874 3.4878 3.9521 4.1942 3.8776 3.3479 3.5643 3.9096 3.7427 4.1613 3.4769 2.4068 3.0766 2.6375 2.7606 3.0151 3.0475 3.0467 2.9913 3.2374 
6.0582 5.5096 5.0161 4.6874 4.5561 4.3194 4.4298 4.5257 4.3365 4.5067 4.0832 3.1283 3.1764 3.0785 4.0208 4.1509 2.5659 4.0846 3.8993 2.8862 2.9246 2.7502 3.6216 3.9658 3.6633 3.7610 3.5268 3.3018 3.3958 3.3091 3.3092 3.2697 2.9055 
6.6844 5.7710 5.1416 4.8675 4.6042 4.5368 4.1090 4.6063 4.4496 4.3484 4.9833 3.9878 3.7855 3.5469 3.7625 4.4621 3.8433 4.3872 3.6190 3.3441 3.4968 3.5909 4.5130 3.7922 3.7708 3.8744 3.2260 3.5176 3.4426 3.4638 3.4511 3.5164 3.5071 
6.4171 5.2770 4.5863 4.5283 4.1904 4.1931 4.0844 4.1641 4.0111 4.1813 4.2723 3.8563 3.5637 3.5975 4.0817 4.3364 3.9705 4.2510 3.9596 3.4228 3.2756 3.4784 3.8267 3.6396 3.3826 3.4479 3.1974 3.1717 3.0144 3.1061 2.8807 2.9853 3.1919 
5.9706 5.2352 4.6782 4.3927 4.1978 4.2144 3.9498 3.9567 4.1547 4.4708 4.8746 4.0090 3.5733 3.0648 4.0570 3.8428 3.6017 3.7495 3.9423 2.8645 3.2842 3.6155 4.4301 3.9356 3.5251 3.1704 3.0433 3.2005 3.0291 2.9800 2.9968 3.0152 2.7661 
6.6589 5.7611 5.2133 4.9275 4.6182 4.4515 3.8628 4.5016 4.2233 3.9212 4.2805 4.3149 4.3241 4.2275 4.1793 4.4824 4.0341 4.4230 4.0497 4.0243 4.0262 3.9556 3.8326 3.3563 3.5822 3.7279 2.9782 3.4355 3.4557 3.5009 3.5182 3.5103 3.4854 
6.1119 4.8934 4.3392 3.4146 3.6081 3.8611 4.4201 4.3423 3.8093 3.8642 4.0499 3.0643 3.1964 3.5044 2.8269 4.1265 4.1798 4.0600 2.6543 3.2764 2.9306 2.6670 3.5841 3.3133 3.1488 3.5768 3.5185 2.8320 2.4305 1.9552 2.6018 2.5414 2.9413 
5.8975 5.3031 4.7765 4.3811 4.1941 3.7832 4.1277 4.2957 3.9615 4.0438 4.9815 4.1705 3.9300 3.6426 4.0995 4.4988 4.2126 4.4459 3.9742 3.4548 3.5946 3.8113 4.5115 3.4996 3.2976 3.5406 3.2604 2.7657 3.0228 2.9717 3.0711 3.0728 2.6842 
6.5212 5.6312 4.9673 4.6697 4.5115 4.3606 4.5209 3.2678 3.9515 4.3510 4.7951 3.5371 3.7835 4.4297 4.7316 4.5770 4.1189 4.5140 4.5939 4.1653 3.5036 3.1653 4.3488 3.7944 3.2765 2.5154 3.6337 3.3442 3.3261 3.2844 3.2176 3.4038 3.3298 
6.1518 5.0938 4.5786 4.3504 4.1040 3.9879 3.9477 3.4891 3.3414 3.5653 4.7201 3.8995 3.8785 3.6960 4.0676 3.2543 3.1446 3.1617 3.9508 3.4984 3.5576 3.4996 4.2687 3.0272 2.6552 2.7096 3.0494 2.9747 2.9446 2.9516 2.8879 2.8097 2.9721 
5.6560 5.0807 4.6495 4.1202 4.1186 4.0679 3.9767 3.5144 3.5216 3.7693 3.9652 3.5232 3.5272 3.4563 3.8395 4.0697 3.0365 4.0060 3.6704 3.2038 3.2221 3.1323 3.4962 3.2073 2.9101 2.7477 3.0823 3.0516 2.9555 2.7188 2.9635 2.8857 2.4861 
6.3422 5.4334 4.6773 4.6071 4.4065 4.2516 4.1406 4.2416 4.3927 4.6250 4.5779 3.3964 3.2659 2.6350 3.5190 3.9034 3.6047 3.8027 3.4111 2.4479 2.9688 2.9788 4.1182 4.0754 3.7089 3.5038 3.2668 3.2406 3.1858 3.1953 2.9794 3.1209 3.1307 
6.1958 5.1811 4.6561 4.1998 3.9169 3.4282 3.4856 2.2894 3.9306 3.4928 3.4830 3.6969 3.4307 3.5412 3.8259 3.1277 3.5365 3.0568 3.6535 3.3322 3.0970 3.3471 3.0125 2.9533 3.2440 1.5122 2.6005 2.4185 2.7009 2.8376 2.9765 2.9456 3.0298 
4.9281 4.8390 4.2853 4.2852 4.0201 3.7780 4.0744 3.2991 3.3529 3.2292 3.2341 2.9886 3.1267 3.2323 3.4797 2.3177 2.5376 2.2093 3.3335 3.0232 2.8567 2.6006 2.7882 2.6696 2.6753 2.5345 3.1868 2.7581 2.8439 2.9225 2.5807 2.6287 1.7540 
6.3676 5.5124 5.0327 4.5032 4.3699 4.1837 4.2525 3.5390 3.7013 3.7194 3.5931 3.6622 3.5967 3.6407 3.5609 3.4193 3.2077 3.3237 3.4422 3.4510 3.3128 3.3092 3.1291 3.1617 3.0586 2.7865 3.4135 3.1665 3.1482 3.0795 3.3274 3.2311 3.1581 
6.2935 5.3126 4.8838 4.7038 4.3049 4.1674 3.9823 3.8447 3.6961 3.6474 3.5730 3.5412 3.4906 3.5414 3.4511 3.2950 3.1556 3.2091 3.2878 3.3348 3.1699 3.1478 3.1111 3.1076 3.0588 3.0725 3.0867 3.1496 3.1081 3.3223 3.1363 3.0300 3.1010 
4.4536 4.5930 4.3618 3.6042 3.3798 3.0358 3.3636 3.1611 3.4329 3.2654 3.3152 3.2011 3.0769 2.5044 3.2602 2.9394 2.8247 2.8664 3.1131 2.2895 2.7891 2.8562 2.8720 2.7076 2.7599 2.4403 2.4822 2.0185 2.1622 2.1875 2.6354 2.4311 1.3027 
6.3095 5.4825 4.9205 4.4601 4.3989 4.2829 3.9140 3.9597 4.0450 3.9812 3.8573 3.7300 3.6747 3.5857 3.5619 3.4939 3.2523 3.4387 3.4431 3.3976 3.4249 3.3876 3.4117 3.4411 3.4263 3.1686 3.0087 3.2656 3.1693 3.0287 3.1622 3.1866 3.1187 
6.2364 5.2239 4.5850 4.0596 4.0685 3.8951 3.5660 3.8363 3.7523 3.5603 3.3788 3.5549 3.4302 3.3909 3.3309 3.2685 3.0133 3.1832 3.1578 3.1341 3.1001 3.1651 2.9232 3.0141 3.1038 3.0635 2.6730 2.8732 2.9125 2.6308 2.9003 2.9681 3.0594 
4.1371 4.6010 3.9403 3.7291 2.9449 3.1018 3.6734 3.0576 2.8627 1.2952 2.3472 2.8390 2.4296 3.0347 2.3296 2.5229 2.6310 2.4629 2.1517 2.8295 2.1087 2.4610 1.9079 0.7206 2.1733 2.3152 2.8258 2.1013 1.7192 2.3609 2.2088 2.4446 1.0076 
6.1709 5.3039 4.7709 4.5311 4.3240 4.2326 4.0408 3.6076 3.7928 3.7558 3.5940 3.6069 3.6181 3.5067 3.4309 3.3310 3.1416 3.2412 3.2528 3.2825 3.3403 3.2284 3.1298 3.1994 3.1328 2.8849 3.1450 3.2155 3.1252 3.1148 3.0634 3.0422 2.9982 
6.3033 5.3433 4.7552 4.4475 4.2529 4.1728 4.0656 3.6923 3.8771 3.6847 3.6203 3.4261 3.4749 3.5365 3.4855 3.3256 3.2764 3.2364 3.3443 3.3270 3.1482 3.0203 3.1480 3.1356 3.1966 2.9640 3.1758 3.1542 3.0656 3.0113 3.0416 3.0543 3.1091 
4.6709 4.6480 4.1545 4.0098 3.6378 3.5320 2.9395 3.1968 3.2030 3.0658 3.1951 2.6454 2.5908 2.6361 2.5765 2.7825 2.9590 2.6984 2.4508 2.4498 2.3116 2.2904 2.7429 2.5204 2.5626 2.4688 2.0336 2.5156 2.4650 2.6059 2.4715 2.4732 1.5050 
6.1725 5.3479 4.8837 4.4602 4.2228 4.1273 3.8972 3.7271 3.7270 3.6826 3.6040 3.5337 3.6391 3.4804 3.3304 3.3675 3.1327 3.2755 3.1576 3.2438 3.3721 3.1400 3.1354 3.1348 3.0830 2.9892 2.9996 3.1103 3.0439 3.0286 3.1379 3.0760 2.9899 
6.1475 5.1607 4.6064 4.2954 4.0717 4.0106 3.9171 3.6400 3.5897 3.4720 3.5112 3.4260 3.4256 3.2463 3.2312 3.0738 3.2867 3.0086 3.0879 3.0314 3.0934 3.0203 3.0446 2.9316 2.9608 2.9215 3.0124 2.9919 2.9162 2.9175 2.9252 2.9202 2.9801 
4.4705 4.8988 4.7186 4.4059 3.9992 3.6394 3.5587 3.5931 3.3471 2.9574 3.1814 3.0989 2.6839 2.1702 2.5797 2.6077 2.6004 2.5405 2.4540 1.9636 2.4238 2.7177 2.7290 2.4187 2.6651 2.8660 2.6713 2.6205 2.8128 2.9877 3.0324 2.6943 1.4450 
6.0856 5.2811 5.0543 4.6441 4.0945 4.2475 4.1259 3.8422 3.8801 3.8069 3.5233 3.5112 3.5851 3.5231 3.4709 3.4811 3.4731 3.4275 3.3204 3.3074 3.2974 3.1251 3.0576 3.2467 3.1998 3.0688 3.2486 3.2283 2.9317 3.2341 3.3616 3.0313 2.9152 
5.9580 5.1701 5.0248 4.4914 4.2001 4.1438 4.0100 3.9339 3.4730 3.5324 3.5389 3.3694 3.4140 3.4970 3.1951 3.2250 3.0037 3.1436 3.0585 3.2687 3.0810 2.9821 3.0749 2.9890 2.8237 3.1350 3.1220 3.1268 3.0276 3.0678 3.3123 2.9584 2.6875 
3.9777 3.9163 3.6147 3.4954 1.8962 2.9619 2.9999 2.7961 2.8033 2.8421 2.8398 2.8297 1.4187 2.5924 1.9337 1.2818 2.2671 1.2113 1.7661 2.4097 1.0688 2.4524 2.4007 2.2836 2.1317 2.0339 2.1146 1.9435 0.6547 2.0785 1.9523 1.6750 0.9034 
6.0714 5.4281 4.8021 4.5008 4.3958 4.1467 4.0874 3.8431 3.7343 3.8209 3.8089 3.7187 3.6422 3.4694 3.5254 3.4785 3.3935 3.4252 3.4084 3.2273 3.3798 3.3751 3.3619 3.2602 3.0894 3.0705 3.2036 3.1285 3.1693 3.0767 3.0797 3.1405 2.8925 
5.6299 4.4859 3.5126 3.1104 3.3852 3.1276 3.1434 3.1847 2.9892 2.8812 2.6950 2.6084 2.8070 2.4723 3.1209 2.7471 2.3585 2.6630 2.9883 2.2406 2.5057 2.2341 2.2451 2.3154 2.3489 2.4523 2.2828 2.1027 2.1500 1.6735 1.8036 2.1651 2.4627 
4.1534 4.3248 1.5896 3.2549 1.2574 2.7159 3.1085 3.0901 2.5158 1.6613 2.6629 2.7511 2.5072 2.3863 2.5919 1.7932 2.4441 1.7082 2.4633 2.1227 2.1983 2.4086 2.2105 1.1039 1.8982 2.3613 2.2335 1.6988 -0.0619 1.8813 -0.0659 2.1117 0.9574 
5.7478 5.0746 4.1104 4.1596 3.8396 3.9682 3.7496 3.2739 3.4608 3.4533 3.0133 3.1182 3.0477 3.1181 3.0318 3.0121 2.9788 2.9544 2.9178 2.9295 2.7506 2.7430 2.5486 2.9150 2.8039 2.5193 2.9115 2.9497 2.6236 2.7634 2.4152 2.8402 2.5511 
5.5959 4.9350 4.2848 4.0755 3.9690 3.8087 3.3752 3.1672 2.6623 2.5487 2.4816 2.8108 2.8788 2.7711 2.5949 2.7791 2.4044 2.6929 2.4654 2.5468 2.5511 2.4392 2.0069 1.9967 2.0315 2.4456 2.4840 2.7910 2.7621 2.6516 2.5646 2.6369 2.4194 
5.0281 3.3824 3.3259 3.1010 3.4592 3.0338 2.9722 2.9080 2.9601 2.5681 2.6052 2.6190 2.0610 2.5820 1.5773 2.4264 1.4409 2.3544 1.4406 2.4042 1.7799 2.2469 2.1335 2.0207 2.3067 2.1121 2.0765 2.0127 2.2502 1.6646 1.5786 0.9358 1.8451 
5.5198 4.3213 4.1810 3.9864 3.7481 3.4908 3.6384 3.4510 3.2211 3.3842 3.3547 2.9040 2.5340 2.6501 2.4566 2.9678 2.9989 2.9148 2.3080 2.4594 2.2373 2.4998 2.9118 2.8219 2.5776 2.6585 2.7696 2.4702 2.5603 2.5619 2.4892 1.9974 2.3399 
5.2825 4.6384 3.6431 3.2311 3.3130 3.4445 3.2243 3.0829 2.9869 2.7075 2.7949 2.6777 2.8369 2.8479 2.7670 2.8021 2.3978 2.7148 2.6172 2.6062 2.5252 2.3270 2.3452 2.1472 2.3480 2.3486 2.3786 2.4254 2.1035 1.8382 1.9448 2.4257 2.0921 
5.5469 4.9863 4.0431 3.5327 3.7181 3.5303 3.4676 3.0943 3.0313 3.2306 2.9329 3.1368 2.9799 2.5353 2.9963 2.8434 2.9303 2.7514 2.8687 2.3325 2.6593 2.7771 2.4606 2.6736 2.4130 2.3685 2.5705 2.5105 2.5338 2.1097 2.3325 2.7263 2.3743 
4.7940 4.5329 4.1948 4.0385 3.4126 3.6809 3.5661 3.2832 3.2078 3.2227 2.8971 3.1290 3.0337 2.9449 2.8481 2.7140 2.7067 2.6356 2.6693 2.6961 2.7311 2.7596 2.4308 2.6653 2.5675 2.5250 2.6812 2.6637 2.1875 2.6229 2.5051 2.3370 1.5363 
5.0710 4.4468 3.9297 3.8734 3.6958 3.4825 3.1888 3.2686 3.2406 3.4245 2.9181 2.3421 2.6447 2.0293 2.3717 2.7073 2.6896 2.6299 2.1930 1.8314 2.4003 1.9545 2.4459 2.8645 2.5971 2.5171 2.3434 2.4644 2.5236 2.4624 2.1734 2.1674 1.9037 
5.0640 3.4799 3.3841 3.1050 2.7218 3.0429 2.5645 2.8112 2.2631 3.2304 2.8636 2.6817 2.2754 2.1282 2.1183 1.9821 1.3371 1.9183 1.9952 1.9312 1.9860 2.3259 2.4127 2.6792 1.6103 2.0525 1.7088 2.0401 1.5344 1.7057 1.6929 1.0206 1.8847 
4.9816 4.5165 3.3067 3.1760 2.9429 3.7692 3.5516 3.4042 3.5116 2.7504 1.9005 2.1652 2.4538 2.8970 2.8745 2.9651 -1.8507 2.9118 2.6940 2.6307 2.1255 1.8152 1.4250 2.1914 2.8857 2.6158 2.6612 2.7572 1.7171 1.8017 1.5670 2.2927 1.7686 
5.7331 4.8120 3.1580 3.4187 3.2845 3.0459 3.1861 1.9955 3.6075 3.6324 2.9544 2.7116 3.1902 3.2750 2.9693 2.9204 2.8550 2.8316 2.8238 3.0522 2.9314 2.3671 2.4829 3.0805 2.9756 1.1854 2.3355 2.0213 2.0825 1.9743 1.4551 2.5510 2.5661 
4.8452 4.0287 3.5728 3.1629 3.1839 3.3468 2.6595 2.4737 1.7928 2.4499 2.8508 2.4078 2.2518 1.8962 2.1295 1.1198 1.9594 1.0601 2.0032 1.6277 1.9638 2.0000 2.4049 1.9089 1.1162 1.7083 1.8112 2.3247 2.0123 1.7659 1.9067 1.7821 1.6617 
5.7588 4.9775 4.3456 3.7143 3.7560 2.9424 3.4450 3.1178 2.7460 3.4445 3.1332 2.7655 3.1473 2.6641 2.7313 2.6737 2.4180 2.6110 2.5884 2.4710 2.8998 2.4170 2.6680 2.8991 2.1031 2.4046 2.5441 1.9224 2.5685 2.3340 2.6137 2.6864 2.5663 
5.5478 4.5527 3.7550 2.9163 3.1914 3.4330 2.9945 1.7530 2.9027 2.8908 2.4998 1.7978 2.4510 2.6254 2.8047 2.8304 2.6276 2.7438 2.6396 2.4364 2.1273 1.4445 2.0398 2.3380 2.2240 0.9706 2.0999 2.4108 2.0357 1.4533 2.0856 2.2909 2.3819 
