4.0569 4.1637 3.5177 2.9911 2.6730 2.5492 2.3506 2.4523 2.3861 2.5716 2.5836 2.3476 2.3300 2.4420 2.3597 1.7858 1.8722 1.7211 2.2246 2.2238 2.0866 2.0366 2.1536 2.0798 1.7896 1.7334 1.5705 1.6150 1.6048 1.6866 1.9476 2.1717 1.2356 
3.3535 3.5120 3.3487 2.9111 2.6451 2.4003 2.1720 2.5123 1.9820 1.9851 1.6539 1.4646 1.9741 1.9897 2.1412 2.0751 1.4232 2.0055 2.0294 1.7740 1.6954 1.1340 1.2375 1.4557 1.3581 1.7829 1.3554 1.4665 1.5902 1.6256 1.7885 1.5217 0.6350 
3.4783 3.6229 2.7619 2.5737 2.4418 2.2891 2.0662 1.6023 1.9778 2.0294 1.8639 1.9128 1.4025 1.4725 1.7832 1.6739 1.7081 1.6208 1.6635 1.2608 1.1514 1.5964 1.4456 1.5187 1.3554 0.8666 1.2405 1.3527 1.3260 1.2769 1.2119 1.6322 0.5881 
1.7818 3.3114 1.5016 1.6879 1.6337 1.2677 1.5482 1.9884 1.7584 2.0401 2.0248 0.8650 1.6798 1.6117 1.3218 -0.1143 1.5337 -0.1458 1.2008 1.3791 1.3977 0.5298 1.6009 1.5269 1.1857 1.2763 0.7431 0.3659 0.5403 0.3897 -0.2549 1.3173 -2.6022 
3.1861 3.2153 2.1271 2.2787 1.8099 1.6693 1.6459 1.6988 1.9548 1.8138 1.9751 1.5793 1.3239 1.3396 -0.6720 1.7750 1.5130 1.7120 -0.8635 1.1644 1.0908 1.2075 1.5660 1.3160 1.3397 1.0080 0.8337 0.7336 0.7364 1.0181 0.5196 1.2131 0.2279 
2.9021 2.3352 1.3232 1.9212 1.7313 1.4377 1.8009 1.6105 1.5348 1.6790 1.1257 0.9192 1.1077 0.5860 1.1177 1.1058 1.0727 1.0165 0.9467 0.3611 0.8012 0.6065 0.6916 1.1818 0.9151 0.8822 1.0171 0.5009 0.6591 0.6667 -0.3089 0.3896 -0.0428 
1.7509 2.7143 2.0384 2.1112 2.1019 1.2572 1.3203 0.7422 0.5990 0.1211 1.0414 1.3692 1.6198 1.3147 1.8100 1.9633 1.7919 1.8819 1.6939 1.1402 1.3211 1.0524 0.6406 -0.3731 -0.0365 0.0285 0.5258 0.3053 0.9999 0.8190 0.4265 0.7358 -1.0497 
2.1539 2.7559 2.5777 2.2023 1.9951 1.2510 0.6057 1.6174 1.7769 1.6700 1.3157 0.9560 1.2929 1.4319 0.9772 1.4551 0.8118 1.3738 0.8396 1.2339 1.0347 0.6492 0.8862 1.1705 1.1938 0.8972 -0.2000 0.3177 0.8722 0.9027 1.0164 0.7650 -0.9610 
2.5645 2.4021 1.7910 1.4030 1.4453 1.2181 1.6814 1.6410 1.5220 1.5749 1.0635 1.6323 1.7524 1.7053 0.8553 1.4058 -0.5220 1.3322 0.7407 1.5168 1.4943 1.2735 0.6592 1.0523 0.9070 0.9282 0.8633 0.2883 0.3505 0.1618 0.2432 0.3890 -0.2642 
1.9963 1.7866 1.4282 1.2782 1.6281 1.2303 0.9728 1.4306 1.0139 1.3106 1.2752 1.7747 1.3770 0.9438 1.3921 1.0021 1.5430 0.9213 1.2654 0.7443 1.1415 1.4318 0.8518 0.8112 0.3977 0.7430 0.1932 0.2950 0.5210 -0.0328 -0.1527 -0.1991 -1.1562 
2.8620 2.7276 2.2597 1.6062 2.0018 1.4928 1.7567 1.3901 1.7200 1.0482 1.3634 1.4740 1.0111 1.7139 1.2176 1.1635 1.1681 1.1184 1.1031 1.5347 0.7308 1.1441 0.9495 0.5362 1.1458 0.7248 0.9512 0.5656 0.8867 0.3117 0.7199 0.7376 -0.0435 
2.5575 2.6530 2.4073 2.0192 1.2369 1.6203 1.7779 1.3434 0.7456 1.3649 1.3118 0.9655 0.3830 0.9054 0.9811 0.5332 -1.3264 0.4570 0.8392 0.7178 0.1375 0.6442 0.8744 0.8578 0.1695 0.6770 0.9755 0.6911 0.1842 0.7106 0.8400 0.6729 -0.3546 
1.7580 1.0766 2.1462 1.1197 1.4504 0.6560 2.0376 0.3919 1.6987 1.3171 1.7087 1.3140 1.7090 1.7142 1.2658 1.3346 0.6638 1.2777 1.1525 1.5320 1.4394 0.9675 1.2861 0.8128 1.1309 -0.2433 1.2099 -0.3057 0.3566 -0.1643 0.6114 -0.9747 -1.1807 
2.5262 2.4326 2.3811 1.9498 2.0534 1.3350 1.8069 1.7367 1.6519 1.8160 1.3962 1.3734 1.8553 1.4213 1.3179 1.0851 1.6693 0.9997 1.1975 1.2241 1.6121 1.0616 0.9750 1.3190 1.0635 1.0657 1.0289 0.4105 0.9208 0.6819 0.8155 0.4104 -0.3096 
3.2763 3.1296 3.1167 1.9403 1.6216 2.0845 1.8782 1.1295 1.4093 1.1940 -0.1577 1.6321 1.4777 1.4429 1.3409 0.6100 1.8315 0.5386 1.2205 1.2421 1.1994 1.2722 -0.6304 0.6940 0.8165 0.4079 1.1073 1.1483 0.5415 0.6593 1.5858 1.1448 0.3370 
2.7470 2.5274 3.1869 2.6364 2.4063 2.5134 2.1375 2.1874 1.5066 0.8011 1.1470 0.7533 1.2602 1.4797 1.2419 1.2966 1.1312 1.2323 1.1358 1.2665 0.9997 0.3882 0.7123 0.3099 0.8815 1.5071 1.3192 1.5795 1.3116 1.3287 1.6486 0.5345 -0.1443 
2.8357 2.6511 3.0697 2.0915 0.6784 2.1997 2.1032 2.0613 1.9485 1.9033 1.6229 1.3744 0.6003 1.7200 1.1403 0.6187 0.8827 0.5206 0.9873 1.5413 0.3221 1.0619 1.1881 1.3916 1.3317 1.3304 1.2771 1.2700 -0.5466 0.7815 1.5257 0.6733 -0.1080 
1.8099 1.8584 2.5746 2.1255 2.0522 2.1132 2.5492 1.9556 1.6410 1.1047 1.6829 1.7821 1.9946 1.8207 1.4568 1.6995 1.2690 1.6447 1.3136 1.6429 1.7050 1.4434 1.2547 0.5986 1.0492 1.2502 1.7238 1.1855 0.9239 0.8159 1.0215 -0.1833 -1.0887 
3.0246 2.9381 3.3451 2.5785 3.0241 2.8076 2.1010 1.5549 1.6441 1.6133 1.4646 1.5033 1.5155 1.5101 1.8705 1.5854 1.5424 1.4937 1.7417 1.2958 1.2295 1.1623 1.0554 1.1192 1.0597 0.8230 1.2750 1.8713 1.9220 1.2921 1.7796 0.9190 0.1158 
1.6188 2.7684 3.5402 3.1249 1.4076 2.6430 2.3334 1.3597 1.6082 1.6339 1.2258 1.4741 1.2577 1.3383 1.5817 0.6344 1.3997 0.5288 1.4053 1.1590 0.9867 1.1377 0.7912 1.1383 1.0115 0.6738 1.5678 1.7085 0.2566 1.8175 2.0023 0.8044 -2.1372 
2.6341 2.7912 3.5274 3.0434 3.0105 2.4608 2.1304 1.3974 1.1777 1.6258 1.7273 1.2184 1.0258 0.9751 1.1023 0.9177 0.6615 0.8492 0.9378 0.7758 0.7477 0.8572 1.3023 1.1317 0.5904 0.7217 1.3151 1.5335 1.8978 1.7403 1.9750 0.8330 -0.2571 
0.6482 3.0210 3.3193 2.2163 2.6200 2.9959 3.1785 2.6654 2.2299 2.2178 1.9955 1.3222 1.5000 1.7205 1.8113 1.9511 2.1376 1.8736 1.6942 1.5502 1.2148 0.9987 1.5815 1.7153 1.6476 1.9943 2.3791 2.0645 1.5546 0.9030 1.7562 1.0433 -3.5180 
3.2399 3.0998 3.5923 3.2079 2.0282 3.1736 3.2759 2.4654 2.2795 2.0559 1.9043 1.4583 1.8125 1.4188 1.2148 1.3152 0.9755 1.2515 1.1146 1.2162 1.5854 1.1346 1.4923 1.5414 1.7029 1.7489 2.5086 2.2405 0.9417 1.9314 2.0638 1.1417 0.3275 
1.5945 2.7664 3.4827 2.4568 2.7775 2.3766 3.0885 2.1224 2.1857 1.8913 2.1319 2.1599 1.9686 1.4765 1.7895 1.6603 -0.2698 1.6078 1.6724 1.2676 1.6859 1.7990 1.7053 1.3791 1.6119 1.4108 2.2674 1.4528 1.6998 1.1618 1.9018 0.8230 -1.2381 
2.7543 3.0774 3.7158 3.0721 2.9895 2.8232 2.5524 1.8457 1.1551 -0.1167 0.7748 1.5056 1.7819 1.6942 1.3250 1.0622 -0.1068 0.9745 1.2106 1.5006 1.5339 1.1645 0.3577 -0.6201 0.5489 1.1792 1.7273 1.8886 1.8569 1.7687 2.1703 1.1347 -0.1440 
3.0314 3.1636 3.6898 2.6475 2.8761 2.7203 3.2307 2.4257 2.4091 2.1651 2.2554 2.0756 1.9468 1.6431 1.9193 1.6938 1.1521 1.6385 1.7811 1.4274 1.6721 1.7075 1.8304 1.6649 1.7942 1.7145 2.4536 1.7894 1.7705 1.3391 2.1469 1.2012 0.1221 
2.6723 2.8755 3.5842 2.6876 2.6990 2.6983 3.2829 3.0070 2.5834 2.4249 2.0791 1.5771 1.6254 2.2049 1.9467 1.7551 1.9408 1.6933 1.7921 2.0336 1.3221 1.2032 1.6421 1.9066 1.9924 2.2743 2.5185 1.7634 1.6349 1.3705 2.0592 0.9030 -0.1807 
0.3212 3.0477 4.0442 3.4092 3.1136 1.1380 3.2250 2.4160 2.6486 2.5733 2.4968 2.3155 2.2597 2.2139 2.1023 2.0954 2.0464 2.0441 1.9666 2.0463 2.0247 1.9988 2.0700 2.0768 2.0755 1.7145 2.4482 0.2738 2.0542 2.1042 2.5193 1.1362 -2.1730 
1.4364 3.3014 4.0383 3.0475 3.0768 3.0125 2.1176 2.3888 2.2538 2.2066 2.1766 2.1498 1.9952 2.0059 1.6927 1.7440 1.7136 1.6824 1.5883 1.7790 1.7046 1.7900 1.7498 1.7046 1.6682 1.6947 1.3044 2.0754 2.0011 1.7307 2.5138 1.3323 -0.9948 
3.0917 2.8412 3.7608 3.2553 3.3047 3.0978 3.0555 1.8992 2.0917 1.6311 1.6574 1.7586 1.8578 1.9955 0.4756 1.7687 1.4961 1.7072 0.3301 1.7737 1.6147 1.4230 1.2261 1.1420 1.4980 1.2137 2.2399 2.1660 2.2116 1.9868 2.2066 0.8942 0.2658 
2.9021 3.0330 3.5955 2.1406 3.1154 3.0290 3.7487 3.3358 3.0381 2.6848 2.6540 2.5815 2.5529 2.4643 2.3086 2.2441 2.0383 2.1805 2.1832 2.2405 2.2539 2.2224 2.2296 2.1796 2.4407 2.6381 2.9828 2.0997 2.0601 0.8984 2.0665 1.0696 0.0054 
3.0198 3.2173 3.7272 3.0166 3.3402 3.2590 3.1932 2.2663 1.3783 1.3226 1.7806 0.6957 1.4382 1.3574 1.5539 1.7098 1.0372 1.6533 1.3908 1.1791 1.1764 0.3433 1.3469 0.8181 0.8002 1.6059 2.4081 2.3234 2.2491 1.6968 2.1761 1.2650 0.1571 
2.2677 3.0151 3.7610 3.3934 3.3834 2.6696 2.7600 2.5718 2.2595 1.5839 2.0054 0.3972 2.1366 1.8308 2.2521 1.7429 1.8754 1.6821 2.1313 1.6483 1.8511 0.0691 1.5913 1.0698 1.6783 1.8613 1.9796 1.7428 2.2615 2.1045 2.2029 1.0491 -0.9682 
2.3851 2.8281 3.1922 2.3791 3.3541 3.2216 3.0431 2.2611 1.1688 1.6607 1.1174 1.5765 1.7029 1.4270 1.4964 0.8795 0.5346 0.8199 1.3370 1.2303 1.4280 1.2088 0.6817 1.1652 0.5576 1.6075 2.2254 2.2854 2.2519 1.1627 1.6574 0.8354 -0.6437 
2.7568 2.5829 2.8214 2.4282 2.8745 2.3027 3.0694 2.2938 2.4043 1.9460 1.7217 1.6053 1.4268 1.8502 1.8914 1.2823 1.1937 1.2186 1.7578 1.6653 1.1724 1.2348 1.2918 1.4364 1.7923 1.6203 2.2538 1.3873 1.7788 1.1664 1.2669 0.6196 -0.1111 
3.0985 2.4188 2.7461 2.9926 3.3286 3.3576 3.3864 2.6830 2.5589 2.3454 1.7210 1.7871 1.8121 1.4252 1.8350 1.7662 1.6090 1.7020 1.7142 1.2302 1.5841 1.4546 1.2948 1.8340 1.9570 2.0207 2.5762 2.4301 2.2316 1.6836 1.2159 0.3978 0.1316 
3.0837 2.7624 2.7857 3.0254 2.6509 3.0224 3.4825 2.7571 2.5590 2.2240 1.8769 2.1243 2.1176 2.0527 1.7530 1.8481 1.8001 1.7849 1.6330 1.8066 1.8236 1.7738 1.4573 1.7159 1.9600 2.0910 2.6579 2.0929 1.5916 1.7230 1.2315 0.7609 0.0974 
3.0746 2.4331 3.1829 3.1000 3.1297 2.9367 3.1349 2.5126 2.2741 1.1087 2.0469 1.8366 1.8655 1.6742 1.4083 1.1262 1.5737 1.0504 1.2804 1.4729 1.6175 1.5198 1.6142 0.5947 1.6931 1.7830 2.3270 2.0005 2.0699 1.7998 1.6408 0.3621 0.1053 
2.2303 2.5347 2.8614 2.7732 3.3441 3.3716 3.2365 2.4809 1.2509 1.4808 1.2344 1.3480 1.3568 1.2542 1.0877 1.3252 1.6521 1.2752 0.9292 1.0666 1.1278 1.0234 0.8230 0.9725 0.7026 1.7576 2.4621 2.4390 2.2447 1.5359 1.2952 0.5217 -0.5300 
0.8335 2.0602 2.2523 2.7292 2.5116 3.2791 3.2455 2.4180 2.5609 2.3422 1.8769 1.9100 1.8559 1.7851 2.0902 1.6458 1.6819 1.5921 1.9486 1.6113 1.6136 1.5924 1.4670 1.8302 1.9649 1.7166 2.4713 2.3487 1.3735 1.4652 0.7307 -0.0296 -2.0061 
3.0354 2.7269 2.8059 2.8232 1.9242 3.2594 3.2563 2.3667 2.3267 2.2179 1.8051 1.1647 1.4001 1.5222 1.6118 0.6539 0.8881 0.5652 1.4599 1.2985 1.1579 0.7969 1.3835 1.7149 1.7400 1.6839 2.4854 2.3267 0.8410 1.5597 1.2433 0.7339 -0.0057 
0.9583 2.7794 3.3819 2.4628 1.7724 1.9031 2.6196 2.0689 1.9753 2.1547 1.5357 0.6409 1.3072 1.4603 0.2034 0.8284 -0.7025 0.7599 0.0790 1.2562 1.0619 0.2562 1.1177 1.6523 1.3613 1.3246 1.8003 1.0016 0.7129 1.1519 1.7966 0.8367 -1.3808 
3.2293 3.1914 3.5638 3.0079 2.8416 2.9996 2.7228 2.3446 0.8158 2.0946 1.6178 0.1993 1.3252 1.2003 1.4798 0.6678 0.7174 0.5919 1.3243 1.0037 1.0895 -0.1857 1.1819 1.5996 0.2043 1.6624 1.9311 2.0662 1.7552 1.6920 2.0341 1.2132 0.2642 
3.6432 3.3449 3.3868 2.8127 3.1460 2.2893 2.6683 2.2086 2.2223 1.8823 1.2956 0.7482 1.7210 1.5306 1.1247 1.0634 1.6638 0.9895 0.9628 1.3025 1.4571 0.3771 0.8556 1.3647 1.6452 1.5284 1.8582 1.3749 2.0789 1.5855 1.7930 1.3196 0.6931 
3.0048 2.7330 3.5567 3.4072 3.1762 3.4460 3.1041 2.2602 2.3711 2.3041 2.2571 2.1269 1.8836 1.7213 2.0323 1.6931 1.8805 1.6377 1.8652 1.5426 1.6308 1.7707 1.8347 1.7938 1.7758 1.6045 2.2823 2.5164 2.0968 2.1130 2.0240 0.7898 -0.0126 
2.2516 2.3350 3.3981 3.1531 2.8790 2.9826 2.8011 2.6538 1.8411 1.8455 2.0135 1.4563 1.8587 1.5669 1.3619 1.5807 1.3230 1.4923 1.2402 1.3253 1.6145 1.1363 1.5961 1.3391 1.2492 1.9805 2.0277 2.0519 1.7690 1.8597 1.8167 0.3875 -0.4754 
3.1196 2.8596 2.6805 3.3113 2.8286 2.6895 3.1172 2.8625 2.5341 1.6385 2.1004 2.1854 1.7849 1.5403 1.6434 1.3415 1.6284 1.2864 1.5137 1.3145 1.5412 1.8293 1.6723 1.1455 1.9143 2.1663 2.3045 1.7623 1.7329 2.0552 1.1550 0.7947 0.0666 
1.6758 0.5332 3.2313 3.2843 2.9371 2.8467 2.8438 2.6850 2.1818 2.2541 2.0592 1.8159 1.9955 1.7075 1.5894 0.8504 0.9738 0.7943 1.4219 1.5197 1.7061 1.4927 1.6255 1.7544 1.6083 2.0246 2.0665 1.9094 1.8219 2.0228 1.6942 -0.6549 -3.7980 
2.8581 2.7181 3.2316 2.6775 2.8294 3.2194 3.1235 2.8786 2.4167 2.4318 2.6228 2.2523 2.3241 1.9687 2.1357 2.0517 1.8049 1.9647 2.0217 1.7527 2.0802 1.9160 2.1970 1.9201 1.7978 2.1801 2.3076 2.2923 1.7343 1.4074 1.6857 0.7596 -0.0688 
2.3454 2.8507 2.7105 2.7700 2.8363 1.7666 1.7919 2.1743 1.9846 1.7481 0.5508 0.9946 0.8566 1.1730 0.2506 1.3984 1.1881 1.3260 0.1252 0.9538 0.6233 0.6708 0.1543 1.2405 1.3642 1.4937 1.0129 0.8325 1.7459 1.5137 1.1600 0.8486 -0.3168 
2.3572 2.9447 3.4378 3.2238 2.0920 2.6558 2.6929 2.2946 1.7258 2.2436 1.3391 1.7906 1.2850 1.3720 1.4655 1.6731 1.4771 1.6200 1.3229 1.1919 1.0226 1.4571 0.9206 1.7400 1.1627 1.6265 1.8914 1.7213 0.9791 1.9526 1.8481 0.9450 -0.5325 
2.5543 2.7657 3.2836 2.4758 2.3638 2.4851 2.3404 2.1946 1.9441 1.7614 1.7986 1.6327 0.3840 1.0242 1.2718 1.3775 0.3889 1.3163 1.1591 0.8108 0.1566 1.2706 1.3803 1.2594 1.3245 1.5195 1.5761 1.5447 1.2802 1.1634 1.7319 0.7826 -0.4939 
3.1593 3.1010 3.0856 2.6505 2.8467 2.2987 1.9095 1.8597 1.8910 1.8058 1.3640 1.6263 1.9788 1.7754 1.2642 1.3290 1.1024 1.2760 1.1505 1.6008 1.6928 1.2649 0.9398 1.3099 1.2950 1.1853 1.1235 1.3716 1.7511 1.3734 1.5376 1.1246 0.2011 
2.8108 2.1054 2.2222 2.3875 2.4736 2.7874 1.9818 1.4872 1.3198 1.2666 1.6765 1.7826 1.7463 1.9299 2.1020 1.8471 2.1092 1.7845 1.9656 1.7237 1.4822 1.4411 1.2480 0.7749 0.7391 0.7871 1.1731 1.8548 1.3505 1.1289 0.6786 0.0200 -0.1724 
2.0650 2.9455 3.3860 2.4783 2.2071 1.7818 2.3177 1.9210 0.9581 1.1192 1.7490 2.0264 2.0167 1.4675 0.4142 1.3169 1.2338 1.2551 0.3000 1.2568 1.7191 1.6638 1.3230 0.5951 0.3737 1.2210 1.5476 0.8497 1.1372 1.1698 1.7994 0.9502 -0.8058 
2.7204 2.8946 3.6854 3.1043 2.7521 2.8783 2.6133 1.5772 2.0107 2.0109 1.3970 0.9400 1.4426 1.4629 1.4459 1.4108 1.2639 1.3350 1.3080 1.2541 1.1815 0.6314 0.9808 1.4975 1.3873 0.8521 1.7905 1.9478 1.6707 1.7985 2.1450 0.9359 -0.1696 
3.6248 3.2959 3.3694 2.6461 2.5323 1.3942 1.7189 1.9590 1.8768 1.4790 1.5231 1.7694 1.2426 0.8131 1.6353 0.9107 1.3092 0.8496 1.5013 0.6501 0.9694 1.4220 1.1118 0.9645 1.2803 1.2592 0.9044 0.5101 1.4202 1.3282 1.7913 1.2742 0.6872 
2.1495 3.2580 3.3584 2.8514 2.9364 2.5013 1.2819 2.2384 2.0511 0.8000 0.8110 1.2396 0.9063 1.2908 1.2543 1.0453 -2.0547 0.9634 1.1429 1.1209 0.6624 0.8778 0.3884 0.3082 1.4196 1.5764 0.4873 1.5587 1.8096 1.6054 1.7818 1.2838 -0.5558 
3.4616 3.1614 3.5294 3.0437 1.5026 1.7846 2.4663 2.6118 1.9981 1.3668 1.9922 1.2782 1.4081 1.1418 1.1414 1.3777 1.6987 1.3162 0.9925 0.9119 1.1581 0.9259 1.5848 0.8571 1.3682 1.9160 1.6517 0.8629 0.4202 1.7354 1.9784 1.1816 0.4871 
1.5771 3.1299 3.4783 2.5810 2.6032 1.9345 2.4392 2.0646 1.8706 1.5155 1.7233 1.5786 1.7176 1.4000 1.2615 0.8747 1.2790 0.8167 1.1452 1.2060 1.4524 1.1990 1.3023 0.9851 1.2854 1.3234 1.6360 0.9980 1.5265 1.2720 1.8989 1.1650 -1.6567 
3.1151 3.0188 3.5323 3.0253 1.9089 1.5422 2.2954 2.3206 1.4526 2.1100 1.6026 1.3562 1.8862 1.7866 1.4188 1.7680 1.8126 1.7061 1.2929 1.6109 1.6339 1.0372 1.1662 1.6137 0.8593 1.6443 1.5229 0.6249 0.7927 1.7151 1.9850 1.0420 0.2002 
3.0797 3.0284 3.1259 2.1535 2.2092 2.3535 2.0598 2.1063 1.6371 1.8453 1.0796 1.6148 1.7318 1.7802 1.5961 1.3386 0.8956 1.2800 1.4344 1.6054 1.4657 1.2503 0.6649 1.3340 1.0406 1.3919 1.2219 1.4226 1.1482 0.8542 1.6007 0.9931 0.0650 
2.6878 3.1010 3.3157 2.1349 2.4263 1.8560 1.7517 1.9108 2.0083 1.2299 1.3878 0.5988 1.5061 1.0808 0.8015 1.2057 0.0875 1.1527 0.6910 0.8497 1.2230 0.2439 0.9757 0.7272 1.3790 1.2189 0.9457 0.9084 1.3170 0.8412 1.7520 1.1369 -0.3139 
2.8075 2.6701 3.1643 2.5450 1.9945 2.0667 2.2267 1.9137 1.7821 -0.1548 0.8642 1.2054 0.3817 1.6544 1.6401 1.7797 1.7927 1.7158 1.5086 1.4485 0.1364 0.8512 0.4477 -0.6370 1.1953 1.2181 1.4201 1.1320 0.8654 1.2388 1.6265 0.7123 -0.0954 
1.8470 2.7721 3.3315 2.6632 2.1242 2.1335 2.3522 2.1445 2.2348 2.2589 1.7241 1.6136 1.7439 1.6086 1.3401 0.8708 1.0678 0.8090 1.2229 1.3690 1.4849 1.2450 1.2987 1.7604 1.6557 1.4446 1.5866 1.2049 1.0333 1.3625 1.7718 0.8155 -1.2139 
0.7120 2.6390 3.3953 2.7017 2.3762 2.3751 2.1818 2.3359 1.5542 0.8528 1.9699 1.7857 1.8248 1.6568 1.7498 1.6615 1.8809 1.6111 1.6329 1.4495 1.5924 1.4464 1.5603 0.3405 0.9311 1.6549 1.3677 1.4370 1.2798 1.4014 1.8084 0.6916 -2.7391 
3.3651 3.0142 3.1734 2.7266 2.2227 0.9625 1.1742 1.6519 1.9583 1.1179 1.3213 -0.6248 1.1196 1.5733 0.9429 1.1550 -0.1315 1.1031 0.8159 1.3255 0.8168 -0.9389 0.9012 0.5996 1.3406 0.9493 0.3558 0.0151 1.1448 1.4539 1.6317 0.9913 0.4323 
2.1697 3.0889 3.2658 2.5229 1.2119 1.1822 0.4140 1.7154 1.8427 1.6916 1.1568 1.6342 1.7095 1.4469 1.7837 0.3815 0.2723 0.3115 1.6600 1.2528 1.4365 1.2736 0.7175 1.1989 1.2536 1.0484 -0.3700 0.2296 0.1494 1.1993 1.7141 1.1302 -0.9485 
1.8072 2.4998 2.3953 2.0785 0.6376 1.0230 1.1273 1.9160 1.6308 1.4456 1.4921 1.4342 0.2582 1.6584 1.5170 1.2602 0.3991 1.2002 1.3530 1.4505 -0.0677 1.1204 1.0895 0.9254 1.0354 1.2262 0.3011 0.0859 -0.5221 0.7662 0.8199 0.4781 -1.5451 
3.1820 3.1112 3.3016 2.7030 2.4777 2.4616 2.2157 1.5359 2.2523 1.3517 1.2857 1.9768 1.7571 1.9819 1.7228 1.5738 1.7100 1.4860 1.6111 1.7631 1.4999 1.6333 0.8569 0.8482 1.6694 0.8378 1.4042 1.5300 1.3563 1.4186 1.7407 1.1439 0.2254 
2.6454 2.6443 3.0566 2.7914 2.4945 2.2424 1.8871 1.9640 1.7027 1.2362 1.6325 1.5577 1.6236 1.5540 1.7678 0.7296 0.9560 0.6710 1.6479 1.3179 1.3251 1.1926 1.2047 0.7292 1.1329 1.2584 1.1153 1.3090 1.3624 1.5388 1.5130 0.6585 -0.0821 
2.7287 2.5816 2.2544 1.6539 1.5024 0.8441 1.4852 1.5942 1.1557 0.7820 1.5970 1.7100 0.4742 0.5698 1.0924 0.7731 -0.1885 0.7136 0.9208 0.3608 0.2212 1.3494 1.1656 0.2836 0.5426 0.8577 0.6959 -0.0983 0.3891 0.3532 0.7206 0.5536 -0.1769 
2.9618 2.1615 2.8840 2.3498 1.8896 1.8852 1.5675 1.2977 1.5918 2.0087 1.5056 0.7928 1.4747 1.2950 1.3753 1.6185 -0.2820 1.5590 1.2543 1.1218 1.2016 0.4543 1.0926 1.4918 0.9795 0.6271 0.7429 0.9501 0.8097 1.0860 1.3166 0.2144 0.0263 
1.3314 3.3337 3.0337 2.5715 2.2338 1.5348 0.7821 1.5601 1.2811 1.2585 1.6357 1.6812 1.1921 0.9164 1.5498 1.4013 1.4700 1.3261 1.3848 0.7314 0.8981 1.3217 1.2072 0.7562 0.7029 0.8396 -0.0335 0.5837 1.1586 1.2775 1.4598 1.3187 -0.9871 
2.4682 2.7367 2.9772 2.5347 1.7412 1.8266 2.0778 0.4271 1.9444 1.9351 1.7872 1.6275 1.3682 1.3815 1.5250 1.5397 0.8217 1.4517 1.3671 1.1917 1.1349 1.2588 1.3617 1.4211 1.3334 -0.2628 1.2497 0.9059 0.6777 1.2209 1.3854 0.7459 -0.6049 
2.7011 2.9901 2.7446 2.6453 1.9863 2.1356 1.6438 2.1298 1.7472 1.2607 0.7855 1.4942 1.5295 0.6767 0.8281 1.1202 1.2172 1.0365 0.7124 0.4358 1.2420 1.1539 0.3707 0.7599 1.1670 1.4270 0.8280 1.1979 0.8694 1.3452 1.2016 0.9545 -0.2780 
2.6971 2.6463 2.5994 2.6597 2.2072 2.0588 1.5969 0.9111 0.9977 1.5789 1.6105 1.7431 1.6259 1.1282 0.0537 1.3421 1.4843 1.2849 -0.0978 0.8904 1.3245 1.3903 1.1726 1.0582 0.3805 0.2220 0.7722 1.1201 1.1324 1.3614 1.0749 0.6453 -0.2200 
2.6584 2.4009 1.5801 2.3501 1.2947 0.2663 1.7349 1.8913 1.6420 1.9823 1.2275 0.7676 1.3987 1.6360 1.6619 1.3358 1.4947 1.2792 1.5429 1.4178 1.1550 0.4194 0.8022 1.4654 1.0527 1.2064 0.9305 -0.6057 0.2182 1.1103 -0.0158 0.3441 -0.2961 
2.5868 2.0491 3.0022 2.3498 1.5486 1.5992 1.8193 1.7158 1.6106 1.6201 1.7883 1.6323 1.1799 1.3241 1.5279 1.7449 1.3685 1.6836 1.3667 1.1542 0.8870 1.2684 1.3626 1.1322 0.9947 1.0311 1.0479 0.6693 0.4499 1.0735 1.4221 0.0682 -0.2617 
2.3867 2.7575 2.8335 2.6259 2.2494 1.9998 2.1122 1.5496 1.3219 1.7739 1.3842 1.0368 1.1270 1.7347 1.1765 1.5998 1.6141 1.5302 1.0568 1.5615 0.8365 0.6839 0.9699 1.2692 0.7549 0.8248 1.2941 1.0628 1.1789 1.3272 1.2798 0.7681 -0.5482 
3.4569 3.0553 2.9816 2.5745 2.2893 2.1304 1.6099 1.8392 1.8837 1.9241 1.3613 1.7454 1.3409 0.5752 1.3395 1.1174 1.0953 1.0279 1.2204 0.3598 1.1137 1.3938 0.9453 1.4097 1.2890 1.1705 0.7776 1.1953 1.2145 1.2773 1.3714 1.0424 0.4422 
2.4695 2.8964 2.4007 2.1563 1.2952 1.1075 0.7354 1.1835 0.9432 1.4061 -0.9395 1.2083 1.1733 0.9923 1.3146 0.9692 0.7881 0.8900 1.1922 0.7865 0.8792 0.8508 -1.2410 0.8990 0.3486 0.4812 -0.0791 0.1852 0.2261 0.8519 0.8491 0.8589 -0.1912 
2.9345 3.2514 2.9088 2.9391 2.4514 1.8525 1.7966 1.8684 2.1327 1.8224 1.9242 1.4921 1.6314 1.5693 1.8007 1.3464 0.4404 1.2870 1.6841 1.3264 1.3281 1.1579 1.5121 1.3190 1.5609 1.1893 1.0199 0.9222 1.3279 1.6493 1.3259 1.2422 -0.1813 
2.1432 2.7198 2.7088 2.7095 1.3873 1.7345 0.3859 0.9724 1.4985 1.8779 1.6918 1.2035 1.3077 1.0094 1.0237 1.3545 0.3021 1.2963 0.8710 0.8000 1.0545 0.8467 1.2650 1.3692 0.8790 0.2919 -0.4207 0.8073 0.2855 1.4230 1.1731 0.7295 -0.6939 
2.0708 2.7787 2.5495 2.1099 1.1380 1.7454 1.8848 0.0729 1.6639 1.5932 1.6623 1.6985 1.7385 1.6041 1.9548 1.1614 1.2127 1.1057 1.7982 1.3685 1.4765 1.3382 1.2333 1.0885 1.0866 -0.6006 1.1162 0.8207 0.0151 0.8092 0.9729 0.7803 -1.5589 
2.9454 3.0027 2.8968 2.6083 1.8437 1.9239 2.0608 1.8837 1.7655 1.1520 0.8791 1.8878 1.8168 1.4640 1.5960 0.9087 0.7310 0.8471 1.4329 1.2552 1.5872 1.5782 0.4664 0.6599 1.1816 1.2016 1.2337 0.9914 0.7560 1.3136 1.3242 0.9483 -0.1440 
2.7243 2.7008 2.4584 2.6547 2.2986 1.9628 0.8467 0.4708 1.9138 1.4436 0.8832 1.7164 1.7815 1.4753 1.3047 1.1562 -0.1790 1.0955 1.1874 1.2601 1.5315 1.3640 0.4749 0.9255 1.3159 -0.1826 0.0241 1.0213 1.2200 1.3669 0.8667 0.7239 -0.1357 
1.7855 2.7669 2.9064 2.6485 2.2894 1.7500 2.0521 2.0725 1.6675 2.0426 1.7591 1.7601 1.9923 1.7893 1.8138 1.3665 1.6230 1.3095 1.6928 1.6186 1.7027 1.4167 1.3284 1.5241 1.1024 1.3417 1.2257 0.8129 1.2202 1.3453 1.3420 0.7933 -0.7276 
4.2580 3.8274 3.0556 2.5044 2.0412 1.7921 1.7316 2.0991 2.0826 1.6066 1.8829 1.6285 0.9501 1.2789 1.9361 1.2898 0.1307 1.2250 1.7884 1.1167 0.6960 1.2647 1.4707 1.1168 1.4730 1.3853 0.9183 0.8582 0.9118 1.1927 1.4898 1.7810 1.3473 
4.3925 4.9154 4.4307 4.1205 3.8685 3.6906 3.6152 3.4625 3.3725 3.3555 3.2280 3.1838 3.1043 3.1446 3.0454 3.0138 2.9988 2.9502 2.9157 2.9753 2.8303 2.8412 2.8125 2.8415 2.7534 2.7277 2.8073 2.7579 2.7471 2.8363 2.8552 2.9154 1.3289 
5.4328 4.7392 4.8863 4.2761 4.0587 3.9127 3.8215 3.6843 3.4982 3.3116 3.2901 3.1738 3.1158 3.1032 3.0900 3.0908 3.0142 3.0358 2.9867 2.9164 2.8453 2.8294 2.8779 2.8010 2.8975 3.0215 3.0278 2.9784 3.0009 3.0082 3.3053 2.7004 2.5242 
4.8827 5.0665 4.5911 3.8642 3.7252 3.5139 3.3049 3.3081 3.4272 2.7423 2.9139 2.8391 3.0871 2.7709 2.7650 2.6921 2.5959 2.6296 2.6432 2.5878 2.8066 2.5271 2.5060 2.2464 2.7983 2.6253 2.5268 2.5822 2.6527 2.5727 3.0464 3.0787 2.0881 
4.1209 5.2662 4.0065 3.9570 3.2829 2.8376 3.4727 3.3460 2.3702 3.3163 3.0780 3.0872 2.6678 2.6352 2.7208 2.7503 2.6096 2.6934 2.6006 2.4478 2.4026 2.7264 2.6496 2.8025 1.7801 2.6421 2.6502 1.9306 2.2005 2.6447 2.3911 3.2275 1.6766 
5.0904 5.2309 4.5726 4.5621 4.2663 4.0581 3.9751 3.7688 3.8100 3.7578 3.6292 3.5688 3.4629 3.4953 3.4675 3.3479 3.3099 3.2672 3.3075 3.2714 3.1607 3.2091 3.1958 3.2444 3.1970 3.0848 3.1527 3.1254 3.1692 3.2801 3.0527 3.2005 2.2814 
5.6404 5.1124 4.9129 4.5910 4.5263 4.4127 4.3813 4.1198 4.0583 3.8662 3.8400 3.7846 3.6853 3.7097 3.6214 3.5755 3.5577 3.5189 3.5043 3.5264 3.4570 3.4651 3.4323 3.3513 3.4847 3.4592 3.5508 3.4795 3.4662 3.3199 3.3505 3.0893 2.7244 
5.3382 5.3058 5.2289 5.0203 4.6346 4.4492 4.4084 4.1823 3.8804 3.6481 3.6631 3.7595 3.8364 3.7205 3.6028 3.5988 3.5416 3.5397 3.4896 3.5336 3.5556 3.4490 3.2463 3.1427 3.2514 3.5104 3.5790 3.5158 3.5577 3.7285 3.6555 3.2709 2.5098 
4.6497 5.5773 5.2329 4.1416 3.3042 2.9897 2.5905 2.6944 2.8152 3.4974 3.5472 2.5828 3.2962 2.8723 2.7326 2.5854 2.6088 2.5349 2.6168 2.6594 3.0401 2.2291 3.1193 3.0058 2.2201 2.0176 1.7879 2.0317 2.2010 2.8402 3.6486 3.5910 1.6158 
3.5886 5.3859 5.0578 2.1819 3.1911 3.1578 2.0716 3.0995 3.0188 3.2489 3.5067 3.1000 2.6121 2.5863 2.5752 2.6273 2.6392 2.5719 2.4423 2.3724 2.3263 2.7373 3.0749 2.7425 2.4175 2.4109 1.2777 2.2279 2.1149 0.9375 3.5135 3.3900 1.6014 
4.2071 4.9681 4.9121 4.4031 4.1993 4.0296 3.7550 3.9271 3.9264 4.0256 3.0103 3.4723 3.4666 3.4775 3.3831 3.3191 3.2148 3.2407 3.2225 3.2439 3.1657 3.1035 2.5708 3.5264 3.3020 3.1956 2.9858 3.0993 3.1216 3.1140 3.3692 2.9675 1.7448 
