7.3743 8.5213 8.3413 7.4363 7.2531 7.0874 7.0962 6.9630 6.7416 6.7175 6.6674 6.5484 6.5407 6.3516 6.4445 6.3035 6.2510 6.2304 6.2897 6.1470 6.2111 6.1458 6.1500 6.1243 6.0450 6.1690 6.1429 5.9783 5.9271 5.8934 6.4351 6.1620 3.7768 
7.4582 8.6665 8.4499 8.0096 7.2596 7.3472 7.5021 7.2160 5.5006 6.7670 6.8421 5.4914 5.4522 5.3881 3.8982 4.9560 5.0502 4.8621 3.6767 5.1376 5.1122 5.0550 6.3349 6.1751 4.7732 6.3416 6.5752 6.2378 5.9346 6.4702 6.6018 6.2955 4.3321 
8.6180 8.0682 7.7399 7.2599 6.0681 6.2235 6.9987 7.0335 6.3093 6.3397 6.8176 6.4292 6.2400 6.1546 6.2938 6.0510 5.8169 5.9486 6.1560 5.8913 5.9122 6.0537 6.3120 5.7481 5.6213 6.2150 6.0835 5.1129 4.7721 5.7215 5.8372 5.6565 5.1219 
8.2770 8.5423 7.9317 7.4890 7.3840 7.0604 6.8074 6.9887 6.7456 6.5934 6.9693 6.7072 6.7006 6.6678 6.6160 6.4754 6.4320 6.3832 6.4194 6.3753 6.3450 6.2723 6.4767 5.9781 6.0533 6.1877 5.8312 5.9441 6.1196 6.0001 6.0964 6.1733 4.7806 
7.8753 8.4090 8.4646 7.8041 5.2938 5.7968 7.4139 7.4675 6.3166 7.1035 6.6295 5.8735 5.6990 5.9991 5.8449 4.7207 4.9476 4.6558 5.6970 5.7448 5.3730 5.5070 6.1218 6.4918 5.6270 6.6830 6.4538 4.7066 4.0389 6.2355 6.6262 6.0680 4.3082 
8.5752 8.0217 7.4488 6.3447 6.3338 5.9350 7.1850 6.9039 6.1006 6.2929 6.7137 5.9466 5.5658 5.5989 4.4901 5.2344 5.3956 5.1646 4.3300 5.3345 5.2112 5.5649 6.1995 5.6944 5.3405 6.1174 6.2055 4.8738 5.0589 4.8789 5.6152 5.5988 5.0792 
8.7778 8.7158 8.0705 7.9511 7.6347 7.5039 7.3899 6.7418 6.8180 6.6259 6.6943 6.4403 6.4848 6.3775 6.4636 6.2874 6.3072 6.2156 6.3055 6.1678 6.1746 6.0650 6.1787 6.0052 6.1342 5.8918 6.4192 6.3900 6.3263 6.4085 6.2252 6.3114 5.2752 
7.2455 8.1771 8.3578 7.9113 7.1571 6.8498 7.6469 7.3283 6.8636 6.4710 6.7452 6.4444 6.5209 6.1904 6.5421 6.3290 6.2767 6.2528 6.3565 5.9437 6.1991 6.0688 6.2363 5.8513 6.1740 6.4907 6.7043 5.7415 5.8258 6.3536 6.4785 5.7868 3.3194 
8.5034 7.9211 7.5770 6.9329 6.2145 4.8509 6.8449 6.4338 5.4940 5.5671 6.1224 5.0490 4.6874 4.4755 4.0032 4.2090 3.8944 4.1233 3.9324 4.2607 4.4339 4.6417 5.6112 4.9506 4.7557 5.6416 5.8665 3.7105 4.9517 5.3886 5.7263 5.5047 5.0629 
8.9352 8.6974 7.9217 7.7701 7.4625 7.2280 7.2919 7.3726 7.2335 6.9910 7.1299 6.9828 6.9218 6.8218 6.7866 6.7461 6.7275 6.6853 6.6629 6.6074 6.6493 6.6059 6.6454 6.3826 6.4942 6.5607 6.3217 6.1152 6.1876 6.2046 6.1017 6.2865 5.4499 
3.9818 7.9597 8.3350 7.9653 7.4846 7.4015 7.8047 6.9627 5.4430 6.7387 6.2605 5.4766 5.8365 5.7137 6.0756 5.6157 5.6512 5.5558 5.8762 5.5101 5.5632 5.0596 5.7533 6.1452 4.7313 6.1655 6.8140 6.2903 6.2102 6.4156 6.4524 5.5846 3.3870 
8.4070 7.9361 7.2429 6.7540 6.4125 6.1440 7.1362 6.6902 4.1950 5.6312 6.4148 5.5432 4.9561 4.4935 5.2857 4.5751 4.1822 4.5068 5.1391 4.2330 4.5990 5.0950 5.9230 5.0369 3.5476 5.8278 6.1713 5.0215 5.1210 5.1971 5.3897 5.5570 5.0412 
8.8465 8.6340 7.9386 7.8315 7.5776 7.4379 7.5964 7.4035 7.0620 7.0975 7.1762 6.7337 6.4050 6.1991 5.8750 5.8394 5.7173 5.7703 5.7230 5.9539 6.1231 6.3050 6.6761 6.4867 6.3438 6.5996 6.6724 6.3212 6.2781 6.2722 6.1089 6.2406 5.4001 
7.9083 7.6607 8.5789 7.4521 7.2098 7.1128 7.9108 7.4561 7.1711 7.1507 6.7200 6.3941 6.3015 6.3539 6.3629 6.1841 6.1194 6.1237 6.2230 6.1509 5.9941 6.0126 6.1993 6.5382 6.4239 6.6639 6.9375 6.0053 5.8629 5.8808 6.7507 5.2290 4.5957 
8.0309 8.0756 7.4572 7.3424 6.4999 6.4568 6.0280 7.2826 6.7004 6.4558 6.8311 6.2300 6.2234 6.0703 5.7930 5.9400 5.8883 5.8466 5.6544 5.7890 5.8886 5.8000 6.3249 5.8523 5.9792 6.4320 5.0700 5.3361 5.1751 5.7844 5.6224 5.6904 4.7428 
8.5790 8.5810 8.2401 8.0111 7.7778 7.4775 7.3693 6.5217 6.4701 6.7006 7.0094 6.8001 6.7219 6.5457 6.3551 6.2780 6.2159 6.2074 6.2174 6.2906 6.3636 6.3706 6.5161 6.1116 5.7623 5.6871 6.3940 6.3644 6.4304 6.4737 6.3474 6.2037 5.2296 
8.3569 7.9316 8.5595 6.9657 7.2723 7.2878 7.3219 7.1862 6.9857 6.8994 7.1432 6.7793 6.6856 6.6675 6.5447 6.4330 6.3917 6.3503 6.3560 6.3766 6.3298 6.3510 6.6547 6.3046 6.2867 6.3336 6.3413 6.1765 5.9616 5.4826 6.7233 5.5853 4.9787 
7.6014 8.1355 7.8100 7.4817 6.9192 6.9078 6.8902 6.6369 5.2169 5.5130 6.4272 5.9529 5.8805 5.7243 5.5964 5.6796 5.6378 5.6124 5.4263 5.5148 5.5850 5.5636 5.9321 4.9045 4.5511 5.7800 5.9290 5.7871 5.6364 5.9523 5.9327 5.7470 4.3731 
8.1891 8.6488 8.3749 7.9857 7.4572 6.1799 7.2953 7.6467 7.5273 7.3447 6.6311 6.2855 6.2509 6.5808 6.6621 6.4832 6.3852 6.3910 6.4595 6.3187 5.9270 5.8643 6.1235 6.7478 6.8283 6.8116 6.3251 5.0546 6.1727 6.4408 6.4825 6.2679 4.9880 
8.4762 8.1054 8.4960 7.2590 7.2691 6.9390 7.0453 7.3857 7.0818 7.0974 6.1157 6.4558 6.4473 6.3727 6.3797 6.3246 6.2735 6.2490 6.2391 6.1638 6.1503 6.0827 5.6020 6.4831 6.3522 6.5803 6.1237 5.8180 5.9506 5.7297 6.6712 5.7370 5.0688 
7.2422 8.0906 7.7815 7.2573 6.8950 6.5978 7.0162 5.8289 6.1269 5.7983 6.4044 6.0738 6.0024 5.7500 5.8780 5.8287 5.7919 5.7604 5.7252 5.5497 5.6668 5.6391 5.9090 5.2059 5.3827 5.0449 6.0952 5.4707 5.6112 5.6849 5.8865 5.7167 3.9519 
8.1135 8.5882 8.2786 7.8649 7.3020 6.3243 7.2464 7.4224 7.3558 7.0499 5.4457 5.8955 6.4363 6.5381 6.2857 6.1569 6.1297 6.0961 6.1495 6.2853 6.1436 5.5249 4.9393 6.4363 6.6769 6.6297 6.2614 5.2115 5.9996 6.3115 6.3681 6.2199 4.9054 
8.5042 8.1701 8.4730 7.2845 7.2605 7.0039 6.7532 7.2181 6.9940 7.0809 5.0113 6.1339 6.3010 6.2117 6.3153 6.2540 6.1992 6.1854 6.1757 5.9731 5.9925 5.6959 4.4364 6.4671 6.2915 6.3456 5.7842 5.8833 5.9361 5.7466 6.6468 5.7833 5.0883 
7.2795 8.0542 7.8290 7.2234 6.8717 6.5583 7.0041 6.1033 6.1497 6.0589 6.5196 6.2094 6.0184 5.9113 6.1272 5.8505 5.7870 5.7795 5.9412 5.6763 5.6776 5.7852 6.0305 5.4421 5.4249 5.2252 6.0834 5.4322 5.5924 5.6419 5.9664 5.6868 3.9728 
8.0798 8.5807 8.2991 7.8444 7.2606 6.4012 7.1823 7.3432 7.2385 6.8111 5.8241 6.1011 6.4255 6.4520 6.2006 6.0956 5.9698 5.9912 6.0607 6.2214 6.1362 5.6576 5.3289 6.2112 6.5000 6.5194 6.2030 5.2931 5.9335 6.2866 6.3856 6.2099 4.8723 
8.5009 8.1762 8.4682 7.2472 7.2244 6.9291 6.4716 6.9899 6.7548 6.7669 5.9868 6.2652 6.3903 6.3003 6.3539 6.2404 6.1521 6.1736 6.2168 6.1017 6.1144 5.8437 5.5238 6.1699 6.0679 6.1848 5.5572 5.8075 5.8754 5.7000 6.6391 5.7863 5.0864 
6.9090 8.0618 7.8568 7.2313 6.9958 6.7395 7.1290 6.3156 6.3817 6.4371 6.3030 6.0193 5.8907 5.8206 5.8171 5.7929 5.7867 5.7257 5.6752 5.6119 5.5938 5.6077 5.7896 5.8284 5.6834 5.5226 6.1663 5.6209 5.7012 5.6553 6.0083 5.6942 3.6680 
7.9677 8.5985 8.3256 7.8654 7.1675 6.7631 7.3724 7.4197 7.2065 6.3911 6.3324 6.3816 6.6436 6.4884 6.1428 6.1497 6.1251 6.0836 5.9669 6.2476 6.2825 5.9998 5.8174 5.7886 6.4548 6.6252 6.4024 5.6518 5.8194 6.3107 6.4075 6.2286 4.7743 
8.5245 8.1825 8.4558 7.0250 6.9748 6.3570 7.1873 7.0718 6.6722 6.4749 6.6434 6.5294 6.3845 6.2932 6.3332 6.1104 6.1081 6.0120 6.1873 6.0922 6.1096 6.1358 6.1366 5.8589 5.9287 6.2391 6.2116 5.2278 5.6816 5.5491 6.6185 5.7886 5.1010 
6.6638 8.1014 7.8824 7.0987 6.9773 6.7340 7.1847 6.3257 6.2413 6.2940 5.5163 5.8046 5.8977 5.8936 5.7861 5.9191 5.7310 5.8272 5.6423 5.6634 5.5976 5.4177 5.0041 5.6926 5.5578 5.5336 6.2009 5.6184 5.6874 5.5684 6.0472 5.7286 3.4026 
7.8349 8.5889 8.2923 7.7859 6.8961 6.9025 7.2416 7.2436 6.6012 5.2178 6.3547 6.4816 6.3364 5.9440 5.8654 6.0285 6.0771 5.9292 5.7159 5.6995 6.0371 6.1086 5.8578 4.6288 5.8539 6.3722 6.2537 5.7892 5.6073 6.2135 6.3787 6.2215 4.6666 
8.5416 8.1886 8.2957 7.2651 6.9618 6.2604 7.2890 6.7558 6.3626 5.7913 6.8691 6.4930 6.1899 6.1487 5.6729 6.0794 5.9489 5.9767 5.5477 5.8773 5.8397 6.1132 6.3541 5.1899 5.6735 5.9078 6.3176 5.1349 5.6731 5.7295 6.3882 5.7882 5.1072 
5.3446 8.1812 7.9410 7.2094 6.9926 6.7570 6.9356 6.7689 6.4993 6.2985 6.2353 6.2902 6.2279 6.2132 6.2001 5.9849 6.0235 5.8877 6.0611 5.9752 5.8935 5.8699 5.7298 5.6948 5.7827 5.9401 6.0022 5.6468 5.7008 5.6371 6.1195 5.7888 0.2915 
7.6320 8.5726 8.2172 7.6447 6.5689 6.8224 7.0705 6.7581 6.0675 6.2404 6.3228 6.0747 5.2146 5.3516 5.5123 4.8849 4.6057 4.7894 5.3125 5.1208 4.9097 5.6399 5.8059 5.6447 5.3170 5.9206 6.1334 5.7125 5.2322 6.1240 6.3321 6.1992 4.5249 
8.5535 8.1686 8.1412 7.2997 6.9133 6.6227 7.4766 6.0952 5.8400 6.0494 6.4426 5.4466 5.5563 5.5927 5.9383 5.6821 5.6179 5.6142 5.7775 5.3248 5.1993 5.0342 5.9437 5.4439 5.1361 5.1889 6.5442 5.5267 5.6388 5.7761 6.2757 5.7748 5.1136 
6.9378 8.2863 7.9701 7.1756 7.0839 6.9848 6.9676 6.5998 6.2883 6.2165 6.6689 6.3431 6.1727 6.1334 6.0370 6.0801 6.1102 5.9780 5.8418 5.8549 5.8176 5.9380 6.1512 5.6232 5.6010 5.7495 6.0371 5.8768 5.7735 5.6240 6.1390 5.8711 3.4166 
7.8184 8.4444 7.9901 7.4033 6.4062 6.7387 6.9783 6.7032 5.6603 6.1305 6.3441 6.0196 5.1534 5.8721 5.7212 5.0200 4.2562 4.9326 5.5848 5.6493 4.8387 5.6041 5.8345 5.5446 4.9683 5.8388 6.0579 5.6306 5.1182 5.8530 6.1434 6.0953 4.5620 
8.5282 8.1586 8.0027 7.0423 6.5093 6.7130 7.3684 5.9337 4.4151 5.6482 6.1943 5.6879 5.0002 5.1484 5.1964 5.4008 5.2217 5.3052 5.0614 4.9455 4.6322 5.2588 5.6923 5.0456 3.7994 5.0854 6.3906 5.6102 5.2041 5.5626 6.1563 5.7587 5.0817 
7.8004 8.3792 7.9648 7.4266 7.2689 7.0661 6.7086 6.7743 6.6084 6.6569 6.1577 6.3669 6.3773 6.2659 6.3398 6.2341 6.2141 6.1685 6.1935 6.0534 6.1062 5.9816 5.6425 6.0393 5.8625 5.9410 5.7317 5.9472 5.9511 5.8970 6.1311 5.9851 4.3012 
7.5665 8.4386 8.0277 7.4943 6.6881 6.8926 7.1523 6.7725 4.8072 6.5435 6.5079 5.6475 5.0320 5.3275 4.1411 3.9505 4.1806 3.8942 3.9917 5.0981 4.6768 5.2198 6.0159 5.9332 4.0617 5.9378 6.1830 5.7833 5.3531 5.9777 6.1842 6.0956 4.3082 
8.5577 8.0786 7.6790 6.3700 5.7344 5.4256 7.1232 6.6961 6.3360 6.0335 4.0151 5.8852 5.6433 5.6351 5.6223 5.7704 5.6133 5.6946 5.4727 5.3898 5.2995 5.5120 3.4963 5.4191 5.6378 5.8253 6.1663 4.3021 4.4846 4.9159 5.7924 5.6692 5.0731 
8.3479 8.5020 7.9465 7.7482 7.3879 7.2102 7.3455 6.8693 6.8496 6.8109 6.6329 6.5219 6.5466 6.4709 6.3509 6.3547 6.3428 6.2901 6.2109 6.2358 6.2160 6.1314 6.1249 6.2139 6.1606 6.0806 6.3656 6.1005 6.1225 6.1971 6.1180 6.1379 4.8549 
7.5133 8.3466 8.0230 7.3509 5.7373 6.3076 6.8765 6.8735 5.7665 6.6285 6.1429 5.0235 5.5575 5.2759 5.7708 5.0967 5.0955 5.0332 5.6265 5.0632 5.1946 4.5890 5.6247 6.0112 5.0715 6.0794 5.9193 5.2036 4.4681 5.7939 6.1775 5.9513 4.0475 
8.5464 8.0046 7.4701 6.0991 6.2422 5.9770 7.1175 5.7954 4.7140 5.4921 5.7860 4.2214 5.2658 4.5913 4.4897 4.9322 4.8096 4.8295 4.3229 4.3801 4.9934 3.8718 5.2792 4.8810 4.0398 5.0061 6.1626 4.8784 4.9714 4.4901 5.6456 5.5938 5.0682 
8.5167 8.5332 7.9941 7.7794 7.4060 7.2400 6.7278 6.9595 6.8742 6.6686 6.7376 6.6751 6.6381 6.5234 6.4264 6.4122 6.3550 6.3408 6.2748 6.2749 6.2789 6.2332 6.2262 6.0585 6.1812 6.1660 5.7388 6.1275 6.1360 6.2149 6.1553 6.1584 5.0649 
7.3487 8.3393 7.9330 7.1550 4.7104 6.1058 7.0334 6.6635 6.0198 6.4754 5.7311 4.8220 3.7987 4.8915 4.1963 3.3563 3.8453 3.3168 4.0335 4.6317 3.4196 4.4462 5.2189 5.8644 5.2848 5.7873 6.1139 4.9939 3.5299 5.6120 6.1033 5.9325 3.6645 
8.4942 8.0706 7.6638 6.5473 5.7153 5.6863 7.3329 6.5673 6.1305 6.0330 5.8342 5.7654 5.5995 5.6804 5.5310 5.2542 5.3344 5.1860 5.3282 5.4540 5.2396 5.3542 5.3404 5.4093 5.3992 5.7158 6.3561 4.6370 4.5134 5.0116 5.7913 5.6684 5.0357 
8.6481 8.4969 8.1947 7.7968 7.4764 7.3819 6.5604 6.9747 6.8357 6.7853 6.7659 6.7004 6.5849 6.5472 6.4708 6.4346 6.3858 6.3505 6.3120 6.2925 6.2419 6.2643 6.2554 6.1909 6.1500 6.1743 5.5951 6.2680 6.2016 6.2358 6.3286 6.1270 5.2116 
7.4951 8.5230 7.4641 6.9168 6.6778 6.6389 5.6898 6.2058 6.0410 6.1384 5.7822 5.6623 5.6446 5.5688 5.5891 5.5771 5.5937 5.4997 5.4177 5.2851 5.3027 5.2332 5.2669 5.5472 5.3008 5.3703 4.7240 5.5197 5.3419 5.4067 5.5953 6.1578 3.9437 
8.3470 7.6870 6.0796 6.1227 4.6985 4.4070 5.2537 4.5747 4.0108 4.8515 3.4919 4.0083 4.1208 4.0874 3.6879 3.6577 3.2936 3.5603 3.5116 3.8794 3.8466 3.5681 3.0094 4.2359 3.3330 3.7637 4.3359 3.2420 3.3858 4.5476 4.2058 5.2569 4.9316 
7.9377 8.0167 7.8648 7.4500 7.2455 7.0629 6.9903 6.8178 6.7360 6.5383 6.4474 6.4152 6.3599 6.3077 6.2686 6.2397 6.1696 6.1730 6.1366 6.1075 6.0870 6.0373 5.9550 5.9241 6.0361 6.0069 6.0708 5.9513 5.9173 5.9218 6.0100 5.6409 4.4509 
7.4697 8.5613 7.9360 7.2730 6.9965 6.8743 6.8568 6.6875 6.6772 6.4962 6.3479 6.2425 6.2023 6.1459 6.0910 6.0636 6.0305 5.9616 5.8893 5.8741 5.8594 5.8133 5.8417 5.8838 5.9372 5.8167 5.8931 5.7606 5.7031 5.7129 6.0952 6.1889 4.4327 
8.4504 7.8266 7.1065 6.8473 6.2908 6.2488 5.9804 5.8606 5.8458 5.5777 5.7110 5.5909 5.5098 5.5488 5.5164 5.4689 5.3669 5.3685 5.3184 5.2561 5.1546 5.1574 5.2048 4.9920 5.1497 5.0594 5.0329 5.1406 5.0277 5.3078 5.2617 5.3966 5.0841 
7.3450 7.9251 7.6483 7.1375 6.9726 6.8046 6.6628 6.5637 6.4641 6.3540 6.2689 6.1991 6.1662 6.1671 6.1137 6.0570 6.0344 5.9554 5.9183 5.9073 5.8105 5.7761 5.7629 5.7652 5.7568 5.7212 5.6695 5.6923 5.6889 5.6039 5.7799 5.5716 3.8809 
8.5371 8.1659 7.4939 6.9065 6.3330 6.2470 6.1033 6.0759 5.8488 5.2245 5.3509 5.2747 5.4853 5.2605 5.1410 5.1315 5.0836 5.0638 5.0114 5.0506 5.1371 4.8934 4.8599 4.6210 5.1503 5.2133 5.1062 5.1318 5.0458 5.3726 5.6455 5.7536 5.1315 
8.3649 8.5728 7.3215 6.7514 6.5257 6.2195 6.2315 6.0845 5.9048 6.0155 5.8832 5.7869 5.7466 5.6825 5.6302 5.5768 5.5114 5.4983 5.4834 5.4578 5.4376 5.3859 5.3896 5.4030 5.1954 5.2206 5.2559 5.0998 5.2164 5.1835 5.4434 6.1903 4.9446 
7.9001 7.8103 6.7118 5.9970 6.0809 5.6415 5.9014 5.3979 5.4834 5.6197 5.4543 5.1801 5.1321 5.0428 5.1046 5.0325 4.9318 4.9647 4.9777 4.7794 4.8058 4.7627 4.9666 5.0287 4.7424 4.5687 4.9883 4.5323 4.7426 4.4799 4.8070 5.4384 4.4732 
7.8120 7.6200 6.8475 6.3504 6.1256 6.1746 5.7507 5.6076 5.4681 5.4984 5.2679 5.2850 5.3759 5.2762 5.1729 5.1454 5.0121 5.0768 5.0374 5.0621 5.0658 4.9081 4.7735 4.8921 4.7298 4.7590 4.7985 5.0678 4.8184 4.8663 5.0341 5.1812 4.2198 
7.4996 7.8892 7.5048 7.3001 6.9707 6.7983 6.6478 6.5427 6.3776 6.2918 6.2337 6.2013 6.1186 6.0467 5.9956 5.9701 5.9476 5.8749 5.8075 5.7786 5.7582 5.7784 5.7251 5.6924 5.6846 5.7040 5.6569 5.6842 5.6839 5.7517 5.6846 5.5239 4.1343 
8.1345 7.7422 6.9031 6.4431 6.4926 6.2108 6.3501 6.3896 6.3959 6.3369 6.0118 5.8007 5.8056 5.7620 5.7204 5.6112 5.5107 5.5520 5.5862 5.5583 5.5339 5.4132 5.5226 5.7348 5.7003 5.5972 5.4216 5.0947 5.1921 4.9661 5.0606 5.2837 4.6836 
8.5381 8.2517 7.9772 7.6982 7.3236 7.2060 6.8435 6.6980 6.4614 6.2252 6.3329 6.2429 6.1730 6.0629 6.0446 6.1154 6.1159 6.0217 5.8499 5.7863 5.8186 5.8143 5.8176 5.6295 5.7529 5.8328 5.8752 6.0919 6.0394 6.1612 6.1386 5.8038 5.0364 
8.6259 8.2920 7.3875 6.9588 6.3831 5.6629 6.7152 6.2531 6.0130 5.7698 5.8592 5.6537 5.3629 5.3742 5.4221 5.3470 5.1575 5.2560 5.2380 5.1340 5.0547 5.2277 5.3654 5.1672 5.2727 5.4375 5.7357 4.5727 5.1036 5.4539 5.5495 5.8272 5.1486 
8.3879 8.0628 7.4906 7.3395 7.0969 6.9078 6.9013 6.2909 6.4609 6.2126 6.1538 5.8712 5.9673 5.9610 5.7874 5.5783 5.4311 5.5001 5.6428 5.7132 5.6439 5.4934 5.6383 5.6171 5.7537 5.4970 5.9496 5.7951 5.7848 5.7929 5.6485 5.6710 4.9668 
8.0403 8.0924 7.7338 7.4862 7.2338 7.0333 6.7423 6.2368 6.4434 5.5587 6.5593 6.2925 6.2594 6.1213 6.0436 6.0333 5.9939 5.9337 5.8482 5.8365 5.9361 5.8742 6.0734 4.9765 5.7368 5.4184 5.7647 5.9201 5.8973 5.9740 5.8268 5.7083 4.6879 
7.6074 8.4121 8.1464 7.7835 7.1714 6.5845 6.9862 6.8160 6.8599 6.5538 6.0215 6.2796 6.1252 6.1378 5.8970 6.1069 6.0394 6.0056 5.7415 5.8606 5.7685 5.8580 5.5428 5.9344 6.1703 5.9997 6.0703 5.4616 5.8273 6.2130 6.2811 6.0352 4.4636 
4.0569 8.5294 8.2452 7.5512 6.6282 6.8572 6.7811 5.7937 5.1610 4.9465 5.7079 4.7909 5.1541 5.3519 5.0626 4.2702 4.7511 4.1781 4.9088 5.1160 4.8389 4.4202 5.2001 4.3482 4.4764 5.0030 5.7979 5.7458 5.2812 6.0355 6.3485 6.1644 3.4677 
6.1610 8.3883 8.1397 7.6488 6.7784 7.0040 6.9251 6.1622 5.4474 6.2246 6.3090 5.6393 5.6859 5.7842 5.5494 5.0679 5.1799 5.0090 5.3467 5.5763 5.3572 5.2151 5.7930 5.6300 4.7140 5.2989 5.9933 5.8929 5.5027 6.1278 6.2746 6.0113 3.0933 
7.3768 8.2495 8.2245 7.2268 6.6971 6.6229 7.3398 5.9690 4.9764 5.9937 5.7649 3.3681 3.8856 4.9664 5.1499 4.6716 3.8775 4.6024 5.0191 4.6768 3.5178 2.9591 5.2475 5.3812 4.2257 5.1182 6.3608 5.5293 5.3836 5.6513 6.3406 5.8500 3.5088 
6.5071 7.8604 8.0385 7.3650 6.9843 6.9014 6.8151 6.1601 5.6348 6.1122 5.5763 5.7241 5.5529 6.0045 5.3374 5.5588 5.4581 5.4649 5.1944 5.7419 5.1920 5.3063 5.0563 5.5039 4.9555 5.3176 5.8336 5.7879 5.6978 5.8020 6.2167 5.4625 2.6005 
7.3557 5.8428 8.2316 6.8359 6.7590 6.7620 6.9880 6.1573 5.8793 5.9144 6.1550 6.1086 6.0132 6.0940 5.8057 5.7587 5.7118 5.6853 5.6639 5.8010 5.6760 5.6646 5.6387 5.3172 5.1699 5.2998 6.0627 5.6517 5.4734 5.2737 6.3527 2.8150 4.1267 
7.7822 7.2457 8.0284 6.7086 6.3681 5.9984 6.2163 6.2955 5.7534 6.3875 4.9677 5.5576 4.6140 5.2896 5.5660 5.0682 5.0144 5.0060 5.3726 5.0790 4.3317 5.1144 4.4786 5.7867 5.0644 5.4998 5.2559 4.8474 5.0791 5.1895 6.1950 4.9066 4.3605 
7.8875 7.4505 7.4569 4.9129 6.1362 5.2812 7.2834 6.5402 6.1632 6.2186 6.1934 5.8238 5.7081 5.6332 5.6994 5.5662 5.5462 5.4789 5.5700 5.3854 5.3889 5.4418 5.6807 5.6243 5.4484 5.6941 6.3057 4.1236 4.8133 3.4715 5.6309 5.0147 4.2401 
8.3327 7.9342 7.8875 7.3349 7.0642 6.8148 6.7183 6.8491 6.7052 6.6537 6.2535 6.1662 5.7992 5.6935 5.5853 5.6611 5.5841 5.5969 5.4120 5.4778 5.5287 5.7372 5.7490 6.0376 5.9873 6.0460 5.7396 5.6956 5.7467 5.7731 6.0373 5.5192 4.7006 
8.3876 8.0221 7.9639 7.0594 5.6924 5.7074 6.7339 5.9173 5.4565 4.5855 4.8618 4.2503 3.8939 4.1027 4.2560 3.7406 3.3450 3.6301 4.0849 3.9002 3.5224 3.8662 4.3809 3.9747 4.7023 5.0950 5.7554 4.6117 4.3887 5.5398 6.1316 5.6361 4.9387 
7.9370 7.8301 7.7371 6.6881 6.4046 5.8375 6.8095 6.2178 5.7417 5.7790 5.8701 5.4813 5.5519 5.4897 5.3584 5.0736 5.0792 5.0125 5.1976 5.2205 5.1867 5.0595 5.3733 5.1754 5.0460 5.3797 5.8362 4.7188 5.1145 5.1125 5.8303 5.4409 4.5551 
7.2197 7.8983 7.4243 6.2786 5.9553 5.6485 6.5216 5.7759 5.5550 5.5579 5.0896 5.0648 5.1018 5.0048 5.1831 4.8377 4.5359 4.7418 5.0416 4.7251 4.7619 4.6372 4.5746 4.9519 4.8031 4.9764 5.5818 4.5419 4.6538 4.7720 5.5754 5.5594 3.8911 
5.6613 7.7362 6.9294 6.1726 6.1561 6.2362 6.9462 5.0314 4.9999 5.0925 5.5846 5.1803 4.9794 4.9906 4.7590 5.1063 4.9913 5.0427 4.6094 4.6954 4.6172 4.7603 5.0679 4.5080 4.2715 4.1245 6.0174 5.1355 4.8507 4.6137 5.1131 5.3126 1.8619 
7.8347 7.6827 7.9314 7.4428 7.2084 7.0263 6.9922 6.4351 6.3460 6.1305 6.3163 6.3425 6.2384 6.2152 6.0840 6.0565 6.0253 5.9551 5.8821 5.9793 5.9081 5.9381 5.8008 5.5378 5.6523 5.6304 6.0651 5.9167 5.8639 5.9054 6.1174 5.2551 4.4510 
8.5729 8.3082 7.9141 7.4028 7.2676 7.2280 7.1294 7.0801 6.5945 5.7778 6.2295 6.2881 6.1755 6.1743 6.0986 6.0879 5.9322 5.9841 5.8957 5.9178 5.8232 5.8697 5.7225 5.1772 5.8460 6.2464 6.1687 6.1154 5.9548 5.8686 6.0761 5.8576 5.0885 
8.4131 8.3054 8.0280 7.7126 7.4723 7.2776 7.0181 6.3936 5.6705 5.6227 6.4513 6.3635 6.2087 6.1265 6.1046 5.9007 5.9715 5.8107 5.9022 5.8438 5.8681 5.9760 5.9608 5.0349 4.9921 5.5936 6.0997 6.1617 6.1985 6.1716 6.1921 5.8658 5.0085 
5.6693 8.4697 8.0799 7.5908 6.4697 6.9014 7.0619 6.5687 4.6721 6.1459 5.5753 5.2207 4.6940 5.3327 5.0257 4.7071 4.0882 4.6396 4.8489 5.1032 4.4217 4.8117 5.0545 5.5553 3.9869 5.7180 6.1270 5.7887 5.1657 6.0869 6.2264 6.1163 3.5648 
7.1746 8.0863 8.1149 7.3318 6.5772 6.3778 7.3061 6.6640 6.2122 5.9019 5.7947 5.4391 5.6775 5.3693 5.7887 5.4049 5.3730 5.3096 5.6462 5.1324 5.3465 5.0327 5.2955 5.2867 5.5345 5.7853 6.3344 5.2817 5.2560 5.7785 6.2637 5.7198 3.3024 
7.5654 6.6022 8.3282 6.9129 6.6799 6.7735 7.3161 6.2649 6.0555 6.3583 5.7946 5.7877 5.6434 5.5960 5.7927 5.6400 5.6555 5.5784 5.6524 5.3310 5.2965 5.3870 5.3029 5.7623 5.3057 5.4438 6.3422 5.6668 5.3468 5.3586 6.4337 4.0721 4.3600 
7.9620 7.2332 7.7804 6.1556 5.6585 6.3106 6.4866 6.2848 6.1377 6.0775 5.9013 5.8966 6.1696 5.5734 4.9638 5.3141 5.3281 5.2347 4.7443 5.2879 5.8132 5.5332 5.4140 5.4632 5.4205 5.4969 5.5546 5.2101 4.4358 4.6659 5.8794 4.7582 4.4614 
8.3774 7.8835 7.9897 7.2899 6.3029 6.4421 6.9445 6.4164 5.7974 5.8141 6.1239 6.1861 6.3496 5.8415 6.3411 6.0033 5.7830 5.9064 6.1958 5.6270 6.0669 5.7581 5.6031 5.2191 5.1040 5.6089 6.0116 5.3053 5.0098 5.7162 6.1506 5.4355 4.8147 
8.3005 7.7973 7.6436 5.3817 6.0869 4.4519 6.3220 5.5185 5.8294 5.3228 5.4861 5.7908 6.3216 5.9237 5.0800 5.1977 4.6790 5.1205 4.9373 5.6847 6.0177 5.3950 4.9943 4.7016 5.1307 4.6366 5.3675 3.2766 4.7147 3.6933 5.7666 5.3597 4.8558 
7.4458 7.9785 7.6124 6.7738 6.7424 6.3487 6.6389 6.4409 5.9091 5.6134 5.0905 5.2389 6.5799 6.2619 5.8575 6.0891 5.3446 5.9848 5.7072 6.0461 6.2398 4.8695 4.5684 5.0259 5.1927 5.6281 5.6585 5.2275 5.4468 5.2374 5.7357 5.6233 4.1148 
3.5177 7.8998 6.5247 5.0782 5.4954 5.2872 6.6478 5.3000 5.3938 5.6513 5.9474 5.9924 5.8102 5.9159 5.7083 5.5125 5.7148 5.4117 5.5747 5.6823 5.5342 5.5901 5.4577 5.0608 4.6709 4.4855 5.6601 4.1630 4.1725 3.5458 4.6555 5.5481 1.5117 
7.8389 7.7774 7.8525 7.4627 7.2364 6.9215 6.7862 6.4008 6.4122 6.3911 6.1216 6.3511 5.5802 6.1785 6.0366 5.8799 6.1722 5.7952 5.8402 5.9296 5.2228 5.9541 5.6083 5.7888 5.7159 5.6082 5.7987 5.8102 5.8995 5.9404 6.0138 5.3347 4.4719 
8.6319 8.3403 7.9768 7.4704 7.1856 6.9574 6.8705 6.6640 6.4838 6.7083 6.4661 6.3840 6.3937 5.4823 6.0162 6.2150 5.8806 6.1511 5.8269 5.2116 6.1154 5.9996 5.9726 6.1190 5.7715 5.7888 5.9108 5.8449 5.8405 5.9658 6.1371 5.8869 5.1501 
8.2476 8.0256 7.7797 7.4448 7.1428 6.8992 6.8284 6.3467 5.9290 5.2252 5.6385 5.6952 6.6863 5.3971 5.0090 5.2246 5.2007 5.1471 4.8202 5.1399 6.3297 5.2769 5.1280 4.6371 5.2104 5.5567 5.8578 5.7832 5.8061 5.9150 5.8709 5.6530 4.8151 
5.3098 8.4398 8.1891 7.4493 6.4440 6.7756 6.5030 6.3278 6.1410 5.4434 5.5238 5.8096 5.8496 6.1003 4.8300 4.0346 3.2444 3.9470 4.6465 5.8063 5.5676 5.4203 5.0143 4.8214 5.4129 5.5425 5.5701 5.6612 5.1465 5.9012 6.3135 6.0900 2.8564 
4.9502 7.9247 8.0037 7.2658 7.0407 6.8147 6.7449 5.6542 6.1541 6.9550 6.3360 5.2972 6.0679 5.9263 5.9012 5.5554 5.0019 5.4571 5.7432 5.6905 5.7106 4.9032 5.8107 6.3525 5.4348 4.8595 5.7643 5.7049 5.7453 5.6974 6.1753 5.5603 3.3536 
7.5812 6.5078 7.8626 6.7177 6.5754 6.6584 7.1822 5.5262 5.3200 6.0972 6.2093 5.9707 5.6250 6.2250 5.9306 5.7194 5.5453 5.6507 5.7655 5.9938 5.2838 5.5783 5.6976 5.4921 4.6313 4.6217 6.1980 5.5540 5.2452 5.1448 6.0242 3.9913 4.2788 
8.3529 7.9249 6.7746 6.5290 6.3602 6.2340 7.3219 6.4530 5.6622 6.3314 5.8006 5.8104 5.7653 5.1406 5.2608 5.5642 5.0243 5.4755 5.1168 4.9253 5.4598 5.4241 5.3077 5.7291 4.9900 5.6356 6.3474 5.1305 5.0991 5.0290 4.9905 5.4978 4.7150 
8.2956 7.6915 7.5291 6.6815 6.2336 6.1177 6.7502 5.9241 5.0301 6.1076 6.0071 5.2578 4.2744 4.9920 5.6371 5.1396 5.2285 5.0709 5.4977 4.6986 3.9605 4.8725 5.5164 5.4944 4.2860 5.0919 5.7813 4.9992 4.9470 5.1025 5.6824 5.2323 4.8310 
7.6326 7.8483 7.5422 6.8120 6.6484 6.3226 6.0425 6.2286 5.9272 4.7072 6.1537 5.6814 5.6636 5.7912 5.6352 5.5484 5.4857 5.4461 5.4934 5.5853 5.3315 5.2515 5.6396 4.1167 5.2151 5.3999 5.0794 5.1993 5.2986 5.2576 5.6857 5.4838 4.2832 
6.8506 7.8769 6.0354 6.6821 6.4149 5.9751 6.3245 6.2383 6.2082 6.0815 5.6730 5.5949 5.3768 5.7947 5.7289 5.7074 5.3641 5.6378 5.5922 5.5935 5.0632 5.1602 5.1634 5.4618 5.5281 5.4259 5.3710 4.8645 5.1332 5.1313 4.0123 5.5173 3.4245 
8.1447 7.8656 7.8557 7.3910 7.2248 6.9134 6.6967 6.6745 6.6517 6.7284 6.4258 6.4805 6.4151 6.1495 6.1433 6.1616 6.0721 6.1038 5.9688 5.8781 6.1291 6.1073 5.9320 6.1361 5.9029 5.7970 5.7120 5.7987 5.8809 5.8434 6.0078 5.4632 4.6784 
