4.5825 4.2923 4.3004 3.7930 3.9699 3.6161 3.8952 2.9901 3.8255 3.0178 3.2827 3.4740 3.4868 3.0534 2.7946 2.2676 2.1471 2.1851 2.6284 2.8689 3.2371 3.1235 2.8452 2.4986 3.2363 2.3446 3.0750 2.6657 2.8752 2.4746 2.7206 2.3108 1.6250 
3.2280 3.4356 4.1365 4.2774 3.9643 3.0659 4.5495 4.1677 2.2703 4.1724 2.4827 3.4972 2.6101 3.4458 3.6265 3.2470 3.0153 3.1553 3.4851 3.2796 2.3666 3.1625 2.0704 3.6482 1.7287 3.4416 3.7676 2.0805 2.8785 2.9568 2.5452 1.4110 0.3339 
4.2899 4.0911 4.5046 4.0578 4.2334 3.9503 2.6751 3.3415 4.0912 3.5356 3.7602 2.6299 3.4985 3.7862 3.8393 3.0881 3.1619 3.0163 3.7203 3.5522 3.2662 2.3252 3.3188 3.0210 3.4856 2.6299 1.8804 3.0033 3.0917 2.7688 2.9446 1.9901 1.1109 
3.3427 4.5122 4.7562 3.6224 4.7236 3.8331 4.3769 3.4399 3.7352 3.9926 3.7438 3.3999 3.7471 3.2599 3.6499 3.5279 3.5103 3.4713 3.4972 3.0150 3.4407 3.0432 3.3081 3.4897 3.0998 2.7419 3.5534 2.8826 3.5931 2.3918 3.1687 2.5007 0.4127 
3.9969 4.3362 4.2608 4.5558 4.4518 3.9850 4.8864 4.8582 4.9568 5.1036 4.7957 4.2772 3.8928 3.4181 2.7097 2.8876 0.5056 2.8354 2.5568 3.2310 3.6191 3.9071 4.3598 4.5815 4.3659 4.1781 4.0739 3.0379 3.3665 3.2894 2.6399 2.3602 1.0521 
3.8914 4.6699 4.7875 5.7184 4.9266 4.4829 4.3485 4.8994 4.8503 4.7034 4.6546 4.7267 4.3889 4.6831 4.3678 4.2450 4.1547 4.1652 4.2556 4.4417 4.1259 4.3518 4.2385 4.1843 4.2675 4.2357 3.5166 3.5422 3.8373 4.4036 3.2807 2.6565 1.2895 
5.3238 5.1450 5.2723 4.7279 5.0885 4.7693 4.3229 4.8265 4.8155 5.0262 4.5155 4.2766 3.1748 3.3190 3.4980 3.9931 2.7658 3.9364 3.3816 3.0865 2.8906 3.9085 4.0933 4.5060 4.2419 4.1358 3.4896 3.8212 3.9683 3.4058 3.6963 3.0687 2.3398 
5.3683 5.0051 5.6676 4.3118 5.4205 5.3157 5.1301 4.7395 4.0326 4.9284 4.2815 4.5582 4.1096 4.2720 4.3048 3.8775 3.2442 3.8194 4.1788 4.0448 3.8326 4.2401 3.8414 4.4288 3.4282 4.0029 4.3003 4.3720 4.3341 2.9756 4.0570 2.9316 2.3940 
4.5749 4.7158 5.4581 5.2691 3.9704 4.7546 4.5496 4.6275 3.8085 4.6097 4.4187 4.4152 4.3949 4.0715 3.8808 3.5147 1.9423 3.4586 3.7718 3.8696 4.1276 4.0640 3.9802 4.0919 3.2011 3.9104 3.7684 3.8106 2.8974 3.9580 3.8828 2.7398 1.7546 
5.0728 4.9812 5.4233 5.5516 4.8332 3.1566 4.3806 4.9166 4.6201 4.6308 3.8216 4.2545 3.3250 4.1294 4.2319 4.2945 4.1459 4.2441 4.0603 3.9185 3.0291 3.8810 3.3797 4.1113 3.9937 4.2495 3.5716 2.2240 3.7493 4.2602 3.8670 2.9631 2.0604 
5.1270 4.7376 4.8912 5.5055 4.9702 3.9565 4.3529 3.9627 4.3575 4.8880 4.0422 4.0343 3.4609 3.7798 4.1484 3.7537 3.7523 3.6624 3.9866 3.5432 3.1983 3.7122 3.6089 4.3790 3.7818 3.2973 3.5228 3.0232 3.8638 4.2363 3.3650 2.6714 2.3451 
3.7631 5.0771 5.3561 5.3375 5.2498 4.7917 4.4036 4.3191 4.1145 4.5872 3.9670 3.9501 4.4067 4.4445 4.1253 3.8550 3.8842 3.7981 3.9713 4.2697 4.1485 3.6008 3.5316 4.0690 3.4933 3.6080 3.5889 3.8427 4.1436 4.0330 3.8042 3.0120 0.7806 
5.4082 5.6142 5.4014 5.1401 5.2146 4.7241 4.9225 4.6918 4.3562 4.5612 4.4470 2.8247 3.9647 3.9806 3.6359 3.8143 3.6501 3.7681 3.4925 3.8034 3.7139 2.4396 4.0180 4.0455 3.7722 3.9589 4.1323 3.7787 4.0909 3.8294 3.8410 3.5391 2.3754 
5.4396 4.9200 5.5931 5.2995 4.4143 4.7838 4.2448 4.4360 4.1437 2.9139 4.5196 4.3245 3.6685 3.7936 3.3931 2.8506 3.3700 2.8080 3.2772 3.5528 3.3753 3.9639 4.0989 2.4814 3.5320 3.7663 3.4093 3.8296 3.3384 3.9718 3.9938 2.9388 2.5552 
4.4010 4.7800 4.8465 4.7728 4.8409 2.8788 4.7171 3.5853 3.6118 4.3556 3.3441 4.0385 2.9031 2.6971 3.7700 2.9805 3.3219 2.9237 3.6079 2.4904 2.6164 3.7229 2.8941 3.8510 3.0110 2.9067 3.8707 1.9268 3.7670 3.4686 3.2916 2.7530 1.2880 
4.7874 5.1957 5.2818 5.1902 5.2705 5.3101 4.7277 3.9005 4.3395 3.9218 3.4751 4.3748 4.2158 4.0983 3.9836 3.8204 3.7658 3.7688 3.8661 3.8901 3.9088 4.0183 3.0407 3.4085 3.7672 3.2094 3.8835 4.3611 4.1865 3.8606 3.7262 3.1374 1.6184 
5.0060 4.2582 4.4459 4.7441 4.3855 4.4388 3.9585 4.4008 3.9042 3.7918 3.3882 4.2912 3.6609 4.0079 3.4146 3.4538 3.6206 3.3927 3.3018 3.8245 3.3779 3.9271 2.9589 3.2920 3.3165 3.7265 3.1631 3.4920 3.3043 3.4295 2.8815 2.0939 2.0192 
4.9732 5.2524 4.9902 5.0340 5.0526 4.8477 4.3587 4.0033 4.1352 3.0221 3.7185 3.9691 3.3367 3.6040 3.2996 3.4017 2.9752 3.3449 3.1369 3.4008 3.0302 3.6344 3.2991 2.4927 3.5099 3.3201 3.5319 3.8984 3.9472 3.7662 3.4189 3.2076 1.9191 
4.2841 4.9670 5.0192 3.9206 5.1339 4.5091 5.3117 4.3383 4.4526 4.8541 4.2393 3.8900 3.9645 2.6962 3.8288 3.3640 3.8270 3.3171 3.7058 2.4872 3.7182 3.5320 3.7964 4.3467 3.8657 3.6487 4.4836 3.5859 3.9982 2.5917 3.4471 2.9175 0.6984 
5.5496 5.3218 4.3654 4.7705 3.2978 4.3473 3.9932 2.4453 2.8868 3.1567 3.3245 3.0808 3.0787 2.3019 3.0232 3.1310 2.9460 3.0515 2.9032 2.0578 2.8304 2.7564 2.8809 2.6367 2.3191 1.7012 3.1990 3.4034 2.1641 3.4504 2.8205 3.2942 2.5769 
5.5029 5.6856 5.9926 5.0252 4.3656 4.3349 3.0693 4.4757 3.9631 4.0717 3.9923 3.4715 3.6017 3.9281 3.9512 3.4651 3.6165 3.4009 3.8281 3.7597 3.3421 3.1174 3.5688 3.5556 3.3708 3.8026 2.2661 3.3870 3.2791 3.7329 4.4048 3.6580 2.4474 
5.3844 5.9019 5.6683 5.6430 5.2828 4.7863 4.8384 4.4585 4.8573 4.5898 4.3205 4.3395 4.3732 4.2606 4.3640 4.3082 4.3008 4.2558 4.2538 4.0261 4.1011 3.9729 3.8848 4.0675 4.2747 3.7874 4.0162 3.8360 4.1925 4.3191 4.0596 3.8856 2.3945 
6.4331 6.1343 6.7002 5.6609 5.0079 5.0560 4.3262 4.3823 4.2714 4.7875 4.4272 4.3847 4.1434 3.9415 3.9019 4.0457 3.8480 3.9707 3.7899 3.7645 3.8522 4.0257 3.9843 4.2844 3.6860 3.6693 3.4769 4.0833 3.9345 4.3049 5.1411 4.1204 3.5977 
6.7733 6.6596 6.8076 6.4154 6.4286 6.2918 6.1596 5.9665 5.8193 5.7206 5.7005 5.5353 5.4440 5.3845 5.3130 5.2664 5.2436 5.2132 5.2024 5.2076 5.2021 5.2037 5.2628 5.2169 5.2326 5.2705 5.3210 5.3427 5.3262 5.1389 5.2432 4.6330 3.8814 
6.6535 6.3215 6.3181 5.6644 5.3824 5.1697 3.4905 3.8873 4.4561 4.4410 4.5828 4.0813 4.0621 3.6275 3.6797 3.4382 3.6020 3.3820 3.5160 3.4089 3.8035 3.7631 4.1632 3.9370 3.8762 3.2171 2.6745 4.2099 4.2972 4.3545 4.7492 4.2998 3.7079 
6.6139 6.6967 6.7366 6.5293 6.3339 6.1617 5.8798 5.6687 5.5095 5.6542 5.6062 5.4423 5.3824 5.2685 5.2192 5.2169 5.1682 5.1579 5.0736 5.0635 5.1300 5.1200 5.1870 5.1310 4.9046 4.9242 5.0876 5.2164 5.2470 5.2270 5.1881 4.6864 3.7302 
6.5326 6.1599 5.8641 5.3740 5.6220 3.8612 4.2400 4.3215 4.4244 4.5194 4.5677 4.2930 4.2302 4.0324 4.1345 4.0098 3.8457 3.9504 3.9753 3.8425 3.9194 3.9283 4.1501 4.0024 3.8328 3.6089 3.3914 2.8957 4.4808 4.0679 4.3061 4.0751 3.5037 
6.6241 6.1601 5.9570 5.6974 5.6896 4.8753 4.1764 4.5567 4.6196 4.7985 4.2916 4.2743 4.3485 4.2513 4.1093 4.2012 4.1625 4.1143 3.9637 4.0106 4.0684 3.9062 3.8562 4.2931 3.9935 3.8574 3.3503 3.9210 4.5669 4.3780 4.3750 4.0596 3.6094 
6.1350 5.7020 5.8541 5.8911 5.4437 4.6855 4.7360 4.7323 4.6187 4.7453 4.3930 4.3530 4.2905 4.2095 4.1988 4.1388 4.2049 4.0561 4.0310 3.9679 3.9884 3.9879 3.9618 4.2437 3.9914 3.9972 3.9023 3.7554 4.3454 4.6117 4.2927 3.6478 3.0924 
5.8963 5.1270 5.0986 5.5242 5.6709 5.1286 4.8459 4.7180 4.4441 4.6908 4.3174 4.1749 4.3018 4.2710 4.2790 4.1965 4.0865 4.1096 4.1389 4.0407 4.0046 3.8192 3.8802 4.1681 3.8549 3.9732 4.0204 4.1724 4.5399 4.2457 3.5067 3.0271 2.9798 
5.2450 5.8579 5.5844 5.4229 5.2329 4.5021 4.3185 4.0785 3.9780 3.1852 3.2981 2.8206 3.4920 3.2915 3.2402 3.4799 3.4811 3.4181 3.0906 3.0549 3.2643 2.4868 2.8455 2.6850 3.3964 3.3918 3.4972 3.5604 4.1233 4.1342 3.9688 3.8321 2.6435 
5.2298 5.8682 5.7020 5.3576 5.4311 4.8738 4.0647 4.3247 3.9654 3.8016 4.0760 3.8219 4.1445 3.8525 3.8207 3.7926 3.7817 3.7297 3.6931 3.6506 3.8605 3.4621 3.6586 3.3030 3.3726 3.6119 3.2773 3.9127 4.3541 4.0501 4.1259 3.8489 2.6841 
4.2743 5.9369 5.7966 5.2122 5.6624 4.4813 4.0765 3.9221 3.8361 4.7818 3.9538 3.9591 4.0185 3.9600 3.8922 3.8746 3.8336 3.8178 3.7810 3.7833 3.7766 3.6111 3.5089 4.2786 3.2443 3.2592 3.2933 3.5263 4.5269 3.8987 4.2496 3.9053 1.8070 
4.5006 6.2467 5.8404 5.2856 5.9307 5.2170 4.5847 4.2526 3.9515 4.6409 4.4705 3.9892 3.5445 3.7800 3.8633 3.8829 4.0038 3.8254 3.7588 3.5403 3.3073 3.6621 4.0482 4.1203 3.3592 3.5187 3.7898 4.2653 4.8375 3.9609 4.2903 4.2316 1.1515 
5.1539 6.2549 5.7276 5.8278 5.4447 5.4020 5.2107 4.8488 4.7733 5.2086 4.4340 4.4125 4.2657 4.0844 4.1039 4.2459 4.1321 4.1682 3.9615 3.8810 3.9644 4.0615 3.9945 4.7079 4.1827 4.1622 4.3729 4.4504 4.3600 4.5116 4.1909 4.2414 2.6323 
5.8277 6.1617 5.9248 5.1484 4.9093 5.2901 4.6500 4.6865 4.4931 4.8564 4.4680 4.3059 3.9248 3.5761 3.7559 3.5917 3.7801 3.5151 3.5822 3.3832 3.6560 3.9446 4.0415 4.3512 3.8942 3.9496 3.8262 4.3466 3.8231 3.8330 4.3524 4.1269 3.0222 
5.7699 6.3516 6.4993 5.6363 5.2757 5.5304 4.7530 3.9101 3.6744 4.5555 4.2925 4.0073 3.3487 3.1273 2.5099 2.8957 2.9814 2.8441 2.3898 2.9245 3.0496 3.6800 3.8547 4.0394 3.0533 3.2235 3.9142 4.5814 4.2002 4.2931 4.9065 4.3505 2.9913 
6.1642 6.3142 6.3782 5.6393 5.1348 5.1463 4.9877 4.9201 5.0692 5.1469 4.6887 4.4228 3.8406 3.9455 4.0230 3.9144 3.9863 3.8536 3.8960 3.7706 3.5437 4.0676 4.2538 4.6257 4.4460 4.2513 4.2039 4.1933 3.9978 4.2982 4.8099 4.3041 3.3209 
6.3409 6.1987 5.2089 4.1494 4.3181 4.7490 4.8064 4.4377 4.5781 4.8391 4.9453 4.0982 3.8108 3.4414 2.9510 2.4767 2.8516 2.4139 2.8407 3.2596 3.5000 3.7685 4.5212 4.3326 3.9671 3.7707 3.9748 3.8006 3.2594 2.8693 3.6114 4.1491 3.4214 
6.4965 6.2876 5.7054 4.8369 3.9537 4.4715 4.7432 4.4819 4.7317 5.1728 4.0123 4.3205 4.0799 3.9928 3.3470 3.4846 3.1414 3.4199 3.2172 3.8152 3.8190 3.9609 3.5775 4.6466 4.1171 3.8124 3.9097 3.5216 2.8534 3.5009 4.0983 4.2611 3.5366 
6.4706 6.4241 5.8535 5.4127 5.1539 5.1536 5.1183 4.7403 4.7408 4.2421 5.0805 4.7639 4.7069 4.6626 4.5703 4.4687 4.4024 4.4110 4.4308 4.4334 4.3962 4.4000 4.6681 3.7242 4.1279 4.0034 4.2949 4.2039 4.0084 4.1204 4.2678 4.3734 3.3611 
6.5115 6.6171 6.2383 5.6956 5.4649 5.2905 5.3131 4.9568 4.7998 5.0741 4.9189 4.9596 4.8798 4.8260 4.7145 4.5976 4.4934 4.5166 4.5476 4.6362 4.6177 4.6350 4.4908 4.5519 4.2177 4.2772 4.4857 4.3398 4.3637 4.3653 4.6567 4.5419 3.3534 
5.8338 6.2907 5.9981 5.6305 5.3770 5.1490 3.8756 5.4924 5.2414 5.4021 5.3035 4.8146 4.9060 4.8620 4.7604 4.8205 4.7466 4.7637 4.6277 4.6882 4.6531 4.4510 4.8701 4.9042 4.6394 4.7987 2.9948 4.2077 4.2911 4.3123 4.4041 4.2858 2.7203 
4.8987 6.2952 5.7149 5.2163 4.8447 4.8677 4.9471 4.8373 4.5800 5.3506 5.2854 4.7372 4.3950 4.2325 4.4166 4.2629 4.2776 4.1992 4.2978 3.9751 4.1353 4.3671 4.8509 4.8435 3.9651 4.1542 4.1583 3.9263 3.7786 3.9119 4.1504 4.2735 2.5451 
3.9871 6.6085 5.7729 4.8110 4.3581 4.0109 4.0500 5.2874 4.5590 4.6843 5.1990 4.3722 3.9623 3.8690 3.8111 3.3059 3.2610 3.2386 3.6618 3.6870 3.6961 4.0166 4.7604 4.1678 3.9509 4.5905 3.2843 3.1147 3.3195 3.5377 4.2209 4.5279 2.8202 
5.3541 6.6528 6.0165 5.2067 4.9665 4.5723 4.7691 4.3343 5.0002 5.5006 4.3343 4.4513 3.6118 4.1537 4.1439 3.8955 3.8729 3.8365 3.9814 3.9327 3.3386 4.1216 3.9078 4.9813 4.4063 3.6282 3.9436 3.6345 3.8811 3.8879 4.4116 4.6148 2.9952 
6.0427 6.7012 5.9211 5.2855 4.7838 4.8282 4.6566 5.4060 5.2957 5.2821 5.0785 3.8329 3.7129 3.7355 3.4284 2.2047 3.2744 2.1444 3.3103 3.4908 3.4168 3.4575 4.6609 4.7774 4.7184 4.7395 3.8280 3.8830 3.6875 3.9669 4.3296 4.6980 3.2115 
6.2284 6.7997 5.8344 5.1510 4.3481 4.4318 3.8875 5.4546 5.3371 4.8403 4.9105 3.3067 3.8098 3.7964 2.7041 3.1729 3.2670 3.0916 2.5463 3.5663 3.5069 2.9227 4.4736 4.3363 4.7492 4.7735 3.0703 3.4856 3.2805 3.8265 4.2472 4.7774 3.1960 
6.2213 6.9192 6.2347 5.6007 5.2628 5.1550 5.1550 5.1750 5.4924 5.3056 4.8111 4.7616 4.6713 4.4912 4.4931 4.4586 4.4866 4.4022 4.3678 4.3049 4.3712 4.3939 4.3824 4.7959 4.8913 4.4361 4.3208 4.2091 4.1680 4.2907 4.6469 4.8837 2.9947 
5.6739 6.8607 6.3976 5.7779 5.6564 5.3937 4.9688 5.3630 5.7215 5.3582 4.8546 4.9219 4.7129 4.8820 4.7340 4.7497 4.7204 4.6963 4.5801 4.7115 4.4047 4.5915 4.4258 4.8451 5.1286 4.6991 4.1717 4.4467 4.5107 4.4584 4.8133 4.8385 0.5787 
6.2869 6.4089 5.9709 5.4882 5.1938 5.2532 4.8567 4.5671 4.6657 4.8192 4.7364 4.5789 4.4812 4.5089 4.4074 4.3324 4.3380 4.2777 4.2878 4.3188 4.2447 4.2508 4.2972 4.3136 4.0349 3.8653 4.0330 4.3070 4.0576 4.2098 4.3778 4.3805 3.4527 
6.2896 6.2395 5.2111 4.8868 4.7551 4.4476 4.3243 3.8630 3.6140 3.3209 3.6599 3.7841 3.6913 3.5603 3.5005 3.4418 3.5015 3.3802 3.3834 3.3719 3.4015 3.4105 3.2394 2.8186 3.0088 3.1659 3.4943 3.5021 3.6391 3.5732 3.5612 4.2075 3.2893 
5.8276 5.5924 5.0808 4.7274 4.4381 4.3118 4.4392 4.3810 4.2151 3.9784 3.8111 3.9603 3.8501 3.8833 3.8268 3.4997 3.5811 3.4440 3.6996 3.6959 3.5611 3.6142 3.3753 3.4772 3.5783 3.6985 3.6369 3.3671 3.3496 3.4022 3.4681 3.5035 2.8089 
5.2653 4.8710 4.7380 4.3391 3.8073 3.7529 3.9521 3.4567 3.0159 3.2877 3.3520 3.0298 3.2791 3.0993 3.3749 3.5287 3.3589 3.4703 3.2628 2.9053 2.9701 2.7008 2.9171 2.7672 2.4230 2.7886 3.1380 2.8129 2.6934 3.0204 3.1254 2.8398 2.2438 
3.4347 4.4517 3.8369 3.7458 2.8476 3.4304 3.4435 2.8524 3.4064 2.5810 2.3573 2.5343 3.0008 3.0533 2.8728 2.3857 2.5726 2.3327 2.7360 2.8714 2.7460 2.1933 1.9113 2.0819 2.8309 2.1259 2.6170 2.4877 1.7360 2.4312 2.2820 2.4264 -0.3285 
4.7090 4.2973 2.9860 3.4826 3.3062 3.2005 3.3279 2.7102 3.0385 2.4779 2.4297 2.5344 2.8426 3.0239 2.9206 2.4456 1.6107 2.3877 2.8140 2.8513 2.5409 2.1883 1.9994 1.9814 2.4479 2.0144 2.4952 2.2681 2.1747 2.1785 1.4083 2.2249 1.7238 
4.7865 4.9137 4.7037 4.1901 3.9199 3.8317 3.8447 3.8726 3.0572 2.9349 2.7155 3.0865 2.9942 2.7975 2.9741 2.8303 3.0402 2.7599 2.8574 2.5493 2.7386 2.7664 2.3036 2.4270 2.4699 3.1755 3.0163 2.8886 2.8358 2.8747 3.0660 2.8895 1.6356 
3.1717 5.2334 4.7159 4.4847 4.2452 3.8203 3.5633 3.7347 3.5901 3.3722 2.6736 3.2913 3.0234 2.1335 2.5087 3.0005 2.9758 2.9370 2.3889 1.9414 2.7868 2.9138 2.2477 2.8661 2.9876 3.0025 2.7870 2.8725 3.1071 3.2111 3.0807 3.1981 1.3165 
3.0105 4.9404 4.1216 4.2010 4.2657 3.7175 3.2685 3.1218 3.1402 2.5964 2.8527 2.8428 2.6937 2.5343 2.4801 2.8644 2.8221 2.8165 2.3647 2.3604 2.4206 2.4728 2.4171 2.0866 2.5371 2.4280 2.4312 2.7693 3.1402 2.8846 2.4931 2.9181 0.6776 
4.3890 4.9791 4.2056 3.5232 3.9822 3.4128 3.3175 2.9238 3.0864 3.4067 3.3762 3.1293 3.3178 3.0253 2.3973 2.5322 1.4766 2.4704 2.2727 2.8533 3.0157 2.8121 2.9420 2.8979 2.4855 2.2163 2.4779 2.4615 2.8948 2.2113 2.5472 2.9400 0.9307 
4.4875 5.2126 4.5484 3.8555 3.7177 3.0975 3.3002 2.5935 2.6292 2.2272 2.9096 2.8442 2.8339 2.5647 2.5419 1.9849 2.3087 1.9382 2.4141 2.3904 2.5276 2.4784 2.4803 1.7284 2.0407 1.9152 2.4600 2.1796 2.5974 2.5346 2.9644 3.1535 1.2176 
3.9570 4.9247 4.7850 4.5021 4.1288 3.8953 3.7422 3.4564 3.7987 3.5705 2.8798 3.3473 3.2185 3.3292 3.1281 3.0306 2.8408 2.9748 2.9892 3.1050 2.9270 2.9846 2.4395 3.0526 3.1887 2.7825 2.9078 2.9491 3.0123 3.2294 3.2122 2.9129 1.1069 
3.5045 5.2461 4.7146 4.7824 4.5728 4.1108 3.6906 4.1674 3.8803 3.8733 4.0745 3.3668 3.4041 3.3126 2.7168 3.4251 4.0567 3.3685 2.5605 3.0808 3.1232 3.0051 3.6580 3.3634 3.3087 3.4445 2.8812 3.1702 3.4594 3.4616 3.0937 3.2355 0.9518 
1.9258 4.2135 4.2694 4.4877 5.1798 4.9592 4.4832 4.3223 3.9043 4.0276 3.7482 3.1641 1.7962 3.7167 3.7758 3.6392 2.6456 3.5567 3.6163 3.4867 1.5258 2.8312 3.3104 3.5101 3.3230 3.6138 3.6927 4.0100 4.0380 3.2267 2.6795 2.1528 -0.5771 
3.8760 4.6799 4.6641 3.8124 4.7190 4.8741 4.2494 4.4721 4.2931 3.9516 3.4759 3.8844 3.7306 3.4623 3.6561 3.3235 3.1324 3.2652 3.4976 3.2934 3.4249 3.5218 3.0389 3.4401 3.6930 3.8025 3.4000 3.9289 3.5896 2.4902 3.0422 2.6177 0.4784 
4.6069 4.7481 4.1723 4.4662 4.3798 4.7397 3.1463 4.1789 4.1602 4.1067 3.7377 3.9117 3.7414 3.7732 3.4655 3.6014 3.3453 3.5251 3.3425 3.5317 3.4344 3.5570 3.3066 3.5867 3.5351 3.4567 2.3253 3.7937 3.3033 3.1785 2.5730 2.6687 1.4095 
3.4483 4.4361 4.2433 3.8711 4.4323 4.4033 3.4928 3.3016 3.7965 3.5401 3.1505 2.4890 3.1198 2.8281 2.8472 2.3528 2.6719 2.2729 2.7006 2.5807 2.8637 2.1224 2.7245 3.0245 3.1889 2.5495 2.6941 3.4593 3.3437 2.5555 2.6083 2.4358 0.1709 
5.4200 5.1233 3.1212 4.2865 4.2764 3.5177 4.2341 3.4938 3.2892 3.1447 2.2654 3.0005 2.8394 2.5244 3.2063 2.2129 2.7422 2.1271 3.0429 2.3525 2.5388 2.6458 1.8612 2.6283 2.6449 2.8209 3.3914 2.5549 3.1718 2.9577 1.7265 3.0422 2.5403 
6.2176 6.5607 5.9945 5.6973 5.1215 5.0134 4.9313 4.8574 4.8052 4.7181 4.6104 4.6597 4.5434 4.4533 4.4379 4.3850 4.3523 4.3244 4.3161 4.2787 4.2843 4.2990 4.1959 4.2035 4.2316 4.1751 4.1405 4.0656 3.9778 4.3735 4.3970 4.4911 3.1768 
6.8388 6.7152 6.2838 5.7998 4.9829 4.9593 4.8529 4.7484 4.6832 4.6745 4.6311 4.5219 4.4534 4.4458 4.3429 4.3317 4.3149 4.2771 4.2372 4.2729 4.2221 4.2035 4.2172 4.1510 4.0477 4.0197 4.0319 4.0162 3.8944 4.4880 4.7190 4.6857 3.7958 
5.3887 6.7873 6.5022 6.0545 5.7137 5.4440 5.2943 5.2166 5.1700 5.0947 4.9519 4.8965 4.8284 4.8502 4.8109 4.7690 4.7269 4.7183 4.7063 4.6713 4.5506 4.5474 4.5309 4.5728 4.5333 4.4844 4.4643 4.4986 4.6021 4.7549 4.8980 4.7715 1.7726 
6.7092 6.7467 6.2265 6.0221 5.7413 5.6494 5.4348 5.3702 5.2812 5.2083 5.1712 5.0987 5.0548 4.9221 4.9080 4.8791 4.8514 4.8166 4.7837 4.7489 4.7829 4.7517 4.7340 4.7071 4.7072 4.7018 4.6465 4.7013 4.6492 4.7286 4.6888 4.7265 3.7978 
6.5590 6.5948 6.6360 6.1134 5.5928 5.5278 5.3895 5.2990 5.2358 5.0639 5.0190 4.9420 4.8431 4.8386 4.8232 4.7861 4.7325 4.7334 4.7157 4.6547 4.5695 4.6148 4.6008 4.5426 4.6338 4.6029 4.5869 4.5800 4.4535 4.7814 5.0376 4.5453 3.6737 
6.5405 6.8720 5.9987 5.6818 4.7238 4.4869 4.4047 4.2486 4.2128 4.1758 3.8695 3.8544 3.5290 3.9613 3.7419 3.5953 3.6961 3.5178 3.5713 3.7825 3.2896 3.4903 3.4347 3.6498 3.5684 3.4971 3.5784 3.5302 3.5677 4.3525 4.3782 4.8466 3.6909 
6.1173 6.4290 6.1553 5.8101 5.7437 5.5229 5.3682 5.2797 5.1908 5.1404 4.9987 4.9613 4.9109 4.8318 4.8127 4.7753 4.7233 4.7240 4.7077 4.6450 4.6630 4.6387 4.5802 4.6181 4.5601 4.5778 4.5570 4.5795 4.6568 4.5067 4.5400 4.4162 3.0864 
6.6292 6.6300 6.1784 5.5175 5.4855 5.2741 5.1429 5.0559 4.9334 4.7702 4.7483 4.7125 4.6381 4.6166 4.4752 4.4905 4.4531 4.4308 4.3533 4.3988 4.3484 4.3359 4.3113 4.2682 4.3465 4.3526 4.3142 4.3317 4.3921 4.2498 4.5920 4.5579 3.6273 
6.3247 6.7233 3.9767 5.4429 5.2493 5.2010 4.9852 4.9052 4.7987 4.7909 4.6968 4.6335 4.4973 4.5051 4.4413 4.4367 4.3934 4.3740 4.3214 4.3158 4.2548 4.2829 4.2596 4.2858 4.2202 4.2359 4.2002 4.2523 4.1404 4.1554 2.5993 4.7112 3.3263 
6.8585 6.4005 6.2507 5.7407 5.3368 4.7909 4.6971 4.6542 4.4314 4.2569 4.1488 4.1859 4.0157 3.8247 3.8392 3.8230 3.8631 3.7713 3.7179 3.6077 3.7754 3.8236 3.7309 3.7486 3.8352 3.9236 3.8478 3.8337 4.2484 4.4189 4.6993 4.3613 3.9614 
6.5570 6.9193 6.1467 5.7317 4.8329 4.7421 4.6870 4.5143 4.3409 4.2893 4.2640 4.1340 4.2415 4.0678 4.0946 4.0620 4.0060 3.9857 3.9558 3.8680 3.9342 3.7927 3.8257 3.7869 3.7623 3.8265 3.8478 3.7905 3.7337 4.4149 4.5032 4.8859 3.5594 
6.1337 6.3634 6.0458 5.6571 5.5162 5.2531 5.1866 5.0300 4.9307 4.8102 4.7523 4.7278 4.6258 4.6062 4.5648 4.4802 4.4507 4.4220 4.4258 4.3911 4.3399 4.3545 4.3157 4.3042 4.3450 4.3328 4.3452 4.3091 4.4144 4.3347 4.4469 4.3472 3.3380 
6.3950 6.3774 6.1815 5.7702 5.5331 5.2464 5.0932 4.9823 4.9403 4.7864 4.7077 4.6883 4.5868 4.4701 4.4659 4.4479 4.4965 4.3933 4.3456 4.2913 4.3134 4.3164 4.2671 4.2820 4.3521 4.3005 4.2825 4.3025 4.4221 4.4642 4.6028 4.3400 3.4012 
6.5975 6.7378 5.4559 5.6730 5.4946 5.3029 5.2178 5.0619 4.9997 4.8535 4.8202 4.7512 4.7239 4.6524 4.6068 4.5425 4.5121 4.4654 4.4480 4.4256 4.4193 4.3827 4.3879 4.3439 4.3996 4.3536 4.3801 4.3545 4.3874 4.3393 3.9161 4.7199 3.5921 
6.4255 6.6574 6.4446 5.8737 5.5129 5.5517 5.4139 5.3280 5.2493 4.9272 4.9759 4.8958 4.8374 4.8148 4.8128 4.7769 4.7711 4.7254 4.7078 4.6199 4.5619 4.5457 4.5556 4.4255 4.6556 4.6436 4.6221 4.6042 4.4033 4.5775 4.8603 4.6360 3.6135 
6.3470 6.7611 5.6679 5.1953 4.3304 4.8678 4.7352 4.5725 3.5409 4.0654 4.2742 4.1539 3.8877 3.8936 3.9629 3.9611 3.8555 3.8970 3.8400 3.7092 3.6103 3.8060 3.8377 3.5434 2.9552 3.8688 3.8946 3.9178 3.2239 3.8589 3.9898 4.7448 3.6343 
6.3726 6.1598 5.9100 5.3371 5.0437 4.9165 4.7630 4.4816 4.4416 4.1343 4.3789 4.2355 4.0706 4.1700 4.1780 4.0411 3.9963 3.9693 4.0123 3.9451 3.8111 3.8572 3.9495 3.6140 3.8546 3.8072 3.9321 3.9697 3.9346 4.0241 4.3283 4.1244 3.3223 
5.8529 6.5751 6.1660 5.7732 5.5519 5.4078 5.3389 5.2337 5.1800 5.0780 4.9940 4.9005 4.8497 4.7993 4.7616 4.7473 4.7290 4.6922 4.6265 4.5974 4.5789 4.5525 4.5751 4.5570 4.5424 4.5082 4.5192 4.4624 4.4350 4.4542 4.5510 4.5062 2.4364 
6.9008 6.7518 5.9896 5.4538 5.1712 5.2651 5.2036 4.9154 4.5866 4.5693 4.6659 4.4432 4.2830 4.2194 4.1776 4.1679 4.0922 4.0834 4.0124 3.9717 3.9788 4.1086 4.2425 4.0474 3.9667 4.2469 4.3613 4.3145 4.0150 4.1475 4.3874 4.7335 4.0457 
6.6983 6.9183 5.6526 5.3817 5.0359 4.8214 5.3882 4.9157 4.7290 4.6166 4.6158 4.4853 4.4394 4.3793 4.3160 4.2980 4.2582 4.2468 4.2002 4.1998 4.1938 4.1610 4.2044 4.0896 4.1056 4.2439 4.5892 3.8823 3.9262 4.0743 3.9803 4.8826 3.8278 
6.2193 6.3097 5.6329 5.2104 4.9121 4.9202 5.2150 4.7113 4.3373 4.1686 3.9685 4.1290 4.0465 3.9489 3.9888 3.9421 3.8210 3.8789 3.8694 3.7744 3.7960 3.7910 3.5409 3.6466 3.7633 3.9648 4.3787 3.9716 3.8256 3.8833 3.9754 4.3152 3.2103 
4.9154 6.1560 6.0066 5.5950 5.3925 5.2985 5.3148 4.7126 4.7441 4.8069 4.7193 4.6037 4.5624 4.4887 4.5025 4.4309 4.3510 4.3656 4.3751 4.3042 4.2972 4.2652 4.2790 4.3018 4.1324 3.9715 4.4868 4.3548 4.3128 4.2918 4.4172 4.1142 2.3043 
6.8191 6.7230 6.0246 5.7587 5.5956 5.3701 5.3266 5.1715 5.0637 4.8888 4.8159 4.7906 4.7445 4.6819 4.5890 4.5627 4.5402 4.4840 4.4399 4.4409 4.4409 4.4313 4.3834 4.3776 4.4433 4.4324 4.5047 4.4205 4.4573 4.4399 4.4335 4.7055 3.8876 
5.8812 7.0330 6.7037 6.0711 5.8685 5.7123 5.6909 5.2937 5.4956 5.4669 5.2245 5.2009 5.1892 5.1082 5.0444 4.9633 4.9242 4.9036 4.9044 4.8859 4.8810 4.8271 4.7875 4.9474 4.8944 4.5911 4.8541 4.7656 4.7841 4.7578 5.1317 4.9732 2.2545 
4.5424 6.9027 6.4199 5.8224 5.6267 5.5104 4.6908 4.8383 4.9055 4.4979 4.2576 4.3971 4.4854 4.3838 4.3376 4.3949 4.3510 4.3334 4.2327 4.2075 4.2484 4.0434 3.8202 3.9850 4.3143 4.1525 3.8497 4.5656 4.4861 4.5150 4.8301 4.8711 2.9979 
6.9344 7.0021 6.7092 6.0185 5.7157 5.4961 5.6918 5.0289 5.3272 5.3575 5.1109 4.9353 4.9169 4.8969 4.8468 4.8029 4.7770 4.7487 4.7344 4.7221 4.6791 4.6080 4.6975 4.8466 4.7465 4.3335 4.8564 4.5539 4.6160 4.7323 5.1390 4.9324 3.8278 
5.5508 6.8694 6.3166 5.3117 5.0776 4.8803 4.7892 4.6589 4.7803 4.0399 4.4958 4.3500 4.1720 4.2344 4.0931 4.1422 3.9936 4.0594 3.9540 3.9842 3.8792 3.9850 4.0750 3.5297 4.1936 3.9331 3.9629 3.9349 3.9643 4.0184 4.7512 4.8405 3.2678 
5.6753 6.3638 6.2553 5.9282 5.7588 5.6099 4.8695 5.1817 5.2291 5.2312 5.0735 4.9683 4.9229 4.8289 4.7906 4.7881 4.7421 4.7355 4.6735 4.6404 4.6897 4.6466 4.6582 4.7279 4.6256 4.4378 4.0612 4.6571 4.6740 4.6566 4.7227 4.3466 2.9606 
6.8088 6.4649 5.5999 5.0464 5.2749 5.0427 5.2009 5.2050 4.9385 5.1759 5.0252 4.8447 4.8027 4.7724 4.7164 4.5983 4.5913 4.5166 4.5505 4.5571 4.5156 4.4849 4.6072 4.6549 4.3497 4.4690 4.3629 4.1079 4.1916 3.7866 3.9675 4.4075 3.8876 
6.3000 6.2869 6.0977 5.9781 5.2427 5.5374 5.4431 5.2999 4.7138 4.8895 5.0584 4.9202 4.8165 4.7334 4.7879 4.7781 4.7303 4.7265 4.6698 4.4979 4.5339 4.5898 4.6432 4.3832 4.0698 4.6046 4.6556 4.5963 4.1317 4.7042 4.4878 4.2806 3.4379 
5.9741 6.6943 6.2605 4.9853 4.6555 5.2187 5.0549 3.4350 4.2639 4.2152 3.8253 3.3876 3.4875 3.4620 3.1586 2.8798 2.5910 2.8317 3.0097 3.2884 3.2195 3.0194 3.3850 3.6867 3.6530 2.7356 4.2534 4.2735 3.4890 3.6951 4.6939 4.6955 2.9738 
