4.9027 4.8633 4.7488 4.2950 4.0068 3.8686 3.7563 3.5375 3.3599 3.5699 3.3967 3.3206 3.3339 3.2686 3.2713 3.2147 3.1417 3.1590 3.1618 3.1059 3.1015 3.0439 3.0385 3.1299 2.8182 2.9257 3.0641 3.0473 3.0687 3.1451 3.3723 3.1091 2.2506 
4.1244 4.8547 4.4437 3.9373 3.7860 3.6130 3.5684 3.4671 3.5192 3.4846 3.1712 3.1666 3.0878 3.2242 3.0162 3.0473 2.9829 2.9776 2.8684 3.0745 2.8254 2.8558 2.7983 3.0492 3.0108 2.8270 2.8536 2.7936 2.8102 2.8039 3.0787 3.1022 1.8543 
4.8755 4.8270 4.4214 4.1700 3.9641 3.8704 3.6582 3.6301 3.4685 3.4800 3.4439 3.4456 3.3315 3.3319 3.2209 3.2317 3.1613 3.1830 3.1174 3.1526 3.0988 3.1185 3.0642 3.0447 2.9251 3.0515 2.9718 3.0483 3.0309 3.0557 3.0809 3.0712 2.3836 
4.0430 5.0959 4.8279 4.3915 4.2212 4.0417 3.9539 3.6327 3.7310 3.7142 3.5491 3.5600 3.4728 3.4941 3.4756 3.4051 3.3704 3.3309 3.3434 3.3006 3.2113 3.2455 3.1737 3.2636 3.2075 3.0537 3.2303 3.2195 3.2349 3.2481 3.4732 3.3066 1.0403 
4.3222 4.8200 4.2576 3.7413 3.4522 3.1557 3.1316 3.3131 3.0972 3.0548 2.6871 2.3948 2.4827 2.6417 2.5057 2.6318 2.3659 2.5580 2.3830 2.4377 2.2601 2.0941 2.3097 2.6114 2.5865 2.7094 2.4205 2.3463 2.4721 2.6446 2.8539 3.0691 2.0102 
4.2782 4.3062 4.4333 4.0492 3.8626 3.7030 3.5480 3.4716 3.4689 3.3284 3.3225 3.1790 3.1200 3.0664 3.1078 3.0613 3.0524 3.0031 3.0044 2.8639 2.8707 2.8708 2.9595 2.8783 2.9299 2.8316 2.8282 2.8843 2.8732 2.9439 3.0834 2.5387 1.6392 
4.8109 4.5286 3.7552 3.2154 2.8806 2.7664 2.3928 1.8759 2.3382 1.9719 2.4203 1.5243 1.2970 1.5513 1.5498 1.9073 1.6157 1.8575 1.4424 1.3973 1.0508 1.2193 2.0550 1.5255 1.8302 1.2542 1.6804 1.9358 1.9165 2.0673 2.3621 2.7541 2.3062 
4.9820 4.8658 4.7066 4.3470 4.1023 3.9544 3.8783 3.7976 3.6920 3.5287 3.6458 3.5331 3.4821 3.5297 3.3739 3.3385 3.3168 3.2689 3.2344 3.3540 3.2190 3.2186 3.2791 3.0910 3.1740 3.1737 3.1494 3.1336 3.1517 3.2088 3.3029 3.1092 2.3204 
4.3344 4.2714 3.7630 3.4616 3.2156 3.0608 2.9986 2.8760 2.7004 2.6397 2.6633 2.5911 2.4749 2.2365 2.6389 2.5707 2.2813 2.4950 2.4997 2.0332 2.2533 2.2772 2.2814 2.1979 2.1939 2.2774 2.2817 2.2388 2.2716 2.3106 2.3888 2.4695 1.8478 
4.0706 4.1056 2.8067 2.4468 2.3300 2.3714 1.9465 2.2463 2.1964 2.3158 2.1754 2.1656 1.7787 1.5785 1.7820 1.5903 1.4417 1.5496 1.6413 1.4234 1.5062 1.8508 1.8080 1.8721 1.6487 1.6026 1.2169 1.5493 1.4019 1.3051 1.3769 2.3407 1.5931 
3.7012 3.8574 3.4017 2.9834 2.8097 2.7246 2.5592 2.4163 2.3866 2.5147 2.4001 2.1486 2.2443 2.3923 2.3304 1.8483 2.1656 1.8015 2.2334 2.2397 1.9829 1.8452 2.0294 2.0649 1.8735 1.8349 1.8515 1.9033 1.8682 1.8500 1.9934 2.0572 1.1167 
3.1618 3.5009 2.5320 2.5955 2.3978 2.3558 1.9896 2.4554 2.1141 1.5822 2.2302 1.9249 1.3400 2.2304 1.7525 1.7543 1.4858 1.6877 1.5997 2.0212 1.1065 1.6074 1.8488 1.1645 1.5722 1.8628 1.3246 1.5313 1.4591 1.4614 1.2080 1.7401 0.7889 
3.1548 3.3870 2.0066 1.9366 1.7421 1.1310 1.1200 1.8901 2.2229 2.2464 2.0518 1.1652 1.7053 1.8533 1.1314 1.4630 1.3745 1.4090 1.0372 1.6554 1.4696 0.8924 1.6822 1.8129 1.6786 1.2756 0.4516 0.2683 0.7327 0.7787 0.6184 1.5958 0.7504 
3.7366 3.5894 2.7440 2.6528 1.9897 2.3054 2.1744 2.0058 1.8564 2.2441 2.2672 1.9821 1.6669 1.7678 1.9613 1.9602 2.0534 1.9055 1.8560 1.5697 1.4386 1.6818 1.8887 1.8095 1.3413 1.4234 1.4550 1.4841 1.0477 1.4972 1.3893 1.8281 1.1610 
3.1360 3.0467 2.6824 2.4901 2.2668 2.0586 1.8544 2.1499 1.5158 1.9047 1.5962 1.8176 1.7980 1.3734 1.8440 1.4261 0.5720 1.3709 1.7227 1.1631 1.5309 1.4886 1.2401 1.4629 1.0207 1.5251 1.1333 1.2423 1.3115 1.3926 1.3237 1.2545 0.6615 
3.2583 3.2174 3.1475 2.7373 2.3958 2.2091 2.0407 1.9771 2.2244 2.1743 1.8311 0.1465 1.4562 1.7558 1.6527 1.1288 0.5171 1.0709 1.5347 1.5594 1.2051 -0.1609 1.4453 1.7193 1.6766 1.3971 1.3558 1.3887 1.4527 1.5914 1.8050 1.4658 0.7092 
3.2560 3.3828 3.0391 2.6576 2.6766 2.3766 1.9882 2.2571 2.4202 2.0129 1.1042 2.1943 1.9881 1.8604 1.8602 1.4054 1.2765 1.3344 1.7470 1.6721 1.7812 1.8747 0.7201 1.5703 1.9087 1.6287 1.2983 1.5503 1.7125 1.5165 1.6308 1.5938 0.7216 
2.2247 2.4145 2.8572 2.2812 2.4848 2.3844 2.1448 1.7782 0.8606 1.6019 1.4728 1.8584 1.4463 1.8004 1.5960 1.6711 1.9811 1.6041 1.4929 1.5810 1.1909 1.5416 1.1022 1.1610 0.3371 1.1444 1.4360 1.5608 1.5318 1.1223 1.5022 0.6682 -0.3536 
2.0444 3.0397 3.2095 2.7570 1.8773 2.2643 2.0229 1.7175 1.6385 1.9880 1.7786 1.5553 1.6172 1.7585 1.6356 1.6893 1.5144 1.6197 1.5263 1.5601 1.4091 1.2554 1.4060 1.5513 1.1237 1.0974 1.3376 1.4443 0.9081 1.6096 1.8515 1.2642 -0.5468 
3.1262 2.6963 3.0611 2.0464 1.9767 2.3224 2.3917 2.0026 1.4848 1.8655 1.4990 1.3095 1.9111 1.9661 2.0614 1.8483 1.6720 1.8063 1.9457 1.8166 1.6725 1.0162 1.1202 1.4300 0.9900 1.4180 1.6886 1.5017 1.0411 0.9288 1.6705 0.9412 0.6094 
2.6990 2.7336 3.4023 2.8060 2.1963 2.0899 1.8385 1.7224 1.6728 2.0408 1.7275 1.4153 0.9905 1.1432 0.6251 1.3972 1.1647 1.3272 0.5040 0.9885 0.7238 1.0875 1.3615 1.5928 1.1557 1.0995 1.1176 1.2785 1.2102 1.6721 2.0037 1.0088 0.1837 
1.6116 2.7479 2.6476 2.7138 2.5801 2.3759 1.6390 1.5761 1.8561 1.9126 1.3117 1.4548 1.4211 0.0599 1.8613 2.0111 1.8903 1.9624 1.7519 -0.0618 1.1607 1.1396 0.9539 1.4717 1.3433 0.9985 0.9585 1.5537 1.6003 1.5736 1.2565 0.9945 -0.4617 
2.7124 2.2304 3.0621 2.6307 2.3926 2.1321 1.8021 1.5270 1.8273 0.9856 1.6827 1.1986 1.2313 1.8164 -0.1750 1.3486 1.8486 1.2747 -0.3164 1.6034 1.0154 0.9181 1.3226 0.5261 1.2898 0.9332 1.0691 1.3130 1.4486 1.4678 1.6686 0.5386 0.0305 
3.0789 2.6371 3.1210 2.3912 1.5289 1.3625 0.9260 1.6401 1.9775 1.6826 1.6064 1.5725 1.1583 1.4069 1.5683 1.4546 0.3510 1.4090 1.4614 1.1972 0.9449 1.2813 1.2348 1.2282 1.4636 1.0527 0.2376 0.5645 0.5724 1.2713 1.7617 0.8603 0.5900 
3.4073 2.4677 2.9920 2.7572 2.2427 2.0449 2.3912 2.2949 1.9295 2.2044 2.2281 2.0039 1.9906 1.7219 1.9195 1.5460 1.6261 1.4916 1.8234 1.5323 1.7892 1.7176 1.8454 1.7510 1.4216 1.6811 1.6888 1.2233 1.2666 1.6097 1.5993 0.6123 0.7776 
3.0837 2.9765 3.4192 3.0500 2.6346 2.2476 1.5551 1.8286 1.6736 1.8217 1.7998 1.9566 1.7255 1.9694 1.9543 0.8272 1.4030 0.7538 1.8512 1.8176 1.4795 1.6517 1.4207 1.3818 1.1474 1.1911 0.8458 1.4279 1.6447 1.8916 2.0160 1.1893 0.3938 
3.4858 2.8604 2.4903 3.0147 2.7221 2.3959 2.4764 2.3260 2.2090 2.0351 2.0705 1.8849 1.9234 2.1380 2.1124 1.4407 1.2328 1.3954 1.9831 1.9495 1.6863 1.5708 1.7137 1.5817 1.6524 1.7250 1.8029 1.5741 1.7904 1.8700 1.1353 1.0623 0.8981 
3.2039 3.0337 3.3997 3.1741 2.5032 2.2300 1.8074 1.9472 1.0676 2.0971 1.4679 1.7016 1.8218 1.4567 1.3305 1.4434 0.8447 1.3998 1.1916 1.2696 1.5592 1.4161 1.0877 1.6490 0.5727 1.3631 1.0818 1.4108 1.5449 2.0340 1.9992 1.2137 0.5349 
3.5830 3.1215 3.4497 3.0444 2.5662 1.5745 1.3474 1.8905 2.0571 1.7196 2.0797 1.9982 1.5751 1.7699 1.5910 1.6352 1.0274 1.5742 1.4875 1.5691 1.3703 1.7137 1.7179 1.2642 1.5348 1.2758 0.6245 0.7571 1.5865 1.8866 2.0388 1.3252 0.9882 
2.7902 2.2515 2.6105 2.5839 2.2850 1.6418 2.0320 2.0256 1.8056 1.5643 1.6396 1.1615 1.1991 1.1095 1.5890 1.6012 1.3929 1.5514 1.4873 0.9545 0.9943 0.8711 1.2713 1.1250 1.2471 1.4355 1.3546 0.8191 1.3384 1.4501 1.1981 0.4342 0.1606 
2.9581 3.0169 3.4279 2.9352 2.6200 2.0182 1.5632 1.8468 1.9430 2.0193 1.9165 1.8425 1.7386 0.9828 1.1732 1.4538 1.7750 1.4126 1.0697 0.7765 1.4861 1.5237 1.5433 1.5768 1.4376 1.2197 0.8573 1.1848 1.6327 1.8201 2.0224 1.2246 0.3068 
2.3978 2.3416 3.0061 2.4691 1.8784 1.8437 1.9504 1.8767 2.0857 1.8415 1.5974 1.7446 1.4038 1.7490 1.2499 1.7560 0.4675 1.6814 1.1313 1.5535 1.1449 1.4385 1.2297 1.4050 1.5617 1.2621 1.2389 1.0287 0.9264 1.3503 1.6078 0.6108 -0.1544 
1.1068 2.2485 3.0471 2.9282 2.5359 2.1412 2.0951 1.5653 1.8265 1.8831 1.8127 1.5473 1.9844 1.4011 1.7365 1.8467 1.8541 1.8049 1.5994 1.1764 1.7766 1.2313 1.4292 1.4486 1.2862 0.9972 1.4066 1.3218 1.5697 1.8174 1.6513 0.3860 -1.2621 
3.2146 2.6670 3.1793 2.6919 2.3248 2.1163 2.2337 1.7794 1.3337 1.9084 1.9240 1.8409 1.8987 1.7991 0.0526 1.6639 2.0290 1.6007 -0.0442 1.5800 1.6556 1.5198 1.5506 1.4707 0.7818 1.1403 1.5037 1.3029 1.3951 1.5428 1.8306 0.8689 0.6825 
3.2619 2.3351 3.0570 2.6703 2.2746 0.2234 1.6385 1.7554 1.9121 1.1912 0.5779 1.5435 1.7046 0.0311 1.4395 1.0176 0.4183 0.9644 1.3188 -0.1208 1.4640 1.2416 0.1752 0.7522 1.4092 1.1320 0.9693 -0.5034 1.3161 1.5239 1.6634 0.6446 0.6815 
3.0576 2.8795 3.4485 2.7747 2.3986 2.3918 2.1745 1.5297 2.0167 2.2799 2.2748 2.0101 2.0022 2.0447 1.5511 0.8722 1.6617 0.8027 1.4464 1.8790 1.8023 1.7248 1.8956 1.8430 1.5005 0.9350 1.4538 1.5670 1.4525 1.6191 2.0421 1.1372 0.5790 
3.1847 2.8864 2.9362 2.3812 2.0664 2.1098 2.0583 1.7406 1.6789 0.8224 1.5737 0.7177 1.2443 1.4853 1.8210 1.5130 1.4917 1.4606 1.6857 1.3181 1.0182 0.4278 1.1957 0.3780 1.1565 1.1135 1.3752 1.2921 1.0999 1.2468 1.5559 1.1167 0.6343 
2.5688 2.2436 3.3536 2.9105 2.5823 1.8873 1.8878 2.1499 2.3455 2.3045 2.1190 1.8594 1.7275 1.5339 1.4688 1.4322 1.0375 1.3857 1.3697 1.3821 1.4805 1.5410 1.7583 1.8657 1.8399 1.5310 1.1655 1.0692 1.5942 1.7970 1.9776 0.5767 0.0919 
2.6683 2.0656 2.4588 1.8420 2.1674 2.3662 1.7049 2.1561 1.5812 1.7525 2.0655 1.4331 1.7222 1.5470 0.7297 1.4046 0.7340 1.3356 0.6395 1.3970 1.4787 1.1178 1.7036 1.2996 1.0659 1.5309 0.9995 1.5462 1.1835 0.6902 1.1000 0.2631 0.1445 
3.2230 2.6367 2.6329 2.5805 2.3844 1.6533 2.2854 2.4397 2.7052 2.8423 2.4024 2.2643 2.2128 2.3401 1.7588 1.5666 1.8427 1.5106 1.6113 2.1850 1.9435 1.9489 2.0312 2.3980 2.2043 1.8555 1.5699 0.8462 1.4388 1.4380 1.2198 0.7672 0.6353 
1.6492 1.4342 2.7206 2.5793 2.6659 2.1458 3.0726 2.1632 2.2758 2.1406 2.7220 0.9425 2.5450 1.4349 2.2066 1.4260 1.9816 1.3633 2.0579 1.2570 2.3007 0.5805 2.3474 1.6922 1.7696 1.5375 2.3456 1.3608 1.6870 1.4600 1.3611 -0.0830 -2.1635 
-0.9588 3.5548 3.7996 3.4592 3.0479 3.2390 3.9530 3.1330 3.0400 3.2146 1.7346 2.2183 1.3788 2.3365 2.2347 2.3497 2.2455 2.2971 2.0987 2.1781 1.1342 1.8834 1.3769 2.7694 2.4865 2.5213 3.2317 2.4303 2.0590 2.3036 2.4006 1.8274 -1.3715 
3.5913 3.4406 2.8769 2.8161 2.3499 3.3252 3.5818 3.0505 2.6465 2.0480 2.4519 1.7148 2.1819 2.2865 1.8592 1.4895 1.6777 1.4411 1.7423 2.1047 1.9230 1.4220 2.0894 1.5901 2.1051 2.4004 2.8687 2.5101 1.4267 1.6948 1.5318 1.6677 1.0776 
4.0523 3.8704 2.9927 3.0635 2.8489 2.7131 3.3765 2.6893 2.7387 2.6429 2.3513 2.4028 1.9473 2.2325 2.3197 2.2434 1.4804 2.1851 2.2262 2.0289 1.7071 2.1152 1.9805 2.1971 2.2351 2.0796 2.6707 1.9061 1.9038 1.9170 1.5824 2.0594 1.5032 
4.8617 4.5588 4.2524 3.7558 3.4308 3.5032 3.6903 2.8604 2.9417 2.0904 2.6842 2.7432 2.6649 2.4457 2.4972 2.3921 2.6438 2.3380 2.3778 2.2850 2.3993 2.4312 2.3073 1.6348 2.4025 2.2741 3.0086 2.6845 2.4410 2.6384 2.8423 2.7714 2.3057 
3.5334 4.8486 4.8505 4.3075 3.9441 4.0603 4.4173 3.2969 3.4880 3.3057 2.7074 3.0558 3.2710 3.2098 2.8068 2.9022 2.7859 2.8341 2.7025 3.0541 3.0620 2.7293 2.3270 2.8556 2.9552 2.6812 3.7059 3.2513 3.0078 3.1496 3.5033 3.0936 1.5900 
5.1890 4.7972 4.0268 4.0039 4.0617 4.3562 4.0283 3.8329 3.5892 3.2916 3.1609 2.2662 1.6601 3.3116 2.3918 2.3471 2.2397 2.2913 2.2839 3.1380 1.4244 1.9263 2.7807 2.8341 3.0772 3.2052 3.3201 3.5361 3.1280 2.8869 2.6893 3.0062 2.5524 
4.3906 4.4943 3.8463 3.9294 3.6990 3.6907 3.7333 3.6727 3.1187 3.2848 2.4930 2.8756 2.8171 2.8521 2.7712 2.6994 2.7718 2.6535 2.6686 2.6905 2.6120 2.5950 2.1255 2.8331 2.6125 3.0809 3.0528 2.8631 2.7459 2.7846 2.4295 2.7398 1.9570 
4.9777 5.0662 4.5231 4.4747 4.4178 4.1901 3.4678 3.9202 3.7984 3.6998 3.7052 3.6344 3.5960 3.5112 3.5262 3.4685 3.4693 3.4066 3.4264 3.3268 3.3673 3.3469 3.3416 3.2519 3.2527 3.2958 2.7495 3.3651 3.4780 3.3682 3.1540 3.2680 2.3996 
5.1192 4.9491 4.8546 4.5559 4.5498 4.3838 4.2811 3.9948 3.8027 3.4077 3.3224 3.4866 3.4857 3.3992 3.3533 3.2716 3.2831 3.2162 3.2209 3.2034 3.2214 3.1668 2.9608 2.9514 3.2558 3.4024 3.5483 3.5625 3.5891 3.4505 3.4956 3.1829 2.6392 
3.2876 4.9419 4.7443 4.3346 3.7468 4.2607 4.0343 3.2128 3.0943 3.0999 2.6310 2.2698 1.9680 2.2086 2.0306 1.6651 1.9054 1.5835 1.9071 1.9831 1.7642 1.9364 2.2380 2.6591 2.5814 2.6191 3.3291 3.4439 2.7908 3.1862 3.3620 3.1960 -1.1663 
3.6297 4.2752 4.5419 3.0084 3.5726 4.0337 3.4878 3.3808 3.1297 3.1582 2.8704 2.8105 2.9786 2.9668 2.7213 2.7960 2.6887 2.7404 2.6291 2.7761 2.7271 2.5256 2.5008 2.7191 2.6305 2.7502 2.7786 3.2109 2.6450 1.9209 3.1829 2.4411 1.5339 
4.9236 4.7613 4.2708 4.1660 4.0095 3.9403 3.5039 3.7628 3.6217 3.4886 3.4955 3.4070 3.4567 3.4286 3.3726 3.3098 3.2492 3.2427 3.2336 3.2200 3.1903 3.0959 3.1174 3.0539 3.1094 3.1506 2.7927 3.1178 3.0773 3.0561 2.8488 2.9917 2.2837 
4.8978 4.7521 3.8893 2.6356 2.7953 3.5537 2.2751 2.6387 2.3269 2.8468 2.4938 2.4235 2.1304 2.0770 1.9173 2.0180 0.6642 1.9617 1.8214 1.9051 1.8734 2.1371 2.1339 2.4041 1.8394 2.0093 1.5686 2.7374 1.8352 1.3947 2.5064 2.9741 2.3492 
4.0472 4.8189 3.8455 3.4546 3.5585 3.1734 3.4910 2.6716 3.1644 3.1285 2.8085 2.8258 2.8557 2.6595 2.6932 2.7236 2.6845 2.6752 2.5875 2.4598 2.6460 2.5427 2.4399 2.6894 2.6605 2.0462 2.7680 2.3505 2.6277 2.2847 2.4010 3.0708 1.8189 
4.4061 4.7730 3.5212 3.8527 3.8697 3.6276 3.4662 3.4104 3.3001 3.2814 3.1369 2.9225 2.9451 2.9314 2.7874 2.7927 2.7508 2.7364 2.6819 2.7492 2.7046 2.6379 2.7600 2.8336 2.7749 2.7820 2.7363 2.8053 2.8836 2.7063 2.2281 3.0358 1.9477 
4.7174 4.2978 4.3653 4.1771 4.1477 3.8459 3.8627 3.7554 3.6966 3.5880 3.3852 3.4009 3.3387 3.2366 3.1824 3.1933 3.1227 3.1386 3.0806 3.0831 3.1033 3.0912 3.0268 3.1453 3.1767 3.1438 3.1307 3.0264 3.1889 3.0660 3.0400 2.4849 2.2554 
5.0956 4.3991 4.5183 4.0856 3.6891 3.0801 3.0364 3.4011 3.4575 3.2202 3.1326 2.9811 2.9498 2.8479 2.8028 2.7058 2.7370 2.6597 2.6948 2.6883 2.7078 2.6749 2.7565 2.7841 2.9074 2.7764 2.3077 2.2495 2.7340 2.9747 3.1534 2.6292 2.4969 
4.1532 4.7530 4.7334 4.2525 4.2771 4.0370 3.7766 3.9096 3.5806 3.5141 3.5774 3.5365 3.4998 3.4886 3.4145 3.3907 3.3724 3.3176 3.2697 3.2918 3.2383 3.2206 3.2052 3.0774 3.0728 3.2821 3.0764 3.2141 3.2885 3.1081 3.3579 3.0263 1.6928 
4.7598 5.0190 4.3215 3.9131 3.3772 3.1127 3.1522 2.6227 2.5545 3.3546 3.1121 2.9815 2.7801 2.8859 2.8586 2.7526 2.6789 2.7006 2.7481 2.7164 2.5544 2.6753 2.7332 2.9063 2.0079 1.9893 2.4371 2.2781 2.4119 2.7600 2.9187 3.2302 2.1998 
4.3923 4.8237 4.0617 3.6166 3.3350 3.3313 2.2574 3.2003 2.5973 2.8293 2.8996 2.5716 2.6111 2.5246 2.4999 2.3831 2.2558 2.3272 2.3808 2.3424 2.3467 2.2652 2.5353 2.3910 2.0433 2.6202 1.5444 2.5155 2.3595 2.4845 2.6962 3.0720 2.0768 
4.7760 4.3630 4.3244 4.3305 3.9990 3.8416 3.6134 3.6546 3.5609 3.2343 3.4322 3.4171 3.3305 3.2456 3.2783 3.2188 3.2224 3.1665 3.1668 3.0897 3.0984 3.1013 3.0575 2.8001 3.0582 3.0716 2.9071 3.0204 3.0588 3.1913 2.9337 2.6404 2.1808 
4.9959 4.8406 4.3518 4.1623 3.5231 3.1314 2.9934 2.1686 2.4712 2.2596 2.7174 2.3366 2.0574 2.2372 1.9785 2.2085 2.3001 2.1388 1.8662 2.0350 1.8469 2.0243 2.3464 1.8349 1.9789 1.5603 2.2744 2.3230 2.5998 3.0578 2.9901 3.0667 2.3317 
3.2802 4.8168 4.5522 3.9117 3.8249 3.6955 3.3958 3.5513 3.3431 3.3251 3.2697 3.1865 3.1377 3.1614 3.0859 3.0312 3.0112 2.9547 2.9679 3.0050 2.8940 2.8798 2.9042 2.8749 2.8079 2.9476 2.6812 2.8741 2.8336 2.7660 3.1684 3.0730 1.4586 
4.6201 4.8572 3.4635 3.7773 3.6133 3.4911 3.4602 3.4408 3.2947 3.1767 3.1515 3.1330 3.0621 3.0929 3.0015 2.9177 2.9365 2.8489 2.8565 2.9044 2.8010 2.8147 2.7774 2.7349 2.7728 2.8018 2.7288 2.6705 2.6664 2.6526 2.1526 3.0974 2.0534 
5.1029 4.7108 4.4814 3.8559 3.9583 3.7542 3.7557 3.6268 3.5463 3.4967 3.4803 3.4117 3.3611 3.3159 3.2388 3.2476 3.2230 3.1974 3.1349 3.1410 3.1189 3.0979 3.1004 3.0606 3.0471 3.0471 3.0633 2.9363 3.0239 2.7163 3.1190 2.9101 2.5160 
5.1856 4.8790 4.4746 4.5543 4.2710 4.0851 3.9275 3.6328 3.4202 3.3126 3.2947 3.2219 3.1596 3.1453 3.1456 3.1177 3.0479 3.0709 3.0513 2.9821 2.9232 2.9316 2.9307 2.8624 2.8689 3.0529 3.2095 3.2634 3.2777 3.4538 3.1170 3.1096 2.6366 
4.4555 5.3167 5.1892 4.7131 3.8456 3.7638 3.5616 3.5521 3.3118 3.0493 3.0629 3.0909 3.1006 3.0254 2.8705 2.9593 2.9236 2.8878 2.7583 2.8113 2.8431 2.7748 2.6819 2.6032 2.7847 2.9488 2.8423 2.9430 2.8510 3.5567 3.8321 3.5656 1.4117 
4.4474 5.0253 4.7380 4.3200 3.3911 3.3144 3.0337 2.6405 2.8281 2.3472 1.8500 1.8665 1.8314 1.8817 2.0509 1.5170 2.1415 1.5001 1.9267 1.7286 1.5567 1.5727 1.5005 1.9023 2.3075 1.9886 2.2897 2.4835 2.3978 3.1769 3.3604 3.2432 2.0268 
3.1314 4.9112 4.3417 4.6189 4.2691 3.9679 3.7894 3.7223 3.5938 3.6544 3.5150 3.4892 3.4300 3.3569 3.3235 3.2721 3.2238 3.2165 3.2036 3.1715 3.1662 3.1699 3.1381 3.2164 3.0860 3.1195 3.0846 3.1468 3.2759 3.4994 2.9995 3.1369 1.4417 
5.1377 5.1182 4.8238 4.6309 3.6206 3.2145 2.7327 2.8055 2.6771 2.7158 0.7403 1.9411 1.6096 1.5081 1.8875 1.6952 1.8220 1.6456 1.7683 1.2711 1.4178 1.6779 0.6778 2.2807 2.1780 2.2429 2.0384 2.4039 2.6846 3.4995 3.4709 3.3120 2.4049 
4.7294 4.7987 4.5304 4.3945 3.8357 3.5023 3.2536 3.1875 3.1648 3.0009 3.0783 3.0515 3.0201 2.8854 2.9048 2.8126 2.7673 2.7644 2.7861 2.7157 2.7553 2.7267 2.6984 2.5481 2.6591 2.6024 2.5687 2.6780 2.8371 3.2565 3.1644 3.0539 2.2666 
3.9840 4.9115 3.9390 4.4500 3.5498 3.1354 3.0191 2.7973 2.3928 0.9916 1.9772 1.6909 1.7085 1.9501 1.8805 1.4533 0.5949 1.4095 1.8031 1.7834 1.4465 1.3954 1.5727 0.3119 1.8585 2.1960 2.2841 2.3029 2.5985 3.3329 2.5400 3.1501 1.3088 
5.2022 4.8527 4.7951 4.3793 3.4548 3.5973 3.5524 3.5484 3.4937 3.3567 3.3980 3.3220 3.2446 3.2183 3.1276 3.0891 3.1310 3.0462 3.0349 3.0657 3.0434 3.0451 3.0399 2.9060 2.9718 2.9456 2.8381 2.7813 2.4904 3.2257 3.4532 3.0817 2.6591 
4.6180 5.2765 4.9572 4.6958 4.2813 4.0799 3.9216 3.8645 3.7227 3.6229 3.6099 3.5696 3.5087 3.4977 3.4613 3.3657 3.3470 3.2941 3.3192 3.3055 3.2501 3.2568 3.2281 3.1789 3.1980 3.2186 3.2015 3.2552 3.2878 3.5458 3.5753 3.5306 1.8491 
4.2946 5.1766 4.4103 4.1456 3.7278 3.4628 3.0921 2.9684 2.7556 2.3264 2.4052 2.3937 2.2306 1.8915 2.0525 1.8393 1.3585 1.7840 1.9513 1.7518 1.9767 2.1173 2.0569 1.9138 2.2617 2.3576 2.3884 2.6501 2.7808 3.0517 3.0573 3.4155 0.2880 
4.9806 5.0963 4.7473 3.8785 3.5362 3.3900 3.2758 3.0807 3.0587 3.0312 2.9220 2.9595 2.8104 2.6706 2.6412 2.7385 2.5607 2.6877 2.5036 2.4746 2.6002 2.6629 2.5672 2.5756 2.5264 2.4566 2.6031 2.5850 2.6134 2.7201 3.3872 3.2787 2.3116 
4.2684 4.8582 3.7258 3.5760 3.0847 2.7461 2.5623 2.3593 2.4657 2.5638 2.3116 2.2897 2.2450 2.2615 2.0920 1.9806 1.9855 1.9312 1.9706 2.0646 1.9787 1.9700 1.9286 2.0951 1.9275 1.7341 1.8274 1.8907 2.0802 2.4511 2.3930 3.0959 1.5626 
3.8139 4.7361 4.7040 4.2468 3.2310 2.7522 2.6605 2.5068 2.2198 2.1559 2.1486 1.7755 1.8916 2.2170 2.1362 2.2335 1.8656 2.1704 1.9966 1.9976 1.6364 1.4638 1.7943 1.7025 1.6594 1.8958 1.9341 1.9210 2.2703 3.0964 3.3194 2.9754 -0.5030 
3.9149 4.2727 3.9730 3.4530 3.2264 3.0705 3.0716 2.9134 2.6744 2.7066 2.7639 2.7210 2.6754 2.4036 2.3976 2.4325 2.3916 2.3815 2.2938 2.2534 2.4125 2.4022 2.3903 2.2673 2.1494 2.3044 2.3439 2.2442 2.2749 2.3143 2.6090 2.4809 1.5196 
3.5976 4.0326 3.8734 3.8720 3.4833 3.2553 3.1418 3.0535 2.9995 2.7757 2.9247 2.7231 2.6911 2.7828 2.6510 2.5547 2.4862 2.4827 2.5164 2.6337 2.4348 2.4047 2.5630 2.3329 2.4490 2.4088 2.4210 2.4323 2.5087 2.7190 2.4758 2.2865 1.1643 
3.3840 2.7790 3.2439 2.8547 2.1839 2.0732 2.3257 2.3207 2.3892 2.0555 2.0361 2.2241 1.8054 1.0372 1.7352 1.3458 1.4843 1.2825 1.5982 0.8113 1.5259 1.8955 1.6702 1.6030 1.8767 1.7217 1.6127 1.2805 1.2236 1.7266 1.8974 1.0434 0.7643 
2.9571 3.5577 3.0606 1.9494 2.4771 2.3259 2.1651 1.9948 2.2493 2.0742 1.9255 1.9663 1.8892 1.8024 2.0504 1.6169 2.0072 1.5649 1.9372 1.5869 1.6382 1.6621 1.5511 1.6228 1.7166 1.4207 1.4478 1.5010 1.5225 0.8568 1.6450 1.8231 0.5956 
1.4630 3.3262 2.5100 2.6032 2.1658 2.1574 1.8336 2.1104 2.0039 1.1811 2.1018 1.9391 1.9188 1.5339 2.2452 1.9861 2.1524 1.9351 2.1161 1.3937 1.6780 1.6300 1.7415 0.7526 1.4917 1.4978 1.1126 1.3354 1.1753 1.4531 1.1348 1.5573 -0.7312 
3.3903 2.4782 2.2389 2.0970 1.5414 1.7167 1.8317 1.3292 1.8241 2.3474 1.8703 1.6945 1.8503 1.2441 1.1221 1.6626 1.5869 1.5954 1.0234 1.0720 1.5877 1.4089 1.4915 1.9054 1.2861 0.7047 1.0996 0.9042 0.5996 0.9844 0.8667 0.6905 0.8099 
3.0911 2.8405 1.8518 2.5506 1.5698 1.8272 1.5539 1.0570 1.0153 1.4507 1.1284 1.7589 2.2643 1.9892 1.4458 2.1386 0.4901 2.0668 1.3333 1.8382 2.0015 1.4522 0.7536 1.0146 0.4878 0.4422 0.8480 1.0046 0.6039 1.4240 0.5604 1.1092 0.5811 
2.6507 2.3998 2.5658 2.2671 1.9876 1.1021 2.1111 1.9263 1.6896 1.6418 1.3106 1.5133 2.0153 1.5435 1.1824 1.5180 0.6932 1.4665 1.0807 1.3956 1.8116 1.2040 0.9536 1.1894 1.1608 1.3267 1.4197 0.2946 1.0451 1.1187 1.1685 0.6468 0.1118 
2.9424 2.5694 2.4003 2.3591 2.2925 1.8908 1.6856 1.9850 2.2234 2.0459 1.3364 1.0061 1.8297 1.8020 1.8664 1.5050 1.5264 1.4543 1.7576 1.5846 1.5690 0.6917 0.9750 1.5952 1.6752 1.4070 1.0023 1.0643 1.3465 1.2210 1.0544 0.7612 0.4017 
2.9724 2.5476 0.4499 1.7424 1.9580 1.6956 1.6902 1.9256 1.9700 1.4748 1.5240 1.4298 1.8652 1.9069 2.0150 1.6362 1.0715 1.5746 1.9087 1.7435 1.6087 1.1086 1.1543 1.0320 1.4548 1.3277 1.0049 0.8715 1.0210 0.6256 -1.0730 0.7545 0.4717 
2.2360 2.3648 2.2731 1.8469 1.9489 1.7842 1.8097 1.0286 1.7953 1.8318 1.1117 1.1692 1.0811 1.5547 1.5353 1.8466 1.1489 1.8036 1.4332 1.4049 0.8356 0.8830 0.7314 1.3976 1.2429 0.4099 1.0763 0.9617 1.0127 0.6885 0.9089 0.5964 -0.4495 
3.7454 3.1384 2.0623 1.5398 1.8864 2.0141 1.9992 2.0308 1.6148 1.7402 0.8878 1.4754 1.6419 1.5698 1.5954 1.3736 1.6292 1.2935 1.4930 1.4156 1.4268 1.1618 0.5084 1.2922 1.1033 1.4418 1.3111 1.1873 0.9320 0.3892 0.6741 1.3402 1.1659 
3.0680 2.4728 2.2839 1.4807 1.9357 1.8440 1.3063 1.5068 1.8428 0.9231 0.6329 1.3200 1.1573 1.1737 1.2062 -0.3468 1.3335 -0.3482 1.0981 1.0166 0.9299 1.0192 0.2453 0.4379 1.3170 0.9051 0.5834 1.0228 1.0134 0.3092 0.9226 0.7876 0.4392 
3.8912 3.0381 2.3491 2.3919 2.1822 2.3963 1.8086 1.0026 0.7833 2.0460 1.9043 2.2414 2.0380 1.5612 2.0552 1.7604 1.9044 1.6872 1.9406 1.4097 1.8258 1.9181 1.5288 1.5952 0.2886 0.3723 1.0774 1.5740 1.1899 1.2529 0.9814 1.1574 1.3090 
3.6833 3.2160 2.5124 2.2183 1.7303 1.8217 2.1042 1.8858 2.1771 1.7328 1.7007 1.5851 1.0019 1.5536 1.6521 1.5189 1.6174 1.4657 1.5390 1.4012 0.7478 1.2989 1.3368 1.2803 1.6272 1.2770 1.4152 1.0053 0.7509 1.0703 1.1245 1.4373 1.1253 
2.8924 2.4009 3.0234 2.8966 3.5106 2.9980 2.7785 2.4125 1.1980 2.1709 2.2823 2.4634 2.2652 1.9738 2.2835 1.8744 1.3639 1.8268 2.1783 1.8233 2.0013 2.1879 1.9051 1.7187 0.6778 1.8306 2.0713 2.1689 2.5568 1.8058 1.6297 0.6810 0.3256 
3.5958 3.9417 3.6308 3.4684 3.4821 2.6260 2.3845 2.1156 2.1513 2.6263 1.8840 2.1114 2.0563 1.7436 1.6440 1.6364 1.5655 1.5753 1.5329 1.5510 1.8379 1.8240 1.5077 2.1691 1.6136 1.5028 1.6845 1.7970 2.5107 2.3146 2.2838 2.1899 1.1471 
2.9970 3.6297 3.2852 3.3051 3.6818 3.0589 2.6868 2.4346 2.4994 2.4253 1.8443 1.6749 2.0184 1.9642 2.0587 1.9338 1.9542 1.8837 1.9444 1.8168 1.8146 1.4006 1.4623 1.9843 1.9756 1.8540 1.9750 2.2376 2.7314 2.2102 1.9187 1.8885 0.5383 
3.5450 3.3893 2.7068 3.0623 2.7538 2.8678 2.3481 2.8063 2.6011 2.5371 2.3712 2.3138 2.4160 2.2713 2.1375 1.9475 1.8185 1.8926 1.9996 2.0815 2.2161 1.9976 1.9901 2.0852 2.0507 2.2289 1.6437 2.0489 1.8220 1.9261 1.3459 1.6500 0.9846 
3.5225 3.4931 3.0370 3.3099 2.7197 1.1815 2.3928 2.0921 1.7657 2.2569 1.9319 1.9419 1.8951 2.0678 2.0093 1.6998 0.6126 1.6284 1.9040 1.8960 1.6462 1.6343 1.5601 1.8229 1.2144 1.4846 1.6911 0.3182 1.7621 2.2050 1.6477 1.7618 0.9982 
