3.1473 1.8246 2.2827 1.5983 2.2497 2.0163 2.0198 1.6298 1.5895 1.4727 1.3779 1.2586 2.0034 2.1471 2.0884 2.0295 1.7434 1.9851 1.9938 2.0018 1.7750 0.9792 1.0502 1.0670 1.1007 1.0676 1.3688 1.2741 1.3636 0.5526 0.9960 0.2348 0.8241 
2.3368 1.7043 1.7032 1.9457 2.1480 1.7662 1.9370 1.4016 2.1705 1.9857 1.5721 1.4610 1.5315 1.9663 1.1307 1.3596 0.8365 1.3128 1.0016 1.7809 1.3036 1.2098 1.2244 1.5892 1.7007 0.8790 1.2758 1.0346 1.2878 0.9153 0.4803 0.2063 -0.0763 
2.4480 2.0279 1.2561 1.7544 2.0316 1.6809 2.0563 1.7253 2.0298 1.6677 2.0331 1.8173 1.7296 1.8419 1.7796 0.7030 1.4685 0.6428 1.6791 1.6750 1.5342 1.5708 1.6959 1.2684 1.5798 1.1988 1.4135 0.9325 1.1945 0.7550 -0.0321 0.4825 0.0717 
1.7252 1.8422 1.1639 1.5732 1.2774 1.6798 1.1405 1.3263 1.1282 0.8967 1.4673 1.1141 1.5857 1.3871 1.7130 1.2780 1.3512 1.2330 1.6178 1.2470 1.3481 0.8432 1.1450 0.4958 0.6377 0.7982 0.4945 0.9372 0.4339 0.5295 -0.0801 0.2206 -0.7261 
3.0650 2.4428 2.2326 2.1736 1.6709 1.6790 1.3590 1.7648 1.7606 2.1088 1.7766 2.1008 2.2610 1.8857 2.1624 1.4135 2.0200 1.3574 2.0625 1.7097 2.0323 1.8310 1.4411 1.7144 1.3000 1.2362 0.7370 0.9336 0.8175 1.1813 0.9824 0.8343 0.7288 
3.2629 2.8803 2.0263 2.0992 2.2396 2.0512 2.1291 1.6006 0.8568 1.0704 1.3899 1.9603 1.5062 1.7911 1.9357 1.0164 1.3735 0.9765 1.7997 1.6405 1.2778 1.6669 1.0686 0.6459 0.3493 1.0185 1.5107 1.3158 1.3629 1.0758 0.8227 1.2611 0.9220 
3.0219 2.6471 2.4228 2.5124 2.2752 1.9170 1.9889 1.9242 2.1424 2.0646 1.7263 2.1080 1.9443 1.6296 1.6672 2.1094 1.7584 2.0656 1.5831 1.4633 1.6997 1.8460 1.3878 1.6634 1.6785 1.3498 1.3359 1.1787 1.3806 1.5084 1.2044 1.0027 0.6545 
1.3050 2.6503 2.1741 2.3224 1.8773 2.0733 2.0165 1.6950 1.8523 1.6919 2.1011 2.2141 1.8732 1.9949 1.9083 1.9628 2.0850 1.9120 1.7783 1.8250 1.6492 1.9566 1.7611 1.2941 1.3636 1.1752 1.3625 1.3365 0.9859 1.2764 0.9770 1.0381 -0.7419 
3.0649 2.6633 2.6897 2.4839 2.5160 2.4630 2.1862 1.8468 2.2470 1.8312 1.9596 1.3645 1.6550 2.2170 2.0145 1.3700 1.5813 1.3222 1.9244 2.0533 1.4372 1.0983 1.6152 1.4247 1.7550 1.2994 1.5717 1.7214 1.6587 1.4752 1.4034 1.0694 0.6600 
3.4537 3.3258 2.3758 2.3241 1.3633 1.3878 1.4840 1.9670 1.1026 1.7132 1.8454 1.4009 2.0833 1.8695 2.1553 1.9561 1.1143 1.8962 2.0569 1.6977 1.8772 1.1507 1.5159 1.3195 0.6181 1.3882 0.8567 0.6300 0.4944 1.2838 1.1079 1.7194 1.2195 
4.5310 4.6191 4.3415 4.1189 3.9620 3.8559 3.7500 3.6742 3.6444 3.5503 3.4822 3.4760 3.4194 3.3970 3.3401 3.3250 3.2663 3.2626 3.2221 3.2168 3.1788 3.1894 3.1403 3.1509 3.1768 3.1296 3.1063 3.1129 3.1079 3.0957 3.1159 3.0357 2.1344 
4.9323 3.8424 4.4836 4.2238 4.0062 3.8909 3.8439 3.7769 3.6199 3.5536 3.5040 3.4387 3.4414 3.4111 3.3250 3.3268 3.2981 3.2643 3.2152 3.2223 3.2019 3.1432 3.1638 3.1541 3.1568 3.2037 3.1919 3.1495 3.1505 3.1938 3.2269 2.1606 2.6313 
4.6802 5.1372 4.2781 3.9371 3.3718 3.0733 2.4821 3.0388 2.4692 2.3599 2.3505 1.9299 1.7171 1.7547 1.6012 1.2150 1.1103 1.2290 1.4853 1.5799 1.4467 1.6686 2.0085 1.9537 2.0015 2.4570 1.8086 2.3140 2.4667 2.8987 3.0033 3.5488 2.4512 
4.6305 4.7950 4.0582 3.6951 3.2203 2.6265 2.9669 2.7258 2.7344 2.8738 3.1523 3.2143 3.1241 2.8248 2.4251 2.3155 2.2681 2.2471 2.3382 2.6903 2.8948 2.9408 2.8130 2.4758 2.2709 2.1604 2.3401 1.8796 2.3620 2.6953 2.8006 3.1950 2.4047 
5.2324 5.2366 4.6792 4.0951 3.4367 3.3487 2.8396 3.3510 3.4739 3.1577 2.8971 3.0394 2.8043 2.7410 2.7963 2.7348 2.7612 2.6952 2.7082 2.5725 2.5973 2.7512 2.5714 2.7632 3.0046 2.7910 2.1978 2.6174 2.5643 3.0863 3.4467 3.6014 2.8268 
2.8446 4.9500 4.6154 4.3044 4.0900 3.9047 3.8050 3.7405 3.7251 3.5969 3.5516 3.5263 3.4550 3.4208 3.3739 3.3830 3.3767 3.3168 3.2462 3.2262 3.2183 3.2412 3.2146 3.2023 3.2349 3.1773 3.1423 3.1621 3.2161 3.2794 3.3712 3.3480 1.6456 
5.1135 5.0789 4.6275 4.3955 4.2562 4.1626 4.0320 3.9454 3.8561 3.8583 3.8169 3.7651 3.7262 3.6519 3.6012 3.5808 3.5454 3.5304 3.5091 3.5013 3.5057 3.4822 3.4717 3.4629 3.3907 3.4188 3.4186 3.4193 3.4058 3.3920 3.4135 3.4847 2.8204 
4.0521 5.3035 4.9922 4.3477 4.3759 4.2303 4.1493 3.9245 3.9914 3.9492 3.8791 3.8485 3.6753 3.7417 3.7136 3.6866 3.6239 3.6248 3.5949 3.5682 3.4722 3.5616 3.5393 3.5477 3.5292 3.3896 3.4947 3.4871 3.5189 3.3421 3.7526 3.6948 0.4676 
5.0600 4.2653 4.6141 4.2094 4.0060 3.9249 3.8054 3.7685 3.5694 3.5842 3.5158 3.5950 3.2136 3.3374 3.3017 3.2662 3.2493 3.2179 3.1958 3.1718 3.0139 3.3307 3.1770 3.1833 3.1077 3.1999 3.1438 3.1842 3.1585 3.1694 3.3969 2.7188 2.7809 
5.2167 5.3591 4.8826 4.6262 4.5281 4.3510 4.2584 4.1896 4.1477 4.0617 3.9935 3.9662 3.9620 3.9119 3.8837 3.8674 3.8372 3.8260 3.8007 3.7699 3.7652 3.7018 3.6622 3.6538 3.6494 3.6070 3.6047 3.6072 3.6297 3.5931 3.6052 3.7691 2.8330 
4.2752 5.3758 4.7917 3.6488 3.3525 3.3677 3.0686 3.1747 3.1920 2.7759 2.9989 3.7227 3.5985 3.1310 2.8149 2.8067 2.8544 2.7583 2.7281 2.9728 3.4138 3.4559 2.6779 2.3993 2.7198 2.6625 2.4011 2.6107 2.4446 2.6407 3.5366 3.8081 2.3525 
4.8697 5.1710 4.6824 4.6531 4.4705 4.3285 4.2362 4.1460 4.2550 4.0579 3.9842 4.0009 3.9072 3.8746 3.8217 3.8425 3.8163 3.8040 3.6997 3.7157 3.6924 3.7468 3.6531 3.6495 3.8057 3.5738 3.5887 3.5871 3.5928 3.6247 3.4511 3.5750 2.6978 
4.7924 5.1782 5.0600 3.8727 3.8276 3.8318 3.7595 3.8943 3.9675 3.4324 3.4538 3.0973 2.8319 2.5092 2.9056 2.1927 1.6598 2.1275 2.8045 2.3675 2.6315 2.8086 3.1080 3.0251 3.5050 3.3514 3.1114 3.0902 2.9450 2.8197 3.8368 3.5902 2.4518 
4.2585 5.4133 4.9055 4.7825 4.6349 4.5487 4.4301 4.3404 4.2439 4.1944 3.7943 4.1479 4.1041 4.0888 4.0202 4.0177 4.0134 3.9651 3.9190 3.9216 3.8820 3.8610 3.4510 3.7987 3.7875 3.8166 3.8113 3.8045 3.7860 3.7746 3.6271 3.8286 1.6625 
4.1926 5.0142 5.3523 4.7356 4.5960 4.3853 4.3254 4.3788 4.1112 3.6206 3.6783 4.0529 3.9447 3.9302 3.9750 3.8144 3.8086 3.7544 3.8819 3.7974 3.7409 3.8056 3.3555 3.2182 3.6169 3.8442 3.6884 3.6418 3.7278 3.7382 4.1211 3.4584 1.6887 
4.9992 5.3056 5.3325 4.8442 4.1923 3.9459 3.8162 3.9356 3.6217 4.0592 4.2921 3.6738 3.3720 3.6255 3.2265 2.9902 2.9689 2.9278 3.1349 3.4827 3.1476 3.4238 3.9549 3.6538 3.1588 3.4064 3.1607 3.2053 3.3086 3.8242 4.0808 3.6951 2.4627 
3.4795 4.3837 4.5238 2.9878 3.5786 3.6815 3.8149 3.9693 3.6756 3.4478 3.6751 2.8506 3.0380 3.0996 3.1025 2.9708 3.0649 2.9062 3.0024 2.9253 2.8028 2.6037 3.3434 3.0600 3.1980 3.4494 3.1568 2.9530 2.7411 2.0383 3.2551 2.7945 0.1986 
4.8038 3.7066 5.2940 4.2789 2.9575 2.7710 3.4530 4.1270 3.7913 3.2019 3.5235 2.9832 3.0526 2.6199 2.4416 2.4060 0.9215 2.3572 2.3649 2.4343 2.8051 2.7113 3.1835 2.7956 3.2846 3.5611 2.8101 1.9723 1.9836 3.2129 4.0277 2.3705 2.6106 
4.2137 5.1266 5.3074 4.8193 4.3110 4.1554 4.1601 4.2455 3.6926 4.0087 3.7577 3.2955 3.4979 3.2173 3.5219 3.3611 3.2588 3.2955 3.4378 3.0792 3.2689 3.0515 3.4308 3.6044 3.2128 3.6890 3.5030 3.4094 3.4595 3.8075 4.0448 3.5522 1.5729 
4.0188 4.9327 4.9738 4.6236 4.4670 4.3149 4.2160 4.2034 4.1934 4.0960 4.1773 4.0008 3.9401 3.8844 3.8315 3.7926 3.8146 3.7231 3.7159 3.7292 3.7342 3.7452 3.8314 3.6857 3.7071 3.6283 3.5643 3.5717 3.5887 3.5812 3.7389 3.2879 1.4469 
3.0207 4.5355 5.2170 4.5076 4.1997 4.0495 3.9940 3.2629 3.6764 3.9122 3.8030 3.4853 3.5748 3.4992 3.3815 3.3978 3.4721 3.3303 3.2554 3.3367 3.3716 3.2008 3.4541 3.5148 3.2046 2.7401 3.3702 3.3023 3.3125 3.4717 3.9663 2.9531 1.6857 
4.4853 5.0213 4.8867 4.5532 4.1396 4.1355 4.1001 3.9623 3.2670 3.5696 3.5339 3.4975 3.3145 3.4050 3.3742 3.3256 3.2838 3.2633 3.2467 3.2202 3.1079 3.2166 3.1953 3.1698 2.8002 3.4372 3.4650 3.3931 3.2426 3.5037 3.6098 3.4508 2.3448 
4.5785 4.7305 4.5732 3.8970 3.7217 3.6015 3.5824 3.5110 3.4423 3.1987 3.1932 3.0933 3.2032 3.0696 3.0507 3.0205 3.0294 2.9537 2.9169 2.8776 3.0026 2.8045 2.8504 2.7981 2.9536 2.9551 2.9478 2.8617 2.8473 2.8724 3.3108 3.1465 2.1335 
4.8013 4.9266 4.3071 4.0720 3.9190 3.8240 3.7438 3.6557 3.4732 3.4558 3.4427 3.4172 3.3485 3.3046 3.2423 3.2168 3.2232 3.1659 3.1476 3.1478 3.1295 3.1254 3.0975 3.0626 3.0009 3.1156 3.1031 3.0807 3.0735 3.0667 3.0775 3.2987 2.4544 
4.5332 4.7528 4.2285 3.8816 3.8023 3.6522 3.5589 3.5323 3.4545 3.4772 3.3006 3.2042 3.1679 3.1209 3.1089 3.0802 3.0356 3.0276 3.0077 2.9575 2.9530 2.9295 2.9691 3.0827 2.9707 2.9920 2.9156 2.9111 2.9065 2.8516 3.0075 3.1670 2.3365 
3.9291 4.7082 4.5725 4.2675 4.0916 3.9623 3.8802 3.7926 3.7514 3.6501 3.6114 3.5316 3.5015 3.4805 3.4399 3.4358 3.3893 3.3705 3.3110 3.3105 3.2745 3.2473 3.2798 3.2444 3.2569 3.2156 3.2263 3.2191 3.2168 3.2322 3.3191 3.1304 1.5109 
4.5528 4.8052 4.4347 4.0088 3.8581 3.7730 3.6292 3.5859 3.4762 3.4390 3.4142 3.3238 3.2844 3.2669 3.2003 3.1752 3.1649 3.1281 3.1059 3.1198 3.0878 3.0689 3.0756 3.0344 3.0059 3.0612 3.0121 3.0299 2.9950 3.0037 3.1836 3.2162 2.3420 
4.7307 4.3415 3.8793 3.3936 3.2234 2.9613 2.9897 2.9521 2.7622 2.6917 2.5177 2.4790 2.4795 2.4897 2.6270 2.3236 2.4482 2.2552 2.4994 2.3540 2.2918 2.2159 2.1858 2.2821 2.3083 2.3983 2.3544 2.2170 2.3709 2.3592 2.6748 2.7453 2.4770 
3.0825 4.0041 3.2533 3.2750 3.1472 2.9805 2.8803 3.0115 2.7291 2.7220 2.5983 2.4403 2.5478 2.4836 2.4722 2.5765 2.6191 2.5155 2.3758 2.3486 2.3495 2.1654 2.2692 2.3277 2.2569 2.4450 2.2676 2.2439 2.3088 2.2883 2.0624 2.4268 1.2444 
4.1790 4.2099 3.9371 3.7624 3.6058 3.5125 3.4120 3.1279 3.2176 3.1696 3.0848 3.0628 3.0028 2.9809 2.9611 2.9443 2.8543 2.8828 2.8472 2.8116 2.7761 2.7666 2.7408 2.7709 2.7535 2.5712 2.7553 2.7697 2.7551 2.7328 2.7121 2.6004 1.7769 
4.2918 4.7803 4.5412 4.1729 3.9471 3.8466 3.8190 3.6865 3.5979 3.9692 3.0605 3.3547 3.3582 3.3111 3.2168 3.2361 3.2407 3.1918 3.1192 3.1517 3.1357 3.0863 2.7149 3.5751 3.1385 3.1397 3.1599 3.1046 3.0954 3.1249 3.2606 3.1894 2.1712 
4.6070 4.7486 3.5998 2.8919 2.8520 2.9181 2.8224 3.1617 2.6866 2.6926 3.1117 2.7997 2.6917 2.5511 2.2427 2.4066 2.4501 2.3672 2.1135 2.3906 2.4476 2.5152 2.7692 2.3116 2.1847 2.6223 2.2156 2.2028 2.0365 1.9790 2.4370 3.1530 2.4535 
4.6834 4.4307 4.0328 3.5645 3.3622 3.0970 2.8004 3.1171 2.9404 3.1720 3.2466 2.7552 2.7081 2.6676 2.5086 2.4430 2.4253 2.3906 2.4121 2.4760 2.4729 2.4704 2.9129 2.7794 2.4739 2.5734 2.1781 2.3667 2.4969 2.5706 2.8080 2.7969 2.2615 
4.5539 4.8364 3.6942 3.8695 3.7607 3.6312 3.5242 3.5584 3.4504 3.4065 3.1995 3.2747 3.2251 3.1580 3.1641 3.1513 3.1352 3.1067 3.0769 3.0110 3.0390 3.0218 2.8553 2.9932 2.9627 3.0266 2.8728 2.8876 2.8668 2.8330 2.3954 3.2196 2.0813 
5.0194 4.7756 4.5552 4.0843 3.8025 3.6933 3.4890 2.5113 3.1029 3.1354 2.5784 2.7935 3.0715 2.8995 2.7846 2.8283 2.7444 2.7785 2.6986 2.7505 2.8304 2.5054 2.2601 2.7384 2.6282 1.9881 2.8376 2.9450 2.8941 3.0663 3.2823 3.1766 2.7631 
4.8440 5.1194 4.5650 3.9740 3.5781 3.0667 3.1520 2.9355 1.5333 3.4704 3.5506 2.7730 2.7245 2.5643 2.3224 2.4975 2.5135 2.4532 2.1975 2.4064 2.4808 2.4792 3.2129 3.0793 1.1158 2.3833 2.5030 2.3100 2.7154 2.9545 3.2792 3.5328 2.5280 
4.2653 4.9479 4.9403 4.5287 4.3106 4.2193 4.1720 3.6729 3.8648 3.8747 3.4487 3.7025 3.7207 3.6632 3.6078 3.5521 3.5685 3.5046 3.5145 3.5096 3.5022 3.4454 3.1044 3.4780 3.4051 3.1267 3.5095 3.4764 3.4623 3.4944 3.6837 3.3531 1.9906 
5.0565 5.0798 4.2136 3.8748 3.1882 3.2154 2.7453 3.1582 3.5138 3.4985 3.5653 3.0990 2.9471 2.8140 2.9423 2.6273 2.5653 2.5510 2.8351 2.6892 2.7391 2.8234 3.2281 3.0925 3.0666 2.6454 2.0131 2.4814 2.3612 2.8704 2.9901 3.4775 2.6949 
4.6410 4.7718 3.9231 3.7690 3.4719 3.4242 3.1138 3.1680 3.3887 3.3809 3.1924 2.9686 2.7720 2.7668 2.8471 2.3170 2.4306 2.2564 2.7534 2.6127 2.5505 2.7047 2.8477 2.9656 2.8879 2.6208 2.4590 2.6664 2.5689 2.7181 2.6922 3.1741 2.4763 
4.2369 4.8907 4.1857 3.6089 3.5724 3.4450 3.2335 3.5357 3.2709 2.7580 2.9015 3.2275 3.1724 3.1684 3.1114 3.0715 3.0183 3.0131 3.0110 3.0276 2.9617 2.9691 2.5830 2.3584 2.7992 2.9976 2.6101 2.6996 2.7220 2.5855 2.9011 3.2762 1.9865 
5.1237 4.7714 4.7232 4.4344 4.3585 4.2236 4.0868 4.1298 3.9109 3.8849 3.8583 3.7682 3.7409 3.6839 3.6295 3.5949 3.5884 3.5488 3.5318 3.5249 3.5158 3.4843 3.5162 3.4881 3.4548 3.5620 3.4574 3.4811 3.5070 3.4342 3.5032 3.1603 2.8258 
4.6054 5.0322 5.0498 4.8317 4.5131 4.3362 4.2886 3.9877 3.0828 3.9944 4.0788 3.9819 3.8146 3.7886 3.8128 3.6923 3.6034 3.6300 3.6844 3.5966 3.5746 3.7236 3.7529 3.5947 2.6143 3.4582 3.6420 3.5924 3.6167 3.8193 3.8273 3.4595 2.4364 
4.1740 5.0711 4.9402 4.0355 3.8257 3.4892 3.5152 3.9819 3.3543 3.8297 3.5715 2.8372 2.9578 3.0308 2.8865 2.9315 2.9300 2.8703 2.7890 2.8470 2.7459 2.5689 3.2257 3.4370 2.8562 3.4563 2.8644 2.7415 2.9409 3.0150 3.6725 3.4941 1.9835 
3.9347 4.8896 4.6607 4.2478 3.9276 3.8220 3.7150 3.4655 3.4786 3.5316 2.3490 2.9935 3.0719 3.0837 3.0633 2.9431 3.0607 2.8839 2.9298 2.9010 2.8352 2.7231 2.0036 3.1342 3.0083 2.8838 3.0873 3.0779 3.0807 3.2249 3.4497 3.2514 1.2814 
4.7176 4.8408 4.4696 4.2074 4.3132 4.1667 4.0151 4.1181 3.9755 3.9018 3.8776 3.7769 3.6923 3.6697 3.6139 3.5797 3.5335 3.5293 3.5193 3.5144 3.4831 3.4896 3.5381 3.5040 3.5160 3.5547 3.4028 3.4269 3.4643 3.1752 3.2062 3.2255 2.2740 
5.0795 5.1031 4.6104 4.2798 3.6521 3.6535 3.5368 3.6584 3.2796 3.4147 3.4888 3.2775 3.2285 3.2336 3.2071 3.1218 3.1070 3.0805 3.1113 3.0961 3.0459 3.0264 3.1475 3.0039 2.8137 3.1198 2.8916 2.9111 2.7932 3.2452 3.3546 3.5046 2.6851 
5.0343 5.0484 4.5594 3.8670 3.6824 3.5142 3.4834 3.2909 3.2206 3.3413 3.2055 3.1289 3.0414 3.0268 2.9564 2.9640 2.7627 2.9002 2.8455 2.8457 2.8030 2.8464 2.8644 2.9346 2.7597 2.7567 2.8377 2.7789 2.8278 2.8433 3.2891 3.4577 2.7097 
4.5561 5.0515 4.6942 4.0847 4.1003 3.8611 3.7578 3.4205 3.5143 3.6704 3.8067 3.5985 3.5279 3.4562 3.4315 3.4258 3.3296 3.3562 3.2968 3.2733 3.3105 3.3396 3.4605 3.2659 3.0624 2.8451 3.1101 3.1178 3.2202 3.0763 3.4593 3.4706 2.4282 
3.9776 5.1346 4.5779 4.2217 3.8851 3.6593 3.5744 3.3536 3.5084 3.6787 3.0712 2.8622 2.9931 3.0465 2.9186 3.0025 2.9632 2.9365 2.8149 2.8531 2.7689 2.6044 2.7253 3.2726 3.0584 2.7948 2.9350 2.9171 3.0370 3.1878 3.3017 3.5408 1.4520 
4.0609 5.0165 4.3039 3.9294 3.2528 2.7792 2.9080 3.5054 2.9189 3.2206 3.5285 3.1089 3.0178 2.8921 2.8220 2.7346 2.7064 2.6950 2.7281 2.7458 2.7854 2.8247 3.1903 2.8301 2.4505 2.9558 2.3197 2.0473 2.4098 2.9154 3.0764 3.4398 1.2563 
3.2116 4.9278 4.3369 4.0232 3.5327 3.4030 3.5251 3.2029 2.9321 3.2816 3.3674 3.0223 2.7992 2.7800 2.8467 2.6717 2.6166 2.6027 2.7504 2.6307 2.5873 2.7380 3.0443 2.8748 2.4655 2.6750 2.8760 2.6639 2.6933 3.0295 3.1053 3.3148 1.0382 
3.0919 4.7772 4.1805 3.3576 3.3780 3.1425 3.0858 3.0832 2.9273 2.8277 3.1440 2.6765 2.7061 2.4953 2.4223 2.2634 2.0661 2.1861 2.3300 2.3544 2.4678 2.3848 2.8031 2.4431 2.4582 2.5111 2.4482 2.4104 2.5171 2.3723 2.9306 3.1788 1.6892 
3.9658 4.5474 4.0199 3.7919 3.5484 3.2634 3.0049 3.3488 3.1842 3.4640 3.1234 2.2843 2.4183 2.6059 2.5657 2.5578 2.4757 2.4970 2.4616 2.4410 2.2101 2.0130 2.7786 3.0699 2.7277 2.7948 2.3537 2.5174 2.7056 2.7708 2.8117 2.9075 0.4059 
2.5514 4.4836 4.1119 3.6806 3.5581 3.4241 3.2991 3.1222 3.2397 3.2786 2.7537 2.9124 2.8326 2.7439 2.8254 2.8313 2.8018 2.7814 2.7333 2.5790 2.6309 2.6643 2.3993 2.8739 2.7801 2.5596 2.6957 2.6814 2.7218 2.6846 2.8925 2.8518 1.6823 
3.5039 4.3994 3.5913 3.5636 3.3965 2.9629 3.2124 3.1551 2.8932 2.9559 2.2074 2.1657 2.5419 2.4742 2.3673 2.3091 2.4019 2.2402 2.2606 2.3357 2.3478 1.9309 1.9054 2.5411 2.4325 2.6110 2.5791 2.2079 2.5017 2.5665 2.4128 2.8070 0.6497 
3.7242 4.5533 3.9655 3.5219 2.9933 2.3927 3.2355 3.6587 3.2249 3.4686 2.4772 2.8196 2.9417 2.7055 2.9695 2.5911 3.0683 2.5354 2.8507 2.5187 2.7385 2.5345 2.1666 3.0721 2.7722 3.1182 2.6300 1.6772 2.0951 2.5192 2.7182 2.9469 1.6310 
2.3975 3.9614 4.2633 3.8050 3.5104 3.5010 3.7119 3.2304 3.1564 3.1230 3.0996 3.0732 3.0120 3.0718 2.9142 2.7917 2.7898 2.7458 2.8099 2.8822 2.7821 2.7794 2.7560 2.7277 2.7011 2.7082 3.0826 2.7601 2.6599 2.7596 3.0577 2.3819 0.9150 
3.8112 4.1968 4.4126 4.2399 3.9632 3.9307 4.1790 3.0584 2.7603 2.5980 3.4452 2.7755 2.7553 2.5881 2.8149 2.8006 2.8123 2.7539 2.7237 2.4243 2.5270 2.4879 3.1004 2.1975 2.3066 2.4645 3.5161 3.1911 3.1101 3.2022 3.1848 2.5725 1.6219 
4.0449 4.1319 4.3203 3.5385 3.2222 2.9077 3.3216 3.1094 3.0433 2.7795 2.7085 2.7329 2.7518 2.5761 2.6551 2.7104 2.6942 2.6605 2.5244 2.4152 2.5235 2.4472 2.3648 2.3816 2.5424 2.5431 2.7005 2.1588 2.3681 2.4803 3.1016 2.5008 1.8047 
4.4391 4.2966 4.4759 4.1846 2.0691 4.0668 4.0502 3.3929 3.0180 3.4137 3.6050 3.0598 2.6993 2.4919 2.6754 2.4735 2.4437 2.4219 2.5437 2.3505 2.4621 2.7584 3.2734 3.0045 2.5243 2.8160 3.4350 3.3286 1.0049 3.1357 3.2225 2.7250 2.1820 
4.3394 4.2912 4.6053 4.0595 3.5900 3.8053 3.3364 2.3969 0.9281 2.4227 2.8425 2.5914 2.2409 2.3281 1.2589 1.8311 1.5135 1.7516 1.2315 2.1482 2.0163 2.3248 2.5021 2.0187 0.0625 1.8929 2.7137 3.0609 2.7306 3.0471 3.3724 2.7225 2.0860 
4.6521 4.6442 4.5574 3.7313 3.6646 4.1622 3.9010 3.4618 3.1693 3.4806 3.1320 2.8462 2.4086 1.1066 2.3328 2.1816 2.0797 2.1197 2.2192 0.9636 2.1946 2.5774 2.7872 3.0852 2.7180 2.8871 3.2515 3.4203 2.8050 2.7038 3.2837 3.0711 2.3879 
4.5703 4.5907 4.6139 4.1190 3.6932 4.0668 3.4087 3.1279 2.7103 3.0022 2.9720 2.5933 2.6652 2.5125 2.3226 2.4581 2.4767 2.4082 2.1918 2.3692 2.4288 2.3362 2.6494 2.5926 2.2214 2.5710 2.7470 3.3226 2.8199 3.0886 3.3805 2.9988 2.2435 
4.5625 4.4881 3.2051 4.0974 3.1663 3.2811 3.4773 3.5977 3.4502 3.1439 3.3374 3.2233 3.2211 3.1401 3.0982 3.0832 3.1052 3.0346 2.9904 2.9859 3.0300 2.9624 3.0125 2.7483 2.9645 3.0781 2.8336 2.5392 2.3275 3.0880 1.9607 2.8490 2.1037 
4.3983 4.2425 4.4238 3.9785 3.7934 3.8613 3.2951 3.4085 3.2261 3.1621 2.5406 3.0300 2.8942 2.8543 3.0381 2.9837 2.8673 2.9186 2.9044 2.7175 2.7031 2.7418 2.2040 2.7610 2.7630 2.8306 2.6779 3.1178 2.8910 2.9563 3.1759 2.6499 1.9608 
4.3357 4.0743 4.3199 3.3554 3.0763 3.3885 2.7246 2.8482 2.8048 2.8254 2.7442 2.7583 2.7045 2.5951 2.6793 2.5212 2.4930 2.4736 2.5431 2.4301 2.4668 2.4749 2.4045 2.4247 2.3456 2.3222 2.0693 2.6462 2.1699 2.3171 3.0971 2.4665 2.0762 
4.7184 3.8770 3.4339 3.1610 2.6916 3.7212 3.4712 3.1121 2.9759 2.8472 2.9011 2.8530 2.8430 2.7951 2.7939 2.7260 2.7575 2.6876 2.7062 2.6531 2.6445 2.5911 2.5742 2.4470 2.4861 2.5489 2.8171 2.9838 1.8383 2.1538 2.1726 2.2457 2.4157 
4.4352 3.5948 3.4946 3.4834 3.0815 3.1673 2.9976 2.7902 2.7822 2.6588 2.7045 2.7035 2.5481 2.4233 2.3991 2.1450 2.1980 2.0973 2.3163 2.2798 2.3484 2.4105 2.3603 2.2477 2.3285 2.2508 2.3556 2.4260 2.1981 2.4517 2.2675 1.9640 2.1213 
4.2826 3.6982 3.4351 2.6919 2.2200 2.7033 2.0808 2.2038 2.3334 2.2810 2.2707 2.0764 1.9595 2.1521 1.9834 2.2833 1.3896 2.2126 1.8868 2.0044 1.7253 1.8028 1.9415 1.8771 1.8501 1.6566 1.4685 1.9666 1.3009 1.6230 2.1747 2.1206 1.9851 
3.6330 3.1800 3.3275 2.9291 3.0783 2.4528 2.6256 2.4308 2.1609 2.4306 2.6178 1.9278 2.2169 2.2053 2.0005 1.5629 2.2366 1.4933 1.9049 2.0409 2.0054 1.6261 2.2912 2.0355 1.6951 1.8953 1.9833 1.7097 2.1997 1.9326 2.0944 1.6265 1.2929 
3.1621 3.2909 2.8682 2.9451 2.8162 2.7220 2.0757 1.9209 2.1266 2.3958 2.1998 2.3439 2.3367 2.0981 2.1612 2.0176 1.7410 1.9737 2.0586 1.9588 2.1000 2.0537 1.8750 1.9989 1.6678 1.3573 1.4197 1.9799 1.9647 1.9530 1.6355 1.7128 0.9096 
2.8880 3.0756 2.5128 2.3363 2.1894 2.3497 2.4765 1.7457 1.4297 1.2855 1.3658 1.9850 1.6387 1.8397 1.7579 1.4837 1.4686 1.4266 1.6613 1.6814 1.4167 1.7001 1.0239 0.9114 0.9490 1.2154 1.8412 1.6023 1.3398 1.2757 1.2479 1.4704 0.2458 
3.1907 3.0402 2.7677 2.3050 2.4837 2.3564 1.1870 2.3151 2.1790 2.3784 2.0773 2.1709 1.6752 1.9096 1.8416 1.9431 2.0979 1.8717 1.7273 1.7254 1.4605 1.9158 1.7349 1.9810 1.7123 1.7326 0.5894 1.6123 1.6408 1.2726 1.5484 1.3876 0.8318 
2.1286 2.6845 1.9347 2.0632 2.3327 2.0756 2.1750 1.2638 1.6015 1.7283 1.5309 1.7177 1.7326 1.6720 1.0948 1.5155 -0.1543 1.4505 0.9823 1.5257 1.5399 1.4421 1.2066 1.3234 1.1282 0.7057 1.5594 1.3467 1.4563 1.0096 0.7730 1.0348 -1.3619 
3.4950 3.1935 2.7046 2.4477 2.4775 2.5742 2.3884 2.4530 1.8775 2.1779 2.0967 2.0169 1.7880 1.6216 1.2014 1.6589 0.8644 1.6157 1.0730 1.4529 1.5950 1.7318 1.7507 1.7734 1.3757 1.9230 1.7354 1.8366 1.6197 1.4368 1.4294 1.5963 1.2004 
3.3522 2.8704 2.4295 2.2425 2.3508 2.1889 1.7056 2.1352 2.1374 0.9954 2.1043 2.3230 2.2857 1.8232 1.6306 1.8420 1.8115 1.7784 1.5377 1.6632 2.0485 2.0273 1.7685 0.5801 1.6700 1.6071 1.0667 1.4429 1.4789 1.2262 1.2115 1.2587 1.0353 
3.6116 3.1691 2.8498 2.4600 2.3811 2.3446 2.1842 1.3144 2.0116 1.9546 1.9304 2.0645 2.4064 2.3429 2.2814 2.0852 1.9261 2.0340 2.1503 2.1622 2.1878 1.7868 1.5901 1.5515 1.5576 0.7885 1.5713 1.6017 1.5238 1.4332 1.6189 1.5647 1.2950 
2.3718 1.7973 1.9901 1.2189 2.1870 1.2712 2.3363 2.1943 2.3376 0.8183 1.7824 2.0841 2.0815 1.9196 2.0646 1.8866 1.5869 1.8185 1.9735 1.7337 1.8762 1.8097 1.4580 0.4541 1.8509 1.6515 1.6817 0.5268 1.3300 0.2431 0.7578 0.1687 0.1806 
2.6961 1.9110 2.1599 1.9818 1.0540 2.1204 2.0750 2.0625 1.8563 2.3414 2.3335 1.8916 1.8211 1.7623 2.0795 1.9166 1.2730 1.8452 1.9871 1.6199 1.6160 1.6137 1.9875 1.9484 1.3688 1.5342 1.4276 1.3798 0.2129 0.9470 0.9317 0.3658 0.3743 
2.2865 1.7503 2.3775 2.3483 2.3289 1.6259 2.0194 1.7687 0.9099 1.5665 2.0243 1.8606 2.1003 2.0309 1.7104 1.6857 0.9929 1.6389 1.6146 1.8791 1.9028 1.5969 1.6833 1.1614 0.4522 1.2369 1.3666 0.8842 1.4363 1.3152 1.1444 0.1348 -0.0923 
2.8809 2.7875 1.9002 2.0817 1.7293 2.3516 2.3436 2.0803 1.8742 1.7238 1.7671 1.6530 1.6890 2.0237 1.2315 1.2479 1.9248 1.2133 1.1103 1.8692 1.4826 1.3680 1.4339 1.3257 1.3806 1.5574 1.6886 1.6086 0.8698 1.0396 0.6754 1.1920 0.5510 
2.9226 2.7107 2.8478 2.0905 2.4155 2.3666 2.2359 1.6716 2.3653 2.3733 1.3044 1.7286 1.7231 2.0991 1.7751 1.9739 2.0502 1.9328 1.6742 1.9604 1.5276 1.4550 0.9731 1.9761 1.9016 1.1215 1.6028 1.6222 1.5764 1.0379 1.6208 1.0949 0.5834 
2.1569 2.6370 2.4271 2.2619 2.3511 1.8744 1.9700 2.3342 2.1567 2.4488 2.3373 0.8934 1.8546 1.5335 1.3760 1.6344 1.6379 1.5951 1.2799 1.3517 1.6379 0.6200 1.9914 2.0499 1.6879 1.7549 1.3201 1.1242 1.4736 1.2504 1.2005 1.0407 -0.0740 
2.8423 2.5591 2.7428 2.5025 2.4596 2.2076 1.7232 1.7653 1.9591 1.6267 1.8618 1.9716 1.9532 1.8877 0.8890 1.3665 -0.1435 1.3240 0.7852 1.7117 1.7137 1.6809 1.5376 1.2323 1.4701 1.2326 1.0952 1.4592 1.6095 1.4914 1.5086 0.9411 0.5020 
3.1422 2.7689 2.8230 2.7260 2.1791 2.4219 2.3714 2.2433 2.1450 1.2203 1.9441 1.7616 1.5289 1.4419 1.5799 1.7140 1.7221 1.6650 1.4505 1.2844 1.2918 1.5074 1.5971 0.8307 1.6779 1.6826 1.7200 1.6771 1.3149 1.6825 1.6073 1.1429 0.8514 
2.5327 2.5305 2.6753 2.3744 1.6581 2.1041 1.7469 1.3410 0.7282 1.9584 1.1943 1.6814 1.9534 1.0138 1.3821 1.6549 0.5470 1.6104 1.2912 0.8671 1.7145 1.3967 0.8603 1.5592 0.2235 0.8009 1.1157 1.3612 0.8003 1.3398 1.4120 0.9279 0.1431 
2.8222 2.7413 2.1601 1.6988 1.9796 1.4006 1.0479 1.7003 1.0238 1.7538 1.6894 1.7940 1.7444 1.6228 1.7419 1.8251 1.7200 1.7647 1.6503 1.4541 1.5602 1.5424 1.3567 1.3595 0.5619 1.1643 0.3937 0.6826 1.0996 0.6979 0.9316 1.1355 0.5352 
2.5501 2.4993 2.3892 1.7379 1.9365 2.1134 1.0910 1.5309 1.9948 1.8904 1.8872 1.7804 1.6144 1.7444 1.2168 1.3314 0.8565 1.2828 1.1019 1.6048 1.3837 1.5238 1.5640 1.4833 1.5283 0.9609 0.4353 1.3714 1.0547 0.7640 1.1485 0.9407 0.2491 
1.8111 2.3752 2.3855 1.9694 1.7364 1.9917 2.0090 0.5919 1.8905 1.9138 1.9076 1.6580 2.1324 1.8842 1.5578 1.6396 1.9969 1.5999 1.4251 1.7074 1.9490 1.3763 1.5771 1.5023 1.3978 0.0352 1.3584 1.2485 0.8909 0.9349 1.1548 0.8052 -0.4547 
