3.2960 2.6241 2.5789 1.9626 1.6456 2.4409 2.4976 2.5124 2.2121 2.2560 1.7740 1.9437 1.2282 2.5094 1.9465 2.2988 2.6025 2.2489 1.8267 2.2795 0.9608 1.6509 1.3848 1.7917 1.6810 1.8357 1.7356 1.5843 0.5859 0.8251 1.1308 0.8506 0.5718 
4.0691 3.2083 3.0330 2.5451 2.0785 2.2278 2.0237 2.2066 1.4169 0.8548 2.3473 2.7771 2.5894 1.4212 2.6412 2.6380 2.1186 2.5839 2.5407 1.2553 2.3237 2.4869 1.9689 0.4199 0.8762 1.5820 1.2884 1.3575 1.0442 1.3501 1.6186 1.2970 1.3755 
2.6544 2.9671 2.4188 2.4560 2.6277 2.2455 2.7863 2.6423 2.3098 2.6324 2.4698 2.4653 2.5283 2.1416 2.4849 2.5712 2.5305 2.5247 2.3309 1.9441 2.2516 2.1354 2.0864 2.1709 1.7691 2.0249 2.0753 1.3886 1.6576 1.2611 0.9795 1.0917 -0.0953 
4.1586 3.5099 2.9569 2.7000 2.9791 2.8552 2.8352 2.0321 2.4825 2.4386 2.7040 2.1929 1.7498 2.9854 2.2018 1.7283 0.9465 1.6795 2.0997 2.7810 1.5016 1.8609 2.3129 1.9686 1.9031 1.3644 2.1068 1.9885 1.9603 1.5066 1.4646 1.6265 1.4230 
3.7554 2.7654 2.7956 2.2362 2.8644 3.0121 2.5842 2.3379 2.4413 2.5059 2.5647 2.7925 1.6634 2.5667 2.6527 2.1884 1.8871 2.1348 2.5488 2.3657 1.3840 2.5050 2.1686 2.0264 1.8728 1.7095 1.8292 2.1502 1.8415 1.0545 1.3545 0.8449 1.0256 
4.2721 3.7446 3.4073 3.2410 2.9843 2.6731 2.7874 2.6394 2.6696 1.5426 1.9319 2.8938 2.9785 2.5239 2.6578 3.4109 3.1216 3.3601 2.5551 2.3009 2.7017 2.5699 1.5413 1.0695 2.1336 2.0169 2.0756 1.8161 1.9596 2.0863 1.9442 1.8369 1.5811 
3.9114 3.4065 3.0012 2.9991 2.4027 1.9785 2.6791 2.1198 3.1418 2.8054 3.3767 3.3511 2.9156 2.5646 2.5878 3.1086 3.0430 3.0490 2.4909 2.3648 2.6393 3.0150 2.9757 2.3334 2.6097 1.4755 1.9387 1.1155 1.3852 1.7984 1.5777 1.5266 1.2740 
1.7697 3.4186 3.1970 2.9325 0.7944 1.7167 1.9298 2.7499 3.2941 2.6479 1.8374 3.7710 3.1860 3.2747 3.5406 3.0243 2.0044 2.9733 3.4312 3.0823 2.9685 3.4387 1.3737 2.1958 2.7196 2.1412 1.2109 0.8690 0.0183 1.7193 1.7678 1.5826 -0.8814 
3.5841 4.5025 3.9796 3.6864 3.6809 3.5530 3.6215 3.5400 3.6174 3.0653 3.7249 3.9017 3.3009 3.1015 3.4203 1.4531 1.6983 1.4346 3.2931 2.9495 3.0399 3.5678 3.3518 2.6012 3.0755 2.9300 2.9088 2.6911 2.6725 2.5196 2.5548 2.6566 0.6140 
5.6114 5.7086 5.2272 4.8745 4.7210 4.5417 4.3827 4.1916 4.5969 4.1904 3.9991 4.3426 4.2414 4.1044 4.0753 4.0662 3.9913 3.9993 3.9545 3.9192 3.9602 4.0098 3.6173 3.7140 4.0247 3.5351 3.6370 3.6804 3.7124 3.7046 3.8108 3.8644 2.8945 
6.2726 5.7205 5.6678 5.0710 4.8678 4.7358 4.6721 4.8197 4.2963 3.9237 3.5275 4.3541 4.0792 4.4559 4.1435 3.4626 3.7555 3.4147 3.9990 4.2921 3.8487 4.0254 3.1303 3.4618 3.7514 4.2049 3.9020 3.8749 3.8832 3.8718 4.2506 3.8605 3.5457 
4.8744 6.2754 5.6700 4.7817 4.6981 4.5476 4.4049 3.5961 4.6532 4.4631 4.6749 3.7219 3.6598 3.8858 3.7655 3.8018 3.6688 3.7216 3.6158 3.7016 3.4248 3.4108 4.2727 3.9984 4.0724 2.9921 3.6655 3.6906 3.6816 3.6001 4.2499 4.4155 2.9278 
4.9978 6.0492 4.6694 4.0568 4.1363 4.0041 3.9405 4.0905 3.4158 3.7387 3.8447 2.5908 3.3934 3.5961 3.4359 2.7164 2.6987 2.6547 3.3095 3.4352 3.1208 2.3054 3.4534 3.2679 2.8581 3.4506 3.1728 3.1277 3.0895 2.8904 3.3066 4.2183 2.5963 
5.3391 6.0853 4.8482 4.7662 4.4393 4.3465 4.3050 4.3174 3.8535 3.7292 4.1339 3.7356 3.8617 3.6324 3.8200 3.6058 3.5182 3.5502 3.6731 3.4590 3.5855 3.4204 3.7530 3.2639 3.3007 3.6719 3.5577 3.4891 3.4627 3.5861 3.5015 4.2566 3.0214 
5.1009 5.7222 4.8210 4.6224 4.4161 4.3285 4.2215 4.0614 3.5350 3.7017 4.0576 3.9905 3.5372 3.9208 3.6391 3.6520 3.5743 3.5822 3.5211 3.7502 3.3000 3.6785 3.6803 3.2400 3.0011 3.4405 3.4615 3.4763 3.4387 3.4570 3.4418 3.8734 2.7919 
5.6151 5.2002 5.3288 4.9772 4.7811 4.6582 4.4627 4.3997 4.3717 4.3144 4.2213 4.1809 3.9980 4.0535 4.0418 4.0232 3.8303 3.9703 3.9280 3.8820 3.7807 3.8580 3.8273 3.8553 3.8412 3.7900 3.7464 3.7980 3.8071 3.8171 3.9089 3.3655 2.9770 
5.8463 5.5552 5.0683 4.7541 4.5800 4.4214 4.3672 4.2585 4.2301 4.1534 3.9842 3.9804 3.8826 3.9040 3.8132 3.6790 3.7750 3.6070 3.6606 3.7264 3.6176 3.6626 3.5850 3.6790 3.6495 3.5864 3.6175 3.5599 3.5609 3.5600 3.5847 3.6592 3.1277 
5.8019 5.4628 4.9318 4.6986 4.4225 4.3737 4.2328 4.0986 3.9906 3.9484 3.9081 3.8584 3.8521 3.7685 3.8081 3.7844 3.8131 3.7048 3.6527 3.5585 3.5754 3.5263 3.5146 3.4852 3.4518 3.4638 3.4643 3.5123 3.4320 3.4910 3.4885 3.5627 3.0905 
5.7902 5.3111 4.6521 4.2425 3.6073 3.7708 3.4378 3.1723 3.5130 3.3608 2.5274 3.2658 3.1037 3.2631 3.3420 2.9948 2.7068 2.9480 3.1884 3.0718 2.8630 2.9645 2.1290 2.8828 2.9826 2.5565 2.6854 2.9113 2.6174 3.0294 3.1699 3.4458 3.1109 
5.6130 5.1948 4.6409 4.2581 3.9498 3.8547 3.8527 3.6250 3.2644 3.3890 3.3064 3.3755 3.0822 3.4619 3.0483 2.3442 2.7305 2.2709 2.9491 3.2791 2.8391 3.0324 2.9273 2.9290 2.7003 3.0016 3.0955 2.9945 2.9685 3.0516 3.1657 3.3549 2.9763 
5.0178 5.5289 5.0956 4.6259 4.4271 4.2899 4.3593 4.2230 3.8612 3.9195 3.7620 4.0113 3.9870 3.5977 3.9227 3.7848 3.6198 3.7059 3.8222 3.4347 3.7559 3.7137 3.3807 3.4591 3.3177 3.5527 3.6092 3.4287 3.4399 3.4295 3.6100 3.6569 2.5120 
5.2978 5.7679 4.9889 4.6725 4.4230 4.3417 4.2857 3.6365 3.8810 3.6819 3.4965 4.2862 4.2250 4.0804 3.6359 3.8235 3.7489 3.7550 3.5228 3.9001 3.9453 3.9550 3.1144 3.2107 3.3502 3.0085 3.5272 3.4800 3.4324 3.4610 3.5220 3.9275 2.5931 
5.6809 5.6170 4.4411 4.4408 4.0211 4.0972 3.8474 3.9623 3.8821 3.1202 3.8409 2.9815 3.4710 3.4949 3.6843 3.6354 3.4184 3.5682 3.5574 3.3374 3.2072 2.6491 3.4459 2.6319 3.3482 3.3439 3.0866 3.2389 3.0333 3.2714 3.0714 3.7745 3.0939 
5.7505 4.7214 4.6706 4.3598 4.2846 4.0988 3.8978 3.4934 3.9901 4.0837 4.2430 3.3021 3.1308 3.7983 3.2974 3.3128 3.3126 3.2363 3.1516 3.5713 2.9101 2.9888 3.8424 3.6108 3.4565 2.8662 3.1456 3.2406 3.2782 3.1690 3.1877 2.9788 3.0631 
5.1589 4.8929 5.1513 4.7770 4.5871 4.4587 4.3148 4.4160 4.4332 4.2702 4.2947 4.1638 4.0648 3.4698 3.7535 3.7481 3.6542 3.6713 3.6046 3.2816 3.8360 3.8478 3.8967 3.8157 3.8997 3.8115 3.5633 3.6021 3.5662 3.5865 3.7217 3.0708 2.4228 
6.1285 6.0562 5.4837 5.2531 5.0389 4.8977 4.7117 4.3522 4.6764 4.7565 4.5152 4.5124 4.5530 4.3672 4.3540 4.3524 4.2864 4.2999 4.2543 4.2042 4.3062 4.2260 4.1353 4.2961 4.1029 3.7212 3.9516 4.0350 4.0046 4.0579 4.0083 4.2101 3.4267 
5.6554 5.6444 5.2780 4.9288 4.6945 4.4308 4.3769 4.3844 4.3896 4.1035 4.2404 4.1158 4.0116 4.2146 4.0085 3.9496 3.8902 3.8942 3.9008 3.9956 3.8040 3.8191 3.8395 3.6284 3.8562 3.7651 3.6299 3.5686 3.6643 3.7642 3.8503 3.8224 3.0664 
3.9539 5.2212 4.2504 3.7016 4.0805 3.7578 3.9306 3.2087 3.2825 3.5269 3.7444 3.4942 3.6387 3.5363 2.9858 2.9709 2.8562 2.9138 2.8577 3.3816 3.4081 3.1625 3.3667 3.0647 2.7259 2.5661 3.1761 2.9051 3.0787 2.5652 2.7338 3.4027 1.5808 
4.8838 5.1896 4.7449 4.4301 4.4408 4.2554 4.2573 3.9672 3.8358 2.8694 3.4749 3.3672 3.8326 3.8859 3.3850 3.4679 3.4671 3.4184 3.2356 3.6980 3.5604 3.0235 3.0836 2.3958 3.2707 3.3541 3.4946 3.3898 3.4583 3.2543 3.3105 3.3606 2.1445 
4.6845 4.7168 3.1437 3.9892 3.9545 3.4914 3.2502 3.8739 3.6303 3.2019 2.7436 3.1268 3.5738 3.5584 2.7449 2.6840 1.7940 2.6249 2.6328 3.3974 3.3620 2.8094 2.3631 2.7336 3.0860 3.2222 2.5343 2.6182 2.9661 2.8224 1.6958 2.8544 2.1418 
2.5463 4.2215 3.8155 3.3124 3.6730 3.1644 3.8141 3.6695 3.1297 2.9041 2.5210 2.9448 3.3091 2.9683 2.5219 2.3771 2.9774 2.3102 2.3755 2.7533 3.0465 2.6004 2.1196 2.4301 2.5902 3.0317 3.0482 2.2872 2.6661 2.1065 2.3420 2.3290 0.8817 
3.9779 3.5611 3.4610 3.7211 4.0413 3.0607 3.7956 3.4775 2.6629 3.0033 2.6004 3.5692 2.9421 2.2402 2.5588 2.9595 2.5681 2.8937 2.4366 2.0860 2.6604 3.2690 2.1984 2.5465 2.1330 2.8366 3.0307 2.2176 3.0473 2.5526 2.0421 1.7016 1.2749 
3.5983 3.6190 3.8711 3.5649 3.1874 3.8594 3.5858 3.9303 3.5593 3.6930 3.1083 3.5693 2.2707 3.2035 2.8380 2.1221 2.7005 2.0658 2.7004 3.0293 2.0527 3.2673 2.7117 3.2170 3.0230 3.3060 2.8631 3.0002 2.1971 2.3789 2.4400 1.7815 0.9047 
4.9298 4.1509 4.7854 4.4880 3.7540 3.9243 4.7033 3.9190 4.7191 4.3346 4.2891 4.1326 2.7686 3.5131 3.8734 3.7616 2.2725 3.6824 3.7627 3.3542 2.5496 3.8304 3.8906 3.8747 4.1724 3.2860 3.9434 3.0673 2.7315 3.3344 3.3763 2.2731 2.2531 
4.1066 3.9647 3.5880 3.2849 3.8796 4.1287 3.8705 4.6610 4.6898 4.3691 3.4321 3.7268 3.7323 3.5015 3.2232 3.3374 2.7143 3.2582 3.0979 3.3340 3.4740 3.4109 3.0317 3.9038 4.1236 3.9915 3.1199 3.2640 2.8943 2.1351 2.1686 2.1499 1.4208 
4.6306 4.8512 4.7045 4.4522 4.4444 4.0034 4.0997 3.3209 4.1213 4.4884 4.0596 2.6724 3.7232 3.4475 3.2141 3.0091 2.7696 2.9627 3.0919 3.2552 3.4664 2.3433 3.6737 4.0188 3.5646 2.6698 3.3837 3.1443 3.4547 3.2824 3.2494 3.0026 1.7869 
6.1399 5.7685 5.1235 4.3784 3.0926 3.8163 4.2617 4.0004 4.3996 4.2659 3.4065 3.6967 3.5032 3.7738 3.3699 3.3920 3.3914 3.3251 3.2121 3.5615 3.2541 3.3978 3.0039 3.8086 3.8640 3.4008 3.4957 2.9618 2.0720 3.1743 3.6491 3.9093 3.4865 
4.1988 6.2829 5.6089 5.0855 4.9805 4.7884 4.6492 4.2241 4.3185 3.5000 3.8309 3.6426 3.5583 3.7091 4.0554 3.9088 3.7167 3.8599 3.9394 3.5329 3.3535 3.3407 3.4233 3.0142 3.7782 3.5347 3.8882 3.9308 3.9848 3.9026 4.2061 4.4111 2.8561 
6.1071 5.9312 5.3836 4.7351 3.9331 4.0562 4.3276 4.3051 3.8866 3.9057 4.0852 4.2350 3.6652 3.5621 3.9915 3.4954 3.6853 3.4405 3.8781 3.3972 3.4329 3.8932 3.7039 3.4468 3.3208 3.6433 3.5727 3.2385 3.0127 3.5643 3.9549 4.0116 3.2788 
5.9414 6.1249 5.2297 5.1913 5.0303 4.9020 4.9431 4.6610 4.3277 4.4459 4.5902 4.6487 4.4950 3.9933 4.4929 4.2989 4.3493 4.2524 4.3748 3.8334 4.2676 4.3114 4.2115 3.9899 3.8003 3.9899 4.2319 4.0401 3.9980 3.9903 3.7995 4.2777 3.1070 
6.0704 6.0656 5.6665 5.1989 4.7649 4.7668 4.7964 4.9037 4.5982 4.4333 4.3292 4.4201 4.2326 4.2182 4.1342 4.0247 4.2397 3.9730 3.9964 3.9977 3.9502 4.1030 3.9332 3.9767 4.0221 4.2852 4.0441 3.9008 3.7699 3.9914 4.2457 4.2418 3.5017 
5.9599 6.1447 5.1780 4.6499 4.4417 4.3775 3.9989 4.1329 3.4450 3.9465 3.9428 4.2258 4.0220 3.8699 3.8760 3.7076 3.8190 3.6326 3.7697 3.6743 3.8095 3.8873 3.5566 3.4882 2.9379 3.4932 3.2714 3.5077 3.4504 3.4415 3.6914 4.3041 3.3183 
4.6556 5.0002 4.7051 4.3772 4.4461 3.6958 4.0244 3.5328 4.2924 3.9772 3.6533 2.9127 3.5670 3.7480 3.4502 3.5120 3.5190 3.4554 3.3472 3.5433 3.3564 2.5628 3.2740 3.5132 3.7508 2.9253 3.3111 2.8180 3.4602 3.1931 3.2483 3.1437 1.8917 
5.4426 5.4724 4.2686 3.8505 3.7193 3.6483 3.9192 4.1122 4.1280 4.0829 3.8822 4.0880 3.9265 3.9380 2.9855 3.7426 3.5448 3.6660 2.8561 3.7752 3.6726 3.8035 3.4870 3.6107 3.5664 3.4770 3.1724 2.7987 2.7166 2.6427 2.7749 3.5892 2.8103 
3.0035 4.8840 2.9958 3.4406 3.8574 3.9644 3.7132 3.0847 3.1302 3.8390 3.7092 3.2428 3.3530 3.3125 2.7598 2.2732 2.4962 2.2212 2.6437 3.1109 3.0716 2.9552 3.3266 3.3838 2.5997 2.4764 2.9773 3.1036 2.8578 2.2249 1.6562 3.0537 0.2199 
4.4196 4.6795 4.2614 4.0013 4.0352 3.8181 2.8567 3.9837 4.0180 3.0080 3.3515 3.2756 2.8524 3.2154 3.2321 2.3454 3.0858 2.2815 3.1076 3.0386 2.5932 2.9711 2.9578 2.5557 3.4806 3.3774 2.1509 2.9571 3.0399 2.8435 2.7937 2.8005 1.6874 
3.1986 4.1937 3.8427 3.5517 3.8008 3.0405 4.0354 3.8803 2.8463 3.0717 3.4659 2.9731 3.5340 2.9738 3.1268 2.8387 2.3243 2.7604 3.0150 2.7578 3.2977 2.6350 3.0723 2.6084 2.2710 3.2305 3.3216 2.1851 2.7573 2.3790 2.3757 2.3308 0.7751 
3.7140 3.9060 3.5097 3.3204 3.8751 3.7737 3.2250 3.6167 3.5646 3.5165 3.3853 3.0036 3.2361 3.4356 3.0038 2.6999 3.1991 2.6480 2.8882 3.2423 2.9954 2.6771 2.9824 3.0540 3.0323 2.9961 2.5039 2.9145 2.8775 2.1293 2.0882 2.0840 1.1252 
4.1985 4.1010 3.2176 3.2313 2.5564 3.6528 3.5269 3.4975 3.8512 3.1845 3.2895 3.0518 2.3659 1.8487 2.9875 2.8851 1.3361 2.8060 2.8624 1.6917 2.1312 2.7165 2.9152 2.7089 3.3009 2.8798 2.7794 2.7951 1.5539 2.0741 1.7571 2.2266 1.4117 
3.9301 3.6215 3.6862 3.4009 3.4991 3.7530 3.9931 3.8475 3.2678 3.1522 2.9464 3.1707 3.0248 2.2178 2.2676 2.4437 2.1872 2.3692 2.1567 2.0528 2.7612 2.8757 2.5471 2.6956 2.7039 3.1809 3.2626 2.8974 2.5233 2.1922 2.2450 1.7961 1.2852 
3.5317 4.8128 4.6695 4.7526 4.3275 4.2933 4.7696 4.4804 5.5328 5.9922 4.9911 4.3470 4.7202 4.3510 4.4667 4.0536 4.1629 3.9922 4.3534 4.1764 4.4448 4.0079 4.6008 5.5364 4.9547 3.8554 4.0090 3.4358 3.3287 3.5610 3.1887 2.9803 1.4611 
4.1239 3.8337 3.4243 3.6807 2.9973 3.5371 3.6544 4.1828 3.9910 4.3841 3.8347 2.8244 2.4920 3.8730 3.0244 3.3259 3.6500 3.2510 2.9368 3.6810 2.2500 2.5254 3.4348 3.9219 3.4520 3.5240 2.9355 2.6752 2.0232 2.5203 1.9970 1.9261 1.3727 
2.7292 3.4233 3.3779 2.8623 3.6679 3.4954 3.8110 4.1151 4.4604 4.7216 4.1699 3.6105 3.0806 3.4554 3.5414 2.9598 2.7279 2.9022 3.4296 3.2678 2.8456 3.3090 3.7934 4.2638 3.9260 3.4734 3.0464 2.6318 2.6605 1.6730 1.9042 1.5723 -0.0796 
4.1329 3.6137 3.4836 3.2263 3.3021 3.3915 4.1004 4.4137 4.8532 4.3393 3.8096 3.6208 3.8338 3.0659 3.4900 3.3868 2.7937 3.3110 3.3937 2.8942 3.5604 3.3459 3.4185 3.8783 4.3144 3.8050 3.3840 2.5418 2.2722 2.0560 2.0660 1.7333 1.4091 
3.3660 2.9143 3.3710 3.7037 3.7593 3.1437 3.9987 4.7548 4.8884 4.4586 3.8934 3.5420 3.3884 3.8223 3.6895 3.5271 2.2722 3.4691 3.5599 3.6053 3.1105 3.2234 3.4966 3.9933 4.3507 4.1170 3.2831 2.3024 2.7249 2.5348 1.8927 1.0923 0.6134 
3.4140 3.0000 2.9998 3.7226 2.4987 3.6602 3.8462 4.3486 4.1367 4.8290 3.5491 3.9090 3.5047 3.5624 3.0712 3.2069 2.7753 3.1385 2.9678 3.4013 3.2542 3.5730 3.1416 4.3651 3.5734 3.7174 3.0788 2.8049 1.4047 2.5444 1.5904 1.2023 0.7652 
3.8393 3.3534 3.2482 3.3164 3.3667 3.4036 3.0360 3.6422 4.6440 3.8916 3.7039 3.5977 3.7884 3.7073 3.2693 3.4252 3.4272 3.3811 3.1304 3.5130 3.5104 3.3037 3.3188 3.4340 4.0664 3.0189 2.2706 2.5379 2.3128 2.1214 1.7802 1.4416 1.0090 
2.4244 3.6713 3.0978 2.5215 3.7247 3.8619 4.2567 4.3769 4.1072 4.5484 3.6491 3.4770 2.9848 2.8333 3.2367 2.9262 3.0634 2.8466 3.1144 2.6406 2.7021 3.1453 3.2626 4.0761 3.5588 3.7526 3.4945 3.0030 2.7047 1.2850 1.6707 1.8346 -0.2909 
4.8485 4.7334 4.0504 4.0622 3.8681 3.6615 3.5187 4.2772 4.4437 3.8489 2.6463 2.8598 3.1419 2.8526 1.4829 2.3408 2.2265 2.2761 1.3506 2.6527 2.9313 2.5519 2.2613 3.3904 3.9081 3.6194 2.7635 2.8042 2.8648 2.8954 2.6170 2.8929 2.2555 
4.8126 5.9478 5.0822 4.7631 4.5655 4.3440 4.0825 4.2243 4.8021 4.3511 4.1868 3.9944 4.2972 3.9164 3.9026 3.9365 3.8344 3.8825 3.8071 3.7410 4.0267 3.6840 3.8086 3.8881 4.2725 3.5638 3.3666 3.4827 3.5533 3.5661 3.5723 4.0740 1.9672 
4.7439 5.7934 5.7642 5.5037 5.2385 5.0750 5.1124 4.8524 5.0683 4.6904 4.7128 4.6623 4.5667 4.6784 4.5390 4.5087 4.4601 4.4394 4.4129 4.4560 4.3160 4.3209 4.3161 4.2372 4.4888 4.2462 4.3465 4.2145 4.2569 4.3025 4.3421 3.9601 1.9369 
4.8847 5.9418 4.5054 4.4040 4.3641 4.2367 4.3614 5.3326 4.4519 3.8523 3.8190 3.6775 2.9461 3.5706 3.6189 3.2033 3.1598 3.1330 3.5024 3.4090 2.6736 3.3800 3.4160 3.3864 3.9036 4.7161 3.6382 3.3851 3.3922 3.2497 3.1778 4.0664 2.5856 
5.5889 6.0392 5.4145 4.7057 4.6304 4.6196 4.9688 5.1972 4.5087 4.0920 3.4607 3.3705 3.4184 3.8247 3.7275 3.4628 3.5044 3.4141 3.5810 3.6103 3.1491 3.0259 3.0769 3.6234 3.9581 4.5583 4.2533 3.7672 3.5980 3.5073 3.9591 4.2041 2.9786 
5.6115 5.7995 5.2675 4.6990 4.3853 4.2741 4.6239 4.8273 4.7824 3.6224 3.1432 2.9438 3.4385 3.4781 3.0115 3.0020 1.3618 2.9559 2.8947 3.2979 3.1736 2.6092 2.7564 3.1440 4.2552 4.2146 3.8750 3.4171 3.4091 3.5021 3.8393 3.9399 2.7640 
4.9614 5.7876 4.7344 4.3382 4.1683 3.8011 4.3564 4.4096 4.2451 4.3158 4.0679 3.9484 4.0816 3.9952 3.9315 3.7091 3.6079 3.6352 3.8290 3.8348 3.8476 3.6216 3.6839 3.8551 3.6706 3.7987 3.6060 2.9590 3.1520 3.1440 3.2380 3.9357 2.6996 
5.2810 5.7989 5.6222 4.9634 4.7583 4.6397 4.8094 4.6993 4.7695 4.3602 4.3031 4.3415 4.3223 3.6895 3.9815 3.9907 3.9781 3.9327 3.8701 3.5005 4.0589 4.0103 3.9068 3.8980 4.2451 4.0305 4.0640 3.7728 3.7682 3.8045 4.1909 3.9584 2.7894 
4.8960 4.9723 5.3157 5.1330 4.9002 4.7069 4.2877 5.1082 4.6030 4.4155 4.3866 4.3174 4.2838 4.1032 4.2563 4.2246 4.1442 4.1442 4.1122 3.9198 4.0062 3.9900 3.9930 3.9521 4.0231 4.4316 3.5325 3.8466 3.9083 3.9299 3.9043 3.1379 2.1864 
5.0555 5.5447 4.3138 3.3046 3.8489 4.0163 4.5742 4.7140 4.5674 4.2660 3.7120 3.5413 3.5371 4.1003 3.6128 3.3820 3.3818 3.3067 3.4969 3.9156 3.3007 3.2232 3.3369 3.8090 4.0004 4.0514 3.8407 3.1433 2.8139 2.1324 2.8601 3.6613 2.6458 
4.8512 5.8121 5.3825 4.7682 4.5901 4.3868 3.9037 4.8282 4.7554 4.3368 4.2723 4.2609 3.6473 4.4077 4.1833 3.9744 3.9608 3.9164 4.0317 4.2501 3.4108 3.9224 3.8738 3.8741 4.2286 4.2192 3.1328 3.5231 3.5645 3.5733 3.9319 3.9640 1.3422 
5.7145 5.7237 5.7243 5.2840 5.0155 4.9149 4.8677 4.8294 4.9856 4.6930 4.2797 3.8653 3.6682 4.1104 4.0683 4.0216 4.0190 3.9688 3.9484 3.9258 3.4262 3.5299 3.8788 4.2309 4.4268 4.2130 4.1485 4.0551 3.9941 4.0966 4.3057 3.8906 3.0105 
5.4957 5.2758 4.5091 4.5886 4.4212 4.2954 4.2917 4.3339 4.8187 4.0766 3.6700 3.5210 3.8412 3.2911 3.5675 3.3629 3.3367 3.2779 3.4631 3.0819 3.5636 3.2048 3.2956 3.5980 4.2846 3.7078 3.5346 3.4395 3.4392 3.4223 3.1138 3.4334 2.9410 
5.1416 6.0441 5.0812 4.8268 4.6769 4.6007 4.6923 4.0162 4.5861 4.3365 4.3964 4.3445 3.4463 4.3509 3.8247 3.7653 3.6415 3.6867 3.6812 4.1805 3.1817 4.0129 3.9973 3.8784 4.0152 3.3995 3.9295 3.7393 3.6404 3.6345 3.5670 4.2047 1.6738 
5.5672 5.9566 5.8923 5.4597 5.1785 5.0583 5.0303 5.0374 4.9394 4.7136 4.8586 4.6463 4.5125 4.3745 4.2653 4.2448 4.1983 4.1709 4.1285 4.2099 4.2802 4.3094 4.4688 4.2557 4.3928 4.3824 4.2884 4.1986 4.1856 4.2750 4.4289 4.0802 2.7245 
4.9955 5.6499 4.6950 4.5939 4.4146 4.2885 4.2469 4.2805 4.4768 4.6821 3.9980 3.8424 3.9880 3.9272 3.7761 2.8614 3.0434 2.7529 3.6220 3.7566 3.7587 3.5165 3.6124 4.2113 3.9398 3.6381 3.4641 3.4293 3.4305 3.4337 3.3512 3.8155 2.7188 
6.0624 6.2251 5.4616 4.6949 4.4133 4.2974 4.3987 4.3089 3.7094 4.4754 3.8848 3.5685 3.3756 3.9596 3.8200 3.3892 3.4997 3.3226 3.6710 3.8065 3.0981 3.2622 3.4856 4.0061 3.1514 3.6551 3.6579 3.4369 3.4204 3.4824 3.9816 4.3733 3.3816 
5.8823 5.6311 5.6263 5.3094 5.1107 4.8629 4.5029 4.9950 4.7685 4.7838 4.8401 4.6395 4.5808 4.4316 4.5573 4.4722 4.4289 4.4177 4.4246 4.2747 4.3250 4.3059 4.4396 4.3259 4.2441 4.3521 3.8079 4.0017 4.0776 4.1481 4.2160 3.8088 3.2204 
6.2985 6.4220 5.7644 5.0948 4.7307 4.6750 4.4134 4.0209 4.1806 4.3920 4.4177 4.0162 3.8628 4.1058 4.0185 3.8380 4.0595 3.7846 3.9077 3.9214 3.5919 3.7150 4.0172 3.9302 3.6097 3.4202 3.6657 3.8080 3.7193 3.8720 4.3234 4.5525 3.6155 
6.3904 6.2976 6.2802 5.8199 5.5535 5.3141 5.4408 5.3901 5.1633 5.1812 5.1154 4.9755 4.9319 4.9434 4.7918 4.7948 4.7668 4.7410 4.6907 4.7637 4.7037 4.6802 4.7142 4.7230 4.6238 4.7552 4.7095 4.4532 4.5285 4.6670 4.8346 4.4323 3.6465 
6.5560 6.6898 6.3229 5.7195 5.0880 3.7000 4.9861 4.8105 4.8791 4.8245 4.4243 3.9400 3.8338 4.3013 4.3580 4.3083 4.1797 4.2609 4.2586 4.1149 3.5678 3.6101 4.0207 4.3561 4.3413 4.1903 4.2648 2.6896 4.0186 4.5227 4.8572 4.8390 3.9144 
6.2565 6.2501 6.5356 6.1283 5.8067 5.6683 5.5788 5.3757 5.3323 5.2836 5.1135 5.1609 5.0200 4.8485 5.1123 4.9990 4.9265 4.9251 4.9642 4.6880 4.7610 4.8303 4.7130 4.8176 4.7931 4.7451 4.8217 4.8075 4.8034 4.9441 5.1240 4.4232 3.6043 
6.3490 6.7526 6.5396 6.1217 5.9497 5.6757 5.6465 5.5661 5.4834 5.4352 5.3259 5.2956 5.2235 5.1656 5.1664 5.1388 5.1123 5.0895 5.0538 4.9731 4.9737 4.9956 4.9424 4.9609 4.9078 4.8994 4.8938 4.8124 4.9069 4.9288 5.1233 4.8797 3.5619 
5.7726 6.2407 6.1629 5.3746 5.1505 5.0282 4.6564 4.7592 4.7702 4.7028 4.6264 4.5042 4.2898 4.6128 4.0978 4.2485 4.2210 4.1766 3.9738 4.4069 4.0201 4.2149 4.2425 4.2475 4.2472 4.1195 3.8883 4.1794 4.1344 4.1930 4.7596 4.3930 2.7315 
6.3326 6.1812 4.4420 5.5065 5.1639 5.1576 4.9385 4.7931 4.7061 4.5477 4.3866 4.4346 4.2618 4.3735 4.3454 4.2913 4.2861 4.2457 4.2475 4.2128 3.9883 4.1342 3.9936 4.0736 4.1514 4.1665 4.2302 4.2953 4.1636 4.3027 3.1100 4.3406 3.7442 
6.1710 6.6680 6.3379 5.9724 5.2015 5.5020 5.3463 5.0970 4.9555 5.1313 5.0296 4.6407 4.4429 4.7248 4.7386 4.6987 4.6416 4.6424 4.6282 4.5268 4.2342 4.3058 4.6523 4.6750 4.4073 4.4220 4.6314 4.6428 4.2111 4.7579 4.8619 4.8223 3.7246 
6.4734 5.7523 6.2625 6.0445 5.6157 5.3985 5.4095 5.2453 5.2622 5.1890 4.8741 4.8590 4.7534 4.7963 4.7840 4.7928 4.7616 4.7395 4.6850 4.6316 4.4904 4.5528 4.4880 4.7279 4.7265 4.6291 4.6879 4.5405 4.6232 4.8533 4.8272 3.9299 3.8276 
5.8588 6.3005 4.6114 4.5655 4.9619 4.9749 4.7515 4.4409 4.4572 4.5156 4.5429 4.3678 4.3736 4.2817 4.1990 4.3289 4.2553 4.2793 4.0470 4.0778 4.1290 4.0425 4.1628 4.0448 3.9197 3.8333 3.9945 4.1143 3.9533 3.3703 3.1768 4.4255 3.0558 
5.2897 6.2454 6.0322 5.3915 4.9871 4.7503 4.4474 4.8631 4.6824 4.3757 4.6573 4.6503 4.4677 4.4243 4.3189 4.3148 4.4130 4.2667 4.2152 4.2640 4.2505 4.3123 4.2620 3.9121 4.1089 4.2581 3.7375 3.8838 3.9766 4.2203 4.5919 4.4055 2.9344 
5.9829 4.6565 5.8426 5.7057 5.2787 5.1313 4.8617 4.8812 4.8626 4.8466 4.6629 4.6422 4.5528 4.4277 4.4236 4.3845 4.2778 4.3286 4.3121 4.2690 4.3048 4.3082 4.2637 4.3808 4.3309 4.2736 4.1316 4.2718 4.2881 4.5238 4.4101 2.9134 3.3659 
4.4878 6.0570 4.9235 5.1077 4.7488 4.7338 4.7030 4.3338 4.3171 4.4297 4.2883 4.2621 4.2737 4.0589 4.0110 4.1176 3.9628 4.0450 3.9033 3.8855 3.9969 3.9237 3.8920 3.9728 3.7897 3.6939 3.9432 3.8726 3.7574 3.8974 3.4477 4.2305 1.7021 
6.0821 6.1514 6.0365 5.5721 5.1313 4.9165 4.4901 4.6500 4.7835 4.7400 4.6642 4.5089 4.4976 4.5580 4.5083 4.4225 4.4128 4.3647 4.3873 4.3670 4.2700 4.2205 4.2640 4.2811 4.2573 3.9853 3.7698 4.0551 4.1073 4.3619 4.6019 4.3188 3.5018 
5.9188 5.6147 5.7169 5.4625 5.2635 5.1013 4.9412 4.6364 4.6945 4.6801 4.6335 4.6662 4.6782 4.5784 4.4675 4.5113 4.3646 4.4414 4.3551 4.3817 4.3994 4.3234 4.2493 4.2125 4.1355 3.9783 4.2271 4.2400 4.2781 4.2875 4.3108 3.7390 3.3940 
4.7218 5.9856 5.5924 5.1540 5.0050 4.8227 4.6568 4.8714 4.6814 4.5748 4.4658 4.3743 4.3031 4.2797 4.2581 4.2626 4.0489 4.2018 4.1162 4.0744 4.0333 4.0491 4.0821 4.1000 4.1105 4.2647 3.8939 3.9631 3.9911 3.9649 4.1406 4.1314 2.4045 
5.9186 5.2965 4.6237 4.6555 4.3806 4.0346 4.3419 4.1490 4.0416 3.8490 3.8580 3.7419 3.8388 3.8060 3.3888 3.2973 3.5923 3.2236 3.2370 3.5764 3.5630 3.4223 3.4604 3.3918 3.5007 3.5005 3.5886 3.1818 3.4002 3.4502 3.1812 3.4380 3.2521 
4.5759 5.1752 5.0058 4.4235 4.2960 4.2423 4.0298 3.9266 3.8957 3.7595 3.8305 3.6972 3.7502 3.6537 3.6643 3.5480 3.3752 3.4892 3.5402 3.4733 3.4843 3.3959 3.4311 3.2834 3.3744 3.2982 3.3124 3.3806 3.2910 3.2316 3.5519 3.3464 2.1303 
4.0408 5.0495 4.4935 3.9789 3.9166 3.9331 3.2990 3.6487 3.5312 3.1569 2.9558 3.1728 3.2768 3.1759 3.2202 3.3213 2.5221 3.2433 3.0990 3.0080 3.0246 2.8791 2.5556 2.6974 2.9966 3.0221 2.5532 3.0749 2.9437 2.8010 3.0488 3.1681 -0.2021 
3.6881 3.8881 4.0308 3.6409 3.2038 2.9942 2.8959 2.8654 2.8290 3.1161 2.4782 2.0923 2.5945 2.5861 1.9305 2.3719 2.7978 2.3031 1.8152 2.3950 2.3348 1.7446 2.0916 2.6508 2.2723 2.2116 2.1473 2.1275 2.2011 2.4721 2.6087 2.0789 1.0891 
2.3702 3.5097 2.8424 3.2392 3.4170 3.1725 3.3412 2.8006 2.5156 2.9057 3.4123 3.3888 3.5732 2.7997 2.6239 2.7849 3.1956 2.7154 2.5259 2.6112 3.3608 3.0488 3.0150 2.4328 1.9338 2.1700 2.5825 2.3117 2.4061 2.0876 1.3906 1.6749 0.0706 
3.5607 4.1346 4.4703 4.0611 3.3620 3.2763 4.3419 4.0570 3.9903 3.9103 3.7203 3.8090 3.9718 3.4701 3.9681 3.9097 3.4290 3.8580 3.8588 3.2995 3.7343 3.4649 3.3439 3.4519 3.4527 3.4357 3.5871 2.4190 2.3132 2.8928 3.0480 2.2747 0.7571 
3.7046 3.9149 3.2163 3.2128 3.5403 4.3465 4.6359 3.9764 2.6426 3.8953 1.9819 3.1998 3.5741 2.9232 3.4401 3.1221 3.4087 3.0639 3.3251 2.6987 3.3620 2.9058 1.6827 3.4341 2.0596 3.3702 3.8790 3.4885 2.5499 2.0580 1.7757 2.1047 1.0561 
