6.7925 6.2711 6.0737 5.8617 5.6100 5.4793 5.3783 5.2569 4.8401 5.1585 5.2494 5.0267 4.9520 4.9541 4.9010 4.8165 4.7487 4.7350 4.7571 4.7586 4.6744 4.6872 4.8541 4.6663 4.2309 4.5685 4.5848 4.5756 4.5590 4.6081 4.5621 4.2786 3.9781 
6.6675 6.2380 5.8512 5.3242 4.9456 4.4585 4.3673 4.5529 4.5220 4.4017 4.7998 4.4533 4.1622 4.0423 3.9087 3.8531 3.7732 3.7768 3.7527 3.8438 3.9286 4.1000 4.4070 3.9091 3.9731 3.9031 3.5765 3.5503 3.9044 4.0550 4.3446 4.2292 3.7999 
6.0149 5.9346 5.9019 5.4357 5.0676 5.0589 5.0719 4.5666 4.5394 4.4454 4.5925 4.4839 4.4261 4.4072 4.2497 4.3057 4.2319 4.2289 4.1231 4.1697 4.1323 4.1373 4.1732 3.9675 3.9874 3.9127 4.3089 4.1580 4.0311 4.1764 4.4243 4.0134 3.2391 
4.7361 4.3382 4.9419 4.0264 3.9841 3.5804 3.9250 3.7255 3.2652 3.5208 3.1842 2.5215 3.0049 3.0759 2.9838 2.9819 3.1579 2.9008 2.8266 2.8414 2.7205 2.1875 2.7696 3.0230 2.7039 3.0846 3.1321 2.6661 2.8935 2.7572 3.4449 2.3361 1.9981 
4.2969 5.0652 3.7370 3.2093 2.7460 2.6319 2.8237 2.9949 2.7179 2.7645 2.3369 2.8344 2.7284 1.6628 2.3447 2.7385 2.7073 2.6804 2.2217 1.4647 2.4628 2.5145 1.9050 2.2917 2.1642 2.3018 2.0299 1.7743 1.6018 1.8573 2.3070 3.1184 0.8133 
5.1720 5.0256 4.1151 3.7174 3.7538 3.6621 3.3792 2.9914 2.9508 2.6205 2.2239 2.7973 2.9618 2.9929 2.0851 2.3546 1.7581 2.2982 1.9302 2.7794 2.6951 2.4658 1.8057 2.1312 2.3577 2.3011 2.6231 2.7563 2.7092 2.4802 2.6230 3.0874 2.3516 
4.4681 4.5965 3.5409 3.5241 3.3969 3.3922 2.3422 3.1426 2.7744 2.6008 2.7217 3.0075 2.6278 2.7139 2.2464 2.6190 2.6491 2.5460 2.1357 2.5247 2.3422 2.6668 2.3051 2.1009 2.2083 2.4686 1.5555 2.4832 2.3364 2.2594 1.9995 2.6644 1.7078 
4.9858 3.8450 4.1713 3.5587 3.6054 3.2814 3.5232 3.5728 3.1395 3.2484 3.3139 2.6662 2.9877 2.7490 2.8614 2.6099 2.6116 2.5242 2.7409 2.5803 2.7134 2.3171 2.9113 2.7622 2.5823 2.8844 2.7204 2.3817 2.5723 2.2929 2.6865 1.7984 2.1989 
3.3102 4.0753 4.0026 2.8870 2.8728 2.6286 2.8696 2.3614 2.4522 2.2753 2.6085 2.1932 1.8599 1.3522 2.1756 2.5182 1.7763 2.4386 2.0294 1.1563 1.5986 1.8387 2.1840 1.7901 1.8711 1.7247 2.1204 1.7158 1.8352 1.6452 2.4742 2.1666 0.1528 
3.7395 4.5221 3.9861 3.1618 3.7506 3.2111 1.8679 2.2954 3.2641 3.0646 2.0868 2.4425 2.8617 2.6592 2.3338 2.7809 2.3629 2.7203 2.2213 2.4460 2.6302 2.1437 1.6983 2.5637 2.7062 1.6277 1.0522 2.3042 2.7081 1.9281 2.4277 2.6096 0.5964 
4.2014 5.4346 5.6092 5.1998 4.6697 4.8964 4.4516 3.9725 3.9757 3.2579 3.5563 3.0222 3.6620 3.6720 3.7230 3.5411 3.5669 3.4803 3.6097 3.5137 3.4103 2.6802 3.1361 2.7643 3.3711 3.2613 3.6435 3.9915 3.6231 3.9808 4.1032 3.5362 1.5386 
6.0462 5.7983 5.2222 4.9332 4.5490 4.5293 4.5707 4.5077 4.2297 4.1247 4.1793 4.1320 4.1254 4.0684 3.9758 3.9847 3.8611 3.9159 3.8179 3.8818 3.8741 3.7956 3.7760 3.6384 3.6592 3.8333 3.7864 3.6255 3.5196 3.6733 3.6896 3.8075 3.2091 
4.9089 5.4331 6.7886 5.9641 5.7101 5.8646 5.3469 5.3423 5.2943 4.9390 5.0496 4.9775 4.9464 4.8696 4.8995 4.8070 4.7961 4.7265 4.7548 4.6293 4.6668 4.6279 4.6296 4.4579 4.6867 4.6332 4.5465 4.9599 4.6256 4.7038 5.3120 3.5811 2.5860 
6.2490 5.8403 6.4742 5.4426 5.2746 5.3239 4.6543 4.1340 3.9853 5.0770 4.7051 4.4463 4.3258 4.2173 4.1088 4.1426 4.0814 4.0815 3.9990 4.0378 4.0563 4.0901 4.3037 4.5982 3.3746 3.4876 3.8913 4.4133 4.1718 4.1515 4.9800 3.9138 3.3214 
4.8373 6.2041 6.4925 5.5495 4.7280 5.4529 4.7270 4.6165 4.5956 4.6628 4.2391 4.1435 4.1076 3.7455 3.9508 3.9499 3.8890 3.8658 3.7857 3.5715 3.8462 3.7997 3.8225 4.1666 4.0383 3.9823 3.9698 4.5439 3.6405 4.2860 4.9871 4.2790 2.4590 
6.0096 6.6893 6.9866 6.6673 6.4175 6.1020 5.7658 4.9492 3.6095 5.5200 5.4667 5.3705 5.2358 5.1358 5.0337 5.0125 4.9994 4.9553 4.9204 4.9536 4.9654 5.0191 5.0557 5.0357 3.0667 4.2737 4.9624 5.1979 5.3768 5.3951 5.4764 4.7299 3.5155 
5.8169 5.8593 6.7687 6.0994 5.7657 5.3365 5.7683 5.2328 4.6399 5.3493 5.0917 5.0297 4.9521 4.9025 4.8149 4.8069 4.7602 4.7261 4.6575 4.6805 4.6738 4.6914 4.6881 4.8706 4.0811 4.5518 4.9621 4.4380 4.6678 4.8640 5.2836 3.8459 3.0897 
6.3863 5.5883 6.4907 5.8091 5.4101 4.0710 5.2833 5.1333 5.2349 4.7944 4.4082 4.4798 4.4075 4.4118 4.3180 4.3426 4.2646 4.2628 4.1689 4.1738 4.1151 4.1359 3.9964 4.2993 4.6349 4.4779 4.4889 3.2035 4.3649 4.5209 4.9885 3.5066 3.4961 
5.8475 6.3687 6.2628 4.9186 4.9766 4.5530 4.7006 4.6150 4.7728 4.6116 4.5760 4.4735 4.3962 4.3127 4.3281 4.2674 4.2616 4.1938 4.1760 4.1096 4.1057 4.1247 4.1625 4.1239 4.1788 3.9799 3.9575 3.6764 3.9396 3.7145 4.7229 4.4616 3.0578 
6.3703 6.1927 6.2640 5.7878 5.4340 5.1205 4.6765 4.5315 4.6371 4.8070 4.6467 4.5559 4.4829 4.4877 4.4161 4.3710 4.3205 4.2891 4.2513 4.2850 4.1984 4.2127 4.2430 4.3071 4.0747 3.8664 3.9254 4.2132 4.4000 4.5094 4.7362 4.2207 3.6297 
5.8261 6.0754 5.6540 5.0287 4.5791 4.5803 4.2616 4.2270 4.2829 4.1586 3.9837 3.8843 3.8119 3.8567 3.8269 3.7554 3.7051 3.6988 3.6943 3.6544 3.5646 3.5531 3.5623 3.6703 3.7032 3.5757 3.5107 3.6740 3.5421 3.7704 4.1314 4.1345 3.0103 
4.6272 5.2130 5.2302 4.3621 4.0604 3.9411 3.4673 3.5692 3.3953 3.5377 3.5632 3.1784 3.1912 3.3650 3.1770 2.9586 3.0358 2.8809 3.0744 3.1731 2.9307 2.8325 3.1463 3.0577 2.8062 2.8786 2.6734 3.0290 3.0149 3.0979 3.6974 3.2633 1.2920 
4.6334 4.5466 4.7262 3.6223 3.3808 3.4676 3.0867 2.3068 3.3065 3.1639 2.8073 2.0884 2.3008 2.7147 2.8208 2.4922 1.9591 2.4121 2.7085 2.5302 2.0476 1.7527 2.3941 2.6792 2.7403 1.6288 2.2874 2.5625 2.3134 2.3383 3.2270 2.6032 1.9543 
3.6558 4.4366 4.4070 3.2822 1.9891 3.4933 2.6959 2.5985 2.6903 1.4518 1.8386 2.0186 1.5965 1.8439 2.4771 2.4023 0.9255 2.3447 2.3480 1.6899 1.3510 1.7209 1.4424 0.9949 2.1381 1.8973 1.9043 2.5905 0.9156 2.0280 2.8503 2.4814 1.1602 
4.8371 4.0559 4.7863 4.1242 3.6042 3.5142 3.6273 3.4554 3.5652 3.0582 2.9280 2.9255 2.8057 3.1951 3.0216 2.7400 2.5590 2.6836 2.8601 3.0231 2.5743 2.6168 2.5305 2.5531 2.9900 2.7663 2.8322 2.6119 2.5560 2.8584 3.2604 2.0669 2.0182 
4.9030 4.2562 5.0795 5.1407 4.1645 2.0623 3.6176 2.6654 3.2634 3.4132 3.2659 3.0143 2.6568 1.5022 2.7416 2.6389 1.7970 2.5840 2.6369 1.2954 2.3587 2.6662 2.8692 2.9090 2.7101 2.0044 2.8216 1.1545 3.1239 3.9219 3.5987 2.2924 2.0237 
4.4740 4.6344 4.8710 4.2978 3.9974 3.6451 2.8424 3.2093 3.2868 3.2532 3.0857 2.8757 2.7679 2.7033 2.2330 2.7962 2.7685 2.7340 2.1034 2.5070 2.5079 2.5631 2.6620 2.7585 2.7183 2.5441 2.1015 2.7305 2.9108 3.0882 3.3154 2.7180 1.6310 
4.9860 4.6457 4.4911 3.2249 4.1244 3.5253 3.2893 3.6095 2.4164 3.0068 3.1547 2.2528 3.0726 2.7631 3.0559 2.9323 2.7161 2.8555 2.8920 2.5968 2.7803 1.9050 2.7445 2.5135 1.8597 2.9427 2.5442 2.6194 3.0867 2.0515 2.9715 2.6805 2.1232 
4.9900 4.6618 4.0528 3.5590 3.8828 3.9793 3.6119 3.2857 2.9276 2.8756 2.8862 2.1197 2.7820 2.7964 2.3207 1.7134 1.1108 1.6335 2.2046 2.6267 2.5365 1.7774 2.4832 2.3869 2.3466 2.6464 2.8116 3.0764 2.8104 2.3063 2.5605 2.7120 2.1991 
4.8338 5.3263 4.4436 4.7730 4.6841 4.4942 4.2609 4.2521 4.1617 4.0089 4.0855 3.9965 3.9093 3.9787 3.7989 3.7123 3.7612 3.6558 3.6713 3.7467 3.6293 3.6427 3.6735 3.5313 3.5964 3.5932 3.5157 3.5883 3.6403 3.5463 2.9081 3.3747 2.0709 
6.7531 6.4840 6.0376 5.8714 5.7321 5.5339 5.4056 5.3080 5.1919 5.0740 4.9180 4.8916 4.8117 4.7546 4.6779 4.6211 4.5928 4.5673 4.5556 4.5539 4.5325 4.5350 4.5001 4.5947 4.6114 4.6066 4.6144 4.6303 4.6454 4.6151 4.5368 4.5307 3.9376 
5.9302 6.7124 6.5655 5.9733 4.5014 4.4636 3.6347 4.1689 3.5920 4.2299 4.4621 3.8773 3.6692 3.6437 3.4454 3.2602 2.9082 3.2000 3.2821 3.4656 3.4096 3.5441 4.0424 3.7420 3.0696 3.5300 2.9002 3.5463 3.4556 4.7215 5.0444 4.7690 2.9529 
4.6205 6.3211 6.3270 5.8758 5.4499 5.3437 5.1589 5.0677 5.0372 4.9355 4.8169 4.7325 4.6788 4.6227 4.6095 4.5760 4.5590 4.5173 4.4909 4.4581 4.4446 4.4266 4.4198 4.4551 4.4763 4.4310 4.4153 4.4389 4.4224 4.6258 4.8477 4.3878 2.7635 
6.4194 6.3627 5.9295 4.9899 4.1655 3.5872 3.7547 3.5777 3.2629 3.5490 4.0709 3.5458 3.3547 3.2311 3.4130 3.2551 3.1706 3.1902 3.2689 3.0697 3.1118 3.1894 3.6735 3.0911 2.7724 2.9071 3.0274 2.7613 3.1114 3.7107 4.4571 4.4213 3.5172 
5.6497 5.9818 5.5065 4.7806 4.7808 4.6748 4.6537 4.6075 4.5279 4.3366 4.5170 4.1627 4.1612 4.1676 4.1431 4.0409 4.0679 3.9910 4.0269 4.0016 3.9251 3.8391 4.1036 3.8402 3.9782 3.9697 3.9044 3.7752 3.7116 3.5366 4.0027 4.0563 3.0640 
5.9628 6.2827 5.2670 4.5177 4.8766 4.5281 4.3832 4.5048 4.3590 4.2310 4.0048 4.0863 4.0500 3.9792 3.9284 3.8819 3.9796 3.8030 3.7691 3.7464 3.7731 3.7405 3.5864 3.7377 3.7560 3.8301 3.5890 3.6225 3.7858 3.2531 3.7039 4.3340 3.1195 
6.4931 6.0003 5.8913 5.5613 5.3634 5.0759 4.8735 4.6424 4.5086 4.3204 4.3808 4.1737 4.1042 4.0446 4.0699 4.0289 4.0732 3.9803 3.9691 3.8467 3.8447 3.8584 3.9760 3.8218 3.9557 3.9996 4.0646 4.1703 4.2928 4.3419 4.4160 4.0513 3.7019 
3.5966 6.3534 6.1075 5.3972 5.4309 5.1727 5.0086 4.9758 4.8872 4.9784 4.8870 4.6215 4.6139 4.5806 4.5443 4.4950 4.4552 4.4447 4.4386 4.4193 4.3781 4.3046 4.4659 4.4954 4.2898 4.3082 4.2238 4.2669 4.4060 4.1361 4.5864 4.4437 2.1925 
5.8917 6.2739 5.2635 4.9780 4.4963 4.0620 3.9344 3.6238 3.5923 2.7428 3.5170 3.4833 3.2016 3.1880 3.2448 2.8869 3.2007 2.8125 3.1272 3.0087 2.9453 3.1314 3.0913 2.2619 3.0228 2.9463 3.1319 3.1459 3.4370 3.7138 3.6891 4.3263 3.1906 
5.7962 5.4379 5.4742 5.3434 4.8936 4.6917 4.5710 4.4951 4.3044 4.2201 4.1408 4.1464 4.0777 4.0750 4.0611 4.0294 4.0482 3.9810 3.9589 3.8925 3.8118 3.8133 3.7208 3.7285 3.7138 3.8156 3.7892 3.7922 3.8182 4.0802 4.0007 3.5230 3.0872 
5.8774 5.1292 5.1727 4.0360 4.1995 4.4122 4.1538 4.0547 3.9530 3.8525 3.6160 3.8011 3.7241 3.7049 3.5891 3.6402 3.5747 3.5846 3.4750 3.5350 3.5034 3.4993 3.2037 3.3562 3.3448 3.3822 3.3793 3.5123 3.1625 2.8015 3.6638 3.1827 3.0203 
5.0687 5.1723 4.4771 4.1491 4.1901 4.0192 3.6524 3.2200 3.5567 3.3150 3.3360 3.0730 3.0947 3.1476 3.1794 2.9172 3.0856 2.8407 3.0750 2.9535 2.8051 2.7139 2.9365 2.8230 2.9792 2.5803 2.8712 3.1159 3.1487 2.8781 2.8925 3.2274 1.9555 
4.8108 4.7390 4.4212 3.3849 3.3488 3.2753 3.2717 2.7735 3.0825 2.9153 2.1631 2.0031 2.2625 2.5395 2.7036 2.7850 2.5372 2.7223 2.6063 2.3347 1.9840 1.7024 1.7269 2.4127 2.4870 2.1235 2.5198 2.3765 2.3172 2.1603 2.8817 2.7705 1.8823 
4.3411 4.5729 3.9185 3.6024 3.2493 3.4427 3.2831 2.8465 2.7697 1.8868 2.7846 2.8184 2.3920 2.3408 2.7489 2.6815 2.6204 2.6308 2.6413 2.1724 2.1647 2.5038 2.3659 1.3924 2.2081 2.2002 2.5279 2.5392 2.2106 2.3449 2.3567 2.6489 1.7098 
3.7862 3.8134 3.9899 3.1244 1.8330 2.0502 2.7695 2.6564 3.0025 2.8099 2.6516 1.1027 2.2546 2.3713 1.7697 2.2682 1.8424 2.2134 1.6520 2.2014 1.9821 0.7978 2.2335 2.3267 2.3988 1.9591 1.9941 1.0996 0.8222 1.8437 2.4559 1.8837 0.9612 
4.5790 4.9538 5.1568 3.3209 4.2914 3.5956 4.1857 3.2985 3.5230 3.5824 3.9423 3.4982 3.6066 3.2354 3.3671 3.0111 1.8622 2.9263 3.2384 3.0715 3.3316 3.1442 3.5318 3.1022 2.9200 2.6583 3.4322 2.6947 3.2320 2.1335 3.6519 3.0342 1.5201 
4.5432 4.3865 4.7284 4.0157 3.9642 3.9330 3.1870 3.2568 2.7162 3.5590 2.8306 3.0453 3.0255 3.2063 3.4997 3.0629 3.0606 2.9698 3.3363 3.0350 2.7374 2.6819 2.4377 3.0783 2.1596 2.6164 2.3879 3.0232 2.8642 2.7403 3.2255 2.3589 1.7886 
4.1167 4.4836 3.3591 3.9688 3.9751 3.8611 3.5989 3.4462 3.0450 2.8528 3.6368 3.1524 2.8871 2.2369 0.9509 1.9622 1.1884 1.8966 0.8604 2.0427 2.6424 2.8059 3.2254 2.3709 2.4333 2.7564 2.8052 2.9560 2.8895 2.7013 1.8404 2.5454 1.2485 
5.2371 4.8684 4.4176 3.5967 3.7129 3.4577 3.2641 0.9899 2.2178 3.2065 3.5537 2.7930 2.0106 2.7573 2.8106 2.6423 1.6045 2.5837 2.6990 2.5936 1.7586 2.4557 3.1373 2.7192 1.6205 0.3779 2.5036 2.5491 2.6833 2.3218 2.8717 2.8711 2.4219 
5.9729 6.2632 6.2300 5.7853 5.4517 5.3498 5.1834 5.0624 4.9899 4.9353 4.8235 4.7746 4.7264 4.6599 4.6333 4.5995 4.5539 4.5382 4.5198 4.4844 4.4752 4.4507 4.4241 4.4539 4.4376 4.4231 4.4310 4.4449 4.4259 4.5119 4.6814 4.3120 3.0949 
6.5225 6.1090 5.8242 5.5549 5.3008 5.1625 4.7940 4.7755 4.8004 4.6138 4.6142 4.4411 4.3428 4.3273 4.3595 4.3010 4.3880 4.2247 4.2032 4.1210 4.0694 4.0844 4.1999 4.1297 4.1999 4.0981 4.0179 4.2592 4.2162 4.3478 4.3005 4.1390 3.6811 
5.7085 6.5695 6.5338 6.1661 5.3915 4.1883 4.9044 4.2416 4.6101 4.8981 4.6097 3.6552 3.1785 3.5666 3.1625 2.7466 2.8855 2.6613 3.0746 3.3546 2.9027 3.3121 4.1879 4.4177 4.0435 3.5704 4.1020 3.3139 4.3226 4.9144 5.0220 4.6212 2.5703 
4.8339 5.8712 5.9364 5.5880 4.9524 4.9781 4.8159 4.5305 4.4560 4.4738 4.5546 4.3658 4.1644 4.1444 4.0646 4.0472 3.9807 3.9964 3.9628 3.9783 3.9305 4.0247 4.1436 3.9957 3.8722 3.8636 4.0331 4.0725 3.9385 4.3658 4.4534 3.9687 0.5970 
5.9724 5.0187 6.1266 4.9750 4.1516 5.0187 4.9879 4.7326 4.5866 4.4251 4.6515 4.4862 4.4392 4.3130 4.2207 4.2032 4.1604 4.1468 4.0996 4.1086 4.1506 4.1400 4.2481 3.9364 4.0242 4.0643 4.1981 4.1186 3.0741 3.7116 4.6120 3.0780 3.2469 
5.8060 4.6699 5.6228 4.4250 4.8883 3.1871 3.9082 3.5802 3.5440 3.9787 3.5600 3.6623 3.1540 3.2580 3.2077 3.0538 3.1978 2.9663 3.0968 3.0910 2.8797 3.3200 3.1553 3.4773 2.9818 2.8918 3.1364 2.1350 3.8049 3.2289 4.1138 2.7633 3.0563 
6.0980 5.1626 5.0911 4.7873 4.4311 3.7726 3.6772 3.5483 3.2953 3.4369 3.2618 3.2491 3.3484 3.1038 3.3124 3.3831 3.2563 3.3057 3.1896 2.8857 3.1031 2.9133 2.8487 2.9306 2.7235 2.8427 2.8939 2.8458 3.3412 3.5404 3.5919 3.1347 3.2552 
5.7311 5.0521 5.4241 4.9149 4.7739 4.5441 4.3277 4.1238 4.0520 4.0920 4.0331 3.9162 3.9784 3.8214 3.6787 3.7021 3.5823 3.6400 3.5648 3.6273 3.6866 3.5732 3.6180 3.6076 3.5014 3.4782 3.5544 3.6410 3.7081 3.6463 3.9475 3.1224 2.9119 
4.6488 5.7513 5.4862 4.7530 4.5891 4.4819 4.2227 4.2054 4.1607 3.7969 4.0359 3.8413 3.9154 3.9707 3.7902 3.6948 3.7020 3.6337 3.6643 3.7332 3.6346 3.5283 3.6207 3.3031 3.5948 3.5596 3.4711 3.5749 3.5569 3.5267 3.9938 3.7941 1.7390 
5.4642 5.7394 4.5707 4.5121 4.8753 4.5452 4.4123 4.3090 4.2476 4.0838 4.0208 3.9782 3.9780 3.9611 3.7857 3.7783 3.8312 3.7125 3.6609 3.7219 3.6862 3.6200 3.6043 3.5989 3.6750 3.6331 3.6081 3.6403 3.7887 3.2574 3.1147 3.7600 2.6880 
6.2477 5.8003 5.5609 5.0678 5.1104 4.9754 4.8457 4.6730 4.6121 4.5500 4.4857 4.3693 4.3754 4.3513 4.2768 4.2663 4.1675 4.1921 4.1453 4.1386 4.0914 4.0264 4.0695 4.0650 4.0469 4.0223 4.0470 4.0706 4.0717 3.8289 4.0671 3.8068 3.4284 
6.1728 5.8067 5.6751 5.3615 5.1611 5.0098 4.9008 4.6731 4.4756 4.3236 4.2789 4.2583 4.2346 4.1473 4.1640 4.1473 4.1253 4.0861 4.0490 3.9802 3.9974 3.9565 3.8807 3.8258 3.9035 4.0214 4.1008 4.1060 4.1074 4.1003 4.1559 3.8347 3.3589 
4.1586 5.7421 5.4423 4.9399 4.7225 4.6312 4.5979 4.3683 4.3173 4.2971 4.1499 4.0181 4.0135 3.9873 3.9718 3.9668 3.9590 3.8827 3.8120 3.7591 3.7238 3.6683 3.7299 3.8006 3.7215 3.6753 3.8214 3.7304 3.6680 3.6803 3.9613 3.7835 1.7805 
4.9035 5.8590 5.4512 4.2593 4.6025 4.1051 3.8947 4.1643 3.9826 3.7068 3.5136 3.5438 3.5305 3.4900 3.5236 3.3153 3.5509 3.2541 3.3703 3.2593 3.2435 3.1910 3.0875 3.2202 3.3856 3.5283 3.1231 3.2136 3.5677 3.0617 3.9834 3.9259 2.5467 
6.0482 5.4428 5.2988 3.7657 4.3382 4.3346 4.0549 3.9025 4.0172 3.8743 3.8793 3.9677 3.7758 3.7497 3.7003 3.6209 3.6324 3.5672 3.5826 3.5756 3.5408 3.6071 3.4874 3.3780 3.4455 3.2192 3.2606 3.4349 3.2695 2.3952 3.7671 3.5001 3.2876 
6.0003 5.7623 4.1967 4.0681 4.6446 3.8801 3.9312 3.4908 3.1927 2.9539 3.2539 3.2282 2.8975 3.1350 3.1792 3.0909 3.1434 3.0288 3.0771 2.9357 2.6614 2.8928 2.8413 2.4751 2.6405 2.7835 3.1424 2.9709 3.6116 2.8097 2.6540 3.7652 3.2424 
5.0538 5.1997 5.3733 4.9744 4.6833 4.4405 4.4076 4.3248 4.2389 4.1641 4.1182 4.0724 4.0436 4.0033 3.9837 3.9663 3.9703 3.8819 3.8325 3.7845 3.7655 3.7232 3.7075 3.6811 3.6688 3.6455 3.6063 3.5367 3.6398 3.7149 3.8626 3.2625 2.2478 
5.5172 5.5456 5.0934 4.2606 4.5966 4.3223 4.3666 4.1715 4.0407 4.0500 3.9661 3.8442 3.9162 3.8014 3.7902 3.7080 3.7848 3.6488 3.6652 3.6127 3.6347 3.5320 3.5442 3.5686 3.4844 3.5361 3.5803 3.4191 3.5652 3.0683 3.6299 3.6067 2.8606 
5.1389 6.4242 6.2378 5.7310 4.9918 5.0551 5.0335 4.7541 4.7277 4.6190 4.4954 4.5034 4.4716 4.4461 4.3806 4.3032 4.3009 4.2264 4.2207 4.2217 4.1830 4.1596 4.0805 4.1373 4.1504 4.0789 4.2521 4.1528 3.9662 4.4714 4.6869 4.5001 2.8212 
4.9260 5.8681 5.6625 5.5091 4.6184 4.6170 4.5590 4.4914 4.3508 4.2453 4.2261 4.1953 4.0874 4.0170 4.0015 3.9630 3.9461 3.8787 3.8612 3.8052 3.8231 3.8840 3.8253 3.7512 3.7488 3.8090 3.7746 3.7130 3.5756 4.2598 4.1481 3.9593 1.8014 
6.0239 5.5606 5.7384 5.4599 5.2767 5.1636 4.9789 4.7634 4.5946 4.5852 4.5402 4.4715 4.5075 4.4588 4.4369 4.3603 4.2369 4.2790 4.2853 4.2416 4.2334 4.1234 4.1292 4.0990 4.0320 4.0864 4.1857 4.2625 4.1996 4.2124 4.1996 3.6409 3.1952 
5.7100 5.1029 4.1369 4.5724 2.9571 2.5986 3.2461 3.1508 2.7096 3.0623 2.7757 2.5768 2.6613 2.1888 2.4420 2.0860 1.7044 1.9998 2.3169 1.9858 2.3758 2.2155 2.3516 2.5523 2.1640 2.4819 2.4677 1.7687 2.0092 3.3254 2.6995 3.2123 2.8937 
4.7433 5.8871 5.3833 3.0328 4.4716 4.5030 4.5043 4.0964 4.0172 3.9740 3.9765 3.8518 3.7311 3.7695 3.6293 3.7670 3.6817 3.7073 3.5255 3.5896 3.5131 3.5349 3.5559 3.4802 3.4413 3.4382 3.7110 3.5982 3.4036 1.9615 3.8543 3.9747 2.3085 
5.9340 5.9712 5.5453 5.2308 5.0179 4.9793 4.8752 4.6727 4.6128 4.5670 4.5301 4.4641 4.3936 4.3319 4.3013 4.2396 4.1645 4.1688 4.1616 4.1237 4.1038 4.1129 4.1178 4.0810 4.0480 4.0218 4.0683 4.0755 3.9867 3.9985 4.0439 4.0358 3.0824 
6.2510 5.6818 5.5038 4.9648 4.7052 4.6323 4.5218 4.4254 4.2675 4.2061 4.2259 4.2323 4.0988 4.0208 4.0480 3.9847 3.9872 3.9161 3.9376 3.8110 3.8387 3.9274 3.8254 3.7161 3.6918 3.7146 3.7292 3.7311 3.6552 3.7077 4.0111 3.6940 3.4158 
4.8263 6.3077 5.9546 5.0799 4.6132 4.6337 4.3982 4.2629 4.2425 4.2830 4.1113 4.0447 3.9483 3.9937 3.9524 3.9450 3.9058 3.8621 3.7890 3.7697 3.6570 3.7003 3.7008 3.7868 3.6706 3.5995 3.5954 3.7277 3.5784 3.8288 4.4553 4.3941 0.4710 
5.4748 5.9352 5.2715 4.5587 4.4053 4.1491 4.2702 4.0493 3.8609 3.8023 3.7495 3.7821 3.7371 3.7146 3.7234 3.6212 3.4569 3.5676 3.6104 3.5495 3.5166 3.4802 3.3473 3.3115 3.2669 3.3708 3.5252 3.2437 3.3308 3.3005 3.7246 4.0114 2.7656 
6.1235 5.6396 5.8747 5.2404 4.4237 4.6849 4.5312 4.1297 4.2069 4.1061 4.0865 4.0741 3.9489 3.8408 3.7300 3.8203 3.8453 3.7466 3.6159 3.6427 3.6554 3.7244 3.6757 3.6207 3.6422 3.4879 3.7371 3.7873 3.3709 3.9958 4.3888 3.6929 3.2625 
5.8295 5.0751 5.3679 4.3963 4.4075 3.7494 3.9465 3.3253 2.7581 2.9718 2.6891 2.9224 2.6611 2.2891 2.1926 2.3479 2.4933 2.2613 2.0731 2.0815 2.3475 2.6330 2.2775 2.4750 2.1610 2.6691 3.1520 2.8430 3.3011 3.1115 3.8492 3.1139 2.9839 
4.6343 5.6441 5.5253 4.5499 4.4202 4.5600 4.3261 4.2638 4.1351 4.0188 3.9919 3.9900 3.8787 3.8149 3.8098 3.7505 3.7361 3.6945 3.6807 3.6234 3.6086 3.6345 3.5730 3.5387 3.5730 3.5998 3.5530 3.6526 3.3194 3.2582 4.0368 3.6986 2.1539 
6.0219 5.9719 5.3321 5.2584 5.0248 4.6398 4.5616 4.5137 4.4316 4.3902 4.3719 4.2721 4.2324 4.1505 4.0974 4.0942 4.1010 4.0388 3.9906 3.9825 3.9961 3.9692 3.9726 3.8903 3.8327 3.8429 3.7781 3.7340 3.9954 4.0137 3.7776 4.0362 3.2003 
6.2778 5.6889 5.3658 5.2379 4.9985 4.9129 4.7715 4.6452 4.5648 4.5110 4.3773 4.4201 4.2520 4.2109 4.1927 4.1886 4.1370 4.1338 4.0774 4.0340 4.0087 4.0587 3.9749 4.0279 4.0072 4.0026 4.0023 4.0089 3.9722 4.0022 3.8519 3.6949 3.4913 
4.0232 6.2389 6.0334 5.7131 4.8007 4.9108 4.8898 4.5338 4.4713 4.5172 4.2265 4.1458 4.1856 4.1648 4.1789 4.0375 4.0672 3.9877 4.0655 3.9978 3.9663 3.8126 3.8225 4.0336 3.8983 3.8677 4.0851 4.0086 3.7106 4.4612 4.5320 4.2794 1.7047 
5.3560 5.9830 5.6021 4.9206 4.3467 4.1503 4.0900 4.0547 3.7408 3.0729 3.8309 3.1088 3.2965 3.1082 3.2880 3.2043 3.4666 3.1474 3.1763 2.8881 3.0759 2.7432 3.4358 2.5649 3.1817 3.3780 3.3173 3.2452 3.2808 3.6649 4.0869 4.0655 2.6875 
6.1060 5.3386 5.9540 5.1345 4.6160 4.8236 4.6874 4.0340 4.3264 4.2284 3.9865 3.9305 4.0409 4.0565 3.9554 3.9664 3.9831 3.8829 3.7916 3.8648 3.7634 3.5805 3.5651 3.7340 3.7293 3.3416 3.9372 3.9256 3.5909 3.8959 4.4655 3.3937 3.2941 
5.8632 5.2401 5.2846 4.6532 3.7458 3.9916 4.0573 4.1635 3.8023 3.5304 3.7667 3.2942 3.6822 3.5741 3.3927 3.3465 3.0154 3.2705 3.2543 3.3653 3.4363 2.9986 3.3642 3.0515 3.2315 3.5244 3.2811 3.0962 2.7074 3.4837 3.7453 3.2447 3.0154 
4.5063 5.7578 5.1169 4.3409 4.5899 4.1955 4.0354 3.8584 3.9889 3.9200 3.8355 3.8419 3.7764 3.8465 3.7138 3.6376 3.6051 3.5824 3.5997 3.6465 3.5414 3.5292 3.4385 3.4207 3.3958 3.1796 3.2426 3.2842 3.5484 3.0853 3.6063 3.7765 -0.0332 
6.0437 5.9570 5.4159 5.1981 4.9166 4.8430 4.6289 4.5400 4.5261 4.4388 4.3206 4.3020 4.2011 4.0860 4.0994 4.0954 4.0103 4.0392 3.9924 3.9073 3.9759 3.9858 3.9253 3.9548 3.9758 3.8797 3.8719 3.9404 3.8497 3.9764 3.9267 4.0185 3.2375 
6.3595 5.8034 5.3725 5.0993 4.7158 4.3633 3.7353 3.2838 3.3632 3.3121 2.6311 3.2179 3.1025 2.9696 3.1783 2.7802 2.2072 2.7145 3.0745 2.7601 2.8120 2.8797 2.2009 2.8182 2.7893 2.6371 2.9744 3.4561 3.6583 3.8786 3.8521 3.8017 3.5642 
5.5013 6.3026 5.8863 5.1294 5.0724 4.8320 4.8993 4.6942 4.7066 4.4977 4.3833 4.4449 4.3875 4.3051 4.2609 4.2183 4.1754 4.1592 4.1324 4.1032 4.0997 4.0901 3.9784 4.0144 4.1328 4.0373 4.0992 3.9294 4.0384 3.9005 4.3899 4.3813 2.4862 
5.6704 6.0258 5.0696 4.6931 4.2299 3.6399 3.7187 3.1118 2.7701 2.8042 3.1305 3.1594 2.9258 2.8995 2.8093 2.6126 0.1283 2.5222 2.6900 2.7143 2.6729 2.8182 2.7351 2.2872 2.2441 2.4278 2.9732 2.7599 3.1941 3.4856 3.5616 4.0892 3.0816 
6.1017 5.5149 5.5744 4.6172 4.5635 4.5128 4.4828 4.3362 4.2606 4.1608 4.1620 4.0411 3.9773 3.8996 3.9453 3.8958 3.8830 3.8157 3.7837 3.6868 3.6850 3.6975 3.7491 3.6753 3.6871 3.6531 3.6936 3.6120 3.5395 3.3809 4.0738 3.5771 3.2158 
5.7181 5.2859 5.0668 4.9736 4.5918 4.4392 4.2545 4.2128 4.1156 4.0190 4.0004 3.9474 3.8585 3.8428 3.7616 3.7900 3.7156 3.7184 3.6436 3.6430 3.5959 3.5933 3.5826 3.5399 3.5586 3.5658 3.5153 3.5367 3.5602 3.7305 3.5883 3.2706 2.8124 
3.2546 5.0371 4.9179 4.7572 4.4669 4.3576 4.2170 4.1648 4.0090 3.9518 3.8664 3.8974 3.6850 3.7240 3.5708 3.5444 3.5617 3.4861 3.4448 3.5572 3.4376 3.5619 3.4718 3.4512 3.4293 3.5284 3.4687 3.4548 3.4074 3.5319 3.3986 3.1178 1.1474 
4.4520 5.0496 4.8897 4.8737 4.6863 4.1828 3.9738 4.5856 4.8055 4.7588 4.6096 4.5880 4.5116 4.3066 4.0112 3.6815 3.7472 3.6215 3.8761 4.1042 4.2380 4.2523 4.1908 4.2608 4.2045 3.9463 3.1773 3.2721 3.6373 3.6066 3.3497 3.1275 1.8074 
5.5164 5.4510 4.5474 4.4959 4.3373 3.9832 4.0336 3.9518 3.8153 4.2387 4.3436 2.9046 3.0095 3.3359 3.2741 3.6082 3.6311 3.5566 3.1634 3.1506 2.7311 2.5850 3.9473 3.7467 3.2376 3.2491 3.2424 3.0760 3.2600 3.2379 3.0555 3.5215 2.6853 
5.7160 5.3758 4.6821 4.5205 4.4336 4.3157 4.1106 3.5165 3.1387 4.6426 4.2094 3.7126 3.7633 3.7933 3.7161 3.6459 3.5967 3.5894 3.6036 3.6070 3.5350 3.3934 3.8053 4.1606 2.5759 2.8016 3.3209 3.4091 3.3493 3.2621 3.1827 3.4020 2.8958 
6.1267 5.5638 5.1511 4.7201 4.1452 3.9136 4.0177 4.2925 4.0688 4.7792 4.2527 3.9351 3.7711 3.6647 3.5169 3.5738 3.5145 3.5255 3.3536 3.5013 3.5373 3.5860 3.8481 4.2819 3.5239 3.6191 3.2292 3.0068 3.1047 3.4975 3.6477 3.6096 3.3237 
5.9512 6.4593 5.9199 5.2553 5.0421 4.9358 5.0952 4.6272 4.5648 3.9845 4.2740 4.2158 4.3239 4.1721 4.1918 4.0710 4.0257 4.0174 4.0762 4.0063 4.0561 3.9105 3.8768 3.4829 4.0084 3.9853 4.3414 4.0314 4.0062 4.0094 4.4246 4.5319 3.0491 
5.7831 6.1998 5.3987 4.8288 4.4208 4.1214 4.3598 3.7080 3.5649 2.2801 3.6674 3.6132 3.5171 3.4877 3.5813 3.3766 3.5318 3.3019 3.4630 3.2580 3.2180 3.2629 3.2553 1.8219 2.9715 3.0685 3.5752 3.2199 3.3305 3.5751 3.8664 4.2233 3.1478 
