3.2269 2.5103 1.7378 1.7083 1.1527 1.1967 1.3939 1.1141 1.1242 0.7057 1.0598 0.7036 0.6298 1.0020 1.0280 0.8235 0.8510 0.7422 0.9096 0.7838 0.3730 0.3916 0.6444 0.2089 0.5443 0.4589 0.5836 0.2834 0.1038 0.4793 0.2014 0.5206 0.3406 
1.2848 1.5760 0.5292 1.5640 1.5083 1.2934 1.1290 0.4961 1.4561 0.7221 0.2378 1.2168 0.8809 0.6984 0.3630 1.1369 0.2735 1.0763 0.2168 0.5305 0.5961 0.9062 -0.2007 0.2253 0.8646 -0.2302 0.3327 0.3684 0.4622 0.2918 -0.9811 -0.4054 -2.0377 
3.3694 2.5781 1.8491 1.5021 1.6616 1.0348 1.3010 1.4279 1.3073 1.3284 0.6106 1.3393 1.3424 0.5254 1.5472 1.2474 0.3229 1.1695 1.4412 0.2996 1.0624 1.0055 0.1894 0.8248 0.7064 0.7066 0.5309 0.1189 0.6074 0.2329 0.2781 0.5633 0.5138 
2.8547 1.5640 1.6027 1.0941 0.7461 1.3566 1.4604 1.1094 1.3735 1.1722 0.6777 1.5823 1.3603 1.1173 0.9974 0.9378 0.3401 0.8583 0.8491 0.9588 1.0721 1.2413 0.2470 0.6847 0.7632 0.4427 0.6446 0.4553 -0.3518 -0.2078 0.1139 -0.2807 -0.0474 
3.3304 2.4609 1.8469 1.6715 1.0592 1.3886 0.7953 1.4310 0.9457 1.5812 0.9067 1.1758 -0.0132 1.0400 0.5575 1.0813 0.5082 1.0227 0.4352 0.8348 -0.3173 0.8559 0.4970 1.0865 0.3251 0.7084 0.0402 0.4732 0.0035 0.4209 0.2445 0.4050 0.4370 
2.2618 2.5819 2.1590 2.2567 1.4799 1.4774 1.4886 1.2038 1.6059 1.0899 1.1871 1.0952 0.9504 1.3584 1.0516 0.9423 -0.3169 0.8552 0.9427 1.1410 0.6498 0.7491 0.7740 0.5964 1.0305 0.5453 0.6882 0.5515 0.4002 0.9937 0.6269 0.6103 -0.7791 
2.4119 2.4868 2.1399 1.0751 1.9861 1.6238 1.1470 1.8578 0.5234 1.5472 1.6048 1.6851 1.6378 1.0657 0.9334 0.7593 0.2735 0.6983 0.7700 0.8776 1.4110 1.3727 1.1767 1.0571 -0.0935 1.1434 0.3396 0.7008 0.9351 -0.1667 0.6038 0.5207 -0.5560 
3.1260 1.9027 0.0851 1.4716 1.3015 1.5690 1.7757 1.7476 1.7980 1.3482 1.0412 1.4120 1.2121 0.5114 1.0063 0.7099 0.9867 0.6569 0.8740 0.2882 0.9784 1.0490 0.6245 0.8409 1.1867 1.0640 0.9922 0.6448 0.2015 0.1832 -1.6583 -0.2677 0.2225 
3.4691 2.5748 2.2066 1.8909 0.7420 1.0533 1.6195 1.3074 1.5745 1.6968 -1.6064 1.4926 0.3168 1.6133 1.4269 0.9108 0.8109 0.8248 1.2643 1.4410 0.0639 1.1423 -1.7912 1.1941 1.0090 0.6211 0.8387 0.1219 -0.2883 0.5933 0.6483 0.5370 0.5925 
2.2165 2.3045 1.6494 1.6136 1.8178 1.4441 1.1402 1.3902 1.6832 0.7030 1.1890 1.7449 1.6200 1.5400 1.5045 1.5581 1.4119 1.4978 1.3918 1.3501 1.3806 1.4307 0.7840 0.2299 1.1018 0.6920 0.3360 0.5147 0.7170 0.3799 0.1423 0.3567 -0.8259 
3.3652 2.9642 1.8199 1.9317 2.1643 1.9390 2.0726 1.4660 1.8978 0.8727 0.7778 1.4593 0.6008 0.4624 0.6464 0.9065 1.3153 0.8234 0.5338 0.2322 0.3207 1.1012 0.3768 0.3542 1.2912 0.7604 1.2841 1.0187 1.0942 0.6408 0.2346 0.9791 0.5085 
2.0851 1.7072 1.6860 0.9451 1.2373 1.2009 1.4566 1.1559 1.5824 1.2637 1.0097 1.4267 0.7516 1.1612 1.4168 1.4665 1.0854 1.4178 1.2514 0.9904 0.5206 1.0589 0.5811 0.7633 1.0102 0.5073 0.6461 0.2779 0.1709 -0.3257 0.1733 -0.2272 -0.8045 
2.5488 2.5738 1.5634 1.9610 1.8619 1.1451 1.1901 1.4586 1.1968 1.0377 0.3124 1.9380 1.7200 1.3005 1.1594 1.1336 1.3077 1.0705 1.0409 1.0963 1.4670 1.5857 -0.0740 0.5440 0.6206 0.7509 0.4174 0.2268 0.7462 0.6878 0.0538 0.5998 -0.3134 
2.8813 1.8045 1.3461 1.4785 1.3690 1.9110 1.9080 1.2927 1.3044 0.2606 1.0131 0.7048 1.6678 1.1634 1.5975 1.2617 1.4206 1.1856 1.4793 0.9958 1.4361 0.4003 0.5940 -0.2176 0.6991 0.6118 1.0894 0.9937 0.2783 0.2109 -0.1889 -0.2449 0.0170 
0.9968 2.3777 1.5883 1.2013 0.2244 1.5462 1.9957 1.1443 1.5585 1.8932 1.6601 0.9297 1.5581 1.6061 1.2161 1.4015 1.1939 1.3122 1.0953 1.4352 1.2985 0.5669 1.2466 1.3973 0.9947 0.4907 1.1916 0.6353 -0.8094 -0.0232 0.0703 0.4127 -1.4037 
3.0506 2.5891 1.9431 1.6029 1.5890 1.4670 0.6468 1.1584 1.3056 0.9846 1.4834 1.1562 0.7278 0.1872 0.6983 1.2770 0.2413 1.2002 0.5853 0.0088 0.5034 0.8168 1.0614 0.4881 0.7012 0.5120 -0.1531 0.5439 0.5330 0.3523 0.3966 0.6006 0.2310 
3.8159 3.7096 3.4668 3.4596 3.4682 3.4006 3.3550 3.3047 3.3645 3.3100 3.2518 3.0490 3.1167 3.0644 3.0845 3.0401 3.0150 2.9833 2.9567 2.8812 2.8606 2.7344 2.8273 2.8213 2.8061 2.5954 2.5462 2.4796 2.4147 2.1964 1.9475 1.6766 0.8662 
1.4833 2.4975 3.3431 2.1228 2.4054 2.9982 2.6939 2.2939 2.3352 2.5627 2.2929 2.7259 2.6117 2.6563 2.9257 2.7399 2.2655 2.6573 2.8191 2.4603 2.3707 2.3870 1.8842 2.0762 1.7147 1.5897 1.9104 2.0790 1.3427 0.9111 1.8126 0.5882 -1.5870 
2.2358 2.7248 2.7080 3.0165 2.7626 3.1386 2.9135 2.0490 2.4724 2.0902 2.0959 1.9096 2.4780 1.7946 1.6255 1.7554 0.1858 1.6768 1.5135 1.5745 2.2150 1.5467 1.6922 1.5968 1.9094 1.3782 2.1105 2.2187 1.6638 1.7680 1.1546 0.7176 -0.7328 
0.2046 2.8713 3.6958 3.2792 3.0048 1.9119 1.5807 1.4218 1.2009 2.4556 2.0790 2.1740 1.5271 1.4720 1.1378 1.8126 1.5771 1.7300 1.0246 1.2585 1.2566 1.8638 1.6583 1.9637 0.6302 0.7024 0.7839 0.9932 1.9512 1.9818 2.1290 0.8453 -0.8733 
2.9986 2.1902 2.7847 2.7116 1.9412 1.9083 2.0004 1.1400 1.6229 1.4768 0.8417 1.5179 1.4232 0.3199 0.6257 1.0843 0.7228 1.0246 0.5246 0.1160 1.1198 1.1648 0.4566 0.9899 1.0503 0.4733 1.1891 0.9832 0.8768 1.4499 1.2321 0.2701 0.0903 
1.8743 3.0848 2.1173 2.1333 1.7796 1.9287 1.7274 2.0775 1.9082 1.0295 1.1437 1.1691 1.1611 0.9837 1.7511 1.4637 1.6822 1.4200 1.6148 0.7697 0.9367 0.8432 0.7138 0.5498 1.3047 1.4279 0.9683 1.0085 0.7053 0.8999 0.5544 1.1235 -0.9968 
3.1163 3.3059 3.1508 2.3280 2.2692 2.4604 1.9348 2.1505 1.9388 1.9389 1.5458 1.9112 1.1963 1.9055 2.2155 1.5693 1.1653 1.5113 2.0768 1.6788 0.9717 1.5493 1.1332 1.4465 1.3601 1.4842 1.1268 1.5407 1.1756 1.0218 1.6015 1.3230 0.1824 
2.9850 1.9542 2.4075 2.0249 2.2676 1.5364 1.3741 1.8647 1.5026 1.6619 1.8263 1.0422 0.8722 1.1145 1.2695 1.4228 1.8615 1.3451 1.1394 0.9488 0.5961 0.6815 1.4222 1.1634 0.9489 1.1531 0.5760 0.6218 1.1757 0.7512 0.8599 -0.1021 0.0794 
3.1590 2.8519 2.8754 2.7027 2.4510 2.2610 2.0339 2.0323 1.9273 1.8617 1.1366 1.5131 1.6101 1.7844 1.7427 1.8452 1.7116 1.7627 1.6066 1.5751 1.3650 1.1628 0.7074 1.3469 1.3384 1.3713 1.2369 1.3431 1.4016 1.4502 1.3419 0.8641 0.2374 
3.1736 2.6374 2.9131 2.2733 1.4515 1.8711 2.0693 1.5216 1.8190 1.0719 1.0723 1.2560 0.6860 1.2698 1.7248 1.6158 1.7857 1.5540 1.5937 1.0746 0.4266 0.9506 0.6538 0.5731 1.2056 0.8365 1.2816 0.9516 0.3801 1.0119 1.3985 0.6511 0.3206 
3.4394 3.8697 3.6570 3.1955 3.2542 2.8956 2.8335 2.8252 2.5894 2.4622 2.3873 2.4279 2.3841 2.1829 2.3595 2.3912 1.9936 2.3430 2.2048 1.9898 2.0866 2.0778 1.9623 1.9676 2.0124 2.1067 2.0209 1.9739 2.1459 1.9223 2.0934 1.9224 0.7007 
4.9308 4.3305 4.3184 4.7747 4.1392 3.9843 3.8394 3.7212 3.5399 3.4486 3.5511 3.4706 3.3961 3.3578 3.2987 3.2729 3.2148 3.1949 3.1562 3.1636 3.1315 3.1498 3.1443 2.9549 2.9587 3.0007 3.0346 3.0675 3.0429 3.5000 2.8169 2.3369 2.0235 
4.9685 4.6974 5.3452 4.8819 3.7687 3.5715 3.4248 3.2811 3.1572 2.5936 3.2510 3.0042 2.9063 2.8624 2.9392 2.8541 2.8510 2.8062 2.8302 2.6520 2.6325 2.6782 2.8284 2.1008 2.5502 2.5585 2.6249 2.6380 2.6435 3.6161 3.8294 2.7816 2.0229 
3.8306 4.4722 4.8076 4.4167 2.8196 2.9506 2.3903 2.0427 2.1349 1.6969 2.2409 2.1560 2.0245 1.8066 1.1362 1.0653 1.0412 1.0161 1.0188 1.5882 1.7609 1.8521 1.8364 1.1998 1.5585 1.3872 1.5747 2.0368 1.6501 3.1829 3.2987 2.4573 1.4362 
3.3414 4.3606 4.4321 4.7361 4.3121 3.5030 3.5040 3.3084 3.1186 2.7652 3.2802 3.1339 3.0048 2.9575 2.8117 2.8832 2.7952 2.8314 2.6506 2.7893 2.7688 2.8161 2.8529 2.2504 2.5272 2.5964 2.7342 2.5743 3.2586 3.4644 2.9164 2.4247 -1.7815 
4.9574 4.6954 4.3182 3.7586 4.4511 4.0091 3.8862 3.7679 3.7171 3.5315 3.5904 3.4846 3.4600 3.3910 3.3991 3.3234 3.3124 3.2741 3.2902 3.2123 3.2171 3.1668 3.1867 3.0301 3.0980 3.0620 3.0931 3.0917 3.3898 2.4708 2.8110 2.6856 2.0583 
4.7961 5.1295 5.1706 5.1783 4.7940 4.6698 4.3963 4.2369 4.1276 4.0061 3.9900 3.9151 3.8543 3.8132 3.7700 3.7314 3.6997 3.6515 3.6340 3.6165 3.5878 3.5770 3.5816 3.5030 3.5137 3.5323 3.6245 3.7483 3.7426 3.8977 3.6344 3.1388 2.0689 
4.7051 4.8936 5.4917 5.6082 5.0864 4.0274 4.0354 3.6990 3.5649 3.8352 3.8442 3.4324 3.4785 3.3619 3.4347 3.3278 3.2716 3.2779 3.3183 3.1696 3.2533 3.0889 3.4233 3.3445 2.9753 2.9868 3.2700 3.1030 3.9680 4.3236 3.9339 2.9576 1.6877 
3.7273 4.5912 4.8819 4.9460 4.2109 3.8644 3.4233 3.3566 3.2509 3.2945 2.8136 2.8702 2.8099 2.6435 2.6159 2.5373 2.5366 2.4754 2.4890 2.4496 2.5096 2.5178 2.3898 2.8057 2.6331 2.6711 2.6228 2.9368 3.1206 3.7090 3.3652 2.5779 1.1970 
4.2645 3.8290 4.9830 4.5590 4.4081 3.8108 3.4392 3.2896 3.0760 2.8976 2.7165 2.8756 2.7928 2.5981 2.6440 2.5408 2.5648 2.4819 2.5133 2.4164 2.4928 2.5271 2.3052 2.4104 2.4958 2.5759 2.6498 2.8867 3.3673 3.3109 3.4295 1.6633 0.9945 
3.2071 3.5574 3.4342 4.0506 3.4358 2.8178 2.4517 2.4430 1.9803 2.4108 2.5602 2.5494 2.4694 2.1807 2.1354 1.8364 1.9301 1.7524 2.0121 1.9860 2.2003 2.2283 2.1524 1.9201 1.4223 1.7605 1.6385 1.8970 2.3755 2.8127 1.9327 1.5668 0.5060 
3.5127 3.7424 3.7559 3.7668 2.4028 2.2419 1.8839 2.0763 2.1857 2.1821 1.4286 1.9411 2.0520 1.8889 1.0678 1.6750 1.6875 1.6172 0.9538 1.6459 1.8010 1.5890 1.0149 1.6787 1.6047 1.4352 1.0686 1.3355 1.2813 2.4871 2.1902 1.7433 0.8683 
4.1589 3.5275 3.3633 2.9885 2.9930 1.9635 1.2465 2.1781 2.2208 1.5825 1.7032 1.6089 1.7246 1.2664 1.7646 1.5460 1.3425 1.4897 1.6202 1.0706 1.4723 1.2714 1.2956 1.0820 1.6208 1.5021 0.5056 1.0194 1.9346 1.7339 1.8345 1.5337 1.2774 
3.8530 2.4609 3.2573 3.0108 2.9365 2.1596 1.9777 1.9266 1.9382 1.5123 2.1726 1.9577 1.8738 1.9251 1.7591 1.6058 1.5665 1.5432 1.6178 1.7064 1.5716 1.6072 1.7638 1.0216 1.3553 1.2184 1.1661 1.2380 1.8893 1.7533 1.6685 0.6853 0.9756 
1.4711 1.6081 2.2041 1.6950 2.6073 2.1447 2.2549 2.1170 1.7659 1.4668 1.6394 1.8983 1.6072 1.6063 1.6153 1.4430 1.7893 1.3768 1.4952 1.4330 1.3592 1.5340 1.2318 0.9766 1.1636 1.4603 1.4669 1.2164 1.5457 0.4218 0.6732 -0.3655 -1.6807 
3.1960 2.9209 2.5599 2.2501 2.4670 2.0257 1.7305 1.6191 1.7644 0.2964 1.2263 1.1510 0.9815 1.4455 1.6036 0.1487 -0.2272 0.0777 1.4844 1.2206 0.6889 0.8091 0.8241 -0.2099 1.1618 0.9682 0.9703 1.0996 1.4237 0.9964 1.0329 0.9529 0.2506 
3.7664 3.2807 2.6716 2.0786 2.2376 0.9219 1.9002 1.2687 0.7575 0.2029 0.8129 1.2344 0.7773 1.6649 1.4687 1.7366 1.3235 1.6602 1.3354 1.4862 0.5402 0.9204 0.4193 -0.3024 0.1841 0.5882 1.0841 0.0327 1.1548 0.8126 1.1279 1.2464 0.9092 
3.7239 3.2201 2.5054 2.4849 2.8731 2.4682 2.1730 2.0912 2.0211 1.8950 1.8126 1.8432 1.9496 1.9091 1.3619 1.3705 0.5157 1.2862 1.1984 1.6803 1.6604 1.4905 1.4080 1.3989 1.4536 1.4460 1.4138 1.5436 1.8071 1.2220 0.9756 1.1770 0.8157 
2.7127 2.4027 2.3532 2.6315 1.7558 1.6386 2.0873 1.7701 1.9052 1.9795 1.4095 1.3734 1.5442 0.8430 1.2920 -0.1549 0.5301 -0.2078 1.1529 0.6442 1.2727 1.0260 0.9790 1.4871 1.3028 1.0793 1.3155 0.7279 0.6811 1.3946 0.8197 0.4838 -0.1839 
3.4147 3.0418 2.6259 1.5840 1.1811 0.9931 1.4325 1.0902 1.3974 1.0730 1.0705 0.5757 0.8033 1.0658 1.1866 1.4517 1.2349 1.3925 1.0739 0.8755 0.5540 0.2344 0.6512 0.5843 0.7817 0.4203 0.6116 0.0725 0.1130 0.3337 1.0836 1.0560 0.5502 
2.1190 2.8141 2.3495 2.3038 2.0502 1.9727 0.3632 1.7218 1.1952 1.1435 1.6816 1.2551 1.0080 1.4406 0.8262 1.5269 0.8337 1.4723 0.6955 1.2074 0.7173 0.9429 1.2741 0.6476 0.6173 1.0471 -0.3806 1.0491 0.9995 1.0219 0.7676 0.8047 -1.1325 
3.0554 2.2125 1.8238 2.0308 1.6383 1.0601 1.7854 1.6190 0.3001 0.9680 1.2985 0.8395 0.4058 1.1027 0.5803 1.2728 0.8342 1.1983 0.4664 0.9351 0.1383 0.5147 0.8958 0.4712 -0.2793 0.9673 1.0037 0.1621 0.5802 0.7690 0.2446 0.1414 0.1550 
0.9767 1.8043 2.2007 1.9781 1.6226 1.0779 1.5033 1.3015 1.9830 1.9060 1.6445 0.3577 1.0503 1.4523 0.7567 0.9921 1.6329 0.9284 0.6380 1.2262 0.7737 0.0469 1.2311 1.4173 1.4252 0.6222 0.6965 0.1573 0.5666 0.6948 0.6639 -0.1996 -1.4501 
3.2639 2.5766 1.6790 1.6171 1.4070 1.1118 0.8777 1.3017 1.4197 1.1245 0.7365 0.5696 1.4615 1.4179 1.3920 1.4766 1.0476 1.4270 1.2327 1.1742 1.1670 0.2298 0.3279 0.6295 0.7988 0.6171 0.0837 0.1762 0.3059 0.3629 0.1422 0.5677 0.3609 
2.6082 2.0349 2.0495 1.7209 2.0203 1.6738 1.6963 0.9291 1.3679 0.1846 1.6234 1.0876 1.4541 0.1269 1.4597 1.4725 0.9313 1.4226 1.3242 -0.0916 1.1596 0.7413 1.2091 -0.3117 0.7481 0.2197 0.9341 0.7479 0.9749 0.5039 0.5333 0.0547 -0.2256 
3.6255 3.0723 2.3798 2.4648 2.0086 1.7538 1.1881 1.8146 1.6423 1.7694 1.7386 1.5168 0.9277 1.5116 1.5088 1.6199 1.6233 1.5605 1.4032 1.3160 0.6271 1.1627 1.3349 1.2631 1.0731 1.1144 0.4206 0.8401 0.9640 1.1851 0.8195 1.0643 0.7193 
4.0990 3.2915 2.8890 2.4924 2.1956 2.4331 2.5139 2.0723 2.0766 1.6733 1.6272 1.4918 1.5099 1.8310 1.7102 1.7697 1.4061 1.6915 1.5807 1.6104 1.2294 1.1385 1.2144 1.1704 1.4995 1.4231 1.7193 1.5132 1.1142 1.2096 1.3471 1.2075 1.1871 
3.3838 2.7160 2.1037 1.9712 2.3315 1.9801 1.5490 1.6580 1.7743 1.3392 1.0755 0.9266 0.8108 0.6708 0.1068 0.6505 1.3378 0.5934 -0.0184 0.5037 0.5558 0.5728 0.6531 0.8341 1.1676 1.0053 0.7447 1.0591 1.2191 0.6958 0.5707 0.6671 0.5213 
2.2902 2.4634 2.4852 0.2242 1.7597 0.9370 0.8803 1.4428 1.8398 1.7408 1.5857 1.7380 1.9318 1.4478 0.8906 1.4469 1.4206 1.3852 0.7401 1.2141 1.6366 1.4282 1.1613 1.2383 1.2243 0.7332 0.0949 -0.0133 0.6833 -1.3538 0.9730 0.5221 -0.6232 
3.7970 2.9487 2.5469 2.0016 1.9451 1.8193 1.5774 1.7472 1.6997 1.6298 1.4072 1.2627 1.0213 0.5596 1.1403 1.2265 0.8226 1.1612 1.0231 0.3532 0.7332 0.9566 0.9844 1.1422 1.1188 1.0643 0.7785 0.8944 0.8636 0.7082 1.0191 0.9160 0.9273 
3.7325 2.7666 2.4712 2.1723 0.7522 1.8898 1.9572 1.4510 1.7179 1.7742 1.7516 1.6055 1.4778 1.1520 1.3413 1.0089 0.5585 0.9627 1.1868 0.9804 1.1874 1.2673 1.3468 1.2670 1.1316 0.7310 1.1510 0.9657 -0.3472 0.9261 0.9491 0.6612 0.8116 
2.6396 2.3887 1.9022 1.9605 1.4640 1.9790 1.6180 1.2324 1.3998 1.2741 1.4829 0.9592 0.9786 1.2112 0.5741 0.9752 0.8321 0.9083 0.4455 1.0305 0.6884 0.5871 1.0604 0.7741 0.7864 0.5669 0.8232 1.0567 0.3765 0.6798 0.3767 0.4813 -0.2755 
2.9063 2.4137 2.0835 1.5371 0.0904 1.9311 1.7359 0.7584 1.4624 1.1169 1.5174 1.2654 0.5766 0.6870 1.3115 0.9297 0.8975 0.8460 1.1628 0.5217 0.2956 0.9596 1.0960 0.6187 0.8730 0.0997 0.9693 1.0114 -0.9293 0.2440 0.5548 0.3875 0.0110 
3.2037 2.6817 1.9941 0.7995 1.4689 1.5904 1.6342 1.4436 1.5846 0.9191 1.2680 0.4846 1.3103 1.1909 0.3367 1.2731 0.6307 1.1970 0.2125 1.0145 1.0423 0.1210 0.8653 0.4100 1.0126 0.7272 0.8676 0.6689 0.3848 -0.4652 0.4680 0.6566 0.2825 
3.7031 2.9049 2.4668 2.1259 1.9460 1.4465 1.3875 1.1791 0.7321 0.8990 1.0798 0.6168 0.0714 0.9807 -0.2165 0.2500 -0.4480 0.1914 -0.3217 0.7531 -0.2041 0.2736 0.6679 0.4096 0.1722 0.5353 0.5771 0.5223 0.8726 0.8764 0.9521 0.8711 0.7925 
2.4794 2.3886 0.5699 1.8898 1.9085 2.0219 1.8979 0.9862 1.5577 0.5908 1.4439 1.0266 0.4289 1.0410 0.2874 1.2304 1.3923 1.1627 0.1724 0.8401 0.1547 0.6694 1.0184 0.0920 0.9911 0.2782 1.0777 1.1039 0.8152 0.6037 -1.1489 0.3898 -0.3812 
2.9587 2.1980 1.7725 1.2893 1.5811 1.1150 1.8780 1.3249 1.8480 1.7350 0.8750 0.2071 1.3638 1.0920 1.1570 1.4510 1.4986 1.3924 1.0412 0.9105 1.0817 -0.1596 0.4593 1.2297 1.2351 0.6303 1.0556 0.1977 0.5273 0.0544 0.2220 0.1663 0.1104 
0.4157 1.4411 1.8800 1.5716 1.1326 0.6892 1.5420 1.6066 1.1260 0.6191 0.6171 1.3463 0.4840 0.9096 0.3359 0.2784 0.0303 0.2255 0.2081 0.6883 0.1843 1.0055 0.2008 0.1258 0.5525 0.9572 0.7406 -0.2275 0.0786 0.2904 0.3022 -0.5195 -2.1062 
2.4692 2.0970 1.4515 1.7570 1.4158 1.3630 1.6399 1.7159 1.4135 1.1048 1.0340 1.5962 -0.7678 0.8864 0.6739 1.1848 1.0358 1.1296 0.5555 0.6690 -0.9275 1.2543 0.6163 0.6085 0.7904 1.0410 0.8774 0.4552 0.2884 0.5138 -0.0313 0.1746 -0.3825 
3.4816 3.3983 2.4277 2.3707 1.6168 2.1802 1.6219 1.5733 1.5960 2.0551 2.0064 1.8388 1.3334 1.1680 1.1607 1.2017 1.5117 1.1458 1.0452 1.0005 1.0536 1.4858 1.5876 1.5598 1.0255 0.9099 0.8414 1.2602 0.5506 1.0760 0.9002 1.4316 0.6289 
-1.2917 1.6183 2.3869 2.1530 1.7197 1.4629 1.6101 1.1368 1.8970 2.2468 1.4831 1.8128 1.5303 1.7822 1.4265 0.9126 1.0301 0.8215 1.2644 1.5701 1.2657 1.4685 1.0696 1.7419 1.2850 0.4905 0.8135 0.5532 0.6395 0.9120 0.8536 -0.3147 -2.4433 
3.2854 2.8854 2.8180 2.2040 2.2400 2.2175 2.2812 2.3666 2.1512 2.3628 2.2921 1.7355 1.7255 1.9101 1.2969 2.0100 1.9505 1.9545 1.1574 1.6824 1.4753 1.4245 1.8854 1.8731 1.5725 1.6483 1.4857 1.2927 1.1574 0.9672 1.2457 0.9049 0.3639 
2.8035 2.6448 1.3947 2.0634 2.5152 1.4476 1.7997 1.8341 1.5791 1.2562 1.9314 1.4659 1.5110 1.5393 1.5257 1.1879 0.9849 1.1267 1.4232 1.3601 1.2360 1.1093 1.5079 0.7513 1.0062 1.1205 1.0139 0.5291 1.4558 0.8289 -0.3082 0.6231 -0.3001 
2.6458 2.9023 2.1468 2.3586 2.6032 2.6669 2.3439 0.2193 1.0784 1.1819 0.9781 1.2621 1.2413 0.6943 1.2037 0.6260 0.8410 0.5687 1.0856 0.5272 0.9969 0.9581 0.5551 0.6889 0.5077 -0.3931 1.5182 1.7442 1.5445 1.0732 0.6169 0.9748 -0.2065 
1.9082 1.8119 2.2733 2.4065 1.8187 2.4196 1.8857 1.7516 1.0622 1.4430 1.5873 1.1110 1.1569 0.7708 0.5625 1.4753 1.6242 1.4284 0.4568 0.5810 0.9193 0.7560 1.1624 0.9572 0.5104 1.0619 1.0694 1.4996 0.7065 1.1339 0.7244 -0.1419 -1.0907 
3.1124 2.9805 2.5143 2.4081 2.2299 2.3279 1.9147 2.0130 1.8320 1.4934 1.4965 1.0953 1.4524 1.5023 1.4631 1.5800 1.6842 1.5222 1.3267 1.3071 1.1575 0.7550 1.0721 1.0079 1.2129 1.3445 1.1050 1.4049 1.1542 1.1282 0.9935 1.0067 0.2073 
3.4190 2.8547 1.7054 2.0468 1.0464 1.6543 2.1149 1.9168 1.9456 0.7735 1.7061 1.5536 1.4929 1.0487 1.2429 1.6547 0.9643 1.5981 1.1162 0.8546 1.2055 1.2047 1.2993 0.2725 1.3685 1.2027 1.3477 0.7368 -0.0171 0.7734 0.1387 0.8195 0.5516 
2.2180 2.1412 1.7057 1.1517 2.0412 1.7412 1.3352 1.5226 1.5233 1.1744 1.5478 1.8168 1.3896 1.1587 1.2907 1.3905 1.5278 1.3060 1.1540 0.9884 1.0945 1.4731 1.1297 0.6870 0.9613 0.8384 0.5541 0.8106 0.9902 -0.1136 0.1640 0.1715 -0.5503 
2.5096 2.2782 2.0146 1.3836 1.4158 1.2948 0.5401 1.0757 1.3517 1.1746 0.7735 0.9834 1.1281 1.0109 1.1492 1.3381 1.3467 1.2577 1.0296 0.7970 0.8736 0.6230 0.3640 0.6865 0.7398 0.4042 -0.2686 0.3717 0.3059 0.0992 0.5036 0.2576 -0.3553 
2.3452 2.5823 2.2767 2.1148 1.7860 0.1587 1.4243 1.5044 1.6640 0.9637 1.6560 0.8070 1.7273 1.8691 1.2760 1.7667 0.9727 1.6872 1.1445 1.6277 1.4740 0.5087 1.2484 0.4418 1.0887 0.8239 0.6078 -0.7594 0.6967 0.8673 0.7134 0.6231 -0.5784 
2.9893 2.4868 1.1257 0.8206 1.1363 1.2757 0.0311 1.6224 1.1067 0.4617 0.6037 0.6129 1.1544 1.5721 1.4395 1.6011 1.4088 1.5389 1.2859 1.4040 0.9138 0.2624 0.1837 -0.0521 0.5361 0.9747 -0.7586 0.3603 0.0791 -0.4244 -0.4217 0.5160 0.1613 
2.5709 2.2505 2.2010 1.8676 1.4167 1.5841 1.7790 1.7207 1.8085 1.5365 1.6824 1.7541 0.9661 1.1385 1.0707 1.3610 -0.0160 1.2829 0.9615 0.9651 0.6755 1.4353 1.2771 1.0474 1.1953 1.0472 0.9919 0.6637 0.2958 0.5695 0.6624 0.2265 -0.3046 
3.3197 2.4077 2.0423 2.0205 1.5377 1.5853 1.6064 1.4532 1.1625 1.1348 1.4977 0.8941 1.1135 1.2290 1.0346 1.2277 1.4470 1.1613 0.9140 1.0410 0.8542 0.5483 1.0735 0.6437 0.5988 0.7424 0.8245 0.6722 0.4985 0.7342 0.5072 0.3069 0.4121 
3.0392 2.3076 1.7317 1.3694 0.9960 1.4718 1.1906 1.5139 1.4320 1.4504 1.7104 0.8395 1.2158 0.8491 1.4478 0.8134 1.1481 0.7373 1.3020 0.6468 0.9797 0.5222 1.3019 0.9649 0.8160 0.8276 0.4185 0.5459 -0.0623 0.0843 0.1880 0.2336 0.1533 
3.3466 2.7340 2.4909 2.1352 2.0952 1.8276 1.8229 1.5210 1.6598 0.3942 0.5874 1.5331 1.4346 1.4002 -0.1414 0.6639 1.1641 0.6032 -0.2853 1.1625 1.1403 1.1797 0.1680 -0.1398 1.0861 0.8434 1.0213 0.9048 1.0397 0.8875 0.9749 0.6917 0.4830 
2.3843 2.2676 0.7255 1.5538 1.2142 1.4299 0.5568 0.9803 1.2892 0.5593 0.7185 0.9129 0.7347 0.9006 0.4528 0.2223 0.8931 0.1633 0.2862 0.6855 0.5047 0.5595 0.3029 0.0796 0.6933 0.2627 -0.2805 0.5130 0.1364 0.2891 -0.6785 0.3121 -0.5489 
2.6966 2.0395 1.0406 0.7043 0.9722 1.4013 0.6125 0.3991 1.0534 0.7917 0.2960 0.9615 0.8575 0.6738 0.5898 0.5631 0.8801 0.5128 0.4875 0.5060 0.5812 0.5977 -0.1065 0.3050 0.4992 -0.2651 -0.1962 0.4625 -0.1016 -0.5201 -0.5083 0.1261 -0.2804 
2.4203 2.4314 1.5670 1.5438 1.5709 1.0891 1.8961 1.6198 1.6905 1.7541 1.5125 1.5316 1.0689 1.3979 0.9673 0.9578 0.6575 0.8780 0.7997 1.1613 0.7982 1.1780 1.0925 1.2479 1.1075 0.9682 1.0792 0.1605 0.5204 0.2699 0.0328 0.5044 -0.3858 
2.4978 1.9264 1.9239 1.7664 1.6653 1.2964 1.4063 1.7305 0.0143 1.5870 1.2874 1.0177 1.2212 1.5552 0.8636 0.5955 0.8518 0.5401 0.7061 1.3775 0.9869 0.6585 0.8818 1.0930 -0.6106 1.0522 0.5897 0.3660 0.6043 0.5134 0.4022 -0.1010 -0.2977 
3.2128 3.2824 2.8599 2.5751 2.4338 1.9537 1.7787 1.8675 1.4212 1.6977 1.8120 1.6379 1.7088 2.0846 1.8901 1.4937 1.5565 1.4428 1.7287 1.9152 1.4636 1.3187 1.4110 1.1947 0.7960 1.1537 0.9966 1.0265 1.3783 1.3250 1.3120 1.2689 0.2358 
3.1189 2.8840 2.4025 2.2563 1.8729 1.9444 1.9046 1.9171 1.5268 1.6058 1.2515 1.5788 1.7960 1.3922 1.4399 0.6174 0.5293 0.5633 1.2871 1.1593 1.5184 1.2365 0.8470 1.1105 0.9658 1.2059 1.0892 1.0250 0.7622 0.9976 0.8440 0.8955 0.1504 
2.7246 3.1188 2.3674 2.1345 1.9625 2.0076 1.8286 1.1116 1.5260 1.3495 0.2581 1.2093 1.5972 1.8486 0.5657 1.1139 1.0121 1.0555 0.4450 1.6186 1.3479 0.8970 -0.1471 0.8414 0.9687 0.4484 1.0251 1.0860 0.9041 0.8858 0.7727 1.1372 0.0592 
1.6704 2.9010 2.3776 0.5215 1.1992 1.6648 1.7295 1.1434 1.5586 1.3601 1.2911 1.1959 1.4308 1.1552 1.0635 0.6308 1.1824 0.5712 0.9627 0.9820 1.1340 0.8797 0.8896 0.8557 0.9926 0.4936 0.9664 0.7437 0.1491 -0.7357 0.8179 0.9570 -0.8493 
2.2860 2.8839 2.5423 1.9388 1.6241 1.4800 1.8717 1.8436 1.5684 1.9223 1.9336 1.3062 1.1907 1.0775 1.4700 1.5021 0.2990 1.4497 1.3379 0.8964 0.9645 0.9793 1.5077 1.4366 0.9980 1.1342 1.0550 0.5623 0.5690 0.6578 1.0167 0.9320 -0.3623 
1.0390 2.0471 2.0044 1.3521 1.5323 0.5128 1.5249 2.0681 1.0478 1.5900 1.6076 1.8287 1.5855 1.4379 1.1228 1.1090 1.2090 1.0478 1.0099 1.2009 1.3331 1.4789 1.1839 1.0974 0.4621 1.4204 0.7289 -0.3729 0.4982 0.0832 0.5020 0.0916 -1.7886 
2.3361 2.5891 1.5899 1.4658 1.9571 0.8148 1.0471 1.4501 1.5856 1.4909 1.3118 1.4640 0.4054 1.8803 1.5011 1.4756 1.8012 1.4281 1.3827 1.6374 0.1262 1.1083 0.9051 1.0015 1.0141 0.7386 0.2367 -0.1357 0.8944 0.1776 0.0450 0.6179 -0.6525 
0.5409 2.4746 2.4442 2.2372 2.1547 1.4334 0.7666 1.3738 1.1772 1.6172 1.4417 1.5023 1.5835 0.7309 1.0403 0.6438 1.1173 0.5963 0.9230 0.5665 1.3240 1.1550 1.0123 1.1237 0.6065 0.6696 -0.0081 0.5051 1.0838 0.9916 0.9310 0.5429 -2.2135 
3.2293 2.7043 2.2686 1.7065 1.7481 1.2430 1.3386 1.5118 1.0046 1.4717 1.1104 0.8289 0.9418 0.8536 0.9749 1.0560 0.6929 1.0025 0.8156 0.6468 0.6421 0.5120 0.6935 0.9838 0.4128 0.8279 0.5477 0.3224 0.6673 0.4704 0.6962 0.6747 0.2717 
2.3042 0.9713 2.3697 1.1017 1.5641 1.7653 1.4267 1.6164 1.5217 1.6017 1.4445 1.1482 0.8000 1.3305 1.1295 0.3902 0.6995 0.3070 1.0107 1.1195 0.5459 0.8106 1.0183 1.1043 0.9625 0.9664 0.6101 0.8483 0.5225 -0.2246 0.8178 -1.0580 -0.4683 
2.3329 2.3246 1.6217 1.0610 0.6714 1.5163 1.1553 0.9713 1.5432 0.9848 1.0890 1.1653 1.0798 0.8239 1.0243 0.7857 0.7020 0.7112 0.9035 0.6215 0.8103 0.8437 0.6708 0.4947 0.9814 0.2477 0.3737 0.5953 -0.3821 -0.2174 0.0835 0.3196 -0.4192 
2.1065 1.4471 1.5169 1.9423 1.4336 1.2628 1.2966 0.8803 1.1714 0.5331 0.7920 1.4499 1.2790 1.0117 0.8409 0.7825 0.7040 0.7049 0.7015 0.7991 1.0164 1.0913 0.3939 0.0441 0.6002 0.1912 0.5180 0.3404 0.3200 0.6786 -0.0419 -0.5099 -0.9357 
2.4106 2.4656 2.1227 1.9523 1.9203 1.5075 1.5629 1.9020 1.1635 1.0129 1.6738 0.0889 0.9434 1.2710 1.3433 0.4595 0.1108 0.3715 1.1859 1.0736 0.6478 -0.2432 1.2638 0.5241 0.5865 1.1867 0.7634 0.5805 0.8365 0.6687 0.5977 0.5025 -0.5702 
3.7340 2.9351 2.3694 2.2288 2.2056 2.0061 2.0790 1.7399 1.7839 1.7680 1.6225 1.7701 1.4324 1.6876 1.6252 1.4838 1.7762 1.4337 1.5114 1.5023 1.1335 1.4454 1.2030 1.2606 1.1749 1.0575 1.2935 1.0831 1.1268 0.9719 0.7888 0.9050 0.8126 
