6.0571 5.3679 5.6559 5.4075 5.1963 5.0563 5.0555 4.9803 4.0490 4.5926 4.5024 4.5869 4.7513 4.4916 4.1665 4.0613 4.1479 4.0041 4.0341 4.2404 4.4936 4.2070 4.0442 4.0571 3.3946 4.1954 4.1854 4.0624 4.0597 4.0415 4.0458 3.1721 2.6756 
7.0385 6.7950 6.0493 5.8037 5.6074 5.4415 5.3526 5.4112 5.2389 4.9234 4.6434 4.5779 5.0863 4.8998 4.7326 4.6133 4.4653 4.5513 4.6029 4.6649 4.7873 4.1950 4.1893 4.3705 4.6125 4.6487 4.5067 4.4408 4.4748 4.4560 4.3709 4.6275 3.9039 
5.3949 7.0050 6.5164 6.0613 5.8105 5.6460 5.5919 5.6546 5.2313 5.1102 5.1654 5.4889 4.6521 4.3067 4.6379 4.5579 4.4475 4.5020 4.5173 4.0912 4.3688 5.0918 4.7020 4.5739 4.6063 4.9405 4.7151 4.6467 4.6433 4.6717 4.8199 4.8464 -0.1757 
6.8004 6.6270 4.6724 4.2493 4.0434 4.0380 3.4882 3.8472 4.3084 2.9768 3.8575 4.3017 4.0455 3.9776 3.6723 3.3362 0.6610 3.2630 3.5462 3.7160 3.7245 3.9565 3.4126 2.3178 3.6605 3.1157 2.6025 3.0280 2.8489 2.7988 3.0184 4.4971 3.8157 
5.1512 6.0140 5.5075 5.3678 5.1261 4.9780 4.9412 4.7906 4.4922 4.5199 4.6947 4.5858 4.3864 4.3004 4.2843 4.3211 4.2654 4.2385 4.1448 4.0913 4.0816 4.2016 4.2427 3.9929 3.8308 4.0620 4.0639 3.9831 3.9950 4.0157 3.8915 3.8802 0.1319 
6.9962 6.6111 5.9407 5.6224 5.4165 5.2741 5.1825 5.1023 4.7958 5.0128 4.9083 4.7680 4.2660 4.1852 4.1697 4.4159 4.4847 4.3263 4.0423 3.9976 4.0049 4.4299 4.4723 4.4833 4.1606 4.3678 4.3251 4.2738 4.2160 4.2308 4.2203 4.4671 3.8331 
5.6183 6.9302 6.3761 5.9599 5.6941 5.5615 5.4860 5.2710 5.0718 5.1034 5.0441 4.9830 4.9951 4.8536 5.1945 4.9081 4.8868 4.8180 5.0676 4.6333 4.6720 4.5868 4.5841 4.5678 4.4634 4.5460 4.5963 4.5623 4.5474 4.5586 4.6840 4.7565 1.8950 
6.6924 6.5503 4.6525 4.1734 3.4508 2.4074 3.3472 3.0972 3.5307 3.9934 4.0058 4.8373 4.4569 4.4539 3.3009 3.3150 3.1487 3.2448 3.1300 4.1961 4.1345 4.4927 3.5428 3.4628 2.9001 2.3518 2.5287 1.6382 2.2161 2.6905 2.8889 4.4037 3.7002 
5.2287 5.9460 5.7993 5.5557 5.3227 5.2143 5.0420 4.9834 5.0503 4.7603 4.6713 4.6055 4.5834 4.5036 4.5087 4.5618 4.4536 4.5067 4.3499 4.2562 4.2840 4.2221 4.2091 4.2132 4.4278 4.1992 4.1687 4.2197 4.1594 4.1759 4.1597 3.7896 2.5147 
7.0593 6.6453 5.7901 5.4489 5.0778 4.7645 4.7927 4.6381 4.7614 4.6935 4.4884 3.7788 4.6662 4.3719 4.4037 4.3851 4.0145 4.2965 4.2324 4.1423 4.3939 3.4541 4.0227 4.1600 4.1335 3.9193 3.9713 3.7642 3.9299 4.0489 4.1138 4.4959 3.9673 
6.6291 7.0396 6.1894 5.7481 5.5265 5.3934 5.1954 5.0973 5.0309 4.7824 4.9893 5.0256 5.0372 4.5963 4.6491 4.6350 4.5596 4.5723 4.5243 4.3930 4.7180 4.6394 4.5247 4.2348 4.3985 4.3571 4.3512 4.3940 4.3495 4.3967 4.5228 4.8963 3.5128 
6.6220 6.1125 4.1719 3.8969 3.7248 3.8507 3.0867 3.8142 4.4865 4.2617 3.6864 4.2094 4.1395 4.1515 3.4810 1.3154 2.6246 1.2089 3.2973 3.9739 3.8582 3.8618 3.2212 3.7143 3.8265 3.0692 2.2158 2.8640 2.6028 2.5838 2.6868 4.0178 3.5583 
6.3639 6.4120 6.1355 5.7503 5.5578 5.4707 5.3629 5.2778 5.0378 4.9586 4.8726 4.7557 4.8678 4.7411 4.6857 4.6196 4.5229 4.5571 4.5540 4.5480 4.5735 4.4146 4.4353 4.4068 4.4033 4.5532 4.5137 4.4750 4.4033 4.4048 4.4946 4.2341 3.1988 
6.9807 6.5653 5.8395 5.2540 4.7986 4.6442 4.3172 3.9075 4.5638 4.6410 4.6201 4.4779 4.6046 4.5429 4.3898 3.5306 3.3197 3.4764 4.2181 4.3144 4.3118 4.0799 4.1655 4.1037 3.9519 3.1411 3.4851 3.6443 3.6303 3.8921 4.1543 4.4162 3.9056 
6.8182 6.9815 5.4868 5.3146 5.0610 5.0430 4.8134 4.5561 5.0307 4.6927 4.4422 3.9052 5.0434 4.2951 4.4087 4.3703 4.3098 4.2826 4.2361 4.0824 4.7289 3.5437 3.9897 4.1590 4.3966 3.8054 3.9850 4.0436 3.9100 3.9714 3.7302 4.7936 3.7794 
6.5096 5.9846 4.4271 4.1014 3.6972 3.7258 2.8504 2.6767 3.9061 3.4202 3.1225 3.6407 3.5260 3.9980 4.0008 3.3322 3.4000 3.2512 3.8392 3.7581 3.1986 3.2841 2.6882 2.9020 3.2612 2.0132 2.0165 2.7859 2.6481 2.8456 2.7149 3.8735 3.2618 
6.7483 6.6194 6.1032 5.8163 5.6159 5.4193 5.3979 5.2118 5.1432 4.9865 4.9949 4.9784 4.8628 4.6927 4.6781 4.6300 4.5772 4.5668 4.5481 4.5070 4.5686 4.5796 4.5306 4.4425 4.5251 4.5065 4.5352 4.4213 4.4826 4.4759 4.4549 4.4877 3.6024 
6.0913 6.7060 6.3030 5.8640 5.6360 5.4602 5.2796 5.1874 5.1622 4.8828 4.9926 4.7883 4.8171 4.8039 4.8248 4.6130 4.6240 4.5513 4.6782 4.5930 4.5397 4.4524 4.5285 4.3319 4.5403 4.4814 4.4543 4.4600 4.4973 4.4997 4.6277 4.5855 3.1936 
6.8755 6.6709 5.3636 5.0886 4.8114 4.3537 4.0535 4.0780 4.3875 4.2477 4.1399 4.1022 3.6810 2.4687 3.9030 3.8748 3.7440 3.7909 3.7336 2.1586 3.4180 3.7112 3.6819 3.7056 3.7255 3.3441 3.1660 3.3373 3.6374 3.6910 3.6896 4.5292 3.8425 
4.8923 6.3155 4.9852 4.7068 4.5403 4.0387 4.2814 4.4541 4.1960 4.1874 4.0957 4.1870 4.0096 3.5715 4.0096 3.8543 4.0708 3.7729 3.8542 3.3587 3.6897 3.8210 3.6454 3.6455 3.5804 3.6837 3.4718 3.0348 3.3816 3.3596 3.2812 4.1872 -1.9688 
5.6332 4.6089 3.9967 4.6880 4.4942 4.4770 4.4116 4.0257 4.0413 4.1090 4.0036 3.1479 3.9211 3.8423 3.8234 3.6634 3.6473 3.5964 3.6781 3.6206 3.6113 2.7740 3.5398 3.5748 3.4150 3.2652 3.5425 3.4818 3.3056 3.3224 2.2509 2.5073 2.5018 
5.1060 5.4432 4.6819 4.5542 4.4172 4.1605 4.4477 4.0423 4.1033 3.8057 3.7790 3.5301 3.7549 3.8230 3.8708 3.9645 3.6154 3.8694 3.7056 3.6075 3.5001 3.1444 3.3378 3.2588 3.4946 3.2809 3.5670 3.1660 3.2162 3.1766 3.0156 3.2574 2.0871 
5.4777 5.4445 5.1171 4.5467 3.6890 2.6298 3.8382 3.6212 3.2096 3.1972 3.0090 3.4739 3.4012 3.3984 3.2620 3.8068 3.6196 3.7275 3.1318 3.1655 3.0924 3.0698 2.5447 2.6595 2.5817 2.8933 2.9948 1.6078 2.5282 3.1426 3.4748 3.2614 2.4245 
4.7351 4.8813 4.9940 4.5585 4.0173 3.7658 3.9388 3.6446 3.9760 4.0232 3.8095 3.6258 2.9622 3.5093 3.7138 3.6988 3.1087 3.6385 3.5880 3.2650 2.6426 3.2425 3.3669 3.4938 3.3030 2.9341 3.0584 2.7724 2.8257 3.1636 3.3042 2.6948 1.6052 
3.7727 4.4053 4.8380 3.9684 2.8669 3.2531 3.1991 2.9331 2.7462 2.8482 3.1685 2.7448 3.0275 2.9107 3.2153 2.9537 3.4289 2.8601 3.0891 2.6749 2.7047 2.4159 2.7048 2.3029 2.1160 2.1766 2.3513 2.2689 1.7109 2.5665 3.1606 2.2642 0.7066 
4.6915 4.8710 5.1492 4.4477 4.1151 4.0613 3.7337 3.7282 4.1884 3.4994 3.8226 3.4609 3.6949 3.6494 3.3105 3.5692 3.1555 3.5119 3.1702 3.4687 3.4438 3.0667 3.3811 2.9595 3.5648 3.0112 2.9006 3.0586 2.9818 3.0428 3.5068 2.7100 1.5651 
4.1280 4.3640 4.7769 2.2699 4.7431 4.5120 3.8836 3.8606 3.3928 3.6599 3.6656 1.2211 3.0942 3.0732 3.0979 3.2427 2.7256 3.1824 2.9824 2.8677 2.8022 0.8785 3.2000 3.1195 2.7239 3.1052 3.0326 3.5066 3.5947 1.2203 3.1225 2.1881 0.7186 
4.6409 4.4804 4.9465 4.5347 4.0450 4.2423 4.5186 4.2949 3.8992 3.5459 3.6352 3.2736 3.5181 2.4148 3.3937 3.1524 2.9558 3.0885 3.2236 2.1742 3.1969 2.9379 3.1803 3.0140 3.2349 3.5630 3.6378 3.2421 2.8644 3.1560 3.2258 2.3348 1.4750 
3.8067 4.5757 5.0387 4.6336 4.6984 4.0738 4.2530 3.8746 3.9872 3.7160 3.1801 2.7778 3.1898 2.3219 3.3894 3.0729 2.2381 3.0145 3.2183 2.1110 2.9270 2.4354 2.7262 3.1860 3.3200 3.1215 3.4226 3.0766 3.5539 3.2473 3.3772 2.4483 -0.0126 
2.1059 4.0086 4.6803 3.5167 4.6922 3.5657 3.7055 3.4888 3.0972 4.0479 4.1269 3.2920 3.5067 3.3766 3.8898 3.7549 3.5979 3.6882 3.7191 3.1447 3.1882 2.9487 3.6706 3.5168 2.4810 2.7138 2.8871 2.5425 3.5434 2.0945 3.0371 1.8281 -0.1004 
2.1870 3.9821 4.6437 4.7030 4.0773 4.1574 3.7750 3.6395 3.3073 2.9057 2.6518 2.7814 3.4491 3.6741 2.4515 3.4882 3.1708 3.4090 2.2485 3.4903 3.1301 2.4413 2.1874 2.3692 2.6641 2.9227 2.9428 3.1595 2.9338 3.3510 3.0018 1.8570 -1.3426 
5.2738 4.5835 4.9415 5.1222 3.9841 4.1789 4.2590 5.0398 5.1562 5.8868 5.1159 4.5413 3.5020 4.1975 3.5361 3.6648 1.6889 3.5929 3.4067 4.0150 3.2054 4.1696 4.6713 5.3358 4.5314 4.2725 3.3974 3.1611 2.7434 3.7266 3.2506 2.3402 2.1522 
3.4450 4.9396 5.2190 4.4854 3.8824 3.5546 4.3402 3.5171 4.6348 5.3040 3.9493 3.3533 4.0338 3.3972 2.7895 3.2589 1.6731 3.1861 2.6585 3.1639 3.7187 2.9886 3.5078 4.7564 4.0199 2.7223 3.4977 2.5628 2.6912 3.0707 3.5686 2.7882 -1.3104 
4.7948 4.6945 4.6113 4.2037 3.4906 4.0099 3.9904 4.6248 4.6013 4.5110 4.3568 3.9876 3.9824 3.5905 3.2071 2.6839 3.1181 2.6031 3.0795 3.3773 3.6548 3.5888 3.9177 3.9828 3.9921 3.9054 3.1091 3.0141 2.2811 2.8518 2.9827 2.5600 1.8447 
5.3545 5.4895 5.0930 5.0757 5.0032 4.5182 4.3780 4.6747 4.4240 4.6618 4.2093 4.0046 4.0918 3.9915 3.7284 3.6209 3.8069 3.5609 3.5980 3.7337 3.7945 3.6131 3.7641 4.1210 3.7652 3.9684 3.5284 3.5211 3.8092 3.6963 3.4508 3.3197 2.2275 
5.8821 5.2360 4.4399 4.5963 3.9023 4.0301 3.9538 3.5564 3.9955 4.0329 4.0090 3.1889 3.5110 3.2420 3.4671 2.7393 2.9480 2.6827 3.2837 3.0487 3.1914 2.8256 3.5452 3.5031 3.3391 2.8000 3.0625 3.0363 2.6994 3.2267 2.7143 3.1667 2.7317 
7.0408 6.6768 6.2279 6.0699 5.7498 5.6645 5.5597 5.1436 5.0838 4.4868 5.0997 4.9048 4.8892 4.9680 4.8347 4.6975 4.6994 4.6373 4.6859 4.7046 4.5879 4.5322 4.6448 3.9632 4.4765 4.4317 4.6840 4.6660 4.5944 4.6848 4.5774 4.5267 3.9458 
5.9104 7.0403 6.9845 6.1695 5.9785 5.9617 6.1511 5.8513 5.7250 6.0652 5.5572 5.1359 4.5920 4.9062 4.0705 4.1018 4.1906 4.0440 3.9286 4.6700 4.2835 4.7618 5.0950 5.5340 5.1030 5.1007 5.2877 4.9731 4.7748 4.7865 5.2763 4.9151 1.8892 
6.6690 6.5556 6.4577 4.7357 4.6856 4.9031 5.3634 5.0998 4.4114 4.7260 4.6589 3.9884 2.6107 3.6898 3.6454 3.4586 3.3817 3.3664 3.5220 3.5105 2.3042 3.6037 4.1990 4.1906 3.7345 4.3565 4.5084 3.9022 3.5268 3.2827 4.7338 4.4295 3.6603 
7.0439 6.8738 7.1241 6.4112 5.3809 5.2688 5.7499 5.0713 5.0150 5.5474 5.0019 4.5837 4.7769 4.7252 4.4431 4.3370 4.3276 4.2533 4.2644 4.5346 4.5140 4.1994 4.5374 5.0159 4.3826 4.3336 4.9229 4.2778 4.1893 5.0179 5.4864 4.7075 3.9592 
5.4999 6.2629 5.7738 5.8827 5.6148 5.3753 5.2559 5.3641 4.7777 5.2003 5.1331 5.1197 5.0933 4.8720 4.7734 4.9301 4.8635 4.8400 4.6363 4.6435 4.7959 4.7399 4.6817 4.6731 4.1442 4.6153 4.4330 4.3765 4.4826 4.5149 4.1305 4.1239 2.2000 
6.6760 6.5379 6.5834 6.2581 5.6768 5.8161 5.8815 5.5060 5.3996 5.1846 5.3530 5.1425 5.0304 4.7944 4.7103 4.8414 4.8051 4.7579 4.5852 4.5850 4.7078 4.7669 4.9133 4.6461 4.7341 4.7317 5.0220 4.8268 4.5261 4.9135 4.9564 4.3878 3.6661 
6.9771 6.5060 6.0899 4.5560 4.9084 4.4904 5.4036 5.0601 4.3091 5.4884 5.0596 4.7019 4.5086 4.6142 4.5281 4.1259 4.1050 4.0606 4.3814 4.4207 4.1888 4.3527 4.5977 4.9499 3.6603 4.3027 4.5401 3.5109 3.7162 3.1171 4.4416 4.3123 3.8703 
6.5424 5.6986 5.5915 5.4899 4.8203 5.1613 4.6522 3.9900 4.4798 4.8055 4.8038 4.2977 4.3033 4.2275 4.0223 4.1921 4.0608 4.1282 3.8735 4.0379 4.0299 3.9635 4.3614 4.2621 3.8120 3.2155 3.7832 4.1633 3.6613 4.0849 3.9788 3.5933 3.4791 
5.6760 6.3817 5.9745 5.9933 5.7822 6.2059 5.1672 4.9132 5.5300 5.4378 4.7503 3.6956 4.0056 3.1935 4.2034 4.2184 4.3420 4.1596 4.0837 3.0328 3.6892 3.3554 4.3021 4.8804 4.8945 4.1512 4.2823 5.2060 4.6346 4.5927 4.3076 4.2107 2.8207 
5.5885 6.3293 7.0542 6.1201 4.1342 5.0872 5.5119 5.0300 4.5216 5.9618 5.2475 4.9166 4.8563 4.5135 4.8698 4.6457 4.5638 4.5805 4.7023 4.2716 4.5667 4.5402 4.7974 5.4072 3.8511 4.2619 4.6279 4.0975 3.1088 4.7262 5.3866 4.1894 2.9869 
6.4172 5.6957 6.1898 6.1497 5.5473 5.6696 4.9532 5.2759 5.4146 5.3982 5.1905 5.0379 5.1025 5.0257 5.0386 4.9150 4.8320 4.8251 4.8997 4.7896 4.8092 4.6548 4.7282 4.8506 4.7482 4.5549 4.0848 4.6748 4.3879 4.7800 4.5352 3.5576 3.2795 
6.8388 6.1959 4.8464 5.0426 5.5599 5.5333 4.8498 4.5812 4.0672 5.0401 4.7965 4.4633 4.3170 4.2110 3.7895 4.2413 4.3601 4.1787 3.6493 4.0243 4.0396 4.0652 4.3556 4.5095 3.4593 3.8365 4.0024 4.5352 4.4104 3.6497 3.1921 4.0236 3.6946 
6.5780 6.1576 6.1669 6.0604 5.5732 5.6983 4.6417 4.9908 4.9586 4.6843 4.9193 4.1302 4.4455 4.3688 4.1770 3.4959 3.3534 3.4335 4.0422 4.1394 4.1250 3.7485 4.4786 4.1531 4.2789 4.1999 3.7907 4.6952 4.4296 4.6889 4.5163 4.0450 3.4761 
5.1143 6.3009 5.7263 3.6794 4.9915 5.2815 4.6429 4.4246 3.7412 4.1796 4.6355 4.4059 4.2754 4.0719 3.8789 3.9772 3.6734 3.8813 3.7162 3.8519 4.0134 4.0317 4.1842 3.6545 3.1006 3.6547 3.7886 4.2859 3.7937 2.3375 4.0611 4.1697 2.2729 
6.5518 6.4575 6.3375 5.9670 6.0121 5.5980 5.1639 5.2629 5.1993 5.2004 4.7331 4.5686 4.6993 4.7000 4.6949 4.5456 4.4804 4.4920 4.5675 4.5185 4.4517 4.1883 4.2838 4.6734 4.5803 4.5412 4.3034 4.5920 4.8314 4.5575 4.6743 4.2564 3.4883 
7.3396 7.0435 6.6195 6.3697 6.2731 5.5360 5.2093 5.4810 5.1323 5.4844 5.4770 5.2877 5.2659 5.1934 4.9936 5.0953 5.0389 5.0359 4.8241 5.0077 5.0058 4.9525 5.0113 4.9403 4.5163 4.6965 4.3688 4.5290 5.1134 5.0084 4.9776 4.8771 4.1953 
6.6817 6.8411 7.0184 6.8611 6.6384 6.6117 6.2737 5.8297 5.7112 5.5094 4.6025 4.7163 4.9894 5.0605 5.0775 4.9739 4.9538 4.8796 4.9618 4.8411 4.6662 4.3707 4.1413 4.9795 5.0906 5.0876 5.4477 5.6103 5.5024 5.4975 5.3379 4.6890 3.6932 
6.2005 6.5196 6.4682 6.0466 4.6425 5.6748 5.5034 5.1238 4.5982 5.2744 4.6625 4.0636 4.6873 4.3537 4.5482 4.6886 4.6609 4.6211 4.4188 4.1300 4.4218 3.6871 4.1989 4.7287 3.9953 4.3946 4.6221 4.6780 3.5266 4.6544 4.7485 4.4027 3.1537 
5.9944 6.3853 6.8709 6.5865 6.0056 5.2164 5.8496 5.7608 5.5363 5.4459 5.7005 5.4864 5.2554 5.2202 5.0785 5.1381 5.0683 5.0742 4.9641 5.0319 4.9989 5.0894 5.2519 4.9035 4.8982 5.0413 5.0064 4.2309 4.8181 5.1916 5.1968 4.1938 2.9439 
6.5188 6.3265 6.7394 5.9805 5.8610 4.7056 4.6869 4.6688 4.8189 4.5764 4.3335 3.5741 4.0412 4.0512 4.0479 3.9801 3.7315 3.8880 3.9254 3.8265 3.7381 3.1865 3.8840 4.0507 4.1730 3.9654 3.8323 3.7010 4.6895 4.5754 5.0837 4.1890 3.5247 
6.9407 6.3966 5.0900 6.0214 5.4995 5.6940 4.8282 5.2000 4.7529 5.2288 3.9848 3.8791 4.0202 4.1120 4.1258 3.8061 4.0044 3.7281 4.0041 3.9152 3.7023 3.5077 3.5243 4.6914 4.1219 4.4991 4.0006 4.6934 4.3210 4.6339 3.3894 4.1941 3.7902 
6.8619 6.6506 7.0727 6.4686 6.2011 6.1805 5.7312 4.7501 5.3515 5.7733 5.6019 5.1980 4.1497 4.3869 3.7679 4.1868 4.6661 4.1287 3.6226 4.1560 3.8737 4.8436 5.1470 5.2292 4.6990 4.0331 4.8952 5.1775 5.0642 5.0627 5.4179 4.5376 3.8005 
6.3074 6.4930 6.5192 6.1702 5.4518 5.3852 4.6362 4.2057 5.0014 4.4810 5.0838 4.5304 4.6037 4.4831 4.4543 4.4763 4.3054 4.3818 4.2786 4.2213 4.3121 4.1434 4.6283 3.9208 4.3532 3.5266 3.7700 4.3731 4.2389 4.7996 4.8329 4.3544 3.2089 
5.9019 6.4694 6.0804 5.9850 5.0093 4.8232 4.1788 4.4326 4.9810 5.0364 4.9395 3.7105 3.4514 3.2826 3.6937 3.6893 3.1958 3.6246 3.5608 3.0728 3.1261 3.3843 4.4914 4.5018 4.3086 3.6487 3.3085 3.7972 3.8392 4.5747 4.4193 4.3142 2.7756 
6.5327 6.6024 6.4023 6.4669 5.7546 5.6409 4.6064 4.5025 4.8433 4.0786 5.1480 4.9490 4.6011 4.6711 4.5280 4.4816 4.4475 4.3934 4.3814 4.4878 4.3087 4.5569 4.6936 3.5264 4.1959 3.7410 3.7573 4.6320 4.5926 5.0628 4.7215 4.4874 3.4989 
6.9701 6.5914 5.9780 6.2730 6.2728 6.0442 5.2136 5.3591 5.2750 5.7118 4.8539 5.1528 5.0158 4.9387 4.9045 4.7319 4.5357 4.6695 4.7320 4.6907 4.6947 4.7782 4.4098 5.1823 4.6439 4.6126 4.3884 5.0412 5.1143 4.9425 4.2440 4.4442 3.8306 
7.2119 6.7326 6.6456 6.6201 5.3510 5.4293 5.0572 5.4861 5.4880 4.3220 5.4931 5.1475 5.0127 4.9810 5.0053 4.7956 4.7220 4.7146 4.8437 4.7194 4.6929 4.7715 5.0296 3.7595 4.8212 4.7001 4.1891 4.4333 4.1398 5.2298 5.0067 4.5793 4.1111 
7.0295 6.6981 6.7846 6.6734 6.5283 6.2840 6.1747 6.0754 5.7474 5.4074 5.4736 5.3070 5.2158 5.1543 5.2162 5.1942 5.0940 5.1308 5.0900 4.9762 4.9728 4.9750 5.0089 4.8535 5.1193 5.3298 5.3177 5.2798 5.3602 5.2910 5.1273 4.5573 3.9656 
6.0109 6.9870 6.9187 6.4860 5.8442 5.4023 5.5217 5.1358 3.6349 4.9833 5.2128 5.0514 4.6385 4.7851 4.7306 4.5157 4.4983 4.4553 4.6013 4.5797 4.3575 4.6680 4.7676 4.4385 3.0297 4.4134 4.6413 4.3995 4.6699 5.0789 5.2119 4.8186 3.2121 
6.1928 6.7002 7.0242 6.4837 5.1306 5.8856 5.7924 4.9533 4.8670 4.1003 5.1566 4.6858 4.6646 4.8569 4.6662 4.6554 4.5065 4.5895 4.5388 4.6319 4.3924 4.3160 4.6960 3.5730 4.2089 4.1747 4.9692 4.8914 3.9958 5.0726 5.3387 4.6096 3.0209 
5.1824 6.6060 6.7719 6.1610 5.3900 5.9504 5.7235 3.3565 5.0130 5.0440 4.1027 4.1038 4.4801 4.1581 4.2995 3.7381 3.7636 3.6720 4.1562 3.9778 4.1542 3.7217 3.6387 4.5169 4.3596 2.6339 4.8872 4.9587 4.1995 4.7692 5.1118 4.5044 1.9847 
5.6163 6.2876 6.9118 6.6206 6.1065 5.3123 5.9137 5.4616 5.4808 5.2360 5.4089 5.2548 5.1428 5.1193 5.0470 5.0392 4.9730 4.9859 4.9134 4.9280 4.8610 4.9159 4.9710 4.6983 4.8076 4.6817 5.0466 4.2916 4.9758 5.2251 5.2238 4.1304 2.6617 
6.2337 6.0787 6.7878 6.0230 5.5992 5.4094 5.1368 4.5888 4.1982 5.4531 5.1097 4.2228 3.9977 3.9770 3.3092 3.6980 3.0774 3.6409 3.1705 3.7142 3.6804 3.8817 4.6531 4.9006 3.5664 3.8550 4.2675 4.4149 4.4591 4.6105 5.1311 3.9150 3.3183 
6.2929 6.1432 6.7030 6.1896 5.5821 6.0299 5.8957 5.2880 5.1940 4.6421 5.2011 4.9928 4.5656 4.1495 3.2272 3.5000 2.8118 3.4293 3.1022 3.9740 4.2586 4.5938 4.7516 4.0961 4.5703 4.5631 5.0353 5.0310 4.4306 4.7986 5.0630 4.0143 3.3866 
6.1130 6.0924 6.7260 5.6324 5.1549 5.2048 5.1502 4.7396 4.7744 5.2156 4.8450 3.7798 3.8243 3.6411 3.6300 3.6310 3.7826 3.5643 3.5079 3.4787 3.5591 3.4752 4.4095 4.6855 4.1397 4.0264 4.2860 4.1949 4.0159 4.2489 5.0720 3.9909 3.1950 
6.0698 5.9312 6.4071 5.5331 5.2552 4.8008 4.8137 4.7989 4.7860 5.1992 4.4847 3.2198 3.2788 4.0474 3.8835 3.7753 3.8760 3.6975 3.7170 3.8188 3.0139 2.8634 4.0089 4.6736 4.1465 4.0728 3.9844 3.8322 4.1149 4.1514 4.6999 3.7781 3.1251 
6.1951 6.1608 6.0589 4.9710 4.1872 5.0366 5.7573 4.6453 3.9794 5.1503 4.8610 4.5819 4.0166 3.6706 4.2099 3.6255 3.5495 3.5560 4.0827 3.4968 3.6959 4.1976 4.4317 4.6085 3.3110 3.8962 4.9299 4.0594 3.0973 3.5515 4.3943 4.0326 3.2671 
5.8774 6.1935 6.2903 6.0574 5.1978 5.4087 5.4589 4.5459 4.5425 5.0175 4.5544 4.0659 3.6931 3.6360 3.6152 3.8892 3.8723 3.8026 3.5023 3.4504 3.4539 3.6924 4.1003 4.4847 3.9171 3.7997 4.5686 4.4098 4.0380 4.6577 4.6464 4.0665 3.0134 
4.0189 6.3884 6.1592 6.1065 5.6619 5.0246 5.8747 5.5338 5.3514 5.1136 5.2376 4.8713 4.9323 4.8492 4.8787 4.6875 4.6270 4.6193 4.7095 4.6276 4.6167 4.5133 4.7962 4.5730 4.6975 4.7653 5.0237 4.0101 4.5221 4.7152 4.5283 4.2242 2.0218 
5.7313 6.3308 5.8439 5.5890 4.5223 4.8257 5.3416 3.6573 4.7755 4.6910 4.6516 3.9077 3.6623 3.4704 3.0394 3.5899 3.5567 3.5303 2.9082 3.2057 3.3839 3.5352 4.1936 4.1550 4.1446 2.8895 4.5006 3.8377 3.3325 4.1962 4.1520 4.1954 2.6217 
5.6196 6.5331 5.9139 5.2665 4.3273 4.9404 5.0374 4.5073 4.0608 4.3696 5.0208 4.3047 3.8302 4.1088 4.0526 3.7045 3.9479 3.6420 3.9204 3.9176 3.5495 3.9680 4.5603 3.8232 3.4553 3.7287 4.1638 3.9411 3.1315 3.9112 4.1966 4.4050 2.6857 
6.0759 6.5569 6.0128 5.7514 5.0296 5.4972 5.7067 4.5853 4.0262 4.9605 4.1998 4.1165 3.3897 4.0731 4.5591 3.8702 4.3489 3.7783 4.4338 3.8593 3.0864 3.7380 3.7521 4.4059 3.3958 3.8323 4.8671 4.5003 3.8518 4.4004 4.3080 4.4427 3.1238 
6.2328 6.6829 6.3853 6.2648 5.5599 5.2471 5.8987 5.8030 5.6124 5.4468 5.1420 4.8085 4.8877 4.9047 4.4873 4.6991 4.6691 4.6411 4.3122 4.6680 4.5871 4.4747 4.6885 4.8913 5.0010 5.0681 5.0374 4.2515 4.3882 4.9167 4.6925 4.5565 3.3037 
6.7729 6.5681 5.6531 5.9842 5.5084 5.4820 5.0190 5.5388 5.5034 5.4989 5.3033 5.0522 4.5254 4.1889 4.6387 4.1261 3.0697 4.0605 4.5163 4.0040 4.1996 4.6697 4.8603 4.9674 4.8510 4.7776 4.1464 4.4835 4.3134 4.5893 3.9966 4.4161 3.6658 
7.0109 6.5108 6.0126 5.7317 5.1670 4.2336 5.5685 5.3413 5.2434 5.0580 4.3209 4.1287 4.4522 4.4704 4.5513 4.1241 2.4465 4.0618 4.4204 4.2048 4.1302 3.7463 3.8732 4.5243 4.6189 4.5951 4.6934 3.2316 4.0136 4.3857 4.3088 4.3124 3.8889 
6.9672 6.4611 6.3283 5.5262 5.2346 5.1747 4.6471 4.6553 5.1366 5.0665 5.3220 5.0113 5.0958 4.9831 4.6763 4.8559 3.6989 4.7689 4.5491 4.7215 4.8001 4.6205 4.8812 4.5369 4.5191 3.9466 3.7798 4.1700 4.0887 4.1175 4.6514 4.2396 3.8009 
7.0022 6.5521 6.2031 5.8118 5.4334 5.1019 5.4303 5.2284 4.3803 5.1504 5.2422 5.1864 5.0846 4.9769 4.8593 4.9356 4.7098 4.8438 4.6974 4.7120 4.7849 4.8189 4.7968 4.6139 3.7133 4.5177 4.5546 4.1063 4.2249 4.4683 4.5500 4.3712 3.8262 
6.6927 6.1883 6.1329 5.9311 5.6891 5.3397 5.2195 4.2097 4.6810 5.0164 5.0509 4.7080 4.1838 4.0759 3.4368 3.3795 4.1715 3.2956 3.2639 3.8644 3.9177 4.3600 4.5910 4.4878 4.0589 3.5053 4.3833 4.3446 4.5391 4.5393 4.4923 4.0186 3.5513 
6.6927 6.1201 5.1512 5.7786 5.6137 5.7220 5.6837 5.3269 5.0004 4.1300 5.0006 5.0497 4.9785 4.8968 4.7200 4.7312 5.0573 4.6704 4.5942 4.6619 4.6511 4.6681 4.5389 3.5842 4.3410 4.5867 4.8249 4.7278 4.4794 4.4368 3.5267 3.9650 3.5733 
6.5149 6.1264 5.7501 4.1555 5.2001 5.9833 4.3569 5.1178 3.6340 4.3086 4.5898 4.2848 4.1553 3.5979 3.8886 4.2526 4.1990 4.1889 3.7260 3.3820 3.8756 3.9529 4.1331 3.7688 3.0253 4.3857 3.5125 4.9836 4.0764 2.8438 4.0868 3.9936 3.3943 
6.5231 6.0164 6.2530 4.5143 5.6380 5.3364 5.1464 4.9098 4.8628 4.5661 4.1674 4.3222 4.4882 4.1730 4.3283 4.3192 4.2040 4.2353 4.1834 3.9928 4.1669 3.9890 3.7133 4.0262 4.1985 4.1427 4.2930 4.3185 4.5067 3.1897 4.5966 3.8682 3.4841 
6.3040 6.1124 6.3124 5.8897 5.4527 3.9015 4.6735 4.7611 4.9097 4.6047 4.0319 4.8531 4.5714 4.6402 4.6966 4.5954 4.4502 4.5354 4.5717 4.4594 4.2671 4.5023 3.5826 4.0695 4.2448 4.0442 3.8219 2.8028 4.2330 4.5175 4.6504 3.9971 3.2542 
5.9981 6.0485 6.3901 5.6172 5.2548 4.6248 4.6590 4.7706 4.6967 5.1166 5.0073 4.3456 4.3368 4.2046 4.0009 4.4294 4.1849 4.3388 3.8425 4.0202 4.0524 3.9961 4.5417 4.5833 4.0766 4.0447 3.8062 3.6089 4.0980 4.2067 4.7058 3.8963 3.0143 
3.5009 6.0363 6.2924 5.7773 5.4774 4.6365 5.1905 4.3948 4.4913 5.0131 4.7935 4.4443 4.5262 4.3688 4.2676 4.0491 2.9794 3.9932 4.1325 4.1405 4.2041 4.0576 4.3482 4.4843 3.8350 3.6307 4.3370 3.6446 4.2635 4.4166 4.6422 3.8724 1.3549 
5.4923 6.3696 5.6069 5.4048 4.5293 4.4553 5.0972 4.9523 5.0647 5.3542 4.7023 4.6764 4.1892 4.5129 4.3539 4.2386 4.0983 4.1756 4.1947 4.2698 3.9306 4.3068 4.2534 4.8055 4.4582 4.1797 4.2195 3.4768 3.3257 4.0286 3.9777 4.2023 2.4746 
5.0604 6.2607 5.3446 5.1014 4.9611 5.2797 5.2262 4.5491 4.5829 4.5144 4.3155 3.7912 3.9922 3.9379 3.5032 3.6604 3.6867 3.5961 3.3348 3.6894 3.6678 3.4563 3.8666 3.9833 3.9749 3.7960 4.3930 4.2854 3.7710 3.7317 3.6319 4.1419 1.9954 
4.5137 6.2849 6.0752 4.5574 4.6437 4.9869 5.0448 2.9944 4.3946 5.0461 4.6384 4.1168 3.5696 3.2243 3.3966 3.0324 2.4860 2.9797 3.2300 3.0412 3.2699 3.7396 4.1844 4.5125 3.7338 2.3776 4.1712 3.9822 3.5309 3.1915 4.4070 4.1659 1.1522 
5.9905 6.1882 6.1305 4.3784 4.0669 4.3888 4.6538 4.0318 3.8507 4.5929 4.1805 3.9946 3.7761 3.8032 3.5351 2.8904 3.4259 2.8081 3.3876 3.5925 3.5150 3.6016 3.7186 4.0587 3.1928 3.2873 3.7819 3.3704 2.9036 2.9507 4.4864 4.0847 2.9114 
6.0813 6.2931 6.3671 5.2155 4.8953 3.9485 4.5538 4.3794 3.5142 4.0228 4.3524 4.1570 3.9901 3.6179 4.2000 4.0628 3.8902 4.0070 4.0791 3.4276 3.6660 3.7884 3.9235 3.4891 2.8980 3.6297 3.6726 2.8788 3.6903 3.8116 4.6856 4.1883 3.0000 
6.3655 6.1070 6.4180 5.3233 4.9036 4.9954 3.5764 5.0697 4.6006 4.3207 4.7149 4.4555 4.4940 4.3854 4.4022 4.4498 4.4032 4.3573 4.2310 4.1540 4.1733 4.0634 4.2681 3.7737 3.9914 4.3223 2.6415 3.9973 3.6972 3.9421 4.7187 4.0096 3.2714 
6.5913 6.0320 6.2480 5.6518 5.3141 5.0591 5.1530 4.7755 4.6631 3.9564 4.6155 4.4114 4.1658 4.0453 4.3883 4.1958 4.0679 4.1337 4.2179 3.8177 3.8922 4.0347 4.1596 3.3955 4.0382 4.0441 4.2905 4.0526 4.1412 4.2560 4.5964 3.8747 3.5379 
6.7061 6.0479 5.9181 5.0639 4.7556 4.4826 4.1627 4.7987 4.5916 4.2697 4.0527 3.9609 3.6952 3.6862 3.6115 3.5710 3.6234 3.5146 3.4935 3.4993 3.4425 3.5654 3.5900 3.7274 3.9838 4.0684 3.3175 3.4841 3.5994 3.6676 4.2153 3.8599 3.6239 
6.6801 6.0037 5.7386 5.1218 4.1464 4.4194 5.0438 4.9457 3.7982 4.3999 4.7659 4.4341 4.4403 4.1743 4.5095 4.1628 4.2762 4.0960 4.3523 3.9900 4.1217 4.0504 4.3218 3.8525 3.1513 4.1751 4.1693 3.4357 3.0009 3.7264 4.0794 3.7711 3.5644 
