4.5692 5.2819 4.6602 4.1178 3.9440 3.7409 3.6223 3.5590 3.4779 3.4247 3.3642 3.3064 3.5216 3.3312 3.6513 3.1239 3.0266 3.0681 3.5400 3.1378 3.2079 2.9872 2.9437 2.9000 2.8368 2.8249 2.7806 2.7867 2.7966 2.7900 3.0758 3.2365 1.6003 
4.5991 4.8135 3.2792 2.8901 2.6154 2.4837 2.4276 2.2374 2.1939 2.1665 2.0159 2.5285 0.4167 0.7733 2.6139 1.8959 -0.1875 1.8196 2.4687 0.4769 0.0244 2.1559 1.6032 1.6662 1.6263 1.5724 1.6164 1.4970 1.4419 1.5369 1.5943 2.7509 1.8161 
4.3358 4.2171 3.5771 3.4383 3.2269 3.0084 2.9635 2.8959 2.6848 2.6775 2.6259 2.5008 2.8383 2.2762 2.4808 1.0337 1.3982 0.9051 2.3173 2.0971 2.5899 2.1453 2.1872 2.1672 2.1031 2.1904 2.1429 2.0582 2.1355 2.1329 1.9664 2.2002 1.4359 
4.8948 4.3437 4.2543 3.7805 3.4240 3.2318 3.2045 3.1270 2.7584 2.4594 2.2992 2.9620 3.5027 3.1067 2.7679 3.0496 2.9066 2.9681 2.6458 2.8893 3.1941 2.6116 1.8699 1.9325 2.1623 2.4105 2.3793 2.2775 2.2920 2.4884 2.6635 2.2617 1.8185 
4.5592 3.8112 3.5909 3.0461 2.6862 2.6210 2.6024 2.6748 2.5916 3.1332 3.1647 3.4505 3.3707 2.8752 3.1858 1.8899 1.3415 1.8127 3.0707 2.6756 3.1045 3.0938 2.7291 2.6261 1.9789 1.9849 1.7722 1.6812 1.6235 1.7331 2.0323 1.6948 1.4851 
2.7452 3.1073 3.0930 2.8551 2.6961 2.5368 2.6047 2.3829 2.2389 1.8216 2.8866 2.8572 3.0804 2.4414 3.3159 2.8405 2.3043 2.7708 3.1872 2.2300 2.7717 2.5399 2.4678 1.3041 1.6491 1.6876 1.7637 1.5896 1.6159 1.5815 1.5324 1.0720 0.1342 
3.5666 3.4029 3.2667 3.2069 2.8152 2.8199 2.7898 3.1925 2.9676 3.5954 3.7685 4.2761 4.0376 3.4199 3.2515 1.6476 2.1466 1.5669 3.1306 3.2029 3.7300 3.9530 3.3445 3.0893 2.3311 2.5072 2.0024 1.8709 1.7175 1.8906 1.6926 1.3308 0.5118 
3.5148 3.2043 2.9384 2.6853 2.6140 2.6602 2.2419 3.1601 2.8373 3.2239 3.3854 3.8466 2.6757 2.6889 3.9236 3.5359 3.1188 3.4612 3.7595 2.5105 2.3822 3.5250 2.9673 2.7043 2.2377 2.4562 1.4448 1.7005 1.4854 1.3429 1.3345 1.1416 0.4354 
3.0296 2.4766 2.9007 2.5764 2.2158 2.6420 3.0373 3.1167 2.4355 2.9034 2.7335 4.2887 3.8029 3.4111 4.0782 3.9254 3.2382 3.8427 3.9570 3.1929 3.5501 3.9687 2.3075 2.3867 1.8072 2.3896 2.1820 1.7017 1.1235 1.2092 1.3147 0.2729 -0.1540 
1.2379 1.5745 2.5962 2.5828 2.3069 2.9440 2.8122 2.7103 3.3150 3.5871 3.9631 3.7220 3.2381 3.0635 3.5214 3.3783 1.2104 3.2988 3.3480 2.8226 2.9860 3.3733 3.5327 3.0767 2.7181 2.0173 2.0198 1.9958 1.2107 1.2496 1.0087 -0.5278 -1.6920 
3.7495 3.4409 3.0913 2.2606 2.2172 2.4398 2.3827 2.8962 3.0780 3.0588 3.6101 3.1662 3.0161 2.9392 2.1909 2.8952 2.8012 2.8184 2.0830 2.7222 2.7113 2.7953 3.1737 2.5329 2.4596 2.1932 1.5976 1.4917 1.1423 0.9302 1.4786 1.3402 0.7683 
3.2154 2.9181 2.7788 2.5868 2.1962 2.8613 2.2804 1.7859 2.4355 2.9341 3.8420 2.7994 3.4032 3.5713 3.4361 3.7053 3.2927 3.6408 3.2764 3.3463 3.1260 2.4764 3.4206 2.4159 1.8139 1.1097 1.4626 1.9058 1.1302 1.2457 1.2063 0.8361 0.2209 
3.2881 2.7340 2.3569 2.2906 1.7257 2.1170 2.2339 2.9296 3.2134 3.5828 4.0245 4.4234 3.9324 3.8492 3.9902 3.3299 3.0730 3.2529 3.8163 3.6425 3.6363 4.0614 3.5843 3.0747 2.6212 2.2169 1.4101 1.1584 0.6300 1.0021 0.7763 0.6810 0.3967 
2.8623 3.1736 2.8227 2.6200 2.1842 3.0395 3.0287 3.0330 2.9998 3.7574 3.6640 3.3369 3.1850 3.2599 3.6014 3.1748 2.6243 3.1180 3.4799 3.0853 2.9175 3.0156 3.2279 3.2474 2.3639 2.2898 2.1791 2.0884 1.1292 1.2845 1.2367 1.1447 -0.2759 
2.6255 2.7194 2.6502 2.9488 1.8704 1.8862 2.2034 2.7094 2.6658 2.8659 3.6180 3.6638 1.3528 2.6416 3.5093 3.1249 3.5215 3.0699 3.3384 2.4389 1.0489 3.3012 3.1821 2.3497 2.0839 2.0170 1.3682 0.9353 0.7581 1.6403 1.0789 0.6772 -0.5873 
2.3116 2.9374 2.3449 2.1129 1.2461 2.2366 2.6430 2.3816 3.0061 3.5859 3.7913 3.3226 2.5777 3.4888 3.6034 2.1661 1.6197 2.1045 3.4841 3.2499 2.2667 2.9964 3.3675 3.0798 2.3680 1.6888 1.8065 1.2865 0.1503 0.7690 0.7712 0.8587 -0.9892 
1.7533 2.7736 2.6353 2.7746 3.0641 3.2469 3.1318 2.9708 3.2070 3.8452 4.3564 3.6112 3.0953 2.3765 3.2546 3.4812 3.4157 3.3932 3.1385 2.1824 2.7877 3.2437 3.9368 3.3271 2.6212 2.2484 2.2951 2.2921 1.9342 1.4750 1.0635 0.7507 -1.2166 
1.6388 2.4928 3.2360 2.3156 2.6205 2.7597 2.9595 2.8571 2.8131 3.4608 4.1439 3.6043 3.1468 3.1316 3.0677 3.1399 1.3411 3.0865 2.9083 2.9272 2.8598 3.2389 3.7109 2.9428 2.2224 2.1613 2.1427 1.8097 1.5111 1.0141 1.6627 0.4270 -1.1859 
3.0982 2.3945 2.6296 2.3755 2.7807 2.6806 2.5934 2.6728 2.7679 3.5538 4.3556 3.6141 2.3542 3.5972 3.5197 3.8044 3.4210 3.7315 3.3455 3.3856 2.1050 3.2449 3.9366 3.0544 2.1791 1.9679 1.7532 1.7300 1.6907 1.1013 1.0516 0.3181 0.1958 
2.0175 2.9110 2.8858 2.0641 2.2553 2.3701 1.7217 2.2465 2.7858 2.8815 3.9197 2.9251 3.1141 3.1033 3.3031 3.3158 3.4750 3.2491 3.1784 2.8849 2.8138 2.5824 3.5031 2.3698 2.1909 1.5602 0.8692 1.4082 1.1633 0.7097 1.2833 0.8622 -0.7159 
3.3871 3.0645 2.8151 2.5476 2.3201 2.4887 2.6069 2.9059 3.1417 3.4730 3.3887 2.7881 1.7301 3.1735 2.6673 2.9565 2.8140 2.8779 2.5645 2.9849 1.4782 2.4514 2.9650 2.9456 2.5638 2.2018 1.7581 1.5481 1.2250 1.2216 1.2255 0.9919 0.4534 
2.5346 2.7472 2.4700 1.0852 2.1545 2.8061 3.0836 3.0592 2.0175 3.0389 3.0164 2.8458 1.8457 2.2424 3.2899 2.7643 1.7633 2.6955 3.1661 2.0666 1.6161 2.5226 2.5825 2.5098 1.4006 2.3094 2.2432 1.8560 1.0460 -0.2927 0.8523 0.7071 -0.6088 
3.1270 2.2019 2.7745 2.3790 2.2532 2.7977 3.0065 3.4031 3.0170 3.5373 3.6532 2.9629 2.9097 3.3477 3.5672 3.6983 0.5065 3.6341 3.4293 3.1495 2.6412 2.6084 3.2190 3.0269 2.3666 2.6877 2.1691 1.8419 1.1738 1.0733 1.2106 0.0079 0.0768 
1.6963 2.4599 2.6640 2.2781 0.9551 1.8269 2.3596 2.8070 2.7664 3.2411 3.6551 1.8021 2.7566 2.7108 2.8865 3.1662 3.0008 3.1089 2.7484 2.5329 2.4986 1.4384 3.2207 2.7279 2.1673 2.1253 1.5784 0.8664 -0.1612 0.9401 1.0918 0.4398 -2.1260 
3.3966 3.0666 2.8671 2.6918 2.5893 2.6589 2.7469 2.3616 2.6502 3.4460 3.1329 3.1123 2.0978 2.6556 3.5318 3.3101 1.8050 3.2451 3.3677 2.4597 1.7771 2.7476 2.6952 2.9187 2.0721 1.6672 1.9247 1.7013 1.4402 1.3646 1.2662 0.9549 0.3429 
1.2525 2.2203 2.1104 1.7211 2.8473 2.9981 2.8757 3.3177 2.6064 1.9139 2.3581 2.7715 2.4489 3.3078 3.4517 3.2536 1.2853 3.1938 3.2859 3.1202 2.1791 2.4341 1.9292 1.3861 1.9827 2.6273 2.0920 2.0437 1.7472 0.3806 0.4995 0.1902 -1.6871 
2.3878 1.8902 2.2939 1.9119 2.1352 2.3767 1.9019 2.6044 3.0722 3.3810 3.7805 3.2106 1.7750 2.4123 3.3704 3.7290 3.3976 3.6694 3.2341 2.2025 1.4795 2.8502 3.3569 2.8597 2.4478 1.8714 1.0901 1.4199 1.0031 0.6249 0.7268 -0.1674 -0.4347 
2.7663 2.6102 2.4623 2.8769 2.4948 1.9260 2.7231 2.7882 2.3680 2.8370 3.2359 2.8131 2.7177 2.6735 3.4121 3.6137 3.2895 3.5600 3.2547 2.4715 2.4461 2.4853 2.7946 2.3191 1.7602 2.1125 1.8979 0.9926 1.3418 1.5984 0.8632 0.5252 -0.1772 
3.4110 2.1716 1.6181 2.5834 2.6195 2.2327 2.7270 3.0409 2.9030 2.7847 3.7730 3.2104 3.0680 2.8093 2.9504 2.5801 -0.5022 2.5116 2.7851 2.6222 2.7644 2.8490 3.3497 2.2882 2.2888 2.2912 1.9031 1.2746 1.4953 1.2454 -0.0516 0.1696 0.4273 
2.2408 2.3185 2.8204 2.5715 2.5618 2.3240 2.5690 1.8952 3.0303 3.5015 4.0049 3.2853 2.5397 2.7678 3.0542 3.4343 3.0864 3.3506 2.8922 2.5900 2.2257 2.9513 3.5605 2.9775 2.3876 1.1895 1.7177 1.3694 1.4048 1.2279 1.2415 0.3291 -0.7163 
2.8871 2.8510 2.3396 2.3711 1.9224 1.4962 2.7757 3.0913 2.8784 3.3235 3.5328 2.3963 2.8048 2.6038 3.2646 3.1028 3.0700 3.0512 3.1455 2.3723 2.5717 2.0720 3.0896 2.8024 2.2641 2.3578 1.9799 0.5646 0.7937 1.0808 0.7471 0.8102 0.0334 
2.4370 2.5761 2.1744 2.3150 2.4032 1.6447 2.0644 2.0846 2.4342 3.1979 2.8038 2.6692 2.8790 2.9401 2.6897 2.7973 2.0214 2.7383 2.5807 2.7189 2.6164 2.3005 2.3751 2.6858 1.8192 1.3363 1.2094 0.6977 1.2825 1.0323 0.5944 0.4857 -0.5702 
2.3043 1.8849 2.1017 2.6315 1.7789 1.9014 1.4860 2.2307 2.2118 3.1051 3.2457 3.2265 2.6209 2.6362 2.7276 3.0938 2.8106 3.0438 2.6126 2.4228 2.3131 2.8726 2.8070 2.5987 1.6333 1.5401 0.6723 0.9396 0.6896 1.3045 0.5010 -0.1908 -0.6769 
2.2730 2.8503 2.7642 2.7228 2.5688 2.6833 3.4070 3.7331 3.1712 2.9418 3.0408 0.9835 1.6242 2.0492 2.3065 2.3944 1.0167 2.3156 2.1880 1.8124 1.3154 0.6359 2.5957 2.4157 2.5829 3.0619 2.6013 1.7311 1.4169 1.4008 1.1931 0.8091 -0.5417 
2.3177 2.7970 3.2875 2.8010 2.5655 2.9695 3.6138 3.6236 2.7573 2.7138 2.8715 1.9066 1.8038 1.5262 1.4991 1.5490 1.8784 1.4727 1.3395 1.2965 1.5453 1.5838 2.4484 2.2043 2.1625 2.9161 2.7753 2.0088 1.4173 1.4912 1.7087 0.7549 -1.3141 
2.4856 2.7613 2.8555 2.3115 2.3486 1.9171 2.0779 2.3381 2.4165 2.0289 1.0469 1.2624 1.1825 0.9789 1.5537 1.0262 -0.3535 0.9414 1.3868 0.7732 0.8740 0.9026 0.6282 1.4992 1.8055 1.6563 1.2297 0.9576 1.2410 1.0466 1.2613 0.7299 -0.6276 
3.0036 2.2290 2.5517 2.8146 1.6185 2.1845 2.5694 2.9772 1.8771 1.7595 2.0820 2.0203 1.2676 1.8554 1.3128 1.2056 -0.1353 1.1519 1.1932 1.6705 0.9895 1.6616 1.6390 1.2441 1.2796 2.2484 1.7211 1.2267 0.4202 1.5312 0.9179 0.1662 -0.0541 
3.1030 2.5813 2.3277 2.2826 1.7470 1.6669 2.9161 2.3273 2.2555 0.7184 1.8576 1.7183 1.8470 1.3986 1.1572 1.3366 1.4109 1.2807 1.0109 1.2013 1.6119 1.3542 1.4371 0.1877 1.6671 1.6477 2.1109 0.7173 0.6639 0.9686 0.7443 0.4192 0.0470 
2.7010 2.4543 2.0003 2.7652 2.0119 1.1327 2.0952 1.2533 2.0911 1.3047 1.7645 1.9528 0.9612 1.5916 1.3514 1.4635 1.6966 1.3851 1.2328 1.3419 0.6964 1.6222 1.3329 0.7782 1.4561 0.5662 1.2433 0.1907 0.8619 1.4552 0.3795 0.3822 -0.3455 
3.0857 2.7675 1.6058 3.0239 2.0809 2.3766 3.0835 2.8121 2.1627 2.1736 2.5281 1.6331 2.0613 1.1802 2.1096 1.7840 0.8707 1.7203 1.9537 0.9654 1.7532 1.2592 2.0986 1.6665 1.5687 2.1282 2.2433 1.4240 0.9225 1.6884 0.0563 0.7144 0.0545 
2.8273 2.2106 2.2774 1.9366 1.8409 2.3602 2.5588 2.5987 1.8320 1.8226 2.1383 1.6439 2.2250 2.1337 1.7906 1.9900 1.7864 1.9061 1.6688 1.9057 1.9520 1.2778 1.6959 1.3197 1.2393 1.8593 1.7082 1.4103 0.7421 0.6580 0.6821 0.2035 -0.2129 
2.5446 2.5374 2.5485 2.1289 1.4802 2.6331 2.8409 2.5666 2.1306 1.8626 2.0962 2.1737 2.1136 1.7881 0.8525 1.5616 1.2402 1.4735 0.7337 1.6130 1.8095 1.8108 1.6514 1.3477 1.5144 1.8149 2.0511 1.6826 0.3737 0.7909 0.9114 0.4717 -0.3383 
2.5976 2.1651 2.2982 2.6865 2.3186 2.1308 2.4487 1.7214 2.0963 2.1459 1.7614 1.7562 1.8108 1.6102 1.5422 1.4007 1.3016 1.3355 1.3759 1.3594 1.5570 1.3962 1.3238 1.6376 1.4578 1.0234 1.6381 1.1751 1.2168 1.3602 0.7343 0.0560 -0.4348 
3.4738 3.2550 2.7773 2.2094 2.0157 2.2928 2.2291 1.6747 2.1549 2.3148 1.0885 1.5875 1.0157 1.1678 1.0456 1.6615 1.1238 1.6127 0.8840 0.9374 0.7363 1.2099 0.6590 1.8069 1.5673 0.9455 1.3984 1.3393 0.8768 0.8691 1.1977 1.2047 0.4164 
0.6141 2.4157 2.2913 2.0327 2.2439 2.3408 1.9891 1.9616 1.2724 0.0914 0.4681 1.1366 0.8415 2.0639 1.4727 1.5197 0.5991 1.4351 1.3280 1.8191 0.5827 0.7541 0.0618 -0.4485 0.6820 1.2503 1.1677 1.3897 1.1505 0.7231 0.7166 0.3724 -3.0556 
3.7052 2.8454 2.3314 0.5987 0.5219 1.2591 1.5882 0.6775 1.3863 1.5791 2.1055 1.4232 1.4864 1.3589 1.8213 1.6536 1.3299 1.6020 1.7060 1.1742 1.2131 1.0953 1.6641 1.0643 0.7981 -0.0838 0.7406 0.3186 -0.5401 -0.7293 0.7631 0.7433 0.7260 
2.6664 2.6304 2.3794 1.7143 1.8149 0.8298 1.6054 2.1243 2.2220 2.0115 1.8516 0.9586 1.5586 1.5381 1.4562 -0.0945 0.6853 -0.1806 1.3181 1.3145 1.2593 0.6456 1.4237 1.4845 1.6346 1.3891 0.7498 -0.1037 0.7158 0.3738 0.7819 0.5644 -0.4018 
3.0522 2.1953 1.9000 1.9893 1.8803 2.1056 1.8415 1.6838 2.7180 2.4309 2.4997 0.8014 2.2901 2.4007 2.1102 1.6878 1.1613 1.6311 1.9560 2.2018 2.0392 0.4196 2.0781 1.9082 2.1294 0.9543 1.0351 1.1483 0.7586 0.6749 0.3518 0.2447 0.0097 
-1.7441 2.7766 2.1200 1.5700 2.0417 1.8432 1.5305 1.5682 1.6891 1.6677 1.9477 0.8425 1.6759 2.0744 1.9463 1.3868 1.3334 1.3237 1.8031 1.8235 1.3783 0.5150 1.5257 1.1611 1.1081 0.8283 0.7155 0.8874 0.8995 0.2772 0.5078 0.7621 -2.0283 
3.9208 3.0936 2.3043 2.1889 1.2946 1.2778 1.7150 1.1202 1.6901 0.8997 1.2560 1.3474 1.2486 1.8846 1.6285 1.6258 1.6902 1.5540 1.4667 1.6926 0.9741 1.0102 0.8246 0.3858 1.1034 0.3786 0.8765 0.3221 0.1987 0.8593 0.7293 0.9723 0.9319 
2.7628 2.5548 2.4996 2.2892 1.6464 1.1378 2.1384 1.4299 1.5684 1.2085 1.2323 1.5709 0.9765 0.2730 -0.0921 1.2195 0.7883 1.1667 -0.2136 0.0910 0.7129 1.1990 0.7987 0.6910 0.9294 0.7206 1.2994 0.2094 0.5041 0.9702 0.8871 0.4586 -0.1502 
2.8806 3.1183 2.7148 2.4345 2.3091 2.1624 2.1770 2.0285 2.0580 1.8759 1.3880 1.9254 1.9600 1.9588 1.4636 1.9340 2.0906 1.8574 1.3285 1.7458 1.6870 1.6089 0.9713 1.3544 1.4169 1.3013 1.3393 1.2100 1.2202 1.1417 1.1545 1.0838 -0.0937 
4.1361 3.4997 3.1568 2.5521 2.4996 2.6010 2.3443 2.4216 2.2161 2.2944 1.6288 1.8454 1.5646 1.6741 2.0886 2.1806 1.7804 2.1257 1.9187 1.4598 1.2606 1.5184 1.1794 1.7844 1.6305 1.7137 1.5527 1.6458 1.3555 1.2135 1.5878 1.3606 1.1810 
2.2095 2.4978 2.3181 2.0445 1.7805 1.8989 1.6351 0.9098 1.5763 1.1960 1.6161 1.7832 1.7022 0.8484 1.7891 0.9202 1.6455 0.8590 1.6688 0.6716 1.4096 1.4254 1.1719 0.6837 0.9339 0.2212 0.7879 0.9376 0.6905 0.7188 0.7586 0.4615 -0.9317 
2.5193 2.1607 2.4432 1.8290 1.6622 1.7925 2.0792 2.6324 2.1712 1.8822 1.6326 1.6006 1.8262 2.1074 1.1043 0.8153 1.2360 0.7538 0.9416 1.8656 1.5952 1.2236 1.1883 1.3650 1.5821 1.9095 1.2265 0.8365 0.5515 0.5134 0.8472 0.0696 -0.4899 
3.5178 3.0583 2.8373 2.5994 2.0826 2.5505 2.1625 2.6699 2.5930 2.1855 1.9344 1.8024 1.0519 1.7845 1.7198 1.8446 0.5365 1.7856 1.6139 1.6114 0.7640 1.4532 1.5079 1.6762 1.9680 1.9662 1.3256 1.5990 0.9249 1.2605 1.2529 0.9412 0.4856 
3.6533 2.6303 2.2685 2.1177 1.6038 1.6595 1.8376 1.6427 1.9908 1.3205 0.6870 2.0810 1.1947 1.2333 1.3423 1.5513 0.7451 1.4650 1.2255 1.0367 0.8918 1.6999 0.2503 0.8049 1.3557 0.9104 1.0373 0.7001 0.4558 0.7841 0.6835 0.4534 0.6691 
1.0092 1.9720 1.7911 0.6143 1.1792 2.0466 2.6601 2.3992 1.9220 1.0843 1.5846 1.6194 1.8375 1.5177 1.5930 2.0709 0.6558 1.9836 1.4170 1.2936 1.6064 1.2379 1.1488 0.5454 1.3060 1.6957 1.8214 1.1134 0.0371 -0.6352 0.2227 -0.0916 -2.0953 
3.2037 2.7024 2.4158 2.0865 1.5500 1.3401 2.3133 2.2060 1.5390 1.8793 1.4305 0.8521 1.3891 0.0853 1.5818 1.2729 1.6629 1.2134 1.4102 -0.1253 1.1481 0.4954 1.0005 1.3616 0.8973 1.5040 1.5172 0.3998 0.3972 0.7415 0.8137 0.6484 0.2279 
2.7542 2.0548 2.1326 1.8638 2.1942 2.2869 2.0593 2.2692 1.4186 1.0365 2.0453 1.7168 0.9783 1.1688 1.3657 1.5456 0.8322 1.4592 1.2422 0.9417 0.7098 1.3467 1.6181 0.5221 0.8069 1.5938 1.2160 1.3307 1.1129 0.5623 0.5401 -0.0857 -0.1984 
3.7935 3.2401 2.7628 2.4998 1.9331 2.0982 2.1278 2.2715 2.1225 2.3959 1.6510 1.8163 1.7300 1.5318 2.1358 2.0990 1.6356 2.0202 1.9991 1.3118 1.4484 1.4768 1.2079 1.8721 1.5059 1.5953 1.2910 1.1417 0.8177 1.1774 1.1824 1.1667 0.8148 
1.8315 2.1033 1.7499 2.0163 1.8102 1.9306 0.3822 1.9886 1.7572 1.5093 1.0130 1.3048 1.6675 1.8673 1.8202 0.9471 0.5281 0.8685 1.6994 1.6814 1.3644 0.9566 0.5966 0.9828 1.1695 1.2678 -0.3437 0.9732 0.7102 0.7074 0.1736 0.0393 -1.0713 
1.2473 2.6056 2.1875 2.0910 1.1992 0.7416 1.4536 2.2982 1.6670 1.9731 2.1337 2.0125 1.9641 1.9452 1.4069 1.3323 1.6851 1.2665 1.2767 1.7374 1.6860 1.6574 1.6916 1.4487 1.0495 1.6274 0.6622 -0.1914 0.0707 0.7394 0.6193 0.5326 -1.1079 
3.0498 2.9811 2.2682 2.2786 1.7444 1.7900 2.2547 2.3265 1.2252 1.8728 1.7353 1.9381 1.5959 1.9371 1.9578 1.3592 1.5789 1.3005 1.8112 1.7333 1.2806 1.6143 1.2997 1.3521 0.6377 1.6463 1.4318 0.8445 0.6563 0.9707 0.6920 0.8884 0.0514 
3.9787 3.4203 2.9003 2.6415 2.5632 2.5728 2.2862 2.3300 2.0977 2.2550 2.2265 1.8267 2.0938 1.7041 1.5360 1.7086 1.4019 1.6524 1.3750 1.5003 1.7846 1.4927 1.7930 1.7409 1.4629 1.6493 1.4701 1.6157 1.4077 1.3087 1.2951 1.3094 0.9468 
2.6320 2.5632 2.3402 2.0703 1.7122 2.2074 2.0502 2.5435 2.0969 1.4650 1.9298 1.7612 1.6641 1.0389 1.8881 1.3628 0.7940 1.2979 1.7599 0.8038 1.3589 1.4002 1.5127 0.9464 1.4621 1.8017 1.2150 1.2550 0.6440 0.7328 0.7649 0.4677 -0.3253 
3.3601 2.3202 1.0835 0.9676 1.6368 1.6250 2.5645 2.1841 2.2082 1.9082 1.2603 1.6377 1.3803 1.6258 1.2324 1.3758 1.4096 1.3155 1.1281 1.3822 1.1389 1.2634 0.8261 1.3827 1.6268 1.4683 1.7128 0.6783 0.4968 -0.3582 -0.5174 0.2078 0.3625 
2.2796 2.2942 1.2591 1.8494 1.9413 1.8608 1.5490 1.9828 1.8939 1.7589 2.0286 1.7396 1.6823 1.5522 1.2251 0.7951 0.8952 0.7389 1.1076 1.3210 1.3861 1.3733 1.6102 1.2485 1.2903 1.2634 0.7277 0.9091 0.8127 0.5572 -0.2387 0.2891 -0.7403 
2.8350 1.6763 2.5054 1.9642 1.8095 2.2966 1.3417 2.0317 1.7602 1.7422 1.9963 1.1334 1.4229 1.8208 1.7791 1.7191 1.4313 1.6630 1.6559 1.6481 1.1705 0.7480 1.5842 1.2329 1.1692 1.2991 0.5212 1.3387 0.7042 0.6514 0.8706 -0.4896 -0.2055 
3.0908 2.3541 2.4215 1.6963 1.7345 1.8763 1.7943 2.3297 1.6972 1.4969 1.2808 1.8088 0.3667 2.0509 2.2729 1.9712 1.6421 1.8876 2.1502 1.8131 0.1641 1.4548 0.8564 0.9637 1.0954 1.6529 0.9565 0.9122 0.6272 0.3596 0.8052 0.2703 0.0372 
2.6051 2.7309 2.3289 1.5145 1.6406 0.7827 1.1350 2.2985 2.0417 2.0813 1.4184 1.6450 1.6768 1.7558 1.9589 2.2250 1.9050 2.1658 1.8134 1.5793 1.3755 1.2738 0.9952 1.5506 1.3998 1.6287 0.2908 -0.1628 0.4975 0.2157 0.7401 0.6980 -0.3904 
2.9157 2.1896 1.4067 1.5464 1.6470 1.7547 2.3443 1.6410 1.0812 1.7084 1.5185 1.9891 1.7071 2.4540 1.5489 0.7491 0.9436 0.7001 1.3775 2.2382 1.4245 1.6442 1.1009 1.1952 0.4513 0.8857 1.5516 0.8012 0.4952 0.2146 -0.2030 0.0887 -0.1496 
1.7548 2.1235 1.3967 1.4452 1.3696 1.6209 1.3722 1.5023 1.0534 0.9927 1.4471 1.6381 1.6900 1.7012 1.7774 1.1223 1.2696 1.0281 1.6575 1.5001 1.3934 1.2683 1.0259 0.4594 0.4291 0.7802 0.5926 0.6613 0.2639 0.1781 -0.1909 0.0539 -1.1083 
3.2485 2.2389 2.1205 2.1408 1.8616 1.3426 0.9218 1.6658 1.6510 1.2634 1.1721 1.7198 1.8940 1.8710 1.6683 1.5382 0.2321 1.4547 1.5327 1.6841 1.6434 1.3528 0.7294 0.7446 1.0410 0.9357 0.1235 0.3870 0.7621 0.8106 0.5008 0.0931 0.2670 
1.5491 1.7321 1.4995 1.1826 1.1881 1.6131 0.8274 0.3799 0.5341 1.3929 1.3240 1.3398 -0.1925 0.8574 1.2024 0.8826 -0.6976 0.8256 1.0787 0.6800 -0.4838 0.9982 0.8776 0.8772 -0.0895 -0.3184 0.0344 0.6561 0.0709 -0.1647 -0.0832 -0.2934 -1.2598 
3.0557 2.2264 1.2671 1.8456 1.9981 1.9754 1.2360 1.2110 1.9503 1.2926 2.2110 1.6136 0.2784 1.3732 1.7000 1.8170 1.8105 1.7593 1.5879 1.1926 -0.0142 1.2291 1.7771 0.7826 1.3348 0.5007 0.3962 1.0167 0.8589 0.5706 -0.3612 0.2583 0.0529 
2.4961 2.1995 2.4077 1.8692 1.9811 1.6176 2.2071 1.4625 1.9620 2.1034 1.8577 1.2019 1.7081 2.0767 1.5459 1.4587 1.8421 1.3807 1.3809 1.8233 1.4250 0.8515 1.4286 1.5945 1.3408 0.7591 1.3724 0.6603 0.8538 0.5776 0.8149 0.1642 -0.5318 
3.0506 3.1365 2.5838 1.9288 1.7842 1.6843 2.0990 1.4080 1.5581 2.1544 1.7048 -0.0690 1.6338 1.2431 0.4064 1.2066 -0.4748 1.1538 0.2856 1.0428 1.3313 -0.4695 1.2648 1.6469 0.9333 0.7103 1.2511 0.7400 0.6912 0.6339 0.9581 1.0950 0.0023 
3.0237 2.6527 2.2499 2.3309 2.2517 1.6597 1.7899 2.3706 1.6451 1.2376 1.2636 1.7421 0.8707 0.8087 0.8734 1.1534 1.1828 1.0820 0.7619 0.6319 0.6318 1.3796 0.8262 0.7272 1.0197 1.6775 0.9844 0.6935 1.1618 1.0457 0.6884 0.6063 0.0413 
3.4352 2.3666 2.2126 2.0695 1.4326 2.0897 1.2379 1.6867 2.1572 1.1976 0.8222 1.3405 1.5282 0.9626 1.3533 1.1653 -0.7892 1.1108 1.2317 0.7635 1.2365 1.0039 0.3888 0.6802 1.5658 0.9693 0.3894 1.1319 0.2995 0.7347 0.6661 0.2794 0.4294 
2.2967 2.5904 2.6355 2.0921 1.6180 1.7250 0.3803 1.9997 0.0499 1.2066 1.7652 2.2115 1.3957 1.0652 1.7352 1.3411 1.4984 1.2828 1.6253 0.8337 1.1506 1.8455 1.3346 0.7035 -0.6407 1.2796 -0.3710 0.7630 0.4592 0.7525 1.0505 0.5461 -0.5504 
2.7165 1.7564 1.8763 1.8802 1.6745 1.6450 1.2511 1.8865 1.4448 1.7287 1.9891 1.8487 1.5306 1.7834 0.5113 1.4368 1.1507 1.3590 0.3779 1.6123 1.2334 1.5245 1.5670 1.2220 0.8305 1.1974 0.4166 0.6849 0.5624 0.5945 0.3084 -0.2809 -0.2419 
2.6174 2.0193 2.0570 1.8406 1.7030 2.5616 2.2330 2.2235 1.5225 1.2522 2.0416 1.9156 1.7304 1.6915 1.4298 1.4840 0.7580 1.4015 1.2955 1.4758 1.4538 1.5900 1.6171 0.7419 0.8837 1.5273 1.4100 1.6062 0.6125 0.5694 0.4129 -0.0134 -0.3450 
2.3438 2.3726 1.7391 1.6407 1.3247 2.2687 2.1363 1.2838 1.8830 2.0576 1.4671 1.4177 0.7993 0.8479 0.9047 0.9191 0.5102 0.8554 0.7781 0.6675 0.5284 1.0969 1.0477 1.5267 1.2845 0.5995 1.2968 1.3146 0.2464 0.3047 0.1735 0.3073 -0.7143 
3.3569 2.6177 2.2978 1.6802 1.6678 1.7318 1.5921 1.4986 1.4965 0.6676 1.9159 1.2215 1.7317 1.3418 1.7881 1.4699 1.1425 1.3866 1.6671 1.1627 1.4529 0.8565 1.4970 0.1317 0.8692 0.7800 0.7464 0.7765 0.5644 0.3474 0.7256 0.4929 0.3620 
2.8683 2.8052 2.6267 2.2878 1.7699 2.2934 1.6946 1.3219 1.4962 1.1561 1.2766 0.4256 1.4346 1.7377 1.1838 1.5560 0.1186 1.4692 1.0495 1.5506 1.1770 0.0793 0.8400 0.6430 0.8636 0.6525 0.8513 1.3374 0.6956 0.9636 1.0354 0.7611 -0.1236 
3.5134 2.6623 2.3687 1.8766 2.1885 1.7667 1.2544 1.8445 1.5882 1.6257 0.9919 1.2814 1.9431 1.1114 0.8964 1.2938 1.6189 1.2349 0.7710 0.8596 1.6742 0.9264 0.5667 1.1195 0.9409 1.1692 0.4234 0.8090 1.1028 0.5897 0.7716 0.5455 0.4720 
2.5651 1.7877 1.2497 0.9298 1.2226 1.0564 0.7844 1.7552 1.3998 0.3180 0.9120 1.3441 1.1545 1.0156 1.3795 0.8270 0.3192 0.7619 1.2550 0.7999 0.8509 1.0126 0.4886 -0.1965 0.7981 1.0666 -0.0418 0.0995 0.1353 -0.3527 -0.3031 -0.2657 -0.4002 
2.4669 1.2147 1.8453 1.2098 1.0214 1.1847 1.6357 1.3017 0.7155 1.4753 1.2058 1.7751 1.0562 1.1813 0.9889 1.0853 -1.8640 0.9980 0.8529 0.9582 0.7635 1.4180 0.7638 0.9516 0.1227 0.6184 0.7910 0.2341 -0.1008 -0.1206 0.2680 -0.7516 -0.5692 
2.4802 1.6241 0.3194 1.0086 1.7084 1.1365 1.5483 1.3590 1.1410 0.9615 0.7646 0.9598 0.5338 0.7018 -0.0611 0.9108 0.7016 0.8473 -0.1768 0.4734 0.2539 0.6484 0.3233 0.4303 0.5080 0.6830 0.7122 0.1824 0.6256 -0.3300 -1.0070 -0.4245 -0.6504 
3.3085 2.7223 2.5842 2.1040 2.1161 1.9494 1.3257 1.8342 1.8650 1.6332 0.9306 1.8125 1.5614 1.3373 0.1611 0.8347 1.4221 0.7711 0.0110 1.1594 1.2610 1.4674 0.5151 1.1261 1.2652 1.1615 0.5099 0.9904 0.9906 0.7546 0.9613 0.6555 0.3148 
3.3071 2.6364 1.8090 2.1508 1.8042 1.9080 1.4033 1.1661 1.7564 0.8807 1.3707 1.4036 1.3756 1.3325 1.2065 1.1816 0.9476 1.1312 1.0866 1.1537 1.1369 1.0860 0.9433 0.3799 1.1677 0.4345 0.6200 0.9489 0.7158 0.8246 0.2221 0.5403 0.3402 
2.2729 2.1373 2.1081 1.1668 2.1445 1.7636 2.3665 1.2442 1.9500 1.9961 1.4832 1.7527 1.7527 1.9625 0.8706 1.3365 0.1869 1.2715 0.7632 1.7484 1.4825 1.3900 1.0726 1.4669 1.3375 0.5550 1.5725 0.8085 1.0324 -0.1133 0.4926 0.1382 -0.6950 
2.0946 2.1760 2.3983 2.1913 2.2158 2.4888 2.1850 2.5707 2.6528 2.1100 1.5341 0.8529 1.3566 2.2050 2.0178 1.5442 0.8202 1.4581 1.8511 2.0143 1.1310 0.5062 1.1151 1.5965 2.0692 1.8210 1.3460 1.5336 1.1330 0.8596 0.8057 0.1628 -0.7593 
2.8686 2.3634 2.3909 1.6350 0.2398 1.8395 1.7025 2.3463 2.1380 0.3858 1.9390 2.0720 1.2770 1.7965 1.3336 1.8198 1.8747 1.7634 1.2086 1.6211 0.9999 1.6936 1.5219 -0.1482 1.5273 1.6627 0.8690 0.8829 -0.7887 0.2900 0.8060 0.2722 -0.0995 
1.6109 2.8563 2.3407 2.3460 2.1661 2.3381 2.9586 2.0349 1.4638 1.2361 0.6960 2.2052 1.7159 2.2616 1.3337 1.4651 1.3270 1.3848 1.2064 2.0888 1.4367 1.8391 0.2713 0.7296 0.8539 1.2932 2.1373 1.3887 1.0567 1.0523 0.7559 0.8155 -1.8497 
2.9333 2.2938 2.5112 2.2515 2.2653 3.0457 2.8625 1.2422 1.4982 1.6786 1.3849 1.6067 1.3629 1.0012 1.6314 0.4270 1.8530 0.3681 1.4751 0.7883 1.1317 1.2243 0.9663 1.1701 0.8731 0.5645 2.0765 2.0901 1.1747 0.9135 0.8876 0.1917 -0.1003 
2.7753 1.5061 1.8510 1.1892 2.0679 1.9649 2.6369 2.2100 1.9111 0.5034 2.0447 1.7554 1.6284 1.7429 1.7042 0.2873 1.2785 0.2307 1.5909 1.5612 1.3233 1.3924 1.6186 -0.0552 1.3041 1.5082 1.8037 1.0172 0.9203 -0.1632 0.2840 -0.6394 -0.1899 
3.5571 3.0213 2.3721 2.1801 1.9996 1.2711 1.8936 2.3393 2.3207 1.4729 1.5316 1.7674 2.1822 1.7689 -0.1707 0.9474 0.6143 0.8755 -0.2693 1.5929 1.8913 1.4158 1.1126 0.9372 1.7251 1.6607 1.1033 0.3020 0.8638 0.8531 0.7776 0.8804 0.5547 
