3.7648 3.3640 2.8892 2.3556 0.8039 1.6976 1.8687 1.7009 1.2434 1.6019 1.4722 1.6223 1.5947 1.1603 1.8058 1.7147 1.6480 1.6460 1.6480 0.9393 1.2579 1.1857 0.9346 0.9869 0.5064 0.8872 0.9044 0.5440 -0.6014 0.7941 0.9796 0.8933 0.0920 
3.8060 3.8192 1.1097 1.8414 1.6291 1.5499 1.4149 1.5133 0.8141 1.7058 1.2947 1.2861 0.4504 1.3561 1.0771 1.0589 1.7710 0.9889 0.9337 1.0865 0.1242 0.8897 0.7883 1.0972 0.0401 0.6386 0.3971 0.3997 0.3224 0.2759 -0.6038 1.3249 0.2278 
4.0084 3.8538 3.8484 3.3769 2.1836 2.6350 1.9313 1.4296 0.4349 1.4459 0.8963 0.7343 1.6418 1.4828 0.8245 0.3922 0.8085 0.3314 0.6213 1.1926 1.3144 0.3300 0.3683 0.7978 -0.2584 0.5254 0.9270 1.4816 0.8636 1.7905 1.9352 1.4047 0.3800 
2.9424 4.0308 3.8985 3.2796 3.3091 2.5937 2.5312 2.8208 2.7554 2.5934 2.5182 2.2644 2.0963 1.7589 1.7457 1.3205 0.0574 1.2195 1.5960 1.5376 1.7293 1.8448 2.0123 1.9597 2.0478 2.0146 1.5221 1.4497 1.9987 1.6947 2.0136 1.5854 -0.4403 
3.6801 3.8690 3.2563 3.3634 3.2248 2.6283 2.2097 1.6402 1.8060 1.8192 2.3538 1.9296 1.0888 1.1551 1.4314 1.9730 2.3402 1.8693 1.2229 0.9436 0.7676 1.5023 1.8418 1.2001 1.0715 0.8320 1.2156 1.4722 1.8694 1.7727 1.3204 1.4233 0.2806 
3.1939 3.6408 3.5093 3.1660 2.8140 2.5404 2.6603 2.1839 2.0876 2.2741 2.6448 1.6865 1.2854 1.6779 1.5668 2.3274 2.1836 2.2580 1.4323 1.4662 0.9518 1.2735 2.1102 1.6671 1.3558 1.3450 1.6505 1.3832 1.4968 1.5554 1.5923 1.1552 -0.1906 
3.3997 3.6725 3.8807 3.5701 2.6395 2.6005 2.4056 3.1846 2.6033 3.0140 2.6957 1.7262 2.7176 3.0100 2.7643 2.9866 3.0615 2.8911 2.6300 2.7577 2.3723 1.3502 2.1691 2.3808 1.8163 2.2810 1.4439 1.4530 1.2808 2.0184 1.9889 1.1719 -0.4243 
3.9867 4.3729 3.9616 3.2590 2.1736 1.9711 2.7878 2.6751 2.8964 3.1774 3.0716 2.7207 2.5836 2.7232 2.7300 1.8072 1.6782 1.7074 2.6006 2.4851 2.2123 2.2798 2.5685 2.5418 2.1795 1.8010 1.7921 0.8498 0.8976 1.6646 2.0589 1.8701 0.2920 
3.2639 3.1755 2.8556 2.6865 2.4657 3.0307 2.3674 3.2726 1.1657 2.9099 3.9239 3.1971 2.1392 2.4450 2.1140 2.5378 0.1658 2.4313 1.9736 2.1871 1.7927 2.7360 3.4027 2.2946 0.4527 2.4091 1.4253 1.8815 1.1049 1.0916 0.9547 0.6638 -0.5058 
3.3683 3.2488 3.4205 3.0510 3.1990 2.7915 2.7404 3.4919 3.3770 3.6187 3.6767 1.6971 2.6521 1.9143 2.0342 2.0354 1.8616 1.9376 1.8359 1.6417 2.2812 1.2950 3.1739 2.9876 2.6617 2.6681 1.7434 1.6395 1.8288 1.4868 1.5281 0.8019 -0.2424 
3.7675 2.1619 2.8003 2.7748 2.7783 2.1659 2.2219 3.4908 3.2005 3.3327 2.6051 2.7352 2.5012 2.1345 2.4839 2.3183 2.0339 2.2461 2.2920 1.8865 2.1503 2.2924 2.0705 2.7152 2.4445 2.6662 1.2379 1.0167 1.4698 1.1797 0.9166 -0.3656 0.1778 
2.1653 3.6665 2.8493 2.3627 2.0381 2.4492 2.7773 3.5096 -0.0140 2.4844 2.3674 1.7945 2.0409 1.1695 1.9149 2.1973 1.8859 2.1250 1.7246 0.9396 1.6712 1.4017 1.8545 1.8589 -0.8427 2.6784 1.7916 1.2993 0.6450 0.8271 0.9606 1.1743 -1.2597 
3.9775 3.7127 3.3926 2.6562 2.5617 1.2900 2.3105 3.1380 2.6455 2.1271 2.8850 2.6091 1.4825 0.9416 2.1509 1.2648 1.5504 1.1676 2.0219 0.6713 1.1285 2.1500 2.3775 1.5162 1.9000 2.2493 1.3500 0.1217 1.1585 1.0229 1.4759 1.1615 0.2498 
2.2682 2.6942 3.3456 2.3748 2.0769 2.4187 2.5607 2.6459 1.1505 1.5410 1.8197 1.8267 1.9298 1.0521 1.3234 0.3968 1.6967 0.3282 1.1306 0.8506 1.5806 1.4485 1.3132 0.9291 0.4393 1.7538 1.5483 1.2641 0.7027 0.8723 1.4562 0.2973 -1.1517 
3.9189 3.7361 3.6405 2.7524 2.4758 2.3099 2.0738 1.8280 1.7732 1.9542 1.3585 0.7158 1.3924 1.5388 1.5913 1.7372 0.7845 1.6672 1.4605 1.2877 1.0337 0.3219 0.8538 1.3195 1.0493 0.9859 1.0582 1.1545 1.1165 1.1458 1.6950 1.2065 0.3427 
4.4752 3.9044 2.6775 2.4380 2.0788 2.1454 2.6932 2.3339 1.7461 1.2435 1.0231 1.7744 0.8727 0.5712 1.7459 1.2881 1.6569 1.1899 1.5951 0.3505 0.4857 1.3801 0.5022 0.6209 1.0299 1.5095 1.6897 0.9923 0.7155 0.8825 0.7138 1.4227 0.9003 
2.9363 1.2691 2.8430 2.8933 2.0626 2.1992 2.4283 2.2075 1.9284 1.6005 0.6560 1.2969 0.5754 -1.5283 1.3242 0.7558 0.8122 0.6506 1.1341 -1.9373 0.2830 0.8963 0.1291 0.9797 1.1668 1.3717 1.4713 1.0526 0.6936 1.3411 0.9536 -1.3895 -0.7045 
2.7914 2.6327 2.8463 2.2668 1.9530 1.3034 1.8476 1.1907 1.1208 1.1799 1.0379 1.1184 1.5572 1.2883 1.6994 2.0308 1.0406 1.9284 1.5554 1.0324 1.2107 0.6938 0.5207 0.5544 0.4103 0.3693 0.8880 0.1655 0.5642 0.6738 0.9491 0.1572 -0.6890 
1.1224 2.1186 2.3281 1.9241 1.6831 1.3456 1.8764 1.6756 1.1172 1.6711 1.0978 1.1814 0.9305 -0.0364 0.2096 0.4425 0.6841 0.3754 0.0164 -0.2433 0.5679 0.7863 0.5690 1.0492 0.4007 0.8602 0.9075 0.1806 0.3554 0.3645 0.4277 -0.4164 -3.2156 
3.4252 2.0940 2.3118 2.1774 2.1360 1.7665 0.9363 1.7616 0.7962 1.5135 1.8156 1.7211 1.5871 1.4491 1.4569 0.9472 0.9061 0.8817 1.2543 1.1400 1.2477 1.3250 1.3052 0.9037 0.0328 0.9364 -0.0889 0.6151 0.8240 0.5744 0.4249 -0.5001 -0.1262 
3.3174 2.7236 2.4727 1.9967 2.0425 2.2287 1.1635 -0.4838 0.6178 1.2755 0.0404 1.3536 1.7441 1.8227 1.6866 1.0372 1.2826 0.9667 1.5357 1.5806 1.4604 0.9287 -0.4940 0.6452 -0.1028 -1.3361 0.2002 1.0757 0.6759 0.3822 0.5301 0.2367 -0.2758 
0.8725 2.6280 0.6205 1.8858 1.3045 1.5426 0.8079 1.8439 1.6032 1.6234 1.3617 0.7947 1.4854 1.4718 1.6032 0.8363 1.1173 0.7403 1.4693 1.1819 1.1212 0.3663 0.8595 1.0072 0.9010 0.9965 -0.1971 0.3982 -0.0345 0.3264 -1.3238 0.1466 -2.2948 
1.1189 2.7826 2.7186 2.3028 1.6547 1.7061 0.6197 1.4734 0.6173 2.0055 1.1814 1.1513 0.6402 1.6424 0.9406 1.5661 1.2864 1.5010 0.7700 1.4345 0.3454 0.7488 0.6717 1.3692 -0.1119 0.5795 -0.3604 0.5577 0.3333 0.7375 0.8242 0.3441 -1.8746 
1.6792 2.1441 1.3338 0.4843 -1.0310 1.0225 1.0875 -2.0774 1.2234 0.9432 0.4492 0.2938 0.8771 0.4237 1.1985 0.5282 -0.5513 0.4517 1.0443 0.1767 0.5026 -0.1662 -0.0729 0.3310 0.4965 -3.4684 0.1058 -0.1291 -2.3368 -1.1636 -0.6392 -0.2545 -2.2837 
2.1414 2.5582 2.5366 2.1146 0.8124 1.4682 1.5000 1.5644 1.8318 1.7879 1.8329 1.2266 1.1204 1.1730 0.7275 0.8887 1.6600 0.8062 0.5452 0.9514 0.8262 0.8340 1.3264 1.1590 1.0985 0.7053 0.4929 0.3128 -0.5082 0.5059 0.5763 0.0631 -1.4870 
2.7761 1.9245 1.6030 0.8906 0.9287 1.2717 1.5430 1.6044 1.0056 1.1101 0.2556 1.3052 1.1983 1.7584 1.1043 1.3528 -0.0075 1.2507 0.9526 1.5349 0.9065 0.9033 -0.2573 0.4915 0.3101 0.7667 0.5398 0.1136 -0.4403 -0.7304 -0.2963 -0.4836 -0.8511 
2.2522 2.0381 0.9032 1.6381 2.0061 1.4676 0.8606 0.9727 1.1237 1.2180 0.4475 1.6703 1.2970 1.2213 1.2325 1.6096 1.4414 1.5369 1.0733 0.9900 0.9604 1.2469 -0.1002 0.5948 0.4100 0.1074 -0.1543 0.3066 0.6215 0.0678 -1.0570 -0.4752 -1.2529 
3.4271 2.5102 1.6330 2.2157 1.4901 1.3232 1.2305 0.7672 0.4990 1.2133 -0.2336 0.2002 0.2911 1.1297 0.4720 1.4755 0.4323 1.3893 0.3451 0.9201 -0.0872 -0.2138 -0.7921 0.5851 -0.1941 -0.0900 0.2623 0.1698 0.1012 0.6314 -0.2115 0.0261 -0.1362 
3.7581 1.7013 2.2730 2.2699 1.7119 1.6697 1.1673 1.2910 1.1011 1.0939 1.6136 1.7942 1.4878 1.4495 1.7051 0.8880 0.9863 0.7956 1.5614 1.1447 1.1209 1.4074 1.0926 0.4743 0.3820 0.4318 0.2189 0.5179 0.3924 0.6855 0.3563 -0.9922 0.0961 
1.8967 1.5847 1.0263 1.1328 0.4381 0.9937 1.0428 1.3695 -0.1013 1.2419 0.7231 0.6036 0.3232 0.8947 -0.2197 0.0107 0.0791 -0.0587 -0.3780 0.6014 -0.0382 0.2057 0.2231 0.6114 -0.7904 0.4904 0.0499 -0.1590 -0.8519 -0.4251 -0.8544 -0.8747 -1.7544 
2.3497 2.8228 2.3793 0.7535 0.9890 0.5384 1.8565 0.9426 1.3510 1.7399 0.7633 0.9860 0.8795 1.3754 1.5085 1.7107 -0.0791 1.6434 1.3426 1.1020 0.5016 0.5463 0.2483 1.1221 0.5969 0.0655 0.8938 -0.5989 -0.3480 -0.8653 0.4503 0.3792 -1.1519 
2.7045 1.5298 2.0869 1.7984 0.4232 0.1309 1.4907 1.5298 1.0729 1.7385 1.2317 1.5446 1.0876 -0.4641 0.8197 0.9270 -0.2225 0.8700 0.6087 -0.6783 0.7663 1.1106 0.7124 1.1231 0.3732 0.6471 0.4809 -1.0325 -0.8061 0.2196 0.2117 -0.7676 -1.0845 
3.6011 3.0791 2.7361 2.2989 1.6248 1.8994 1.6678 1.4585 1.6095 1.6580 1.4539 -0.0119 1.8825 1.3731 0.9820 1.5263 0.0388 1.4645 0.8529 1.0975 1.5485 -0.3856 0.9160 1.0410 0.9064 0.5508 0.6774 0.7472 0.3202 0.7314 0.8371 0.5474 -0.0291 
2.7319 2.4013 2.0336 1.2546 0.3191 1.3449 1.8272 2.0865 1.9563 1.4775 1.4232 1.5782 1.1850 0.9908 -0.0013 1.4546 1.3045 1.3545 -0.1561 0.7460 0.8945 1.1314 0.8993 0.8663 1.1879 1.2060 0.8811 0.1957 -1.0363 -0.2897 0.0584 -0.0925 -0.8702 
2.5503 1.5708 1.8447 1.7062 1.3584 1.6977 1.8391 2.0838 1.7287 1.0206 1.7377 1.9764 1.7801 1.3637 0.9363 1.6722 -0.6019 1.5937 0.7733 1.0959 1.4801 1.5350 1.2270 0.3981 1.0114 1.1980 0.8916 0.5448 -0.0000 0.1469 -0.0783 -0.7877 -1.0801 
3.3828 2.2697 2.2790 2.0176 1.4864 0.2232 0.9828 1.4922 1.7285 2.0338 1.1247 -0.0939 1.0497 1.7128 1.8399 1.4127 1.3664 1.3056 1.6739 1.5060 0.7182 -0.4962 0.6086 1.4063 1.0129 0.6015 -0.0099 -0.9051 0.1203 0.3948 0.3824 -0.2679 -0.1947 
3.4282 2.1668 1.3425 1.7293 1.3894 0.7496 1.0680 1.6516 1.5335 1.8719 1.5669 1.4165 1.1744 0.8522 1.5029 1.1324 1.4593 1.0654 1.3338 0.5533 0.8855 0.9691 1.0417 1.2405 0.8134 0.8233 0.0826 -0.4329 -0.0239 0.1694 -0.6038 -0.2632 -0.1503 
2.4243 2.7256 2.3801 2.0417 1.9788 0.9836 1.6202 1.2926 0.4638 1.1310 0.8391 2.0818 1.9427 1.6661 1.9295 1.7015 1.6638 1.6282 1.7382 1.4578 1.5858 1.6391 0.3189 0.5211 -0.2427 0.4405 0.6183 -0.1692 0.5915 0.4381 0.4638 0.3093 -1.0604 
4.0322 3.3510 2.8372 2.3548 2.4337 2.2984 2.1397 2.0531 0.3553 1.2950 1.3991 1.0106 0.9667 1.4366 1.1219 1.0814 1.0553 1.0053 0.9745 1.1341 0.6116 0.5657 0.8834 0.6674 -0.4020 1.1537 1.1286 1.1468 1.0895 0.8060 0.9300 0.8745 0.4596 
2.7182 2.7432 2.2409 2.0942 1.9470 1.6417 2.1795 1.4726 1.7081 1.5192 1.3148 0.9719 0.8775 1.3721 1.4991 1.0978 -1.2015 1.0199 1.3264 1.1005 0.5055 0.5313 0.8094 0.9096 0.9959 0.5737 1.1744 0.4878 0.5734 0.4859 0.3474 0.2962 -0.9265 
1.4663 2.3309 0.8639 1.4200 2.0896 0.5699 1.0503 0.9772 0.3365 0.4931 1.4671 0.1917 0.6343 1.0784 0.0406 0.5747 1.0873 0.5128 -0.1197 0.8719 0.3390 -0.2388 0.9331 -0.1206 -0.4124 0.1115 0.0668 -0.6060 0.7421 -0.1644 -0.9197 -0.1118 -1.7655 
3.2953 2.7294 0.7246 1.2270 1.9138 1.3623 1.4823 1.8928 1.5194 1.3170 1.5732 1.6249 1.9050 1.6284 1.5101 1.0578 0.4375 0.9843 1.3407 1.4143 1.5614 1.1959 1.0431 0.6889 0.7870 1.0301 0.4705 0.2186 0.5491 -0.2848 -1.2758 0.2553 -0.2326 
3.4241 3.2686 2.1886 2.3095 2.1472 2.0618 1.7227 1.5200 1.2246 1.5304 1.4103 1.6463 1.3316 0.3430 0.3173 1.3318 1.3435 1.2325 0.1389 0.0718 0.9888 1.2152 0.8928 0.9176 0.5053 0.6443 0.7543 0.9125 0.8344 0.7435 0.3229 0.7764 -0.1722 
2.5319 2.2196 1.9645 1.5848 1.6028 1.4760 0.9265 1.3082 1.0594 0.9601 0.8272 0.9153 1.1530 0.8656 0.0314 0.8969 1.0324 0.8117 -0.1195 0.5590 0.8752 0.4607 0.3168 0.3473 0.3491 0.4467 -0.0840 0.3189 0.3108 -0.0074 -0.0227 -0.1921 -1.0431 
2.7590 2.4756 2.4843 1.4658 1.7863 1.8142 1.9943 1.5825 1.5898 1.7019 1.2929 1.6322 1.1125 1.2587 0.9591 1.0629 1.3966 0.9890 0.8070 1.0154 0.7959 1.1983 0.7968 1.0868 0.8909 0.7362 0.9767 0.6672 0.4576 -0.1576 0.5417 -0.0283 -0.8490 
3.6324 2.8324 1.9542 2.1417 2.0163 1.8262 1.2127 1.3090 1.4984 1.7201 1.5759 1.5138 0.5398 1.8160 1.1165 -0.3670 0.1581 -0.4763 0.9626 1.5764 0.2343 1.0721 1.0479 1.1123 0.7599 0.4487 0.2625 0.6698 0.6283 0.5467 -0.0231 0.3326 0.0060 
3.9013 3.0401 2.7317 2.2397 2.2130 1.9807 1.6706 1.6638 0.3697 1.3834 0.4587 -0.0112 1.1985 1.2684 0.8309 1.4056 1.3619 1.3012 0.6239 1.0221 0.9010 -0.3943 -0.0579 0.7467 -0.3815 0.8472 0.6792 0.8323 0.9006 0.6585 0.8385 0.4979 0.3449 
2.7237 2.0939 1.7063 1.5583 1.3114 1.7433 2.0338 1.4571 1.8649 1.5592 1.5574 1.5411 0.2085 0.9317 1.0572 -0.3356 0.9148 -0.4499 0.9149 0.6628 -0.1460 1.1037 1.0294 0.9447 1.1227 0.5503 1.0062 0.6008 -0.0374 -0.0293 -0.1889 -0.4310 -0.8535 
1.8234 1.4529 0.4097 1.1801 0.9009 0.9983 0.7744 1.4178 0.9877 -1.9804 0.8534 0.6935 -0.5491 0.6307 0.5062 0.7100 -1.1871 0.6079 0.3635 0.3993 -0.8427 0.3010 0.3257 -2.7135 0.2858 0.5279 -0.2243 -0.1462 -0.4623 -0.3522 -1.4597 -1.0841 -1.6542 
3.9361 3.5014 3.0769 2.6907 2.1656 1.6935 2.1504 1.9773 1.9284 1.6992 1.5892 1.7048 1.3697 1.5588 1.1952 1.3318 1.7666 1.2369 1.0409 1.3117 1.0166 1.3020 1.0672 1.0864 1.1635 1.0940 1.1417 0.5459 0.8614 1.0880 1.1268 1.0130 0.3602 
4.1185 3.7497 3.1786 2.6346 2.2816 2.2523 2.1993 2.2693 2.4916 2.2157 2.1563 2.0972 1.4669 1.5160 2.0491 2.0685 1.7900 2.0004 1.8575 1.2557 1.0936 1.6549 1.6306 1.5979 1.7303 1.4596 1.2031 1.1005 0.9742 1.0207 1.2022 1.1999 0.5176 
3.4985 2.0991 0.9537 1.0535 1.6197 1.5637 1.1280 0.9678 1.1489 1.5937 0.6149 1.1610 1.7570 1.5797 1.4607 0.6915 0.5129 0.5953 1.2604 1.3418 1.4661 0.7768 0.0803 0.9769 0.4447 0.1159 0.1684 0.4131 0.3118 -0.5631 -1.0306 -0.3730 -0.0754 
2.5267 2.5893 2.2603 2.3000 2.0632 1.8577 1.9738 1.8670 1.6828 0.8061 0.5593 0.9605 0.2378 1.2541 1.3723 0.9368 1.3242 0.8722 1.1760 1.0094 -0.1140 0.5203 0.0438 0.1658 0.9621 1.0118 0.9646 0.7117 0.7101 0.7402 0.3724 0.0680 -1.1167 
3.2512 1.0172 2.0673 2.1725 1.6414 1.6639 1.9757 1.4306 1.0032 0.7718 1.5517 0.8152 1.3485 1.4795 0.8353 0.2977 0.0598 0.1919 0.6227 1.1896 1.0017 0.3755 1.0256 0.1467 0.3026 0.5398 0.9659 0.5104 0.3221 0.5611 0.1127 -1.5921 -0.3472 
3.2384 2.8066 2.5303 2.0824 2.2549 1.5489 1.9718 1.5588 1.1885 1.4115 1.6572 0.7131 1.0981 1.9336 1.9319 1.3018 1.0036 1.1987 1.7326 1.6657 0.7958 0.3219 1.1253 0.7875 0.4619 0.6970 0.9666 0.3953 0.9367 0.4822 0.5695 0.3385 -0.3657 
3.3422 2.4560 1.4534 1.9086 1.7397 2.0528 0.9825 1.3803 1.5968 1.2246 0.5582 1.0669 0.7826 1.8447 1.7862 1.2851 1.0007 1.1856 1.6283 1.5987 0.4381 0.6354 0.0384 0.5912 0.8940 0.5075 -0.0387 0.9037 0.4320 0.3411 -0.5281 -0.1094 -0.2521 
3.4804 3.2063 2.1594 2.0105 1.8992 0.3340 -0.0937 1.2197 1.7520 1.7566 1.9955 1.8563 1.6669 2.0689 1.5056 1.2184 1.1498 1.1292 1.3331 1.7896 1.3543 1.4616 1.4724 1.1311 1.0338 0.3906 -1.1143 -0.8034 0.5398 0.4042 0.2324 0.6795 -0.1135 
3.6599 2.3666 2.0415 1.5466 1.4182 1.0614 1.0763 -0.0715 0.0445 0.1550 0.5102 0.1584 0.3216 0.5688 0.3459 0.4317 0.3707 0.3578 0.1602 0.3475 -0.0539 -0.2666 -0.0290 -0.4545 -0.7011 -0.8714 0.0746 -0.0992 0.0179 -0.0713 0.0457 -0.2278 0.0055 
3.8674 2.9016 2.4631 1.6380 1.6930 0.9161 1.5810 1.4885 1.7569 1.7102 1.5883 0.7708 1.4881 0.5822 0.9173 1.1592 0.7676 1.0924 0.7440 0.3672 1.1217 0.3588 1.0634 1.0998 1.0334 0.6002 0.5824 -0.2038 0.3809 0.0420 0.5069 0.3634 0.2494 
3.7222 2.6264 2.1736 1.9236 -0.6655 1.5547 1.5102 1.1439 0.8153 1.0767 0.9492 0.0560 0.8863 0.9704 0.5043 0.7794 1.3599 0.6826 0.3594 0.7193 0.5107 -0.3568 0.4119 0.4604 0.0592 0.3258 0.5048 0.4102 -1.9780 0.3482 0.2930 0.0269 0.0920 
4.1938 3.3931 2.6025 2.1455 1.8857 2.2122 2.0602 2.3016 2.0340 2.1457 1.8687 1.5089 1.6914 1.1222 1.2869 1.0159 1.5302 0.9482 1.1147 0.9148 1.3804 1.0688 1.3606 1.5320 1.2701 1.4881 1.0461 1.0655 0.5259 0.5507 0.6164 0.8977 0.5785 
3.6556 3.3871 3.0348 2.5864 2.2734 2.0627 2.3930 1.7735 1.9648 0.5509 1.9469 1.8930 1.8390 1.9268 1.4218 1.4765 1.2535 1.3899 1.2158 1.6587 1.5195 1.4873 1.4467 -0.0639 1.1979 0.9409 1.4476 0.9177 0.9522 0.9723 1.1036 0.9239 0.0363 
3.3997 2.7667 0.3358 1.9238 1.8830 1.2836 1.6410 1.6350 0.5800 1.3988 1.5533 1.0367 1.3890 1.4871 1.0768 0.9257 1.2724 0.8653 0.9356 1.2032 1.0303 0.5934 1.0227 0.7711 -0.1450 0.8088 0.6506 0.1314 0.5285 0.3354 -1.8732 0.2643 -0.2241 
1.6158 2.7422 1.1301 1.8826 2.1822 1.6135 -0.5062 1.8600 1.8243 1.3524 0.9535 1.7816 1.2442 1.4382 0.9365 1.3727 0.6453 1.2704 0.7672 1.1361 0.9280 1.3911 0.4363 0.7143 1.0880 1.0094 -1.5677 0.4552 0.8812 0.3259 -0.7176 0.3093 -1.9960 
3.5017 3.1203 2.7636 2.0177 2.0135 1.8888 1.1165 0.4330 1.6400 1.6970 1.2631 0.6396 0.9639 0.1056 0.6665 0.9179 1.1890 0.8428 0.5099 -0.1398 0.6029 0.2595 0.7590 1.0772 0.9309 -0.3947 0.1320 0.7314 0.6301 0.3909 0.8749 0.5799 -0.1042 
3.8910 2.9195 1.1126 2.2276 1.1596 1.6381 1.5184 1.0713 1.5774 0.4964 1.0739 1.3246 0.5018 1.2393 0.7370 0.0596 0.3429 -0.0265 0.5524 0.9994 0.1895 0.9118 0.5464 -0.1228 0.8775 0.2541 0.5088 0.4886 -0.1675 0.6358 -0.8295 0.3894 0.3189 
3.0794 2.9141 2.5084 2.0500 0.4449 2.0859 2.0539 1.6321 1.6336 2.0417 1.7410 1.6468 1.4824 1.4048 0.9821 0.9124 -0.0444 0.8324 0.8393 1.1204 1.1167 1.2138 1.2282 1.4223 0.9257 0.8007 1.0372 0.9411 -0.8342 0.4323 0.5551 0.4474 -0.5498 
2.6377 1.9194 2.0346 1.8887 1.8898 1.4475 1.3092 1.1394 1.4649 0.8668 1.5245 1.5190 0.9693 0.4118 0.7226 0.5114 0.6129 0.4330 0.5468 0.1588 0.6189 1.0726 0.9978 0.2277 0.7080 0.3267 0.3304 0.2972 0.5338 0.3241 0.0845 -0.5224 -0.9634 
3.4601 2.5631 0.9112 1.4617 0.3556 0.6332 -0.0034 0.9489 0.3813 1.2482 1.2441 1.3185 1.2972 1.4818 1.2688 0.9170 1.5331 0.8420 1.1016 1.1918 0.9666 0.9076 0.7295 0.6182 -0.3457 0.0670 -0.9986 -0.4992 -0.9979 -0.1487 -1.0806 -0.0323 -0.1379 
4.2616 2.3234 2.2708 2.0541 2.1249 1.0611 1.8214 1.7288 1.5527 1.8301 1.7677 1.9649 1.9384 1.4953 1.7113 1.5112 -1.7013 1.4511 1.5676 1.2206 1.5852 1.5278 1.2565 1.1972 0.8465 0.9115 0.8689 -0.1061 0.7864 0.4264 0.3401 -0.3307 0.6247 
3.3218 2.6889 2.3831 1.2093 1.5995 1.5250 1.1796 0.9398 1.6198 1.8048 1.1157 1.1764 -0.1038 0.8718 1.1982 0.4916 -0.2354 0.4160 1.0424 0.5705 -0.4182 0.7763 0.5885 1.1731 0.9143 0.0718 0.2205 0.3707 0.2848 -0.3632 0.4599 0.1694 -0.2548 
3.5767 2.6616 2.4964 2.6018 2.1389 1.6236 1.3808 1.8988 2.0796 0.9494 0.8820 1.1014 0.8932 0.3793 1.2468 1.1125 -2.1759 1.0314 1.0860 0.1180 0.5259 0.6784 0.3462 0.3391 1.3400 1.0360 0.3866 0.4665 0.8210 0.9821 0.5542 0.0823 -0.0277 
4.1186 3.2723 2.2374 2.2781 2.2854 2.2693 1.8225 2.3451 1.8617 1.1675 0.5385 1.1517 1.2018 0.5416 1.3962 0.6242 -0.7828 0.5430 1.1917 0.3246 0.9049 0.7602 0.0079 0.5504 1.1181 1.5195 0.8773 1.1172 0.9699 0.7033 0.3223 0.7268 0.5148 
3.0753 2.2124 2.1862 1.9362 0.3319 0.8976 1.6560 0.8905 1.7679 1.6914 1.9045 1.8465 -0.1956 1.7002 1.6543 0.1942 1.5021 0.0987 1.5086 1.4894 -0.5399 1.4556 1.4035 1.0693 1.0460 0.0001 0.6616 -0.2440 -1.0574 0.3477 0.3076 -0.2771 -0.5185 
3.1015 1.7711 2.0815 1.5415 1.5669 1.5813 1.4796 0.7682 1.9444 1.5013 0.7884 1.7006 1.9035 1.6486 0.8771 0.3966 1.3483 0.3376 0.6713 1.4393 1.5626 1.2910 0.2910 0.8868 1.1780 -0.0906 0.4548 0.4333 0.2453 -0.0508 0.1498 -0.7919 -0.5190 
3.2477 1.9269 0.8618 0.1064 1.3886 1.6265 0.7846 1.4439 1.1733 1.1112 1.3471 0.8923 0.0293 -0.0401 0.0966 0.0643 -0.5157 -0.0298 -0.0759 -0.2486 -0.2528 0.4292 0.8424 0.4994 0.4459 0.5475 -0.2233 0.4778 0.0368 -1.3228 -1.1460 -0.3985 -0.3662 
3.9331 2.8915 2.6149 1.8145 1.5616 0.3867 1.0430 1.4452 1.4022 1.7390 1.2082 0.9386 0.1441 0.9808 -0.0924 1.3435 0.5513 1.2393 -0.2257 0.7283 -0.1733 0.4982 0.7024 1.1230 0.6326 0.5416 0.0521 -0.7069 0.2534 0.2482 0.6276 0.3458 0.3319 
4.0979 3.0831 2.7350 2.8524 2.5342 1.7081 2.1842 1.5459 1.4614 1.6923 1.9725 1.8148 1.0149 1.7155 1.1600 0.9163 0.6703 0.8503 1.0130 1.5023 0.6769 1.4286 1.4586 1.0719 0.6975 0.6764 1.1768 0.5591 1.1476 1.2778 0.8303 0.4873 0.4795 
3.7866 3.4439 2.6347 2.4541 2.2868 1.5313 1.2485 1.9876 0.5733 0.5077 1.4922 0.9501 1.6046 0.3622 1.3552 1.5015 0.8948 1.4381 1.1609 0.1188 1.2704 0.5113 0.9639 -0.1222 -0.1617 1.0995 0.3137 0.3694 0.9690 0.8984 0.6752 0.9766 0.2006 
3.2515 2.8993 1.5534 2.0044 1.5354 1.6961 1.3030 1.6458 1.1359 1.1239 0.9683 0.6407 0.8135 -0.2828 0.4030 -0.0783 0.6777 -0.1460 0.2688 -0.5973 0.4549 0.2588 0.4405 0.5075 0.4175 0.8253 0.3259 0.5498 0.1919 0.4004 -0.3993 0.4161 -0.3500 
0.3200 1.0508 1.8002 1.6690 2.0110 1.8142 1.5164 1.7155 0.8856 0.6004 0.9736 0.8415 0.8668 0.9250 0.3409 -1.4592 -0.0359 -1.5602 0.1605 0.6512 0.4896 0.3915 0.4474 -0.0228 0.1109 0.9051 0.5057 0.6663 0.6233 0.0886 -0.1117 -1.3658 -3.5052 
3.9388 2.8205 1.8463 1.6422 1.6073 1.5170 1.1884 1.1941 0.5181 0.4018 0.7630 1.4889 1.4384 1.0408 1.0390 0.8638 1.2024 0.7588 0.9028 0.8234 1.0621 1.0400 0.2617 -0.2064 -0.1921 0.3682 0.2377 0.3706 0.3071 0.0402 -0.1243 0.2648 0.3350 
2.6437 2.1573 1.0197 1.9679 1.6279 1.1114 1.1513 1.3775 2.0163 1.5583 1.0737 1.5608 0.9239 1.0527 1.2503 1.2134 0.9184 1.1268 1.0884 0.8309 0.5573 1.1211 0.5436 0.9516 1.2394 0.5159 0.1833 -0.0254 0.3169 0.3859 -0.9090 -0.2445 -0.9351 
2.9050 2.2897 1.5838 1.4376 0.7684 1.4345 1.1277 0.7273 1.1955 1.1906 0.7576 0.5396 1.6810 1.1250 0.5552 1.0349 0.6332 0.9625 0.4214 0.9077 1.3722 0.1367 0.2499 0.5646 0.4788 -0.1252 0.1509 0.2974 -0.6085 -0.1755 -0.2895 -0.0949 -0.6789 
2.3986 2.2294 2.1560 1.7037 1.7513 1.7701 2.1653 1.8017 1.6301 1.4746 1.7647 1.3988 -0.6077 1.1385 0.8963 0.3157 0.9708 0.2172 0.7103 0.9242 -0.8497 0.9573 1.2520 0.8685 0.9192 0.9677 1.1607 0.6215 0.4362 0.1352 0.2781 -0.2356 -1.2159 
3.4435 2.0342 1.6451 1.8423 2.0167 1.4792 0.1452 1.2673 1.7955 1.9804 1.8775 1.5968 1.0462 0.3770 0.4473 0.9913 1.1309 0.9271 0.3250 0.1251 0.7165 1.1541 1.3706 1.3440 1.0689 0.4181 -0.8031 0.3231 0.6246 0.2966 -0.2532 -0.5987 -0.1200 
3.6490 1.9832 2.2558 2.4505 1.9018 1.4363 1.5327 1.7644 0.9426 0.6734 0.7589 1.1325 1.6106 1.6459 1.4073 0.4880 0.6890 0.4156 1.2015 1.4376 1.2783 0.7369 0.2524 0.0422 0.2041 0.9390 0.5307 0.2959 0.5416 0.8928 0.3553 -0.7347 0.0269 
2.8548 2.6424 2.1847 1.6671 1.2895 1.6566 1.1286 1.6956 1.8176 1.7249 1.4782 0.4684 1.8646 1.8039 1.0912 1.1202 0.4360 1.0452 0.9421 1.5657 1.5378 0.0476 0.9438 1.1134 1.0886 0.8852 0.1667 0.5123 -0.0717 0.0788 0.3009 0.1334 -0.7263 
4.3284 3.3150 2.8675 2.5620 2.4703 2.2561 1.5428 1.8862 1.5551 0.3823 0.5446 0.6152 1.5283 1.1177 1.4479 1.4852 0.8981 1.4068 1.2357 0.8981 1.1618 0.2258 0.0122 -0.2334 0.8496 1.0249 0.5401 1.1041 1.1163 0.9558 0.9605 0.7735 0.6738 
3.3989 2.7121 1.7789 1.4785 2.1878 2.0694 1.3985 1.7893 0.9459 1.8830 2.0211 1.5634 1.5631 1.4237 1.4380 -0.0224 -0.0336 -0.1014 1.2288 1.1274 1.2149 1.1221 1.4848 1.2538 0.2074 0.9577 0.3776 0.9199 0.8823 -0.1088 -0.1400 0.2008 -0.1738 
3.4483 2.0345 2.4477 1.9999 2.0389 1.4789 1.8312 0.3860 1.7172 1.7605 1.6111 1.2487 1.2462 0.8508 -0.0343 0.9181 1.4330 0.8495 -0.1897 0.5575 0.9297 0.8683 1.0861 1.1321 1.0061 -0.4983 0.8805 0.3253 0.6574 0.3855 0.5159 -0.6361 -0.1165 
4.1977 2.9076 2.0892 2.2301 2.3244 2.0229 1.4850 1.3878 1.5348 1.8594 2.0171 1.4701 1.5343 1.5397 1.4868 0.8730 0.7697 0.7704 1.3073 1.2855 1.1758 1.0147 1.4831 1.2283 0.8160 0.5045 0.4657 0.8706 0.9966 0.6271 0.1110 0.3425 0.5682 
3.4391 2.7615 2.2417 1.3560 1.3063 1.1646 0.8958 0.7389 0.1560 1.0366 0.5312 0.8070 0.4288 0.4283 0.7540 0.6411 -2.4639 0.5528 0.5624 0.1939 0.0906 0.3742 0.0004 0.4194 -0.6013 -0.1270 -0.1321 0.0050 -0.0615 -0.2417 0.3436 0.2608 -0.1261 
3.2201 3.0126 2.6173 1.8292 1.9877 1.3473 1.6957 1.4960 1.2642 1.7064 0.0128 0.3658 1.4559 0.3022 1.4937 1.4396 0.0560 1.3285 1.3197 0.0168 1.0805 -0.0700 -0.5072 1.0978 0.5287 0.6058 0.7189 0.1916 0.6103 0.2800 0.6452 0.5237 -0.4260 
3.6293 2.2313 2.2781 1.4715 1.8605 1.8516 -0.0328 1.8424 1.9849 1.6025 1.3467 1.0731 1.4455 1.2482 1.5198 1.0681 -0.0180 0.9914 1.3587 1.0079 1.0682 0.6447 0.8398 0.9844 1.2137 0.9981 -0.9955 0.7033 0.5226 -0.1438 0.3812 -0.3607 -0.0023 
1.9636 0.9263 0.6129 0.7126 0.9073 -0.2164 0.6142 0.1143 0.4779 -0.8361 0.5058 0.4712 -0.2332 -0.1010 -0.0362 0.3706 -1.5593 0.3058 -0.1796 -0.3020 -0.6104 0.0290 -0.0183 -1.5165 -0.2360 -0.7344 -0.3220 -1.4193 -0.4741 -0.8090 -1.3378 -1.3818 -1.7435 
4.0506 3.2567 2.2340 2.5317 2.3171 2.1845 1.9670 1.6347 1.4560 0.7358 1.6322 1.6658 1.9257 1.3040 0.9129 0.8876 1.7220 0.8024 0.7368 1.0448 1.5780 1.2390 1.1087 0.1144 0.6835 0.8057 0.9605 1.0345 0.9936 0.9369 0.3275 0.7041 0.4573 
2.4672 2.4668 1.5912 1.5277 1.6764 0.9209 1.8161 0.5421 1.1399 1.0013 0.3148 0.2998 0.4423 0.9339 0.5697 0.7143 -0.1507 0.6142 0.4316 0.6585 0.1166 -0.1617 -0.2153 0.3843 0.4265 -0.3116 0.8713 -0.2089 0.3659 -0.0830 -0.2441 0.0355 -1.3099 
3.3126 2.3720 2.1157 1.7790 1.6235 1.3704 0.0727 -0.0263 0.4645 1.2498 0.8460 0.7863 0.8950 0.9112 0.0015 0.2761 -0.1584 0.1712 -0.1409 0.6272 0.5257 0.3572 0.3191 0.6192 -0.2296 -0.8170 -0.9043 0.2068 0.3154 0.2359 0.2224 -0.1089 -0.2333 
