1.8666 1.1421 1.6733 0.7217 0.5598 0.9940 0.4612 1.4563 1.3152 -0.2960 0.2834 0.9427 -0.1531 1.2427 0.8068 -0.0166 -0.1664 -0.1161 0.5884 0.9762 -0.4567 0.4756 -0.2649 -0.9487 0.5085 0.5250 -0.5464 -0.2163 -0.8381 -0.9594 -0.3227 -1.4552 -1.9824 
3.7079 3.2416 2.2490 2.2142 1.5497 1.8200 1.3362 1.4558 1.1758 1.1782 0.8888 0.3169 0.8493 0.9063 1.2274 0.8494 0.1891 0.7753 1.0475 0.6408 0.4610 -0.1559 0.3327 0.5081 0.4106 0.5172 0.2875 0.6049 0.1879 0.5364 0.2516 0.5689 -0.0812 
2.4583 1.8169 1.6082 0.5485 1.5494 1.5209 0.8387 1.4903 1.1224 0.9158 0.8690 0.8354 0.9503 0.9859 -0.4636 0.1218 0.2511 0.0131 -0.6811 0.7561 0.5970 0.3580 0.3106 0.2734 0.3605 0.5773 -0.2341 0.3181 0.1691 -1.0677 -0.3770 -0.7329 -1.3729 
3.0221 2.6562 2.0712 1.5152 2.0137 2.1019 1.5391 1.2089 1.1604 0.7878 0.8544 1.1280 1.4986 1.5285 0.3727 0.8613 0.7864 0.7988 0.2267 1.2724 1.1196 0.7149 0.2871 0.1074 0.3883 0.3117 0.4651 0.8889 0.5555 -0.1489 0.0172 -0.0094 -0.8241 
1.9292 2.2901 1.9454 0.8873 0.6786 0.6300 1.4475 1.1780 1.4195 1.0998 0.9112 0.5156 1.3570 0.8625 0.8344 1.0824 0.2392 1.0060 0.6313 0.5814 0.9757 0.1153 0.3495 0.4526 0.6163 0.2974 0.3813 -0.5620 -0.7700 -0.8050 -0.1163 -0.2765 -1.7203 
3.5722 2.7815 2.5826 1.9556 1.8090 1.0615 0.9059 1.5731 1.6594 1.1441 0.8415 0.4388 1.9477 1.2773 1.4925 1.2325 1.1298 1.1260 1.3346 0.9969 1.5696 0.0077 0.2828 0.4789 0.9025 0.6948 -0.1557 -0.1460 0.3932 0.2769 0.5082 0.1634 -0.2007 
3.3186 3.0225 2.6192 2.1357 2.1055 2.0907 1.9746 0.5790 1.6375 1.8727 1.5228 1.6408 0.7371 0.3325 -0.4144 1.2702 1.5933 1.1664 -0.6179 0.0802 0.3498 1.1903 0.9689 1.2044 0.8880 -0.3237 0.9038 0.8820 0.7047 0.4544 0.5451 0.4017 -0.4452 
0.9471 1.7382 0.8905 1.6108 1.6058 1.8362 0.3245 1.4822 1.4195 0.8943 -0.3519 0.7996 1.1012 1.0785 0.3437 0.8749 1.5788 0.8127 0.2083 0.8549 0.8050 0.3169 -0.9024 0.2473 0.6125 0.5676 -0.7450 0.6240 0.2266 -0.0634 -1.0627 -0.8631 -2.3721 
3.4139 1.9346 1.3402 1.1209 1.2486 1.2728 1.5624 1.3018 0.9710 1.0340 0.8575 1.2990 0.9012 0.8594 1.1803 -0.7155 0.8400 -0.8123 1.0076 0.5782 0.5286 0.8552 0.3022 0.3767 0.2352 0.3844 0.5042 0.0526 -0.1631 -0.4652 -0.7617 -0.6667 -0.3500 
3.8428 2.9379 2.7169 2.1951 1.6743 1.0606 2.1267 1.5159 1.4251 1.2154 1.3192 0.9822 1.0651 1.1039 0.1860 0.9071 0.7981 0.8394 -0.0285 0.8721 0.7640 0.5184 0.7921 0.5498 0.6302 0.6001 1.0657 -0.1448 0.2865 0.5164 0.7047 0.3026 0.0496 
1.9802 2.5507 2.6520 2.3029 2.0413 1.4664 0.8677 0.2127 0.9798 1.4060 1.2340 1.3707 1.0113 0.3931 0.9764 0.6889 1.0275 0.5897 0.8320 0.1877 0.6681 0.9009 0.7033 0.7426 0.2406 -0.7078 -0.2086 0.2566 0.5934 0.6664 0.6123 -0.0679 -1.8993 
2.9332 0.7909 1.4379 0.4055 1.5366 1.3605 0.9929 1.0576 1.2269 1.1466 1.1030 0.4579 0.8098 1.3031 0.7536 1.0472 -1.9700 0.9646 0.5323 1.0236 0.4116 0.0247 0.5662 0.4830 0.4533 0.1988 -0.0504 0.1559 0.1598 -1.2094 -0.5827 -1.6604 -0.8481 
1.8442 0.8490 0.8432 1.0973 -0.2418 0.8743 1.1864 0.8365 0.0588 -0.9903 -1.2473 0.3095 -0.3963 -0.0870 0.1782 -0.1677 0.4344 -0.2486 -0.0419 -0.3197 -0.7955 -0.1530 -1.7412 -1.6236 -0.7514 -0.1022 0.1927 -0.3291 -1.6194 -0.5447 -1.1993 -1.9042 -1.9779 
2.5097 1.8756 0.2264 1.0303 1.2391 1.3457 1.1940 1.3201 1.0602 1.5056 1.8131 1.1685 0.2541 0.9879 0.6161 1.0919 0.7707 1.0195 0.4381 0.7621 -0.1384 0.7608 1.2786 0.8640 0.3022 0.3984 0.1982 0.1345 -0.1726 -0.6376 -1.8170 -0.7905 -1.3217 
1.7149 1.4919 0.5171 0.8302 2.0277 1.5396 1.0251 0.8834 1.7004 1.5740 0.3187 0.2867 0.9209 1.1060 1.1204 0.3784 1.2881 0.3044 0.9605 0.8760 0.5558 -0.1694 -0.2414 0.9236 0.9497 -0.0299 -0.0114 0.3273 0.5817 -0.8639 -1.4729 -1.0947 -1.9269 
2.9311 1.7482 0.7269 1.7243 1.5025 0.5957 1.3921 0.1943 0.3566 0.9295 1.1566 0.7526 1.0449 0.9319 0.8928 0.3571 -1.1831 0.2810 0.7395 0.6743 0.7250 0.2789 0.6244 0.2816 -0.3779 -0.7626 0.3199 -0.6129 0.1006 0.0933 -1.3128 -0.8765 -0.8161 
3.7073 2.9004 2.1011 1.9939 1.4653 1.6601 1.4003 1.4506 0.6942 1.4383 0.0420 0.1442 0.4570 -0.1657 1.2830 0.2076 -1.7987 0.1213 1.0803 -0.4005 0.1475 -0.3202 -0.4995 0.7974 -0.1124 0.5209 0.3152 0.4532 0.0343 0.3037 0.0663 0.2780 -0.1016 
3.7798 2.9692 2.5608 2.2147 1.8019 1.7770 2.0289 0.8368 1.6666 0.7550 0.8050 1.6010 1.4498 1.0849 1.6173 0.1507 -0.8560 0.0270 1.4683 0.8531 1.0615 1.1505 0.2332 0.1002 0.9141 -0.1316 0.9541 0.5781 0.3930 0.5438 0.4974 0.3348 -0.0210 
3.2260 2.5756 1.2235 1.6228 0.3786 1.9334 1.3929 -0.2832 1.4547 2.1862 2.1600 1.6315 1.1661 1.5056 1.0895 0.6809 1.4652 0.5822 0.9340 1.2405 0.8455 1.1792 1.6072 1.5381 0.6816 -1.1713 0.3114 0.7259 -0.9663 -0.0588 -0.7790 -0.1281 -0.5987 
3.6117 3.2151 2.8038 1.7418 2.0981 1.6166 2.0054 1.9554 1.9551 1.6657 1.6893 2.0040 1.6361 1.6808 1.1813 1.6688 1.3228 1.5915 1.0121 1.4597 1.3000 1.5228 1.1476 1.0178 1.1411 1.0300 0.9236 0.4017 0.6959 0.0889 0.8122 0.5328 -0.1983 
1.0507 2.4772 1.6466 1.5320 1.8749 1.4771 1.6183 1.4738 1.3780 0.9775 1.4672 0.8091 1.2489 1.2347 1.2556 1.7579 0.6426 1.6702 1.0666 0.9677 0.9058 0.3252 0.9125 0.3234 0.5698 0.5524 0.5695 0.2783 0.4481 -0.1319 -0.3340 -0.1349 -2.5462 
0.9184 2.6054 1.8672 1.9005 1.3245 1.4787 0.9884 0.0105 1.6934 0.2174 1.5811 0.9196 0.9016 1.1660 0.2774 1.0758 1.2241 1.0051 0.1171 0.9161 0.5322 0.4523 1.0347 -0.4488 0.9431 -0.8850 -0.0691 0.2638 -0.1407 0.2434 -0.1543 -0.0265 -2.6873 
0.9923 1.5852 0.6601 -0.0986 1.1636 0.2195 1.0061 0.9389 0.5515 1.1008 1.0239 1.2839 0.4818 1.3832 1.0900 0.5534 -0.8321 0.4627 0.9390 1.0670 0.1849 0.8499 0.4606 0.4556 -0.2082 0.0362 -0.0325 -1.0060 -0.2380 -1.7333 -1.4152 -0.9646 -2.6378 
2.5601 1.7396 1.6955 1.4578 1.2891 0.6857 1.4412 0.3556 1.5004 0.2136 1.3217 2.0642 1.0314 1.4146 1.4258 1.1547 0.4907 1.0642 1.2212 1.1013 0.6953 1.5927 0.7971 -0.4135 0.7561 -0.5281 0.3801 -0.5183 -0.1556 -0.2502 -0.3034 -0.7921 -1.2203 
4.0695 3.4043 2.7163 2.5391 2.0413 2.2089 1.2536 1.4806 -0.0327 1.8738 1.8478 1.2006 1.2662 1.2954 0.8706 0.9381 0.1011 0.8677 0.6957 1.0162 0.9104 0.7980 1.3143 1.2103 -0.8127 0.5591 0.2278 0.9993 0.5954 0.8667 0.7057 0.8008 0.3133 
1.9046 1.6493 1.6038 0.6198 1.2207 1.4147 0.7534 0.1543 1.0231 0.0348 0.2172 1.2694 0.6451 0.6675 0.5694 0.8088 1.0680 0.7039 0.4033 0.3923 0.2938 0.8388 -0.3395 -0.6300 0.2718 -0.7952 -0.3050 0.1966 -0.1825 -1.0148 -0.3650 -0.8663 -2.1211 
3.1766 1.8920 2.2241 0.4666 1.7463 1.9230 -0.2606 1.6329 1.0615 1.8836 2.0602 2.3516 1.5378 1.0052 -0.3374 0.4604 0.1329 0.3830 -0.5376 0.7891 1.1684 1.9406 1.5003 1.2220 0.3149 0.7745 -1.2244 0.7131 0.3545 -1.2363 0.2314 -0.8034 -0.6540 
2.9973 2.5193 1.5482 2.0145 1.5702 1.1032 1.4806 2.0180 1.6745 1.7786 1.3327 1.2174 1.5874 1.6966 1.2343 1.4327 0.9801 1.3436 1.0558 1.4711 1.2433 0.8083 0.7958 1.1172 0.9266 1.0659 0.4267 -0.1117 0.1928 0.3183 -0.4402 -0.1464 -0.7741 
2.2162 1.7051 1.2791 0.6303 0.6291 1.0652 1.1777 0.8283 0.9007 0.7450 0.8516 0.5363 0.5902 0.7137 0.4999 0.8715 0.4478 0.8077 0.3441 0.4278 0.2597 0.1239 0.2927 0.0757 0.1570 -0.1204 0.1829 -0.1441 -0.7746 -1.0158 -0.7612 -0.8919 -1.5160 
2.7416 2.3220 2.0762 1.4630 0.9675 0.5063 0.8994 0.9677 0.9268 1.2363 1.5237 1.2680 1.6250 1.5458 0.8623 1.1040 0.8685 1.0302 0.6844 1.2971 1.2925 0.8378 0.9690 0.5755 0.1949 0.0852 -0.1549 -0.6931 -0.4081 -0.2305 0.0429 -0.2831 -1.0116 
3.4165 2.0905 2.2048 2.1672 0.8065 1.6197 1.8855 1.6770 1.1236 0.0817 1.5600 1.2065 1.4993 1.4537 0.8202 0.3961 0.2096 0.3156 0.6216 1.1610 1.1204 0.7966 1.0049 -0.5855 0.3719 0.8255 0.8494 0.4030 -0.6824 0.4687 0.2053 -0.7128 -0.3838 
0.8659 1.2276 1.6934 1.4264 0.6657 0.4252 1.5249 1.0685 1.5350 1.1372 0.4901 1.0924 0.9792 1.2986 0.7273 1.2321 -0.1706 1.1289 0.5083 1.0163 0.6302 0.6752 -0.0600 0.4856 0.8012 0.2248 0.4629 -0.7812 -0.7796 -0.2794 -0.3113 -1.3325 -3.2774 
3.3164 2.6269 1.2759 1.4113 1.6041 1.5313 1.6917 1.1653 1.6756 2.0478 1.4393 1.7048 1.2722 1.4526 0.7829 0.4778 0.9730 0.4085 0.5604 1.1584 0.9147 1.2875 0.8777 1.4073 0.9303 0.2918 0.6772 0.3304 0.2211 -0.2768 -0.7863 -0.0681 -0.4138 
3.8637 3.4393 2.6323 2.4245 2.1388 1.9975 1.5636 3.0171 2.0313 0.9502 1.6217 2.0577 1.1982 1.5530 1.5314 1.5597 1.6655 1.4871 1.3928 1.3083 0.8614 1.5829 1.0633 0.3010 1.2153 2.1302 0.4657 0.7639 0.7696 0.8127 0.5227 0.8926 0.1687 
2.3180 3.2378 3.4727 2.9765 1.5185 2.7082 3.2027 2.8626 2.4280 1.3538 1.7216 1.5311 1.6570 1.4332 1.2213 0.8136 1.0133 0.7171 1.0440 1.1292 1.3361 1.0654 1.1817 0.7054 1.6546 2.0094 2.1288 1.5000 0.1296 1.3265 1.4847 0.6061 -1.1992 
3.4767 1.5894 3.2600 2.9766 2.7373 2.7548 2.9506 3.2388 2.7146 1.9985 1.6858 0.3156 0.8302 0.9858 1.4505 0.7550 -0.1259 0.6482 1.2607 0.7501 0.4292 -0.1505 1.1434 1.3134 1.9601 2.2859 1.9532 1.5494 1.3580 1.3343 1.2406 -1.1382 -0.3627 
3.2489 3.2536 2.8844 2.1964 2.5707 2.8023 3.3026 3.3377 3.1263 2.9412 2.5802 1.3533 1.6701 1.6518 1.0960 0.8750 1.7910 0.8171 0.9408 1.4254 1.3658 0.8924 2.0291 2.2819 2.3240 2.4314 2.2473 1.5933 1.1269 0.5294 0.8812 0.6262 -0.7055 
2.9565 2.4324 2.1625 3.2844 3.3682 3.1184 3.9194 4.4668 3.6281 3.2833 2.2629 2.4148 2.1198 2.2058 1.5277 2.1883 2.0835 2.1143 1.3799 1.9803 1.7473 2.0098 1.6874 2.6376 2.8588 3.5253 2.8675 1.9034 1.9812 1.6031 0.1455 -0.1567 -0.7313 
2.4581 1.5351 2.1653 2.2249 2.0228 1.2295 1.9170 3.3663 2.3250 2.3209 1.5320 1.5693 1.8745 1.6299 1.1059 0.8718 0.9434 0.8042 0.9494 1.4103 1.5168 1.1050 0.9793 1.6681 1.5557 2.4783 0.8443 0.0813 0.5503 0.5586 0.2035 -1.0322 -1.2949 
3.5624 3.2417 3.0510 2.4138 1.4916 1.0041 2.1673 2.8409 -0.7829 1.1165 1.3683 1.7904 1.6746 1.3736 0.7199 1.1059 1.9364 1.0374 0.5007 1.0657 1.3705 1.3885 0.8233 0.4598 -1.3599 1.9815 1.1175 -0.2080 0.0965 0.7815 1.0247 0.5595 -0.2354 
2.1616 2.1470 2.8348 1.9729 1.9789 1.2574 2.2794 2.0466 2.3758 1.9671 1.9321 1.5692 1.7564 1.4419 1.4704 1.4959 1.3205 1.4313 1.2933 1.1437 1.4403 1.1055 1.4030 1.2971 1.6103 1.1183 1.2601 0.0778 0.5227 0.2709 0.8430 -0.3809 -1.4916 
3.3225 2.2877 2.9341 2.6407 1.4648 2.2404 2.4274 2.7749 2.0408 1.3253 1.8403 -0.1567 0.2918 0.4562 1.3706 0.6527 0.5001 0.5446 1.1569 0.2271 -0.0752 -0.6305 1.3115 0.6437 1.2500 1.8899 1.4219 1.0264 0.0085 0.9345 0.9400 -0.3834 -0.4039 
3.7433 3.0324 2.6492 3.0139 2.0757 1.7111 1.5272 1.4836 1.7155 1.7539 0.8466 0.2383 1.4620 1.3018 1.2003 1.2599 1.3401 1.1526 1.0202 1.0238 1.0703 -0.2486 0.2795 1.0866 0.9594 0.5526 0.4568 0.4860 0.6285 1.4011 0.5908 0.3648 -0.0850 
2.3623 0.4443 2.0738 2.5588 1.7057 1.9926 2.5056 3.3298 2.3006 1.0140 2.1502 1.6443 1.4804 1.9845 1.3217 1.7247 1.6799 1.6480 1.1252 1.6727 1.1078 1.1850 1.6018 0.3703 1.5419 2.4255 1.4661 0.8014 0.3024 0.8885 0.0930 -2.0984 -1.2304 
1.9402 0.2630 2.3889 2.1185 2.3542 2.1499 2.3009 1.5448 2.0663 1.0494 0.4825 1.0626 0.5815 1.6882 1.5426 0.9303 1.5785 0.8584 1.4059 1.4659 0.2593 0.6308 -0.0614 0.3932 1.2929 0.6566 1.2839 0.9399 0.9644 0.4423 0.3726 -2.7707 -1.9569 
2.8071 2.1747 1.8052 2.7049 2.1874 2.2561 2.1865 2.2315 0.9425 1.9494 1.4269 0.6896 0.9339 1.3180 1.4976 1.5464 0.2692 1.4737 1.3399 1.0353 0.5721 0.2419 0.8631 1.2826 0.2048 1.3690 1.1374 1.0418 0.8144 1.0243 -0.2160 -0.4304 -0.9613 
2.1724 2.5790 2.1882 1.7212 2.1743 2.2279 2.2288 1.6339 0.9241 1.5092 1.7516 1.5440 1.4923 1.7766 0.5074 0.5194 1.4730 0.4416 0.3536 1.5266 1.1111 1.0744 1.2132 0.8658 0.1991 0.7636 1.1833 1.0175 0.8133 0.1229 0.1970 -0.0415 -1.4794 
2.3551 1.4639 1.4203 2.4913 1.8241 1.2943 2.2065 2.0400 1.6635 1.1932 1.9692 1.6246 1.1633 1.2527 0.4712 0.5196 0.4950 0.4441 0.3185 0.9802 0.8452 1.1700 1.4252 0.5391 0.9073 1.0945 1.1581 0.0665 0.4148 0.8405 -0.6439 -1.1860 -1.3567 
2.6656 1.8930 1.4163 1.6400 0.9088 0.8238 1.8435 1.8573 1.5490 1.3785 1.0641 1.5723 1.8648 0.8325 0.2855 1.1010 -2.4629 1.0308 0.1210 0.5214 1.5103 1.1164 0.5184 0.7042 0.8112 0.9559 0.8293 -0.3938 -0.4905 -0.0157 -0.5908 -0.6704 -1.3117 
2.0473 2.1320 2.0176 1.5912 0.8381 0.9174 1.0672 1.1661 1.6700 1.3001 1.5605 0.4558 1.3614 1.0817 1.0167 0.9262 1.0105 0.8541 0.8697 0.8523 0.9761 0.0479 1.0115 0.6253 0.9206 0.2898 0.0470 -0.2878 -0.5959 -0.0986 -0.0477 -0.4003 -1.6418 
3.5623 2.7327 1.9149 2.2694 1.6212 1.0513 2.1917 2.3657 1.0932 0.8241 1.3932 1.4900 -0.1123 1.0230 0.8860 0.2276 0.5878 0.1388 0.7337 0.8063 -0.4005 1.0206 0.8387 0.1791 0.3249 1.4897 1.1457 -0.1556 0.2300 0.6114 -0.1072 0.1587 -0.1629 
3.6319 2.5229 0.9533 1.9985 1.1498 1.5840 1.6712 1.1303 2.0245 1.2499 1.5350 0.6094 0.2223 0.0436 0.2779 0.4574 0.5577 0.3852 0.1108 -0.2203 -0.1754 0.1962 0.9833 0.5814 1.2180 0.2709 0.6517 0.3806 -0.2438 0.3133 -1.2845 -0.0277 -0.1488 
3.5486 2.7109 2.6144 2.4617 1.0793 1.9304 2.0651 1.5682 1.2464 1.5150 1.3551 1.4045 1.1512 0.4308 0.3542 1.1914 -1.2383 1.0944 0.2166 0.2086 0.8380 0.9203 0.8102 0.8714 0.4554 0.6891 0.9952 0.7306 -0.2819 0.8209 0.5439 0.0453 -0.2420 
2.8853 1.7302 2.6296 1.8206 1.5601 0.5797 1.4815 1.7545 2.0511 1.8218 0.8457 0.8034 0.6404 1.0071 -0.3194 0.6203 -0.1984 0.5303 -0.4550 0.7791 0.3035 0.3140 0.2909 1.1536 1.2608 0.8869 0.4291 -0.6314 0.1773 0.1566 0.5756 -0.6607 -0.9632 
3.9128 2.6808 2.7013 2.4821 2.1216 1.0961 1.3287 2.2262 2.1674 2.0448 0.7577 1.2023 1.7219 1.6973 1.5083 1.1684 1.1471 1.0708 1.3580 1.4693 1.4207 0.7987 0.2132 1.4048 1.4276 1.3649 0.2698 -0.1189 0.7131 0.8284 0.6678 -0.0788 0.1335 
3.3070 2.9936 2.0763 2.6952 2.2132 1.2487 1.4407 2.2194 1.8501 1.0021 1.3165 1.3837 1.1663 0.3426 1.1848 1.3204 0.7643 1.2127 1.0138 0.0827 0.8463 0.9037 0.7897 0.3418 1.0609 1.3582 0.3613 0.0168 0.8388 1.0103 0.0557 0.3740 -0.5281 
3.3211 3.0638 2.4592 1.9020 2.0961 2.1438 1.7847 0.4746 1.5694 0.8818 1.7675 1.2736 1.1275 1.1022 1.1155 0.4997 1.3120 0.4243 0.9573 0.8722 0.8235 0.8368 1.2326 0.2407 0.8290 -0.3882 0.7819 0.9352 0.6928 0.2266 0.4321 0.4230 -0.4805 
1.7954 1.9133 1.7975 1.3071 0.5299 1.2670 1.4701 2.0110 -0.3573 0.8372 0.9913 0.0329 0.1904 1.5446 0.8476 0.2052 -2.1849 0.1088 0.6518 1.2995 -0.2233 -0.3944 0.4423 0.1999 -1.2313 1.0631 0.3996 0.0804 -0.8506 -0.3633 -0.2287 -0.6252 -2.0996 
2.6021 1.6900 0.7679 1.8343 2.0448 1.3929 0.5753 1.6311 1.0609 1.5908 1.3174 0.8425 0.3202 0.3132 0.6122 0.7871 0.0379 0.6757 0.4419 0.0541 -0.0460 0.3703 0.7863 0.9420 0.3039 0.7720 -0.4003 0.1818 0.5983 0.2170 -1.2963 -0.8157 -1.2298 
2.3484 1.7805 2.6097 2.0597 1.0701 1.6323 1.4955 2.0441 1.5664 0.8519 0.8338 0.4968 -0.0408 1.7560 1.6353 1.3436 1.3144 1.2326 1.4797 1.5163 -0.3706 0.0673 0.2707 0.2160 0.8251 1.1052 0.4395 0.4213 -0.3215 0.3580 0.5379 -0.8141 -1.5033 
2.5997 2.6407 2.6625 1.9799 1.7395 1.4098 1.2581 2.0793 0.4502 1.2713 0.7995 0.2689 1.0450 1.4464 1.0461 0.8465 -0.3111 0.7776 0.8845 1.1504 0.7230 -0.2028 0.2357 0.6019 -0.2823 1.1538 0.2418 0.1966 0.3400 0.2863 0.6242 -0.0001 -1.2255 
0.8296 1.1343 1.7503 0.9673 1.4677 1.3558 1.7248 2.2061 1.5189 0.9467 0.2982 1.2184 1.0375 1.4064 1.6313 0.7176 0.7064 0.5974 1.4779 1.0914 0.7073 0.8082 -0.2470 0.2953 0.7677 1.3368 0.7303 0.1541 0.0395 -0.6745 -0.2670 -1.4911 -3.7027 
3.5444 2.2381 1.7575 2.2568 2.0631 1.7481 1.6123 1.3623 1.4042 0.6826 0.4480 0.8474 1.2149 1.4651 1.1167 1.4197 0.1930 1.3193 0.9609 1.1777 0.8782 0.3801 -0.1221 0.0320 0.5849 0.4228 0.5719 0.5341 0.6409 0.5944 -0.2488 -0.4093 -0.2134 
1.6106 1.9735 1.7201 1.1936 1.1941 1.2485 1.1112 1.0564 -0.3251 0.6810 -0.3294 1.1609 0.2464 0.2100 -0.1548 0.2443 -0.3513 0.1750 -0.3095 -0.1003 -0.1456 0.7530 -0.8690 0.0185 -1.0736 0.1993 0.1108 0.0346 -0.2077 -0.4327 -0.2767 -0.6594 -1.9519 
3.4800 1.9529 2.0531 1.1386 1.4734 1.8430 2.1787 1.5983 1.0408 1.7354 0.9955 0.8415 1.0375 1.5499 1.4634 1.0676 0.2487 0.9938 1.2814 1.3037 0.7140 0.3744 0.4474 1.0726 0.2924 0.7169 1.1266 0.6495 0.0750 -0.5057 -0.0248 -0.8957 -0.3234 
2.6038 2.0684 2.1074 1.6724 1.6738 1.1170 0.8983 0.7035 0.4244 0.2547 1.1390 1.0095 1.1507 1.4049 1.3808 1.3002 1.0727 1.1933 1.1638 1.0851 0.8363 0.5555 0.6025 -0.3814 -0.3331 -0.2179 -0.1551 -0.0977 0.2913 0.0276 0.0919 -0.5809 -1.2812 
3.5545 2.9224 1.8654 1.0791 1.6563 1.4403 1.4494 1.5558 1.3683 0.7335 1.1166 1.2101 1.5723 1.2753 1.4182 0.8691 1.1766 0.8045 1.2089 0.9999 1.2231 0.8060 0.5833 0.0636 0.5608 0.6706 0.3862 0.2270 0.2614 -0.6094 -0.1540 0.3037 -0.2079 
2.2599 1.3105 0.3290 1.8454 1.6103 1.3973 1.4991 1.1893 1.4872 1.6870 0.8435 0.9447 1.1471 1.3626 0.8444 0.5952 0.2788 0.4903 0.6495 1.0588 0.8349 0.4795 0.2732 1.0472 0.7329 0.3155 0.4404 0.1998 0.2285 0.2090 -1.9029 -1.4787 -1.6026 
2.9707 2.3147 2.4576 2.1438 1.4148 1.2903 1.7643 0.9019 0.1906 0.8426 1.7616 1.4265 1.9056 1.8791 1.6631 1.3085 0.8263 1.1986 1.5064 1.6033 1.5408 0.9497 1.2251 0.2005 -0.6299 -0.0256 0.7661 0.0561 -0.0127 0.4518 0.4462 -0.3170 -0.7545 
3.1452 1.4878 1.1381 1.2862 1.5993 1.8729 1.6358 1.7936 1.8016 1.5931 0.9708 0.9123 1.3835 1.4573 1.0459 0.4489 0.3546 0.3562 0.8831 1.1612 0.9922 0.4577 0.4060 0.9418 1.0352 0.9147 0.5971 0.6526 0.2278 -0.3620 -0.8985 -1.0019 -0.6812 
2.3458 1.3678 2.6712 1.7892 1.6512 1.4231 1.5275 1.2762 0.3107 0.1324 0.5464 0.5078 0.4616 -0.3376 0.5263 0.1369 0.3996 0.0313 0.3659 -0.6055 0.1575 0.0851 0.0139 -0.5391 -0.4319 0.3650 0.4632 0.2135 0.2598 0.1692 0.6380 -1.1436 -1.3664 
3.0709 2.4795 2.0676 1.1244 0.7381 1.6952 1.6959 1.7611 0.3310 0.1360 0.9674 0.9169 0.8612 1.3479 0.4358 0.5147 0.9671 0.4364 0.2809 1.0534 0.4750 0.4549 0.4191 -0.5235 -0.3930 0.8821 0.6900 0.4889 -0.7080 -0.5251 0.0312 -0.1543 -0.6888 
3.5012 3.2642 2.5540 2.0301 2.0194 1.7286 1.3342 1.7259 1.2193 1.7098 0.6086 1.5243 1.0532 1.4338 -0.2842 1.1874 -1.3941 1.0898 -0.4583 1.1295 0.7323 1.0614 0.0595 1.0613 0.4506 0.8596 0.2870 0.5134 0.5630 0.3364 0.4757 0.6146 -0.2675 
2.3205 2.0377 1.8751 2.2093 1.2025 1.1277 1.2959 0.3264 1.4915 1.4369 0.7461 -0.0475 0.5554 0.7212 0.9641 1.3728 1.1183 1.2617 0.8246 0.4335 0.2373 -0.4482 0.2031 0.7938 0.7389 -0.5736 0.2566 -0.0752 -0.2245 0.5341 -0.1514 -0.6143 -1.3749 
2.1130 2.3670 2.1829 1.8215 1.7764 1.4198 1.5325 1.2730 0.3491 1.0979 1.4146 1.2770 1.7676 0.2050 0.3063 0.8760 0.9629 0.8127 0.1584 -0.1145 1.4475 0.8460 0.8526 0.4526 -0.3883 0.3621 0.4671 0.2133 0.3662 0.1978 0.1965 -0.2189 -1.6754 
1.6720 1.1982 0.5647 0.9451 1.3939 1.2986 0.8446 -0.0315 1.1533 -0.2787 1.5112 -0.6899 0.9774 -0.3223 0.9514 0.3510 1.0688 0.2639 0.8164 -0.6350 0.6311 -1.1884 0.9586 -0.9602 0.3961 -0.9108 -0.2157 0.0767 -0.0477 -0.7470 -1.4385 -1.4122 -2.0257 
2.4250 2.0439 2.1933 1.7976 0.0492 1.4563 1.6066 1.0721 1.0593 1.0495 0.6323 0.8672 1.6725 1.5009 0.8351 1.2806 1.8370 1.1777 0.6463 1.2298 1.3686 0.4073 0.0995 0.3982 0.3020 0.2205 0.5599 0.2475 -1.4455 0.1653 0.2119 -0.5843 -1.2954 
1.4949 1.1534 2.1168 1.4339 0.9387 -0.1315 0.1153 -0.2458 0.8095 0.5497 -0.1981 0.8055 0.9154 1.1250 1.6829 1.1549 1.2454 1.0642 1.5327 0.8917 0.5499 0.3216 -0.7597 -0.1143 0.0033 -1.1277 -0.9291 -1.3343 -0.4366 -0.2639 0.1132 -1.3968 -2.2073 
1.6039 2.5855 1.8416 0.4512 1.6868 1.4497 0.1395 1.8982 1.8358 1.2930 1.5550 1.0952 0.5054 0.9276 1.0792 1.4135 1.0907 1.3077 0.9300 0.6788 0.1987 0.6855 0.9991 0.6339 1.0547 0.9900 -0.8975 0.2319 0.3140 -1.2204 -0.2081 -0.0288 -2.0175 
2.1249 2.6000 3.2375 2.3847 2.9179 2.2415 1.7278 1.2167 1.9140 1.2085 1.6908 1.4585 1.6299 1.4718 1.1659 1.3843 0.8338 1.2708 0.9967 1.1883 1.2990 0.9866 1.1561 0.5339 1.1116 0.3338 0.7352 1.0218 1.5345 0.7462 1.1676 -0.0582 -2.2565 
2.7117 2.3572 1.6728 2.5345 2.1111 1.1793 2.1978 2.0083 1.6825 1.4482 1.0596 1.5974 2.1465 0.0963 1.8381 1.5347 0.4037 1.4619 1.6604 -0.1499 1.7827 1.1485 0.5087 0.8111 0.9346 1.0589 1.1528 -0.0343 0.7116 0.8658 -0.3301 -0.2715 -1.3593 
-0.1059 2.4311 2.0463 2.7415 1.8289 2.4798 2.0161 2.1061 1.9015 2.0399 2.5499 2.1975 0.7616 1.4860 0.2116 1.8389 2.0275 1.7371 0.0183 1.2161 0.3636 1.7347 2.0168 1.4023 1.1013 1.1903 0.9337 1.2757 0.4006 1.0644 -0.0028 -0.1879 -2.4392 
1.8638 2.2588 2.3078 3.0108 2.1739 2.6970 1.8647 2.1210 2.3489 1.9121 2.0631 1.0598 2.1656 1.0957 1.1735 1.6268 0.1592 1.5442 1.0051 0.8622 1.8097 0.6387 1.5049 1.2404 1.5919 1.2256 0.8279 1.4913 0.7929 1.3935 0.3379 -0.3146 -1.9057 
2.9594 2.0130 3.2131 2.8100 2.2000 1.9937 2.2395 2.8493 2.8067 2.7069 1.1101 1.5065 1.6643 1.4559 0.9318 1.4624 -3.9316 1.3960 0.7993 1.1601 1.3477 1.0444 0.5521 2.0616 2.0600 1.9968 1.2085 0.7689 0.8265 1.1270 1.1477 -0.4750 -0.7835 
3.8728 2.6333 2.7045 2.3966 2.3197 2.5906 1.8679 1.6864 1.6749 1.3635 1.0814 0.7281 1.8688 1.4916 0.6349 1.5207 1.5448 1.4563 0.4503 1.2167 1.5154 0.2698 0.5374 0.6879 0.9270 0.8360 0.8360 1.3772 0.9375 0.7934 0.6988 -0.1017 0.0676 
3.8942 3.1063 2.4229 3.0439 2.6087 0.4022 1.7707 1.7270 1.5495 1.7615 1.3787 1.6933 2.1549 1.7387 1.5434 2.1912 0.8653 2.1153 1.4100 1.4994 1.7958 1.2747 0.8271 1.1006 0.8140 0.8579 0.7654 -0.8679 1.1356 1.4132 0.3791 0.4246 0.0701 
3.2941 3.2929 2.5823 1.8128 2.1543 1.2266 1.7056 0.9963 1.2328 0.9197 1.6876 0.8930 1.6309 1.4280 0.8747 0.4667 1.4150 0.3905 0.7156 1.1187 1.2988 0.4415 1.1445 0.2839 0.4553 0.1170 0.7020 0.0247 0.7754 0.1894 0.4918 0.6759 -0.5317 
3.6048 2.8726 3.4501 3.0324 2.4726 2.3236 2.0671 2.5140 1.2211 2.1103 1.9503 1.4107 1.4870 1.4543 1.6679 1.6606 0.9430 1.5769 1.5135 1.1648 1.1029 0.9322 1.4109 1.4658 0.4554 1.5942 1.0107 1.1098 1.0477 1.3993 1.4602 0.2384 -0.1895 
0.8800 2.6285 2.8094 2.3003 2.1951 0.3820 1.6863 1.6250 0.9693 1.7809 1.6627 0.7326 1.3897 1.1350 1.5231 0.9854 0.7561 0.9082 1.3786 0.8973 0.9978 0.2844 1.1074 1.1192 0.2216 0.7572 0.6726 -0.8770 0.8144 0.6618 0.8268 0.0184 -3.6061 
-0.4925 2.6644 1.7886 2.0107 2.3727 2.1565 2.1105 1.8613 1.6370 1.1339 1.5121 0.6609 1.5440 1.8617 1.3816 1.5191 1.5180 1.4516 1.1619 1.5906 1.1883 0.2321 0.9571 0.4749 0.8814 0.9558 1.0563 0.9425 0.9760 0.3136 -0.2643 0.0524 -2.2657 
3.3070 3.2423 2.5006 2.3281 1.8206 1.7249 1.9618 2.1086 1.1423 2.1062 1.6206 0.9593 0.2235 1.4102 0.4941 0.6685 0.7961 0.5642 0.3350 1.0896 -0.1729 0.4971 1.0616 1.4624 0.3764 1.1986 0.8967 0.5200 0.3980 0.6953 0.4277 0.5815 -0.6019 
2.3550 2.1463 2.0299 1.2829 1.7906 2.3138 1.4548 1.9912 2.1796 1.5609 1.2254 1.1088 1.4511 0.4968 -0.1916 0.8021 0.4315 0.6968 -0.3698 0.2762 1.0608 0.7031 0.6915 0.9096 1.4380 1.0577 0.3791 1.1096 0.3935 -0.3577 -0.0179 -0.4288 -1.3350 
1.8314 2.7531 1.8142 2.0152 2.3670 1.8807 1.9792 1.7535 -0.0567 0.5128 0.9200 1.3466 1.4374 1.2655 1.9597 1.8803 1.8031 1.7747 1.7473 0.9921 1.0544 0.8870 0.3649 -0.1461 -0.8035 0.8777 0.9130 0.6623 0.9664 0.3246 -0.1719 0.1849 -1.7141 
2.8954 2.2989 2.8782 2.4887 -0.1521 0.8352 0.7704 1.9922 1.5037 1.7352 0.7204 1.0042 1.3053 1.2709 1.0117 1.3713 1.4834 1.2596 0.8618 0.9941 0.9422 0.5430 0.2034 1.0743 0.7543 1.0556 -0.3054 -0.3767 -1.6971 0.8340 0.8830 -0.2895 -0.8439 
0.4224 2.4866 2.6153 1.8165 2.1130 1.8637 1.1892 1.0758 1.3684 1.0954 1.4965 0.8898 0.1488 1.1772 0.2436 1.4720 0.5915 1.4101 0.0661 0.9255 -0.2430 0.4236 0.9432 0.4440 0.5649 0.2186 0.1820 0.6545 0.7240 0.1766 0.5330 -0.0944 -2.6025 
0.1969 1.7582 1.6398 1.1541 1.0092 0.5211 1.0613 0.7259 0.0445 0.4925 0.9812 -0.0865 0.9623 0.3579 0.4294 0.7311 0.2944 0.6288 0.2649 0.1213 0.6081 -0.5020 0.4366 -0.1600 -0.7266 -0.1993 0.0297 -0.6745 -0.3725 -0.4919 -0.3463 -0.8048 -3.8569 
2.6476 2.5277 2.3389 2.0096 2.0937 2.0683 0.8861 1.6683 1.0561 1.3858 1.8233 1.0671 1.6724 0.3902 0.4955 0.3503 0.9265 0.2710 0.3402 0.1543 1.3666 0.6485 1.2912 0.7188 0.2973 0.8141 -0.1606 0.8554 0.6908 0.3056 0.3324 -0.1247 -1.2047 
2.5999 2.8310 2.1576 2.2142 2.4210 2.1600 1.7236 1.3350 0.9746 1.6137 1.4727 0.9981 1.6253 1.8068 0.8267 -0.2383 0.7057 -0.3220 0.6346 1.5486 1.2954 0.5354 0.9194 0.9604 0.2373 0.4037 0.7195 0.9470 1.0099 0.5414 0.1573 0.2448 -1.3847 
1.3437 2.8733 2.8862 2.3644 0.9421 1.3679 1.6308 1.9598 2.1160 1.3345 1.6545 0.8943 0.9998 0.9081 0.9788 0.9814 1.0599 0.9078 0.8356 0.6459 0.6608 0.4253 1.0952 0.6695 1.3701 1.0303 0.5809 0.1591 -0.4823 0.7220 0.8924 0.3142 -2.6994 
