3.9204 3.5472 2.7577 2.2589 1.7410 2.0919 1.8181 1.1683 1.9036 2.1772 1.0618 1.6008 1.3694 1.2904 1.3240 1.2397 -0.5745 1.1818 1.1786 1.0985 1.1250 1.3440 0.7124 1.7621 1.4181 0.5909 1.1441 1.3091 0.7755 1.1870 1.4057 1.9085 1.4877 
3.8192 3.0495 2.5147 2.0788 1.8990 2.0080 1.4433 1.9562 2.1569 1.9358 1.1499 1.7865 1.9416 1.9072 1.4822 0.6577 0.9799 0.5605 1.3952 1.7619 1.7491 1.5023 0.8437 1.5060 1.6493 1.4015 0.7827 1.2538 1.0296 1.0570 1.2788 1.3945 1.3243 
2.8458 3.8765 3.2417 3.1799 3.1904 3.0603 3.0770 2.6722 2.7967 2.7307 2.7012 2.6991 0.6297 2.5751 3.2489 3.0503 1.6956 2.9957 3.1154 2.4013 0.1675 2.4318 2.3547 2.3100 2.2917 2.1274 2.4223 2.2838 2.2814 2.1298 1.9081 2.2152 -0.4222 
4.9383 4.7495 4.5303 4.2783 4.0921 3.8654 3.7479 3.6555 3.5144 3.4521 3.4686 3.3214 3.3423 3.1637 3.3863 3.3414 3.3507 3.3007 3.2994 2.9952 3.0958 3.0165 3.1207 3.0310 3.0233 3.0561 3.0666 3.0861 3.1609 3.2234 3.2381 3.0568 2.5240 
4.1953 5.2147 4.8781 4.2770 4.1268 3.9576 4.0552 3.7800 3.7693 3.7905 3.6740 3.5403 3.4346 3.4817 3.4873 3.3963 3.3864 3.3487 3.3874 3.3362 3.2191 3.2788 3.3139 3.3731 3.2961 3.2074 3.3650 3.1822 3.2162 3.2190 3.5464 3.5174 0.9866 
4.0572 5.1120 4.5923 3.9169 3.5644 3.4128 2.8689 2.6603 2.7159 2.2079 2.5516 2.0722 2.5191 1.8083 2.2206 2.1114 1.9494 2.0380 2.1345 1.6867 2.2647 1.8171 2.2083 1.8110 2.2431 2.1321 2.1875 2.6491 2.6695 2.8938 3.3109 3.4281 1.4230 
4.9860 5.0818 4.5307 4.1974 3.9796 3.2607 3.5057 3.5619 3.5563 3.5430 3.3966 3.2225 3.2960 3.1874 3.2220 3.1521 3.0763 3.0890 3.0898 3.0156 3.0409 2.9379 3.0409 3.1171 3.0589 2.9876 2.8622 2.4927 3.0681 3.1208 3.2134 3.3987 2.3666 
4.6731 4.8615 4.2584 3.6870 3.6104 3.1676 3.3632 3.0678 3.2928 2.9932 2.7554 2.5975 2.9790 2.8946 2.7537 2.6303 2.6158 2.5815 2.6449 2.6889 2.7429 2.2971 2.4143 2.5747 2.7689 2.5173 2.6816 2.3845 2.6863 2.5894 2.9588 3.1580 2.3548 
3.8413 4.8159 4.0705 3.9147 3.5925 3.6941 3.4180 3.3599 3.3090 3.1118 3.1370 3.0780 3.0277 3.0139 2.9299 2.8935 2.8240 2.8208 2.8066 2.8635 2.8071 2.8061 2.7919 2.6875 2.7948 2.7743 2.7397 2.9154 2.6737 2.8663 2.7033 3.1127 0.2925 
4.3511 4.6460 3.8461 3.4467 3.2432 3.2380 3.1399 2.9142 2.8910 2.8096 2.7441 2.7689 2.6373 2.6317 2.6196 2.5481 2.6483 2.5043 2.5285 2.4846 2.4153 2.5083 2.3972 2.3797 2.3633 2.2977 2.4922 2.4618 2.2972 2.3566 2.5462 2.9818 1.8900 
4.8397 4.5686 4.1308 4.0703 3.8685 3.7634 3.7029 3.5882 3.4672 3.4042 3.3565 3.3016 3.2402 3.2654 3.2007 3.1198 3.0803 3.0690 3.0750 3.0714 3.0004 2.9917 2.9984 2.9859 2.9843 3.0051 3.0121 2.9843 2.9763 2.9757 2.8493 2.9037 2.4196 
4.8369 4.2067 4.1371 3.5008 2.9716 2.7569 2.9180 2.7311 2.5741 2.4841 2.3272 2.3660 2.3089 2.1888 2.0408 2.1854 2.0585 2.1424 1.9120 2.0163 2.1157 2.1073 1.9777 2.0525 2.0872 2.1687 2.2258 1.9848 2.0612 2.4351 2.8444 2.5231 2.4063 
4.5980 4.1713 4.1371 3.7321 3.4161 3.3376 3.1727 3.0639 2.9602 2.8678 2.9215 2.8423 2.7292 2.7278 2.6997 2.6533 2.7381 2.6019 2.6015 2.5749 2.5298 2.5536 2.5602 2.4376 2.4739 2.5141 2.5233 2.5594 2.5289 2.6477 2.8483 2.5090 2.1795 
2.7884 4.7270 4.5198 4.0663 3.7601 3.6581 3.5592 3.4616 3.3842 3.3891 3.2800 3.1859 3.1955 3.1145 3.1472 3.0845 3.0368 3.0383 3.0381 2.9622 2.9697 2.9166 2.9220 2.9719 2.9102 2.9115 2.9116 2.8793 2.8648 2.9692 3.2118 3.0578 1.3298 
4.1090 4.8061 4.3651 3.3509 2.6756 2.8914 2.6028 2.4528 2.2874 2.5347 2.3081 2.2447 1.5747 1.9025 1.9307 2.1593 2.1484 2.1188 1.8333 1.7585 1.3726 1.9419 1.9549 2.1220 1.7942 1.8629 1.9098 2.1074 1.7941 2.2431 3.0438 3.1133 1.5741 
3.9743 4.4473 3.8382 3.7160 2.0562 2.1165 2.3549 1.6599 1.9340 1.5813 1.4131 2.3086 2.1370 0.9320 1.4049 1.0284 0.9222 0.9843 1.3025 0.7447 1.8845 2.0405 1.0605 1.1593 1.4452 1.0729 1.7090 1.3371 1.0785 2.6254 2.5410 2.7425 1.4920 
3.2505 3.5787 3.5745 1.6336 2.6011 2.8447 2.5895 2.5751 2.4802 2.5654 2.2277 2.5549 2.3522 2.2833 2.1854 2.1666 2.0650 2.1255 2.0870 2.1363 2.1502 2.2523 1.8753 2.1514 1.9592 1.9908 1.9036 2.0686 1.7156 0.7274 2.2667 1.9116 0.8647 
2.9546 3.2244 2.6764 3.0559 1.6880 1.8989 1.8221 1.7403 1.6784 1.8028 1.6802 1.9467 2.1331 2.0467 1.8099 1.7701 1.9044 1.7286 1.7204 1.8691 1.8831 1.6831 1.3364 1.3833 1.1581 1.1207 1.1506 1.1028 0.8249 1.9813 1.3897 1.5213 0.3894 
3.5128 3.3522 2.5740 2.4077 2.5405 1.6971 1.1089 1.2081 2.3034 1.7636 1.9133 1.7389 2.1120 1.8356 1.8135 1.6875 -0.2314 1.6179 1.7201 1.6844 1.8580 1.4318 1.5693 1.3478 1.8226 0.6649 0.3996 0.9278 1.6272 1.3476 1.2717 1.6744 1.1287 
3.9157 3.0343 2.7687 2.1716 1.5165 1.8747 2.5938 2.6583 2.4008 2.1328 1.4476 1.8765 2.2181 1.7494 1.1258 0.7087 -0.2965 0.6713 1.0237 1.5457 1.9885 1.5938 1.1083 1.7099 1.8995 2.1067 1.9069 1.0829 0.6642 1.0556 1.4799 1.3802 1.4834 
3.7650 4.7751 4.6570 4.1693 3.1404 2.8531 2.9384 2.9323 2.0488 2.5693 2.5323 2.1173 2.1308 2.1806 1.2408 1.7350 1.9454 1.6631 1.1244 2.0090 1.8825 1.8111 2.1726 2.1552 1.5332 2.3290 2.2514 2.0777 2.2342 3.0774 3.3658 3.0936 1.3749 
4.7697 4.1849 4.5653 4.8820 4.1815 3.7639 3.6630 3.4839 3.4671 3.4304 3.3371 3.3213 3.2800 3.1952 3.1443 3.1344 3.1164 3.0757 3.0360 3.0206 3.0278 3.0153 2.9767 3.0107 2.9832 2.9318 2.9719 2.9780 3.2842 3.8007 3.2720 2.5554 2.3707 
4.9576 4.8312 4.9246 5.0399 4.5560 4.1062 3.6957 3.3323 3.3924 3.4471 3.3983 3.3055 3.2955 3.2093 3.2061 3.1512 3.0980 3.0883 3.0772 3.0316 3.0405 2.9972 3.0443 3.0271 2.9166 2.7409 3.0073 3.3269 3.6567 3.9806 3.6288 3.1058 2.4516 
4.7915 4.6893 4.8987 4.9769 4.0936 3.3618 3.4004 3.1580 2.9194 2.6660 2.6567 2.6460 2.5485 2.2965 2.3913 2.3032 2.3030 2.2582 2.2788 2.1552 2.2974 2.3540 2.2963 2.2483 2.4125 2.5897 2.7239 2.5825 3.1451 3.8942 3.6018 3.0217 2.3725 
3.5652 4.7289 4.3028 4.7926 3.8721 3.1145 3.3114 3.3072 3.0820 2.8951 2.9888 2.6810 2.6257 2.6550 2.6519 2.5908 2.5622 2.5460 2.5541 2.5141 2.4024 2.3947 2.6298 2.4623 2.5969 2.6895 2.6215 2.3130 2.9568 3.7240 2.9897 3.0660 1.4293 
2.2351 4.4789 4.2425 4.3769 3.6987 3.3808 3.3376 2.9929 3.0713 2.9771 2.8117 2.9593 2.8906 2.8881 2.7991 2.7341 2.7949 2.6806 2.6799 2.6858 2.6371 2.6599 2.4672 2.5591 2.5820 2.4127 2.6498 2.5974 2.7457 3.3197 2.9623 2.7656 0.3925 
4.8300 4.5746 4.6578 4.4692 4.1843 4.0294 3.8532 3.9605 3.8496 3.7834 3.7204 3.6912 3.6425 3.5876 3.5325 3.4996 3.4716 3.4510 3.4243 3.4133 3.3986 3.3814 3.3604 3.3662 3.3625 3.3834 3.1951 3.2561 3.3031 3.3739 3.3772 2.9275 2.4230 
5.1784 4.9423 4.5199 4.4705 4.1765 3.9184 3.6985 3.5938 3.3365 3.0706 2.9723 2.8549 2.8833 2.5843 2.4796 2.6011 2.3530 2.5553 2.3429 2.4149 2.6337 2.5615 2.6157 2.6523 2.8416 3.0094 3.0067 3.1388 3.2917 3.3764 3.2053 3.2668 2.6933 
4.0151 5.0203 4.9844 4.8099 4.2929 3.7197 3.5356 3.6381 3.4754 3.3477 3.3431 3.2949 3.2379 3.1806 3.1564 3.1077 3.0651 3.0593 3.0453 3.0104 2.9979 2.9834 2.9836 2.9326 2.9910 3.0409 2.8917 2.9353 3.3864 3.7289 3.7029 3.3625 1.9069 
3.4661 4.8740 4.8658 4.6213 3.9260 2.2417 2.9359 2.7180 2.2181 2.4150 2.2431 1.3598 1.0763 1.7705 1.4351 1.5749 2.1734 1.5261 1.3362 1.5917 0.8873 1.0621 1.8859 1.9852 1.7428 2.1634 2.2449 1.4440 3.0104 3.5447 3.5392 3.1964 1.3813 
3.6393 4.6433 4.5775 4.0823 3.8306 3.0927 3.2256 1.7145 2.6829 3.0165 2.3711 2.0497 2.3255 2.3714 2.3102 2.2508 2.3902 2.2007 2.2137 2.2099 2.1340 1.7739 2.0088 2.5988 2.2044 1.1533 2.5549 2.3139 2.9401 2.9859 3.3059 2.9841 0.1581 
3.7563 4.1791 4.5623 3.8796 3.3724 3.1523 3.3224 2.7427 2.7028 2.7231 3.1460 2.8033 2.6806 2.7269 2.6439 2.7524 2.6917 2.6908 2.5494 2.5741 2.4795 2.5315 2.8003 2.3147 2.2263 2.1982 2.6273 2.3778 2.4555 2.8539 3.2958 2.4469 1.7906 
4.4844 4.2029 3.9529 4.0313 3.8944 3.6891 3.5569 3.6996 3.5533 3.4998 3.3812 3.3583 3.3109 3.3199 3.2477 3.2210 3.1490 3.1525 3.1118 3.1285 3.0623 3.0622 3.0261 3.0770 3.0577 3.0934 2.9117 2.9154 2.9991 2.9612 2.6539 2.5447 1.9953 
4.9226 4.8484 4.4649 4.1177 3.9993 3.5820 3.3687 3.5421 3.3299 3.1777 3.2750 3.2864 3.1214 3.0768 3.0729 2.9478 2.9446 2.9068 2.9737 2.9340 2.9214 2.9770 2.9195 2.7503 2.8294 2.9727 2.6843 2.8037 3.0734 3.0293 3.1119 3.1239 2.3815 
4.9300 4.8612 4.0954 2.6173 3.3346 3.2371 2.8084 3.0449 2.2117 2.6325 2.3942 2.3082 2.1103 2.1704 1.9421 1.2685 1.7628 1.1225 1.8272 1.9914 1.8661 2.0503 2.0688 2.2249 1.7529 2.5064 2.1562 2.4753 2.4140 1.5438 2.7613 3.1389 2.4816 
4.5651 4.7342 4.1345 3.7408 3.4253 3.3145 3.3332 3.3666 3.0983 2.9161 3.0832 3.0197 2.9839 2.9470 2.8489 2.8253 2.8044 2.7574 2.7142 2.7646 2.7490 2.7241 2.7356 2.4964 2.6137 2.7839 2.6491 2.5404 2.5348 2.6616 2.8178 3.0550 2.2554 
3.5002 4.8215 3.9597 3.1299 3.0964 2.2899 2.7564 2.4218 2.5959 2.7796 2.6202 2.5264 2.3574 2.1308 2.4010 2.2158 2.2460 2.1695 2.2850 1.9291 2.1525 2.2191 2.2656 2.3519 2.1237 1.8413 2.1069 1.5097 2.2082 2.0875 2.6273 3.1182 1.6505 
2.1702 4.6486 3.5198 2.9433 2.7075 2.4765 2.5561 1.5081 1.7443 2.4862 2.1582 2.2195 1.9257 2.0946 1.7418 1.9955 2.2522 1.9328 1.6039 1.9006 1.7343 1.9168 1.8042 2.0506 1.2419 0.9276 1.8711 1.6712 1.8090 1.8728 2.2185 2.9935 0.4092 
4.0737 4.2970 4.0772 3.9690 3.7708 3.7023 3.4593 3.4498 3.4026 3.1158 3.0197 3.1928 3.1100 3.0743 3.0763 3.0635 2.9807 3.0102 2.9790 2.9307 2.9143 2.9205 2.6663 2.6911 2.9250 2.8976 2.7986 2.9208 2.8862 2.9159 2.7781 2.6267 1.7796 
4.6563 4.2499 4.5647 4.1012 3.9950 3.9117 3.8490 3.6839 3.5945 3.7572 3.5883 3.4608 3.3814 3.3236 3.3062 3.2761 3.2706 3.2042 3.1737 3.1337 3.1482 3.1779 3.2461 3.3409 3.0842 3.0712 3.1831 3.1332 3.0728 3.0126 3.2940 2.5885 2.2624 
5.0251 4.7879 4.3707 4.1528 4.0435 3.8038 3.5999 3.5504 3.5561 3.4793 3.4415 3.2938 3.3786 3.3163 3.2928 3.3002 3.2818 3.2335 3.1510 3.1228 3.1452 2.9824 3.0796 3.0664 3.0595 2.9792 2.9350 3.0241 3.1053 3.0742 3.0504 3.0768 2.5875 
4.9819 4.7012 4.0923 4.1765 3.9213 3.7737 3.6314 3.5310 3.4464 3.4323 2.9860 2.6665 2.5763 2.5418 2.3358 2.4892 2.4699 2.4179 2.2314 2.3505 2.3337 2.3755 2.6269 3.0114 2.9606 2.9642 2.9557 2.9942 3.0183 3.0953 2.7603 3.0085 2.5572 
4.5511 4.7853 4.5440 4.4599 4.0308 3.5552 3.4711 3.8314 3.8320 3.7223 3.3180 3.2816 3.3254 3.3292 3.1378 3.1359 3.0768 3.0763 3.0299 3.1424 3.0751 2.9746 2.9563 3.3074 3.3472 3.2803 2.8255 2.7737 3.0922 3.3635 3.2546 3.0921 2.2401 
3.5022 4.7998 4.5571 4.1379 3.4178 3.6574 2.9583 2.7857 3.2767 3.3452 2.7711 1.9178 1.9666 2.1990 1.3132 1.9902 1.8706 1.9272 1.1909 2.0319 1.7636 1.6409 2.4224 2.9303 2.7551 2.2133 2.2678 2.8799 2.5326 3.0494 3.2687 3.1081 1.5546 
3.8577 4.6164 4.5996 4.0806 3.3570 3.2059 3.3201 3.2106 3.4758 3.7979 3.2538 3.0726 2.8742 2.8840 2.7987 2.7779 2.7109 2.7135 2.6797 2.6846 2.6256 2.7934 2.9066 3.3792 2.9957 2.6198 2.6292 2.4321 2.4665 2.9804 3.3127 2.9722 1.3842 
3.2001 4.3602 4.4345 4.0904 3.6756 3.6766 3.7627 3.0943 2.7536 3.3924 3.2565 3.0968 3.0175 2.9522 2.9987 2.9328 2.9261 2.8845 2.9107 2.7722 2.7939 2.8275 2.9091 2.9771 2.2658 2.5395 3.0758 2.9063 2.7419 2.9939 3.1153 2.6811 0.5784 
4.1744 3.9470 4.5355 3.3221 3.0319 2.9004 3.5336 3.1993 3.1057 3.4827 2.9415 2.8169 2.8270 2.6292 2.9138 2.7706 2.6874 2.7069 2.7805 2.4816 2.5937 2.5378 2.5804 3.0684 2.6242 2.6167 2.8965 2.0939 2.1356 2.1732 3.2543 2.2353 1.8909 
4.4718 3.9026 4.2142 3.8326 3.7365 3.7439 2.9947 2.9508 2.7863 3.3070 3.1762 3.0555 2.9742 2.8711 2.8336 2.7832 2.8611 2.7189 2.7005 2.6793 2.7346 2.7668 2.8331 2.8896 2.2885 2.3580 2.2953 2.9637 2.8270 2.7654 2.9340 2.2248 2.0703 
4.6394 4.2002 3.7595 3.5350 3.1528 3.4016 2.9699 2.9205 2.9314 3.0422 2.9205 2.8086 2.8177 2.6405 2.7085 2.6513 2.5667 2.6001 2.6086 2.4979 2.5877 2.5341 2.5585 2.6237 2.4270 2.3129 2.2868 2.6238 2.2469 2.4848 2.4587 2.5164 2.1940 
4.6222 4.1543 3.6857 3.4127 3.1312 2.4870 2.6404 2.6378 2.6831 2.5332 2.2730 2.3599 2.1400 2.0338 2.1864 2.1870 2.1424 2.1439 2.0872 1.8576 1.8919 2.1001 1.9133 2.1239 2.1979 2.0726 1.9575 1.6900 2.2195 2.3328 2.3351 2.4528 2.1860 
4.2377 4.1791 4.0905 3.8226 3.4694 3.1514 2.9130 3.0076 2.9967 2.9557 2.8158 2.5837 2.7037 2.7270 2.6471 2.5035 2.5733 2.4298 2.5501 2.5736 2.5145 2.2877 2.4744 2.5392 2.5230 2.4394 2.2221 2.3640 2.5761 2.7522 2.7658 2.5355 1.8396 
3.0248 4.2905 3.6172 3.4489 3.2400 3.0263 2.9566 2.8508 2.9080 2.9661 2.7788 2.6815 2.5299 2.4685 2.5438 2.4472 2.5312 2.3787 2.4233 2.2824 2.2795 2.4005 2.4327 2.5520 2.3859 2.2572 2.2777 2.2463 2.3055 2.3878 2.2739 2.6323 0.9500 
4.1030 4.3817 3.8584 3.8713 3.5382 3.4934 3.3434 3.3642 3.3337 3.3371 3.0741 3.0699 3.0232 2.9124 2.9201 2.9069 2.8368 2.8371 2.7912 2.7116 2.7997 2.7876 2.7213 2.9221 2.8384 2.7810 2.6618 2.7133 2.6368 2.8091 2.5953 2.6860 1.6835 
4.6097 4.3141 3.6987 4.0840 3.7056 3.3510 3.3850 3.3164 3.1999 2.9111 3.1681 3.1986 3.0092 3.0739 3.0114 2.9648 2.9198 2.9217 2.9203 2.9299 2.7825 2.9238 2.8250 2.4906 2.6861 2.7094 2.7000 2.5733 2.7694 2.9953 2.3766 2.6287 2.2182 
4.7146 4.1582 3.8936 3.4756 3.1899 3.0334 3.0445 2.7397 2.1516 2.6289 2.5210 2.6001 2.4815 2.2774 2.2917 2.1121 2.1971 2.0423 2.1931 2.1356 2.2354 2.2989 2.1608 2.2119 1.6543 2.1779 2.3780 2.2618 2.2749 2.4198 2.5970 2.4488 2.2764 
4.3480 3.9965 3.8281 3.4669 3.6266 3.5716 3.4103 3.1329 3.0163 2.8817 2.9796 2.9912 2.8404 2.8778 2.8368 2.6933 2.7559 2.6474 2.7035 2.6822 2.6032 2.6894 2.6227 2.4556 2.5360 2.5684 2.7307 2.7988 2.6942 2.4188 2.5461 2.2902 1.9107 
3.5781 4.0847 3.7207 3.3113 2.9103 3.3193 3.1834 2.9404 2.8115 2.9508 2.9053 2.7772 2.6384 2.6814 2.6732 2.6353 2.5173 2.5856 2.5717 2.5366 2.4178 2.5155 2.5414 2.5374 2.2983 2.3414 2.5295 2.5429 1.9542 2.2219 2.4004 2.3992 1.3094 
3.5173 3.8224 3.4883 2.8509 3.0120 2.7806 2.9530 2.6561 2.3290 2.2702 2.5170 2.3555 1.8777 2.2227 2.2410 1.9474 2.3039 1.8983 2.1467 2.0709 1.6613 2.0905 2.1533 1.8524 1.8389 2.0984 2.2684 2.0079 2.1270 1.7845 2.2037 2.1665 1.1657 
3.2695 3.2639 2.8647 2.6163 2.5014 2.2932 1.9404 2.2361 2.0562 2.1307 1.6578 2.1897 2.2275 2.1544 1.7588 1.4798 1.6288 1.4279 1.6321 1.9665 1.9985 1.8971 1.3062 1.7074 1.5431 1.6691 1.3000 1.5111 1.5714 1.5449 1.5148 1.5642 0.8542 
2.9236 2.9340 2.3338 2.4952 2.6908 2.3119 2.1819 1.8721 1.9576 1.7415 2.2109 2.2813 1.8943 0.5877 1.5994 1.7925 1.8690 1.7509 1.4912 0.4412 1.6803 1.9933 1.8576 1.3243 1.4700 1.3313 1.4984 1.5372 1.7975 1.4146 1.0410 1.2430 0.4989 
2.9266 2.2104 2.9610 2.6098 2.1041 1.8315 1.8972 1.5762 1.6812 1.6394 1.7282 1.4337 1.6090 1.1162 1.8608 1.4615 1.4562 1.4108 1.7660 0.9721 1.3940 1.1288 1.3679 1.2110 1.1572 1.0099 1.2258 1.0562 1.1547 1.5179 1.6650 0.5638 0.4801 
2.5376 1.6588 2.4032 2.6291 1.9798 1.5626 2.0992 1.9102 1.8250 0.8812 1.3888 1.4331 1.6782 1.8405 1.2309 1.5333 1.5519 1.4862 1.1174 1.6896 1.4408 1.1298 1.0343 0.4675 1.3466 1.3616 1.4118 0.8026 1.0634 1.5518 1.0978 -0.0380 0.0379 
2.8570 2.2502 2.3632 2.0765 2.0619 1.9520 2.1991 2.1391 2.0401 1.7710 1.8716 1.8909 1.7158 1.6909 1.3740 2.0061 1.7945 1.9410 1.2639 1.5037 1.4607 1.6063 1.5138 1.3537 1.5283 1.5266 1.5149 1.1682 1.1382 0.9939 1.0611 0.5725 0.4030 
3.3344 2.5312 2.4695 2.0878 2.0283 1.4491 1.6248 1.4153 1.8674 1.8381 1.5064 0.7308 1.5649 1.6267 1.4878 1.1461 1.0884 1.0984 1.3888 1.4536 1.3638 0.4511 1.1452 1.4204 1.3859 0.8318 0.9732 0.6731 1.1062 1.0041 1.1303 0.7457 0.9054 
3.0764 2.5383 2.5615 2.0805 1.9643 1.9403 2.2080 1.8800 2.0960 1.0131 1.7817 1.7607 1.9663 1.6663 1.1402 1.1684 0.7637 1.1176 1.0423 1.4841 1.7600 1.4583 1.4223 0.5887 1.5768 1.3275 1.5219 1.1521 1.0569 0.9907 1.2435 0.8059 0.6166 
2.5560 2.3043 1.7925 2.0270 1.9018 2.0667 1.8978 1.8536 1.4048 1.7993 1.8315 1.7359 1.1986 1.7341 1.5724 2.0043 1.7874 1.9397 1.4668 1.5297 0.9840 1.4253 1.4756 1.3849 0.9226 1.2891 1.2318 1.2868 1.0119 0.9669 0.4963 0.6262 0.0908 
3.2151 2.4608 1.3819 1.7456 1.3901 2.0348 2.1644 2.0909 1.8693 1.5905 1.8674 1.3414 1.6289 1.5107 1.2014 1.2999 0.8269 1.2266 1.0904 1.3680 1.4032 1.0272 1.5116 1.1611 1.3881 1.4908 1.4798 1.2562 0.4752 0.6564 0.0356 0.6995 0.7504 
2.1889 1.5947 1.7717 1.7444 1.8392 1.5858 1.7154 1.5595 1.6359 1.6746 1.0364 1.2981 0.9573 1.3644 1.2840 1.5970 1.4788 1.5355 1.1522 1.1676 0.6977 1.0045 0.6757 1.2435 1.1236 0.9973 1.0256 0.8131 0.9527 0.6426 0.4536 -0.0368 -0.3736 
2.9250 2.1508 2.3018 1.5490 1.5542 2.1357 2.1774 1.8604 2.1295 1.3691 1.6264 1.6236 1.6652 1.6718 1.6371 1.4729 0.9529 1.4252 1.5104 1.4914 1.4284 1.3576 1.2870 0.9526 1.6109 1.3035 1.4939 1.3560 0.6520 0.5035 1.0130 0.4095 0.4464 
1.9045 1.9607 1.8975 2.0457 0.5908 1.7323 1.9196 1.7723 1.7919 1.5094 1.8216 1.9255 1.3167 1.6313 1.6171 1.2478 1.4981 1.1879 1.5001 1.4595 1.0625 1.6570 1.4690 1.0875 1.3104 1.1806 1.2703 0.9595 -0.2122 0.9878 0.6393 0.2955 -0.9980 
2.3067 1.9339 2.4701 2.3535 1.7714 1.8269 1.9667 1.5327 1.8903 1.5684 1.9277 1.6876 1.9321 1.6744 1.8880 1.1233 1.7395 1.0712 1.7871 1.4894 1.7385 1.3929 1.5798 1.1469 1.4036 0.9826 1.3218 1.0502 0.8302 1.3037 1.1557 0.2369 -0.0037 
2.5448 2.1520 2.0068 2.4705 2.0328 2.2220 2.0694 2.1354 1.4517 1.2903 1.6159 1.5696 1.8360 1.8732 1.8391 0.8742 0.8593 0.7999 1.7468 1.7329 1.6095 1.3124 1.2741 0.8608 0.9790 1.5232 1.3931 1.4431 1.1140 1.3907 0.7010 0.4914 0.0090 
2.5247 2.7159 2.1105 1.4039 1.3999 1.4900 1.7708 1.1753 1.4051 1.5121 1.8013 1.1218 1.5863 1.8769 1.5819 1.7560 1.5384 1.7027 1.4750 1.7360 1.3778 0.8434 1.4418 1.1022 0.9230 0.6232 1.0851 0.7109 0.4922 0.3344 0.7455 1.0510 0.1961 
2.1184 2.6234 1.8941 1.6135 1.4483 1.8973 1.8491 1.5978 0.7577 1.3887 1.4975 1.2450 1.7068 1.5389 1.6113 1.0056 1.3228 0.9682 1.4964 1.3909 1.4585 0.9693 1.1388 0.9735 0.2670 1.0247 1.1698 1.1164 0.5736 0.5824 0.6216 0.9669 -1.0507 
1.1182 2.4234 2.1729 2.1111 1.9107 1.1167 2.1823 1.9662 2.1609 0.5469 1.8254 1.7957 2.0211 1.0974 1.4996 1.5031 1.9646 1.4546 1.3976 0.9646 1.7956 1.5023 1.4699 0.1027 1.6649 1.3960 1.5064 0.3412 1.0145 1.0352 0.8852 0.7201 -1.2456 
1.7815 2.6821 2.6818 2.5703 1.8472 1.7565 2.1597 1.9055 1.8914 1.6744 0.7346 1.3321 2.1350 1.3702 0.6922 1.4341 0.6751 1.3866 0.5996 1.1725 1.8843 1.0294 0.3843 1.2441 1.4031 1.3563 1.4747 0.9788 0.9520 1.4868 1.3930 1.0275 -0.3931 
2.6636 2.9162 2.5594 2.4759 2.6478 2.1667 0.9858 1.1793 1.8009 1.4648 1.3181 1.4573 2.1965 1.7490 1.3924 1.0795 1.2815 1.0303 1.2793 1.5486 1.9604 1.1531 0.9675 1.0428 1.3234 0.6149 0.2771 1.3854 1.7568 1.4012 1.2381 1.2148 0.0922 
2.5569 2.6773 2.5838 2.2291 2.4565 1.9021 2.3410 1.8407 1.1446 2.0931 0.7660 2.0219 1.8674 1.8987 0.8436 1.6347 -0.0729 1.5682 0.7274 1.7525 1.6492 1.7502 0.3905 1.6622 0.6649 1.2672 1.6961 1.1207 1.5227 1.1449 1.2899 1.0132 0.1840 
1.9499 2.7813 2.3232 1.8505 2.5546 2.5130 2.2752 2.2359 1.5719 1.8580 1.7348 1.8320 1.7865 1.4271 1.9041 1.1179 1.6064 1.0634 1.8056 1.2701 1.5397 1.5329 1.3717 1.4408 1.0750 1.6682 1.6049 1.7324 1.6421 0.7929 1.0209 1.1056 -0.1452 
2.2452 2.7931 2.4938 2.2162 2.2357 1.8109 1.9669 2.0173 2.2367 1.7022 1.7667 1.4360 1.1162 1.6672 1.7490 1.8254 1.8086 1.7803 1.6192 1.4850 0.9103 1.1327 1.4086 1.2633 1.7581 1.4404 1.3229 1.0245 1.3491 1.1404 1.1628 1.1027 -0.6335 
2.2999 2.2874 2.6223 1.9815 2.0659 1.9408 1.8770 1.4192 2.2662 2.1837 1.0662 1.9005 1.8794 1.2030 1.3646 1.5768 0.5960 1.5154 1.2415 1.0418 1.6640 1.6208 0.7133 1.7676 1.7829 0.8476 1.2034 1.1646 1.1362 0.9076 1.3484 0.6424 -0.1137 
1.2012 2.7840 2.3287 1.3657 2.2514 1.0553 1.9325 2.1227 2.1589 1.7505 1.8611 2.0054 1.7979 1.9105 1.7522 1.6436 1.5274 1.5774 1.6244 1.7677 1.5602 1.7393 1.5084 1.3347 1.6568 1.5115 1.2886 0.2873 1.3624 0.2890 1.0289 1.1059 -0.4134 
3.0082 3.0701 2.4725 1.4325 1.0707 1.9005 2.1401 2.0928 2.3214 1.6495 1.3149 1.7955 1.1730 1.6546 1.5104 2.0102 1.8087 1.9436 1.4127 1.4779 0.9774 1.4964 0.9653 1.2112 1.8353 1.4919 1.4477 1.1250 0.2232 0.3213 1.1337 1.3916 0.4681 
2.8315 2.9593 2.5315 2.5201 2.3261 2.2502 1.9856 1.9013 1.3681 1.6824 1.7752 1.8681 1.4997 1.4965 1.2977 1.4851 -0.5626 1.4340 1.1621 1.3531 1.2874 1.5742 1.4122 1.2500 0.8518 1.3519 1.3304 1.4696 1.4232 1.4315 1.2157 1.2753 0.3420 
2.9025 2.9639 2.6832 2.2109 2.5726 2.3491 1.5452 2.1547 2.2821 1.9084 2.2507 1.9804 1.8085 1.9829 2.1965 1.5694 1.5828 1.5111 2.1036 1.8198 1.5738 1.7183 1.8976 1.4959 1.7950 1.5581 0.8829 1.5705 1.6702 1.1266 1.3846 1.3071 0.2911 
1.8929 2.6868 2.1261 2.1990 1.8416 1.9008 1.8146 2.3878 1.8807 1.5199 1.7968 1.7755 1.8917 0.7092 0.6377 1.3787 1.5604 1.3382 0.5383 0.5663 1.6810 1.4729 1.4396 1.1095 1.3899 1.8132 1.1379 1.1218 0.9566 1.1184 0.7604 1.0264 -1.7384 
2.7256 2.1452 1.9639 1.4740 0.7025 1.8006 1.8268 2.1638 1.6082 1.8652 1.3083 0.9720 1.7894 1.1519 1.5952 1.4732 0.9886 1.4195 1.4875 1.0001 1.5447 0.6681 0.9537 1.4465 1.1132 1.5647 1.1453 1.0214 -0.1497 0.3993 0.6645 0.3911 0.2718 
1.7797 1.0661 1.5182 1.7761 1.8647 2.0199 1.8769 1.9511 1.0454 1.6867 0.8832 1.9854 1.8967 1.7272 1.5992 1.2410 1.0285 1.1721 1.4866 1.5210 1.6876 1.7268 0.5607 1.2559 0.5760 1.3900 1.2032 1.2395 0.9839 0.6905 0.2182 -0.5798 -0.6988 
1.9035 2.4497 2.2249 2.4389 2.2848 2.1037 1.8306 2.4320 2.3791 1.8883 1.5743 1.7193 1.7105 1.8914 1.4759 1.1647 -0.7252 1.1145 1.3775 1.7468 1.4603 1.4117 1.2289 1.4673 1.8810 1.8463 1.1467 1.3221 1.3862 1.3726 0.9399 0.7590 -0.3570 
2.8225 2.1796 2.4665 2.5966 2.5190 2.2144 1.8868 1.8997 1.7932 1.8040 1.5867 1.8235 1.6081 1.7890 1.8719 1.6838 -0.1603 1.6115 1.7730 1.6134 1.3918 1.5241 1.2404 1.3902 1.3071 1.3503 1.2152 1.4320 1.5773 1.5118 1.1269 0.5278 0.3132 
2.7680 1.6770 2.1266 2.0369 2.2901 2.1912 1.9779 1.2108 1.5952 1.9225 1.8888 1.6349 1.9578 2.0926 1.6104 1.8334 1.7650 1.7864 1.4940 1.8994 1.7570 1.3583 1.5285 1.5080 1.1033 0.6397 1.3326 1.4108 1.3960 0.9746 0.7895 0.1169 0.3400 
2.4257 1.8169 0.9825 1.6275 1.7400 1.8194 1.6189 0.7588 1.6132 1.3671 1.2766 1.2492 1.4015 1.3197 1.1430 0.9974 1.4658 0.9593 1.0425 1.1217 1.1604 0.9718 0.9404 0.9514 1.1160 0.2001 0.9633 1.0429 0.8083 0.5689 -0.2508 0.0853 -0.0497 
2.9170 2.4738 1.8353 1.7772 1.6570 1.6676 1.5153 2.0258 2.1162 1.8239 1.7882 1.5345 0.1365 1.7511 1.4721 0.7336 0.8491 0.6804 1.3742 1.5574 -0.0760 1.2666 1.4285 1.4050 1.5915 1.4457 0.8564 0.8823 0.7320 0.6917 0.5601 0.7438 0.4742 
-0.0125 2.2306 1.7864 1.8774 2.2551 2.2994 1.9146 1.8701 1.9439 1.8132 0.9886 1.4452 1.8528 1.9817 1.8552 1.4728 1.8622 1.4245 1.7595 1.8197 1.6328 1.1511 0.6280 1.3967 1.4585 1.3079 1.2565 1.5228 1.3700 0.7982 0.4946 0.5866 -1.7484 
2.9257 2.8648 2.0452 2.5648 2.3218 1.5175 2.1224 2.3160 2.0849 1.1627 1.2770 2.0396 1.6433 1.8577 1.5670 1.4012 1.3842 1.3580 1.4609 1.7137 1.4142 1.7601 0.9427 0.7389 1.5612 1.7628 1.4286 0.7358 1.4218 1.4828 0.6996 1.1481 0.4200 
2.5400 2.9665 2.5850 2.5165 0.8585 2.0313 1.2316 2.2226 1.6180 0.8935 1.5842 1.4341 1.9457 1.8768 1.7421 1.6168 1.2254 1.5527 1.6079 1.7354 1.7480 1.1278 1.2387 0.4824 1.1162 1.6529 0.5751 1.2515 -0.0985 1.4205 1.2741 1.2993 -0.2934 
2.9847 2.5079 2.5836 2.2886 1.7366 1.6166 1.2347 1.7090 1.0055 1.5135 1.8128 1.9492 1.7084 1.7365 1.4780 1.7697 1.6911 1.7274 1.3841 1.5316 1.4589 1.6844 1.4574 1.0997 0.5164 1.1066 0.5722 0.8442 0.7996 1.2120 1.2911 0.7789 0.5517 
2.9800 2.6383 2.5055 1.9503 2.3866 2.4364 0.8276 1.4913 0.9661 1.7387 2.0034 1.7705 1.4025 1.9321 1.4305 1.8424 0.9659 1.7944 1.3422 1.7836 1.1627 1.4674 1.6600 1.3128 0.4463 0.9406 0.1726 1.6545 1.4783 0.8798 1.1565 0.9666 0.4706 
2.4385 2.5902 2.2356 2.3991 2.2414 2.0713 2.1611 1.7812 1.6443 1.7148 1.4015 1.3923 1.4862 0.3662 1.5021 0.4293 1.5421 0.3488 1.4013 0.2165 1.2714 1.0934 1.0428 1.2806 1.1294 1.1782 1.4744 1.2954 1.3513 1.3538 0.9584 0.9547 0.0603 
