1.9004 1.7609 1.7222 1.3277 1.5403 1.5731 1.4667 1.4691 1.5407 0.9878 1.0650 0.7493 0.7894 0.8846 -0.3858 0.9304 0.6777 0.8835 -0.5162 0.6739 0.5285 0.4475 0.6845 0.5268 1.0009 0.8665 0.7376 0.7190 0.5537 0.1332 0.2630 -0.0839 -0.7850 
2.2000 1.7374 1.4651 1.1512 0.3094 0.6595 1.3266 1.3592 1.3683 1.3985 1.1450 1.0340 0.6975 0.3274 0.9098 1.3006 1.4101 1.2379 0.7956 0.1290 0.4706 0.7156 0.7682 0.9417 0.8487 0.7167 0.5743 -0.1729 -0.7106 0.0078 0.0486 -0.1652 -0.5188 
2.0945 1.3461 1.7222 1.6122 1.1038 1.3678 1.3256 0.9818 1.3215 0.9322 1.3103 1.1565 0.9496 1.0701 0.9665 1.0441 0.7130 0.9912 0.8658 0.9083 0.6941 0.8666 0.9137 0.4732 0.7747 0.3651 0.5708 0.5121 0.1327 0.4431 0.2893 -0.5275 -0.6541 
1.9812 1.3284 0.8890 1.1214 0.9479 0.9760 1.2020 1.2235 1.1261 0.4312 0.8095 0.9658 0.6283 0.8621 1.0820 0.6259 0.1585 0.5759 0.9693 0.6407 0.4240 0.6358 0.4343 -0.0325 0.5825 0.5731 0.4692 0.1232 -0.0208 -0.0220 -0.5671 -0.5448 -0.6625 
2.5449 1.3406 0.8894 1.0699 1.4198 1.9549 1.6152 0.6680 1.0991 1.1237 0.6478 1.0410 1.2093 0.9482 1.3955 0.8365 0.5294 0.7541 1.2971 0.7741 0.9497 0.7329 0.2605 0.6569 0.5590 0.0461 0.8859 1.1002 0.4535 -0.0557 -0.6103 -0.5904 -0.1702 
1.8665 1.8814 0.8628 1.2257 1.4788 1.6878 0.6183 1.0470 0.8899 0.8467 1.3015 1.5337 1.2015 0.8571 1.2982 1.4599 1.5482 1.4026 1.1539 0.6374 0.9434 1.2452 0.9062 0.3748 0.3368 0.4473 -0.1030 0.8311 0.5050 0.0521 -0.6372 0.0516 -0.7800 
2.4326 1.9956 0.7487 1.4757 1.3193 1.2717 0.9278 1.3620 1.4421 1.1105 -0.5456 -0.4273 1.5204 1.7691 1.2821 1.3227 1.3537 1.2740 1.1218 1.5730 1.3045 -0.7997 -0.8455 0.6444 0.9114 0.7266 0.1828 0.4200 0.3142 0.3099 -0.7402 0.1321 -0.2360 
1.1383 1.3888 1.2547 1.4729 1.1813 1.1866 0.9912 1.4489 1.4128 1.3130 1.3643 0.1478 1.3757 0.7980 0.6082 1.3354 -0.6727 1.2904 0.4956 0.5919 1.1173 -0.1636 0.9713 0.8615 0.8848 0.8524 0.2385 0.3441 0.1825 0.3106 -0.1653 -0.3978 -1.6154 
0.2565 1.0386 1.6662 0.7253 0.4824 -0.3253 0.9637 0.9298 1.3946 0.7822 1.0359 0.9592 0.8800 1.0899 1.0704 0.6029 1.1773 0.5486 0.9591 0.9248 0.6098 0.6267 0.6439 0.2964 0.8738 0.2807 0.2170 -1.1493 -0.5135 -0.4468 0.2117 -0.7319 -2.8382 
-1.0342 1.7838 1.3403 1.5474 1.1458 1.1490 1.3362 1.3011 1.5656 1.4774 1.0805 1.4083 1.3182 0.9524 0.8770 1.2380 1.1966 1.1620 0.7365 0.7743 1.0433 1.0820 0.7100 1.0232 1.0220 0.6382 0.5870 0.2981 0.1438 0.3949 -0.0553 -0.0276 -2.6740 
2.1495 1.6436 1.3395 0.1532 1.5947 1.5640 1.5366 1.4088 1.0378 0.5595 1.3792 1.4498 1.2960 0.8721 0.9581 1.3267 1.3987 1.2833 0.8646 0.6514 1.0196 1.1339 0.9898 0.1067 0.5000 0.7893 0.8296 0.7098 0.5954 -1.0470 -0.0989 -0.2466 -0.5770 
2.2501 1.8934 1.7723 1.3331 1.1620 1.0696 0.8560 0.4428 0.4916 1.1555 1.3167 1.3747 1.3034 1.0700 0.8982 0.9464 0.8564 0.8968 0.7724 0.9073 1.0301 1.0453 0.9217 0.6885 -0.0316 -0.2297 0.0910 0.2152 0.1623 0.1378 0.3448 0.0539 -0.3909 
2.7144 2.3517 1.7737 1.9568 1.8228 1.6558 1.3347 0.6054 1.3186 1.7500 1.5346 0.5959 0.6055 0.8064 0.9694 0.9614 1.2030 0.9123 0.8692 0.6053 0.3728 0.2752 1.1536 1.2973 0.7724 -0.0095 0.5819 0.8022 0.8528 0.8074 0.3489 0.5046 0.0512 
2.6580 2.4107 2.2570 1.7994 1.2718 1.3600 1.4735 1.2347 0.1355 1.1981 0.6800 1.1469 0.1747 1.2616 1.1555 1.0342 0.3523 0.9720 1.0327 1.0439 -0.0317 0.8601 0.3011 0.7268 -0.3935 0.5799 0.7488 0.5105 0.2313 0.6088 0.8572 0.5618 -0.0007 
2.4286 1.8302 1.4513 0.8910 1.6805 1.5384 0.9283 1.4582 0.8558 1.0439 1.0955 1.0795 0.9422 1.4738 1.7235 1.0305 -0.3068 0.9677 1.5765 1.3188 0.6868 0.7910 0.7155 0.5908 0.2810 0.8557 0.1750 0.6791 0.6536 -0.3061 0.0286 -0.0399 -0.2743 
2.6180 2.0055 0.8886 0.1953 1.7025 1.4853 1.2053 1.5295 1.0374 1.0530 0.3931 0.7948 1.0882 0.6156 0.9405 0.4275 0.0938 0.3430 0.8413 0.4569 0.8718 0.4767 0.0045 0.6031 0.5030 0.9129 0.4712 0.6267 0.6745 -0.9232 -0.5742 0.1509 0.0023 
0.1921 1.8306 1.0171 1.1957 1.2239 0.8466 1.3505 0.7855 0.5647 0.6988 0.3431 0.8529 0.2714 1.1752 0.8319 0.3446 0.7787 0.2794 0.6833 0.9837 0.0418 0.5143 -0.0427 0.2292 0.0326 0.1296 0.6046 0.0055 0.2112 0.0351 -0.3868 0.0336 -1.6566 
2.9423 2.5800 1.6665 1.8968 1.5626 1.5574 1.4359 1.5192 0.7966 0.7925 0.8851 0.9089 0.8677 -0.2873 0.8230 0.2574 1.1552 0.1919 0.6722 -0.4245 0.5907 0.5798 0.4911 0.3161 0.2262 0.9044 0.7004 0.7014 0.5688 0.7261 0.2091 0.6864 0.2541 
1.8016 1.1793 0.9345 0.5170 0.4012 0.2545 0.2416 0.8427 0.1797 0.6137 0.3930 0.7304 0.5154 0.8634 0.8982 0.6701 0.3105 0.6121 0.7709 0.6439 0.2551 0.4380 0.0135 0.1540 -0.3528 0.1789 -0.4498 -0.6047 -0.6222 -0.6630 -0.4809 -0.7026 -0.8509 
2.6976 2.2318 1.5378 1.4146 1.4401 0.9751 1.5136 1.4027 1.5531 1.3762 0.9684 1.3237 1.3280 0.9867 1.4339 1.2638 1.1194 1.1840 1.3280 0.8293 1.0522 0.9929 0.5737 0.9192 1.0099 0.7822 0.8045 0.1231 0.4603 0.2361 0.1121 0.3738 0.0409 
2.1813 1.9997 1.4698 0.3590 0.9666 0.8806 0.8276 1.6308 1.6555 1.4690 1.1918 2.6837 2.7338 1.9450 1.3474 0.6855 -0.8772 0.6160 1.2186 1.7819 2.5022 2.3559 0.7879 1.0049 1.0884 0.9860 0.0685 0.0257 0.0034 -0.8152 0.0496 0.1543 -0.4178 
2.3200 0.7408 1.4052 0.5549 0.7849 0.5161 0.5986 0.6037 -0.6532 1.0100 0.0131 0.1886 0.8128 1.2934 1.3472 0.5794 0.7440 0.5268 1.2372 1.0697 0.5474 -0.1258 -0.3666 0.5523 -1.2040 -0.0092 -0.1469 -0.3320 -0.2384 -0.6419 0.0008 -0.8388 -0.3516 
3.0320 2.1563 2.0381 2.0376 1.8210 0.6000 1.7131 1.5805 1.4790 0.6890 1.4900 1.3342 1.5729 0.2745 0.8858 0.0832 0.8662 0.0282 0.7519 0.0897 1.3354 1.0058 1.1092 0.2302 0.9487 0.9493 0.9501 -0.2314 0.8471 0.8792 0.5977 0.2145 0.3642 
2.7851 2.4670 1.9634 1.2839 1.2684 1.3379 1.2355 0.9335 0.8085 1.2309 0.7371 0.7490 1.5963 0.2631 1.3691 0.9731 -0.3988 0.9178 1.2717 0.0704 1.3514 0.4581 0.3699 0.7626 0.2442 0.2991 0.4929 0.4831 0.2359 0.0790 0.5293 0.5932 0.0850 
2.7563 2.3236 2.1685 1.7446 1.5901 1.4292 1.1959 1.4456 0.8405 0.9706 1.5123 1.2984 0.9131 1.1590 1.2321 1.3882 0.1873 1.3367 1.0837 0.9756 0.6388 0.9592 1.1349 0.5097 0.2652 0.8405 0.4626 0.5766 0.5890 0.5506 0.7150 0.4820 0.0774 
2.1590 1.4882 1.4771 1.3913 1.1756 1.2575 1.3860 1.2427 0.9241 0.8004 1.3335 1.2797 1.2164 1.2173 0.9906 0.9776 0.8493 0.9242 0.8872 1.0171 0.9547 0.9396 0.9394 0.3307 0.3918 0.5842 0.6371 0.4025 0.1679 0.1951 0.0680 -0.3843 -0.5737 
2.7682 3.0491 3.3375 3.0822 1.6936 2.3106 2.8687 2.7896 2.2833 2.7721 2.1684 2.8197 1.3242 3.0674 3.2052 2.8656 2.0107 2.7922 3.0962 2.8821 1.0231 2.5313 1.7779 2.3185 1.7621 2.1780 2.1564 1.4598 0.6380 1.8934 1.8976 1.2431 0.2367 
2.8421 2.3043 2.1341 1.9877 1.4089 1.7306 2.2560 1.6398 1.5401 1.1588 2.1530 2.2498 2.0970 2.1002 1.4480 2.3717 1.8711 2.3195 1.3323 1.8898 1.8290 1.9211 1.7566 0.7060 0.9976 0.9908 1.5107 0.8843 0.4373 0.8443 0.6624 0.4459 0.1370 
2.2946 1.7731 1.9219 0.8561 1.8288 2.5699 2.9392 2.5712 2.4720 2.4143 1.8900 2.5202 3.0212 2.6604 2.2109 2.3034 2.1268 2.2460 2.1000 2.4798 2.7493 2.2006 1.4920 1.9466 1.9080 1.8979 2.1966 1.7200 0.8738 -0.2998 0.5033 -0.1716 -0.3984 
1.9628 2.2122 1.9143 1.3400 2.1082 2.9261 2.5834 2.2094 0.8823 1.8667 0.9205 1.8278 1.2806 0.7488 1.1231 1.1893 0.9994 1.1103 1.0054 0.5596 0.9977 1.5013 0.5308 1.4073 0.3410 1.5640 1.8209 2.0741 1.0906 0.1812 0.4984 0.3875 -0.8420 
2.2636 2.3697 2.1172 2.0952 2.0816 1.7230 1.0945 1.3495 1.3099 0.9534 1.2454 1.6361 1.4212 1.2330 0.9311 1.2148 0.9530 1.1376 0.8245 1.0252 1.1824 1.3220 0.8653 0.4872 0.7498 0.7074 0.3647 0.8688 1.0518 0.9133 0.6703 0.5402 -0.3757 
2.5915 1.5670 1.9852 2.0288 2.0152 1.7408 1.4311 1.2389 0.9571 1.7725 1.3171 0.7325 1.0323 1.0982 0.9734 0.9993 -1.3914 0.9433 0.8750 0.9294 0.8104 0.4378 0.9208 1.3180 0.4377 0.5752 0.6954 0.8782 1.0178 0.8748 0.5722 -0.3603 -0.1173 
2.3683 2.0701 1.8055 1.7630 2.3239 2.2102 1.3251 1.4919 1.4194 1.9789 1.8699 -0.1814 0.9498 1.5095 1.6792 1.4239 0.4761 1.3678 1.5278 1.3452 0.6974 -0.5182 1.4736 1.5129 0.8917 0.8887 0.5836 1.3553 1.3431 0.5769 0.4172 0.1842 -0.3253 
2.4520 2.5068 2.2181 1.7498 1.4215 1.7339 1.2550 1.4676 1.7734 1.6268 1.8130 1.6191 1.2080 0.7742 1.2751 1.1025 0.9996 1.0419 1.1196 0.5790 0.9544 1.3146 1.4204 1.1603 1.2394 0.8655 0.5037 0.8797 0.4422 0.5495 0.7968 0.6345 -0.2774 
2.3894 1.7691 2.0367 1.8201 1.5281 1.9531 1.5320 1.3167 1.7324 1.7332 1.6980 1.2421 0.0603 -0.1162 1.1549 1.3249 -0.2835 1.2780 1.0328 -0.3114 -0.2033 0.9139 1.3046 1.2798 1.1729 0.6624 0.8197 1.0983 0.5486 0.6216 0.6111 -0.0408 -0.2475 
3.2137 3.0990 2.0843 2.3097 2.2521 1.6401 1.8546 1.7376 1.5013 1.7468 1.7666 0.8845 1.6409 1.3265 1.1077 1.2446 1.2880 1.1675 0.9888 1.1224 1.3809 0.5462 1.3715 1.2948 0.9657 1.0729 1.1125 0.8074 1.2812 1.1399 0.6045 1.2793 0.5641 
3.8568 3.2284 2.0481 1.7781 2.0765 2.0675 1.8705 1.3526 1.4821 1.8865 1.6708 1.4619 1.4655 1.4045 1.4041 0.9144 0.4413 0.8650 1.3038 1.2408 1.2387 1.1457 1.2916 1.4238 0.9598 0.7033 1.1346 1.2133 1.0519 0.6130 0.6129 1.4094 1.2181 
4.6622 4.7389 4.3997 4.0515 3.9103 3.7140 3.6879 3.5503 3.4760 3.4735 3.3799 3.2371 3.2184 3.1641 3.1385 3.1041 3.0861 3.0526 3.0335 3.0069 3.0050 2.9467 3.0016 3.0188 2.9372 2.9298 2.9817 2.8617 2.9102 2.8941 2.9995 2.8860 1.9541 
4.5371 4.7775 4.7468 4.4230 4.0279 3.8709 3.8620 3.6532 3.4627 3.3489 3.5197 3.4903 3.4475 3.4096 3.3619 3.2768 3.2544 3.2067 3.2144 3.1864 3.1763 3.1638 3.1303 2.8780 2.9134 3.0407 3.1011 3.0171 3.0428 3.2360 3.3071 2.9627 1.9976 
3.8501 4.8909 4.6709 3.8959 3.6950 3.6112 3.1575 3.1946 3.2485 3.4381 2.9991 3.0169 3.0131 2.9634 3.0029 2.8769 2.8257 2.8047 2.8527 2.7515 2.7390 2.6805 2.5999 2.9771 2.7103 2.5892 2.4277 2.7550 2.7013 2.6981 3.2019 3.0750 1.4483 
3.4992 4.4640 4.4869 4.0027 3.7129 3.5957 3.9118 3.4855 3.5856 3.3205 3.1814 3.2406 3.1500 3.1090 3.0615 3.0334 3.0119 2.9849 2.9506 2.9409 2.9128 2.9536 2.7913 2.8470 3.0555 2.8411 3.1634 2.7511 2.7193 2.8308 3.0809 2.6448 1.0361 
4.6863 4.7234 3.5562 2.8927 2.7809 3.0727 3.1313 2.7526 2.5827 2.9103 2.6672 2.6580 2.5479 2.2641 2.3160 2.2433 2.1955 2.1922 2.2046 2.1013 2.2727 2.3283 2.2756 2.4377 2.0106 2.1477 2.3908 2.2207 1.8396 1.7655 2.1599 2.8356 1.8654 
3.7813 4.5661 3.3956 2.2348 2.3626 2.4299 3.5817 2.7288 3.0456 2.6827 2.3596 2.2279 2.4612 2.3062 2.2146 2.0746 1.9566 1.9981 2.1077 2.1476 2.2103 1.9040 1.9850 2.2227 2.4984 2.1009 2.8429 1.6051 1.3980 1.0178 1.9440 2.7203 1.5020 
4.4183 4.5162 4.2912 3.9804 3.7709 3.5748 3.4382 3.5810 3.5504 3.4720 3.4140 3.3258 3.1764 3.1864 3.1153 3.1162 3.0825 3.0634 3.0152 3.0298 2.9489 3.0217 3.0194 3.0175 3.0268 2.9759 2.6790 2.7219 2.7554 2.7968 2.8533 2.6873 1.8292 
4.7209 4.6179 4.4832 4.1440 3.9074 3.8598 3.6797 3.7308 3.1802 2.4242 2.5441 2.7546 2.8384 2.8455 2.8136 2.7554 2.7212 2.7020 2.6978 2.6660 2.6076 2.4509 2.1561 1.9532 2.6441 3.0954 2.9733 3.0047 2.9086 2.9933 3.0718 2.7613 2.1253 
4.4281 4.8922 4.3631 3.6019 3.2112 3.0711 2.6605 3.3796 3.3181 2.8913 2.7249 2.7597 2.5000 2.7348 2.4759 2.5029 2.4683 2.4271 2.3325 2.5780 2.2399 2.4621 2.3297 2.4225 2.7568 2.7234 1.9233 2.2131 2.2220 2.4179 2.9283 3.0723 1.8320 
3.0224 4.5699 4.0564 3.6362 3.4693 3.2812 3.1070 3.4135 2.7093 2.7893 2.8482 2.7562 2.8266 2.7594 2.7621 2.7171 2.6975 2.6614 2.6571 2.6031 2.6013 2.4549 2.4724 2.3284 2.1847 2.7484 2.3676 2.4315 2.4732 2.4920 2.6451 2.7357 0.6996 
4.1487 4.3006 3.6081 3.1037 2.7425 2.3777 2.7581 3.0605 3.0439 2.6486 2.4783 2.4455 2.4688 2.1904 2.0463 2.2623 2.4089 2.2121 1.9074 1.9896 2.2180 2.1538 2.1076 2.1929 2.5032 2.4220 2.0486 1.5138 1.7749 1.9344 2.2037 2.4228 1.3784 
3.4748 3.7312 3.5030 3.1069 2.9896 2.7429 2.2780 2.5917 2.5449 2.6013 2.3949 2.4198 2.2070 2.2221 2.2348 2.1368 2.0900 2.0557 2.1397 2.0401 1.9393 2.1351 2.0165 2.1482 1.9717 1.9274 1.5345 1.8867 1.9545 1.9144 2.0848 1.8879 0.7104 
3.5953 3.5142 3.0773 2.6112 2.4983 2.2844 1.8685 1.7785 2.0148 2.1316 1.8063 1.7942 1.7032 1.7262 1.6728 1.6558 1.2201 1.5794 1.5208 1.5084 1.4251 1.4675 1.4144 1.6587 1.4673 1.1321 1.1287 1.4305 1.4764 1.4186 1.6518 1.6984 0.9991 
3.1089 3.3651 2.6879 2.0064 1.5593 1.6541 1.9224 1.3103 1.7970 1.5488 0.6195 -0.0288 0.6456 1.3756 1.0500 1.1925 0.5010 1.1162 0.9426 1.1958 0.4384 -0.3652 0.2315 1.0804 1.2795 0.6447 1.2095 0.8009 0.5663 0.8575 1.2707 1.5010 0.5534 
-0.1495 3.0604 1.9967 0.9047 1.0700 1.0140 1.3528 0.5813 1.1682 0.4803 1.2745 1.4078 1.1663 1.2832 0.4231 0.7731 0.9594 0.7075 0.2716 1.0528 0.9189 1.0849 0.8837 0.0222 0.6134 -0.0369 0.6107 0.1614 0.0668 -0.3517 0.5150 1.2485 -0.9890 
-0.2676 2.9711 1.4854 1.7194 1.3343 0.6317 1.4478 1.3778 1.1300 1.5416 0.8993 0.9666 0.9508 1.4575 0.8071 1.2656 0.6963 1.1869 0.6681 1.2983 0.7033 0.6382 0.5042 1.0746 0.5915 0.7415 0.7146 -0.2399 0.3271 0.5055 0.1067 1.1071 -1.3601 
2.7538 2.3866 1.5342 1.5081 1.2880 1.3271 0.9079 0.3884 0.6670 0.9188 0.6147 0.6134 0.9296 0.7041 0.6069 0.8697 0.5911 0.8041 0.4981 0.5227 0.6694 0.3112 0.2383 0.4597 0.1201 -0.2462 0.1440 0.4721 0.2597 0.3752 0.1277 0.5577 0.1749 
2.8908 2.7042 2.2910 1.5748 2.0893 1.5060 1.7987 1.3955 1.4330 1.3885 0.0285 1.8044 1.2800 1.4858 1.6359 1.5663 1.5528 1.4962 1.4912 1.3287 0.9950 1.4745 -0.4036 0.9291 0.9057 0.7646 1.0472 0.6487 1.0648 0.4199 0.8773 0.8731 0.1686 
2.8401 2.2991 1.7474 0.9175 1.2479 1.1892 1.0860 0.5459 1.4697 1.0185 1.1711 0.3509 0.7895 -0.6737 1.0213 0.8636 0.9932 0.7907 0.9133 -0.8386 0.5280 0.0345 0.7945 0.5591 0.9381 -0.0582 0.3741 0.3368 0.2203 -0.2658 0.3010 0.4607 0.1963 
2.2338 2.9056 3.0836 2.2995 1.5289 2.3310 3.4376 3.6914 2.8020 2.6076 1.7197 1.4773 1.8738 1.4216 1.9172 1.4667 2.2365 1.4165 1.8097 1.2580 1.6377 1.1885 1.3278 2.1552 2.2615 3.0675 2.6823 1.4704 0.5310 1.1206 1.6742 1.0596 -0.8614 
2.6420 2.8845 2.3994 2.0942 2.1324 2.4784 2.2896 2.1206 1.8797 2.0661 2.1427 1.4085 1.8264 1.6452 0.7592 1.0827 2.1044 1.0258 0.6249 1.4433 1.5767 1.0739 1.7432 1.5991 1.3397 1.4648 1.5459 1.6309 1.1119 0.9123 0.9631 1.0252 -0.2619 
2.7395 2.2892 2.2749 1.4104 1.5064 2.0478 1.9488 2.2466 2.5274 2.1344 1.3247 1.2933 1.2146 1.6120 1.3826 -0.1673 -2.1212 -0.2038 1.2847 1.4199 0.9589 0.9526 0.9275 1.6573 1.9576 1.6209 1.2284 1.1957 0.5330 0.2560 0.8696 0.4625 0.1033 
1.8561 1.8309 1.1414 1.9422 1.3348 1.9908 2.8017 2.6748 3.0388 2.7148 2.0908 1.7744 1.8745 1.7109 0.7798 1.5646 1.7601 1.4939 0.6268 1.4795 1.6409 1.4506 1.7147 2.2533 2.4931 2.0478 2.0950 1.1530 0.3064 0.7977 -0.2462 0.0172 -0.6822 
1.4734 1.8413 1.9964 2.1137 1.9222 2.2213 2.3473 1.6899 2.5153 2.5177 2.2984 1.4987 1.9011 1.8574 1.9928 0.6341 1.7359 0.6117 1.8695 1.7048 1.6896 1.1903 1.9019 2.0497 1.9481 1.0276 1.6287 1.3622 0.9316 0.9313 0.5557 0.0609 -1.1823 
2.5813 2.3706 2.2462 1.8918 1.9524 2.4185 2.5890 2.8536 3.0244 2.8407 2.3261 2.2591 1.4933 1.9976 1.8225 1.7136 2.0849 1.6364 1.7232 1.8150 1.2835 1.9298 1.9340 2.3693 2.4748 2.2222 1.8384 1.5651 0.9621 0.7209 0.8355 0.5418 -0.1616 
2.5351 2.6092 1.4082 2.2202 1.9356 2.0734 2.3290 3.1174 2.8261 2.5730 2.2394 2.1868 2.2357 2.1656 2.1636 1.8662 1.7339 1.8091 2.0246 1.9534 1.9822 1.8572 1.8452 2.1071 2.2813 2.4989 1.6204 1.2182 0.9452 1.0354 -0.0705 0.7402 -0.3225 
1.7174 1.4403 2.0881 1.1265 1.6368 1.9285 2.1081 1.3245 2.8458 2.5117 2.2046 2.0321 2.3217 2.1436 1.8762 0.8367 1.6433 0.7492 1.7662 1.9183 2.0979 1.7315 1.8090 2.0442 2.3015 0.7148 1.3524 1.0799 0.6303 -0.0151 0.6394 -0.3567 -0.8637 
1.3563 2.5490 2.7391 2.3034 2.0287 2.2917 2.5460 2.6313 2.6332 2.9843 2.5195 1.7980 0.9445 0.0545 1.2922 2.0507 1.8403 1.9783 1.1469 -0.1088 0.6734 1.4714 2.1410 2.5119 2.1021 1.9874 1.7886 1.4373 1.0304 1.1101 1.3295 0.6820 -2.2698 
2.7059 2.1619 2.3257 2.3578 2.1874 2.2133 1.8144 0.8314 3.0555 2.6832 1.9166 1.7698 1.6472 1.8512 1.8408 1.1102 1.3551 1.0440 1.7371 1.6974 1.3907 1.4348 1.5347 2.2210 2.5240 0.1245 1.0686 1.3612 1.1832 1.2016 0.9183 0.2629 0.0530 
2.8901 1.6620 0.6068 1.7718 1.3140 1.8226 2.6620 3.0313 2.2323 2.3813 2.0900 2.1645 1.4719 0.7798 1.6916 1.2267 1.4171 1.1495 1.5373 0.5784 1.2535 1.8297 1.7129 1.9128 1.7125 2.3705 1.9177 0.9808 0.3182 0.5822 -0.8129 -0.3150 0.2074 
1.9329 1.9843 1.1687 1.9688 1.9197 1.4029 2.0825 2.0684 0.8788 2.1222 1.8065 1.1164 1.4465 1.0967 1.1254 1.1971 1.0578 1.1206 1.0031 0.9207 1.2087 0.8433 1.4099 1.6528 0.2912 1.4164 1.3436 0.5506 0.9418 0.8331 -0.2645 0.1267 -0.7196 
2.3260 1.8054 0.1102 1.6937 1.3778 1.6652 2.2098 2.5870 0.4186 1.4345 1.8726 1.3416 0.7809 1.0810 0.1387 1.4502 1.4207 1.3931 0.0299 0.9127 0.5157 1.0061 1.4748 0.9813 -0.2852 1.9185 1.4683 0.8174 0.4048 0.5020 -1.2551 -0.0484 -0.3396 
2.1725 2.1804 2.0668 1.8680 1.9042 1.5995 1.7342 1.7455 1.8577 1.3267 1.4460 1.1637 1.0766 1.4831 1.4314 0.2404 -0.1817 0.1853 1.3237 1.3255 0.8675 0.8645 1.0570 0.8691 1.3275 1.0909 0.9756 0.7447 0.9302 0.6909 0.6108 0.3742 -0.6739 
2.5709 2.2664 1.8483 2.0534 1.3551 0.3460 0.5154 2.1709 1.2859 0.6562 0.9029 0.9170 1.3248 0.8987 -0.2904 -0.4297 0.8751 -0.5114 -0.3865 0.6988 1.0478 0.5938 0.5071 0.1930 0.6990 1.5102 -0.2354 -0.5318 0.3738 0.8871 0.4364 0.4410 -0.1844 
2.3094 1.7154 1.9068 2.0596 1.6508 1.3492 2.0912 0.6436 1.1354 1.1516 1.4870 0.8593 0.8425 0.6374 0.1903 0.1239 0.3578 0.0704 0.0836 0.4760 0.5642 0.5159 1.1066 0.6831 0.5885 0.0605 1.3446 0.5114 0.6204 0.8908 0.5048 -0.1628 -0.3234 
2.7511 2.1437 1.3283 1.5406 1.7853 1.8166 1.7522 1.3678 1.3357 0.6634 0.9249 1.0855 1.2960 0.8640 0.1842 0.8111 0.4811 0.7376 0.0764 0.6362 1.0226 0.7962 0.5373 0.2087 0.7946 0.7312 0.9995 0.9624 0.7986 0.3907 -0.1110 0.2203 0.0963 
2.5436 1.7663 1.0256 1.0423 0.6514 1.4754 1.6269 1.3129 0.7006 0.9114 1.0560 1.0326 0.4388 1.0915 1.3231 0.9854 0.0433 0.9285 1.1934 0.9262 0.1652 0.7175 0.6784 0.4584 0.1499 0.6439 0.8953 0.6281 -0.3100 -0.1194 -0.3794 -0.0357 -0.1464 
2.1115 0.0192 0.3861 1.3226 1.0768 1.3083 0.8677 1.1779 1.1864 0.7918 0.9201 1.2925 1.0482 0.6919 0.0434 0.4804 0.8824 0.4365 -0.0855 0.5178 0.8341 0.9536 0.5306 0.3143 0.6256 0.5397 0.1029 0.4547 0.0882 0.1352 -1.0921 -1.5163 -0.5862 
1.1909 1.5037 1.7748 1.4182 0.9641 1.6351 1.8385 1.7966 1.5929 1.4814 0.8597 0.9960 1.2480 1.0062 1.0289 1.3231 1.0254 1.2745 0.9192 0.8515 0.9772 0.6774 0.4583 1.0288 1.0399 1.1592 1.0954 0.7879 -0.0015 0.2271 0.3556 -0.2973 -1.4230 
2.9175 2.3652 1.4020 1.4163 0.6278 0.5938 1.3476 1.6293 1.5367 1.4917 1.4211 1.4084 0.8729 1.2698 0.9003 0.7488 0.1702 0.6765 0.7781 1.0462 0.6020 1.0819 1.0338 1.0368 0.9992 0.9849 0.6039 -0.2578 -0.3347 0.2332 -0.0086 0.5023 0.2195 
2.6762 1.3949 1.5455 1.6378 1.7270 1.1904 1.9328 1.7091 0.8109 1.4401 1.3047 1.0754 0.2194 0.3787 1.1130 0.6069 0.7783 0.5488 0.9938 0.1703 0.0043 0.7774 0.9062 0.9823 0.2342 1.0377 1.2249 0.3557 0.7072 0.4735 0.1325 -0.6065 -0.0002 
2.9602 2.3186 1.7116 1.6709 1.3400 1.2054 1.7259 0.9454 0.3708 1.0416 -0.3694 1.3313 1.3437 1.2224 0.9793 1.1455 0.9713 1.0787 0.8760 1.0215 1.0743 1.0019 -0.7754 0.5841 -0.2161 0.3207 0.9655 0.3741 0.3483 0.4761 0.2478 0.4860 0.2950 
1.8194 2.0368 1.8312 1.3116 1.1347 0.3543 1.3652 1.0367 1.1838 1.3135 1.1362 0.4479 1.1577 1.3015 0.7598 1.1713 0.8938 1.0976 0.6211 1.0848 0.9160 0.1103 0.7565 0.8598 0.6187 0.4305 0.6145 -0.5148 0.1294 0.0872 0.4373 0.1514 -1.2240 
3.0128 2.3898 1.8398 1.9925 1.7433 1.7889 1.5870 1.1623 0.6128 1.6177 1.4360 1.3815 0.9990 0.5359 0.5814 1.0543 0.7374 1.0050 0.4726 0.3625 0.7569 1.0528 1.0417 1.1483 0.0917 0.5289 0.8687 0.9359 0.7271 0.8466 0.4409 0.5210 0.3442 
2.5250 1.6313 1.4681 1.8261 0.8290 1.3264 1.4413 1.2300 1.1475 1.3032 1.4051 0.6850 1.3414 1.0472 1.1816 0.4302 1.3884 0.3514 1.0440 0.8924 1.0714 0.4086 1.0158 0.8496 0.6034 0.5763 0.7037 0.4738 -0.1876 0.6343 0.0665 -0.2574 -0.1503 
1.8340 1.8472 0.0083 1.0929 1.3247 1.3197 1.0934 0.7890 1.1475 0.8700 0.8545 0.7020 0.5596 0.5520 0.6608 0.8054 1.1607 0.7304 0.5490 0.3869 0.3156 0.4160 0.4565 0.4076 0.6021 0.1434 0.3846 0.4665 0.3193 -0.0554 -1.4522 0.0201 -0.8023 
2.1816 1.8906 1.6416 1.5274 1.7633 1.8704 1.6781 1.0110 1.0894 1.4055 1.4814 1.3139 0.2792 0.9251 0.9759 0.9121 0.3138 0.8650 0.8767 0.7354 0.0550 0.9784 1.0994 0.9488 0.5559 0.3983 0.9253 1.0163 0.7664 0.3794 0.1847 0.0499 -0.5474 
2.7810 2.1030 1.8743 1.9105 1.9138 1.7520 1.3887 1.1871 1.4467 1.2648 1.1330 0.2712 0.7929 0.8500 0.6651 0.6199 1.0108 0.5690 0.5522 0.6245 0.5320 -0.0210 0.7614 0.7925 0.9160 0.5420 0.6394 0.8938 0.9328 0.7443 0.4699 0.1708 0.1137 
2.6424 2.2631 1.0854 1.9172 1.6830 0.6335 0.8804 1.5538 1.6298 1.3756 1.3029 1.2979 0.9623 1.3126 0.5011 0.1797 -2.0552 0.1234 0.3859 1.1015 0.7136 0.9593 0.9072 0.9183 1.0633 0.9313 0.1285 -0.2307 0.6496 0.7617 -0.3070 0.4275 -0.0051 
2.5268 1.8989 0.7949 1.4725 1.1920 0.8058 1.0487 0.9779 0.9455 0.9888 1.0384 0.6161 0.5313 0.7938 0.4719 0.9786 0.7938 0.9271 0.3471 0.5903 0.2759 0.3088 0.6443 0.5322 0.4288 0.3507 0.3393 -0.0570 0.1828 0.3128 -0.6792 0.0860 -0.1183 
2.6199 1.9718 -0.7799 1.4596 1.3629 0.7024 1.3532 1.4542 1.0293 0.7026 1.1950 0.1638 0.8510 0.8214 0.4786 1.0836 0.9287 1.0303 0.3601 0.6108 0.5730 -0.1595 0.8200 0.2388 0.4937 0.8509 0.6097 -0.1607 0.3844 0.2821 -2.0568 0.1209 0.0033 
2.7488 2.5468 2.1272 1.6684 1.6959 1.8263 1.1489 1.4603 1.2968 1.0415 0.6589 1.0800 1.1448 0.8617 1.1991 0.8131 0.9186 0.7362 1.0544 0.6430 0.9067 0.7893 0.2730 0.5828 0.7268 0.8582 0.4327 0.9708 0.6698 0.4760 0.6570 0.6553 0.0648 
2.0816 2.4700 1.9667 1.9991 1.8147 1.3013 1.1294 1.2539 0.7209 1.4344 1.2540 0.5833 1.0047 1.2712 1.0588 0.9440 0.7902 0.8942 0.9525 1.0472 0.7681 0.2641 0.8666 0.9742 0.1789 0.5888 0.4339 0.4380 0.8367 0.8548 0.5511 0.6191 -0.5899 
2.5589 1.9446 1.4396 0.9791 1.3905 1.7640 1.7188 1.0517 1.4466 1.1372 0.9030 1.3453 1.4566 1.5229 1.0446 0.6661 0.1287 0.6116 0.9331 1.3544 1.2247 1.0200 0.5020 0.6696 0.9152 0.4512 0.9554 0.9122 0.4271 -0.1988 0.0268 0.0783 -0.1364 
2.3004 2.3378 2.0187 1.9564 1.7071 1.6793 0.5066 0.6217 1.4076 1.3857 0.9590 1.3999 0.9945 -0.3190 1.0482 0.1786 1.3163 0.1069 0.9429 -0.4466 0.7574 1.0717 0.5641 0.9290 0.8845 0.0144 -0.2246 0.8241 0.6721 0.8020 0.5880 0.5054 -0.4144 
3.1013 2.1925 1.8396 1.7646 1.4892 1.2284 0.9107 1.3859 1.2964 0.8324 1.0781 1.0402 0.7443 0.9341 0.2442 0.6186 0.4778 0.5691 0.1315 0.7509 0.4984 0.7329 0.6962 0.3622 0.7304 0.7559 0.1641 0.3760 0.5068 0.5719 0.4294 0.2469 0.4463 
2.5495 2.2768 2.0539 1.5788 1.8006 1.8072 1.8653 1.3107 1.1237 1.6140 1.5526 1.5991 0.8650 1.1862 1.1017 1.0396 -0.4541 0.9827 0.9867 0.9908 0.5935 1.2997 1.1795 1.1439 0.5821 0.6435 1.1270 0.9546 0.8325 0.4228 0.6158 0.4472 -0.1496 
1.7152 1.0369 0.8067 0.0707 0.8386 0.6810 0.7227 0.4360 -0.2719 0.9762 0.7718 0.8010 0.2149 0.4823 -0.0797 0.0710 0.6372 0.0195 -0.2393 0.2856 0.0134 0.4806 0.3994 0.5154 -0.7841 -0.2324 0.0138 -0.1638 -0.2027 -1.1687 -0.6469 -0.7164 -1.0099 
1.9040 1.0371 0.6362 -0.2857 1.3697 0.4337 0.8667 0.4831 1.2462 0.1555 1.0028 0.5705 0.8682 -0.0933 0.6164 0.4798 1.0114 0.4367 0.5081 -0.2922 0.5934 0.2488 0.6120 -0.3045 0.6752 -0.1678 0.1028 -0.4060 0.3878 -1.4520 -0.7636 -0.7116 -0.7564 
3.0414 2.3960 1.9269 1.6666 1.4132 1.4344 1.2562 0.7530 0.0953 0.9530 0.5932 0.3359 0.9710 1.0522 1.3128 0.6959 -0.5158 0.6306 1.1778 0.8971 0.7262 0.0264 0.1898 0.4932 -0.4298 0.1068 0.5004 0.5763 0.4420 0.4750 0.5074 0.5162 0.3673 
1.7985 1.7865 1.5974 1.3503 1.5602 1.1868 1.3952 1.4326 1.1408 0.6797 1.3160 1.3656 0.8229 1.3778 0.7586 0.7674 0.5997 0.6932 0.6180 1.1986 0.5560 1.0405 0.9207 0.2196 0.5931 0.8218 0.6460 0.3265 0.5664 0.1603 0.1785 -0.0570 -0.8363 
1.8287 1.2315 0.9793 0.4681 0.5518 0.5396 0.1851 0.6668 0.7602 0.2761 0.7531 0.9169 0.5818 0.4988 0.4037 0.4794 0.4473 0.4346 0.2506 0.3102 0.3441 0.5894 0.3800 -0.1882 0.1949 0.0534 -0.5286 -0.3171 -0.4184 -0.7257 -0.4159 -0.6662 -0.7912 
