3.6636 3.2816 3.2056 2.1953 1.6824 2.1731 1.9032 2.2203 1.8124 0.6191 0.9434 0.6953 1.5726 1.3476 1.3920 1.6140 1.4599 1.5469 1.3036 1.1625 1.3514 0.4171 0.5848 0.1841 1.3228 1.6446 1.2380 1.3767 0.7311 1.0641 1.8675 1.5308 1.1934 
3.0633 3.4975 3.3700 2.8194 2.6822 2.4858 2.5010 2.2963 1.9607 2.1802 2.1797 2.2171 2.1835 1.8359 2.1818 2.4087 2.0974 2.3400 2.0948 1.6888 1.9463 1.9144 1.8180 1.7562 1.4508 1.7323 1.7923 1.6903 1.7708 1.7255 2.0551 1.8033 0.5083 
3.1465 2.5785 2.5284 1.5098 1.8557 1.2773 1.1483 1.9857 1.1705 1.5225 1.4616 1.4407 1.3823 1.6461 0.9199 1.3427 1.4523 1.3010 0.7852 1.4572 1.1429 1.1404 1.0916 1.0875 0.6573 1.3951 0.5066 0.4747 0.9407 0.4482 1.1835 0.8490 0.6258 
3.7801 3.1306 3.1618 2.4504 2.0575 2.2839 2.8600 2.2943 2.1365 2.1948 1.2496 1.7484 1.4684 1.2736 0.9845 1.3366 1.5930 1.2869 0.9045 1.0757 1.2492 1.4442 0.8830 1.7693 1.6350 1.7308 2.1614 1.5042 1.1009 1.3351 1.8405 1.4013 1.3527 
3.7833 3.3861 3.4463 2.9958 3.2997 3.5649 4.0096 3.0794 2.6170 2.7951 2.5586 2.6994 2.3010 2.7459 2.2061 2.1000 2.3786 2.0271 2.1133 2.5818 2.1011 2.4265 2.1966 2.3580 2.1263 2.5123 3.3292 2.7785 2.3457 1.8946 2.1355 1.6884 1.3143 
3.5509 2.9576 2.9868 2.5965 2.2605 2.1327 2.5931 2.1011 1.3938 1.7276 2.2727 2.6563 2.0413 2.4991 2.2541 1.9290 1.4331 1.8674 2.1466 2.2889 1.8117 2.3652 1.9043 1.3035 0.8879 1.4710 1.8953 1.3455 1.3513 1.4871 1.6768 1.1964 1.0509 
1.8024 2.5092 3.0070 2.6029 2.4956 2.0183 2.2446 2.4654 2.2664 1.8671 1.4903 1.5272 1.7743 1.4151 1.9008 1.3727 1.6208 1.3286 1.7998 1.2650 1.5259 1.2535 1.1319 1.4345 1.7677 1.8517 1.5570 1.2238 1.5256 1.4901 1.7085 0.7742 -0.3615 
1.9108 1.4795 2.6624 2.0199 1.8176 1.8416 1.7886 1.7126 1.3094 1.6798 1.8190 2.3958 2.1957 2.1603 1.4063 0.9800 0.5880 0.9394 1.3110 1.9825 1.9613 2.1175 1.4622 1.2360 0.7730 1.0857 1.0946 1.0416 0.9205 0.9167 1.3556 -0.3524 -0.3307 
2.3392 2.7618 2.5162 2.3422 1.9075 1.7476 2.0912 1.5376 1.7604 1.7008 1.5379 1.6055 1.7326 1.8479 1.6141 1.8831 1.8716 1.8356 1.4818 1.7023 1.4766 1.3277 1.1845 1.2570 1.2609 0.9564 1.3801 0.9557 0.9809 1.2610 1.1639 1.0619 0.0801 
2.1313 2.2713 2.1927 1.7652 1.7247 1.7014 0.4398 0.9778 1.3932 1.6148 1.7669 1.7265 1.1495 1.4728 1.7947 1.6304 1.3914 1.5607 1.7051 1.3259 0.9337 1.4150 1.4028 1.1783 0.9118 0.3852 -0.2232 0.9057 0.7850 0.6579 0.8833 0.5819 -0.2469 
1.9379 2.5046 1.2059 2.1479 1.7217 1.3295 1.7119 1.6263 1.6167 1.7954 0.9475 1.1987 1.3302 1.3289 1.4367 1.3251 1.3313 1.2721 1.3379 1.1366 1.0768 0.9215 0.5770 1.3691 1.0957 1.0234 1.0073 0.5392 0.7703 1.0486 -0.0861 0.7612 -0.2479 
1.8911 2.6073 2.6284 2.1486 1.4068 1.8898 1.0943 1.1966 1.7000 1.7223 1.3750 1.8103 1.0554 1.8697 1.6461 0.8866 0.9899 0.8102 1.5074 1.7209 0.8336 1.5077 1.0120 1.3006 1.1648 0.6121 0.4208 1.0982 0.5151 1.0300 1.3287 0.9168 -1.4269 
2.8919 2.5403 2.2011 1.7541 2.1022 1.5743 1.8756 1.4421 1.4200 1.3307 1.7742 1.7694 1.6406 0.9841 1.3105 1.4930 1.8873 1.4474 1.1738 0.8090 1.3968 1.4676 1.4111 0.9108 0.9323 0.8725 1.2057 0.7974 1.1456 0.6404 0.9041 0.8102 0.3910 
2.9333 2.3059 2.1385 1.4567 1.8694 1.7403 2.1727 1.9933 1.7777 0.9218 1.8257 1.4724 1.0308 1.3776 1.6921 1.1470 1.2815 1.0811 1.5478 1.2115 0.7958 1.1837 1.4673 0.4847 1.2938 1.4021 1.4771 0.9469 0.9541 0.3819 0.8066 0.5652 0.4316 
2.2313 2.4256 2.0134 1.4629 1.7498 1.4613 1.9128 1.9183 1.8845 0.9856 1.3970 1.7524 1.7784 2.0226 1.4137 1.5153 0.6318 1.4651 1.3175 1.8401 1.5348 1.4500 1.0324 0.5515 1.3928 1.3475 1.2545 0.6684 0.8266 0.3490 0.6697 0.6889 -0.2983 
2.4569 2.6753 2.7368 1.7826 2.1126 1.9818 1.8604 1.2957 1.1212 1.7048 1.1748 1.7767 1.6098 1.7101 1.3649 0.9767 0.9479 0.9318 1.2633 1.5041 1.3812 1.4740 0.8328 1.2713 0.6265 0.6718 1.1802 1.1863 1.1608 0.6627 1.4095 0.9888 -0.2188 
3.2086 2.9819 2.9238 2.5837 2.1542 2.1415 2.4010 1.7885 1.9374 1.6475 1.8767 1.6234 1.6014 2.0005 1.7291 1.7025 -0.1869 1.6286 1.6075 1.8225 1.3735 1.3343 1.5190 1.2079 1.4368 1.1909 1.7285 1.3480 1.2251 1.4782 1.5753 1.2844 0.6716 
3.4667 2.9251 2.2222 1.1505 1.8369 1.9799 1.8755 1.3079 0.8999 0.7451 1.8299 1.6277 0.9655 1.1516 0.3260 1.3387 1.5203 1.2994 0.2257 0.9882 0.7290 1.3362 1.4714 0.3125 0.3664 0.6922 1.2044 1.1918 0.9308 0.0835 0.9165 1.1644 1.0050 
3.3107 2.9680 2.2265 1.9853 1.8044 1.8465 1.8842 1.5483 1.5777 1.3112 1.4513 1.4669 1.2790 1.0380 0.9432 1.5415 0.9176 1.4804 0.8269 0.8914 1.0221 1.1738 1.0818 0.8777 1.0678 0.9668 1.2213 1.0506 0.9027 0.9003 0.9137 1.2329 0.7892 
2.3404 1.9000 2.7268 2.1741 1.9962 1.7414 1.8623 0.9222 1.8758 1.7201 1.6694 1.3684 1.3833 1.3061 1.5446 1.5804 1.0659 1.5134 1.4367 1.0962 1.1405 1.0663 1.3133 1.2926 1.3857 0.3464 1.1779 0.9446 1.0646 1.0728 1.4133 0.2681 -0.0495 
2.9579 2.6698 1.7009 1.8335 1.9353 1.5575 1.5429 0.5230 1.5518 1.4757 1.4060 1.1002 1.1998 1.7531 1.7980 1.9345 1.9923 1.8757 1.7080 1.5725 0.9743 0.8216 1.0453 1.0495 1.0494 -0.0744 0.8833 0.7680 1.0125 0.7440 0.2992 0.9603 0.5073 
4.1475 3.7031 4.2620 3.9915 4.1016 3.7433 3.9517 3.8320 3.6782 3.6738 2.9663 3.0537 2.7891 2.5139 2.8412 2.5818 2.9000 2.5359 2.7038 2.3118 2.5620 2.7583 2.6050 3.2312 3.1462 3.2621 3.2971 2.9437 3.1541 2.9079 2.9548 1.9787 1.6333 
2.9751 2.7991 2.7725 2.6734 3.3152 2.5697 3.0608 1.9368 2.5347 2.9059 2.5393 2.4254 2.1508 2.2221 2.2183 2.1227 1.4911 2.0671 2.1232 2.0750 1.8966 2.1358 2.1691 2.4789 2.0279 1.3431 2.3823 1.7613 2.3733 1.6031 1.4559 1.0659 0.5190 
3.0650 3.4109 3.2888 3.2808 3.3545 2.9240 2.0505 1.4127 2.5872 2.7479 2.2771 2.2610 2.0891 2.0953 1.8023 1.9544 2.0253 1.8911 1.7125 1.8860 1.8276 1.9730 1.9146 2.3135 2.1083 0.8390 1.3633 2.1347 2.4296 2.1709 1.9353 1.7229 0.5647 
4.7547 4.9471 4.8655 4.6859 4.3617 4.2006 4.0845 3.9032 3.7966 3.7522 3.7649 3.7136 3.6392 3.5356 3.5059 3.5039 3.4635 3.4542 3.4011 3.3723 3.3928 3.4020 3.4009 3.3293 3.3104 3.3335 3.3757 3.4049 3.4307 3.6076 3.5047 3.2557 2.4063 
4.0715 4.9735 4.9636 4.4333 4.5320 4.1748 4.0524 3.8993 3.8083 3.8395 3.6657 3.6434 3.6134 3.5270 3.4805 3.4661 3.4417 3.4171 3.3806 3.3661 3.3756 3.3431 3.3060 3.4111 3.3209 3.3324 3.3568 3.3828 3.6021 3.3491 3.6606 3.2790 1.0308 
4.9904 4.7871 4.9036 4.6466 3.7535 3.3004 2.8893 1.9926 1.9243 3.4415 2.6648 2.8300 2.1294 1.9684 2.0388 1.8825 1.7535 1.8231 1.9270 1.8644 1.8949 2.5528 2.3209 3.0086 1.3274 1.4949 2.2291 2.5384 2.8201 3.5360 3.5817 3.0165 2.3564 
4.5973 4.2480 4.4698 3.8287 3.8885 3.3015 3.0798 3.0175 2.9248 2.9643 2.4642 2.5561 2.4711 2.5710 2.3575 2.0735 2.2182 1.9975 2.2404 2.3981 2.2156 2.2527 2.1000 2.5401 2.4072 2.4419 2.4111 2.5054 2.9713 2.7641 3.1158 2.5309 2.2089 
3.5598 4.6099 4.2078 4.2752 3.8581 3.7312 3.5235 3.4607 3.3928 3.3459 3.3284 3.3018 3.2209 3.2444 3.1465 3.0911 3.0459 3.0428 3.0343 3.0543 2.9816 2.9866 2.9609 2.9241 2.9076 2.8995 2.8662 2.9364 2.9449 3.1990 2.9020 2.9229 -0.2452 
3.4215 3.3078 3.4548 3.1672 2.6952 2.0763 1.9424 2.3010 2.5427 2.7529 2.6885 2.6988 1.9036 1.9552 2.1823 2.2591 0.7014 2.2024 2.0978 1.7922 1.7075 2.4262 2.3371 2.3196 2.0428 1.7324 1.2699 1.3067 1.7886 2.0939 2.1416 1.5175 0.7409 
3.1272 3.4678 3.6606 3.3853 3.0348 2.5940 2.3869 2.4835 1.9027 1.8360 1.3730 2.1833 1.7053 1.4846 1.8696 1.3801 0.5556 1.3352 1.7653 1.3412 1.4421 1.8771 1.0163 1.4079 1.4032 1.8642 1.7203 1.7975 2.1261 2.2764 2.3032 1.7827 0.4366 
3.3052 3.5307 3.2783 3.3230 2.3737 1.9203 2.4448 1.9653 2.1646 1.7814 1.7736 2.0728 1.8769 1.7239 1.8841 1.5088 1.4372 1.4580 1.7803 1.5166 1.6761 1.7691 1.4094 1.3625 1.6784 1.3783 1.7496 1.0971 1.4463 2.2072 1.9069 1.8337 0.9674 
2.7577 3.0263 3.7129 3.5161 2.8703 2.3540 1.3370 2.1054 2.2643 2.2699 2.1418 1.8714 2.3119 2.1732 1.7123 1.4659 2.2686 1.4194 1.5737 2.0025 2.1117 1.5902 1.7740 1.8436 1.7676 1.4805 0.6108 1.5531 1.9132 2.4424 2.3722 1.3576 0.2176 
2.9907 3.4829 3.7008 3.8563 3.3435 2.6889 2.3793 2.5834 2.4572 1.8670 2.1216 2.2893 2.1630 2.1873 2.1880 2.2670 2.3990 2.2144 2.1003 2.0241 1.9214 2.0126 1.7568 1.4423 1.9223 1.9959 1.7136 1.8860 2.4094 2.7654 2.3580 1.7885 0.5201 
3.1632 2.7744 2.7758 2.9973 2.5384 2.2793 2.1730 2.1857 1.8757 1.9787 1.9850 1.7114 1.7502 1.8675 1.9364 1.5105 1.0110 1.4587 1.8285 1.7183 1.5004 1.3948 1.6362 1.5426 1.3816 1.5983 1.4755 1.4861 1.5968 1.8890 1.4590 1.0132 0.6398 
3.2965 2.9498 2.7174 2.9113 2.0643 1.8609 1.9127 1.4485 1.6137 1.5622 1.8910 1.7965 1.3850 1.3142 1.3255 0.4077 0.8217 0.3446 1.1996 1.1129 1.1398 1.4886 1.5360 1.1326 1.0855 0.8906 1.2490 1.0730 1.0941 1.7999 1.4024 1.2105 0.7621 
2.5758 2.1210 2.1483 2.5246 1.8289 1.5436 1.7011 1.7098 1.7709 1.2344 1.6552 1.8096 1.4932 1.7063 1.4204 1.7442 1.7699 1.7033 1.3254 1.4987 1.3047 1.5051 1.3059 0.7995 1.2846 1.0866 0.9905 0.7583 0.9175 1.4171 0.8224 0.3655 0.0316 
3.0408 1.8498 1.5588 1.7988 1.4333 1.2588 1.4321 1.3279 1.7021 1.7022 1.5566 1.2994 1.7692 1.8893 1.7392 1.4666 0.4099 1.4139 1.6181 1.7416 1.5279 0.9809 1.2025 1.2640 1.1744 0.7083 0.7432 0.4685 0.5390 0.7125 0.2369 0.2445 0.5549 
3.3079 2.9459 2.8784 2.6439 1.9063 1.7389 1.7934 1.9044 1.1313 1.3440 1.9152 1.9535 1.8679 0.9485 1.0302 1.2657 1.1350 1.1924 0.9361 0.7520 1.6541 1.6883 1.5641 0.9231 0.6243 1.3390 1.0960 0.9460 0.9967 1.5424 1.5207 1.2176 0.7963 
2.6646 2.5144 2.1243 2.3443 1.9065 1.6582 1.8007 1.6687 1.5575 -0.2218 1.1260 1.5055 1.4596 1.1799 1.6617 0.9249 1.3987 0.8732 1.5219 1.0124 1.2438 1.2329 0.7790 -0.6331 1.0543 1.0504 1.1123 0.8705 0.9851 1.2794 0.7901 0.7626 0.1365 
3.7433 3.7496 3.7537 3.7280 3.4735 3.2198 3.0167 3.0013 2.7793 2.7553 2.6732 2.6670 2.7196 2.5726 2.6032 2.5777 2.5271 2.5316 2.5113 2.4024 2.5153 2.3801 2.3166 2.3197 2.2677 2.4204 2.3270 2.4239 2.5624 2.6192 2.4331 2.0789 1.3455 
3.3042 3.5663 3.8749 4.3357 3.8624 3.1512 2.8362 2.9189 2.6415 2.6273 2.3450 2.1949 2.0273 2.1668 2.1759 2.1265 2.0776 2.0797 2.0845 1.9934 1.7875 1.8906 1.9988 2.2014 2.1511 2.3035 2.1520 2.3627 2.9482 3.2661 2.5893 1.8172 0.0631 
4.7029 3.9789 3.8388 2.9329 1.8032 1.8961 2.5350 2.6535 2.2760 2.0922 1.9401 0.2182 1.7707 1.4159 1.1046 1.5979 1.0202 1.5539 0.9589 1.2667 1.5545 0.1768 1.5908 1.6270 1.7876 2.1031 1.8334 1.1099 0.9355 1.8249 2.5254 2.2026 2.2206 
4.5749 5.1232 4.9101 4.4996 4.3753 4.0584 3.9378 3.8549 3.7597 3.7116 3.6782 3.5997 3.5478 3.4897 3.4984 3.4402 3.4247 3.3873 3.3949 3.3392 3.3319 3.3164 3.3124 3.2910 3.2706 3.2936 3.2822 3.2612 3.4436 3.3819 3.5624 3.4228 1.8935 
4.9865 4.9283 5.2507 4.5827 4.7329 4.1778 3.5634 2.9740 2.1210 3.6895 3.3070 3.0461 3.0875 2.8951 3.0413 2.9501 2.9380 2.9071 2.9409 2.6863 2.8943 2.7506 2.9372 3.2495 1.6163 2.4045 2.9060 3.3769 3.8050 3.4677 3.9061 3.1780 2.3303 
4.6753 4.5933 5.3331 4.6539 4.9607 4.5508 3.9276 3.7929 3.7518 3.0775 3.3573 3.3519 3.3017 3.2567 3.3109 3.2399 3.1965 3.1691 3.1804 3.0626 3.0457 3.0493 2.9942 2.6663 3.2642 3.2179 3.2808 3.7542 4.0452 3.5270 4.0101 2.9018 2.4256 
4.5043 4.8385 5.2012 3.9180 4.1248 3.8276 3.4812 3.1708 2.9520 3.4435 3.0732 2.9653 2.9789 2.8659 2.8263 2.8435 2.7302 2.7723 2.6895 2.6677 2.7397 2.6635 2.7160 3.0137 2.4534 2.5855 2.8202 3.0287 3.1752 2.7902 3.8596 3.1447 2.1021 
4.5557 4.5340 4.9973 4.4751 4.2340 3.9668 3.8951 3.7410 3.7956 3.7436 3.5536 3.5001 3.5095 3.4412 3.4049 3.3784 3.3422 3.3318 3.3112 3.2967 3.3068 3.2279 3.2022 3.3199 3.3092 3.1347 3.2297 3.1792 3.3173 3.3555 3.7038 2.7816 2.2260 
3.8748 4.2502 4.6564 4.0017 4.1310 3.8395 3.8125 3.5820 3.5907 3.5711 3.3582 3.3346 3.3491 3.2834 3.2274 3.1842 3.1273 3.1169 3.0910 3.0740 3.1005 3.0277 2.9937 3.1346 3.0706 2.9911 3.1238 3.0591 3.1894 2.9261 3.3484 2.5824 1.4777 
4.5621 3.7173 3.7764 3.5330 2.5093 3.1148 2.9181 2.8845 2.8154 2.8261 2.7044 2.7731 2.6805 2.4330 2.4428 2.3722 2.4665 2.3071 2.3050 2.2452 2.4861 2.5034 2.3519 2.3892 2.2914 2.2679 2.2184 2.3273 1.5064 2.4843 2.4754 1.9254 2.0843 
3.8333 3.7613 3.8133 3.1158 2.9495 2.7434 2.1015 1.8736 2.2591 2.3753 2.1426 1.9388 1.7837 1.7104 1.3535 1.2587 1.5507 1.2041 1.2267 1.5137 1.5568 1.6787 1.7760 1.9366 1.7591 1.3072 1.3893 1.9383 2.0290 2.0312 2.5068 2.1166 1.3464 
3.3028 3.3117 3.7488 3.1087 2.4959 2.5636 2.3360 2.2756 1.8636 1.7839 2.0583 1.2525 1.7111 1.4760 1.7982 1.4272 0.9588 1.3732 1.7061 1.3306 1.4572 0.9527 1.7057 1.3577 1.3677 1.7169 1.6784 1.7651 1.5209 2.0188 2.4403 1.5641 0.6266 
3.8042 3.3541 3.7122 3.3328 3.0937 2.9399 2.5066 2.6344 2.3965 2.5465 2.2823 2.5166 1.9788 2.2000 2.1186 2.2751 2.1709 2.2278 1.9881 2.0426 1.7538 2.2037 1.9269 2.1245 1.8750 2.0665 1.7994 2.1417 2.1842 2.2186 2.3674 1.6666 1.3202 
3.3878 3.3188 3.6115 3.5380 3.2245 2.8208 2.5574 2.6212 2.5637 2.3768 2.3747 2.1755 2.1783 2.1661 2.1189 2.0804 1.7017 2.0058 1.9882 1.9921 1.9385 1.8701 2.0248 1.9398 2.0736 2.0464 1.8636 2.0250 2.2728 2.4694 2.2791 1.5799 0.9923 
4.0516 3.5475 2.6965 2.9452 2.5012 2.4470 2.1234 2.2788 2.3978 2.3851 1.6875 1.4925 1.5965 1.7469 2.2467 2.1559 1.4768 2.1130 2.1461 1.5641 1.3698 1.2204 1.3244 1.9493 1.8770 1.7192 1.4163 1.6480 1.5316 1.8349 1.3600 1.8020 1.5338 
2.5028 2.6827 2.5711 2.2792 1.6132 1.6254 1.4826 1.4855 1.4788 1.2251 1.5678 1.4541 1.0377 1.6110 1.5520 1.4026 1.4468 1.3571 1.4400 1.4321 0.8182 1.1561 1.2208 0.7884 0.9846 0.9263 0.8172 0.8335 0.6563 1.2274 1.2811 0.9797 -0.3460 
2.7893 2.5825 1.8761 2.5448 1.8684 1.5753 1.9657 1.9782 2.0048 1.7596 1.7116 1.7535 1.3233 1.4989 1.4389 0.5155 0.9236 0.4725 1.3369 1.3465 1.0637 1.4463 1.3446 1.3344 1.4829 1.3930 1.3109 0.7834 0.9355 1.4481 0.6053 0.8954 0.1296 
4.0110 3.7862 3.2570 2.5600 3.0172 3.3029 3.1226 2.9311 2.6258 3.0149 2.7527 2.4540 2.3043 1.7158 1.7200 1.3263 0.9617 1.2733 1.5882 1.5145 2.1056 2.1526 2.3993 2.5886 2.1367 2.3181 2.4643 2.5089 2.1172 1.4600 1.8969 2.0948 1.5569 
3.5181 2.6148 3.5990 3.3457 2.8384 2.5391 2.4603 2.3520 2.1707 1.7996 2.1175 2.1251 2.2665 1.9530 1.8942 1.8903 1.9676 1.8425 1.7946 1.7851 2.0540 1.8166 1.7485 1.3689 1.6842 1.7695 1.7644 1.7443 1.8787 2.2362 2.2686 0.9163 1.0543 
4.4750 3.7845 3.3719 3.0555 3.0163 2.6204 2.2419 1.7716 1.7785 2.0653 1.9319 2.0333 0.9757 1.0662 1.5707 1.5748 1.7870 1.5087 1.4583 0.9120 0.7265 1.7412 1.5821 1.6262 1.2919 1.1729 1.5525 1.8260 2.1140 1.9624 2.0702 2.0594 1.9965 
4.3264 3.7648 3.8255 2.5239 3.2387 3.5477 3.2048 3.1016 3.0280 3.0375 3.0009 2.9249 2.9200 2.8903 2.7954 2.8203 2.6875 2.7502 2.6701 2.6799 2.6675 2.6157 2.6396 2.6134 2.5394 2.5373 2.5311 2.7617 2.3043 1.4016 2.5217 2.1236 1.8458 
3.9770 4.3910 5.0752 4.2063 3.2015 3.8387 3.4299 3.2041 3.1271 3.3137 3.2057 2.9424 2.8327 2.7338 2.7645 2.6824 2.6480 2.6355 2.6503 2.5732 2.5912 2.6379 2.8571 2.8901 2.6199 2.6009 2.7391 3.0410 2.2690 3.1222 3.7650 2.6486 1.5455 
3.7284 4.5899 5.0131 4.3727 4.1565 4.1491 3.7230 3.3968 3.4009 3.8345 3.6747 2.8524 2.1853 2.1580 2.1687 2.3219 2.1926 2.2700 2.0571 1.9815 1.9604 2.5542 3.3112 3.4044 2.9103 2.8070 3.0180 3.3489 3.2365 3.3218 3.7074 2.9406 1.7504 
4.4718 4.5465 4.7438 4.5313 4.1267 3.6276 3.3167 3.3030 3.3630 3.7249 3.9192 3.0752 2.5936 1.6807 2.4297 1.5245 0.1342 1.4539 2.3157 1.5421 2.3794 2.8067 3.5698 3.3002 2.8544 2.6664 2.6045 2.8718 3.1624 3.4324 3.4110 2.9012 2.1440 
4.2299 4.2217 4.3523 4.3577 4.0489 3.3466 3.4348 3.3273 3.5800 3.6891 3.9687 3.3273 3.1851 3.0169 3.0343 3.0014 3.0223 2.9536 2.9368 2.8665 2.9565 3.0186 3.6188 3.2566 3.0667 2.7220 2.7520 2.5582 3.0902 3.2899 3.0291 2.5346 1.7693 
5.0036 4.6319 4.5480 4.7423 4.3584 4.2386 3.9763 3.8654 3.7810 3.7121 3.6341 3.6441 3.6196 3.6042 3.5860 3.5236 3.4874 3.4655 3.4629 3.4232 3.3796 3.3428 3.2887 3.2910 3.2977 3.3067 3.3089 3.4438 3.4275 3.6754 3.2346 2.9165 2.5153 
5.2470 5.0239 4.9038 4.5266 3.5127 4.0618 3.9427 3.8024 3.7715 3.6791 3.4068 3.3961 3.2919 3.2591 3.2467 3.2180 3.1781 3.1483 3.1077 3.0638 3.0311 3.0917 3.0448 3.2385 3.2900 3.2254 3.2881 3.2717 2.6105 3.4130 3.5556 3.3182 2.7037 
4.0764 5.0061 5.0547 4.8530 4.5585 4.4135 3.8469 3.1804 3.4278 3.3495 2.4483 0.7001 2.6567 2.7916 2.6411 2.1167 1.9423 2.0595 2.5405 2.6139 2.4399 0.4778 2.0972 2.9247 2.9345 2.5885 3.1551 3.6177 3.6467 3.7443 3.7432 3.3221 1.9550 
3.1919 4.5348 4.7938 4.8073 3.8988 4.2147 3.9686 3.9080 3.8159 3.7711 3.5190 3.6828 3.5094 3.4774 3.4985 3.4723 3.4330 3.4258 3.3956 3.3303 3.3076 3.3672 3.1669 3.3464 3.3266 3.3377 3.3041 3.4241 2.9737 3.7186 3.4652 2.8303 0.7773 
4.5434 4.2927 4.6663 4.5659 4.3118 4.1288 3.8283 3.6633 3.5209 3.5000 2.7142 3.0692 3.1160 3.0429 3.1312 3.0816 3.0831 3.0344 3.0233 2.8991 2.9124 2.7894 2.3461 3.0694 3.0190 3.0493 3.1407 3.3311 3.3983 3.4683 3.3522 2.6141 2.1791 
4.6368 4.1833 4.4101 4.4016 3.3822 3.5826 2.4889 2.6654 2.2977 2.6532 3.5367 2.9362 2.7312 2.5611 2.8121 2.5184 2.5636 2.4613 2.6779 2.3829 2.5208 2.6226 3.1858 2.2333 1.7931 2.0975 1.7793 2.7791 2.5043 3.3232 3.0612 2.4970 2.2301 
4.7914 4.7705 4.4867 4.5063 3.9505 3.9071 3.8927 3.8140 3.6983 3.6621 3.5771 3.4691 3.4459 3.4107 3.3409 3.3134 3.2962 3.2580 3.2299 3.2605 3.2296 3.1923 3.2255 3.2237 3.1682 3.2403 3.2308 3.1174 3.0160 3.3924 3.1406 3.0464 2.2768 
2.9694 4.4865 4.6769 4.7772 4.0982 4.2119 3.9615 3.8852 3.8162 3.5691 3.7793 3.6841 3.6319 3.5151 3.5950 3.4694 3.4476 3.4225 3.4667 3.3578 3.3880 3.3676 3.4172 3.1345 3.3264 3.3217 3.3012 3.4186 3.1443 3.7015 3.3780 2.7591 -0.2015 
4.5652 4.2758 3.9662 3.6416 3.5338 2.9354 2.7093 2.8422 2.8484 2.7566 2.7157 2.8144 2.6242 2.5822 2.6141 2.5572 2.5568 2.5138 2.5198 2.4173 2.3987 2.5272 2.3651 2.3205 2.3183 2.2371 2.0502 2.1309 2.6109 2.5397 2.6371 2.5933 2.1439 
4.4985 4.6578 4.2160 3.7133 3.5966 2.9787 2.9746 2.8695 2.6001 2.6849 2.6407 2.5474 2.5118 2.4490 2.3439 2.3337 2.3083 2.2730 2.2345 2.2583 2.2559 2.2419 2.2709 2.2593 2.1104 2.2520 2.2706 2.1628 2.6458 2.5783 2.8988 2.9620 2.1794 
4.5088 4.1109 3.4308 3.2060 3.0571 3.2157 3.0112 2.8973 2.8246 2.7668 2.6250 2.6843 2.5787 2.4920 2.5130 2.4744 2.3023 2.4004 2.3811 2.2826 2.3379 2.4093 2.2663 2.3307 2.2989 2.2732 2.3213 2.4286 2.1451 2.1225 2.1290 2.3743 2.0836 
4.0799 3.0035 4.2159 3.5081 3.1964 2.7401 2.4112 2.5358 2.2660 2.2822 2.3223 2.2123 1.8684 1.8086 2.0493 2.1525 2.2522 2.1103 1.9120 1.6614 1.6508 1.9058 1.9703 1.8595 1.7666 1.9231 1.7306 1.9335 2.2663 2.4063 2.9179 1.4201 1.5203 
4.1328 3.4997 4.1162 3.7726 3.3604 3.1221 3.0263 2.9193 2.7898 2.7126 2.6423 2.7721 2.6790 2.5472 2.5584 2.5496 2.2969 2.5065 2.4557 2.3656 2.4833 2.5029 2.2749 2.2796 2.2719 2.3025 2.3369 2.3260 2.4420 2.6667 2.7786 1.8241 1.6633 
3.4270 3.6471 3.2695 2.1614 2.8194 2.2198 1.4177 2.1849 2.1333 1.7442 1.8770 1.9495 1.9517 1.6625 1.7268 1.3207 1.1655 1.2563 1.5907 1.4639 1.7352 1.6845 1.5209 1.3197 1.6227 1.6063 0.7993 1.4226 1.8819 1.0633 1.8861 1.9201 1.0914 
4.0096 3.6487 3.3255 2.9497 2.9390 2.1563 2.1409 2.1090 1.7883 1.3405 1.9829 1.0007 1.9546 1.8091 1.3821 1.4618 0.6748 1.4031 1.2797 1.6513 1.7386 0.6942 1.6354 0.9229 1.2961 1.4796 1.4384 1.3457 2.0017 1.8434 2.0041 1.8929 1.5838 
3.2873 2.9758 2.1196 2.1445 2.5156 2.1266 1.6806 1.9190 1.7744 1.8734 1.1583 1.8392 1.5467 1.8532 1.2648 1.6007 1.6077 1.5311 1.1396 1.7065 1.3389 1.5444 0.7886 1.4489 1.2942 1.3480 0.9924 1.3265 1.5756 1.0501 0.7464 1.2786 0.8412 
3.8739 3.4303 3.1048 2.6461 2.5408 2.5259 2.6305 2.3722 2.2614 2.1250 2.1305 1.7589 2.0077 2.1014 1.7363 1.8701 2.0512 1.8174 1.6190 1.8913 1.7759 1.4519 1.7630 1.7027 1.7638 1.7853 1.9432 1.7369 1.6010 1.5525 1.7890 1.7169 1.4125 
3.4242 3.3294 2.7170 2.6207 2.7845 2.5892 2.2774 2.0556 2.3725 2.0572 1.6495 1.6972 2.0280 1.8890 1.5647 2.0081 2.1201 1.9418 1.4488 1.7406 1.7892 1.3815 1.2956 1.6186 1.8640 1.4460 1.6122 1.7923 1.8567 1.5174 1.4011 1.6025 0.9526 
3.6955 3.4417 3.0500 2.8513 2.4910 2.5209 2.4145 2.2369 2.2451 2.1478 1.8126 2.1083 2.1737 2.1172 1.5861 1.7907 2.2037 1.7463 1.4672 1.9169 1.9319 1.7942 1.4524 1.7247 1.7524 1.6667 1.7373 1.7252 1.5295 1.7514 1.7352 1.7360 1.1930 
2.5038 3.0157 2.2325 2.2696 1.9491 1.6345 1.8221 1.7285 1.5988 1.5841 1.5712 1.6978 1.6599 1.4931 1.5893 1.3348 1.8461 1.2885 1.4710 1.3475 1.4106 1.3820 1.2289 1.1450 1.0849 1.1096 1.1391 0.8458 1.0235 1.1887 0.9182 1.3341 0.0646 
1.4882 2.1158 1.3075 1.9150 1.5401 1.4207 1.3898 1.0982 0.9964 1.4030 1.0432 0.5513 1.4130 0.9342 1.5147 0.5815 1.0688 0.5310 1.4122 0.7419 1.1802 0.2417 0.6804 0.9776 0.5155 0.5334 0.6921 0.6191 0.6287 0.8359 0.0131 0.4195 -1.1091 
3.1700 2.2016 2.0075 1.9905 2.0983 1.7584 1.4726 1.3541 1.6357 0.9894 1.4988 1.2843 1.3091 1.5763 1.3968 1.2746 0.8544 1.1987 1.3085 1.4069 1.0489 0.9695 1.1493 0.5615 1.1058 0.7721 0.7743 0.9551 1.1411 0.9296 0.7021 0.5105 0.6704 
3.7055 2.9347 2.4807 2.3128 2.2384 2.1166 1.8910 1.8001 1.7449 1.5479 1.3885 1.4170 1.4685 1.4461 1.3505 1.3437 1.3720 1.3033 1.2415 1.3053 1.2576 1.1143 1.0238 1.1120 1.2397 1.2177 1.2288 1.3228 1.3306 1.2345 1.1028 1.1344 1.1944 
3.2957 2.9374 2.3497 2.2697 2.1715 2.1486 2.0611 2.0308 1.7912 1.8267 1.8226 2.0142 1.6975 1.9778 1.7096 1.8708 1.2271 1.8180 1.5713 1.8065 1.4346 1.7294 1.4615 1.4008 1.3071 1.4286 1.3644 1.3544 1.2595 1.1790 1.0232 1.1957 0.7824 
3.0251 2.2914 2.1959 1.8915 0.5882 1.3914 1.9007 1.9520 1.6477 1.7977 1.0714 1.3700 1.4945 1.2440 1.3909 1.3154 1.4375 1.2568 1.3042 1.0555 1.3001 1.0672 0.6979 1.3700 1.1178 1.3699 1.2468 0.6116 -0.3103 0.8040 0.9080 0.5530 0.5433 
3.0559 2.2138 1.4266 1.6344 1.5934 1.7589 1.4311 1.6728 1.8096 1.7779 1.8530 1.8372 1.6309 1.1238 1.6815 1.4218 1.4503 1.3721 1.5388 0.9660 1.3892 1.5390 1.4823 1.3526 1.3234 1.0632 0.7495 0.9654 0.6542 0.5299 0.1111 0.4457 0.5731 
3.7385 3.0357 2.7763 2.5727 2.2883 2.1164 2.1796 1.8685 1.4495 1.4825 1.4307 1.3340 1.7709 1.7564 1.4504 1.7242 1.8478 1.6705 1.3487 1.5751 1.5251 1.0233 1.0730 1.0644 0.9583 1.3073 1.4810 1.3218 1.3766 1.4681 1.4370 1.2921 1.2463 
3.5659 3.1979 2.6404 2.4617 2.2368 1.7950 1.7505 2.1585 1.9424 2.2243 1.8958 1.8476 1.6667 1.5190 1.4669 1.6768 2.0336 1.6060 1.3648 1.3669 1.4123 1.5543 1.5410 1.7973 1.4427 1.5583 1.0579 0.9973 1.3300 1.3548 1.3268 1.4556 1.0760 
2.8933 2.2755 2.1644 1.9004 1.2356 1.2966 1.7484 1.5461 1.1866 1.6093 0.9923 1.3328 1.5926 1.6244 1.4985 1.7022 1.4574 1.6330 1.3962 1.4432 1.3693 1.0261 0.6369 1.1791 0.6798 0.9737 1.0560 0.4718 0.2796 0.7905 0.8239 0.6649 0.3357 
3.2573 2.2149 1.6588 1.6351 1.3265 1.4671 1.6960 1.5746 1.3151 1.8579 1.7357 1.2673 1.4802 1.4524 1.0825 1.0518 0.5917 1.0014 0.9844 1.3068 1.2822 0.9619 1.3684 1.4323 0.7967 0.9809 0.9842 0.6770 0.4017 0.5668 0.3768 0.4805 0.7374 
3.7237 2.9293 2.5900 2.2203 1.9400 2.0693 1.9162 1.8226 1.6053 1.8138 1.5734 1.3559 1.6967 1.4682 1.4240 1.6931 1.2679 1.6180 1.3270 1.3190 1.4357 1.0489 1.2248 1.3869 1.0840 1.2469 1.2587 1.2732 1.0171 1.1122 1.2732 1.1275 1.2357 
3.4141 2.8576 2.7030 1.7531 2.7883 2.1256 1.7725 2.2420 1.8944 1.3168 1.5126 1.7255 0.3585 1.0196 1.1473 1.4453 1.2322 1.3938 1.0363 0.8721 0.1544 1.4126 1.1627 0.8831 1.4003 1.6765 1.0807 1.3248 1.8569 0.6807 1.3875 1.0806 0.9498 
3.1827 2.8962 2.4551 2.4271 2.5180 2.5607 2.0768 2.5467 1.9170 1.7549 2.1587 2.2742 2.1253 1.9258 1.8660 2.1057 2.0038 2.0387 1.7628 1.7679 1.8713 1.9944 1.7937 1.3310 1.4128 1.9425 1.3676 1.7639 1.5815 1.3273 1.1003 1.1233 0.6757 
3.5180 2.5878 2.6221 2.6456 3.1931 2.1134 2.7291 2.6497 2.7123 1.4473 2.3677 2.5955 2.3116 1.9854 1.7181 1.4572 1.0156 1.4048 1.5885 1.8126 2.1103 2.2900 2.0179 1.0251 2.2135 2.0884 2.0698 1.3022 2.2588 1.5450 1.3062 0.7971 1.0191 
