6.3488 6.0798 5.2527 4.8576 4.6370 4.5679 4.6169 4.1476 4.4958 3.5604 3.6819 3.6487 3.5854 3.5339 3.4632 3.4887 3.4480 3.4310 3.2893 3.3004 3.2709 3.2428 3.1916 2.9595 3.7595 3.3572 3.6571 3.4769 3.3926 3.4077 3.4511 3.6688 2.9469 
5.3304 6.4909 5.7078 4.2290 3.6633 3.4821 2.6602 2.7772 2.8262 2.9968 1.9525 2.2409 2.6536 2.5433 1.9722 2.0369 2.4248 1.9647 1.8335 2.3330 2.3556 1.8619 1.4557 2.4132 2.0860 1.9805 1.6912 2.3996 2.4181 2.7518 3.8517 4.1415 2.3753 
6.2402 6.0306 5.2239 4.8027 4.6105 4.5199 4.7231 3.2237 4.2890 3.9480 3.6431 3.6158 3.5833 3.5428 3.5128 3.5286 3.5270 3.4666 3.3717 3.3134 3.2649 3.2050 3.1315 3.3401 3.5979 2.3925 3.7752 3.4267 3.3438 3.3301 3.4135 3.6555 2.8970 
5.7730 4.7792 5.2280 4.2509 3.9308 3.8320 3.9113 4.3472 3.5035 3.1881 2.4172 2.2986 1.9441 1.0105 2.0931 1.8460 1.2643 1.7858 1.9420 0.7715 1.6198 1.8716 1.9085 2.5848 2.8070 3.5380 2.9577 2.7291 2.6106 2.7672 3.4377 2.4663 2.3323 
3.9118 5.7884 4.5924 3.5522 3.0709 2.6692 3.2362 3.1821 2.5084 1.8923 1.5374 1.9386 2.1372 1.9119 1.9942 1.7805 2.2233 1.6922 1.8497 1.7038 1.8338 1.5030 1.0406 1.3118 1.8173 2.3904 2.3344 1.6031 1.8401 2.0460 2.7057 3.4478 0.5763 
5.6879 5.4615 4.6622 4.0044 3.7554 3.6597 3.8619 3.3529 2.9610 3.0548 2.9753 3.0009 2.6543 2.8966 2.7864 2.8195 2.7091 2.7190 2.5994 2.6179 2.3656 2.5746 2.4720 2.4652 2.2783 2.5098 2.9244 2.5627 2.4860 2.4679 2.8412 3.0852 2.3413 
5.6297 4.6650 3.1521 3.1557 2.2247 2.7947 2.9409 2.5839 2.7737 1.3481 1.4067 1.0652 1.2808 1.7312 1.2213 0.9504 1.3441 0.8977 1.0311 1.4633 0.9393 0.6945 0.8940 0.7462 2.0490 1.8104 1.9794 1.6996 0.9213 1.6812 1.3605 2.3089 2.2023 
4.0337 3.7226 3.6563 2.9898 2.4494 2.0214 1.3222 1.9955 1.7109 2.4045 1.3436 1.6446 0.8488 1.3501 1.0012 0.1964 0.5569 0.1828 0.8345 1.1352 0.4768 1.2529 0.8075 1.8174 0.9639 1.2280 0.3554 0.9120 1.1784 1.4616 1.8611 1.3554 0.7691 
2.3219 4.6363 3.7738 3.4914 3.0689 3.0088 3.1202 2.7208 2.0398 1.3862 2.4064 2.4104 2.5692 1.9155 1.6921 2.0308 1.8344 1.9657 1.5024 1.6934 2.2913 1.9903 1.9001 0.7979 1.3605 1.9038 2.1958 1.9094 1.8109 1.9535 1.9063 2.2947 0.2284 
4.8359 4.2525 3.5526 2.8791 2.6791 2.7580 2.2375 2.3550 2.0509 2.3668 2.4033 2.0056 1.8003 2.0016 2.1241 1.6913 1.1371 1.5911 1.9693 1.7981 1.4498 1.6011 1.8969 1.7855 1.3640 1.4989 1.2860 1.6599 1.4016 1.3337 1.7275 1.8722 1.4049 
3.8841 3.8503 3.2881 2.8015 2.9505 2.5022 2.8874 2.5862 2.0115 1.1545 1.9192 2.2173 1.1292 1.7832 1.4517 1.6569 1.2661 1.5652 1.3140 1.4926 0.8186 1.8156 1.4211 0.5841 1.3192 1.8053 1.9091 1.4071 1.6746 1.2926 1.4556 1.4670 0.5573 
2.8277 3.6316 2.5655 2.0477 1.7914 0.9902 1.7535 1.3459 1.8102 1.3413 1.7697 1.9558 1.8280 0.2278 1.0610 0.7916 1.2790 0.7194 0.9000 0.0297 1.4687 1.5430 1.2639 0.7715 1.0897 0.5582 0.7961 -0.1883 0.4601 0.5299 0.7418 1.2953 -0.1915 
4.1059 3.7592 3.0441 2.6552 2.5054 1.6024 1.6659 0.9943 1.6875 2.5339 2.3341 1.2025 1.6689 2.2271 1.2795 0.9871 0.0285 0.9031 1.1165 1.9703 1.3461 0.7863 1.8188 1.9435 0.9743 0.1779 0.7365 0.4865 1.2496 1.1768 1.2412 1.3862 0.7341 
4.2298 3.9297 3.2062 2.5704 2.5893 2.2375 2.6357 2.3151 1.8645 2.1175 1.8531 2.1835 1.9181 1.2831 1.4059 1.8048 1.8221 1.7283 1.2726 1.0158 1.5966 1.7993 1.3452 1.5200 1.1733 1.4578 1.7258 1.1382 1.3290 1.0698 1.3687 1.5008 0.8105 
3.1187 3.4323 2.4923 2.5919 2.2810 2.4076 2.3750 2.2165 2.4259 2.1543 1.8023 1.8091 2.0064 1.3569 1.7485 1.7700 1.4506 1.6620 1.5597 1.1301 1.7097 1.3831 1.2963 1.5441 1.7516 1.3891 1.4050 1.3143 0.9645 1.1236 0.7069 1.0391 -0.1519 
3.6069 2.6724 2.9448 2.8231 2.4186 3.0525 3.0879 3.0855 2.7639 2.6686 2.0251 1.6956 2.3393 2.1919 1.4005 1.5517 1.1070 1.4683 1.2655 1.9419 1.9832 1.2839 1.5254 2.0659 2.0356 2.3077 2.1433 1.9537 1.1492 1.2859 1.1159 0.3870 0.1833 
4.5335 2.6570 4.1999 3.2517 2.9436 3.1900 4.1143 4.4455 4.1781 3.7675 3.0686 3.0898 2.6460 1.4099 3.2160 2.6838 3.6646 2.6056 3.0628 1.2049 2.3616 2.6845 2.5642 3.1679 3.4965 3.6068 3.1583 2.0853 1.6482 1.7638 2.3868 0.5118 1.1072 
3.5772 1.7841 2.5875 2.1095 2.5280 2.5531 3.1852 2.6741 3.2151 3.1624 1.1976 2.0716 1.5979 1.3206 1.8936 0.6606 1.6152 0.5703 1.7681 1.0799 1.2967 1.6904 0.6831 2.5672 2.5186 1.8761 2.2704 1.4649 1.2764 0.6594 0.8001 -0.9390 0.0424 
4.6542 3.0892 1.8658 2.2465 1.9795 1.9051 3.1175 2.3263 3.3341 2.0038 1.3071 1.5798 1.6806 2.3253 1.5604 2.4468 2.0080 2.3815 1.3941 2.0351 1.3529 1.2160 0.8052 1.4002 2.6068 1.4642 2.1821 0.8496 0.7437 0.7766 0.1820 0.6332 1.2327 
4.3506 3.9567 2.9750 2.8628 2.5002 3.3288 3.6365 3.4249 3.7856 3.2520 3.0117 2.7855 1.9460 1.6047 2.6316 2.1796 1.6116 2.0823 2.4829 1.3748 1.6358 2.3796 2.5057 2.6489 3.0862 2.5614 2.6941 2.2341 1.2574 1.3155 1.1629 1.5150 0.9105 
3.6327 3.1787 3.1516 2.2936 2.9517 2.3688 3.6605 3.6550 3.4268 3.0501 2.5724 2.6328 2.2379 2.0220 2.3996 1.2869 0.4450 1.2228 2.2500 1.8216 1.9006 2.2582 2.0837 2.4586 2.6834 2.8805 2.7220 1.2687 1.6674 0.7776 1.3373 0.8393 0.2503 
2.1921 2.6944 1.3054 2.7005 2.8922 3.1963 3.8135 3.9522 3.1822 4.0357 2.1674 2.6772 1.9749 2.6631 2.4365 2.2415 1.8942 2.1409 2.3075 2.4354 1.6626 2.3033 1.6738 3.4516 2.4982 3.1003 2.8970 2.0998 1.5755 1.2268 -0.3856 0.3096 -1.4711 
4.2533 3.8763 3.4723 2.9696 2.0153 3.4457 4.0981 4.3284 4.3955 3.4218 2.9857 1.9724 2.3632 2.0042 2.5274 2.0126 2.2122 1.9394 2.3898 1.7964 2.0149 1.5539 2.4834 2.8016 3.6721 3.5257 3.1345 2.3526 0.7594 1.4387 1.6152 1.4637 0.8283 
4.1854 3.1753 3.5435 2.9808 3.0001 2.4709 3.7202 4.3275 2.6883 3.4344 2.3547 2.1168 1.8353 2.0371 1.7550 0.1908 1.1575 0.0986 1.5574 1.8331 1.4782 1.7438 1.8386 2.8288 1.9969 3.5237 2.8160 1.3698 1.7386 1.4554 1.7261 0.7664 0.7454 
4.2146 3.8616 2.4342 3.0908 2.4901 3.1542 2.9636 2.7833 2.7383 2.4253 2.3693 2.0837 2.3604 1.7409 1.9019 1.1567 0.8553 1.0608 1.7787 1.4659 2.0101 1.7157 1.8597 1.8403 2.0160 1.9523 2.0016 2.0565 1.2409 1.5730 0.5792 1.4553 0.7859 
4.3379 3.7003 3.4676 2.9034 2.7921 2.9395 3.6677 3.4545 2.3396 3.0159 2.6541 1.9197 1.7658 1.7229 0.6466 0.2460 1.1182 0.1842 0.4328 1.4542 1.4048 1.4934 2.1634 2.4307 1.6156 2.5964 2.7402 1.8372 1.4715 1.3557 1.5930 1.3101 0.8679 
4.5533 4.1154 3.8855 3.3536 3.0635 3.0018 3.1003 2.5393 2.6923 2.0488 1.6217 2.4003 1.5583 2.3501 1.6897 1.7842 0.9686 1.6905 1.4954 2.0727 1.2717 1.9783 1.1455 1.4601 1.9922 1.7593 2.1563 1.9056 1.8066 1.8299 2.0185 1.7576 1.0901 
3.8204 2.9233 2.5598 2.4945 2.0019 1.1952 1.4600 1.0439 2.3804 2.2702 1.1724 1.3452 0.9277 2.1506 2.2219 1.8327 1.0407 1.7749 2.0361 1.9167 0.6639 0.9184 0.6833 1.6630 1.6754 0.2164 0.5403 0.0785 0.7473 0.9673 0.7235 0.4318 0.3225 
1.6624 2.7105 2.6057 2.2242 1.6130 2.7351 2.7696 1.9469 1.9479 1.7999 1.5672 1.5690 1.9342 1.6054 0.8289 2.0130 1.7519 1.9426 0.6947 1.3693 1.6153 1.1996 1.0764 1.2143 1.2709 1.1522 1.8265 1.6394 0.2873 0.7042 0.7832 0.3602 -1.2270 
3.9689 3.3041 1.8260 2.2468 1.1814 1.3240 2.5748 1.0447 1.6081 1.7796 1.5811 1.4580 1.2457 1.7452 1.6002 1.4669 1.6193 1.3999 1.4422 1.4660 0.8954 1.0537 1.0952 1.1781 0.9031 0.2371 1.6546 0.2256 -0.1287 0.7283 -0.0751 0.8769 0.4872 
3.5488 2.6554 2.2242 1.8759 1.9878 1.9480 1.6365 1.7863 1.1119 1.5394 1.2146 1.5422 1.4828 1.3796 1.6440 1.3049 1.1848 1.2440 1.4684 1.1710 1.2124 1.1678 0.7047 0.9384 0.3831 0.9211 0.7095 0.8493 0.7304 0.3522 0.3655 0.3074 0.1706 
3.8521 3.1289 2.5590 2.3478 1.7254 1.9789 0.3367 0.5284 1.9680 -0.3101 1.7380 2.1292 1.8074 1.0367 1.9703 1.8413 1.6995 1.7819 1.8343 0.8058 1.4575 1.7623 1.2449 -0.9413 1.2868 -0.2686 -0.5839 0.8768 0.4234 0.8065 0.7350 0.7528 0.4153 
4.8896 4.1962 3.7403 3.4052 2.9038 2.8990 2.9113 2.7914 2.4940 2.3476 2.5697 1.9569 2.3893 2.3612 1.5595 2.0453 1.9473 1.9782 1.4104 2.0884 2.0390 1.5447 2.0733 1.7606 1.8174 1.9539 1.9389 1.7996 1.5869 1.8634 1.9046 1.8077 1.4317 
3.4861 3.1020 2.5151 2.1358 2.3401 2.5810 2.0154 0.2363 1.5260 1.5764 1.5444 1.1016 2.0376 2.2561 1.9037 1.4484 1.5976 1.3720 1.7775 1.9917 1.7709 0.7120 1.0513 0.9801 0.8382 -0.5858 1.0619 1.4812 1.0306 0.7050 0.7075 0.8274 -0.0696 
3.2009 3.3179 3.0418 2.7062 2.6620 2.8370 1.9513 2.2227 1.8930 2.0206 2.3694 2.3134 1.9811 1.4898 2.0409 1.3752 0.6912 1.3072 1.9013 1.2851 1.6764 1.8782 1.8605 1.4400 1.2268 1.3912 0.9926 1.7364 1.3872 1.2262 1.2410 0.9184 -0.2862 
4.0553 2.8310 2.9183 2.6645 2.1243 2.2246 1.8487 0.7225 1.9484 2.0031 1.7141 1.6643 1.2492 0.5184 1.8668 1.2494 0.4473 1.1689 1.7318 0.3094 0.8857 1.2714 1.2287 1.4010 1.2821 -0.0955 0.8644 1.1282 0.8617 1.1842 1.1286 0.6399 0.5636 
3.7452 3.4167 2.8240 2.1544 1.8269 2.0159 1.4405 1.6238 1.5718 1.3667 1.2827 0.9450 1.2395 0.2827 1.9957 1.3508 1.4841 1.2927 1.8529 0.1220 0.8832 0.5793 0.7730 0.7787 0.8716 0.8037 0.5098 0.9149 0.5397 0.6652 0.9726 0.9845 0.3905 
4.6004 3.0503 2.6529 2.4539 1.8790 2.4427 2.4232 2.0800 1.8001 1.9094 1.0700 1.0783 1.2667 1.7554 1.7812 1.2862 1.4074 1.2286 1.5830 1.4691 0.9120 0.6910 0.5957 1.3194 1.0683 1.2841 1.4649 1.3512 0.6283 0.9188 0.7967 0.4883 1.1563 
4.0448 2.8204 2.7350 1.5752 1.8824 1.9561 2.0128 1.1609 1.2746 1.6055 0.6533 1.3726 1.3198 0.3828 1.3845 1.5805 1.2948 1.4898 1.2573 0.1901 0.9784 0.9589 0.1455 1.0060 0.5781 0.3317 1.0788 0.8636 0.6240 0.0878 0.8875 0.3181 0.6261 
4.5216 3.0453 2.7576 2.8095 2.6296 2.7314 1.5440 1.5951 1.4500 1.8106 1.6174 1.1941 2.1632 1.4640 1.9337 1.4475 1.2502 1.3718 1.8043 1.2631 1.8525 0.7677 1.1322 1.2273 0.7607 0.7861 0.6370 1.6314 1.3583 1.2848 0.8859 0.5400 1.0470 
3.5328 2.7342 2.5392 1.6636 1.8729 1.4633 2.3921 2.1084 0.4711 2.1194 2.1790 0.8745 1.0640 1.5501 1.9359 1.1919 2.0801 1.1061 1.8049 1.3334 0.7539 0.4502 1.6942 1.5232 -0.2288 1.3061 1.4324 0.3673 0.6298 0.1407 0.7412 0.3975 0.1384 
4.1115 3.5134 2.4194 2.4239 2.2426 2.3721 2.1740 1.3602 2.1478 1.9408 1.2713 1.5434 1.5519 1.2668 1.2087 1.4232 0.7469 1.3513 1.0086 1.0019 1.2610 1.1749 0.7590 1.3477 1.4496 0.5334 1.2505 1.2725 0.9303 0.9071 0.5571 1.1189 0.7205 
3.9836 3.2916 2.7859 2.2477 2.1943 2.0104 2.1871 1.0152 1.8230 2.2642 1.9947 1.5121 2.0308 1.2133 1.8247 1.3873 0.1507 1.3158 1.6617 0.9162 1.7627 1.1394 1.4913 1.6537 1.1254 0.2334 1.2587 0.9135 0.8991 0.7302 0.9124 0.8697 0.4908 
2.0454 2.5470 2.5549 2.5646 2.3387 2.0757 2.4030 1.4221 1.4227 0.7816 1.8530 0.4872 0.9635 1.7728 1.5652 0.7015 1.6131 0.6425 1.4080 1.4841 0.6915 0.1202 1.3492 0.2046 0.7413 0.6280 1.4379 0.9729 1.0269 1.0561 0.7522 0.2272 -1.2287 
4.0365 3.1158 1.2625 2.0824 1.8462 1.4704 1.7263 1.4016 1.8210 1.3704 0.9513 1.8708 1.2070 1.3981 1.6345 1.2721 -2.1407 1.2103 1.4617 1.1902 0.8529 1.4516 0.4571 0.7823 1.1068 0.5942 0.7525 0.3684 0.5432 0.5803 -0.7202 0.7094 0.5923 
3.6718 3.3494 2.7657 2.4490 2.6039 2.3692 1.8160 2.4781 0.5183 2.1296 1.7840 1.9223 1.3173 1.6484 -0.1348 0.8362 -0.3568 0.7665 -0.2759 1.3999 0.9760 1.5033 1.2684 1.5290 -0.2273 1.6773 0.8400 1.2668 1.3438 0.9184 0.9037 0.9278 0.2392 
4.0649 3.6190 3.1155 2.5501 1.8879 2.0478 2.3601 1.8064 1.7175 1.8174 1.5822 1.7478 1.8426 1.4054 1.8005 2.2485 1.8821 2.1520 1.6221 1.2079 1.4938 1.3178 1.0894 1.2402 0.9729 0.9518 1.3880 0.9531 0.6372 1.0323 1.2971 1.2583 0.6728 
3.5914 3.0791 2.8275 1.0695 -0.5587 2.0766 1.9591 1.6351 1.3012 1.6510 1.7214 1.2837 1.2778 1.7307 1.1408 1.5567 1.3292 1.4725 0.9689 1.4593 0.9285 0.8724 1.2256 1.0435 0.6316 0.8241 0.9945 0.9953 -1.9847 -0.4030 0.9634 0.8079 0.1332 
4.6668 3.1018 2.4137 2.3420 1.9589 2.5971 1.4438 3.0798 2.8306 3.0556 2.4606 2.0171 3.9658 2.5390 1.9906 1.2722 0.7767 1.2253 1.8576 2.3345 3.6075 1.6557 1.9592 2.4629 2.0955 2.3090 0.4890 1.4764 0.6948 0.8237 0.7044 0.8002 1.2427 
4.5119 4.1249 3.5636 3.2850 2.9528 2.5898 2.6292 2.5229 2.3807 2.1191 2.4577 2.4918 2.9045 2.8630 2.6023 2.4632 2.2841 2.3968 2.4605 2.5739 2.5562 2.0773 1.9585 1.5188 1.6788 1.7408 1.7156 1.4928 1.6679 1.7945 1.7597 1.7749 1.0432 
3.4240 3.7466 2.9507 2.8160 2.5333 2.4982 2.3859 1.3466 1.5900 2.1084 1.9914 2.4555 0.9199 1.7094 1.8913 1.6655 1.8373 1.5672 1.7627 1.4442 0.6773 2.0282 1.4833 1.5102 0.8958 0.4979 1.4186 1.3966 1.2785 1.2953 1.1252 1.3981 0.0738 
4.1968 2.9930 2.1477 1.5271 1.9663 2.0761 2.3373 1.7359 1.5548 1.1194 2.1073 1.8099 1.8406 1.1959 1.8931 1.6364 0.3672 1.5401 1.7706 0.9155 1.4921 1.3787 1.6190 0.5272 0.8608 0.8824 1.3589 0.9806 0.7084 0.0307 0.2943 0.5513 0.7804 
5.0350 4.2258 3.6483 3.2585 3.0553 2.8804 2.8160 2.7107 2.3247 2.0897 2.4966 2.0165 2.0473 1.9371 1.2185 1.8156 0.7322 1.7466 1.0232 1.7258 1.7793 1.6229 1.9973 1.4917 1.5808 1.8972 1.8564 1.7811 1.8023 1.7798 1.8255 1.8390 1.5668 
2.0712 3.7002 3.4196 2.9958 2.7499 2.8030 2.3570 1.8379 2.4401 2.3437 1.4087 2.3655 2.4849 2.3380 1.8769 2.3621 2.2137 2.2911 1.7480 2.0537 2.1689 1.9413 0.8912 1.7473 1.7788 0.9871 1.3822 1.7071 1.4585 1.4683 1.5490 1.3816 -1.4493 
3.9412 3.5419 3.0993 2.9164 2.4802 1.4959 1.7251 1.9097 1.8948 1.9443 2.3609 1.8255 1.8119 1.6249 2.0870 2.1414 1.9220 2.0508 1.9412 1.3782 1.4625 1.3958 1.8515 1.3580 1.2255 1.1113 0.7595 0.3855 1.2307 1.3753 1.2899 1.1684 0.4820 
4.0936 3.9802 3.6342 3.4826 3.2158 3.0978 3.0676 2.7531 2.6862 2.5245 2.7581 2.6147 2.0083 1.7102 1.9195 2.3864 2.3117 2.3294 1.7959 1.4421 1.7142 2.2356 2.2795 1.9298 1.9875 1.9264 2.1178 1.9991 1.9396 1.9497 1.8252 1.5597 0.6710 
4.2401 3.2947 3.2050 2.7487 2.4783 2.4158 1.8862 1.3325 2.0615 2.0176 1.9913 1.2737 1.5957 1.4488 0.1293 1.6984 1.1600 1.5981 -0.0672 1.2440 1.2936 0.8472 1.4796 1.4300 1.3710 0.4980 0.9148 1.3126 1.2257 1.2437 1.3574 0.8366 0.7743 
3.3261 3.4124 3.2599 2.3061 3.0002 2.7808 2.3893 2.4695 2.4516 1.9013 2.0784 1.7929 2.2369 1.7505 1.6779 1.7733 1.0867 1.6647 1.4957 1.4639 1.9031 1.3578 1.5919 1.3093 1.7827 1.6659 1.4305 1.6771 1.7598 0.7727 1.4249 1.0257 -0.0780 
4.1870 3.4862 2.9764 2.7207 2.1876 1.8721 2.6411 2.3509 2.6180 2.3323 1.8311 1.8680 0.8656 1.7936 1.3373 1.4735 1.0137 1.4085 1.2151 1.5119 0.5702 1.4505 1.3230 1.7282 1.9303 1.4911 1.7297 0.7768 0.8893 1.2324 1.1303 1.0460 0.7318 
3.4843 1.9848 2.4139 2.6817 2.8311 2.4414 2.3223 2.0164 2.0661 1.9591 2.0376 1.9600 1.8988 1.2035 1.3782 0.8652 1.2047 0.7895 1.2492 0.9173 1.5680 1.5458 1.5388 1.3663 1.3761 1.2416 1.3346 1.3501 1.5088 1.2255 0.6063 -0.4337 -0.0485 
3.4685 3.7086 2.9070 3.0625 2.9115 2.6263 2.7486 2.3599 2.3553 2.3825 2.0217 2.0915 1.8591 1.8787 1.3471 1.9490 1.3736 1.8798 1.2234 1.6463 1.5095 1.7223 1.5248 1.7992 1.6354 1.5044 1.8157 1.5327 1.6056 1.5543 1.0513 1.3680 0.1040 
2.8858 3.3345 2.8638 2.9699 2.4598 2.5279 1.8186 1.7147 2.1446 2.2681 1.4451 1.9627 1.8306 1.3003 0.7475 1.6629 1.6370 1.5692 0.5980 1.0449 1.4762 1.5501 0.9296 1.6599 1.4459 0.8821 0.8356 1.4252 1.2201 1.4478 0.9781 0.9515 -0.6218 
4.5493 3.5321 3.0181 2.5652 2.3353 1.4724 2.0655 2.1342 1.8163 1.7243 0.6900 1.5220 1.4678 2.1366 1.5723 1.9409 0.5502 1.8731 1.4184 1.9060 1.1911 1.1412 0.1752 1.1211 1.1085 1.3284 1.1470 0.3673 1.0147 1.0618 1.1949 1.0746 1.0564 
4.7842 3.5901 2.8563 2.6693 2.4915 1.8784 2.4037 2.1386 0.6089 1.8129 1.7581 1.7858 1.7076 0.9078 0.7233 1.1541 0.9619 1.0689 0.5866 0.7009 1.3632 1.3558 1.2553 1.2291 -0.1095 1.3333 1.4447 0.7798 1.2442 1.1880 0.9591 1.1544 1.3684 
4.3192 3.8705 3.1010 2.4252 2.8369 2.3491 1.7460 1.9923 1.5035 1.8207 2.0294 0.7227 0.6615 0.3088 0.2122 1.2738 1.0152 1.2102 0.0884 0.1102 0.3014 0.2914 1.5373 1.2386 0.8189 1.2142 0.7766 1.2465 1.5147 0.8983 1.2774 1.4588 0.8937 
4.3208 3.1149 1.0581 1.9365 2.2548 1.9069 1.3542 1.2405 1.2059 1.7554 1.2080 0.3611 1.4210 1.4256 -0.0247 -0.2882 0.5599 -0.3113 -0.1899 1.2281 1.1096 -0.0524 0.7098 1.1397 0.4443 0.3702 0.3908 0.8080 0.9216 0.3693 -0.7012 0.6878 0.8761 
2.4123 2.7726 2.7184 1.8114 2.3486 2.1013 2.4564 1.7874 1.3154 2.0518 0.9115 1.5517 1.8302 1.7767 1.4737 0.3469 1.3850 0.2540 1.3338 1.4868 1.4792 1.1774 0.3799 1.4641 0.6309 0.9223 1.4921 1.0004 1.0390 0.2489 0.8769 0.3890 -1.1247 
3.4219 2.7187 2.2905 2.9096 2.4920 1.8372 2.1197 1.5175 1.9480 2.0474 1.0651 1.3853 1.4011 1.1494 1.7886 1.2487 0.8190 1.1690 1.6028 0.8807 1.0890 0.9605 0.5673 1.4588 1.2689 0.7254 1.2136 0.7252 1.2356 1.3848 0.4435 0.4466 -0.1161 
3.5908 3.2739 2.7479 2.3707 2.4087 1.9751 2.3250 1.6558 1.9317 2.1372 2.0599 1.4595 1.9022 1.9410 2.0226 1.3658 0.7658 1.2958 1.8875 1.7364 1.5759 1.0562 1.5651 1.5322 1.2542 0.8205 1.3419 0.8711 1.1406 0.8279 0.9146 0.9608 0.1535 
3.9891 2.7748 2.5386 2.3410 1.8431 2.0610 1.3778 1.8730 2.6732 2.7401 0.5087 1.8434 1.8760 1.7509 1.6624 1.8999 1.4504 1.8353 1.4757 1.4670 1.5359 1.4163 -0.0304 2.1326 1.9781 1.0566 0.4283 0.9636 0.5559 0.7937 0.7178 0.2914 0.5382 
2.6055 2.7354 2.9432 2.4083 3.0490 2.3564 1.7908 2.6531 2.8393 3.0111 2.6786 2.0084 2.3425 2.6308 1.8860 -0.0524 1.2882 -0.1546 1.7497 2.4138 1.9909 1.6077 2.1904 2.4246 2.1025 1.8565 0.8128 1.2469 1.7971 0.8792 1.0994 0.3592 -0.9670 
4.0259 3.7194 3.4123 3.1434 3.3300 3.0417 2.6250 3.0664 2.6461 2.0401 0.3949 2.0176 1.9475 2.1921 2.0578 1.8264 0.9238 1.7597 1.9200 1.9489 1.6286 1.6185 -0.0010 1.4525 1.9539 2.2775 1.6989 1.9452 2.0176 1.6582 1.5452 1.3539 0.6529 
3.5788 2.6405 1.8122 3.2497 3.3783 2.8568 1.9709 2.5057 2.8442 2.8765 2.8031 2.4125 2.5167 0.7422 0.6291 1.8438 0.6214 1.7878 0.4242 0.4488 2.2063 1.9912 2.3232 2.2761 2.1063 1.7181 1.0080 1.7561 2.0557 1.7773 0.0513 0.2236 0.1564 
3.7185 3.2219 1.0467 2.3330 2.9873 3.3735 2.9662 3.0701 3.0877 2.8211 2.4309 1.6969 2.1286 2.0757 2.0741 1.5860 1.0851 1.4935 1.9258 1.8636 1.8280 1.2907 1.9244 2.2152 2.4025 2.2870 2.0002 2.2803 1.7251 0.8145 -0.8859 0.8362 0.3182 
4.1589 2.6003 3.0297 3.1003 3.3974 2.9816 2.2012 2.6332 2.9466 2.5271 2.3307 2.3336 2.5317 1.8558 1.9692 1.9381 2.1972 1.8693 1.8331 1.6077 2.2295 1.8969 1.8167 1.9346 2.2554 1.8463 1.2730 1.8783 2.0728 1.5833 1.2262 0.0696 0.7438 
3.3788 3.0127 2.5591 2.9215 1.9965 2.6765 2.4179 1.7742 2.6241 2.5200 2.0417 1.4480 2.4671 2.0114 1.5002 1.9981 1.7099 1.9229 1.3636 1.8033 2.1462 1.0331 1.5542 1.9238 1.9391 0.9033 1.4565 1.5817 0.7457 1.3938 0.7174 0.6750 0.0355 
3.8616 3.5120 2.9233 2.7866 3.3635 2.6353 1.8974 2.2901 2.0244 2.8127 2.8507 1.9721 2.0784 1.9282 2.3405 1.8445 2.3908 1.7851 2.1503 1.7210 1.7978 1.5526 2.3483 2.2105 1.3468 1.4377 0.9386 1.5275 2.0432 1.2955 1.0643 1.1430 0.4622 
2.9723 2.9798 2.2612 2.1405 2.9987 2.9160 2.8910 1.7825 2.4431 2.3798 2.2390 2.0186 2.0340 1.6368 1.2155 1.6367 0.3895 1.5426 1.0169 1.3905 1.7648 1.6279 1.7616 1.7945 1.7795 0.9239 1.9132 1.8152 1.7446 0.6160 0.3917 0.5909 -0.6958 
3.4610 3.0556 2.8496 2.3507 2.6027 2.8880 2.8791 2.7384 2.7660 0.1279 2.4096 1.5609 2.5371 2.1875 1.8848 2.1145 1.8236 2.0292 1.7502 1.9414 2.2393 1.2099 1.9068 -0.3680 2.0347 1.9218 1.8966 1.7952 1.3414 0.8284 0.9838 0.7116 0.0587 
2.5109 3.1101 1.6612 2.7887 2.8779 2.9272 2.3338 2.3650 1.6035 1.6416 1.5257 1.6255 2.3740 2.4943 1.3459 1.0248 1.8007 0.9378 1.2141 2.2860 2.0208 1.2468 1.0393 1.0335 0.8892 1.5133 1.3535 1.8279 1.5486 1.2794 -0.1126 0.7506 -1.0914 
3.6914 1.8707 2.5213 1.2798 1.7117 2.7111 1.5809 2.0453 1.3473 2.1031 2.4719 2.4544 1.3227 0.6819 0.7777 1.9993 1.9608 1.9232 0.6443 0.3761 0.9821 2.0257 1.9708 1.5107 0.6569 1.2622 0.6353 1.6096 0.3769 -0.2523 0.7320 -0.9065 0.2184 
4.1834 3.0831 1.1036 2.8991 1.9430 2.2994 1.8496 1.6494 1.9659 1.9474 1.0987 1.9471 2.3600 0.7092 1.6303 0.4406 -0.2704 0.3620 1.4602 0.4422 2.0102 1.5324 0.5951 1.3588 1.2884 0.8266 0.8873 1.2101 0.6859 1.3602 -0.8510 0.6682 0.7582 
4.0406 3.0021 1.3967 2.8716 1.8910 2.5578 2.3735 1.9345 2.1239 1.7927 2.0609 2.2916 2.6618 2.4098 2.2751 1.6178 1.2643 1.5222 2.0790 2.1652 2.3697 1.8653 1.5683 1.2146 1.4250 1.1450 1.4019 1.4589 0.6091 1.3258 -0.3600 0.5992 0.6361 
3.8418 3.6296 3.1737 2.5525 2.9279 3.0777 2.5072 2.2471 2.2929 2.0326 1.8141 2.4299 2.5650 1.3380 2.1134 2.4161 2.0501 2.3548 1.9609 1.0945 2.2805 2.0113 1.3044 1.4481 1.5540 1.4084 1.5435 1.9792 1.6299 1.0436 1.3436 1.2704 0.3485 
2.9331 2.1102 2.4373 2.4466 1.7550 2.1605 1.9301 1.5179 1.8098 1.9353 2.3159 1.9930 2.4905 1.9093 1.2994 1.7398 1.4003 1.6381 1.1433 1.6829 2.1769 1.5886 1.8062 1.3511 1.0987 0.7228 0.9742 1.0672 0.4328 0.9099 0.6371 -0.1834 -0.4962 
4.3864 3.6653 2.9111 2.5789 2.8174 1.9886 1.5941 1.9927 2.4159 2.1957 2.4983 2.3452 1.9327 1.7826 1.7008 2.1476 0.8870 2.0575 1.5135 1.4934 1.6150 1.9098 1.9993 1.5882 1.7353 1.2213 0.6906 0.8858 1.4963 1.0841 1.0388 1.2761 0.9360 
4.1612 3.5637 3.2344 3.1776 3.0276 2.7820 2.2323 1.3512 2.6910 2.3253 2.2826 1.7005 1.9244 2.0690 0.7301 1.3308 1.8885 1.2687 0.5547 1.8545 1.6078 1.2835 1.7911 1.7100 1.9923 0.5517 1.2817 1.6804 1.7823 1.6926 1.3935 1.1931 0.7240 
4.2224 3.2309 3.1972 2.8338 1.7752 2.6412 2.4733 2.5691 2.5306 2.5723 2.5353 3.1420 2.4991 1.4934 1.2960 1.4408 1.9282 1.3669 1.1454 1.2844 2.1819 2.7625 2.0314 1.9912 1.8482 1.7950 1.5069 1.5402 0.4551 1.2978 1.3645 0.7872 0.7847 
3.9787 3.0710 1.5820 2.3546 2.7864 2.3377 1.7925 2.2177 2.8264 2.2381 2.4701 1.1295 2.3764 2.4579 1.8345 2.0214 1.7793 1.9578 1.6767 2.2327 2.0257 0.7349 1.9668 1.6391 2.0920 1.3972 0.8162 1.2399 1.4736 0.8184 -0.2194 0.6885 0.5280 
3.6380 2.6878 3.1102 3.4494 2.5264 1.9889 0.5407 2.1499 2.2024 1.4770 1.6453 1.9274 0.8175 1.5986 2.4099 1.4694 1.1891 1.3973 2.2670 1.3752 0.5332 1.5012 1.1682 0.8840 1.4848 1.3348 -0.4582 0.8846 1.2645 1.9101 1.3166 0.3207 0.1983 
2.9966 2.9568 2.0307 2.2043 2.5730 1.5694 2.2312 2.1637 1.2135 2.6337 2.4099 1.9127 1.5971 1.6332 1.7772 1.7125 2.2365 1.6126 1.5826 1.3896 1.2892 1.4880 1.9041 2.0349 0.5099 1.3525 1.2879 0.4620 1.3210 0.6998 0.2371 0.5949 -0.3893 
3.2481 3.2354 3.2650 2.7716 1.8272 1.9121 2.0454 2.1841 2.3422 2.4478 2.3557 1.9583 1.8745 2.2848 2.0990 0.6548 1.4330 0.5433 1.9467 2.0127 1.5340 1.5490 1.8452 1.8598 1.6148 1.3724 1.1114 0.8003 0.5616 1.2670 1.4200 0.8360 -0.3237 
3.0989 2.2679 2.0295 2.6531 1.3796 2.4742 2.4958 2.5123 2.3830 2.5670 2.5026 2.4302 1.8635 2.0342 0.9750 1.7671 0.7903 1.6631 0.8213 1.8309 1.5234 2.0105 2.0022 1.9805 1.6838 1.7219 1.5492 1.3839 0.0835 1.1852 0.2696 -0.0709 -0.3573 
4.4825 4.5427 4.4336 4.1477 3.6524 2.9551 2.9517 3.8072 4.0238 3.7678 3.1208 2.8747 2.7697 0.2948 2.2419 2.0176 1.1832 1.9498 2.0561 0.1248 2.4393 2.4359 2.6224 3.1648 3.3158 2.9971 1.9993 1.8495 2.3875 2.6203 2.5683 2.1514 1.1167 
3.2057 3.0898 3.3111 2.9586 2.5982 1.1124 2.4018 2.6148 2.0865 1.6307 1.7092 0.0027 1.6110 2.0133 1.7758 1.6772 1.0111 1.5812 1.5768 1.8076 1.3004 -0.3887 1.2279 1.0286 1.3952 1.8284 1.4395 0.0649 1.3297 1.4192 1.4650 0.7472 -0.0964 
3.8934 3.0950 2.9140 2.4971 2.6426 3.0891 2.7936 1.8105 2.0030 1.5827 2.1844 2.1667 2.1448 2.2466 0.7872 2.2355 2.1788 2.1408 0.6267 1.9864 1.8431 1.7914 1.7016 0.9843 1.3154 0.9615 1.8396 1.9913 1.3736 0.9658 1.0525 0.6947 0.4227 
4.2980 2.5156 2.2571 2.8578 2.2179 1.8711 1.8076 1.5350 2.0944 1.1014 1.6853 1.7378 0.4167 0.7655 -0.4850 1.0300 0.9476 0.9483 -0.6416 0.5388 0.1338 1.3130 1.2077 0.4947 1.4003 0.7475 0.8378 0.7653 0.9174 1.3159 0.3694 -0.1471 0.8513 
3.2222 3.3110 2.9238 2.7615 1.9081 1.6789 1.8018 2.8122 2.8905 2.7622 2.3746 2.3450 2.2718 2.4353 2.3521 1.2245 1.1409 1.1182 2.1687 2.2043 1.9284 1.9115 1.8654 2.1548 2.1587 1.9728 0.8428 0.5799 0.6272 1.2583 1.0653 0.9661 -0.1816 
3.2591 3.0493 2.3812 1.8531 2.6168 2.5648 3.0092 3.0164 2.3857 2.3282 0.9964 2.1699 2.1621 1.4308 1.8615 1.2632 1.7970 1.1869 1.7186 1.2301 1.8517 1.7943 0.5308 1.7234 1.6815 2.2074 2.0467 1.4673 1.3588 0.3043 0.5323 0.7055 -0.1246 
