4.8813 4.8150 4.8109 4.2575 3.8277 3.6034 3.5889 3.1090 3.6769 3.4058 3.0801 3.2204 3.2580 3.0678 3.0476 3.1294 3.0692 3.0818 2.8929 2.8395 3.0441 2.8984 2.6778 2.9243 3.1352 2.4483 2.8248 2.7364 2.8048 3.0776 3.3322 2.9165 2.1871 
2.6471 4.3598 4.0590 3.6236 2.7648 2.7234 2.8175 2.4058 2.9120 2.7899 2.7070 2.1747 2.7342 2.5543 2.4378 2.3888 2.0112 2.3372 2.3212 2.3505 2.4768 1.8357 2.3081 2.3210 2.3605 1.7897 2.0853 1.8543 1.7695 2.3997 2.6508 2.4506 0.4612 
4.4794 4.6383 4.7017 3.8451 3.5963 3.3594 3.0804 2.9439 2.7928 2.7058 2.6358 2.4561 2.2814 2.4203 2.7844 2.5743 1.1704 2.4959 2.6763 2.2533 2.0165 2.1632 2.2310 2.2428 2.2513 2.2963 2.3054 2.4847 2.5982 2.6462 3.2407 2.7813 1.7603 
3.4967 4.1021 4.1629 3.7145 3.2636 3.1898 3.0276 3.0174 2.2732 2.8145 2.8150 2.5579 2.7410 2.7368 2.6114 2.4702 2.2375 2.3983 2.4556 2.5616 2.4879 2.2368 2.4166 2.3470 1.7589 2.3504 2.2622 2.3219 2.2714 2.5326 2.7267 2.2557 0.7058 
3.7895 4.5055 4.5819 3.6024 3.2010 3.1541 3.0594 3.1975 2.8286 2.8198 2.7276 2.7619 2.6785 2.2983 2.4153 2.2980 2.2492 2.2454 2.3021 2.1214 2.3976 2.4336 2.3301 2.3563 2.2907 2.5692 2.2915 2.2873 2.2187 2.3810 3.1477 2.6705 0.8666 
4.2024 4.5167 4.5655 3.7467 3.2298 3.1583 2.8155 2.8567 2.7413 2.7486 2.5447 2.1336 2.6250 2.5682 2.0511 2.0901 2.3290 2.0146 1.9225 2.3593 2.3379 1.8051 2.1587 2.2803 2.2068 2.2345 2.0660 2.2825 2.2383 2.5519 3.1357 2.6719 1.3670 
3.9847 4.2544 4.5038 4.4980 4.5923 3.5004 3.0986 2.9933 2.8966 2.6607 2.7582 2.7872 2.8307 2.7569 2.8696 2.8771 2.5499 2.8158 2.7535 2.5980 2.6161 2.4645 2.3655 2.1978 2.3461 2.3304 2.3398 2.6059 3.5929 3.2982 3.0830 2.4009 1.3548 
3.6863 3.7335 4.0183 3.9564 4.2039 3.4685 3.2568 3.0216 2.4125 2.8225 2.8244 2.6729 2.5022 2.6536 1.4547 2.3430 2.5303 2.2913 1.3102 2.4355 2.2588 2.3338 2.4378 2.3695 1.8855 2.3572 2.5371 2.5998 3.1921 2.7478 2.5968 1.8884 1.0313 
4.0146 4.1285 4.3089 3.9557 3.2193 2.9811 2.5918 2.5033 2.3318 1.7813 1.1617 2.0215 1.6689 1.8905 2.5036 1.9729 1.6904 1.9177 2.3765 1.7288 1.4050 1.7321 0.7803 1.3071 1.8017 1.8511 1.8272 2.1179 2.2153 2.7379 2.8328 2.2866 1.1465 
4.8816 4.7336 4.4345 4.2482 4.0529 3.7924 3.6377 3.4002 3.3595 3.3427 3.3062 3.1908 3.1777 3.2014 3.1108 2.9224 3.1261 2.8512 2.9849 3.0413 2.9235 2.8614 2.9204 2.8686 2.8049 2.7489 2.8835 2.9255 3.0665 3.0728 2.9956 2.8219 2.1772 
4.9218 5.9167 5.5826 4.4431 4.8042 3.7831 3.9231 3.1427 3.8266 3.5482 3.1992 2.6924 3.2459 3.2434 2.0637 2.6772 2.6257 2.6315 1.9190 3.0792 3.0157 2.3500 2.8035 3.0833 3.2569 2.4745 3.1510 2.8898 3.7539 3.2247 4.1096 4.0649 1.8078 
5.4312 5.4422 5.8592 5.3729 5.2375 4.6393 4.6246 4.5293 4.4882 4.4209 4.3810 4.3431 4.2805 4.2247 4.2038 4.1457 4.1071 4.0932 4.0823 4.0398 4.0219 4.0046 3.9778 3.9596 3.9565 3.9126 3.9077 3.7733 4.1862 4.1738 4.4300 3.6148 2.7881 
5.4235 5.4135 5.1868 4.1247 4.1236 4.2179 3.7257 3.1892 3.1321 3.0809 2.7206 2.6380 2.4429 2.6215 1.8758 1.9082 1.8173 1.9471 1.8288 2.4059 2.1964 2.2666 2.2805 2.5708 2.5382 2.4916 2.9652 3.3505 3.1091 2.9012 3.7213 3.5361 2.6961 
4.8201 5.3592 5.3496 4.6830 4.3560 3.7451 4.1812 4.0939 4.0118 3.8270 3.8626 3.7685 3.7604 3.7199 3.6808 3.6565 3.6826 3.5993 3.5667 3.5537 3.5303 3.4770 3.4822 3.3474 3.4773 3.4742 3.4601 2.8628 3.2993 3.4957 3.9312 3.5240 2.2577 
6.0474 5.8628 5.2243 4.9694 4.8616 4.6110 4.5923 4.5522 4.5294 4.4165 4.4028 4.2888 4.2312 4.1701 4.1176 4.0910 4.0474 4.0336 4.0044 3.9997 3.9889 3.9715 4.0011 3.9552 3.9896 3.9389 3.8710 3.7433 3.8503 3.7650 3.7417 3.9970 3.3095 
4.6292 5.9975 5.7887 5.1631 4.6606 4.5614 3.6082 4.2849 4.3424 3.7755 4.0461 3.9023 3.9070 3.7938 3.7889 3.7782 3.6856 3.7075 3.6640 3.6073 3.6287 3.5658 3.6505 3.3006 3.7576 3.6292 2.8654 3.6902 3.6450 3.9608 4.3626 4.1247 -0.1488 
4.6910 5.7016 5.4517 3.8112 3.4805 2.8899 4.1980 3.7159 3.4991 3.1837 3.2298 3.0235 3.0530 2.9506 3.1556 2.9835 2.7913 2.9036 3.0636 2.7647 2.7747 2.6989 2.8322 2.7293 2.9264 3.0988 3.4910 2.0819 2.4690 2.6329 4.0184 3.8192 0.8652 
5.4666 5.3380 5.1543 4.9380 4.6319 4.5016 4.1027 4.2477 4.1070 4.0495 4.0557 3.9692 3.9028 3.9197 3.8475 3.8238 3.8118 3.7506 3.7005 3.6928 3.6264 3.6309 3.6612 3.5856 3.5655 3.6011 3.3645 3.6335 3.6275 3.7448 3.6846 3.4990 2.6945 
5.6918 5.5461 4.4415 3.8188 3.1029 3.1558 3.5951 2.9228 1.8426 2.5475 2.5463 1.9637 2.0062 2.3115 2.0918 1.9573 1.3566 1.8753 1.9729 2.1799 1.7795 1.6567 2.2017 2.0311 1.4287 2.3151 2.8439 2.3186 2.0538 2.6207 2.9828 3.6551 2.9423 
4.8469 5.4311 4.2155 4.4241 3.9135 3.5706 3.8293 3.6631 3.6382 3.5360 3.4860 3.4770 3.3273 3.1442 3.1596 3.2532 3.1558 3.1987 3.0635 2.9576 3.0970 3.1371 3.0859 3.0753 3.1019 3.0437 3.0941 2.6992 2.8681 3.2133 2.7160 3.5807 2.3860 
5.1962 5.4463 5.0153 4.9241 4.6528 4.4647 4.0050 4.1385 4.1367 4.0907 4.0139 3.9602 3.9495 3.8799 3.8394 3.7851 3.7594 3.7146 3.6937 3.6727 3.6713 3.6203 3.6159 3.6234 3.5999 3.5278 3.2366 3.5961 3.6400 3.7213 3.5883 3.6005 2.5305 
5.9052 5.6070 5.2811 5.0424 4.8957 4.6818 4.6622 4.4498 4.3757 4.2009 4.1571 4.1158 4.0428 4.0289 3.9609 3.8433 3.7925 3.7673 3.8226 3.8491 3.7874 3.7967 3.7707 3.7254 3.7958 3.8012 3.9409 3.8141 3.9024 3.8733 3.8246 3.6933 3.2113 
4.4372 5.7937 5.7222 5.3139 4.6163 4.5829 4.3200 4.0822 3.7605 4.2688 4.1617 3.8900 3.8289 3.7042 3.6164 3.6399 3.6097 3.5842 3.5154 3.5419 3.5752 3.5583 3.7733 3.7928 3.2167 3.4584 3.5583 3.7150 3.6077 4.1026 4.2650 3.9583 2.2292 
3.6313 5.4280 5.4652 5.0324 4.4050 4.4246 4.6821 3.9117 3.6846 3.7431 3.6912 3.6000 3.3386 3.4778 3.6443 3.2470 3.1324 3.1842 3.5373 3.2556 3.1053 3.2632 3.2984 3.2735 3.1391 3.2302 3.9523 3.5622 3.3903 3.8528 4.0341 3.5842 1.2642 
4.9282 4.4622 5.3310 4.3595 3.6904 3.9659 4.4694 3.6909 3.3828 3.4907 2.8797 3.3041 3.0426 3.0288 1.2241 3.1273 3.0207 3.0828 1.0679 2.8127 2.7680 3.0074 2.5195 3.0058 2.8231 3.0789 3.7138 3.0845 2.6771 3.1888 3.8985 2.6120 2.4084 
5.6774 5.3774 5.4664 4.7955 4.3683 4.1182 4.6212 4.1338 3.9379 4.0475 4.1064 3.8083 3.6435 3.8191 3.6796 3.5730 3.5191 3.5248 3.5658 3.6267 3.4004 3.5106 3.7041 3.5824 3.3564 3.5236 3.9042 3.2490 3.3142 3.5602 4.0233 3.5070 2.8397 
5.5662 5.2639 5.1448 4.5544 4.2387 4.1820 4.0959 3.2189 2.7304 3.5007 3.6557 2.8835 2.8173 2.5427 3.1889 1.9291 1.9840 1.8586 3.0859 2.3487 2.5934 2.5873 3.2550 3.0267 2.1985 2.6178 3.3491 3.3157 3.2156 3.3708 3.6815 3.3705 2.8536 
4.8032 5.2526 3.2981 4.8532 4.0756 3.9618 3.9533 3.5775 3.5876 3.7993 3.5309 3.0850 2.7640 2.8611 3.2273 3.0836 3.0761 3.0184 3.1177 2.6956 2.5248 2.7432 3.1227 3.3252 3.0620 2.9268 3.1794 3.0987 3.0876 3.6470 1.6596 3.3689 2.2559 
5.0343 5.3934 5.0961 4.8835 4.3780 4.3093 3.9837 4.0075 3.9339 3.7044 3.7975 3.7049 3.5934 3.5779 3.5694 3.5431 3.4768 3.4980 3.4585 3.3903 3.3320 3.4032 3.4163 3.2402 3.3478 3.3511 3.2224 3.4365 3.3221 3.6836 3.6448 3.5507 2.3957 
5.8207 5.5162 5.3050 5.2751 4.9908 4.8582 4.5196 4.4115 4.4347 4.3932 4.3870 4.2651 4.1717 4.1172 4.1081 4.0848 4.0384 4.0281 3.9955 3.9546 3.9504 3.9575 3.9841 3.9339 3.8959 3.7457 3.7690 3.9888 3.9932 4.0626 3.8646 3.6283 3.1102 
4.8995 5.6792 5.6899 5.5301 5.0156 4.5515 3.5590 2.9073 3.6882 2.6005 3.0896 3.2076 2.8090 2.2423 1.6491 2.2907 1.9036 2.2458 1.4779 2.0317 2.5762 2.8843 2.6860 2.1025 3.1507 2.2890 2.7863 3.6815 4.0159 4.3616 4.2153 3.7976 2.4454 
3.6844 5.2479 5.4968 5.4827 4.6142 5.0046 4.1128 4.1040 4.1978 3.5460 3.9226 3.8884 3.8228 3.6375 3.6161 3.6303 3.6269 3.5758 3.5151 3.4767 3.5703 3.5583 3.5224 3.0768 3.6483 3.4870 3.3643 4.1342 3.6299 4.3080 4.0671 3.3565 1.3838 
4.2129 4.8216 5.3623 5.1006 4.0830 4.1247 3.7185 3.3243 3.0993 3.3177 3.4831 3.2792 3.3632 3.2227 3.2352 3.1146 2.8253 3.0676 3.1251 3.0684 3.1283 2.9884 3.0871 2.8300 2.5272 2.6929 3.0174 3.2747 3.0864 3.9464 3.9330 2.8809 2.0357 
5.4409 5.2806 5.3025 4.5870 4.3998 4.6345 3.8182 2.5902 3.5270 3.5168 3.5697 3.5119 3.2277 3.1529 3.1477 3.0780 3.1203 3.0090 3.0441 2.9685 2.9882 3.1668 3.1707 3.0548 2.9623 1.9185 3.0801 3.7649 3.3832 3.4148 3.8507 3.4031 2.7463 
4.9048 5.2390 4.5691 4.8275 4.4590 4.4104 3.9717 4.0138 3.9630 3.9293 3.9159 3.8259 3.6089 3.5328 3.5876 3.5981 3.5551 3.5468 3.4903 3.3225 3.3526 3.5206 3.5177 3.4547 3.4027 3.3669 3.2192 3.5393 3.4923 3.6082 3.1430 3.3533 2.3094 
5.6991 5.5426 5.1174 4.9315 4.4124 4.2813 4.1621 4.0030 3.7491 3.5059 3.6874 3.6980 3.6668 3.6035 3.5968 3.5441 3.5339 3.4988 3.5001 3.4287 3.4307 3.3971 3.2933 3.0342 3.2011 3.3474 3.4403 3.4088 3.3819 3.7233 3.6619 3.6578 2.9859 
5.2816 4.8594 4.0202 4.7299 4.6281 4.6291 4.4849 4.2186 3.9835 3.8397 3.6062 3.5213 3.6224 3.5978 3.5768 3.5070 3.4625 3.4337 3.4713 3.4196 3.3724 3.1806 3.2089 3.3603 3.4325 3.5790 3.7264 3.7628 3.6213 3.5430 2.5958 3.0077 2.6297 
3.5248 4.2960 4.3006 3.9318 3.6660 3.9419 3.7217 3.6681 3.3737 3.1713 3.3889 3.1129 2.7613 3.0563 3.0028 2.7049 3.0519 2.6567 2.8528 2.8281 2.5072 2.7758 3.0061 2.7087 2.8132 3.0536 2.9997 3.0752 2.6734 2.7308 2.8220 2.4491 0.5291 
3.8696 3.9715 3.5289 3.2375 3.3486 3.4085 2.9650 2.9355 2.9413 3.5506 3.3000 3.0868 2.5788 2.6412 2.3840 2.4016 2.2910 2.3494 2.2744 2.4194 2.3048 2.7447 2.9121 3.0898 2.3834 2.2938 2.2249 2.5425 2.3368 2.0560 2.0610 2.0885 1.1917 
3.5072 3.7157 3.9720 3.0319 2.7342 3.5032 2.7479 2.8846 2.2631 2.6719 3.1577 3.0638 3.2161 3.0301 3.1889 2.7727 2.4608 2.7169 3.0861 2.8154 2.9771 2.7148 2.7621 2.2146 1.7243 2.2552 1.9799 2.6367 1.7655 1.8010 2.5101 1.8802 0.6958 
0.7229 3.5405 3.8640 3.2397 3.6956 3.5523 3.2577 2.4466 2.3318 3.1460 2.7668 1.8674 2.8160 2.4091 2.7209 2.4976 1.6512 2.4229 2.6255 2.2406 2.5941 1.5293 2.3689 2.6827 1.7923 1.8058 2.5297 2.6868 2.7005 2.0406 2.3915 1.6960 -1.3884 
3.4064 3.7124 3.8675 2.7496 3.6556 2.8965 3.2597 2.9854 2.7486 2.9484 3.2250 2.8814 2.6223 2.1684 2.7767 2.3579 2.3814 2.3005 2.6702 1.9483 2.3384 2.5861 2.8231 2.4706 2.2172 2.3281 2.5307 2.0128 2.6628 1.6145 2.3896 1.8654 0.5458 
2.5390 3.9477 4.1763 3.2036 3.8395 3.8020 3.1599 3.2628 2.7479 3.3096 3.2562 3.3446 2.0787 2.9552 2.9048 3.2884 2.8222 3.2347 2.7829 2.7611 1.8234 3.0534 2.8640 2.8374 2.2085 2.6523 2.3878 2.9314 2.8173 2.0004 2.7382 2.0834 -0.3003 
2.6280 3.8484 4.3580 4.0284 3.6011 3.7603 3.1366 2.4062 2.8192 3.5577 3.5668 2.9105 3.2624 2.1162 3.3363 2.8332 3.0909 2.7841 3.2149 1.9140 3.0501 2.6275 3.1665 3.0975 2.2773 1.7969 2.3756 2.8918 2.6131 2.8175 2.8741 1.9919 -0.4060 
2.2511 3.9359 4.1184 3.5271 3.6522 3.1726 3.6409 2.9028 2.7502 2.8874 2.7995 2.9161 2.5771 2.2498 2.3558 2.2530 0.6486 2.2037 2.2481 2.0460 2.3100 2.6248 2.3916 2.4161 2.2147 2.2662 2.8883 2.3090 2.6620 2.3134 2.6845 2.0635 -2.1131 
3.5748 3.2856 3.8715 3.9849 3.4110 2.9766 3.0795 3.1965 3.3657 3.5359 3.2942 2.6245 2.3512 2.7144 2.2201 0.8027 1.8637 0.6873 2.0786 2.5301 2.1178 2.2736 2.9062 3.0758 2.8116 2.5750 2.3093 2.1130 2.3789 2.7739 2.3999 1.4594 0.9430 
3.3953 3.6512 3.6189 3.5515 3.6945 3.3848 3.3021 2.6380 2.6528 3.1159 2.6444 2.1048 1.0768 2.0001 2.1251 1.9411 2.2007 1.8810 1.9779 1.8285 0.8506 1.7886 2.2418 2.6541 2.0880 1.9509 2.5824 2.5170 2.7004 2.3488 2.1938 1.8116 0.5920 
2.6720 3.4919 3.7493 4.3983 3.7729 2.6573 3.3455 2.8161 2.8926 3.2524 2.6188 2.2942 2.2667 1.9951 1.8180 2.3309 0.6352 2.2770 1.7212 1.8293 2.0044 1.9556 2.2122 2.7859 2.3424 2.1991 2.6287 1.7602 2.7532 3.1875 2.3328 1.5966 -0.8358 
3.0771 3.4113 3.4309 2.7728 3.2349 3.6559 3.0956 2.6213 2.9705 3.4130 2.8971 2.3915 2.0135 1.6074 1.8707 2.2289 2.2723 2.1808 1.7710 1.4232 1.7842 2.0881 2.5077 2.9348 2.4025 1.9452 2.3223 2.7883 2.2443 1.5855 1.9499 1.5428 0.4928 
3.4959 3.5236 3.3621 3.6819 3.1297 3.1973 3.4479 2.2588 2.7870 2.9698 2.6197 1.9181 2.2590 2.0590 2.0026 1.2285 1.3559 1.1549 1.8848 1.8716 1.9891 1.5898 2.2163 2.4921 2.2482 1.6145 2.6920 2.3309 2.1108 2.4871 1.9165 1.6342 0.6699 
3.5028 2.9665 3.0944 3.7205 3.2171 3.3934 2.8470 3.0913 2.4860 2.9113 3.1026 2.3864 2.7112 2.7454 2.2522 2.2208 -0.2225 2.1620 2.1318 2.5738 2.4458 2.0824 2.7011 2.4359 1.9379 2.4139 2.1301 2.5201 2.2269 2.5457 1.6492 1.0979 0.7093 
3.6338 3.8628 3.6327 4.0418 2.3506 3.5963 3.6169 2.5074 1.6338 1.9451 2.7051 2.7724 2.5475 1.4755 2.2101 2.0404 2.2221 1.9678 2.0618 1.3192 2.2861 2.4450 2.3065 1.4683 1.0717 1.8525 2.8576 2.7290 1.3662 2.8302 2.2147 1.9715 1.0803 
3.9712 3.5921 3.5068 3.6370 3.1858 3.3957 2.8285 2.7984 2.7599 2.5871 2.4536 2.3975 2.1313 2.3466 2.4629 2.2661 1.7203 2.2177 2.3410 2.1910 1.8635 2.0938 2.0707 2.1051 2.2239 2.1789 2.1128 2.5249 2.1996 2.4333 2.0406 1.7187 1.2436 
2.0239 3.2965 3.2807 3.1187 2.9184 2.2825 1.8791 2.4827 2.6965 2.4793 2.2592 1.2643 2.1051 1.7713 1.6889 2.1076 1.5163 2.0315 1.5537 1.5414 1.8418 0.9217 1.8530 2.0018 2.1617 1.8546 1.0909 1.3983 1.9106 1.9049 1.8361 1.4585 -0.7667 
3.2066 3.0660 1.8433 3.1160 2.0607 2.9685 2.5425 2.2611 2.2313 2.4831 2.2069 1.2351 1.8526 2.5369 2.1712 2.2055 1.4614 2.1325 2.0195 2.3388 1.5950 0.9225 1.8023 2.0063 1.6791 1.6082 1.7989 2.1007 0.9971 1.9105 0.4887 1.1451 0.5716 
3.2216 3.4834 2.9910 3.5592 2.6394 2.3458 3.1134 2.8241 2.3833 2.2575 1.5653 1.7650 1.4063 2.0586 2.0343 1.8856 2.2534 1.8301 1.9137 1.8730 1.1443 1.4145 1.1654 1.7920 1.8372 2.2175 2.3500 1.4911 1.6010 2.3535 1.5116 1.5978 0.5073 
3.5161 2.5764 3.0685 2.5748 2.8349 3.3094 2.6803 2.6873 1.3502 1.7216 1.8472 2.0346 2.2062 1.5135 1.9764 1.5824 1.4698 1.5173 1.8659 1.3523 1.9245 1.7413 1.4479 1.2427 0.8226 2.0339 1.9069 2.4392 1.8492 1.3629 1.5809 0.5595 0.7541 
3.7635 3.4856 3.6802 3.7256 2.0887 3.1003 3.9443 3.6328 3.3934 3.1092 2.5360 2.7706 2.2408 2.3718 2.5812 2.6607 2.4305 2.6057 2.4310 2.2108 1.9637 2.4443 2.1511 2.6480 2.8220 3.0031 3.1735 2.2408 1.0542 2.5486 2.2478 1.5619 0.9639 
2.7169 2.9300 2.9895 3.3722 3.5758 3.9196 4.0724 3.5725 3.3882 2.6844 2.9800 2.4368 2.3366 2.1302 1.9928 2.6408 2.5021 2.5714 1.8843 1.9212 2.0934 2.1395 2.5995 2.2260 2.8201 2.9173 3.3186 3.0562 2.5783 2.2041 1.5282 1.0581 0.1419 
2.4869 2.6478 2.3598 3.9097 3.6101 3.7717 4.2469 3.1846 2.8030 3.1207 2.4423 1.3291 1.8263 1.9929 2.1441 1.9327 1.0403 1.8750 1.9907 1.8251 1.5578 0.9848 2.0520 2.6586 2.2560 2.5418 3.5181 2.9101 2.6162 2.7014 0.8872 0.6874 0.1014 
3.1056 2.9676 2.3501 2.8661 2.3876 3.3350 3.7574 3.4881 3.1519 3.0625 2.7635 2.6729 2.7406 2.5045 2.6910 2.4982 2.2273 2.4254 2.5750 2.3155 2.4858 2.3356 2.3705 2.5798 2.6250 2.8105 3.0417 2.4738 1.4123 1.6960 0.9104 1.0820 0.4718 
3.6172 2.4158 2.7125 3.3498 2.3437 3.0968 3.5804 2.2520 2.7656 2.5402 2.8153 2.0722 2.3237 1.1526 0.5444 2.0445 2.0890 1.9773 0.4568 0.9737 2.0702 1.7776 2.4151 2.0636 2.2314 1.5876 2.8185 2.2355 1.3608 2.1855 1.2979 0.4672 0.9189 
3.3232 2.6781 2.6353 2.9882 2.8084 2.4159 2.2551 2.3837 2.8016 2.3270 2.1608 1.5530 2.3618 1.7514 1.9623 1.7702 -0.0214 1.6967 1.8526 1.5173 2.1269 1.2400 1.7700 1.8592 2.2620 1.7789 1.5030 1.5384 1.8039 1.7968 1.1196 0.8081 0.5615 
2.4703 2.7822 2.7739 2.8410 2.8331 2.9919 3.6486 3.2123 2.1911 2.5614 1.9453 1.8323 2.0183 1.8920 1.2825 1.8089 2.0612 1.7655 1.1215 1.7321 1.7875 1.5079 1.5379 2.0838 1.5934 2.5856 2.9000 2.1306 1.8397 1.6702 1.3307 0.9131 -0.6542 
3.2961 3.0858 3.2487 2.7760 2.7915 1.7655 3.1044 3.0613 3.0661 3.0195 2.6019 2.1332 2.2604 2.1485 2.2929 1.9677 1.9013 1.9164 2.1971 1.9431 1.9905 1.8140 2.2087 2.5405 2.4815 2.3796 2.3404 0.8554 1.7893 1.5986 1.8091 1.1717 0.5970 
2.7097 2.8583 3.6650 3.6772 2.7437 2.6358 3.2747 1.9729 2.3714 2.8399 3.0722 2.6456 2.3143 2.3445 2.3758 2.2790 0.8975 2.2290 2.2605 2.1923 2.0573 2.3036 2.6684 2.3790 1.8270 1.3619 2.5495 1.7763 1.7526 2.4804 2.2367 1.0532 -0.2113 
3.7733 3.4859 2.9992 3.3240 2.9491 3.1021 3.4720 3.1656 2.2140 2.4353 2.6890 1.7204 2.2353 1.6238 2.0381 1.4749 1.6921 1.4199 1.9188 1.4449 1.9564 1.3910 2.2889 1.9619 1.6508 2.5225 2.7064 2.2350 1.9189 2.1586 1.4942 1.5540 0.9926 
3.7008 3.4855 3.1522 3.3745 3.0896 3.1179 3.5153 3.2027 2.3218 2.3047 2.1973 1.3627 2.0552 1.1815 1.3873 1.5123 0.4219 1.4591 1.2805 0.9965 1.8145 1.0273 1.7928 1.8396 1.7868 2.5757 2.7451 2.2492 2.0558 2.2042 1.7253 1.5654 0.9827 
3.7890 3.1211 3.1130 3.0909 2.8757 3.2134 3.2935 3.1396 3.0449 2.8122 3.0023 2.6905 2.4059 2.7506 2.3864 1.9130 2.0556 1.8532 2.2746 2.5866 2.1862 2.3615 2.6211 2.3485 2.4630 2.4864 2.5732 2.3451 1.8685 1.8803 1.6546 1.2096 1.0954 
3.7916 3.0688 3.0668 3.1679 2.7618 2.7124 3.1743 2.8228 2.8257 2.6955 3.4721 2.9417 1.5095 2.2503 2.7267 2.0199 0.8930 1.9532 2.6311 2.0457 1.2273 2.6387 3.0789 2.2405 2.2901 2.2130 2.4134 1.8432 1.7711 1.9590 1.6057 1.1355 1.1277 
3.9600 3.5005 3.5705 3.2443 3.0633 2.8739 2.7402 3.3759 3.6286 3.9596 3.6125 3.0403 3.2627 2.8638 3.3171 3.5776 3.2879 3.5276 3.1997 2.6920 3.0486 2.6977 3.2135 3.4998 3.0941 2.7314 1.9826 1.9989 2.0040 2.0333 2.1196 1.5460 1.1365 
3.7833 3.1796 2.6918 2.6695 2.7802 2.9257 3.3617 2.6426 2.7090 3.9958 4.3910 3.8166 3.3416 3.2666 3.8954 3.5070 3.5730 3.4298 3.7433 3.1013 3.1040 3.5138 3.9882 3.5368 2.1814 1.9641 2.6397 2.0610 1.7917 1.4539 1.2390 1.3085 1.0792 
3.9061 3.0957 3.5021 3.3594 3.1729 3.3038 3.4721 3.1854 3.8143 4.2547 4.6738 4.2883 4.0513 4.1776 3.6343 2.7461 3.4345 2.7013 3.5276 4.0045 3.8025 3.9684 4.2924 3.7816 3.2521 2.5511 2.7052 2.4355 2.1880 2.1908 2.0142 1.1573 1.1346 
4.1368 3.6680 2.9646 3.2863 3.2538 2.9223 2.6362 3.8548 4.2618 4.6176 5.0247 3.7862 4.0700 4.0738 3.0660 2.7732 0.8924 2.7163 2.9052 3.9099 3.8231 3.4782 4.6376 4.1490 3.6923 3.1964 1.8512 2.0604 2.2630 2.1198 1.5102 1.8004 1.4404 
3.1272 3.4118 3.0008 3.5643 3.3679 3.5714 3.7423 3.6183 3.9577 4.5251 4.8157 4.0123 3.9842 3.6654 3.7923 3.2746 1.7064 3.2191 3.6653 3.5057 3.7055 3.6812 4.4120 4.0595 3.3907 2.9824 3.0203 2.7028 2.3490 2.3585 1.5589 1.5100 0.1453 
0.9922 2.3848 1.8291 2.7436 2.3830 2.4070 2.9590 2.9525 3.3552 3.0381 4.1694 3.8495 3.7328 2.3661 2.9066 3.0151 3.1412 2.9376 2.7814 2.1967 3.5132 3.5334 3.7842 2.5479 2.8054 2.3050 2.2218 1.5579 1.3761 1.5317 0.2947 0.5537 -1.1320 
3.6593 3.1917 3.1307 2.6413 2.8696 2.7560 2.1234 2.7856 3.1795 3.8218 4.2306 3.9339 3.8378 2.8561 2.6878 3.0362 -0.6702 2.9555 2.5717 2.6862 3.5807 3.5859 3.8484 3.3483 2.6522 2.1665 1.3781 1.8849 1.8677 1.4082 1.6860 1.3557 0.9881 
4.9178 4.8866 4.4286 4.1596 4.0909 3.9722 3.7496 3.9544 3.8984 4.0561 3.4893 2.9599 3.2586 3.7388 3.6115 3.1022 3.0109 3.0548 3.5100 3.5679 3.0508 2.6503 3.0884 3.5888 3.3161 3.2783 3.0311 3.1044 3.0982 2.9908 2.9792 3.0330 2.2293 
5.3981 5.4166 5.2767 4.8222 4.5342 4.5136 4.2429 3.9610 3.8819 3.9961 4.2110 3.6867 3.6689 3.4241 3.9036 3.8686 3.6600 3.7902 3.7491 3.2226 3.4325 3.3709 3.8276 3.5341 3.3036 3.2831 3.5144 3.6433 3.5366 3.5979 3.8103 3.5661 2.7969 
5.0986 5.6467 5.3470 4.7909 4.5325 4.4268 4.3143 3.8753 3.7451 3.6672 4.2423 3.9512 3.7333 3.9692 3.7935 3.6197 3.5975 3.5658 3.6668 3.7596 3.5152 3.6059 3.8613 3.2067 3.1965 3.2106 3.5564 3.5595 3.5365 3.5711 3.9147 3.7538 2.2269 
4.2756 5.4740 4.8163 4.0173 3.5658 3.8805 4.6199 3.8329 2.8885 2.6600 3.5858 3.2604 2.8765 3.0318 3.0972 2.9180 1.6174 2.8435 2.9564 2.8199 2.6613 2.9510 3.1887 2.2216 2.3231 3.1710 3.9055 3.0425 2.6086 2.8377 3.3405 3.6070 1.3474 
4.2009 5.0137 4.6884 4.0785 3.7415 3.5978 4.0373 3.9653 3.7339 3.6211 4.0691 3.5795 3.6521 3.3751 3.2591 3.2844 3.1446 3.2293 3.1524 3.1822 3.4124 3.2514 3.6744 3.1636 3.1915 3.2932 3.2825 2.7267 2.7451 2.8965 3.2455 3.1565 1.8362 
4.9104 3.9947 4.7186 4.4001 4.0799 3.8775 3.6230 3.6187 3.5516 3.9842 4.2402 3.9730 3.8834 3.8525 3.6848 3.1380 2.5354 3.0923 3.5683 3.6526 3.6105 3.6365 3.8587 3.5266 3.0183 2.9916 2.8730 3.0150 3.0910 3.1915 3.2605 2.0506 2.3006 
4.5541 4.3516 3.6446 2.7359 2.9685 2.9847 2.8668 3.0770 2.9646 3.9635 4.5903 3.3987 3.6357 4.1429 4.5603 3.9817 4.0250 3.9324 4.4525 3.9791 3.3963 3.0828 4.2037 3.5058 2.3831 2.3974 2.1394 2.1141 1.9403 1.5341 2.2042 2.4311 1.8539 
4.1209 4.2849 3.3901 3.0861 2.9198 3.0890 3.2199 3.4553 3.1178 3.8111 4.4386 4.0842 3.7827 4.5497 4.6921 4.0908 4.3835 4.0457 4.5571 4.3823 3.5391 3.7569 4.0442 3.3233 2.5259 2.7727 2.4690 2.2140 1.9387 1.8203 1.8958 2.3751 1.3249 
3.8535 3.2511 2.4035 2.7854 2.6310 2.7337 2.7828 2.9470 3.3603 3.8608 3.7690 3.3989 3.9363 4.3249 4.8302 4.4852 4.2951 4.4313 4.6937 4.1133 3.6578 3.0862 3.3807 3.3781 2.8147 2.3109 2.0474 1.8687 1.5764 1.5695 0.9655 1.3997 1.2190 
3.4873 3.4889 3.4236 3.2152 3.4499 3.3999 3.5078 3.7357 3.7457 4.2819 4.7556 3.6144 4.0532 4.0889 4.7391 4.5053 3.4366 4.4467 4.5918 3.9322 3.7970 3.2677 4.3723 3.8055 3.1960 3.1108 2.7383 2.5309 2.4099 2.0149 1.9484 1.5763 0.6284 
3.2376 3.4280 1.8678 2.6194 3.1603 2.5189 2.7736 2.8667 2.4147 2.6764 4.1433 3.5558 3.7632 3.9785 4.6383 4.5611 4.0745 4.5082 4.5182 3.7721 3.5351 3.2189 3.7569 2.2206 1.8670 2.2476 2.0276 1.6603 2.1747 1.4186 0.4891 1.5677 0.5512 
3.3381 3.6055 3.3064 3.5433 3.5025 3.5894 3.5921 3.7431 4.0509 4.3718 4.8892 4.2931 4.5563 4.5205 5.0185 4.1785 4.1190 4.1176 4.9077 4.3672 4.3302 3.9703 4.4920 3.9031 3.5231 3.1201 2.8310 2.7227 2.4560 2.3340 1.8547 1.7658 0.5533 
3.3507 3.2271 2.9960 3.2660 2.7131 2.6287 3.2751 3.7154 3.0021 3.5572 4.4359 3.8310 3.9451 4.1832 4.5484 3.6822 3.2639 3.6204 4.4345 4.0101 3.6669 3.5177 4.0373 3.1008 2.4215 3.0980 2.5587 1.7603 1.7141 2.0780 1.5345 1.3447 0.4577 
3.8804 3.3408 3.3394 3.4946 3.2655 3.2536 3.5229 3.2509 3.5151 4.2387 4.7160 4.4728 4.0496 4.8145 4.7145 4.4783 4.4494 4.4242 4.5662 4.5917 3.8004 4.1332 4.3384 3.7639 2.9571 2.6329 2.7601 2.3843 2.2712 2.2755 1.8618 1.4743 0.9992 
3.5888 2.3013 3.0803 2.7897 2.5653 2.8416 3.4905 3.4156 3.4787 4.4630 4.8399 4.3372 4.0684 4.4201 3.6863 3.4820 3.9764 3.4015 3.5736 4.2181 3.8193 4.0003 4.4390 4.0015 2.8909 2.7563 2.7125 1.9532 1.5446 1.5802 1.5765 0.5083 0.9644 
3.9441 2.9065 2.8502 1.8417 2.8311 3.2462 2.9454 3.5093 3.3073 4.2407 4.5861 3.6393 4.1333 3.6699 4.1848 3.7316 3.6638 3.6780 4.0668 3.5109 3.9217 3.3064 4.1988 3.7685 2.7615 2.8258 2.2187 2.3758 1.8341 0.6046 1.4030 0.9838 1.1966 
3.9901 3.7899 3.5733 3.2234 3.1102 3.2963 3.6943 3.6736 3.2251 3.9923 3.9918 2.7170 3.5501 3.9630 3.6897 3.2961 2.6578 3.2433 3.5790 3.7516 3.2747 2.3768 3.5939 3.5277 2.6959 3.0607 2.9703 2.4306 2.1009 2.0177 2.1308 1.9050 1.2763 
3.7022 4.4262 4.0765 3.7812 3.5492 3.5346 3.5111 3.1640 3.2993 3.8223 3.8027 3.2571 3.2836 3.8199 3.4629 2.6412 0.7988 2.5682 3.3062 3.6271 3.0713 2.9519 3.4190 3.3470 2.7603 2.5175 2.7396 2.6661 2.5343 2.6145 2.6497 2.5850 1.1514 
5.3720 5.6942 5.3131 4.8791 4.6388 4.4898 4.5851 4.4197 4.0159 3.4106 3.7597 3.9055 3.8169 3.8298 3.8263 3.7687 3.6249 3.6985 3.6882 3.6348 3.5675 3.5679 3.3749 2.9331 3.4838 3.7554 3.8615 3.6212 3.6277 3.6694 3.8575 3.8133 2.8210 
5.5935 5.7596 4.6852 4.4370 4.1978 4.2246 4.7096 4.4548 4.2399 3.9814 3.9567 3.6300 3.2486 3.4616 2.9224 3.2129 3.2660 3.1562 2.7981 3.2488 3.0021 3.3013 3.5525 3.5152 3.6847 3.7998 3.9718 3.3627 3.1931 3.2328 3.1868 3.9140 2.8961 
4.3803 5.6067 4.6700 4.3107 4.0402 3.8428 3.5449 3.5747 3.9398 3.6674 3.5296 3.4758 3.3970 3.2255 3.1605 3.0892 3.2474 3.0297 3.0635 3.0675 3.1421 3.1355 3.1262 3.1959 3.3595 2.9207 2.7821 2.9782 3.0528 3.1037 3.1825 3.7110 0.2326 
5.0707 4.9654 4.5682 4.5185 4.2574 4.0976 3.9758 3.7991 3.7855 3.7763 3.5474 3.5186 3.5102 3.4610 3.5317 3.3015 3.3807 3.2461 3.3979 3.2484 3.2299 3.1761 3.1469 3.3004 3.2325 3.1588 3.2110 3.2306 3.2362 3.3131 3.1214 3.1012 2.2388 
