6.2061 6.2318 5.3230 4.9226 4.6221 4.5527 4.2314 4.0351 3.9409 3.9415 3.8423 3.6911 3.5876 3.5823 3.7658 3.6783 3.5310 3.5912 3.5845 3.3787 3.3209 3.3249 3.3610 3.3847 3.3115 3.3007 3.3409 3.5139 3.4245 3.4805 3.5514 4.0009 3.0577 
5.3652 6.0334 4.8023 4.3419 4.1442 3.9771 4.0821 3.9769 3.8300 3.8131 3.7903 3.4304 3.3045 3.4607 3.1424 3.3676 3.1266 3.3133 2.9935 3.2658 2.9645 3.0300 3.3171 3.2362 3.1468 3.2257 3.2252 2.9647 2.9289 2.8882 3.0066 3.8415 2.3733 
5.4908 6.0535 5.2910 5.0442 4.7557 4.5307 4.4264 4.2083 4.2339 4.2107 4.0158 4.0765 3.8513 3.8336 3.8460 3.7383 3.8717 3.6454 3.6795 3.5710 3.5196 3.7192 3.5348 3.6396 3.5481 3.4312 3.5193 3.4930 3.5218 3.6114 3.5198 3.8580 2.4532 
5.4959 5.8434 5.2651 4.9302 4.6925 4.6544 4.3837 4.2370 4.2014 4.0365 3.9688 3.9844 3.9535 3.8528 3.8280 3.8186 3.7110 3.7247 3.6504 3.5992 3.6515 3.5952 3.4992 3.4785 3.5249 3.4551 3.4665 3.6215 3.4833 3.4951 3.5248 3.5906 2.3844 
6.1714 5.3996 2.6993 1.4222 3.7059 3.6524 3.3505 2.9961 2.4690 2.3657 2.5634 2.8530 2.9034 2.7391 2.4330 2.4803 1.4029 2.4147 2.3092 2.4845 2.6011 2.4534 2.0958 1.8102 1.8032 2.2642 2.4454 2.6235 2.4788 -0.0362 0.3146 3.1994 2.9776 
5.8133 5.4429 4.1354 3.6605 2.8750 3.2253 2.8552 2.9625 2.4813 2.6612 2.3400 2.4095 1.9633 2.2313 2.7594 2.5324 1.5787 2.4692 2.5742 1.9692 1.7087 2.0093 1.8628 2.0944 1.8373 2.2310 1.9435 2.1953 1.6706 2.2613 2.3780 3.1937 2.5941 
3.3617 5.6186 5.3848 4.9607 4.6968 4.4347 4.3872 4.3804 4.2115 4.2882 4.0691 3.9595 3.9565 3.9404 3.9149 3.6824 3.8339 3.5944 3.7912 3.7327 3.6545 3.5647 3.6060 3.7164 3.5285 3.5834 3.4781 3.3991 3.4838 3.5217 3.6205 3.4254 -2.1040 
6.0350 5.9470 4.4189 4.0389 3.3920 3.9522 3.4978 2.8636 2.0747 2.3847 2.9855 2.1803 2.6843 1.3267 2.2728 2.2666 1.5822 2.1686 2.0823 1.1994 2.3589 1.7714 2.4901 1.8205 1.3510 2.0509 2.5804 2.9100 2.2689 2.5712 2.6123 3.7060 2.9217 
4.7655 5.7430 4.5532 4.5981 4.4256 3.9694 3.5943 3.3538 3.3988 3.4629 3.5178 3.1503 2.7221 2.7610 3.0373 3.0634 2.9292 2.9964 2.9106 2.5021 2.3882 2.7813 3.0328 2.9082 2.7463 2.5621 2.7308 2.9144 3.2182 3.2108 2.8561 3.5192 1.9738 
6.4957 6.4934 5.5873 5.3382 4.9797 4.8672 4.6631 4.4767 4.4576 4.4712 4.4158 4.3206 4.2658 4.1529 4.1525 3.9865 3.9153 3.9194 4.0043 3.9346 3.9456 3.9097 3.9395 3.9162 3.8273 3.7215 3.8080 3.8302 3.8010 3.8916 3.8682 4.2699 3.3105 
5.9592 5.8764 5.2999 4.9467 4.4370 4.4105 4.1104 4.1837 4.1738 3.9928 3.7863 3.7267 3.8269 3.6559 3.6953 3.8733 3.8678 3.8191 3.5260 3.4328 3.4903 3.3472 3.3135 3.4353 3.5092 3.4160 3.2502 3.3732 3.2414 3.5069 3.5280 3.5924 2.7125 
5.0406 5.3883 4.4414 4.2294 4.0769 3.7779 3.8656 3.5356 3.6129 3.2779 3.0740 3.1715 3.2818 3.0967 3.0078 2.8804 2.4352 2.8192 2.8779 2.8870 2.9418 2.8073 2.6200 2.7012 2.9592 2.8069 2.9583 2.7625 2.8964 2.8308 2.7360 3.1053 1.6225 
5.9277 6.1400 5.5093 5.1607 4.9294 4.8612 4.7127 4.5648 4.4891 4.4157 4.3551 4.4191 4.3540 4.1725 4.0362 4.2186 4.1333 4.1309 3.9009 3.9494 4.0220 4.0247 3.8756 3.8648 3.8532 3.8359 3.8425 3.8275 3.7309 3.7710 3.8278 3.9354 2.8334 
5.5126 6.2958 5.3876 5.1176 4.9764 4.7285 4.5670 4.5190 4.4469 4.2645 4.1847 4.1422 4.0427 4.0371 3.9960 3.9209 3.7373 3.8600 3.8677 3.8436 3.7801 3.7957 3.7286 3.6923 3.8174 3.7807 3.6979 3.6888 3.7990 3.7115 3.6161 4.0473 2.2588 
5.5658 5.8682 4.6239 4.0278 2.8110 3.7309 3.6721 3.2659 3.1009 2.8343 2.8656 2.8038 2.2973 2.9462 2.7922 2.5301 2.2713 2.4780 2.6073 2.7394 2.0009 2.3702 2.3795 2.2580 2.4483 2.4529 2.7875 2.6765 1.3715 2.5597 2.8801 3.6019 2.5241 
6.3942 5.9124 4.8220 3.5444 4.0338 3.6027 3.7051 3.2070 3.3018 3.0309 3.0947 2.4667 3.2684 3.2004 2.5491 2.8053 2.2811 2.7313 2.4027 2.9598 2.9375 2.1012 2.6298 2.4796 2.6092 2.4101 2.8220 2.5639 2.8495 2.0854 3.0267 3.6360 3.1966 
6.5024 5.9012 5.0034 4.3939 3.8736 3.3797 3.4447 3.5461 3.5022 3.2057 2.8570 3.0418 2.6438 3.2953 3.2133 2.5820 2.4331 2.5005 3.0326 3.0217 2.3511 2.6792 2.3889 2.6276 2.8535 2.8138 2.5491 2.3324 2.6668 2.9398 3.3046 3.6050 3.3244 
6.6066 6.0535 4.9272 4.5610 4.1318 4.1970 3.8546 3.7476 3.7058 3.4936 3.5543 2.9219 3.0641 2.9928 3.4054 3.3708 2.5944 3.3123 3.2906 2.8047 2.7957 2.5185 3.0907 2.9351 3.0167 2.9535 2.9452 3.1553 2.9371 3.1418 3.2132 3.8337 3.4393 
6.1251 6.0898 4.9826 4.4593 4.4185 3.5573 4.1803 3.7606 3.9611 3.8441 3.6630 3.6014 3.5707 3.4883 3.3109 3.3377 3.4779 3.2759 3.1340 3.3011 3.3099 3.2489 3.2046 3.2938 3.3241 2.9606 3.3112 2.5022 3.2059 2.9988 3.2252 3.8765 3.0425 
5.6663 6.1136 5.4315 5.0511 4.8776 4.7662 4.5401 4.3822 4.3915 4.3607 4.2214 4.1361 4.0026 4.0316 3.8689 3.8906 3.7788 3.8342 3.7174 3.8370 3.7160 3.7881 3.7663 3.8108 3.7331 3.5853 3.6465 3.7310 3.6392 3.6184 3.6874 3.9010 2.3909 
6.4960 6.3113 5.3847 4.8788 4.6857 4.5817 4.4678 4.3797 4.1353 4.0259 4.1097 3.9494 3.7444 3.7843 3.8978 3.8806 4.0000 3.8260 3.7680 3.5221 3.4247 3.5519 3.6492 3.4675 3.4781 3.5793 3.5617 3.5489 3.4759 3.4276 3.6094 4.0455 3.3325 
6.0217 6.0102 5.0827 4.3234 4.2472 3.3928 3.9064 3.8065 3.7084 3.6210 3.8460 3.6372 3.2669 3.3610 3.3819 3.4658 3.4195 3.4001 3.2507 3.1247 2.9328 3.2914 3.3659 3.0563 3.0208 2.9969 2.9998 2.3448 3.0061 2.8575 3.3521 3.8278 2.8952 
5.8883 6.3082 5.5353 5.0558 4.8819 4.5641 4.5927 4.5096 4.2994 4.2544 4.1253 4.1829 4.1136 4.1326 4.0455 3.9932 3.8498 3.9260 3.9157 3.9201 3.8459 3.8270 3.6690 3.6818 3.6045 3.7657 3.7305 3.5265 3.6505 3.6211 3.8272 4.0778 2.7453 
5.4719 6.3301 5.8237 5.4115 5.2319 5.0173 4.9356 4.8400 4.6999 4.5648 4.4764 4.4577 4.4519 4.2489 4.3417 4.2398 4.1381 4.1482 4.1599 4.0060 4.1426 4.0580 4.0044 4.0152 4.0342 4.0338 4.0301 3.9801 4.0136 3.9603 4.0467 4.0802 2.5244 
2.9601 4.9385 3.4649 3.7186 1.9943 2.5357 2.3446 3.3072 2.2526 2.8175 1.9314 2.8177 2.9285 2.1384 2.6205 2.0126 2.4514 1.9457 2.4618 1.9261 2.6261 2.4209 1.4564 2.2723 1.5231 2.4864 1.4482 1.5443 0.8279 2.2855 1.6803 2.7238 -0.8741 
6.3554 5.9817 5.0458 4.6092 4.2794 4.0454 4.1037 4.0305 3.8889 3.4791 3.5999 3.0262 2.9721 3.3774 3.1809 3.3098 3.3902 3.2250 3.0162 3.1495 2.6909 2.6489 3.1351 2.9187 3.2398 3.2939 3.2485 3.0090 3.0378 3.2080 3.3378 3.7527 3.1880 
6.2118 5.5746 4.6037 3.2892 3.9013 3.9200 3.5559 3.2696 2.5222 3.3785 2.9905 3.3772 3.5423 2.8912 2.7859 2.1534 1.8379 2.0541 2.6071 2.6675 3.2887 2.9856 2.5060 2.8273 1.8845 2.4741 2.6795 2.8861 2.7097 1.8557 2.8840 3.3573 3.0159 
6.6788 6.5570 5.7552 5.4264 5.0322 4.9884 4.8979 4.7747 4.6918 4.5734 4.4776 4.4725 4.3797 4.3763 4.2557 4.2232 4.1886 4.1334 4.0769 4.1261 4.0454 4.0760 4.0061 4.0256 4.0287 3.9857 3.9851 3.9526 3.8481 3.9796 4.0103 4.3474 3.4738 
6.5507 6.5784 5.9706 5.5652 5.4165 5.1674 5.0763 4.9459 4.8853 4.6950 4.5998 4.5668 4.5245 4.4688 4.4903 4.4783 4.3849 4.4147 4.3665 4.2646 4.2392 4.2064 4.1386 4.1253 4.2111 4.1684 4.1960 4.1314 4.1939 4.1365 4.2462 4.3706 3.3614 
6.6243 6.9451 6.3113 5.9597 5.6782 5.5169 5.4053 5.2817 5.1841 5.0943 5.0224 4.9842 4.9261 4.8205 4.8284 4.8006 4.7366 4.7069 4.6426 4.5592 4.6002 4.5863 4.5526 4.5465 4.5254 4.4963 4.4897 4.4805 4.4777 4.5192 4.5592 4.6934 3.4301 
6.6200 6.9396 6.2161 5.9357 5.7106 5.4804 5.4013 5.3396 5.2317 5.0873 5.0136 4.9464 4.9392 4.9123 4.8538 4.7891 4.8078 4.6959 4.6665 4.6705 4.6194 4.5530 4.5438 4.5388 4.5591 4.5393 4.4844 4.4443 4.5026 4.4902 4.4879 4.6809 3.4057 
5.9200 6.4783 5.8297 5.5285 5.3435 5.1936 5.0461 4.9233 4.8362 4.7195 4.6198 4.5693 4.4952 4.5079 4.4773 4.2866 4.3279 4.1922 4.3559 4.3195 4.2006 4.2095 4.1591 4.1499 4.1387 4.1376 4.1533 4.1596 4.0964 4.0963 4.0783 4.2702 2.8107 
4.7808 5.9511 5.2373 5.0967 4.9071 4.8678 4.5008 4.3653 4.4331 4.1051 4.0527 4.0934 4.0814 4.0842 3.9650 3.7978 3.8164 3.7014 3.8416 3.8843 3.8247 3.7395 3.5897 3.5384 3.7996 3.5615 3.5975 3.8317 3.6880 3.6933 3.5103 3.7352 1.4630 
5.6223 6.4427 5.6920 5.3852 5.0619 4.9210 4.7782 4.7192 4.5195 4.4219 4.4358 4.3827 4.3615 4.2700 4.1936 4.0821 4.0977 4.0177 4.0362 4.0225 4.0319 3.9802 3.9617 3.8694 3.8757 3.9451 3.8796 3.8849 3.8696 3.9297 3.9604 4.2059 2.3557 
4.6524 6.0927 5.5932 5.2042 5.0367 4.8780 4.7671 4.6078 4.4698 4.3956 4.3951 4.2458 4.2037 4.0558 4.0984 4.0870 4.0348 4.0219 3.9615 3.8647 3.9029 3.8645 3.9180 3.8444 3.8362 3.8669 3.8731 3.8425 3.8520 3.8159 3.8796 3.8966 1.6595 
5.3349 5.3872 3.8173 3.9045 3.8622 3.6550 3.7082 3.5573 2.5347 3.3350 3.0527 2.9452 3.1223 2.8287 2.9450 2.7948 3.1550 2.7113 2.8200 2.5922 2.8329 2.5577 2.5938 2.7853 1.8671 2.8173 2.8276 2.6176 2.6439 2.4758 1.9639 3.1251 2.1757 
6.4748 6.4103 5.5473 5.1010 4.9198 4.8113 4.5823 4.6551 4.4605 4.3569 4.3727 4.1859 4.1181 4.0949 4.0574 3.9228 3.9264 3.8627 3.9277 3.8924 3.8469 3.8294 3.8927 3.8041 3.8286 3.8995 3.7182 3.7749 3.7113 3.6946 3.8366 4.1298 3.2828 
5.9196 5.9239 5.2907 4.7879 4.6970 4.4151 4.4217 4.2942 4.0762 3.9240 3.8327 3.8618 3.5502 3.5683 3.6344 3.3303 3.4681 3.2633 3.4844 3.3688 3.2960 3.4578 3.3511 3.3675 3.4298 3.4921 3.5175 3.3775 3.4877 3.3607 3.5371 3.6787 2.8008 
4.1612 6.2790 5.7035 5.4260 5.1792 4.9438 4.8333 4.7499 4.6734 4.6176 4.5250 4.4344 4.4993 4.3042 4.2746 4.0788 4.1137 4.0146 4.0937 4.0408 4.2050 4.0390 4.0449 4.0531 4.0136 3.9687 3.9142 3.9073 3.9739 3.9811 3.9725 4.0447 -0.8400 
3.6840 6.0737 5.4682 5.0843 4.8294 4.7920 4.6695 4.5318 4.4907 4.2963 4.4333 4.0692 4.0316 4.0709 4.1043 4.0014 3.8713 3.9329 3.9657 3.8757 3.7534 3.7107 3.9580 3.7249 3.8526 3.7980 3.8156 3.7582 3.5810 3.6731 3.7484 3.8757 -0.2821 
5.6320 6.6195 5.9258 5.6180 5.4128 5.2229 5.0423 4.9631 4.8625 4.7542 4.6229 4.6557 4.5540 4.4752 4.4346 4.4156 4.3595 4.3583 4.3127 4.2724 4.2787 4.3082 4.1629 4.1824 4.1696 4.1950 4.1471 4.1855 4.1861 4.2121 4.1669 4.4187 2.6136 
6.3331 5.7507 5.1324 4.7173 4.2474 4.1759 3.7860 3.8221 3.4242 3.7360 3.4155 3.5270 3.3858 3.4961 3.4656 3.3662 3.2972 3.3094 3.3397 3.3055 3.0678 3.1635 2.9390 3.1643 2.7932 3.0050 2.8690 3.1416 3.0055 3.3109 3.4185 3.5166 3.1321 
6.7720 5.9226 5.6686 5.3998 4.9478 4.8899 4.8587 4.7239 4.6018 4.6108 4.4872 4.3590 4.2311 4.3901 4.4264 4.1712 3.9976 4.0844 4.2992 4.1480 3.9222 3.9508 4.0164 4.0470 3.9552 3.9490 3.9349 3.8539 3.7535 3.9463 3.9436 3.5942 3.5194 
5.2283 6.8147 6.1575 5.8207 5.6297 5.4469 5.3900 5.2059 5.0596 4.9952 4.9233 4.8970 4.8528 4.8054 4.7709 4.6540 4.5841 4.5705 4.5929 4.5536 4.5123 4.4936 4.4464 4.4394 4.4123 4.4410 4.4700 4.4106 4.4402 4.3912 4.4371 4.5751 1.5473 
5.3122 6.3269 5.8560 5.5552 5.2949 5.1623 5.0737 4.9120 4.8467 4.7620 4.5830 4.6142 4.4962 4.3583 4.4591 4.4559 4.4603 4.3948 4.3420 4.0982 4.2015 4.2607 4.1201 4.1901 4.1477 4.1198 4.1883 4.1276 4.0531 4.1217 4.0833 4.0762 1.7874 
6.0734 6.0131 4.9786 4.4745 4.1751 4.3814 4.1946 4.0175 3.8514 3.7413 3.5716 3.6459 3.4421 3.4852 3.5562 3.3311 3.4088 3.2621 3.4243 3.2992 3.1439 3.2957 3.1165 3.1682 3.1722 3.2861 3.3214 3.3464 2.9669 3.0413 3.2614 3.8456 2.8683 
5.0727 5.6724 3.6429 4.4501 4.2344 4.0992 4.1567 4.0413 3.4204 3.6493 3.4693 3.5242 3.6416 3.4002 3.5185 3.3979 3.4195 3.3387 3.3848 3.1854 3.3549 3.1642 2.9978 3.0842 2.7852 3.3098 3.3038 3.0630 3.0149 3.0236 1.8788 3.4822 1.6564 
6.3857 6.2918 5.5823 5.2268 4.8937 4.7856 4.6171 4.4906 4.4398 4.3805 4.2841 4.1973 4.1515 4.0631 3.9776 3.9865 4.0185 3.9199 3.8532 3.8684 3.8693 3.8359 3.8234 3.8298 3.8126 3.7392 3.7585 3.7491 3.6643 3.8268 3.8613 4.0554 3.2434 
6.0037 5.5387 4.5539 4.4070 4.5501 3.9548 4.0337 3.7274 3.8744 3.6869 3.4897 3.5547 3.5874 3.3515 3.2531 3.3936 3.0118 3.3344 3.0710 3.1072 3.3212 3.1984 3.0085 3.1159 3.2171 2.9367 3.1459 2.9088 3.3574 2.9583 2.8655 3.3100 2.8208 
6.0053 5.9405 5.4184 5.0698 4.9339 4.7561 4.4869 4.4239 4.2863 4.2622 4.1501 4.0689 3.9504 3.8690 3.9682 3.9932 3.8167 3.9257 3.8454 3.6266 3.6449 3.7119 3.6927 3.6888 3.5939 3.6453 3.5843 3.7192 3.7358 3.6442 3.6744 3.6972 2.8059 
5.4566 5.9152 5.3671 5.0135 4.9600 4.8033 4.3526 4.4443 4.3474 4.3473 4.2378 4.1728 4.0161 3.9912 4.0946 3.9751 3.8806 3.9095 3.9577 3.8048 3.7332 3.8216 3.7845 3.7854 3.6586 3.6744 3.4333 3.7641 3.7723 3.5709 3.5731 3.6532 1.9439 
6.4181 6.1658 5.5354 5.3131 4.8878 4.6934 4.6420 4.5687 4.5094 4.3832 4.3339 4.2906 4.2490 4.0341 4.0486 4.0492 4.0147 3.9886 3.9206 3.8395 3.9331 3.8917 3.8505 3.8330 3.8676 3.8401 3.7850 3.6577 3.6526 3.8744 3.8271 3.9308 3.1139 
5.4699 5.8203 4.6128 4.3297 3.9395 3.9281 3.8183 3.9154 3.4270 3.6261 3.5589 3.5273 3.2870 3.5252 3.2752 3.5174 3.2732 3.4501 3.0884 3.3372 2.9500 3.1625 3.0995 3.0592 2.8077 3.1380 2.8949 2.8943 2.7696 2.8881 2.9222 3.5625 2.4425 
6.3719 6.0450 5.0240 4.3413 3.6139 3.3766 3.0184 2.3412 2.8156 2.7190 0.7738 1.6307 3.0439 2.6270 1.6071 2.7762 2.2918 2.6673 1.4134 2.3947 2.7904 1.2279 0.3684 2.1128 2.1723 1.5253 2.1064 2.3612 2.4082 2.8573 3.3011 3.8353 3.2229 
5.4947 6.4920 5.6731 5.2754 5.0386 4.9066 4.7399 4.5336 4.4102 4.3459 4.3557 4.1949 4.1884 4.0376 4.1769 4.1881 4.0335 4.1008 4.0255 3.8447 3.8932 3.8350 3.8741 3.7840 3.7632 3.7984 3.8556 3.8699 3.8517 3.8539 3.9431 4.2900 2.2572 
6.1692 5.7630 4.8695 4.2598 4.5554 4.0348 3.1858 3.2458 3.0141 3.1405 3.6904 2.9478 4.0835 3.5536 3.2505 3.0859 2.4224 3.0086 3.0546 3.3524 3.8269 2.5414 3.2429 2.5915 2.3530 2.4605 2.3009 2.9840 3.3627 2.8598 3.1379 3.5074 3.0335 
4.9967 5.6348 5.1149 4.5896 4.6572 4.4882 4.0742 4.1718 4.2284 3.9587 3.4268 3.8192 3.7693 3.5622 3.7077 3.5840 3.6653 3.5161 3.5338 3.3643 3.4410 3.4071 2.9536 3.4022 3.5423 3.4053 3.2031 3.4487 3.4492 3.1698 3.3853 3.4151 1.3052 
6.1070 6.0525 5.4740 4.9576 4.7993 4.6884 4.5372 4.4768 4.3744 4.0367 4.2528 3.9975 3.8589 3.6998 3.7985 3.9358 4.0277 3.8751 3.6120 3.4643 3.5246 3.6087 3.8009 3.4777 3.7044 3.7204 3.6458 3.6538 3.5527 3.5186 3.7451 3.8408 2.8523 
4.8720 5.4977 3.9368 2.5136 2.8812 2.9617 2.8234 3.0585 2.9539 3.2738 2.3576 2.6599 1.4463 2.9059 3.1050 2.6539 2.3675 2.5586 2.9588 2.7004 1.1308 2.2928 1.8687 2.6980 2.3191 2.3118 1.9227 1.9253 1.6716 1.2404 2.1088 3.3158 1.6634 
6.2979 6.2755 5.2165 4.6479 4.3917 4.3024 4.3364 4.0915 3.7094 3.8220 3.8513 3.6989 3.7515 3.4660 3.7580 3.7975 3.5120 3.7003 3.5814 3.2746 3.4297 3.3311 3.3698 3.2591 3.0270 3.3469 3.4116 3.2684 3.1820 3.2445 3.4790 4.0342 3.1751 
6.5492 6.6621 6.0570 5.6914 5.5021 5.3950 5.1545 5.0643 4.9853 4.9226 4.8705 4.7508 4.7518 4.6566 4.6318 4.5974 4.5659 4.5339 4.4915 4.4429 4.4418 4.3756 4.3891 4.3715 4.3526 4.3342 4.2963 4.3585 4.3283 4.2967 4.3537 4.4479 3.3325 
6.1922 6.1899 5.4449 5.2420 4.9631 4.7430 4.8532 4.6156 4.5048 4.4403 4.3722 4.2164 4.0342 4.0963 4.2050 4.0431 3.9914 3.9789 4.0410 3.8939 3.7590 3.8468 3.8922 3.8866 3.8649 3.8718 3.9290 3.7114 3.7773 3.8364 3.7154 3.9635 2.9809 
5.2579 5.9863 5.2717 4.9921 4.8004 4.5322 4.5008 4.4127 4.3452 4.1902 4.1243 4.1102 4.2200 4.0974 3.9404 3.9417 3.8835 3.8794 3.8228 3.8937 3.9146 3.7590 3.6653 3.6211 3.6551 3.6298 3.6023 3.4969 3.5525 3.5524 3.5224 3.7883 1.9910 
5.6800 6.3883 5.4665 5.0738 4.9486 4.7608 4.6550 4.3991 4.4202 4.3614 4.2973 4.0777 4.0585 3.9453 3.9843 3.9513 4.0349 3.8893 3.8579 3.7375 3.8071 3.7197 3.8301 3.8112 3.7802 3.6121 3.7991 3.7226 3.7574 3.6476 3.7491 4.1295 2.4924 
6.2566 6.2145 5.5207 5.1712 4.9603 4.8856 4.6459 4.5949 4.4619 4.4438 4.3465 4.1915 4.2494 4.0390 3.9567 4.0905 4.0863 4.0261 3.8368 3.8461 3.9336 3.8323 3.8647 3.8894 3.8307 3.8577 3.7915 3.8489 3.7765 3.7808 3.8198 3.9843 3.0329 
6.0484 6.7145 6.0836 5.7373 5.5421 5.4033 5.2689 5.1340 5.0715 4.9409 4.9035 4.7903 4.7323 4.6476 4.6909 4.6969 4.5840 4.6105 4.5402 4.4363 4.4289 4.3991 4.4248 4.3884 4.4221 4.3913 4.3822 4.3677 4.3603 4.3422 4.3730 4.5004 2.8010 
6.3482 6.8147 6.2670 5.9542 5.5757 5.3833 5.3561 5.2798 5.2550 5.1286 5.0712 4.9147 4.9419 4.4257 4.6717 4.8057 4.5845 4.7105 4.5273 4.1943 4.6211 4.5153 4.5902 4.5656 4.5708 4.4959 4.4365 4.3481 4.3842 4.5105 4.5301 4.5676 3.0711 
6.7999 7.0882 6.4114 6.0956 5.8677 5.5880 5.5031 5.4127 5.2603 5.1587 5.0900 5.0625 4.9525 5.0135 4.9351 4.8968 4.8819 4.8369 4.8017 4.8196 4.6379 4.6800 4.6269 4.5928 4.5749 4.6116 4.5962 4.5515 4.6160 4.6677 4.6380 4.8863 3.5731 
6.5277 6.7162 6.1085 5.7902 5.5651 5.4259 5.3153 5.2345 5.0826 4.9879 4.9408 4.8318 4.8772 4.7995 4.7410 4.6988 4.5470 4.6118 4.5676 4.5495 4.5473 4.4248 4.4649 4.4325 4.4402 4.4620 4.4114 4.3889 4.3796 4.3725 4.3934 4.4945 3.3176 
5.2853 6.9767 6.3980 6.0105 5.7968 5.5935 5.4844 5.4103 5.3154 5.1550 5.0820 5.0383 5.0034 4.9407 4.9025 4.8872 4.8453 4.8195 4.7492 4.7134 4.7053 4.6515 4.6146 4.5887 4.6231 4.6083 4.5727 4.5567 4.5622 4.5654 4.6198 4.7557 1.4484 
5.4499 6.7883 6.0843 5.7385 5.5188 5.4109 5.1794 5.0549 4.9948 4.9308 4.8169 4.7520 4.6396 4.7291 4.6248 4.6146 4.5237 4.5491 4.4855 4.4967 4.3684 4.3756 4.3498 4.3787 4.3599 4.3226 4.3251 4.3737 4.3418 4.3419 4.3708 4.5581 1.9386 
5.5259 6.2439 5.5239 5.2612 4.8972 4.6455 4.6371 4.5581 4.5076 4.3768 4.2618 4.2688 4.2984 4.2332 3.9772 4.0120 3.9465 3.9425 3.8527 3.9935 3.9682 3.8786 3.8099 3.8282 3.8657 3.8282 3.7810 3.6122 3.6700 3.8464 3.8235 4.0347 2.3940 
6.2636 6.2203 5.3531 4.8556 4.8469 4.5750 4.6146 4.2974 4.2282 4.1908 4.0349 3.9274 3.8667 3.9486 3.9218 3.7872 3.7755 3.6914 3.8028 3.7430 3.5341 3.5265 3.5558 3.6211 3.5430 3.4971 3.7524 3.5393 3.5917 3.3960 3.5579 4.0086 3.1356 
4.6531 3.0638 3.9790 3.8508 3.8845 2.7509 2.7942 2.3596 3.4435 3.1285 3.0037 2.9542 2.8833 3.1400 3.1386 2.2387 2.6517 2.1238 2.9841 2.9170 2.5772 2.5666 2.5359 2.5664 2.8109 1.5701 1.8699 1.7546 2.6769 2.4171 2.3054 0.4030 1.3160 
6.2368 6.0197 5.2822 4.9343 4.5574 4.2892 4.0645 3.7969 3.7836 3.7911 3.8222 3.8099 3.4590 3.2798 3.5491 3.4706 3.3377 3.4029 3.4177 3.0087 3.1624 3.3966 3.3391 3.2167 3.0864 2.9900 3.1937 3.2508 3.3627 3.4872 3.5195 3.8283 3.0965 
6.6672 6.0118 4.9661 4.4563 3.9249 3.9278 4.0298 3.7936 3.3027 3.4393 3.6715 3.6881 3.2905 3.4573 2.9509 2.9032 2.7128 2.8417 2.8200 3.2617 2.9514 3.3220 3.2182 2.8857 2.6036 2.9885 3.1439 2.8945 2.7517 3.0089 3.2643 3.7829 3.4892 
6.4869 6.2777 5.5096 5.0705 4.8512 4.6997 4.4718 4.4582 4.3465 4.2301 4.1560 4.1316 4.0564 3.9870 3.9980 4.0201 3.7090 3.9489 3.8701 3.7969 3.8034 3.7847 3.6999 3.6578 3.6586 3.6943 3.5687 3.6618 3.6025 3.6410 3.8125 4.0291 3.3145 
6.6295 6.4389 5.5916 5.3335 5.0602 4.8858 4.5625 4.5236 4.4826 4.3823 4.3262 4.3354 4.2590 4.2139 4.1495 4.0371 4.0371 3.9678 4.0028 3.9798 3.9412 3.9215 3.8460 3.8329 3.8467 3.7873 3.6868 3.8490 3.8694 3.8895 3.8744 4.1715 3.4237 
6.4532 6.4949 5.8582 5.4958 5.1493 5.0362 4.8860 4.8694 4.8036 4.6616 4.5320 4.5499 4.3930 4.3762 4.3352 4.3001 4.0808 4.2047 4.1477 4.1260 4.0613 4.1689 4.0512 4.0946 4.1102 4.0570 3.9715 4.0002 3.9527 4.0505 4.0929 4.2813 3.2975 
6.4087 6.6500 6.0563 5.7004 5.4715 5.3895 5.2673 5.1029 5.0165 4.8903 4.8707 4.7943 4.7516 4.6925 4.6021 4.5462 4.4990 4.4754 4.4673 4.4689 4.4417 4.4017 4.3895 4.3412 4.3775 4.3698 4.3808 4.3544 4.2813 4.3089 4.3570 4.4441 3.1758 
3.9549 6.5105 5.7443 5.4341 5.0807 4.9812 4.9778 4.8448 4.7278 4.5915 4.5909 4.5039 4.3900 4.3244 4.3072 4.2073 4.1440 4.1183 4.1215 4.0508 4.0571 4.1134 4.1289 4.0378 4.0462 4.0358 4.0687 3.9461 3.8922 3.9888 4.0014 4.3239 0.1129 
6.0280 6.1848 5.6015 5.2724 4.9854 4.9021 4.5000 4.5193 4.5227 4.4834 4.3666 4.2974 4.2558 4.2304 4.0208 4.0778 4.0312 4.0146 3.8872 3.9919 3.9391 3.8956 3.8867 3.9264 3.8797 3.7805 3.6025 3.8642 3.8120 3.8510 3.8922 3.9839 2.9006 
5.7186 5.2707 4.9907 4.4930 4.3860 4.2961 4.2477 4.0357 3.9177 3.9623 3.8516 3.7376 3.6584 3.5902 3.5620 3.4278 3.3152 3.3646 3.4268 3.3846 3.3664 3.3531 3.3714 3.4061 3.2898 3.3060 3.3532 3.2649 3.1732 3.0627 3.3002 3.0366 2.5102 
6.1998 5.8896 4.7222 4.4891 3.8284 3.7120 3.2519 2.7876 2.4712 2.1362 2.5136 2.8578 2.0067 2.3836 2.6493 2.3391 0.7501 2.2907 2.4808 2.1801 1.7477 2.4588 2.0418 1.5731 1.8271 1.9717 2.3302 2.6583 2.5566 3.0392 2.9542 3.6058 3.0408 
4.7347 6.3069 5.6983 5.2958 5.1648 5.0150 4.8869 4.7792 4.5721 4.4602 4.4847 4.3769 4.3656 4.2434 4.2934 4.1492 4.0896 4.0653 4.1093 4.0025 4.0355 3.9727 4.0138 3.9047 3.9307 3.9874 3.9701 3.9777 3.9613 3.8644 3.9638 4.0579 0.2018 
6.2290 6.0908 5.5089 5.1858 4.9214 4.8106 4.3966 4.4360 4.3429 4.0873 4.1018 4.0822 4.0360 4.0188 4.0517 3.8813 3.8687 3.8254 3.9232 3.8288 3.7629 3.7268 3.6420 3.5250 3.6523 3.6631 3.4858 3.7736 3.7106 3.7945 3.8028 3.8684 2.9756 
5.4374 5.9536 5.1070 4.5615 4.5934 4.0516 4.2168 4.0638 3.8963 3.9804 4.0424 3.8299 3.5239 3.5086 3.5467 3.4299 2.7387 3.3672 3.4155 3.3159 3.2622 3.4189 3.5730 3.4230 3.2510 3.3297 3.3344 3.0091 3.4002 3.1325 3.3766 3.7346 2.4202 
5.8951 5.9106 5.0672 4.4357 3.7967 3.6312 4.1609 3.5402 3.4152 3.3400 3.3450 2.8593 2.8665 3.2938 3.3887 3.0061 2.9552 2.9428 3.2613 3.0165 2.5392 2.4685 2.8633 2.7863 2.7825 2.8047 3.2992 2.5755 2.5191 2.9752 3.3313 3.6545 2.8112 
5.6779 5.4319 5.3793 4.9043 4.6374 4.2780 4.3002 4.0151 4.0598 4.0011 3.8947 3.9586 3.9130 3.9755 3.8121 3.6448 3.7621 3.5599 3.6219 3.7817 3.5982 3.5632 3.4201 3.4442 3.4187 3.2807 3.3888 3.2420 3.4372 3.4612 3.6229 3.2665 2.4517 
6.6096 6.0292 4.9248 4.3884 4.1682 4.0875 3.9254 3.1757 3.7031 3.4364 3.4556 3.4899 3.4407 3.2967 3.4255 3.5736 3.0791 3.5080 3.3084 3.0269 3.1369 3.1079 2.9855 2.8794 3.0193 2.4039 3.0097 3.0518 2.9648 2.9460 3.1792 3.8290 3.4321 
6.1815 6.0202 4.7934 4.3205 4.0659 3.3319 3.2970 2.4689 2.8400 3.1379 2.8263 2.8370 2.9203 2.9339 2.5963 2.5219 1.7164 2.4524 2.4449 2.7304 2.6320 2.4482 2.3431 2.5764 2.2449 1.6096 2.3390 2.2187 2.8756 2.8334 3.0125 3.8170 3.0893 
6.4958 6.5031 5.4964 4.9667 4.5612 4.5080 4.1925 4.0299 4.2814 3.9690 3.9449 3.8837 3.7265 3.8411 3.6356 3.4452 3.4997 3.3815 3.4833 3.5814 3.4107 3.4844 3.4729 3.4092 3.5896 3.2985 3.3203 3.4655 3.3748 3.5204 3.7684 4.2909 3.3532 
6.0066 6.2128 5.6486 5.1660 4.9665 4.9116 4.5179 4.5747 4.4223 4.3789 4.3004 4.2637 4.0429 4.0898 4.0397 3.9669 4.0395 3.9028 3.9072 3.8885 3.7803 3.8754 3.8321 3.8290 3.7828 3.8448 3.6221 3.8742 3.7859 3.7669 3.9262 3.9869 2.7677 
4.8869 5.2817 4.5647 3.9021 4.0305 3.4087 2.9152 2.9848 3.1243 3.2224 2.9427 3.1961 3.2393 3.1410 2.8417 2.8440 3.1742 2.7899 2.7064 2.9158 2.9160 2.8271 2.4661 2.6662 2.4564 2.2823 2.0043 2.3606 2.8281 2.4733 2.8710 3.0282 1.9554 
6.1763 5.1440 5.2437 4.8845 4.6312 4.3929 4.2792 4.1114 3.7748 3.7426 3.8337 3.9038 3.9326 3.3874 3.7641 3.7047 3.6913 3.6146 3.5816 3.1605 3.6224 3.5091 3.3513 3.1699 3.0805 3.3639 3.3726 3.3553 3.4283 3.4263 3.4776 2.9413 2.8889 
6.0433 6.3362 5.8002 5.4581 5.2264 5.1214 5.0329 4.8799 4.7574 4.6339 4.5589 4.5429 4.4972 4.3610 4.4415 4.3368 4.3636 4.2427 4.3238 4.1022 4.2031 4.1608 4.0872 4.0677 4.0703 4.0717 4.1372 4.0867 4.0116 4.0193 4.0417 4.0752 2.7882 
6.5812 6.0357 5.2569 4.9973 4.8325 4.8595 4.4314 4.3697 4.3702 4.3356 4.2326 4.1166 4.0830 3.9806 3.9025 3.9558 3.8728 3.8923 3.7725 3.7893 3.8247 3.7668 3.7796 3.7643 3.6988 3.5700 3.5219 3.8249 3.5840 3.5633 3.5253 3.8170 3.4113 
1.7258 6.5265 5.9523 5.5356 5.4358 5.1835 5.0324 4.9096 4.8917 4.8273 4.7129 4.6814 4.5383 4.4574 4.3865 4.4262 4.4019 4.3680 4.2348 4.2469 4.2563 4.3346 4.2574 4.2521 4.2202 4.1161 4.1346 4.1450 4.2221 4.0953 4.1989 4.3352 1.8667 
5.6340 6.4376 5.5737 5.3165 5.1111 4.9749 4.7532 4.5654 4.5754 4.5313 4.4289 4.3458 4.3159 4.2573 4.2079 4.3245 4.0551 4.2271 4.0427 4.0117 3.9808 3.9336 3.9530 3.9716 3.9331 3.8364 3.8636 3.9376 3.9183 3.8780 3.8579 4.1924 2.3241 
