6.2108 6.6349 6.0200 5.5408 6.0459 5.6024 5.4794 5.6850 5.1568 4.6529 5.4270 5.1787 4.4824 3.4171 4.1601 4.4959 4.0211 4.4315 4.0063 3.2278 4.1179 4.7472 4.9239 4.0395 4.4436 4.8295 4.4702 4.4454 4.6622 3.9001 4.0591 4.0972 2.2920 
6.0401 6.1475 6.4205 5.4860 5.9952 4.0213 5.6818 5.8497 5.7479 5.4604 4.6438 4.4558 3.7085 3.5503 4.5564 3.9041 3.3017 3.8415 4.4222 3.3194 3.3473 4.0003 4.1232 4.8181 5.0337 5.0241 4.6683 2.8035 4.6346 3.8786 4.5207 3.5881 2.6785 
4.1696 6.1140 6.2910 6.6719 3.8526 5.3253 5.5505 5.8813 5.6812 5.2990 5.1101 5.2585 5.2646 5.0269 4.9872 3.9332 3.4359 3.8637 4.7843 4.7486 4.9803 4.8601 4.5844 4.6584 4.9784 5.0494 4.5154 4.1671 2.6004 5.0562 4.4067 3.6071 0.7328 
5.9419 6.7204 6.2813 6.0286 5.4192 5.0434 5.0063 5.0927 5.5865 5.4946 4.9747 5.1246 4.3916 4.6294 4.5072 3.8882 3.7675 3.8263 4.3681 4.4141 4.0032 4.6850 4.4298 4.8508 4.8364 4.2419 3.9823 3.8759 4.0703 4.4374 4.3884 4.1808 1.8068 
4.6917 5.1047 6.2868 6.6004 5.7586 5.6348 5.9470 5.8357 4.5269 4.3053 4.5476 4.2661 4.9866 4.1136 4.1872 2.9085 2.9096 2.8276 4.0253 3.8839 4.6139 3.8541 4.0162 3.6721 3.8162 5.0128 4.9860 4.4863 4.4239 5.0179 4.4057 2.6685 1.4100 
6.0722 7.0053 6.6132 6.9290 5.8484 5.4158 5.9620 5.8986 5.3461 5.0148 5.7336 5.5703 4.7023 4.7326 3.9306 4.4069 4.6408 4.3189 3.8053 4.5006 4.4102 5.1102 5.2104 4.4006 4.6103 5.0577 4.9946 4.2584 4.4978 5.3310 4.6498 4.5348 1.9104 
6.0466 6.6232 6.2498 6.2564 6.3019 5.8150 4.8274 5.3455 4.6208 5.1082 3.3499 4.4832 4.6074 4.3473 4.6540 4.4432 4.3685 4.3726 4.5122 4.0598 4.2867 4.0484 2.8560 4.4878 3.9043 4.5013 3.8386 4.6598 4.9844 4.6542 4.3111 4.1080 2.2144 
6.5758 6.6121 6.6499 5.7393 5.8272 4.4851 5.5569 5.7539 5.5800 5.7907 5.5440 4.3678 4.9761 4.4721 4.5936 3.8590 4.4192 3.7851 4.4497 4.2086 4.5969 3.9201 5.0069 5.1660 4.8192 4.9268 4.5230 3.3013 4.4934 4.1530 4.6669 4.1104 2.9808 
6.3841 6.9713 6.9030 5.9268 5.7428 5.7132 4.3906 6.0329 5.5001 5.7940 5.4146 5.1338 4.9834 4.3292 3.7796 3.4859 4.7013 3.3966 3.5629 4.0470 4.6079 4.6831 4.9140 5.1677 4.7226 5.1598 3.3556 4.5561 4.4261 4.3712 4.9984 4.5134 2.7532 
4.8052 6.7070 5.9061 6.0427 5.8408 6.2034 5.8927 5.5567 5.3140 5.7279 5.4621 4.4143 4.6185 4.5651 4.8941 4.3361 4.9710 4.2362 4.6951 4.3440 4.3078 3.9503 4.9549 5.1064 4.5912 4.6464 4.9360 5.0463 4.5163 4.4475 3.9530 4.1801 2.0938 
4.4086 5.2361 5.8035 5.0802 5.5674 5.3036 4.1424 5.4120 4.4723 5.6761 3.6547 5.3689 5.0797 5.0879 5.0557 4.5246 5.0518 4.4589 4.8990 4.8449 4.7224 4.9796 3.1773 5.0584 3.7179 4.5479 3.2005 4.1391 4.1921 3.4805 3.8933 2.7622 1.0555 
5.7683 6.7072 6.3676 5.6426 5.1554 4.9949 4.4238 4.7570 5.6902 5.7871 5.4539 4.9760 3.8653 4.9950 4.2572 3.7658 2.8578 3.6664 4.0684 4.7015 3.4839 4.5189 4.9443 5.1629 4.9875 3.9112 3.4174 3.8281 3.8246 4.0191 4.4762 4.1425 0.4752 
5.4222 6.8389 4.8860 4.6093 5.6196 5.3428 5.7980 5.1550 5.7011 5.1909 4.2390 4.1558 4.4727 4.5117 4.5903 4.4605 4.3704 4.3946 4.4539 4.2783 4.1017 3.7628 3.7364 4.5652 4.9962 4.3203 4.8078 4.1784 4.2534 3.1175 2.8969 4.3599 1.2641 
4.1914 6.2414 6.5579 6.3505 5.8739 4.7016 5.0776 5.5939 5.4064 4.8158 3.9883 4.1455 3.5231 4.9914 5.1377 4.9930 3.0176 4.8997 5.0026 4.7006 3.2297 3.7367 3.4815 4.1723 4.6480 4.7012 4.0698 3.5560 4.5330 4.7511 4.6166 3.8206 0.7219 
5.2388 6.5907 6.4203 5.6845 5.4832 5.7089 4.5078 4.3807 4.0983 5.4548 4.4763 4.4656 5.2294 4.4687 4.5776 3.6683 3.3691 3.5609 4.4383 4.1967 4.9398 4.0220 3.9441 4.8182 3.3791 3.4806 3.4921 4.5486 4.1003 4.0667 4.5013 4.0971 1.5353 
5.1068 6.5155 6.6584 5.8624 6.3585 6.0329 5.4205 4.4225 4.1763 5.0685 5.6270 5.1761 5.2384 5.1355 4.4835 4.8580 4.9152 4.7551 4.3401 4.9093 4.9547 4.7417 5.0939 4.4540 3.4313 3.5207 4.4347 4.8690 5.0346 4.2641 4.6791 4.0459 2.0708 
6.8613 6.9097 6.3511 6.2008 6.0477 5.5637 5.6169 5.5717 5.3656 5.5890 5.7199 5.2792 3.8383 3.9793 4.2674 3.3883 4.4552 3.3214 4.0779 3.7533 3.4428 4.8799 5.1950 4.9784 4.6273 4.6627 4.5976 4.4095 4.6549 4.5904 4.4329 4.4418 3.2691 
6.2337 6.3820 6.0242 6.1084 6.2949 5.6062 4.0108 5.8169 5.5319 5.5643 5.1380 5.1577 4.9819 4.1813 4.6397 4.5431 3.6546 4.4735 4.4883 3.9402 4.6047 4.7221 4.6102 4.9325 4.7477 5.0013 2.9330 4.4358 4.9787 4.5034 4.0386 3.9255 2.7840 
4.4464 5.9135 6.1495 5.1586 5.0585 5.2713 5.7457 5.5069 5.3881 5.2218 5.6359 4.8719 3.2304 5.0507 3.9709 4.4145 4.1685 4.3280 3.8376 4.7879 2.8454 4.4420 5.1021 4.6030 4.6429 4.6183 4.7403 4.1271 3.7146 3.5528 4.1888 3.4253 1.6138 
5.5631 5.6142 6.4296 4.2154 5.8675 5.7666 3.1753 4.0488 4.7147 5.2401 5.3170 5.5672 4.4941 5.0440 4.0076 4.1025 2.7825 4.0288 3.8662 4.7776 4.1351 5.1060 4.8083 4.6295 3.9913 3.2316 2.1836 4.6092 4.5366 2.6144 4.5165 3.1956 1.9746 
5.6523 5.5812 6.1926 6.5478 6.4740 5.4401 5.1717 4.6056 4.8963 3.2278 4.1455 5.2872 5.4071 5.0585 5.1051 5.0067 4.6410 4.9245 4.9763 4.8009 5.0713 4.8985 3.6384 2.6307 4.1329 3.7908 4.1568 4.3153 5.1256 4.9993 4.2351 3.1942 2.2393 
4.2236 5.9535 5.0981 6.1512 6.0119 5.5804 4.6433 5.5715 4.4629 5.3847 5.4269 4.4101 5.0280 3.9738 4.4567 3.9787 2.1755 3.9065 4.2861 3.7263 4.6574 3.9330 4.9168 4.7568 3.7540 4.6585 3.6872 4.4182 4.6452 4.5384 3.2183 3.4636 0.1845 
5.1386 4.8046 6.4911 6.4011 4.7235 4.4040 5.2999 5.7611 5.1241 5.7953 5.6038 5.2547 5.1321 4.8546 4.5136 4.7856 4.0054 4.6887 4.3825 4.5910 4.7911 4.8561 5.0661 5.1727 4.4112 4.9379 4.3513 3.2501 3.3592 4.8308 4.5724 2.1479 1.7793 
6.3068 7.0053 6.5823 6.1599 5.8109 5.3924 4.8718 5.5141 5.2946 5.8602 4.0346 4.3430 4.5047 5.5294 4.9541 4.4522 3.3042 4.3918 4.7410 5.2296 4.1644 3.8991 3.5032 5.2306 4.5748 4.6234 3.8707 4.2375 4.4865 4.5378 4.6190 4.5310 2.2218 
4.7696 6.3998 5.6094 6.1827 5.8064 5.0229 4.4796 5.3155 4.9966 5.6047 5.2205 4.8422 4.0887 5.0841 3.6666 3.2862 4.1706 3.1907 3.4851 4.8351 3.8039 4.4278 4.6878 4.9924 4.2306 4.4750 3.4905 3.8874 4.4714 4.5789 3.6287 3.9234 0.1369 
6.2443 6.5120 5.5289 6.4490 5.6052 5.6175 5.2966 5.2647 4.6188 4.7775 5.6560 4.7799 4.3803 4.3993 3.9348 3.9612 4.3013 3.8880 3.8066 4.1004 4.0019 4.3932 5.1251 4.1473 3.8985 4.4418 4.3362 4.4672 4.2344 4.8909 3.4852 4.0051 2.5351 
4.6367 5.4767 5.9793 5.9420 5.2010 5.5219 5.4604 4.4311 5.0454 5.1627 4.7585 3.9817 5.3781 4.0974 4.4727 2.7182 3.1163 2.6143 4.3156 3.8716 5.0546 3.5531 4.2503 4.5378 4.3126 3.5092 4.4586 4.3642 3.8820 4.3884 4.0491 2.9568 1.0156 
5.6022 6.0671 5.8312 5.5685 5.6045 5.8200 6.1789 5.7341 5.1908 5.6117 5.0739 4.9402 4.9790 3.8542 4.5515 4.5753 3.2558 4.5019 4.4205 3.5835 4.6020 4.4916 4.5417 4.9979 4.4669 4.8926 5.1560 4.6677 4.2561 3.9481 3.9222 3.5499 2.2430 
5.5030 5.5378 5.0913 6.1629 5.3258 5.3458 5.4005 5.6188 4.8744 5.9415 5.4441 5.6843 5.0808 4.9238 5.0106 5.1392 4.3713 5.0673 4.8291 4.6420 4.7227 5.2380 4.9319 5.3078 4.0893 4.7296 4.4313 4.1862 3.9832 4.5443 3.2198 2.9665 1.7623 
4.0863 6.7756 5.8336 4.7548 5.4028 5.9868 5.6189 5.4606 3.8976 3.6953 4.3179 4.9889 5.2011 5.1027 4.3024 4.6743 3.9838 4.6031 4.1127 4.8606 4.8900 4.5332 3.8093 3.0720 3.1704 4.5792 4.6048 4.8310 4.0479 3.2329 3.9002 4.2785 1.6796 
5.1734 6.6940 6.6540 6.4541 6.3898 5.9712 5.2834 4.8848 4.6782 4.8183 5.2547 5.2879 5.3272 4.6423 4.4276 4.5513 4.5348 4.4809 4.2352 4.4287 5.0174 4.8952 4.7418 4.1811 3.9511 4.0073 4.3045 4.8109 5.0644 4.8968 4.6808 4.1785 0.4969 
6.3704 6.6792 6.7595 6.2872 5.3822 5.8118 5.7770 5.5591 4.4653 5.4428 5.3745 5.5833 5.0716 5.0659 3.4019 4.0680 3.2833 3.9940 3.2709 4.8076 4.7138 5.1271 4.8653 4.8067 3.7631 4.6503 4.7751 4.6627 4.0115 4.6764 4.8073 4.1485 2.6699 
6.2230 5.9216 5.4233 6.6282 5.5756 5.3950 4.6551 4.6026 5.1325 5.6928 5.6950 4.7504 4.6443 4.7550 2.7582 3.5744 1.7967 3.4928 2.5959 4.5163 4.3414 4.3576 5.1672 5.0749 4.4247 3.7703 3.6753 4.2276 4.1720 5.0317 3.5182 3.4020 2.5248 
5.3059 6.6394 6.4239 5.7365 6.2290 5.7291 5.6541 5.4081 5.3902 5.0734 4.4206 2.5579 4.7002 5.3496 4.5543 4.7778 4.8956 4.6829 4.4198 5.1069 4.4116 2.0988 3.8924 4.4540 4.6427 4.5407 4.6442 4.5698 4.8942 4.1592 4.5097 4.1164 0.7164 
3.5244 6.4340 6.2464 6.1519 5.2445 5.5605 5.1817 5.2990 5.0971 5.1241 4.9374 4.5532 4.9809 4.5075 3.8141 4.2805 4.3094 4.1844 3.6077 4.2607 4.6038 4.1077 4.4167 4.5030 4.3954 4.4660 4.1866 4.3998 3.9186 4.5238 4.3314 3.9790 -0.3323 
3.9140 6.8412 5.8724 5.7283 5.8629 5.5884 5.0878 5.5208 5.3145 5.1791 5.5831 5.6079 4.0444 4.3257 4.7619 3.9369 1.9586 3.8641 4.5982 4.0515 3.7164 5.1565 5.0489 4.5552 4.5927 4.6268 4.0648 4.4353 4.5365 4.1163 3.9115 4.3843 2.1739 
6.9776 7.0761 6.7703 6.3434 3.4735 5.1347 5.1463 5.8645 5.5666 5.5656 4.3928 5.1442 4.8765 4.8209 4.7373 4.6671 4.8037 4.6027 4.5826 4.5635 4.5236 4.7000 3.8568 4.9327 4.7946 5.0362 4.1525 3.9720 1.9710 4.7374 4.8159 4.5935 3.3662 
5.9704 6.6378 6.6944 4.8426 5.3164 4.9922 3.9808 6.2157 5.7686 5.0084 5.2717 5.7113 5.0164 5.4448 4.8628 5.0742 4.1445 5.0086 4.6647 5.1785 4.6420 5.2711 4.7620 4.3883 5.0479 5.3446 3.0452 3.8202 3.9958 3.2625 4.7322 4.0798 1.6301 
5.0474 6.0063 5.7747 5.5991 5.6805 5.7383 4.8526 5.0540 5.1653 4.8779 5.6967 5.6114 5.1176 4.8394 4.9956 4.4485 1.5924 4.3824 4.8007 4.5755 4.7759 5.1635 5.1704 4.2544 4.4547 4.1791 3.8662 4.5797 4.3541 3.9727 3.8749 3.4607 -0.6948 
6.1798 6.5911 6.7445 6.5189 6.6148 6.1006 5.0413 5.2562 5.6410 4.6983 5.3980 5.0037 3.6327 4.8642 4.8118 4.7624 4.7962 4.6686 4.6391 4.5987 3.3107 4.5464 4.8894 4.0762 4.9178 4.4394 4.0108 4.9363 5.2326 4.9679 4.7840 4.0949 2.3381 
5.2782 6.4103 6.0125 5.6896 5.7195 5.0571 5.4537 5.8072 4.5437 5.0807 4.4077 4.3909 4.6847 5.0355 4.8232 4.4541 4.2948 4.3893 4.6476 4.7592 4.4062 3.9350 3.8656 4.4617 3.8290 4.9924 4.4606 3.9217 4.4096 4.0751 4.0679 3.9373 2.2143 
5.6314 5.0538 5.8080 5.3440 5.5004 5.7334 5.0771 5.4774 4.4833 4.4131 5.0693 5.0385 4.8788 4.1226 4.5258 4.0569 2.7697 3.9733 4.3973 3.8965 4.5257 4.5949 4.5370 3.7963 3.7499 4.5909 4.0654 4.5788 4.1118 3.7710 3.9044 2.5573 2.0841 
6.1556 6.2746 5.4273 3.3404 5.7191 5.1095 4.1997 5.4646 5.1491 4.8635 4.9680 5.0637 4.4421 4.0573 3.9907 3.7630 3.3455 3.6595 3.8464 3.8387 4.0691 4.6241 4.4327 4.2214 4.4323 4.5873 3.2433 3.9526 4.4077 1.7424 3.4486 3.7986 2.3163 
6.6168 6.9529 6.7755 6.6790 6.3343 6.3504 5.8752 5.9352 5.6556 5.7531 6.2218 5.3726 4.9894 4.8631 4.9533 4.8325 4.6309 4.7326 4.7414 4.5991 4.6099 4.9765 5.6896 5.1340 4.9555 5.0829 4.9185 5.1987 5.0115 5.0634 4.8297 4.4765 2.9792 
5.5657 6.0345 5.9599 5.9701 5.8706 4.9807 5.2425 3.9374 5.4192 4.9701 5.2252 4.7482 4.9046 3.5392 4.2999 4.3613 4.5139 4.2539 4.1001 3.3108 4.5409 4.3679 4.6941 4.3261 4.6566 3.1190 4.2701 3.8098 4.5434 4.4051 4.0240 3.5421 1.8579 
5.8191 5.3166 5.7916 6.2462 5.7728 5.6537 5.5909 5.7065 4.6380 5.0419 4.8677 4.7067 4.1019 4.4347 3.6008 4.0664 3.6757 3.9942 3.4325 4.1499 3.8247 4.3127 4.3639 4.4287 3.9055 4.8569 4.5705 4.5030 4.4466 4.6437 3.8570 2.7328 2.1646 
5.5802 6.3930 5.9819 6.2911 5.8734 5.6125 5.5950 5.4074 5.0191 4.7690 5.2831 4.8925 3.9908 4.8967 3.7231 4.3283 4.5396 4.2226 3.5277 4.6203 3.6585 4.4576 4.7732 4.1292 4.2713 4.5443 4.5697 4.4521 4.5390 4.6840 4.0325 3.9349 1.5175 
6.2088 6.1476 5.6054 5.8045 5.7691 5.7369 5.3897 4.9721 5.8497 5.8878 5.2620 4.8369 3.8542 4.8565 4.4111 3.9739 3.9986 3.8976 4.2106 4.5924 3.4884 4.4263 4.7445 5.2543 5.1299 4.0636 4.4231 4.5795 4.4440 4.2216 3.6921 3.5912 2.6597 
5.6654 5.3905 5.8039 5.8348 5.9392 6.2082 6.1554 5.7976 3.7726 4.3356 5.2277 5.4530 4.3523 3.9888 3.4640 3.4563 4.4056 3.3809 3.3072 3.7777 3.9792 5.0280 4.7038 3.7191 2.9419 4.9779 5.1254 5.0549 4.5899 4.2823 3.8931 2.9107 1.9841 
4.3501 6.3769 6.2860 5.6370 5.5456 5.4827 5.1281 5.4375 4.6382 5.6363 5.1689 4.6444 4.8383 4.7893 4.6176 4.6038 4.0116 4.5276 4.4730 4.5380 4.5052 4.2306 4.6412 5.0205 3.9124 4.5639 4.1206 4.3253 4.1473 4.0251 4.3956 3.9099 1.6281 
5.2513 5.9048 5.6135 5.7561 5.6163 4.5000 5.2119 4.9892 5.5424 5.1365 5.2200 4.9919 5.0459 5.4821 4.3638 4.1745 3.2878 4.0770 4.1503 5.2051 4.6853 4.5367 4.6882 4.5129 4.7589 4.0829 4.2310 3.3372 4.2457 4.1773 3.6712 3.3890 1.5289 
6.6210 7.2723 6.8530 6.4596 5.1811 5.9949 5.8315 4.7798 5.6918 5.6913 5.5169 3.8518 4.8592 5.0169 5.0657 4.8378 5.0828 4.7364 4.9159 4.7413 4.5103 3.4048 4.9900 5.0732 4.9882 3.9409 4.8631 4.8437 3.8306 4.9026 4.9451 4.7430 2.8715 
5.7906 6.4937 6.2655 6.5302 5.8124 5.3232 5.6745 5.0162 5.5559 5.4568 5.6800 5.2326 5.0976 4.5109 4.2119 3.3447 2.9046 3.2876 4.0407 4.2679 4.7470 4.8218 5.1525 4.8137 4.7846 4.1243 4.6519 4.1917 4.4718 4.9817 4.3611 4.0223 1.9945 
6.6034 6.8077 5.8911 6.4037 6.4579 4.4040 4.7630 4.3212 4.6584 5.0071 5.3211 4.8561 4.3008 4.4714 3.7217 2.1310 3.3086 2.0660 3.5190 4.2097 3.9456 4.4383 4.8061 4.3978 3.9371 3.4464 3.8088 3.1691 5.1186 4.8414 3.9785 4.3187 2.9028 
6.1639 6.1222 6.0354 6.7497 5.0529 4.8948 5.1787 4.9030 5.0242 4.7380 5.1394 4.2460 4.8338 4.7753 4.4320 3.9240 2.1162 3.8582 4.2445 4.5290 4.4982 3.8313 4.6141 4.1053 4.2804 4.0297 4.1836 3.7247 3.6789 5.1297 4.1080 3.5816 2.5310 
6.2074 6.7262 6.3270 6.3580 5.3326 5.7870 5.4557 5.5269 4.7295 5.0170 4.4651 5.1434 4.4042 4.4214 4.5984 3.8345 4.4434 3.7433 4.4553 4.1300 4.0236 4.7055 3.9304 4.4030 4.0057 4.6267 4.4602 4.6325 3.9925 4.7604 4.4233 4.1836 2.2222 
4.4666 5.3867 6.4732 6.3119 5.9323 5.6625 6.1695 5.1371 4.6237 4.1504 5.3905 4.7424 4.2882 3.9711 4.4761 4.2127 3.9267 4.1151 4.3233 3.7539 3.9406 4.3489 4.8841 3.5143 3.9035 4.2822 5.1454 4.5099 4.5813 4.7071 4.5561 2.9449 0.7564 
5.1703 6.6045 5.0863 5.8804 5.3741 5.9469 5.8659 5.2125 5.3258 4.8786 5.4591 5.3312 4.8349 5.2967 4.6211 3.3958 3.6691 3.3297 4.4698 5.0676 4.5033 4.9395 4.9585 4.2341 4.5974 4.3928 4.9063 4.7916 4.0046 4.3082 3.0649 4.0709 1.2049 
5.6621 6.8409 6.3905 6.7771 6.6029 6.5002 6.4140 6.2571 5.6107 5.6728 5.5849 4.5695 5.0993 5.1807 5.0078 5.1475 5.1079 5.0747 4.8247 4.9735 4.7545 4.1181 5.0491 5.0535 4.8665 5.3964 5.4497 5.3441 5.2270 5.1663 4.4823 4.3913 2.4687 
5.7869 6.5538 6.3098 6.2858 4.9103 4.5887 5.1178 5.5860 5.4380 4.9969 5.4226 4.1314 4.6861 4.8810 4.6467 4.2204 3.2911 4.1227 4.4983 4.6111 4.4010 3.7210 4.9142 4.3826 4.6713 4.6868 4.1064 3.4516 3.4942 4.6752 4.4115 4.0625 2.1413 
6.5249 6.9709 6.1774 6.3736 6.4229 6.0150 5.7421 5.3593 5.0936 5.6791 5.7281 5.2672 5.0988 5.0180 4.4743 4.5415 4.0576 4.4686 4.3301 4.7306 4.7491 4.8628 5.2021 5.0637 4.3930 4.5023 4.7399 4.8594 5.0964 4.7994 4.1930 4.5105 2.7573 
5.2602 6.5481 6.0972 6.5886 6.4824 5.8517 5.6902 5.1269 5.1469 5.5516 4.5648 4.9174 5.1432 4.8708 3.6882 3.6367 3.9343 3.5242 3.5127 4.5997 4.8099 4.4753 4.0413 4.9058 4.4399 4.2812 4.6708 4.6853 5.1468 5.0107 4.1310 4.0426 0.0934 
4.0706 5.9205 5.8093 6.8180 6.3228 5.8207 5.8230 5.8029 4.9873 5.4113 5.2848 4.5539 4.7916 3.8112 3.7410 3.9179 3.9798 3.8524 3.5425 3.5047 4.4665 4.1184 4.7651 4.7784 4.2172 4.9863 4.8541 4.6538 5.0000 5.2206 3.8808 3.4332 1.6583 
5.7265 5.4810 6.0173 6.3890 5.2737 5.0083 4.5964 4.5283 4.8735 5.3622 4.8346 5.7264 5.3369 3.6982 4.4325 4.6763 4.7841 4.6055 4.2495 3.4255 5.0230 5.2881 4.3377 4.7266 4.1148 3.6755 3.5788 3.8614 3.9106 4.8239 4.0678 2.9923 2.2714 
4.4135 5.9312 6.3112 5.9622 5.2854 5.7036 4.3269 4.0034 5.3479 5.6131 5.7899 5.1126 4.7483 4.2889 4.3999 3.6984 4.3252 3.6025 4.1897 4.0264 4.4394 4.6594 5.2529 5.0012 4.6168 3.1609 3.2937 4.5483 3.9643 4.4037 4.4214 3.3938 1.6886 
6.0048 6.4269 6.6673 5.2692 5.0448 5.4613 5.0384 5.4604 5.6687 5.8279 4.2475 5.1750 5.0071 5.0344 4.8727 4.7718 4.8150 4.6767 4.6749 4.7611 4.6370 4.7403 3.7646 5.2120 4.9694 4.5807 4.0272 4.3075 3.6985 3.6505 4.6902 3.9658 2.3270 
2.9879 5.9044 5.7837 6.1510 5.0875 5.0667 5.3485 4.8420 5.7734 5.4367 5.1507 5.1138 4.6749 4.9249 5.1007 4.6210 5.1107 4.5420 4.9710 4.6421 4.3932 4.6647 4.6286 4.7921 5.0545 3.9665 4.3950 3.9054 3.7286 4.5230 3.8934 3.3982 1.2075 
5.3512 5.3662 5.9745 5.6700 4.9786 5.2625 5.6465 4.5878 5.4641 5.2044 5.7510 5.1659 3.4615 3.8216 3.8072 3.3438 3.2544 3.2749 3.5972 3.5196 3.1360 4.7267 5.2230 4.5808 4.6966 3.7628 4.6355 4.1154 3.5588 4.0566 4.0557 2.8072 1.3226 
3.9405 6.2843 5.5577 5.9221 5.8116 5.7614 4.9853 5.7025 5.8182 5.5459 5.7233 5.4182 5.0203 4.5439 3.5134 4.0535 3.2619 3.9736 3.3765 4.3096 4.6488 5.0057 5.1996 4.9069 5.1017 4.8563 3.9482 4.6002 4.4877 4.3786 3.5550 3.8347 1.0993 
6.0943 6.8362 5.6253 4.1109 5.3759 5.4730 5.6079 5.3109 4.5465 4.9762 2.7275 5.2922 4.6129 4.4607 3.7413 3.3340 3.5752 3.2716 3.5317 4.1953 4.2853 4.9017 2.1915 4.3321 3.8456 4.4702 4.5899 4.3195 4.0256 2.5993 3.6313 4.3843 2.3554 
3.0482 5.4211 6.2467 5.6959 6.0815 5.7744 5.7917 5.3325 4.6429 5.6024 5.3837 5.5050 5.2745 4.6809 4.5373 4.1508 3.4264 4.0628 4.4039 4.4598 4.9845 5.0592 4.8814 4.9896 3.9106 4.4949 4.7984 4.6164 4.6988 4.0786 4.3381 2.8947 0.1831 
6.7045 6.8132 6.2042 5.1765 5.8515 5.9686 5.5573 5.9510 5.8154 5.7583 5.3413 5.0247 5.1128 4.3401 4.2994 4.4623 3.5336 4.4010 4.1052 4.0526 4.7692 4.5730 4.8295 5.1356 5.1004 5.0961 4.5259 4.8136 4.5237 3.5822 4.2524 4.3326 2.9300 
2.9953 6.8309 4.6351 6.0158 5.4654 5.2589 5.0504 5.7896 5.2619 5.7048 5.8727 4.8554 5.3802 4.4574 4.5421 4.7311 4.8127 4.6487 4.4083 4.1798 5.0556 4.4337 5.3575 5.0877 4.5347 4.9745 4.0314 4.1069 4.0808 4.4327 2.6413 4.3750 1.8649 
5.1111 6.7734 6.7776 6.2093 5.4569 4.5193 1.8807 4.8590 5.1154 5.8124 5.4619 5.3487 5.1848 5.0152 5.0121 4.7445 4.6946 4.6540 4.8296 4.7376 4.8671 4.9646 4.9510 5.1999 4.4164 3.9935 0.9401 3.3404 4.0795 4.5917 4.8378 4.3014 1.8958 
6.3186 6.5616 6.5812 6.5140 5.8144 5.5786 4.6406 5.2668 4.9553 4.3316 4.8595 5.2423 4.4522 4.9564 4.0662 4.1888 3.8595 4.0977 3.9133 4.6531 4.0705 4.8422 4.3587 3.6946 4.1703 4.4448 3.6492 4.4211 4.4859 4.9583 4.6402 4.0612 2.6459 
5.9643 6.8656 5.9143 6.4725 6.0537 6.3871 5.6169 5.1714 5.7650 5.0837 4.4677 4.4972 4.8833 4.2879 3.4902 4.1576 3.6146 4.0713 3.3696 4.0225 4.5321 4.0593 3.9311 4.4695 5.0480 4.3491 4.5946 5.2271 4.6613 4.9211 3.9841 4.3977 1.5831 
6.2504 6.9458 7.2403 6.9003 5.9205 5.3492 5.9228 5.8261 4.4837 5.6768 4.9980 5.6159 5.2906 4.2349 4.7133 3.5960 4.7749 3.5014 4.5612 3.9825 4.9944 5.1678 4.4601 5.0606 3.7825 5.0071 4.9720 4.1829 4.5585 5.2913 5.2646 4.4902 2.3659 
5.5432 6.2626 5.9842 6.3837 6.0526 5.6168 5.5577 5.7965 4.1545 5.0155 4.7106 4.4113 4.6407 4.4719 4.9018 4.9727 4.4004 4.8620 4.7036 4.2172 4.3299 3.9556 4.1938 4.4031 3.4170 4.9786 4.5273 4.4586 4.6683 4.8077 4.0400 3.8215 1.8529 
5.2400 4.0977 5.8292 6.1058 5.8116 6.2647 5.5987 5.7718 4.5621 5.4025 4.3515 3.2386 4.6455 3.9930 4.7349 4.1958 4.2509 4.1065 4.5756 3.7803 4.3505 2.7834 3.8219 4.7713 3.8487 4.9474 4.5716 5.1078 4.4960 4.4864 3.9324 1.7803 1.6778 
6.1750 6.3443 6.6984 5.9889 5.7634 5.4140 6.0028 5.2167 4.9495 5.2777 5.5687 4.9048 4.4228 4.3778 3.4903 3.2778 -0.6970 3.1991 3.3494 4.0746 4.0510 4.4651 5.0305 4.6524 4.1780 4.3983 5.0171 4.2629 4.4447 4.4075 4.7193 3.8910 2.3756 
5.0904 6.3230 6.7948 6.2751 6.3808 5.6088 4.2806 4.4734 5.3302 5.8048 5.6829 4.4964 4.7049 4.0942 4.4763 4.0036 4.4731 3.9406 4.3196 3.8760 4.4109 4.0469 5.1526 5.1882 4.5994 3.5980 3.3002 4.4438 5.0529 4.6599 4.8651 3.8854 1.6870 
5.8198 5.9124 5.7837 5.8877 6.1682 5.7783 5.6199 5.2859 4.6164 5.4402 4.9073 4.4438 4.5664 5.0427 4.5625 4.0855 4.2638 4.0179 4.4256 4.7785 4.2393 3.9828 4.3984 4.8034 3.9055 4.4577 4.6048 4.6169 4.7926 4.3453 3.8721 3.4089 1.8931 
6.5972 6.7390 5.7059 6.1933 4.8863 5.0167 5.2195 4.7862 5.3503 5.1795 4.0259 5.2432 5.0313 5.0438 5.1217 4.6313 3.8771 4.5481 4.9896 4.7796 4.6564 4.8413 3.4928 4.5591 4.6111 3.9302 4.2307 3.8704 3.5452 4.5744 3.8115 4.2212 2.9681 
5.9327 6.4269 5.8813 6.0945 5.9324 5.4117 5.3533 5.3696 5.4045 4.4608 5.5214 4.6310 4.3093 4.5833 4.4480 3.3143 2.1787 3.2531 4.2760 4.3687 3.9484 4.1990 4.9948 3.8687 4.6490 4.5271 4.3878 4.2710 4.5867 4.4705 4.0040 3.9137 1.6563 
5.3721 6.6871 6.4529 5.0307 4.9160 5.2558 4.5089 4.8862 5.2167 5.6284 3.6863 5.3878 5.2484 5.3477 4.5016 4.6593 3.8574 4.5941 4.3637 5.1052 4.9637 4.9878 3.1025 5.0104 4.4882 3.9918 3.5124 4.0853 3.5447 3.4762 4.5151 4.1400 0.3908 
6.5927 7.0417 6.9875 6.4581 6.3314 4.6310 4.6509 5.6223 5.5900 5.2474 5.0857 5.6649 5.0905 4.6751 4.3983 4.4404 4.8209 4.3710 4.1957 4.4556 4.7369 5.2226 4.5611 4.6292 4.8336 4.7435 3.6450 3.4470 5.0097 4.8957 5.0745 4.5783 2.7983 
5.5433 6.0192 5.6668 6.0672 4.8577 4.7612 5.5934 4.8208 5.7051 4.5768 5.0854 5.1294 4.7551 4.6095 3.3859 4.6311 4.0681 4.5526 3.2459 4.4002 4.4424 4.6877 4.5563 3.9461 4.9984 3.9496 4.5737 3.5955 3.4780 4.4631 3.7967 3.4867 1.6850 
4.4624 5.7305 5.8332 5.7565 5.1920 5.6406 4.9903 6.1414 5.5761 5.2463 6.0534 4.7233 4.7216 4.0630 4.6717 4.1033 3.0796 4.0298 4.5272 3.8503 4.4218 4.3170 5.5490 4.6325 4.8082 5.2320 3.9653 4.4880 3.8605 4.1716 3.9184 3.2708 0.6032 
5.6602 6.2980 6.5949 5.2437 5.2141 5.6053 5.6170 4.6965 4.9945 4.9994 5.1131 5.7349 5.3186 5.2308 4.4168 3.5107 3.9727 3.4405 4.2222 5.0181 5.0122 5.2988 4.5879 4.3860 4.2293 3.8646 4.5957 4.4538 3.8792 3.6410 4.6480 3.8281 1.4612 
5.0113 6.0244 6.2876 5.7426 5.7430 5.2547 3.7028 5.3323 5.0743 5.1717 5.3859 5.0250 5.2207 4.8782 3.2450 4.2519 3.4282 4.1515 3.0376 4.6067 4.9152 4.5700 4.8764 4.5517 4.3579 4.4917 2.7098 4.0906 4.4178 4.1710 4.3922 3.5212 1.6574 
5.7314 4.9924 6.6352 5.8366 5.4682 4.5896 4.9664 5.7278 4.2894 5.5586 3.9481 4.4026 4.3987 4.8328 4.5220 3.2194 4.2490 3.0941 4.3933 4.5735 4.0211 3.9413 3.4011 4.9213 3.5598 4.8916 3.9476 3.4151 4.0728 4.2896 4.6690 2.3290 2.4123 
5.5848 6.2308 5.9928 5.7459 6.2875 5.5013 4.2026 5.5321 5.5492 4.9924 4.9823 4.9782 4.8124 2.3343 4.8415 4.3744 3.4487 4.2655 4.6538 2.0723 4.4784 4.5143 4.4496 4.3815 4.7588 4.6366 3.1834 4.3282 4.9803 4.1537 4.0554 3.7732 1.7306 
3.6120 6.2731 6.2021 5.9111 4.9634 4.9971 5.7998 5.6292 5.3263 4.6123 5.4259 4.2041 4.1306 3.5197 4.3407 4.0399 4.0648 3.9651 4.1357 3.3031 3.8401 3.8133 4.9193 3.9855 4.5977 4.7443 4.8180 3.8344 3.5719 4.3525 4.2767 3.7928 1.6720 
5.7421 6.6020 6.7413 6.2754 5.2128 5.8278 4.7015 4.4479 4.9007 3.9742 5.4046 5.0298 4.8608 4.6465 4.6189 4.4215 1.2764 4.3355 4.4711 4.4306 4.5183 4.5772 4.9020 3.3573 4.1258 3.5644 3.7409 4.6702 3.8932 4.6549 4.7727 4.0942 2.5841 
6.1516 6.7571 6.9618 6.6246 5.8866 6.2693 6.1244 5.1579 4.8414 4.9739 5.6998 5.1067 5.2232 4.7915 4.8412 4.0395 3.9394 3.9550 4.6515 4.5389 4.9209 4.6540 5.1740 4.3486 4.0669 4.3243 5.0866 5.1174 4.5564 5.0251 5.0553 4.2785 2.3054 
6.7106 7.1762 6.7490 6.3899 6.2205 5.1398 5.3297 5.5126 5.3393 5.1682 5.4681 5.8225 5.0316 4.0678 4.1621 3.3715 3.3612 3.2950 4.0071 3.8476 4.6566 5.4218 4.9654 4.5419 4.6123 4.6178 4.3678 3.9746 4.8718 4.8137 4.7760 4.6560 2.8063 
6.3389 6.9104 6.5876 5.4999 6.3589 5.8885 5.6179 5.7770 5.2279 4.9892 4.6038 5.5046 4.6031 4.9252 3.5732 4.0992 4.0329 4.0272 3.4145 4.6409 4.2833 5.0594 4.0766 4.3658 4.5032 4.9631 4.6047 4.7285 5.0337 3.8681 4.6255 4.4424 2.2836 
6.0522 6.7762 6.2995 5.6193 5.6958 5.4081 5.5308 5.5633 5.6621 5.0720 5.1297 5.4782 4.8204 4.3710 4.6073 4.1509 3.6756 4.0663 4.4608 4.0741 4.4840 5.0442 4.6039 4.4538 4.9541 4.6542 4.5064 4.2355 4.3935 3.9883 4.3972 4.2948 2.2850 
5.1293 5.3453 6.2848 6.7522 5.9407 5.2852 5.2997 5.3353 4.9641 5.5933 5.6637 5.5628 4.7041 4.5578 4.9975 3.9684 4.4557 3.8901 4.8067 4.3375 4.4067 5.1042 5.1347 4.9841 4.1839 4.4932 4.3315 4.1176 4.5813 5.1304 4.4052 2.8234 0.3028 
