3.6961 2.7714 1.2676 1.7340 2.0301 0.9939 1.2705 0.4098 1.3208 1.2936 0.7188 0.9932 0.8920 0.3140 0.8781 0.5450 0.9525 0.4511 0.7423 0.1066 0.5695 0.6006 0.1911 0.6838 0.5919 -0.4027 0.2544 -0.1557 0.7329 0.1748 -0.7053 0.2657 0.1670 
1.3302 0.9753 0.8125 0.2228 1.0795 0.4963 0.0373 -1.1469 0.1579 0.4289 0.4231 0.2777 0.6790 0.6872 0.0710 0.0364 0.4901 -0.0688 -0.1276 0.3851 0.3112 -0.1447 -0.0916 -0.1767 -0.5706 -2.0138 -0.9683 -0.6529 -0.2480 -1.2862 -1.0762 -1.4533 -1.9924 
2.6184 2.4746 2.2095 1.9306 0.9500 1.7989 0.8962 0.5502 1.4771 1.5670 0.8065 0.7785 1.4358 1.4448 -0.6124 0.7770 0.6854 0.7162 -0.7725 1.2282 1.1106 0.3489 0.2790 0.9506 0.7731 -0.2794 -0.1073 0.6639 -0.3349 0.3462 0.3195 0.0200 -0.9148 
1.5092 1.4420 1.5806 1.0772 0.9500 1.0414 0.6054 1.0825 1.1371 0.7843 0.8655 1.1790 1.1228 0.7909 0.2478 0.8971 1.3389 0.8245 0.1210 0.5399 0.7922 0.7604 0.3525 0.1764 0.3882 0.2426 -0.3712 -0.0950 -0.3566 -0.4500 -0.2886 -0.9416 -2.0668 
4.7705 4.3644 3.8205 3.5531 3.3279 3.1072 2.9759 2.9611 2.8199 2.7580 2.6299 2.6565 2.5247 2.4154 2.2763 2.3760 2.2132 2.2708 2.0913 2.1179 2.1805 2.2520 2.1022 2.1367 2.0839 2.0782 1.9607 1.9693 2.0078 1.9540 1.9394 1.9168 1.2108 
3.7230 4.7040 4.1177 3.7237 3.5022 3.2928 3.2173 3.1262 3.0077 2.9744 2.7953 2.7559 2.6914 2.6484 2.5829 2.5073 2.3818 2.4433 2.4462 2.4346 2.4128 2.3746 2.2961 2.3451 2.2642 2.2968 2.2484 2.1603 2.1399 2.1564 2.1856 2.2770 0.0336 
4.6459 4.3057 3.6819 3.3049 2.9327 2.7788 2.7420 2.6219 2.2474 2.2808 2.1717 1.8927 2.2205 1.8865 1.8400 1.8366 2.0085 1.7317 1.6350 1.6100 1.9071 1.4509 1.6671 1.6550 1.5132 1.8144 1.8020 1.6435 1.5648 1.7698 1.8099 1.8706 1.0636 
3.6072 3.3671 2.8303 2.6820 2.4949 2.1613 1.9258 1.8948 1.9034 1.9147 1.7763 1.7006 0.7543 1.2818 0.4475 1.3712 0.5080 1.3062 0.2927 0.9860 0.3865 1.2985 1.2747 1.3087 1.1808 1.0184 0.9283 1.0188 1.1678 1.1330 0.9120 0.8894 -0.0434 
4.7184 3.7738 3.0791 2.8539 2.5336 2.4270 1.9704 2.3113 1.8671 1.8841 1.7865 2.0789 1.5755 1.7809 1.4181 1.3073 1.7407 1.2333 1.2887 1.5072 1.2890 1.6629 1.2794 1.2813 1.1193 1.4481 0.9679 1.2872 1.2269 1.2969 1.1658 1.2855 1.1329 
3.0684 2.8973 2.5751 1.9397 2.1689 1.9142 1.3727 1.0481 1.8160 1.4477 1.1507 0.2078 1.1273 1.0857 1.5673 1.1489 -0.0420 1.0442 1.4191 0.8474 0.7998 -0.2507 0.6524 0.8327 1.0545 0.2289 0.3744 0.7730 0.8591 0.3650 0.7152 0.4120 -0.4206 
3.8517 3.5012 2.6067 2.4560 2.1733 2.0690 1.8830 1.9045 1.5471 1.6361 0.6535 1.6152 0.9779 0.1786 1.4619 1.5391 -0.3528 1.4712 1.3232 -0.0960 0.6999 1.2314 0.1394 1.0098 0.8402 1.0342 0.8774 0.9300 0.8549 0.8666 0.7199 0.9817 0.2852 
2.9896 1.9061 1.9433 -0.6622 1.0544 0.9410 0.5085 0.8958 0.9995 -1.0872 -0.6447 0.5362 -1.3325 0.9506 1.0432 1.0642 1.2440 0.9732 0.8843 0.7449 -1.5862 0.1445 -1.1972 -1.6018 0.2843 0.1006 -0.4351 -0.2037 -0.2550 -2.2584 0.0992 -0.3961 -0.6642 
3.6852 1.0712 1.5125 1.5812 1.5199 0.3565 0.9970 1.5335 1.9584 1.4169 1.0757 1.0187 1.2726 0.2204 1.1028 1.0128 0.6646 0.9329 0.9307 -0.0421 0.8995 0.6464 0.5598 0.7989 1.2698 0.7435 0.0863 -0.7916 0.2370 0.0732 -0.4156 -0.9262 0.1358 
3.2211 3.0309 2.4154 2.2718 2.4536 1.7898 1.9415 1.5094 1.5259 1.6873 1.9381 1.5443 1.3577 1.4607 0.7445 1.7713 1.7022 1.6708 0.5649 1.2576 0.9967 1.1544 1.4168 1.0619 0.8299 0.7075 0.9449 0.6593 1.1087 0.7386 0.4807 0.5616 -0.2862 
3.3952 3.0262 1.9737 1.3719 1.8296 1.7294 1.6015 -0.2152 0.7165 1.5117 0.9629 0.1202 0.6398 0.8558 0.2815 -0.2465 0.3716 -0.3298 0.1516 0.6316 0.2891 -0.3340 0.4479 0.9005 -0.0315 -1.0250 0.6573 0.5933 0.4647 -0.2253 0.0982 0.5402 -0.1485 
3.7404 3.0266 1.8781 2.1070 1.9007 1.2808 1.4539 0.8088 1.7256 1.0311 1.2993 1.3499 1.1505 0.6486 1.3212 1.2879 -2.1566 1.1963 1.1526 0.3733 0.8132 0.9136 0.7747 0.4005 0.9759 -0.0448 0.4681 0.1467 0.5635 0.5677 -0.0362 0.5133 0.2242 
2.5504 2.2596 1.9065 1.6682 0.8846 0.7328 0.8948 1.0125 0.7657 1.0533 1.4143 1.0936 1.0783 0.8940 -0.7487 -0.0279 -0.6820 -0.1256 -0.9095 0.6849 0.7674 0.7069 0.8958 0.4402 0.0323 0.1972 -0.0840 -0.3865 -0.4334 0.1357 0.0149 -0.1578 -0.9535 
3.7516 2.5265 1.3562 -0.5777 0.8135 0.7623 1.7940 1.2515 0.8760 1.7916 0.7886 1.5753 1.3733 -0.3839 1.3801 1.3348 0.4117 1.2749 1.2484 -0.6512 1.0260 1.1880 0.2729 1.1617 0.1759 0.3553 0.7948 -0.3960 -0.5348 -2.1446 -0.4677 0.0267 0.2175 
1.8535 2.4292 0.7480 1.4385 1.3622 1.2673 0.5248 1.3577 1.3944 1.3626 1.3459 1.3039 0.7777 0.8051 0.9770 0.5355 -3.5255 0.4407 0.8360 0.5548 0.4172 0.8554 0.8231 0.7609 0.7007 0.5115 -0.4227 0.1124 0.0568 -0.1212 -1.1445 -0.0330 -1.4987 
2.8584 0.6325 1.3293 1.1679 1.8582 1.8431 1.1240 1.6428 2.1511 2.2367 2.1010 1.5532 1.3882 0.5826 1.2628 1.3336 0.6413 1.2729 1.0611 0.3158 1.0460 1.1600 1.5920 1.6140 1.4385 0.8114 0.1521 0.7029 0.4952 -0.3700 -0.6092 -1.5418 -0.7286 
1.4779 2.1762 0.3082 1.0501 1.3694 1.2205 1.1670 2.3137 2.3173 1.8960 1.3119 1.7019 1.8408 0.9023 1.5187 -1.1415 0.8554 -1.2730 1.3727 0.7001 1.4673 1.3037 0.7817 1.2907 1.5608 1.4555 0.1784 0.0973 0.0581 -0.4958 -1.6848 -0.2270 -2.4710 
2.9509 2.4193 2.3640 1.7465 1.9980 2.3306 2.3226 1.8792 2.0957 1.2954 1.4822 2.1266 2.2347 0.5716 1.3547 0.3077 0.9479 0.2400 1.1997 0.3366 1.9139 1.7402 0.9546 0.6854 1.3947 0.9912 1.3399 1.1971 0.7098 0.1831 0.4211 -0.1209 -0.6619 
2.3173 1.3324 1.1236 0.8195 1.6301 1.8697 1.8990 1.4227 0.6994 1.7892 1.3813 1.0705 1.4928 1.0837 0.9333 1.0994 0.7632 1.0039 0.7874 0.8465 1.1845 0.7007 0.8632 1.1619 -0.0491 0.5993 0.8983 0.7290 0.3056 -0.7325 -0.8274 -1.3177 -1.3377 
3.2183 2.3105 1.8074 1.1658 1.4018 1.5224 2.1539 1.6058 1.2712 0.3832 1.4148 1.9030 1.0104 1.2475 1.2975 1.5136 1.3595 1.4387 1.1130 0.9539 0.7189 1.4627 0.9032 -0.2228 0.5013 0.7771 1.2146 0.3963 0.1180 -0.3859 -0.1516 -0.2220 -0.3509 
2.2204 2.2008 1.5313 1.4919 1.5130 1.3882 1.7621 1.3424 1.3335 1.1530 1.4407 1.6150 1.5337 1.5246 0.8029 0.0796 0.8843 -0.0129 0.6609 1.3169 1.2549 1.2327 0.9270 0.5288 0.6100 0.4860 0.7739 0.2538 0.2077 -0.0652 -0.3607 -0.2466 -1.3693 
3.5155 2.5851 1.9574 1.9015 1.9028 1.8102 1.4251 0.9472 1.1968 1.4972 1.8394 1.6152 1.2382 0.9162 -0.3387 0.5066 0.3590 0.4127 -0.4831 0.7090 0.8732 1.2325 1.3099 0.8844 0.4375 0.1447 0.4356 0.6768 0.5712 0.3136 0.0526 0.0945 -0.1038 
2.8988 2.4184 1.9568 -0.6931 1.9087 1.5407 0.9161 0.7256 1.5037 1.5065 1.6385 1.8883 1.5728 0.0232 0.6352 0.7386 -0.1717 0.6647 0.4352 -0.2388 1.2845 1.4446 1.1392 0.8925 0.7945 -0.1472 -0.0786 0.4020 0.5881 -2.1586 0.0693 -0.0875 -0.6780 
0.2896 1.8542 1.9172 -1.4051 1.4751 1.5508 0.3231 0.3153 0.9204 0.7003 -0.1975 1.3345 1.4515 1.1936 0.7387 0.3146 0.2982 0.2437 0.5567 0.9230 1.1304 0.8956 -0.6922 0.0772 0.2090 -0.5104 -0.6679 0.4085 0.1848 -3.7461 0.0168 -0.5818 -3.0321 
1.8448 1.7114 1.8385 1.3240 1.3281 1.0108 1.1609 0.1305 1.2924 1.6542 2.5571 2.3977 1.5726 1.0214 0.9928 1.4358 1.5421 1.3643 0.8443 0.7947 1.2827 1.9439 2.0408 1.0387 0.5531 -0.7388 0.1887 -0.1142 -0.0063 -0.2734 -0.1192 -0.7382 -1.5668 
2.9035 2.3119 0.1487 1.2968 1.5021 1.6842 1.6897 1.6365 1.0998 0.2412 1.1899 0.8389 1.0407 1.2283 0.2060 -0.1902 -3.6026 -0.2593 0.0447 0.9452 0.7425 0.3985 0.6935 -0.3571 0.3698 0.8029 0.7313 0.5512 0.1992 -0.2894 -1.8852 -0.1911 -0.6387 
2.1502 1.7042 0.7046 1.5713 1.6036 -0.5406 0.8446 0.8295 1.2993 0.2740 1.5281 1.5220 0.8257 0.7466 0.5130 0.7386 -1.3328 0.6679 0.3459 0.4663 0.4860 1.1211 1.0218 -0.3218 0.5519 -0.0039 -0.1488 -1.6203 0.2828 0.0536 -1.2426 -0.7998 -1.4349 
2.4647 1.8494 0.9440 0.7529 1.3159 0.9537 1.3038 1.2749 0.3223 0.8397 1.1053 1.7423 0.7644 0.1297 1.2883 1.2637 0.1044 1.1568 1.0971 -0.1823 0.3958 1.3248 0.6084 0.2285 -0.3758 0.3802 0.3013 -0.1840 -0.0283 -0.8163 -0.9406 -0.6408 -1.0056 
2.0548 1.5068 0.9814 1.2689 1.2767 -0.0572 1.4534 1.0760 -0.3872 0.4472 -0.0858 0.6982 0.3874 0.6161 0.8981 0.3128 -0.3259 0.2380 0.7552 0.3534 0.1019 0.2423 -0.5628 -0.1779 -1.0818 0.2338 0.4702 -1.1197 -0.0940 -0.3214 -0.8813 -0.9391 -1.4259 
3.1364 2.4140 2.3668 0.8240 1.6930 1.2496 -0.1158 1.2987 1.7312 1.5447 1.9160 1.8790 1.0293 1.3114 0.9058 1.1403 1.0742 1.0390 0.7711 1.0320 0.7283 1.4343 1.3945 0.9424 0.9819 0.4177 -1.0609 0.1072 0.3644 -0.8055 0.4285 -0.1154 -0.3635 
0.8922 1.5583 1.3319 1.4866 1.2550 1.5384 1.2294 1.2858 1.2877 0.6376 1.2027 0.4172 0.4186 0.4102 0.3739 0.2131 -1.1726 0.1517 0.2278 0.1987 0.1370 0.0253 0.7029 0.0101 0.5338 0.3944 0.2269 0.4042 -0.1168 -0.0776 -0.5848 -0.8441 -2.7822 
3.4689 2.1812 1.7190 1.6911 1.2978 0.3843 1.4113 1.5783 1.3276 1.4989 1.8623 1.3827 1.3465 1.2506 0.4401 0.3226 -0.0036 0.2484 0.2866 0.9528 0.9893 0.9458 1.3351 0.8896 0.6047 0.7645 0.4143 -0.7165 -0.0824 0.1614 -0.1918 -0.3625 -0.1276 
1.3193 0.7762 1.2242 1.5293 0.9870 0.8539 0.9555 1.2124 1.1582 0.4505 0.7100 0.4514 0.7349 0.3283 0.0362 0.7154 0.4910 0.6176 -0.1705 0.1305 0.3712 0.0711 0.1800 -0.1602 0.4064 0.3423 -0.0159 -0.2617 -0.3033 -0.0193 -0.7378 -1.7375 -2.1416 
2.8394 2.4043 2.0834 1.8962 0.7231 1.6859 1.3936 1.3149 1.2933 0.8232 0.9254 0.5968 0.7719 0.7025 0.6229 0.1835 1.0566 0.1368 0.4278 0.4054 0.4174 0.1837 0.3978 0.2131 0.5468 0.4423 0.3838 0.5464 -0.5881 0.3055 0.2081 -0.0999 -0.7021 
2.6069 1.7413 1.4602 1.6515 1.5789 1.2900 1.1839 1.3769 1.2840 1.4271 0.3272 1.0989 1.3654 0.6166 0.1382 0.8525 1.1091 0.7858 -0.0648 0.3465 1.0135 0.7129 -0.1889 0.8161 0.5268 0.5332 0.2018 0.1482 0.2691 0.1341 -0.4224 -0.7708 -0.9334 
3.1259 2.4439 1.6496 0.8145 -0.8885 0.9214 1.3358 1.3787 1.4765 1.6160 1.5074 0.6835 1.5269 1.4138 1.2649 0.7895 0.9054 0.7241 1.0592 1.1831 1.2500 0.2373 0.9797 0.9952 0.7713 0.5307 0.3414 -0.2126 -2.1091 -0.7669 -0.2508 -0.0680 -0.3751 
2.9907 1.6266 2.3545 1.4783 1.5118 1.2933 1.2401 -0.4216 0.8593 1.3155 0.7323 0.5806 0.4192 0.4544 0.9342 1.2052 1.2234 1.1052 0.7859 0.2270 0.1417 0.1691 0.2009 0.7140 0.1690 -1.3508 0.2322 0.1520 0.2092 -0.0908 0.4220 -0.9029 -0.6015 
2.0244 1.9333 1.3114 1.5095 1.4503 1.4381 1.5503 1.4329 1.5150 0.8187 0.8581 0.2337 1.2632 0.1909 0.1573 0.7485 -0.2450 0.6815 -0.0229 -0.0826 0.8918 -0.1986 0.3385 0.2124 0.8050 0.6101 0.6019 0.3031 0.1593 -0.0453 -0.6448 -0.4344 -1.5259 
-0.1315 1.6375 1.9778 1.8799 1.4105 0.7473 0.6452 1.5147 1.8729 1.8620 0.8165 1.4387 0.9095 1.3325 1.3149 -0.1742 0.8165 -0.2290 1.1375 1.0684 0.5925 1.0079 0.2927 1.2510 1.1337 0.7157 -0.3511 -0.3899 0.1121 0.2896 0.1364 -0.8160 -2.7910 
-1.3239 2.4178 2.2261 2.2307 1.7839 1.1691 1.6143 0.9457 1.3553 1.6803 1.0840 0.8331 0.9543 1.0403 1.1598 1.3160 1.0535 1.2482 0.9689 0.8090 0.6752 0.3893 0.5876 1.0554 0.6551 0.1394 0.6772 0.0376 0.4086 0.7055 0.3213 -0.0366 -3.1883 
2.5220 1.4396 0.6487 0.7002 1.0196 0.1564 1.3565 0.4348 1.0956 0.2433 -0.2412 -0.6695 1.2032 0.3020 -0.7100 -0.2801 0.2977 -0.3483 -0.8632 0.0957 0.8491 -1.0119 -0.7639 -0.3648 0.3699 -0.3738 0.3611 -0.9581 -0.2861 -0.8966 -1.2329 -0.8934 -1.0027 
1.8098 0.2601 0.4479 -0.3413 0.5583 -0.0205 0.5822 0.7543 0.1970 -0.3340 0.6612 -2.7201 1.0937 0.4912 -0.6598 -0.5248 -0.3825 -0.6311 -0.8171 0.2495 0.7754 -2.7856 0.1501 -0.9527 -0.5192 -0.1165 -0.3882 -1.1541 -0.7857 -1.9989 -1.4595 -2.0820 -1.8932 
1.7305 2.0036 1.8490 0.7624 1.5992 1.4754 1.9942 1.9179 1.4301 1.1262 0.7577 1.2784 0.7494 1.3360 0.8623 -0.0335 -1.3157 -0.1265 0.7263 1.0729 0.3822 0.8258 0.2385 0.4970 0.7318 1.0532 1.0054 0.3377 0.2908 -0.8654 -0.0902 -0.4112 -1.9406 
0.9443 1.3597 1.8377 1.4424 0.9735 0.8441 0.7966 1.3020 1.1596 1.4401 1.4199 1.2716 1.2130 1.0392 0.4184 0.3981 -1.6384 0.3304 0.2699 0.8071 0.8557 0.8177 0.9024 0.8311 0.4071 0.4184 -0.1967 -0.2918 -0.3390 -0.1427 -0.1093 -0.9946 -2.6219 
1.3644 1.5534 1.0781 1.0999 0.3240 0.9772 0.8573 1.2066 0.5006 1.3735 0.4077 1.1098 0.2258 1.0696 0.7879 0.8193 -1.4179 0.7500 0.6413 0.8326 -0.1277 0.7180 -0.1107 0.7683 -0.2213 0.3344 -0.1362 -0.1465 -0.9847 -0.4486 -0.8148 -0.8278 -2.2838 
1.8399 1.9571 2.1171 1.9770 1.6850 1.8658 1.4694 1.3570 1.4404 -1.1156 1.1759 0.4401 0.8191 0.9250 1.0627 1.2801 0.5105 1.1829 0.9051 0.7155 0.4817 0.0408 0.6822 -1.8217 0.7402 0.5038 0.4818 0.7303 0.3525 0.3897 0.2488 -0.4680 -1.8603 
1.9624 2.4137 1.9604 1.5807 1.0805 1.7926 1.8686 1.7479 1.9292 1.6225 0.1917 1.3412 1.3336 0.3112 0.3752 0.7860 0.6900 0.7253 0.2284 0.0896 0.9686 0.9049 -0.3431 0.9973 1.2259 0.8854 0.8622 0.6610 -0.2251 0.0396 0.0798 -0.0680 -1.6310 
2.4482 1.5289 1.1231 1.2785 0.8446 0.8556 1.2986 1.1705 0.9107 1.2700 0.1085 0.4581 0.9875 0.5288 1.1462 1.4347 1.0399 1.3636 0.9591 0.2789 0.7084 0.0746 -0.4209 0.6399 0.2081 0.3076 0.2927 -0.2769 -0.4503 -0.3151 -0.7757 -0.9424 -1.0876 
2.7160 1.7025 1.7220 1.1334 0.9625 0.7103 0.3633 0.3538 -1.5741 0.2818 0.5268 0.6681 0.2512 0.1713 0.1920 0.2209 0.7559 0.1563 0.0322 -0.1046 -0.0937 0.2253 0.0281 -0.3292 -2.3868 -0.4556 -0.6075 -0.4319 -0.3350 -0.4163 -0.1913 -0.7790 -0.7830 
1.6504 1.9166 1.6047 0.5389 1.0958 -0.0358 0.6025 0.9466 0.4818 -0.0104 1.0085 0.9720 0.5462 1.2981 0.9751 0.3447 -0.4222 0.2617 0.8331 1.0136 0.2225 0.5742 0.5052 -0.6278 -0.2368 0.1466 -0.3750 -1.1449 -0.2460 -0.9375 -0.3057 -0.4371 -2.0472 
3.3702 2.4506 1.8388 0.9558 1.0695 1.0712 1.0519 1.7513 0.8261 1.2833 1.0180 1.7863 1.7184 1.3667 1.2050 1.3395 1.5721 1.2787 1.0110 1.1151 1.3804 1.3531 0.5088 0.6643 0.1354 0.8834 0.1231 -0.0605 -0.2638 -0.5617 -0.1192 -0.1059 -0.1980 
2.3762 1.5530 1.5108 1.4291 0.4889 1.4402 1.6299 0.8650 1.7077 0.8553 0.7403 1.8967 0.8198 1.8796 0.8274 1.9611 0.1560 1.8949 0.7055 1.6026 0.4619 1.4575 0.2092 0.2414 0.9575 0.0149 0.6932 0.3047 -0.8339 -0.1547 -0.3588 -0.9333 -1.2004 
1.9758 1.7437 1.4461 0.9077 0.7617 1.4434 1.2803 0.3543 0.4471 1.3836 1.6697 1.4234 0.2989 1.3379 1.6261 0.5043 -0.2392 0.4042 1.4639 1.0776 -0.0515 0.9908 1.1676 0.7825 -0.2622 -0.4459 0.2679 0.3054 -0.5514 -0.6969 -0.4211 -0.7135 -1.4529 
1.6396 1.0722 0.9150 1.2513 0.1422 -0.6759 0.1687 1.1616 1.2274 1.3984 1.3149 0.4961 1.8309 2.3251 2.0889 1.7357 0.4978 1.6327 1.9440 2.0573 1.4639 0.1255 0.7896 0.7924 0.4604 0.3058 -0.8657 -1.7613 -1.1729 -0.3480 -0.9315 -1.3984 -1.9521 
0.1167 1.0552 2.0269 1.7229 1.5235 0.9294 1.6567 1.5383 1.5465 0.9634 -0.5562 1.1225 1.3094 1.6136 0.2800 0.3404 0.7476 0.2734 0.1588 1.3808 0.9472 0.7248 -1.0505 0.3554 0.8397 0.7336 0.7162 -0.1972 0.2246 0.1646 0.1613 -1.3619 -4.1536 
1.9192 1.3878 -0.4840 0.8386 1.3065 1.5128 1.6309 1.7235 1.8561 1.8546 1.5159 1.6804 1.4046 0.7216 0.8386 -0.1761 -0.5498 -0.2386 0.7088 0.4303 1.0630 1.2874 0.9947 1.2397 1.1027 0.8696 0.6987 0.3778 -0.0341 -0.7359 -2.4982 -1.0554 -1.5760 
3.0689 2.5122 1.2999 1.9577 1.3671 1.6004 1.9034 1.9780 1.9843 1.5066 1.4100 1.3070 1.3525 1.8802 1.4944 1.0349 0.6151 0.9494 1.3460 1.6020 1.0019 0.8588 0.8904 0.8956 1.2897 1.1459 0.9066 0.4607 0.0498 0.3747 -0.6808 0.0216 -0.5316 
2.6532 2.0587 1.6092 1.2870 1.5388 1.8439 1.3575 1.6982 1.7172 1.3020 0.3050 1.4500 1.3054 1.8932 0.4297 1.3677 0.9211 1.3043 0.2803 1.6222 0.9445 1.0222 -0.1985 0.7001 0.9643 0.8489 0.3722 0.7046 0.2417 -0.3144 -0.2721 -0.4003 -0.8732 
2.3720 1.9777 2.0552 2.0418 0.8938 1.5691 1.4296 1.1350 0.5892 0.8323 1.5198 1.7504 1.5700 1.3394 -0.2891 0.4426 0.5132 0.3723 -0.4122 1.0752 1.2841 1.3290 1.0088 0.2259 -0.1537 0.2814 0.4361 0.4304 -0.3765 0.4598 0.2022 -0.4637 -1.0800 
2.3515 1.9324 1.7997 1.9312 1.1565 1.0710 1.1730 0.8308 0.8882 0.2766 0.9604 0.3474 0.4983 0.9723 1.0661 0.1543 -0.6133 0.0610 0.9075 0.7568 0.1923 -0.0836 0.4583 -0.3314 0.1815 0.0001 0.1922 -0.0624 -0.1893 0.3446 -0.1140 -0.4277 -1.2274 
2.4653 -0.6165 1.6807 1.6018 1.0140 1.4573 1.8501 0.2170 1.2457 1.4861 0.5047 1.1038 0.4265 1.0389 0.2556 0.4708 -0.8289 0.3822 0.1369 0.8071 0.1510 0.7160 0.0053 0.8700 0.4833 -0.6597 0.8371 0.3309 -0.2848 0.0802 -0.2380 -2.1194 -1.1459 
2.8874 1.9616 2.0309 1.7865 0.9355 1.8660 1.6549 1.4065 1.0998 1.3081 0.6605 1.4296 1.0929 0.9344 0.9496 1.2663 -0.4432 1.1581 0.8069 0.7224 0.7742 0.9983 0.1495 0.7044 0.3699 0.5722 0.7096 0.7304 -0.3470 0.2037 0.1626 -0.5118 -0.6889 
1.7782 1.6653 0.9236 0.1526 0.9624 1.8258 1.2887 1.3236 1.1686 1.1158 0.7379 -0.2721 1.6193 1.3166 1.4055 1.3361 0.2588 1.2750 1.2784 1.0393 1.3170 -0.6955 0.2082 0.4933 0.4076 0.4558 0.2701 0.6950 -0.3281 -1.4248 -0.9542 -0.7888 -1.7628 
1.0936 0.6565 -0.9160 1.1071 0.4621 0.9279 1.2296 1.0994 0.3220 0.3171 0.4867 0.6563 -0.5799 0.2464 0.7176 0.3747 0.6756 0.2967 0.5273 0.0041 -0.9218 0.2207 -0.0198 -0.3005 -0.3819 0.2510 0.2358 -0.2212 -0.8249 -0.4267 -3.0351 -1.8437 -2.4585 
0.2889 1.3008 1.2020 1.2316 0.9582 0.3374 1.0280 0.7349 1.2745 1.2913 0.9778 0.9392 0.9510 1.1607 0.8226 0.4132 0.1627 0.3402 0.6889 0.8960 0.6623 0.5198 0.4725 0.6805 0.5172 -0.1399 0.0936 -0.7919 -0.3444 -0.3534 -0.7491 -1.1738 -4.3248 
3.0111 1.9711 1.3064 1.6105 1.4353 1.1269 1.3609 1.3943 1.7316 1.3594 1.0037 1.0820 1.3641 1.1629 -0.1856 1.1397 -1.1201 1.0422 -0.3334 0.8988 1.0146 0.7035 0.5025 0.7539 0.9793 0.5574 0.3678 -0.0143 0.1396 0.1009 -0.5951 -0.5571 -0.5896 
2.5339 1.8711 1.8933 2.2546 1.6605 1.3846 1.3641 0.9932 0.7527 0.5121 0.5929 1.2864 0.9500 0.7679 0.0293 1.2039 -0.0414 1.1025 -0.1772 0.5024 0.6624 0.8349 0.1083 -0.1149 0.0278 0.1808 0.3714 0.2501 0.3256 0.7173 0.0014 -0.6621 -1.0027 
2.8425 2.6962 2.3374 1.7447 1.5185 1.9243 -0.5432 0.5451 1.2868 0.9460 -1.3747 0.4565 1.1396 0.8136 1.3446 0.2567 1.3566 0.1939 1.1904 0.5731 0.8071 0.0751 -1.8888 0.3338 0.5332 -0.2960 -1.5714 0.7845 0.2299 0.1700 0.3984 0.2608 -0.7393 
2.1325 1.5706 2.5436 2.4365 1.9857 2.2344 2.1604 2.6463 2.1468 1.8829 1.4419 1.4785 1.6123 0.8984 0.4445 0.8773 0.4132 0.8045 0.2935 0.6954 1.3103 1.0606 0.9261 1.2788 1.4327 1.8433 1.2235 1.0972 0.7087 0.8389 0.6850 -0.7830 -1.4849 
2.0138 2.6478 2.6258 1.2142 1.0663 2.4350 2.2549 2.0767 2.0650 1.7914 1.3139 2.0174 2.0856 1.4080 1.9023 2.1082 1.8964 2.0406 1.7429 1.1713 1.7921 1.5908 0.7838 1.1620 1.3552 1.2740 1.2972 1.3006 -0.2332 -0.3812 0.7509 0.2265 -1.2862 
0.5297 2.6588 2.9753 2.6567 2.2425 2.4200 2.1492 2.5909 1.6672 2.4996 2.2101 2.0263 1.7358 1.5858 1.9040 1.0279 0.7212 0.9455 1.7397 1.3653 1.3890 1.5989 1.7109 1.8948 0.9251 1.7746 1.2044 1.2861 0.9058 1.1022 1.0317 0.2540 -2.1311 
1.9901 1.2880 2.4770 2.4709 2.9180 2.0601 1.8929 1.4422 1.8121 2.4148 2.0449 1.5501 0.8514 1.2280 0.1984 1.2540 0.8566 1.1473 0.0461 0.9451 0.5289 1.1537 1.5204 1.7919 1.0532 0.6280 0.8895 0.9164 1.5538 0.8903 0.5799 -1.1077 -1.7016 
1.9997 1.5310 2.1784 1.7015 0.9065 2.5092 0.9845 -0.3093 1.4590 2.0428 1.2361 1.7235 0.9175 0.8590 0.9268 -0.0089 1.2989 -0.1260 0.7818 0.6392 0.5913 1.3148 0.7216 1.4296 0.7595 -1.0826 0.0615 1.3739 -0.4112 0.1520 0.2940 -0.9494 -1.4172 
2.3995 2.3876 2.1402 1.3742 1.5131 2.2046 1.6631 1.9175 1.6832 0.8664 0.3779 0.7882 0.8500 0.8254 0.9354 -0.6529 1.3106 -0.7255 0.7853 0.5981 0.5182 0.3584 -0.1342 0.2532 0.9471 1.0523 0.7162 1.0701 0.2237 -0.2090 0.2600 -0.1172 -1.2071 
2.6706 0.9899 1.4303 1.0351 1.5339 1.1470 1.5028 1.2331 0.2586 1.4848 0.7440 1.1481 0.9487 0.7016 -0.4851 1.1310 0.9764 1.0359 -0.6866 0.4000 0.6552 0.7423 0.2144 0.8727 -0.4470 0.3568 0.5321 0.0007 0.2315 -0.4387 -0.4113 -1.6393 -0.8928 
3.5151 2.6435 1.6106 2.0326 1.8731 1.8353 1.9513 1.0784 1.4989 1.4558 0.7525 1.4643 1.3538 0.9159 1.2733 0.7677 0.2017 0.7078 1.0696 0.7084 0.9955 1.0401 0.2172 0.8492 0.7853 0.2499 0.9519 0.7014 0.5220 0.4612 -0.3075 0.1668 -0.0818 
3.0551 2.0568 2.3199 1.5555 2.2522 1.9429 1.5163 1.2113 0.8128 1.3680 1.1347 0.9441 0.9098 0.8161 0.5406 1.1334 1.4742 1.0381 0.3727 0.5734 0.5968 0.5313 0.6351 0.7635 0.1175 0.3409 0.5495 0.8028 0.9232 -0.0132 0.3900 -0.4423 -0.4895 
1.5333 1.5954 1.9116 1.7120 1.4718 1.2287 1.3664 1.2291 0.9928 1.3672 1.5324 0.9920 1.4348 1.2955 1.4377 1.4020 0.0704 1.3326 1.3060 1.0039 1.1107 0.6091 1.0249 0.7674 0.2814 0.3570 0.3761 0.1089 0.1719 0.1681 0.0031 -0.8120 -1.8351 
2.7420 1.8495 1.6432 1.7519 1.6705 1.7450 0.4767 1.4483 1.3238 1.4028 1.3852 0.4138 1.1711 1.3568 0.3857 0.7873 0.3833 0.7266 0.2371 1.1031 0.8286 0.0344 0.8639 0.7944 0.5977 0.6289 -0.4831 0.6091 0.3408 0.1939 -0.2643 -0.6996 -0.8161 
2.4434 1.4917 1.6441 1.3037 1.6884 1.1721 1.2102 1.7766 1.3329 1.2815 0.3128 0.1430 0.0892 0.9332 0.9635 0.6516 -0.3625 0.5518 0.8229 0.7203 -0.2839 -0.2975 -0.1980 0.6585 0.6119 0.9051 0.2239 0.0300 0.3556 -0.2786 -0.2574 -0.8536 -1.1295 
2.4653 0.9408 2.0852 1.7305 0.8192 0.7762 0.8451 1.5201 1.6554 1.1277 0.1745 0.5451 1.2017 1.1478 1.6659 0.1050 0.9766 -0.0104 1.4985 0.8905 0.8506 0.1483 -0.3455 0.4967 0.9293 0.7235 -0.1541 -0.3539 -0.4955 0.1702 0.2080 -1.4598 -1.1018 
3.0531 2.8248 2.4103 1.5158 2.0033 1.5459 0.9477 1.2829 1.8839 1.3543 0.8742 0.8561 0.7517 1.4659 1.1756 1.1452 0.1352 1.0456 0.9809 1.2614 0.3919 0.4189 0.3617 0.7457 1.1502 0.3984 -0.0206 0.4033 0.7135 -0.0226 0.4489 0.3570 -0.5520 
2.4294 1.3132 1.2195 0.2321 1.1040 0.8399 0.5892 0.7965 0.4557 -0.2839 0.1923 0.7628 0.2621 0.7196 -0.2685 -0.0143 -0.3344 -0.1029 -0.4077 0.4251 -0.0702 0.3233 -0.3398 -0.8818 -0.2533 -0.0610 -0.3781 -0.2799 -0.2235 -1.3096 -0.7570 -1.2105 -1.2509 
2.4617 1.5236 0.8050 1.5990 1.1971 0.2282 1.0123 0.4099 0.4246 0.9963 1.1160 1.1085 0.7812 0.6198 0.4192 0.1603 0.3893 0.0837 0.2734 0.3505 0.4206 0.7179 0.6178 0.3816 -0.2779 -0.4042 0.0751 -0.8978 -0.1656 0.0679 -1.0366 -0.9219 -1.0324 
1.3988 1.3055 1.8866 1.5618 1.6483 1.6659 1.3503 1.3006 1.3440 1.5130 0.9488 0.8769 0.6684 0.3626 0.0800 0.9609 -0.3532 0.8915 -0.1139 0.1524 0.3078 0.4468 0.4281 0.9014 0.6307 0.4168 0.3552 0.5268 0.3220 0.0232 -0.0132 -1.0880 -2.1351 
2.3138 1.7508 0.9137 0.8043 1.2892 -0.2594 0.3773 0.8136 0.6331 0.2972 0.6391 0.8691 0.6876 0.7860 0.7121 0.7342 0.7623 0.6585 0.5126 0.5316 0.3210 0.4349 0.1398 -0.3091 -0.1286 -0.0291 -0.5855 -1.4049 -0.0717 -0.7632 -0.9707 -0.7607 -1.2968 
3.3256 2.8694 2.5341 1.3284 1.9739 1.4416 1.4372 0.1629 1.2606 1.2681 0.3717 1.0516 1.6991 0.4524 1.1252 1.5759 0.6672 1.5037 0.9471 0.2390 1.3679 0.6779 -0.1582 0.6383 0.4929 -0.7540 0.4494 0.3043 0.6823 -0.2562 0.6529 0.3763 -0.2493 
1.8907 2.0534 1.6354 1.0359 -0.0088 1.3324 1.2533 1.3571 1.2203 1.5847 0.4793 0.9033 -0.0143 1.2815 0.9076 1.0408 1.2290 0.9542 0.7636 0.9889 -0.3537 0.4815 -0.0318 0.9640 0.4618 0.5001 0.2435 0.1986 -1.3728 -0.4842 -0.2661 -0.3750 -1.7170 
1.9353 1.8420 1.6485 1.7534 1.4883 0.7400 1.0621 1.4770 0.9830 1.4267 1.1050 1.6515 1.7019 0.9277 0.8382 1.0711 0.7121 0.9770 0.7127 0.7152 1.3700 1.2721 0.6040 0.8184 0.2756 0.6688 0.1325 -0.4037 0.1833 0.1858 -0.2355 -0.6626 -1.5159 
3.0003 2.4040 1.9911 1.7514 1.7061 0.6176 1.0178 0.9170 1.2843 0.3292 0.5597 1.4255 1.3902 0.7657 1.4002 1.4436 0.6335 1.3702 1.2743 0.5043 1.0476 0.9924 0.0683 -0.2904 0.5254 0.1257 0.0688 -0.5245 0.3737 0.1759 0.1350 -0.1286 -0.5661 
1.6959 2.0801 1.5900 1.3585 0.9565 1.0648 0.8610 0.7251 0.2906 0.7037 0.7622 0.9234 0.1529 0.6141 0.1440 0.5875 0.9086 0.4910 -0.0490 0.3440 -0.2083 0.5067 0.2325 0.0807 -0.3998 -0.1586 -0.1228 -0.0841 -0.3324 -0.2294 -0.2697 -0.3602 -1.5356 
-0.3942 2.1901 2.1268 1.5177 1.8422 1.0930 1.5206 1.2828 0.6995 1.4018 0.3275 1.2436 1.7586 1.4046 0.3821 0.9014 1.6077 0.8316 0.2448 1.1692 1.4098 0.7998 -0.1926 0.7935 -0.0651 0.3874 0.5614 -0.0238 0.4658 -0.0102 0.2377 -0.2336 -2.6894 
2.5659 1.9212 1.9139 1.0699 2.0723 0.8194 0.3183 1.4942 1.7685 1.5741 1.1741 0.8688 1.5970 1.3698 0.2233 0.5934 0.5691 0.4947 0.0736 1.1202 1.3028 0.4390 0.6755 0.9540 1.0105 0.6976 -0.6560 -0.3348 0.7663 -0.4201 0.0159 -0.5575 -0.9415 
2.1853 2.6281 2.1110 2.1477 1.4484 0.9357 1.8541 1.3538 0.9386 0.4154 0.2725 0.9572 1.2816 0.3790 -0.2663 1.0740 -0.6015 0.9816 -0.3979 0.1665 0.9128 0.5642 -0.2593 -0.1968 0.2286 0.4802 0.8455 -0.1872 0.1399 0.6160 0.2347 0.2080 -1.4195 
-0.3781 1.1417 1.2965 0.7403 0.4455 0.8751 1.0223 1.5155 1.5229 1.1736 0.5129 0.9653 0.5129 0.7292 0.7096 1.0407 0.7968 0.9532 0.5121 0.4462 0.1956 0.5723 0.0102 0.5441 0.8187 0.7155 0.0858 -0.2594 -0.8630 -0.8532 -0.6361 -1.3054 -3.6792 
