5.0444 4.4432 4.0338 3.7213 3.7872 3.0516 3.4647 2.8088 2.9010 2.6670 2.1852 1.9683 2.2447 1.8855 2.2936 2.5947 2.4616 2.4914 2.1524 1.6332 1.8743 1.5382 1.6113 1.9836 2.1542 1.8556 2.3939 1.8242 2.3516 2.0731 1.9699 1.7549 1.1890 
4.8529 4.0880 2.8594 3.3636 3.3700 2.1007 1.4469 2.6693 2.8960 2.1302 2.3847 3.1886 2.3327 2.5829 1.6429 1.8262 2.5174 1.7572 1.4981 2.3113 1.9838 2.7657 1.8218 1.4515 2.1482 1.7342 0.3809 0.8641 1.8874 1.6402 0.8195 1.4000 1.0442 
3.1999 1.9757 2.4414 2.9066 2.2066 2.7023 3.2233 2.9285 2.9624 1.0054 2.6007 3.1561 1.8241 2.4932 2.2834 1.9215 1.5711 1.8197 2.1426 2.2462 1.5107 2.7467 2.0693 0.3419 2.1992 2.0384 2.1809 1.4935 0.7560 1.2110 0.4430 -0.4313 -0.7675 
4.8345 3.5212 2.2060 2.0125 3.1561 3.0899 3.3895 1.4819 2.4072 2.3377 2.7765 1.6088 2.7243 2.1802 2.9861 3.1173 3.2495 3.0217 2.8300 1.8917 2.3282 1.1355 2.2073 1.6772 1.6546 0.5032 2.3011 1.8701 1.7275 0.3505 0.2064 0.8952 1.0436 
4.6921 4.1078 3.7448 3.4474 2.2519 3.1422 3.1976 3.2275 3.2564 2.6471 2.9193 3.1020 2.2348 3.1227 2.3494 2.7894 1.5620 2.7106 2.1984 2.8701 1.8653 2.6855 2.3635 1.9692 2.4428 2.3059 2.1605 1.9192 0.8759 1.7312 1.6996 1.4429 0.8679 
4.3871 3.9380 3.2973 3.0329 3.0494 3.2939 1.5473 3.3366 3.2356 2.0943 2.1566 2.3992 2.6196 2.4019 1.7510 2.3387 1.0731 2.2594 1.5977 2.1734 2.2553 1.9547 1.5956 1.4003 2.4201 2.3917 0.4112 2.0735 1.6409 1.3701 1.1818 1.2776 0.6301 
3.4121 2.8456 1.6130 2.9663 2.8342 2.2253 3.0179 2.8047 3.2139 2.9528 2.7988 2.8759 2.1652 2.8650 2.7063 2.8004 2.6453 2.7302 2.4865 2.6033 1.7791 2.4028 2.2336 2.2916 2.4074 1.8615 1.9919 0.9962 1.3894 1.2867 -0.4578 0.2931 -0.3810 
2.9028 4.3811 4.0155 3.5603 3.7225 3.4352 2.2896 3.4389 2.9785 2.3041 3.1008 2.8339 2.7924 3.0022 3.1008 2.9381 2.5121 2.8595 2.9345 2.7742 2.4011 2.3710 2.5539 1.6437 2.2164 2.5062 1.2545 2.2054 2.3060 1.8606 1.9539 1.7619 -0.6263 
4.9063 4.6421 3.6224 2.9064 3.3007 3.1436 2.5111 2.2745 1.5797 2.8484 2.2879 2.3055 2.5643 2.1838 2.1852 1.9967 -0.2548 1.8944 1.9980 1.8822 2.2181 1.8455 1.7225 2.1960 0.7855 1.3729 1.4859 1.9156 1.8308 1.1826 1.5914 1.9677 1.1141 
4.6960 4.5997 3.5383 3.5753 3.5367 3.7013 3.5463 2.8064 2.8380 2.7662 2.3959 1.5526 2.4424 2.9038 2.9154 2.9555 3.2555 2.8777 2.7724 2.6625 2.1424 1.0829 1.8323 2.1088 2.0721 1.8603 2.4716 2.4773 2.1448 1.8903 1.5471 1.9108 0.9708 
5.2240 4.3845 2.8200 2.4354 3.3960 3.5513 3.5049 2.3948 3.1664 2.8753 2.6890 2.9181 3.2046 3.7154 3.1890 1.8212 0.9752 1.7487 3.0015 3.4696 2.8541 2.4489 2.1497 2.2176 2.3848 1.5418 2.4253 2.3328 1.9425 0.8090 0.7465 1.7027 1.4013 
4.8219 4.8501 3.9212 3.6309 2.2289 2.8401 3.1111 3.2320 3.2996 3.4677 3.5259 3.0514 2.5926 2.8441 2.3908 2.3212 1.6989 2.2424 2.2283 2.5727 2.2370 2.6208 2.9692 2.8147 2.4850 2.3110 2.1106 1.6271 0.7213 1.9646 1.8066 2.2288 1.0426 
5.0059 4.8178 3.7536 3.5331 2.8483 1.5402 2.9379 2.4965 3.1320 3.0470 3.0160 1.8857 1.8582 2.8517 2.9698 2.3880 3.3238 2.3135 2.8147 2.5886 1.5524 1.4540 2.4607 2.3938 2.3588 1.6057 1.8806 0.3415 1.4130 1.8250 1.7013 2.1909 1.1970 
4.8890 4.3352 3.0807 3.1319 3.0142 3.5344 2.8310 2.1376 1.6086 2.4770 3.1518 2.4791 2.4579 2.0927 1.8929 2.3599 3.0161 2.2752 1.7240 1.7878 2.1508 2.0636 2.6089 1.8128 0.8307 1.1758 1.7575 2.3086 1.6091 1.4771 1.0240 1.6614 1.0468 
2.7009 3.4948 2.9812 2.3411 3.0794 1.6793 1.5376 0.6676 2.9828 3.0691 2.4191 2.1969 2.5451 2.3221 2.0701 1.8243 2.9109 1.7588 1.8546 2.0936 2.2058 1.7187 1.8670 2.4035 2.2236 -0.2592 0.4556 0.4802 1.6695 0.6398 0.9267 0.9249 -1.8191 
2.3886 3.4332 3.5052 3.0278 2.2863 2.3287 3.0038 1.9083 2.5861 2.3232 2.3184 2.0856 1.7758 2.2102 2.1443 1.7804 -0.0940 1.7017 1.9276 1.9253 1.4544 1.6103 1.7606 1.6729 1.7849 1.0174 1.9568 1.1181 0.9045 1.3517 1.4758 0.7980 -2.7183 
4.5783 4.3783 3.1213 3.3824 2.3458 3.2036 0.3074 2.7939 2.7463 3.2039 3.4171 2.3818 2.8755 2.3921 2.3579 2.2688 -0.9386 2.1955 2.2068 2.1623 2.5025 1.9395 2.8477 2.5351 1.9306 1.8555 -0.7348 1.9713 0.9208 1.6519 1.1221 1.7885 0.6428 
4.7731 3.6636 2.7692 2.0128 3.3985 2.7738 2.1827 3.1381 2.6923 1.9352 2.8208 2.6226 2.1747 2.2328 2.6464 2.0616 2.1850 1.9498 2.4343 1.9663 1.7803 2.1779 2.2562 1.2532 1.8727 2.2428 1.1126 1.5457 1.9418 0.3737 0.6328 0.9571 0.9207 
-0.0423 3.1425 3.4836 1.7909 2.3745 2.7771 3.6129 1.8318 2.2055 1.6068 2.5742 1.1661 1.4095 1.9560 2.0874 1.5557 0.6381 1.4801 1.8650 1.6938 1.0422 0.7129 2.0356 0.9488 1.4239 0.9444 2.5660 1.5394 0.9677 0.0286 1.4562 0.5171 -3.1202 
5.0920 4.4195 3.6832 2.8846 2.7803 3.2300 3.7603 2.9566 3.0692 3.1003 2.1776 2.7648 1.0135 2.3953 2.5825 2.4034 2.7670 2.3313 2.3963 2.1674 0.6170 2.2789 1.6215 2.4266 2.3027 2.0879 2.7491 2.0219 1.3142 1.1875 1.6629 1.7405 1.2999 
4.7917 4.2667 3.7758 3.7213 3.6848 3.5820 3.7652 3.0920 1.9527 2.5338 3.1504 2.7452 2.3116 3.1087 2.6238 2.1662 1.8712 2.0758 2.4122 2.8599 1.9729 2.2494 2.6102 1.8741 1.1499 2.2049 2.7546 2.3516 2.2682 2.0778 1.7416 1.6271 1.0185 
4.9442 3.7252 3.0193 3.1159 2.7919 3.1003 2.7877 2.5287 3.0384 1.5346 1.1052 2.7416 3.0509 3.3613 2.6376 2.7847 2.7574 2.7081 2.4225 3.0381 2.7536 2.2563 0.5267 0.8630 2.2787 1.6423 1.6974 1.8815 1.3717 1.4645 1.0482 1.1461 1.1238 
4.8897 4.6667 4.2375 3.9444 3.7576 2.7857 3.5954 3.2229 3.2584 2.5529 2.8086 2.7752 3.3666 2.7764 3.2644 1.6114 2.9393 1.5395 3.0530 2.4746 2.9655 2.2993 2.2406 1.8776 2.4432 2.3052 2.5381 1.5660 2.3348 2.2266 2.2084 2.0177 1.0521 
4.7833 4.4845 4.0211 3.7768 3.4875 2.6203 2.6937 2.3212 3.1071 2.1373 2.2367 2.6553 2.6436 1.6822 2.5796 2.7595 2.2271 2.6596 2.3930 1.4363 2.2741 2.2017 1.6670 1.4779 2.3328 1.4138 1.6189 1.3933 2.0737 2.1308 1.9392 1.7867 0.9337 
5.0605 4.9084 4.2627 4.0206 2.9607 3.5206 2.0350 2.9610 3.2635 3.2035 3.2961 2.7296 2.5004 2.5637 2.3103 2.7626 1.5572 2.6573 2.1663 2.2973 2.1726 2.2451 2.7533 2.5291 2.4498 2.0949 0.9506 2.2928 1.5471 2.3031 2.2414 2.2781 1.2381 
4.6666 3.3896 3.0174 1.9737 3.5503 3.8842 3.8639 3.2406 2.7665 2.2960 2.8644 3.0246 2.7699 2.7945 1.7633 3.0069 2.9479 2.9234 1.5942 2.4946 2.3782 2.5954 2.3039 1.6417 1.9530 2.3113 2.8085 2.6580 2.1592 0.3328 0.9567 0.5918 0.7613 
3.5043 3.6386 2.0739 3.2214 3.0437 3.5669 2.9839 2.4612 2.2602 2.9940 2.4847 1.5865 3.2220 2.8011 2.8936 2.2080 -0.1614 2.1448 2.7546 2.5064 2.8617 1.1083 1.9344 2.3315 1.5238 1.5831 1.9268 2.3410 1.6375 1.5529 0.1031 1.0241 -0.1100 
4.6519 3.1748 1.9735 2.8242 2.5850 2.8314 2.1862 2.4498 2.0022 1.7399 2.1762 2.2104 2.9799 3.0720 2.8731 2.8391 2.3917 2.7715 2.7245 2.8336 2.6433 1.7454 1.6053 1.0723 1.1912 1.5705 1.1185 1.5988 1.1712 1.1021 -0.0016 0.4729 0.8148 
3.5121 4.6197 3.8500 3.7735 3.5978 2.7285 2.6544 3.0701 3.0036 1.7407 2.4002 2.4978 2.3579 2.9066 1.6450 1.7937 0.7179 1.7179 1.5063 2.6596 2.0270 2.0786 1.8512 1.0674 2.2311 2.1976 1.6032 1.4646 2.1868 2.1333 1.8043 1.9939 -0.4934 
2.5946 4.0992 3.6253 3.4322 3.2368 3.6884 3.8137 3.3647 3.4158 2.7864 2.5485 1.5461 2.4523 2.2951 2.1739 0.5194 2.3685 0.4787 1.9745 2.0532 2.1431 1.0777 1.9996 2.1315 2.6279 2.3997 2.7803 2.4710 1.7926 1.7401 1.6193 1.5253 -0.9081 
5.2297 4.8437 4.0974 4.0710 4.0489 3.7366 2.8393 2.6716 2.3871 2.4666 2.9840 2.1658 2.1405 2.4010 2.8026 2.9266 2.4510 2.8499 2.6198 2.1790 1.7377 1.6892 2.4145 1.7987 1.6192 1.7297 1.7633 2.5050 2.6151 2.3699 2.0545 2.2006 1.3323 
3.8842 3.4435 2.8977 3.3635 3.5020 1.4439 2.8146 3.0819 2.1873 2.7319 2.2383 2.3237 2.9106 3.0133 2.1684 1.5276 0.8751 1.4331 1.9726 2.7846 2.5572 1.8572 1.6793 2.0527 1.3981 2.2002 1.7351 0.2962 2.1024 1.6530 0.8551 0.8425 0.1021 
4.7538 4.4280 3.4012 3.5393 2.9199 2.9876 2.3073 2.6512 3.3042 2.7985 2.6019 2.1730 1.3183 2.4003 2.6828 2.3109 -0.0831 2.2284 2.4670 2.1787 0.9901 1.7028 2.0522 2.1451 2.4878 1.7305 1.2320 1.7545 1.5208 1.8234 1.3634 1.7669 1.0544 
3.9932 3.5394 2.2593 0.7822 3.6210 2.4013 3.5027 3.5683 3.0883 1.0928 -0.0636 2.2190 1.3262 1.0886 2.4326 2.8755 2.9999 2.8062 2.2794 0.8522 0.9871 1.7504 -0.6272 0.4249 2.3154 2.6872 2.4304 1.1489 2.2146 -0.7712 0.2372 0.9196 0.1983 
4.1331 3.7034 3.3940 3.3349 3.6908 2.7638 2.8358 2.4559 2.5343 2.7545 0.5719 1.7383 2.8093 2.3649 2.8515 1.7263 -0.8857 1.6487 2.6964 2.1410 2.4150 1.2922 0.0476 2.0831 1.7576 1.5773 1.7564 1.5245 2.2759 1.6241 1.3527 1.1441 0.3191 
5.7684 5.1369 4.2944 3.6677 3.0592 3.9639 2.7134 2.7966 3.1405 3.4876 3.4365 2.7845 2.6361 2.5913 2.5625 1.4549 0.2423 1.3388 2.3837 2.3157 2.2696 2.2991 2.8707 2.8330 2.3656 1.8481 1.6216 2.7382 1.6589 1.9985 2.2550 2.4124 1.9087 
2.7882 4.7016 3.7941 3.3647 2.6880 3.2879 2.3341 3.0154 3.4462 2.9299 3.1960 3.0496 2.8202 2.7457 2.5033 2.1555 0.9316 2.0590 2.3322 2.4177 2.4281 2.6252 2.6572 2.2689 2.6812 2.1527 1.2918 2.0685 1.1985 1.6428 1.7335 2.1208 -0.8351 
3.9688 4.0016 3.5656 2.9683 3.1696 3.4102 2.8711 3.0391 3.0435 2.5676 2.0071 2.8147 2.5598 2.4104 3.0847 2.6121 1.7162 2.5006 2.9213 2.1916 2.2119 2.3429 1.4750 1.8895 2.2822 2.1725 1.7941 2.1798 1.7487 1.2604 1.5460 1.3282 0.0031 
4.5927 4.2420 3.4942 2.6818 2.7151 2.8772 3.3605 3.3903 3.2369 1.1586 2.3072 3.1015 2.7988 2.9252 2.8721 2.9104 3.4120 2.8428 2.7322 2.6903 2.4052 2.6857 1.7520 0.4968 2.4260 2.4363 2.2596 1.6473 1.2385 0.9542 1.4504 1.5973 0.6871 
3.9381 3.4765 2.4369 3.3277 2.3473 2.8033 3.4151 3.5293 3.4390 3.0761 3.1507 2.5937 2.4076 2.6757 3.0768 2.6758 1.7201 2.5596 2.9160 2.3855 2.1009 2.1585 2.6059 2.4142 2.6609 2.6408 2.3377 1.5841 0.9432 1.6232 0.3704 0.9276 0.0868 
2.5320 4.3439 3.6713 3.8460 3.4873 3.4550 3.7156 3.6672 2.8504 2.3721 2.7488 3.0547 3.4903 3.0640 2.9148 1.6064 2.9458 1.5455 2.7700 2.8265 3.1209 2.6368 2.1793 1.7106 2.0863 2.7951 2.7033 2.2348 2.0739 2.1725 1.6409 1.7254 -0.9204 
5.0365 3.9977 1.7524 2.6319 3.5857 2.6663 3.6617 3.7170 2.6357 3.0016 2.5930 2.4951 3.2697 3.0375 2.5770 2.8052 2.7633 2.7407 2.3901 2.8095 2.8949 2.0911 2.0470 2.3429 1.8064 2.8296 2.6491 1.3999 2.1912 0.9860 -0.5866 1.4495 1.1857 
2.7653 4.9434 4.3933 4.0589 3.8812 3.3920 3.0856 3.5089 3.0741 2.7759 2.3185 3.0955 2.2354 2.7036 2.4667 0.4688 1.7566 0.4144 2.3028 2.3959 1.8589 2.6803 1.7552 2.1241 2.3039 2.6061 2.0768 2.1641 2.4078 2.3561 2.3390 2.3271 -3.6209 
5.2725 4.5560 3.3922 3.6216 3.5185 3.3123 2.9471 2.8412 2.7682 1.8287 1.7553 2.7247 2.3750 2.8752 2.7686 2.8803 2.6590 2.8089 2.5616 2.6181 2.0493 2.2404 1.1941 1.1691 1.9570 1.9091 1.8941 2.0831 2.1247 1.9461 1.2875 1.8130 1.4662 
4.6880 3.8458 3.5229 3.4694 2.9843 2.0076 2.9544 2.7518 2.9142 2.4981 2.9191 2.9905 2.3517 2.5459 2.4537 3.2045 2.7412 3.0983 2.2988 2.2851 2.0171 2.5393 2.3665 1.8360 2.1671 1.7815 1.9013 0.7638 1.5809 1.7677 1.4847 1.1102 0.7644 
5.0072 4.6265 3.8531 3.3880 2.3804 3.2434 2.7853 3.1087 1.7830 1.6934 2.7505 2.3991 3.0188 2.8864 0.9505 1.8159 1.8196 1.7396 0.8089 2.6296 2.7139 1.9530 2.1840 1.0324 1.0020 2.2227 1.7087 2.0193 0.9662 1.6732 1.7781 1.9343 1.1753 
5.3193 4.7041 3.6993 3.0500 2.7682 2.0494 2.8234 3.2279 1.1662 2.9767 3.0068 2.4497 2.8121 3.0510 2.7505 2.7193 2.3973 2.6030 2.5294 2.8201 2.4203 2.0273 2.4440 2.3184 0.4130 2.3061 1.7489 0.8294 1.2907 1.3873 1.6601 2.0510 1.5537 
4.7680 3.5450 3.1315 3.3682 3.4319 2.9177 2.0511 1.8673 3.3870 2.5915 2.9452 1.6062 2.1388 2.0974 2.3147 2.0488 0.2048 1.9365 2.1706 1.7839 1.7422 1.1252 2.3881 1.9171 2.5831 0.9775 0.9860 1.6903 1.9926 1.6481 1.0751 0.8282 0.9592 
4.3211 3.4708 3.4621 2.5624 2.8876 2.0375 3.5998 3.0806 2.4355 2.4860 1.9803 2.9857 2.4806 2.7517 2.2610 2.5400 1.5787 2.4411 2.1143 2.4314 2.1630 2.5320 1.4444 1.8171 1.6659 2.1949 2.5480 0.8107 1.4934 0.9139 1.4309 0.7975 0.5399 
4.2387 3.9354 2.9415 2.3111 2.9400 3.0974 1.6497 3.0006 3.4959 3.3655 3.2144 2.6639 3.5760 3.3823 3.5431 3.8533 3.7284 3.7475 3.3971 3.0689 3.2394 2.1987 2.6793 2.6859 2.7535 2.1401 0.5559 1.8741 1.5540 0.6430 0.9313 1.3164 0.4452 
3.6226 3.2109 3.0729 2.7684 3.6647 2.8377 3.5641 2.8035 3.7975 3.6802 3.5069 2.6572 3.4243 3.1168 3.4443 3.6311 3.3871 3.5553 3.2837 2.8677 3.0283 2.2019 2.9456 3.0158 3.0104 1.8523 2.5027 1.5963 2.2614 1.0508 1.0270 0.6447 -0.2681 
3.7179 4.9417 4.1220 3.8471 3.5865 3.5306 2.7698 3.1360 3.3317 2.2529 2.3131 1.9772 2.3291 2.8064 2.7602 2.3948 2.1900 2.3080 2.5488 2.5142 1.9888 1.5516 1.7527 1.5898 2.5064 2.2430 1.6685 2.3058 2.1784 2.1732 2.0884 2.3267 0.2951 
4.3720 4.2393 3.2335 1.9739 3.0013 3.2926 1.6204 1.8041 2.1907 1.8775 0.8713 2.2061 2.1882 3.1811 2.8259 2.3877 2.2096 2.3072 2.6526 2.9151 1.7938 1.7352 0.3176 1.2140 1.4036 0.9257 0.5522 2.0624 1.6009 0.2401 1.1316 1.6460 0.6357 
3.0195 3.4111 2.6641 2.7937 3.0487 2.3134 2.7101 1.9443 2.8527 2.8782 1.3682 2.5767 2.1663 2.2114 2.2264 2.5487 1.6594 2.4446 2.0710 1.9395 1.7796 2.1507 0.8546 2.2239 2.1017 1.0477 1.6239 1.0898 1.6422 1.0930 0.5590 0.7701 -0.6479 
2.9903 3.6088 3.3182 1.8220 2.9462 2.4283 3.0627 2.7729 2.9544 2.2354 2.2972 2.3774 2.9215 1.6306 2.4483 2.9317 1.9992 2.8545 2.2944 1.3540 2.5645 1.9255 1.7434 1.5784 2.1953 1.8143 2.0467 1.1970 1.5528 0.1060 1.2025 1.0035 -0.7082 
3.5273 3.4716 3.5614 3.4389 3.6034 3.4059 3.1476 2.9940 2.1614 2.7720 1.7781 2.1581 2.9740 2.4305 1.5192 2.5534 0.6391 2.4524 1.2963 2.2026 2.6340 1.6852 1.2037 2.1152 1.3597 2.1268 2.1356 2.1784 2.1968 1.7379 1.5445 0.8562 -0.3948 
3.7126 4.3683 3.5874 3.5479 3.0088 2.7396 2.4734 1.9816 2.5898 2.4738 2.4056 2.2264 2.7985 1.6277 1.2471 1.5494 -0.4518 1.4536 1.0812 1.3484 2.4026 1.7674 1.8553 1.8073 1.7971 1.0590 1.4739 1.5192 1.5810 1.8316 1.5724 1.7458 0.2760 
5.1456 4.7452 3.9358 3.7883 3.4434 2.0708 3.0896 2.3850 2.7463 2.3046 3.1222 1.6070 2.6929 3.3438 3.1823 2.1412 3.0745 2.0462 2.9988 3.0239 2.3092 1.1201 2.5801 1.6557 1.9225 1.5097 2.0776 0.8301 2.0078 2.1389 1.8336 2.1198 1.2852 
5.6780 4.7205 3.7421 3.6403 2.8970 2.5263 3.1589 2.6174 3.2675 1.5864 3.3008 3.0908 2.7806 3.2529 2.7888 3.1408 0.0857 3.0409 2.5947 2.9668 2.3935 2.6691 2.7571 0.9150 2.4509 1.6871 2.1403 1.3222 1.5029 1.9723 1.6934 2.0337 1.8410 
3.3242 3.3961 2.5688 2.3978 2.1118 3.3226 2.8089 2.9351 2.6845 0.8241 2.3450 2.0602 2.5310 2.5413 2.3956 3.0504 1.7554 2.9747 2.2397 2.2788 2.1998 1.5998 1.7821 0.1815 1.8604 2.0547 1.7237 2.0985 0.6496 0.7545 0.5507 0.7111 -0.2701 
3.9934 4.9882 4.0505 3.6281 3.4426 3.3704 2.5861 2.9275 2.7761 3.0569 3.1387 2.9483 2.6654 1.8352 0.9790 1.9054 2.6192 1.8168 0.8130 1.5906 2.2804 2.4835 2.5984 2.3993 1.9781 2.0330 1.5663 2.1436 2.0099 1.9565 1.9958 2.3678 0.2716 
5.2991 4.9342 4.1249 3.6705 3.1886 3.4643 3.6071 3.5283 3.1643 3.5344 3.0435 3.2255 3.3265 2.4842 2.7930 3.0856 2.9079 3.0077 2.6030 2.2506 2.9294 2.7891 2.4975 2.8780 2.3812 2.6388 2.5548 2.2434 1.7676 2.0073 2.1164 2.2906 1.5320 
4.2026 4.1715 3.3899 3.4216 3.5710 3.2886 3.3591 3.1811 2.5400 2.3956 2.4386 2.4546 2.0800 1.7341 0.6984 1.7647 2.3491 1.6829 0.5296 1.5109 1.6930 2.0338 1.8904 1.7388 1.7581 2.2702 2.2598 2.0634 2.1710 1.7183 1.3436 1.5568 0.4950 
5.0610 4.7665 3.8230 3.2473 3.4335 2.9518 3.4926 2.4108 3.5294 2.8455 2.8853 3.2179 2.9328 3.3949 3.3077 4.0505 3.9031 3.9867 3.0875 3.0889 2.5869 2.7829 2.3296 2.1923 2.7812 1.5340 2.4166 1.7279 2.0112 1.5698 1.7522 2.1491 1.2655 
5.0547 4.7028 3.6255 3.5584 3.5944 3.4776 2.8394 3.6199 3.3741 1.7576 2.9604 2.9606 2.3700 3.2138 2.6081 2.8037 2.1875 2.7372 2.4053 2.9382 2.0462 2.4993 2.4004 1.0861 2.5506 2.7549 1.7840 2.2438 2.2018 1.8511 1.6274 2.0690 1.2804 
5.8560 5.2900 4.1911 3.6385 3.7369 3.6420 3.4562 3.2217 3.4530 3.4245 2.9791 2.7654 2.1973 3.0172 2.8045 1.9908 2.6925 1.8952 2.6170 2.7936 1.7972 2.2772 2.4080 2.7715 2.6918 2.2988 2.3933 2.4073 2.3183 1.9666 2.1696 2.6207 2.0565 
3.9171 4.4414 3.7688 3.4057 2.8345 2.9969 3.7639 3.6203 3.3797 2.9926 3.0061 1.9557 2.2903 2.8119 2.4795 3.3697 2.4909 3.2668 2.3057 2.5255 1.9397 1.5289 2.4381 2.3303 2.5673 2.7521 2.7550 1.7654 1.4349 1.6897 1.7043 1.7842 -0.2034 
5.4962 4.5106 1.9262 3.0104 2.8846 2.7943 2.1198 1.8126 2.9463 2.3975 2.1421 1.6689 3.0678 2.7510 2.5534 2.9480 0.9238 2.8685 2.3793 2.4270 2.7627 1.2147 1.5767 1.7322 2.1937 0.9563 1.0271 1.5682 1.4891 1.3357 -0.1791 1.8542 1.7263 
4.4776 3.4276 3.3367 1.8113 1.8724 2.4054 2.5267 3.1553 3.0412 0.7483 2.7897 2.5661 2.9324 2.1380 1.6770 1.4040 0.4365 1.2931 1.5383 1.8078 2.5821 2.1492 2.2253 0.0827 2.2761 2.2552 1.5004 1.1910 0.4411 0.1136 1.2524 0.7817 0.6217 
5.4789 4.8953 4.3589 4.2036 3.6325 3.5847 3.7367 3.6038 3.5358 3.0898 2.1825 3.4415 2.7323 1.2636 2.8748 2.9344 1.1782 2.8559 2.7380 1.0219 2.3311 2.9690 1.6324 2.4142 2.7868 2.7370 2.7262 2.3677 2.2215 2.5119 2.3042 2.2396 1.6437 
3.2888 4.2827 3.7830 2.4108 2.7030 3.3752 2.5063 3.1215 3.3656 2.6962 1.8874 1.6543 2.2139 2.7929 1.6197 2.2273 1.8547 2.1541 1.4866 2.4934 1.8288 1.1972 1.3230 2.0129 2.5451 2.2293 1.5202 2.1513 1.2556 0.6690 1.7224 1.7002 -0.6099 
5.2255 4.7794 4.0046 3.7295 3.6310 2.3932 1.6974 2.6161 3.3770 3.3510 2.8926 3.0440 2.9935 2.8855 3.0187 2.3920 1.8905 2.3016 2.8644 2.6335 2.6636 2.6198 2.3337 2.6726 2.5666 1.7093 0.6732 1.1362 2.2256 2.0881 1.9284 2.1590 1.4461 
4.6320 3.3162 3.5051 3.0841 3.1682 2.7925 0.7332 2.8426 1.4955 2.5615 2.6515 1.9951 2.8686 2.8855 2.1350 2.1298 2.3704 2.0147 1.9146 2.6340 2.4971 1.5599 2.1128 1.8859 0.6902 1.9088 -0.3026 1.5608 1.7235 1.4068 1.4372 0.6073 0.6719 
4.8663 3.5296 1.8764 2.1486 2.8309 2.3525 2.1976 2.5556 2.7766 2.3307 2.1460 2.3516 2.8265 2.3803 1.7603 1.7093 1.7759 1.6296 1.6019 2.1540 2.4378 1.8914 1.5735 1.6688 1.9766 1.6522 1.1197 1.1233 1.3904 0.4219 -0.0576 0.8331 1.0510 
1.6382 3.3209 2.7506 3.0220 3.1527 3.5747 1.7239 3.4795 3.0337 3.0408 2.8656 2.4861 2.4067 1.5466 2.5004 3.1914 1.8471 3.0882 2.3387 1.2533 2.1032 2.0731 2.3001 2.3924 2.2721 2.5678 0.6960 2.3468 1.7264 1.3680 0.6385 0.6600 -2.4100 
5.3157 4.6840 3.9470 3.5936 3.5364 3.7556 3.3742 3.3730 3.0058 3.1316 2.3951 2.1391 1.4843 2.8655 2.0840 2.8670 0.9867 2.7975 1.8682 2.6029 1.0831 1.6481 1.8325 2.4583 2.2379 2.4059 2.2855 2.5277 2.1460 1.8962 1.8427 1.9976 1.5071 
2.8327 3.4647 3.1968 2.8505 2.4500 2.8900 2.9961 2.6429 3.0008 2.8055 1.4122 1.5192 2.8505 2.4081 2.5091 2.7690 0.4052 2.6724 2.3418 2.1824 2.4724 1.0311 0.8651 2.1532 2.2327 1.7200 1.9393 1.6675 1.0311 1.1600 1.1161 0.8849 -1.5189 
5.2493 4.1536 2.7166 3.0564 2.6978 2.3996 3.1642 3.2570 3.4172 2.7883 2.0529 2.7627 2.8944 1.6367 2.6205 2.8009 2.6332 2.7347 2.4159 1.3725 2.5305 2.2813 1.5233 2.1416 2.6239 2.3283 2.1552 1.1594 1.2532 1.3832 0.5466 1.6006 1.4374 
4.9465 4.2537 3.2221 2.5215 3.0210 3.3730 3.2366 2.8992 1.7321 -0.6888 2.5318 0.3020 1.8262 2.0074 2.2692 2.1094 2.2731 2.0013 2.1313 1.7277 1.5268 -0.2080 1.9910 -1.3534 0.9656 2.0009 2.1878 2.1457 1.6268 0.8523 1.1519 1.6187 1.1717 
3.8668 4.4880 3.7723 3.9214 3.8092 2.2234 3.3276 3.4783 2.7492 3.2246 2.1106 2.9880 2.3676 2.5140 2.1605 2.1400 2.8197 2.0410 1.9570 2.2589 2.0359 2.5317 1.5545 2.5464 1.9380 2.5592 2.2485 1.0335 2.3650 2.2225 1.7190 1.8377 0.2472 
4.4032 5.0828 4.4092 3.9579 3.4560 2.7827 3.3646 2.4953 3.4554 3.1803 2.7681 2.7866 2.9535 2.9411 2.9040 2.2551 2.1025 2.1873 2.7595 2.7185 2.6102 2.3083 2.1959 2.5061 2.6983 1.6119 2.2780 1.5429 2.0198 2.2387 2.3506 2.4219 0.5239 
3.9791 0.8272 2.5068 3.4010 3.1210 2.3640 2.1876 3.1785 3.5563 2.7599 1.4737 2.2044 1.9085 1.8036 1.7434 2.1326 1.9329 2.0199 1.5893 1.5775 1.5760 1.7326 0.9197 2.0860 2.8002 2.2747 1.1001 1.1368 1.6920 1.6844 0.5031 -1.1309 0.0786 
4.6564 4.3348 2.9490 2.5752 3.1126 3.5799 2.7282 2.5964 1.9286 2.1539 2.4797 2.7463 1.1284 1.8808 1.1960 2.3935 1.1556 2.3147 1.0566 1.6245 0.7705 2.2576 1.9385 1.4853 1.1368 1.6834 1.6351 2.3484 1.7020 0.9193 0.9488 1.6955 0.9628 
5.2823 3.8621 3.4118 3.5287 3.1025 3.8885 3.2393 1.9541 2.9233 3.0155 2.0734 2.9703 3.0803 2.6850 2.7487 2.9805 2.5044 2.8996 2.5294 2.3891 2.7687 2.5099 1.5419 2.3638 2.1675 1.0537 2.1956 2.6616 1.6939 1.8244 1.3298 1.0891 1.4794 
5.1241 4.3033 3.4021 3.2468 3.0922 2.9750 2.6016 3.2568 3.5243 3.2234 3.0539 3.0057 2.3973 3.4089 3.0032 2.4934 -0.6897 2.3997 2.8418 3.1130 2.0880 2.5540 2.5053 2.5478 2.7733 2.3299 1.5721 1.7479 1.6727 1.5636 1.3356 1.6383 1.2985 
3.8958 3.5037 2.7900 2.8550 2.8410 3.4796 2.8086 3.4436 2.1563 2.6280 2.2658 2.6085 3.0702 2.7533 2.7046 3.1802 2.4417 3.0770 2.4829 2.4383 2.7614 2.1733 1.7085 1.9564 1.3604 2.5090 1.7354 2.2527 1.4309 1.1696 0.6847 0.9001 0.0843 
1.5236 4.7311 3.9476 3.3742 2.5208 2.7598 3.4643 3.4973 3.0010 2.7672 2.9642 2.8892 2.8658 2.2670 2.8796 2.3962 3.4182 2.3220 2.7448 2.0284 2.4892 2.4170 2.4008 2.1239 2.2254 2.5921 2.3972 1.5386 1.1468 1.6449 1.8441 2.1531 -1.4738 
4.4827 4.5926 4.0984 3.7732 3.4835 2.2400 3.4172 3.2255 3.3120 2.6897 2.9372 3.1126 1.8277 3.1282 3.2942 2.9409 2.6071 2.8599 3.0793 2.8790 1.5156 2.7002 2.3847 2.0097 2.4918 2.3058 2.3451 0.9946 2.0657 2.1241 2.0950 1.9096 0.6886 
5.3114 4.6398 3.6219 3.0129 3.6532 3.1159 2.8585 2.7190 2.3498 2.4022 1.8256 2.4075 3.1330 3.3373 3.2690 2.6922 1.9877 2.5787 3.0567 3.0196 2.8040 1.9827 1.2781 1.7536 1.5911 1.7631 1.7871 1.8837 2.2446 1.3453 1.5873 1.9331 1.5344 
4.6630 4.5713 3.7196 1.9163 3.0830 3.5930 3.3365 2.9507 3.0860 2.9509 2.6175 2.0834 1.7928 2.4954 1.7611 2.7657 2.2227 2.6676 1.6061 2.2470 1.5035 1.6046 2.0803 2.2910 2.3167 2.0657 2.2462 2.3698 1.6760 0.0864 1.6704 1.9277 0.9313 
4.7340 5.0931 4.3711 3.7001 3.6182 3.3314 3.4529 2.8039 3.3798 2.3012 2.8182 3.0639 2.7555 3.3327 3.1611 2.9884 3.2072 2.9079 2.9839 3.0199 2.3511 2.6397 2.2601 1.6247 2.5775 1.8330 2.3754 2.1063 2.2081 2.0434 2.3288 2.4316 1.0129 
2.8266 5.0319 4.4522 3.8867 4.0003 3.1271 2.8436 2.3739 3.3667 3.3300 2.6908 3.1638 2.6010 2.2614 2.8557 2.3258 3.0982 2.2483 2.7052 2.0215 2.2378 2.7521 2.1485 2.6485 2.5488 1.5284 1.7789 1.8775 2.5341 2.1938 2.3892 2.3985 -1.6726 
4.9670 4.9317 4.0123 3.8207 3.7092 3.7845 2.7171 2.9272 2.8884 3.2128 2.2770 2.4849 1.6988 2.8182 3.3789 2.3952 2.9629 2.3097 3.1693 2.5353 1.3334 2.0735 1.7060 2.5368 2.1461 2.0338 1.6223 2.5556 2.2975 2.1565 1.9203 2.2970 1.1302 
3.4137 3.6102 3.0191 3.4263 3.6733 2.8942 3.4168 2.7013 1.5943 2.7890 2.2887 2.8706 3.1857 3.1193 3.1296 2.6370 2.1162 2.5250 2.9569 2.8686 2.8385 2.4028 1.7230 2.1416 0.8010 1.7476 2.3402 1.6494 2.2659 1.7258 1.0147 0.9946 -0.4867 
4.1281 3.9367 2.3276 2.5243 1.5981 3.3485 2.9623 2.7497 2.7710 3.0187 1.7849 2.8690 2.3191 2.6553 2.8363 1.9019 1.5264 1.8005 2.6726 2.3647 1.9703 2.3988 1.2133 2.3655 1.9643 1.7866 1.9019 2.1257 0.1781 0.8774 0.2178 1.2479 0.4393 
4.5133 3.8676 2.7948 1.9940 1.1818 2.2604 3.3986 2.5459 2.4504 0.9797 2.2623 2.4260 1.8823 3.0210 2.9970 2.5049 2.6889 2.4073 2.8373 2.7967 1.5468 2.0081 1.6926 0.2665 1.6899 1.6306 2.3152 1.0649 -0.2741 0.3702 0.6820 1.2837 0.6492 
3.4791 4.1590 2.8731 2.7874 2.5238 2.9588 2.4053 2.6132 2.9790 2.8785 2.3544 1.7470 2.3201 2.1494 2.4808 2.0584 2.3982 1.9452 2.3169 1.8294 1.9721 1.2799 1.7843 2.2251 2.2154 1.6977 1.3755 1.7304 1.1175 1.0834 0.7825 1.5772 -0.2976 
4.0616 3.8351 2.4910 3.1116 2.4680 3.3701 2.5659 3.3260 2.7551 2.7119 1.2254 2.5270 2.8146 1.7884 2.7718 2.8281 2.4943 2.7621 2.5714 1.5675 2.4219 2.1173 0.6591 2.0346 1.9282 2.3808 1.5354 2.1461 1.0275 1.4789 0.4282 1.1658 0.3036 
5.2124 4.1114 2.8508 2.8009 3.1580 3.1372 3.4271 2.9158 1.7031 1.7846 2.2376 0.4869 1.8812 2.1141 1.5223 1.7784 -0.5170 1.6924 1.3039 1.7929 1.5601 0.0053 1.6775 1.1281 0.9450 2.0168 2.3489 1.9157 1.7318 1.1063 0.8327 1.4488 1.3878 
