3.6142 3.4800 4.0587 4.1279 4.0204 4.0815 3.7436 3.0769 2.8735 3.0842 3.0696 2.7354 3.0508 2.7179 3.2799 3.2075 2.1348 3.1458 3.1517 2.5434 2.7460 2.4070 2.6322 2.5821 2.2588 2.3606 2.9552 3.1370 2.9238 2.8237 2.5149 1.3987 0.7261 
3.8360 3.1272 3.2776 3.0058 2.2014 3.0158 2.8943 2.0638 1.3616 -1.1323 1.4694 1.9720 2.0714 1.6864 2.4871 1.8879 1.6092 1.8102 2.3215 1.4948 1.7653 1.6248 1.0442 -1.1330 0.7602 1.3159 2.0911 2.0689 1.1276 1.6753 1.6946 1.1548 0.8013 
4.0335 3.0565 3.4845 4.2258 4.1954 4.0086 3.3422 2.8818 3.0427 2.9471 2.3028 2.5618 2.2601 2.6432 2.6620 2.6384 2.1135 2.5817 2.5517 2.4546 2.0242 2.1940 1.8819 2.4210 2.4325 2.1751 2.5466 3.0600 3.1070 2.9602 1.8741 1.0662 1.1238 
5.1242 4.1561 4.2358 4.1266 3.3811 3.8747 2.0971 2.7394 2.0683 2.8530 2.5602 2.3516 2.6585 1.6296 2.2353 2.0274 2.3635 1.9498 2.1140 1.3940 2.3873 2.0507 2.1247 2.3437 1.4648 2.0825 1.3212 2.9259 2.2635 2.8203 2.6685 2.0917 2.2029 
5.0244 4.5930 4.1498 4.0276 3.4979 3.1445 3.2991 3.3188 3.2102 3.1435 3.0725 2.8590 2.7405 2.9027 2.6577 2.8733 2.7160 2.7943 2.5465 2.6869 2.5081 2.5368 2.6369 2.6358 2.6229 2.6229 2.5245 2.1914 2.3699 2.7135 2.5858 2.5568 2.0949 
5.1085 4.1743 3.4774 2.9464 3.3337 3.3939 3.1368 2.6500 2.6562 2.5903 2.5872 2.5208 2.6090 2.1805 1.6226 1.9920 2.2537 1.9057 1.4887 1.9965 2.3195 2.1457 2.1525 2.0878 2.0776 1.9544 2.3118 2.4461 2.2263 1.6304 1.8492 2.0974 2.1712 
4.7754 4.2944 3.9771 3.6748 3.5972 3.1049 3.0529 3.0569 2.9521 2.8437 2.7401 2.9015 2.9338 2.6639 2.7338 2.5740 1.9503 2.5203 2.6136 2.4825 2.6424 2.5627 2.3181 2.3253 2.3224 2.3362 2.2219 2.1583 2.5263 2.3748 2.3788 2.2238 1.8136 
4.4571 4.0912 3.6758 3.3662 3.3683 2.7843 2.2394 2.7353 2.4126 2.6254 2.5142 1.9465 1.6602 2.2946 2.7521 2.3388 2.1467 2.2642 2.6336 2.1167 1.3770 1.6061 2.0773 2.1217 1.7909 2.0693 1.4239 1.8394 2.2508 2.0827 2.1110 2.0658 1.5117 
4.2270 3.8327 3.4166 3.1476 3.0373 2.1325 2.3341 1.7054 2.3923 2.1030 2.1151 2.2307 2.4886 1.6259 1.7604 1.5865 1.1333 1.5071 1.6387 1.3983 2.1882 1.8831 1.6769 1.5988 1.7840 1.0369 1.5512 1.1780 1.9115 1.8353 1.8076 1.7662 1.3068 
4.2613 4.0216 3.0995 3.0887 1.2402 2.8309 2.6792 2.6694 2.5780 2.0445 2.5667 2.1211 2.3750 1.9284 1.7832 2.0724 2.2963 2.0010 1.6630 1.7152 2.1133 1.7554 2.1295 1.5284 1.9719 1.9862 1.8592 1.8860 0.1646 1.7724 1.5356 1.9686 1.3075 
3.9089 3.8611 3.9647 3.5550 4.4806 3.7681 2.5731 2.4901 2.6643 2.7162 2.6999 2.2356 2.6239 1.6573 1.8497 2.4338 1.4402 2.3506 1.7192 1.4541 2.3343 1.8899 2.2636 2.2028 2.0879 1.7594 1.7400 2.8126 3.3782 2.2484 2.3595 1.8001 0.9507 
4.8029 4.6705 5.8608 5.7219 5.8804 5.6348 5.1899 5.1310 4.7021 5.0094 4.6278 3.6801 4.5244 4.1404 3.5859 3.1625 3.8732 3.0964 3.4783 3.9621 4.2411 3.3539 4.2009 4.5027 4.1070 4.4574 4.4167 4.6841 4.7655 4.4398 4.2603 2.6982 1.7918 
4.5451 3.6913 3.5690 3.7834 5.4056 4.6536 4.4845 4.4460 4.1060 3.2598 3.5018 3.0405 3.6288 3.8120 3.6173 3.0156 3.5436 2.9398 3.5054 3.6038 3.3654 2.6727 3.0634 2.7390 3.5215 3.7070 3.6489 3.7235 4.2868 2.5686 2.1090 1.8163 1.4317 
4.8421 4.1313 4.3045 3.5668 4.3484 3.5319 3.3472 2.9649 3.1504 3.0140 3.5694 3.2296 3.2975 3.2060 3.4127 2.8366 2.7518 2.7569 3.2478 3.0335 3.0421 2.9055 3.1365 2.5068 2.5640 2.2417 2.5471 2.5780 3.2177 2.2824 2.7113 2.0964 1.9055 
4.5161 3.9663 3.1620 3.3776 4.5930 4.0385 3.3349 2.9150 2.7304 2.2853 2.9766 2.0663 3.1230 2.7317 2.3396 2.7293 2.6883 2.6655 2.2063 2.5540 2.8436 1.6980 2.5453 1.7812 2.1430 2.2045 2.5475 3.0878 3.5119 2.0993 1.6180 1.8439 1.5796 
4.1628 3.9978 3.9998 3.1230 4.0572 3.5275 3.5809 3.4030 3.0111 3.0978 2.6415 2.6118 2.6698 2.2830 2.0535 2.3798 2.3477 2.3012 1.8833 2.1030 2.3987 2.2530 2.2101 2.5922 2.3824 2.6839 2.7523 2.5777 2.9786 1.8196 2.4125 1.9623 1.3056 
3.5141 3.8024 3.3221 3.5737 3.4786 2.7915 2.2132 2.1156 2.6135 2.1148 2.3305 1.6831 1.9371 1.8765 0.7740 1.6510 1.6356 1.6044 0.6355 1.6844 1.6577 1.3119 1.9063 1.6137 2.0389 1.3690 1.3946 1.8247 2.3380 2.2598 1.7719 1.7855 0.6174 
4.9076 4.6220 4.4314 4.1661 4.4853 4.5327 4.0759 3.4903 3.3322 3.9360 3.5918 3.6160 3.5082 2.8360 3.2816 3.9861 2.9712 3.9290 3.1585 2.6341 3.2061 3.2558 3.1603 3.4152 2.7250 2.7380 3.2598 3.5846 3.3901 2.8728 2.8102 2.5854 1.8692 
4.5939 4.0343 3.6776 3.8067 3.7621 3.3189 3.7163 3.3179 3.6044 2.9251 3.4729 3.3475 2.9096 3.0519 2.8070 2.6216 2.4651 2.5670 2.6772 2.8276 2.6251 3.0172 3.0314 2.3966 3.0226 2.6200 2.9275 2.3967 2.6677 2.5324 2.1182 1.9613 1.6240 
3.8671 4.1694 3.5699 3.9473 3.9980 3.1445 2.8482 3.4085 3.4719 3.0770 2.8337 2.6999 3.0089 2.5844 2.7313 2.3314 1.6816 2.2611 2.6088 2.3656 2.7002 2.3494 2.4124 2.5710 2.8337 2.6875 2.0674 2.1890 2.8864 2.6244 2.0184 2.1597 0.8758 
4.5278 4.4674 4.4137 3.2311 3.6864 2.3619 3.2222 2.8063 3.3352 3.0212 2.7470 2.9061 2.5587 2.8424 2.6215 2.4521 2.5406 2.3680 2.5113 2.6415 2.2584 2.5653 2.3231 2.5175 2.7288 2.1242 2.4290 1.4654 2.6026 2.0048 2.7847 2.4284 1.5995 
5.3905 4.5273 4.0972 3.6888 2.8322 3.2181 3.3052 3.1289 3.0715 2.5302 2.7806 2.6330 2.6660 2.4078 2.5096 2.1825 2.4211 2.1245 2.3391 2.1965 2.3931 2.2664 2.3599 2.0125 2.4825 2.4374 2.5235 2.2675 1.7246 2.3972 2.5402 2.4294 2.4186 
4.6022 3.5479 2.6814 2.6780 3.1689 2.8829 1.7443 1.6159 2.3308 1.8766 1.8498 2.1200 1.7875 1.2529 2.2666 1.9743 1.1067 1.8897 2.1498 1.0783 1.5404 1.7550 1.4248 1.3594 1.7366 0.8756 0.9596 1.9350 2.0931 1.3556 1.1586 1.4676 1.6630 
4.2305 4.1223 3.6919 3.5901 3.4634 3.1817 3.2090 2.9801 2.9763 2.2571 2.5252 2.5078 2.7743 2.7640 2.5378 2.3905 1.7448 2.3100 2.3717 2.5842 2.5390 2.1387 2.0851 1.7471 2.3401 2.2448 2.4113 2.2380 2.3209 2.2769 2.1416 2.1007 1.3066 
4.5330 3.7933 3.2364 3.1983 3.2042 3.5849 2.9486 2.7279 2.7661 2.8170 2.8136 2.7402 2.6300 2.6243 2.1588 2.3105 2.2897 2.2510 2.0504 2.4245 2.3447 2.4099 2.3946 2.3003 2.1785 2.0576 2.1200 2.6401 2.1193 1.8994 1.6763 1.7052 1.6061 
3.6783 3.0705 2.7312 2.6339 2.3168 2.4679 2.2503 1.7527 1.8893 2.0543 1.6989 2.3032 2.3964 2.2151 2.2900 2.3336 1.1525 2.2617 2.1676 2.0402 2.1259 1.9854 1.2724 1.5407 1.2857 1.0630 1.4250 1.5230 1.2473 1.3093 1.2026 1.1427 0.6717 
4.4787 4.0144 3.5365 3.5550 3.4463 3.0368 2.7317 2.9607 2.6843 2.4557 2.5588 2.5526 1.3829 2.6034 2.3397 2.3916 2.5596 2.3118 2.2099 2.3937 1.1249 2.1806 2.1206 1.9343 2.0993 2.2331 1.9264 2.0893 2.3033 2.2452 1.9346 1.9462 1.4931 
4.5519 4.0096 3.0139 2.9308 3.6604 3.7910 2.8358 2.7717 2.5693 2.5167 2.0281 2.3019 1.9514 2.6597 2.5614 2.6736 2.5345 2.6143 2.4155 2.4814 1.6595 1.9811 1.5980 1.9947 1.9553 2.1027 2.0296 2.8476 2.5810 1.6406 1.3998 1.9359 1.6097 
4.5327 3.6817 3.3385 3.3084 3.1507 2.6008 1.6053 2.5557 1.6019 1.8752 1.7950 2.1452 2.1885 2.2117 2.2910 1.7161 -0.0652 1.6587 2.1691 2.0386 1.9120 1.7836 1.3695 1.3528 0.9912 1.8228 0.7406 1.6598 2.0741 2.0265 1.7455 1.5944 1.5852 
5.1078 4.4515 4.6297 5.1709 5.0629 5.4635 5.4734 5.6203 4.9352 4.8305 4.4849 5.0286 5.0991 4.5239 4.5768 4.8757 3.6011 4.7885 4.4599 4.3222 4.8581 4.6687 4.0383 4.3156 4.3159 4.9463 4.6439 4.5151 3.9804 3.9123 3.0753 2.3264 2.1175 
4.4895 4.8411 5.5789 5.2384 4.3705 4.3153 4.6927 4.4374 3.8774 4.0827 3.6200 2.9853 2.8413 2.9475 3.5520 3.0841 1.3460 3.0319 3.4273 2.7248 2.5800 2.6053 3.1866 3.5773 3.2523 3.6926 3.9105 3.3752 3.2280 3.9633 4.0205 2.7680 1.4090 
5.4802 5.3065 5.0454 4.7819 4.4293 3.9339 3.5129 2.7314 3.9036 2.9869 3.2790 3.2759 3.9002 3.2862 3.3834 3.2925 3.3154 3.2138 3.2257 3.0928 3.6033 2.9626 2.8630 2.4512 3.2730 2.0642 2.6822 2.9861 3.2826 3.4931 3.4948 3.2346 2.5779 
5.7250 4.9042 3.6286 4.2161 4.4641 3.3112 3.7939 3.6600 3.8173 2.7910 3.2964 3.3589 3.1047 3.1940 3.1970 2.6430 2.9053 2.5863 3.0734 3.0190 2.8231 3.0265 2.8821 2.2666 3.2064 2.9915 3.0107 2.3463 3.3503 2.9381 2.0485 2.7585 2.7422 
4.8514 3.0131 3.6211 3.5896 3.5940 3.0558 2.8122 2.6353 2.9004 2.5582 2.0277 2.5514 2.6744 2.5299 2.0237 1.6722 2.3185 1.6248 1.8673 2.2749 2.4086 2.1791 1.5895 2.0456 2.2778 1.9623 2.0469 2.1211 2.5174 2.2627 2.0791 0.7025 1.8237 
4.6946 4.5848 4.1253 3.9855 4.1514 3.3828 3.3070 3.3232 2.8259 2.8008 2.1825 2.6592 2.3549 2.9213 2.7297 2.7907 2.5990 2.7294 2.6062 2.7023 2.1035 2.2977 1.7580 2.2786 2.2230 2.6251 2.5190 2.4658 3.0609 2.6759 2.5654 2.5684 1.7681 
3.3553 3.0615 3.2216 3.0907 2.6196 2.5753 3.0321 2.8427 2.1282 2.5861 2.8047 2.3444 2.4664 2.5477 1.8324 2.1532 1.5705 2.0987 1.7148 2.3076 2.1750 2.0269 2.3851 2.0823 1.5477 2.1431 2.1967 1.6275 1.5438 1.7840 1.6647 1.0320 0.4817 
4.0051 3.3741 3.1562 3.3541 3.4335 3.3395 3.4074 3.7242 2.4069 3.0680 2.1804 2.5278 2.6014 2.6655 2.4541 2.6274 2.2571 2.5727 2.2958 2.4889 2.3071 2.1572 1.7451 2.5632 1.7883 3.0521 2.5854 2.3903 2.2909 2.0723 1.6146 1.2773 1.0228 
3.6488 3.9449 3.5174 3.2292 2.9303 3.1556 2.2601 3.5846 3.3779 2.8279 1.5799 2.8005 3.2031 3.1192 2.6599 1.6785 1.8073 1.6203 2.5470 2.9278 2.9543 2.4863 1.1228 2.3052 2.7494 2.8901 1.4569 2.2162 1.7881 1.9630 1.9253 1.8782 0.7143 
4.1395 4.0631 3.6674 3.5861 2.6047 2.6840 2.6208 2.7445 2.5531 2.5767 2.7964 2.6796 1.3651 2.5514 2.2682 2.1133 1.6276 2.0623 2.1499 2.3142 1.1136 2.3205 2.3762 2.0767 1.9307 2.0799 1.7894 1.7358 1.5096 2.2646 2.1039 2.0462 1.1660 
4.7650 4.2627 3.9997 4.3624 4.2303 4.1938 4.4164 4.4662 4.4413 4.0198 3.6489 3.6441 3.4926 3.2073 2.5635 2.7639 2.6198 2.7060 2.4176 3.0303 3.1893 3.2911 3.2116 3.5148 3.8169 3.7390 3.5752 3.2495 3.1341 3.0571 2.4243 2.1975 1.8067 
5.2654 4.4289 4.1536 3.7705 3.6276 3.4574 3.2089 3.4215 3.5513 2.8495 3.3159 2.7384 2.4969 2.1177 2.2117 2.2833 2.1825 2.2329 2.0994 1.8935 2.1887 2.4011 2.9025 2.3330 2.9644 2.6972 2.4075 2.5064 2.5495 2.5053 2.5936 2.2876 2.2956 
4.8618 3.6586 3.0231 3.2804 3.0910 2.6190 2.7729 3.1803 2.6503 2.8366 2.1237 2.1479 2.5880 2.5235 2.4855 2.2356 2.1756 2.1726 2.3181 2.2725 2.2868 1.7844 1.6885 2.3168 2.0669 2.5085 1.9752 1.6676 1.9947 1.9959 1.3676 1.5010 1.8559 
4.3465 4.0954 3.6615 3.3864 3.1225 2.4386 2.6519 2.4599 2.3057 2.4821 2.5729 2.1891 1.5518 1.6005 2.1586 1.7948 2.0845 1.7371 2.0537 1.3712 1.2483 1.8224 2.1348 1.9613 1.7131 1.7339 1.8273 1.4828 2.0549 2.0855 2.0994 2.0753 1.3758 
3.0960 3.0230 2.7109 3.0897 1.1983 2.2466 1.7796 2.0752 2.0914 1.9395 1.6863 2.1654 1.2798 1.3750 1.4559 1.1622 1.5528 1.1084 1.3109 1.1823 1.0064 1.7992 1.2551 1.4218 1.4870 1.3426 0.9621 1.2930 0.0752 1.7759 1.1818 0.9526 0.3142 
3.3395 3.7685 3.2071 3.1098 2.1278 2.6735 2.6487 2.1284 2.1185 2.1679 1.7142 2.0950 1.9707 1.9493 1.7794 2.0865 1.5866 2.0303 1.6511 1.7353 1.6822 1.7296 1.2831 1.6611 1.5209 1.4145 1.8220 1.7274 1.0953 1.7884 1.6490 1.7637 0.4300 
4.5233 3.8792 3.3182 3.1076 2.5895 2.3622 2.5985 2.5793 2.0638 1.6566 1.9857 2.6499 2.4145 2.1902 1.8886 0.8252 -0.6965 0.7641 1.7543 2.0076 2.1380 2.2871 1.5767 1.1512 1.4373 1.8537 1.7723 1.4216 1.4772 1.7900 1.7309 1.7794 1.5938 
4.7212 3.4853 2.9737 2.6288 2.6484 2.6501 2.4251 1.9080 2.3691 2.1774 2.2525 1.5886 2.0341 1.6467 1.5562 1.7850 0.9444 1.7244 1.3875 1.4299 1.7254 1.2149 1.8139 1.6711 1.7654 1.2110 1.6212 1.7068 1.5759 1.3084 1.3435 1.2955 1.7614 
2.3863 4.3076 4.2985 4.1598 4.2518 4.3879 4.4301 4.6288 4.9015 4.9174 4.7717 4.7415 4.5908 4.4934 4.3478 3.9585 3.6576 3.8757 4.1851 4.2809 4.3284 4.4243 4.3565 4.4126 4.2701 3.9627 3.5910 3.4403 3.1549 2.8690 2.7121 2.2609 0.4152 
4.9265 4.1344 3.6098 4.2631 4.2377 4.1468 4.0744 3.4602 3.4865 2.8327 2.9763 3.5072 3.6649 3.3429 3.7241 2.8986 3.2024 2.8069 3.6001 3.1402 3.4112 3.1354 2.5465 2.3235 2.8630 2.7297 3.2515 3.1969 3.1389 3.0004 2.0789 2.1363 2.0141 
4.7950 3.8359 4.0939 3.8353 3.9590 4.0650 4.1150 4.2923 4.3792 4.5802 5.0317 4.6740 3.6143 3.9720 2.9577 2.5433 3.6135 2.4816 2.7951 3.7336 3.3496 4.3469 4.6022 4.0738 3.7494 3.5892 3.3005 3.1207 2.8269 2.5480 2.5469 1.7259 1.8325 
4.2384 3.1941 4.0168 4.4264 4.4737 4.5842 4.6083 4.4312 4.1299 3.7463 3.4456 3.1087 3.5185 3.4221 2.9884 2.8994 2.8574 2.8164 2.8157 3.1954 3.2124 2.7449 3.0165 3.2291 3.5385 3.6868 3.7954 3.6405 3.3674 3.0983 2.4512 1.2575 1.2872 
4.4256 3.1478 2.4672 3.0727 3.0919 2.7782 2.7968 3.1035 3.0873 2.5795 2.5788 2.9442 1.9810 2.2991 2.2988 1.6312 1.9555 1.5758 2.1740 2.1210 1.6784 2.5875 2.1502 2.0697 2.5097 2.4092 2.0120 1.8376 1.9940 1.7752 0.7890 1.1706 1.4282 
3.6871 3.0681 3.0032 3.1888 3.3766 3.4762 2.9572 2.9144 2.9770 3.0148 2.3978 2.2879 2.8998 2.5044 2.3647 1.9647 1.8936 1.8814 2.2287 2.2606 2.6217 1.9543 1.9819 2.5053 2.3434 2.1976 2.1213 2.5291 2.2599 1.8910 1.4142 1.0802 0.7749 
4.5530 3.6869 3.0180 1.6673 3.0418 2.1615 2.7480 2.0233 2.2623 2.5299 2.7561 2.6024 2.2116 2.7887 2.4496 2.2598 2.3070 2.1995 2.2854 2.6030 1.9476 2.2404 2.3334 2.0150 1.6747 1.2940 1.9580 1.2324 1.9282 0.3700 1.4158 1.6305 1.6279 
4.5796 3.7264 3.8629 3.3642 3.4909 4.5078 4.4741 4.1494 4.0182 3.9681 3.6177 3.8223 2.9070 3.3264 2.9689 2.5907 3.2073 2.5363 2.8037 3.1232 2.6202 3.4932 3.1851 3.4673 3.4225 3.4812 3.6421 3.5642 2.3872 2.0703 2.2652 1.6593 1.6473 
5.0901 4.6907 4.2050 4.2576 3.8390 3.5304 3.0506 3.6430 3.2118 3.4149 3.3626 3.3203 2.7477 3.2725 2.9571 3.0364 3.1163 2.9774 2.7895 3.0837 2.5190 3.0031 2.9473 2.8957 2.6253 2.9692 2.2235 2.5826 2.7277 2.9881 2.6384 2.6464 2.1535 
5.3640 4.9325 4.4437 3.8962 3.6561 4.0469 3.9706 3.9921 3.6603 3.5150 3.6374 3.2206 3.1142 3.4441 3.4179 3.1707 3.2020 3.1079 3.2528 3.2071 2.8335 2.8895 3.2054 3.0132 3.0704 3.2651 3.1304 3.1049 2.5697 2.5864 2.8276 2.8532 2.3693 
5.3014 3.8047 3.2880 2.5679 1.8560 2.6269 2.3177 3.0801 2.2150 2.5351 2.2723 2.4818 2.5703 2.4717 1.0603 1.9653 1.7733 1.8600 0.9498 2.2332 2.2659 2.1273 1.8441 2.0106 1.6360 2.3749 1.5274 1.7038 0.7859 1.1076 1.7227 1.8750 2.3021 
5.1942 4.7157 4.1548 4.4012 3.9684 3.1551 2.8984 3.2480 3.0137 2.5252 2.8699 2.7341 2.7602 2.7979 2.9093 2.7607 2.5156 2.7031 2.7495 2.6105 2.5292 2.3967 2.4531 2.0013 2.3814 2.5719 2.0980 2.2049 2.8305 3.0802 2.5900 2.6561 2.2421 
4.8811 4.4293 3.7146 3.1066 2.8452 3.5130 3.6083 3.7084 3.0902 3.0256 1.8098 3.0685 3.0467 2.6410 2.4592 2.0981 2.1751 2.0464 2.2956 2.4478 2.7404 2.7076 1.4116 2.5228 2.5097 3.0372 2.7852 2.5674 1.7504 1.7834 2.1445 2.3234 1.8935 
4.9693 4.1741 3.6139 3.5057 3.0384 3.0460 2.8194 3.0490 3.0195 2.7675 2.3847 1.7347 2.0985 2.5587 1.7210 2.1950 2.1689 2.1338 1.6070 2.3245 1.7922 1.3816 1.9691 2.2602 2.3952 2.3243 2.0402 2.0999 1.9156 2.1775 2.0519 2.1008 2.0162 
3.6247 3.8976 3.8004 4.4914 4.4512 4.1872 4.0505 3.8185 3.6910 3.2690 2.7326 3.1288 3.2121 2.6588 2.7696 1.9520 0.6256 1.8623 2.6475 2.4741 2.9755 2.7689 2.2956 2.7504 3.1059 3.1165 3.2153 3.2445 3.3215 3.1832 2.2274 1.8400 0.6021 
4.6996 4.0671 4.1717 4.5318 4.3481 4.3910 3.9586 2.5488 3.2944 1.5256 3.8305 3.6570 3.9787 3.8385 3.5379 2.6393 2.2381 2.5796 3.4050 3.6245 3.6775 3.3133 3.4175 1.1167 2.6975 1.7897 3.1171 3.4413 3.2176 3.2138 2.6297 2.0349 1.7767 
4.0640 3.6464 3.5744 1.9511 3.1745 3.6497 3.6508 3.1695 2.8490 1.8813 2.6082 1.1813 1.7765 1.7893 1.4889 1.7812 2.2585 1.7238 1.3295 1.6151 1.5315 0.8203 2.1715 1.3461 2.2457 2.4935 2.8336 2.7069 2.0958 0.6691 2.0232 1.5986 1.1481 
4.4251 3.9375 3.3880 2.0296 2.4992 3.3144 1.3076 2.9856 2.3345 2.7824 1.8534 1.9824 1.6866 2.5580 2.7394 2.2856 2.1898 2.2273 2.6219 2.3274 1.4042 1.6290 1.4356 2.2669 1.7338 2.2523 0.6020 2.3704 1.3707 0.6842 1.7844 1.8345 1.4425 
3.7941 3.1835 3.7897 3.2566 3.2526 2.4799 2.1805 2.2462 2.5027 2.4161 1.7243 2.0730 1.9729 2.2455 1.2877 1.8610 1.5999 1.7893 1.1653 2.0710 1.6859 1.6999 1.2937 1.8978 1.8674 1.5769 1.3652 1.5323 2.1604 1.9648 2.2181 1.2015 0.8442 
2.6765 3.3890 2.8134 3.0253 2.7286 3.2134 3.2762 2.0652 2.8766 2.7622 2.6758 2.1857 2.0956 1.9672 2.5106 2.2978 1.7095 2.2373 2.3414 1.7532 1.7904 1.8209 2.2472 2.2576 2.2620 1.3103 2.4923 2.2714 1.6561 1.6995 1.2422 1.3645 -0.2766 
4.4517 3.3037 2.9363 2.2088 3.0227 3.0592 2.7003 2.3164 2.1010 1.8033 0.7336 2.5299 1.5348 1.0323 2.0865 0.3484 2.1523 0.2819 1.9379 0.8073 1.2396 2.1522 0.3101 1.3079 1.4990 1.6382 1.8829 2.1130 1.8874 0.8894 1.2973 1.1465 1.4508 
3.2827 3.5039 2.7357 2.5555 2.9413 1.7629 1.6520 2.3105 2.5413 2.0937 2.1043 1.9850 2.1313 2.0976 0.6884 1.6599 -1.2230 1.6043 0.5815 1.8678 1.8373 1.6345 1.6668 1.5906 1.9143 1.6371 0.8376 0.7883 1.8097 1.2410 1.1693 1.4566 0.4187 
3.3311 3.0843 2.5540 3.1307 2.8891 2.3338 2.2607 1.6291 2.5389 2.5486 2.2360 2.2761 1.6913 2.0874 1.1372 1.5197 1.9356 1.4409 0.9874 1.8508 1.4186 1.9440 1.8033 2.0387 1.9160 0.9134 1.4680 1.3812 1.7742 1.8259 0.9903 1.1136 0.3746 
3.6756 4.4399 3.7986 4.1281 4.5118 3.2529 4.2957 3.5693 3.5653 1.9027 3.1760 3.0623 3.5736 3.0935 3.1339 2.7725 2.7498 2.7213 3.0214 2.8916 3.2885 2.6973 2.7421 1.4404 2.9765 2.8681 3.4984 2.3690 3.4240 2.8422 2.2259 2.4027 0.8195 
5.4325 4.8583 4.4557 3.2868 2.9977 3.7825 3.8851 4.1275 3.9619 3.7490 3.4511 3.2993 3.3701 3.3041 3.3635 3.0828 2.7293 3.0297 3.2105 3.1060 3.0916 2.9805 3.0202 3.2308 3.3331 3.4557 3.0663 2.8324 1.8651 1.9843 2.8475 2.7419 2.4813 
5.5747 4.8565 4.7676 4.6260 3.9792 4.0121 3.7066 3.5000 3.2116 3.4855 3.4743 2.7578 3.0102 3.4915 3.7247 3.5238 3.3860 3.4740 3.6000 3.2507 2.7027 2.4347 3.0338 2.9744 2.6276 2.7633 2.9169 3.0667 2.8512 3.3288 3.1736 2.7326 2.6111 
3.0441 4.8071 4.0625 3.1575 4.4903 4.4035 4.0992 3.7234 3.7017 3.9281 3.2546 3.1016 3.7691 3.8519 3.4200 3.5087 3.4334 3.4556 3.2498 3.6336 3.5189 2.7347 2.8374 3.4009 3.1169 3.0486 3.2765 3.4613 3.4006 1.8868 2.4919 2.7657 0.0186 
5.3292 4.8325 4.4139 3.8975 3.7595 3.4874 3.9672 3.7210 2.9638 3.7453 3.5686 3.4560 3.0979 3.0744 3.3992 2.9832 3.2110 2.8969 3.2370 2.8674 2.8054 3.0841 3.1364 3.2304 2.3477 3.0446 3.1313 2.5399 2.6713 2.5872 2.7898 2.7414 2.3651 
4.9688 4.2389 2.2732 3.3196 3.3115 3.0466 2.6327 3.0245 2.5998 1.3139 1.2931 2.1835 2.7978 2.5726 1.8450 1.9426 0.8715 1.8723 1.7093 2.3478 2.5526 1.8289 0.8620 0.8022 2.0157 2.2841 1.7924 2.0925 2.2163 2.0555 0.6809 2.1661 2.0427 
3.9762 3.1605 3.5031 3.4965 3.1735 2.4263 2.6246 2.2420 2.3109 1.3176 1.2340 1.6688 0.1852 2.0764 1.8519 1.9578 1.5077 1.8669 1.7188 1.8389 -0.0016 1.3013 0.8041 0.8366 1.7111 1.5633 1.7927 1.4918 2.0834 2.1748 1.9284 1.2248 0.9508 
3.9610 3.5897 3.5278 3.2467 3.3307 2.9431 2.6572 1.3022 2.2466 1.7135 1.5071 1.6410 1.0557 2.0239 2.5689 2.2088 1.5419 2.1501 2.4251 1.7899 0.7654 1.2773 1.1090 1.1949 1.6511 0.5992 1.8271 1.9853 2.2258 1.9709 1.9577 1.5753 1.0686 
3.7403 3.8187 3.5842 3.1446 2.7324 2.5999 2.9244 2.5688 2.7450 2.6389 2.0023 2.2164 2.0488 2.9621 2.4918 2.2170 1.5849 2.1516 2.3207 2.7303 1.7559 1.8640 1.5826 2.1309 2.1601 1.8484 2.1128 1.6466 1.6577 1.8321 2.0359 1.7855 0.8431 
4.4817 3.8460 3.3208 2.7500 2.4799 2.7871 1.9412 2.7272 2.7601 1.6668 1.3489 1.6752 2.1906 1.2812 1.6812 1.2119 -0.5085 1.1491 1.5809 1.1118 1.9173 1.3125 0.9256 1.1580 2.1714 2.0612 1.1321 1.8433 1.3496 1.4607 1.7339 1.7534 1.5333 
4.1173 2.8411 2.6620 2.4077 2.8079 2.0878 2.3397 2.4094 0.8995 2.1302 0.6523 2.1116 1.5783 1.3460 1.3708 1.5175 1.3919 1.4299 1.2579 1.1613 1.2765 1.7428 0.2530 1.6230 0.2450 1.6971 1.5696 1.1226 1.7210 1.1550 1.1580 0.9863 1.1471 
4.5062 2.4673 2.3562 2.7424 3.0408 2.5995 2.3735 2.1519 2.3781 2.1609 1.7863 1.9062 2.1816 1.0223 1.0257 2.1198 2.1746 2.0684 0.8516 0.7980 1.8995 1.5824 1.3561 1.6519 1.7823 1.4711 1.5747 1.6617 1.9320 1.4314 0.7477 0.6009 1.5402 
4.5527 3.5985 3.3158 3.2092 2.4903 2.7100 2.3871 2.1612 1.7851 1.3777 1.7844 1.7721 2.0955 2.2348 2.1723 2.2619 1.7348 2.2009 2.0640 2.0600 1.7903 1.4171 1.3490 0.8776 1.2032 1.4614 1.5946 1.7602 1.3389 1.9122 1.7223 1.4805 1.6088 
5.4065 4.8004 3.4601 4.0809 5.0654 5.2847 5.4901 4.9514 4.7991 4.0559 4.2782 2.9635 3.8921 4.0061 4.3370 3.6764 3.0558 3.6086 4.1780 3.7841 3.5979 2.5841 3.8637 3.5430 4.1753 4.2224 4.6626 4.3437 3.9866 2.7894 1.8754 2.7091 2.4462 
5.4607 4.6418 4.2507 3.7058 4.4330 4.5152 4.5540 4.6239 4.6640 4.3431 4.4127 4.1218 3.4244 3.3094 3.6560 3.6401 2.1944 3.5783 3.5340 3.1135 3.1203 3.7656 3.9751 3.8182 4.0740 3.9568 3.7314 3.5721 3.3008 2.4434 2.6677 2.5731 2.5341 
5.6242 3.8552 4.1583 4.7235 4.5968 4.5649 5.2837 4.7279 4.8004 5.4134 5.3267 4.3893 3.4391 4.0765 3.9767 3.6359 2.8985 3.5740 3.8245 3.8929 3.1363 4.0177 4.9040 4.9126 4.1812 4.0303 4.4717 3.6286 3.5082 3.4484 2.5990 1.7430 2.6686 
5.1488 5.0616 4.6180 4.0477 4.2427 3.9523 3.8063 3.4439 3.5256 3.6660 3.5131 3.5446 3.0695 3.0757 3.2015 3.3699 3.4930 3.2885 3.0798 2.8651 2.7695 3.1839 3.0751 3.1556 2.9266 2.7269 3.0136 3.0047 3.1460 2.7366 3.0513 3.0408 2.2032 
5.4552 4.4407 3.6993 3.7151 3.5504 3.5194 2.5877 2.5180 2.0993 3.0927 3.0019 2.9036 2.7048 1.9370 2.9900 2.4247 2.1092 2.3427 2.8183 1.7245 2.4470 2.5639 2.5616 2.5868 1.4831 1.7671 1.7421 2.5675 2.4679 2.4432 2.1242 2.2668 2.5120 
2.5467 4.2174 3.6800 3.4513 3.3365 3.4651 3.5283 3.5221 3.0232 2.8871 2.7987 2.5121 2.8230 2.6194 2.6994 2.5915 0.9399 2.5389 2.5800 2.4199 2.5683 2.1426 2.3746 2.3655 2.4013 2.7944 2.6980 2.5280 2.2356 2.1337 2.1222 2.2090 -0.3949 
3.9470 3.5900 2.6550 2.0784 2.2495 2.6933 2.6064 2.0739 2.1298 2.3767 1.2466 2.4123 2.3390 2.0445 2.1872 2.4737 0.4768 2.3865 2.0798 1.7918 2.0895 2.0813 0.8040 1.8611 1.5450 1.3534 1.7772 1.7554 1.1765 0.7221 1.1086 1.6121 1.0021 
4.4383 3.5267 2.6852 2.4228 2.2642 2.6553 2.7675 2.4142 1.3855 2.5299 2.3024 1.9866 2.4679 2.5011 2.1945 1.3858 -1.5870 1.3171 2.0828 2.2618 2.1756 1.6352 1.8807 2.0065 0.7774 1.7050 1.9766 1.7068 1.1635 1.1102 1.0753 1.3697 1.4210 
4.9567 3.8375 3.4520 3.4143 3.1144 2.2566 2.2993 1.9761 2.3452 2.1120 2.8159 2.2833 2.1327 2.3802 2.1287 2.5570 2.3570 2.4919 2.0001 2.1746 1.8380 1.9543 2.3940 1.6135 1.7441 1.2629 1.5094 1.3070 2.0362 2.1048 1.8153 1.6833 2.0016 
4.4803 3.8202 3.2379 3.0090 2.5434 3.0694 2.7485 2.5854 2.6580 2.3788 2.1847 2.3604 2.4573 2.5401 2.3458 2.0323 2.4238 1.9464 2.2134 2.2972 2.1677 2.0469 1.7523 1.8610 2.0777 1.8667 1.9518 2.1252 1.4223 1.6799 1.6716 1.7395 1.5517 
4.2525 4.0042 3.5254 3.1844 3.1950 2.9111 2.8400 3.1985 2.7317 2.0347 3.0217 2.6652 2.8346 2.7375 2.6531 2.2891 2.0597 2.2299 2.5426 2.5645 2.5777 2.3049 2.5839 1.5073 2.1420 2.5300 2.0638 1.9621 2.1071 1.8895 1.9301 1.9491 1.2963 
3.5877 3.7511 3.0092 2.8930 3.0666 2.7395 2.3478 2.4725 1.5991 2.1914 2.2353 2.2549 2.3426 2.2688 1.8141 2.1035 1.5814 2.0527 1.6995 2.0951 2.0899 1.9161 1.8024 1.6831 0.9610 1.7491 1.5645 1.7934 1.9681 1.6142 1.4407 1.7611 0.6107 
2.3362 2.3965 2.2746 1.6139 2.5384 2.3430 2.4023 2.3887 2.1206 2.1064 2.2545 2.3339 1.8745 1.0051 1.8689 2.0065 1.4720 1.9224 1.7368 0.7722 1.6180 2.0157 1.8198 1.6045 1.5219 1.6891 1.6049 1.4022 1.4049 0.2969 0.7056 0.3636 -0.4648 
3.9823 3.0258 1.5164 2.2201 2.6426 2.5432 2.1706 2.4406 1.6474 1.9484 2.2145 2.0389 1.4835 1.4315 0.7851 1.2591 1.1745 1.2004 0.6768 1.2315 1.1984 1.6634 1.7853 1.4266 1.0606 1.7214 1.3391 1.5937 1.5798 0.9464 -0.2494 1.0592 1.0288 
4.7409 3.9822 3.2583 3.0918 2.6757 2.7358 3.0024 2.2653 2.4521 2.3370 1.5926 2.4600 2.4889 2.2207 0.5115 1.8048 2.1578 1.7483 0.3392 2.0538 2.1896 2.1062 1.1469 1.8165 1.8202 1.5984 2.1569 1.7888 1.5962 1.7737 1.6824 1.8600 1.7840 
4.2986 4.1573 4.1478 4.1975 4.2727 4.3286 4.3942 4.2892 4.0681 4.2864 4.5005 4.3859 3.7708 3.6198 4.0231 3.8110 3.0374 3.7299 3.9016 3.4456 3.5142 4.0199 4.0666 3.7692 3.4909 3.5857 3.5598 3.3853 3.1695 2.9228 2.5883 2.1393 1.4136 
