6.4158 6.5066 5.8780 5.1537 5.0192 5.8557 5.3900 5.0282 4.9641 5.0777 5.7771 5.1610 4.6435 4.5791 4.8289 4.8762 4.9588 4.8044 4.6879 4.2834 4.2773 4.7059 5.2539 4.4578 4.2408 4.1635 4.4230 4.7213 3.6867 3.5341 3.9919 4.0795 3.0492 
6.8478 7.0996 6.1494 5.3248 6.1311 5.8789 5.7501 5.4159 5.8191 5.8117 5.4458 4.3220 5.1219 5.3167 3.5542 3.9402 1.4794 3.8486 3.4397 5.1031 4.7554 3.9127 4.9441 5.2046 5.1204 4.6097 4.7463 4.7387 4.7936 3.6982 4.1935 4.6576 2.9682 
5.7846 6.9136 6.1973 6.4590 5.8459 5.5382 5.6947 5.4574 5.8173 5.7778 5.1764 5.3392 5.5499 5.1005 5.7172 5.0890 5.2307 4.9849 5.5125 4.8212 5.2275 4.9135 4.6474 5.1731 5.1161 4.6354 4.6774 4.3852 4.5618 4.8682 4.2561 4.4519 0.2543 
6.3498 6.4207 6.2444 5.3525 5.9736 5.6146 5.8651 5.5402 5.3535 5.7216 4.6222 4.5222 4.1182 5.1962 4.7645 4.7955 4.0757 4.7161 4.6222 4.9254 3.7924 4.0863 4.0845 5.1012 4.6476 4.7077 4.8747 4.4790 4.6706 3.7518 4.3208 3.9872 2.7875 
6.2621 7.2582 5.8017 6.5623 5.5094 4.8638 5.6993 5.3899 5.2311 5.6932 5.9311 4.2238 4.9506 5.2302 4.5557 4.8244 5.1476 4.7494 4.3536 4.9703 4.6435 3.7793 5.4032 5.0694 4.5274 4.5858 4.6894 3.7159 4.1802 5.0174 3.9114 4.8018 2.1112 
5.6841 6.2369 6.0747 5.8020 5.2761 4.7394 5.9894 5.7402 5.8452 5.6110 4.8084 5.0641 4.4781 5.2094 5.0270 4.9491 4.2512 4.8514 4.8413 4.9435 4.1401 4.6438 4.2747 4.9805 5.1579 4.8461 5.0468 3.5976 3.9790 4.2365 4.1823 3.7673 1.9876 
6.3574 6.8183 6.7116 6.4229 6.3078 6.4490 6.3669 5.8571 4.8787 5.7082 6.0557 6.0782 5.3919 4.6860 5.0571 4.6735 2.9508 4.6055 4.8630 4.4335 5.0910 5.6969 5.5574 5.0765 4.1840 5.0212 5.3721 5.3127 4.9589 4.8469 4.7964 4.3498 2.9149 
5.8314 6.5631 6.5247 6.1425 5.8507 6.2990 5.7497 4.8606 5.1571 4.7985 4.5548 4.8007 4.4547 4.6174 4.5509 4.1488 4.4809 4.0794 4.3451 4.3397 4.1230 4.3794 4.0383 4.1843 4.3983 4.0540 4.7387 5.1631 4.5571 4.6080 4.6394 4.1504 2.0289 
7.4380 6.5305 6.5703 6.2990 5.9222 5.4840 6.1814 6.0479 4.2934 5.3166 4.5674 5.2674 5.0219 4.8896 4.4135 4.9031 4.5784 4.8226 4.2442 4.6618 4.6811 4.8282 4.0480 4.7065 3.5791 5.2242 5.2055 4.3626 4.6246 4.7033 4.6887 4.0388 3.8085 
7.9311 7.1014 6.3837 5.6555 6.0162 6.0741 5.7006 5.3924 4.8440 5.6287 5.4627 4.7689 4.6269 4.4606 4.5703 4.8972 3.4647 4.8219 4.3527 4.2125 4.2617 4.3472 4.9596 5.0006 4.1321 4.5874 4.6852 4.9318 4.7016 4.0662 4.4968 4.6243 4.3091 
7.6465 6.7199 6.9790 6.4554 6.2077 5.6206 5.8104 5.4078 3.4958 4.7305 5.3316 5.8195 5.1108 5.1264 5.2629 5.2696 5.5554 5.2040 5.1331 4.8310 4.7434 5.3883 4.8179 4.1248 2.7926 4.6065 4.8189 4.4719 4.8411 4.8713 5.1128 4.1915 4.1223 
8.8604 7.9508 7.4979 7.4236 6.4547 6.6494 6.6649 6.3909 6.1013 6.1049 6.2933 5.8522 5.7070 5.7414 5.5867 5.6317 5.5804 5.5305 5.3995 5.4553 5.3349 5.4127 5.7643 5.4822 5.3738 5.5413 5.7231 5.5113 5.1553 5.8233 5.5822 5.3907 5.3124 
8.5081 7.4528 6.6249 6.1026 4.9598 5.6133 5.8611 6.4048 6.0235 5.4143 5.4310 5.0347 4.5386 4.0998 3.1203 5.1646 5.1189 5.0698 2.9567 3.8570 4.1882 4.6303 4.9316 4.8193 5.3119 5.5595 4.8552 4.4840 3.6092 4.5704 4.7145 4.8678 4.9000 
8.3214 7.5181 6.8925 6.8707 6.8515 5.8836 5.7148 5.9477 5.9309 5.8566 6.0394 5.3968 5.7835 5.5297 5.1505 5.4191 4.9671 5.3521 4.9468 5.2874 5.4219 4.9958 5.5338 5.2517 5.2233 5.1475 4.7061 4.7419 5.4760 5.2837 4.9508 5.0189 4.7694 
9.0090 8.0551 7.1900 7.0306 6.6968 6.7767 6.5317 6.3744 6.2908 5.6180 6.3092 6.2138 5.8186 5.9080 5.6223 5.7562 5.9353 5.6843 5.4276 5.7029 5.4697 5.7851 5.7806 4.9849 5.5272 5.5153 5.5652 5.6381 5.3570 5.4461 5.2770 5.5061 5.4173 
8.6016 7.6560 7.0019 6.6461 6.0363 5.8040 5.9762 5.8144 5.4537 5.2937 5.4424 5.3865 4.7730 4.5713 4.8267 4.1560 4.4333 4.1010 4.6876 4.2783 4.4596 4.9733 4.9387 4.6879 4.7447 4.9632 5.0317 4.6752 4.7367 5.1237 5.1206 5.1631 5.0142 
8.1821 7.4591 6.5243 6.5552 6.2841 6.2681 6.3314 5.7944 6.2098 5.6423 6.1083 5.7387 5.7231 5.7513 5.5924 5.3027 5.6352 5.2341 5.4013 5.4705 5.3538 5.2888 5.6092 5.0123 5.4527 4.9396 5.3275 5.1312 4.9116 5.0112 4.6339 4.9303 4.6503 
8.7126 7.7352 6.6671 6.8202 6.6848 6.5558 6.2775 5.8861 5.6520 5.6751 5.6430 5.6998 5.7067 4.8065 4.6768 5.2421 5.3726 5.1773 4.5340 4.6007 5.3368 5.2514 5.1477 5.0489 4.8913 5.0615 5.2621 5.4134 5.3493 5.2226 4.7400 5.2318 5.1818 
7.9917 7.0465 6.4500 6.5400 6.4161 5.9183 5.8810 5.3329 5.4303 5.7357 5.1565 5.3030 3.9224 4.6045 4.7244 4.1347 4.1371 4.0767 4.5904 4.3145 3.5792 4.8732 4.6202 5.1282 4.7265 4.5140 4.8912 4.7764 5.1140 5.0202 4.6024 4.5939 4.3952 
8.0830 7.4675 6.8337 6.8974 5.8140 5.9926 5.7950 5.9410 6.3159 5.9389 5.1840 5.4186 5.2433 5.2000 5.1491 4.6289 5.1552 4.5563 4.9377 4.9208 4.8915 5.0204 4.6566 5.3243 5.5725 5.1445 4.7906 4.8594 4.4764 5.3064 4.8884 4.9523 4.5545 
8.5040 7.5022 6.7756 5.9576 6.2575 6.2460 5.7565 6.0893 4.5674 4.9170 5.3590 5.7064 5.4516 5.2443 5.1042 5.4212 4.7354 5.3537 4.9014 4.9909 5.1634 5.2519 4.8300 4.2843 3.7996 5.2554 4.7537 5.1070 4.8808 4.3813 4.8287 4.9590 4.8970 
7.4857 6.9536 6.0905 5.3732 6.3517 5.4958 5.2210 5.6089 3.4938 4.6464 5.2890 5.4496 4.6903 5.1403 4.5848 4.3561 4.0246 4.2750 4.3893 4.8386 4.3364 5.0557 4.7776 4.0357 2.7736 4.7505 4.2226 4.3388 5.0261 3.8380 4.1946 4.5143 3.9975 
8.0666 6.9787 6.9933 6.5007 6.2411 6.4061 6.0080 6.0752 5.7466 5.1085 5.3222 4.8459 5.6851 5.2114 4.3247 3.9574 4.0284 3.8377 4.1771 4.9466 5.3203 4.4567 4.8067 4.4810 5.0005 5.2473 5.0664 5.2693 4.8796 4.9210 5.1192 4.4257 4.4935 
8.1990 6.8764 6.7802 6.5324 5.0609 5.9824 5.9582 5.8555 5.9148 5.1629 5.5592 4.6318 5.1999 5.1154 5.0145 5.0297 4.8459 4.9305 4.8292 4.8253 4.8346 4.1860 5.0611 4.5491 5.2077 5.0127 4.9740 4.8397 3.6652 4.9687 4.8276 4.2369 4.6422 
7.2300 6.0203 4.6564 6.4647 5.3288 5.8478 5.1484 5.8121 5.0011 5.6794 5.2964 5.0351 4.9037 4.4302 3.7148 4.7214 4.2850 4.6536 3.5680 4.1789 4.6093 4.6228 4.7739 5.0551 4.2506 4.9625 4.1462 4.7158 4.0310 4.8864 2.9062 3.5931 3.6813 
7.6515 7.1853 6.6095 5.3070 6.5193 5.7025 5.3831 5.3643 6.1430 5.9946 5.7523 4.5976 4.1425 5.2573 5.4161 5.2298 4.4456 5.1667 5.2736 5.0151 3.8114 4.1531 5.2238 5.3887 5.3987 4.5672 4.4088 4.5453 5.2155 3.6692 4.7222 4.7217 4.1195 
8.1481 7.4797 6.7130 6.5472 6.5945 6.0660 6.0139 5.7762 5.6894 5.1465 5.3429 5.2587 5.1918 4.5822 4.6352 5.1953 4.9688 5.1302 4.4648 4.2809 4.8252 4.8218 4.8253 4.5162 4.9202 4.9130 5.0662 4.9325 5.2839 5.0071 4.7895 4.9677 4.6089 
7.4659 5.9195 6.1263 5.5973 5.5139 5.3323 6.2054 5.9030 5.1850 6.0041 5.4568 3.6094 5.3151 5.1394 5.0952 5.0411 3.7170 4.9405 4.8967 4.8405 4.9924 3.1778 4.9467 5.3947 4.4535 5.0857 5.2190 4.2051 4.1868 4.0380 4.1973 3.3623 3.8616 
7.4462 6.7770 5.9646 6.4952 6.1663 5.2425 5.3068 4.8457 4.6175 5.4380 5.6032 5.5215 4.9494 4.6411 3.7008 4.2620 3.9794 4.1936 3.5626 4.3713 4.6370 5.1412 5.1114 4.8269 3.8785 4.0401 4.3137 4.0998 4.8178 4.9403 4.0669 4.2643 3.9493 
7.7903 6.7746 5.9365 5.8242 5.5894 4.7147 5.4097 5.6917 5.5771 5.5164 5.0770 3.5507 5.3053 5.0044 4.0601 4.3115 3.7979 4.2326 3.8906 4.7466 4.9804 3.1219 4.5771 4.8952 4.8317 4.8178 4.4639 3.5992 4.2424 4.2358 4.0618 4.2859 4.2548 
7.4876 6.5426 6.1455 5.8492 5.7990 5.5062 5.1345 4.1424 5.4120 4.9872 4.8921 4.7880 2.3476 4.7609 4.3055 4.1183 2.7339 4.0593 4.1666 4.5490 1.7990 4.3546 4.3904 4.3635 4.7113 3.2969 4.1244 4.3823 4.4808 4.2548 4.2454 4.0761 3.9334 
5.8210 6.5349 6.3064 6.2875 5.9742 5.5844 5.5014 5.8346 5.1818 3.8174 4.7187 5.5554 5.1949 2.8619 4.7957 4.8388 4.3628 4.7719 4.6521 2.5385 4.8283 5.1652 4.2040 3.1837 4.4384 4.9911 4.5745 4.4463 4.6722 4.6904 4.3713 4.1041 1.7292 
6.8833 6.3718 5.7866 5.9055 5.9242 5.7782 4.2543 5.0337 4.7302 5.0036 5.7617 5.5633 4.8819 4.6898 4.5332 4.6705 4.1117 4.6062 4.3411 4.4534 4.5946 5.1662 5.2373 4.3833 4.0371 4.1785 3.2759 4.6422 4.6214 4.3487 3.8704 3.9551 3.4133 
7.1220 5.5374 6.3168 6.3653 6.1081 3.2517 5.6011 5.2844 5.4736 5.3508 4.5841 5.0894 5.1474 5.0694 4.6954 5.0232 4.9655 4.9272 4.5654 4.7999 4.7766 4.6608 4.0486 4.7339 4.7603 4.4511 4.6317 2.3605 4.7783 4.7887 4.4044 2.9415 3.6083 
6.7297 6.5787 6.6370 6.6585 6.5094 5.8939 5.0903 5.8049 5.1584 5.4824 5.6169 4.9246 4.7132 4.6257 4.2265 3.9608 4.0017 3.8554 4.0776 4.3551 4.3679 4.5374 5.1243 4.8556 4.4120 4.9514 4.0814 4.7596 5.2034 5.1395 4.7372 4.1751 3.0647 
6.8622 6.8326 5.6331 5.7027 5.4016 5.5857 5.2190 5.7165 5.2435 5.7575 4.8696 4.0356 4.2977 5.0607 4.6737 4.7740 3.0515 4.6999 4.5313 4.7953 4.0156 3.5999 4.3593 5.1560 4.5473 4.8223 4.2177 4.4683 4.1061 4.0901 3.7337 4.3285 3.4050 
5.6372 6.4910 6.3260 6.6375 5.6882 5.2762 5.2873 5.7697 6.0471 5.4446 5.2214 5.5219 5.4372 5.5371 4.8191 3.7593 1.9829 3.6793 4.6686 5.2926 5.1572 5.1447 4.6930 4.8303 5.3286 4.9088 4.3015 4.1383 4.3004 5.1032 4.4239 4.0564 1.4315 
6.9903 6.4641 5.0825 3.7885 5.6816 5.5561 5.1623 5.6831 3.5428 5.3977 5.5543 5.3725 4.9573 3.9711 4.2890 4.0459 4.5003 3.9689 4.1402 3.6898 4.6424 4.9500 5.0536 4.7966 2.8395 4.8060 4.1497 4.4071 4.3276 2.3939 3.1159 4.0103 3.4587 
7.0458 5.6070 5.6299 5.7902 5.3930 3.9886 5.2765 5.7457 5.2994 5.5717 5.3049 5.2586 4.8796 4.9420 4.3025 3.9548 3.9876 3.8520 4.1543 4.7044 4.5948 4.8238 4.7869 4.9501 4.6025 4.8611 4.2776 2.8407 4.0813 4.1991 3.6891 2.9737 3.5022 
6.7876 6.4800 6.0641 6.3387 5.6147 6.2930 5.8368 5.6341 5.7513 4.8144 5.1881 5.3619 5.1313 4.6611 5.2528 4.7144 4.5116 4.6446 5.1186 4.4000 4.7650 4.9388 4.6630 4.1917 5.0078 4.7678 4.8355 5.1557 4.2655 4.7593 4.1448 4.0618 3.3125 
7.3799 7.0068 7.0285 6.4627 5.8547 5.8179 6.1721 5.5973 4.4439 4.8302 5.5535 5.2554 5.2307 4.6543 4.1532 4.7996 4.7176 4.7253 4.0188 4.4012 4.8729 4.8228 5.0537 4.2354 3.7010 4.7375 5.2009 4.6850 4.5552 4.8871 5.1627 4.5801 3.7266 
6.7219 5.8447 5.3066 5.4634 5.3126 4.4992 5.2164 5.4015 4.7231 5.1700 4.9928 5.2507 5.2784 5.2240 5.0404 3.6920 4.2268 3.6165 4.8448 4.9644 4.9415 4.8199 4.4919 4.5610 4.0271 4.6038 4.2258 3.3608 4.0201 3.9535 3.4558 3.4371 3.2489 
6.9883 7.0749 6.6071 6.3099 3.5584 5.3684 5.9111 5.5108 5.3647 3.3932 5.2022 5.3798 4.9697 4.2094 4.3537 4.6650 4.3033 4.6032 4.2009 4.0082 4.6489 4.9626 4.6801 2.7205 4.6572 4.6754 4.9292 4.2431 2.1464 4.7127 4.7120 4.6440 3.3889 
6.3177 6.7801 5.8540 6.2378 5.7813 5.1613 5.1915 5.3742 5.5452 5.7264 5.0635 4.5907 4.7143 4.6813 3.4759 2.5762 3.1814 2.5030 3.2928 4.4344 4.3765 4.1415 4.5610 5.1083 4.8181 4.5793 4.1878 4.0263 4.4436 4.6633 3.9579 4.2828 2.3685 
6.0446 5.7255 5.9241 5.4098 5.1854 3.7435 5.7582 4.9128 4.0211 4.0549 4.8942 5.0334 4.6941 4.4476 3.2924 4.0133 1.9500 3.9029 3.1279 4.1860 4.3462 4.6228 4.3918 3.4587 3.2791 4.0882 4.7577 2.5667 3.8479 3.8475 4.0717 3.2182 2.3154 
4.7297 6.3403 6.8914 6.5131 5.1718 6.1092 6.0110 6.2385 5.7051 5.6090 5.1614 5.4966 5.4618 5.3241 5.1007 4.7308 4.9709 4.6600 4.8964 5.1108 5.1690 5.1168 4.6261 4.9828 4.9336 5.3624 5.0715 4.9819 3.7501 4.9470 4.9839 3.8899 0.8438 
6.6904 6.4972 6.8856 6.5025 5.8954 6.1907 5.8486 5.2249 4.0197 4.7256 5.7381 5.6454 4.7358 4.9476 4.5165 4.3633 4.7686 4.2688 4.3239 4.7094 4.4120 5.2171 5.2088 4.0988 3.2707 4.3594 4.8485 5.0496 4.6011 4.9187 4.9502 4.0913 2.9630 
6.3736 6.5248 5.6259 6.4353 5.9238 5.4802 4.9186 5.3414 5.5997 5.7937 5.2661 3.7803 4.6857 4.3985 3.7923 3.0251 4.1643 2.9327 3.6289 4.1515 4.3364 3.4035 4.7422 5.1890 4.8529 4.5254 3.9937 4.3431 4.6183 4.8596 3.6911 4.1041 2.9930 
6.6929 6.6797 6.4765 6.8156 4.6399 5.6284 5.3524 5.5664 5.5057 4.6249 4.9705 5.2740 5.3707 4.7395 4.2573 4.5613 4.0729 4.4540 4.1147 4.5140 5.0624 4.8368 4.4736 4.0264 4.7842 4.7196 4.3750 4.4856 3.3870 5.2298 4.6103 4.2194 2.9859 
6.9596 6.4982 6.8074 4.8279 6.2533 4.3440 5.1681 5.5200 5.5702 4.6848 5.7340 4.9072 5.5496 4.6291 4.9412 4.0927 4.0236 4.0281 4.7790 4.3500 5.2293 4.5067 5.2077 4.0640 4.8298 4.6904 4.1576 3.2618 4.8847 3.3597 4.8583 4.0833 3.3299 
5.7970 6.5916 6.2248 6.4995 6.0907 5.8346 5.4458 5.2006 5.5832 5.0415 5.7390 5.1561 5.2336 4.8087 4.3931 4.5362 4.1457 4.4298 4.2264 4.5973 4.8793 4.6997 5.2125 4.4207 4.8374 4.3205 4.5072 4.6997 4.7546 4.9399 4.2633 4.2037 2.2438 
5.4903 5.3766 6.3512 6.4779 5.9194 5.7567 5.4127 4.7778 4.8686 5.1672 5.2051 3.2030 4.3969 4.6021 3.8374 4.6560 3.9165 4.5939 3.6751 4.3143 4.0798 2.7945 4.6757 4.5657 4.1529 3.9931 4.4487 4.6172 4.6182 4.9112 4.4598 2.9832 1.7003 
6.7738 6.9480 6.4044 6.5288 5.9983 5.2598 5.9377 5.8375 5.1937 5.2142 5.3382 4.9049 5.2960 4.3235 3.9530 4.5150 4.1201 4.4139 3.7362 4.0997 4.9644 4.5288 4.8197 4.6175 4.4497 4.9931 4.9685 4.1317 4.6937 4.9723 4.5186 4.4914 3.0180 
6.7671 6.5114 6.3099 6.1415 5.3946 5.6347 5.1107 4.8272 5.0752 5.0089 5.7645 5.3302 5.0121 4.6507 3.8662 4.5001 3.7827 4.3976 3.6881 4.3851 4.6816 4.8994 5.2410 4.3877 4.3135 4.0217 4.1118 4.4945 4.0829 4.5995 4.3856 4.0832 3.2416 
6.5459 6.8810 6.6840 6.3118 5.6767 5.9347 6.0715 5.7036 5.8343 5.0866 5.3783 5.3251 4.8324 5.5060 5.2316 4.8060 4.6541 4.7285 5.0820 5.2698 4.5656 4.8988 4.8526 4.4625 5.1459 4.8209 5.1341 4.8012 4.3013 4.7217 4.7717 4.4250 3.1237 
6.2036 6.0930 4.7573 6.1704 5.9663 4.6231 5.7575 5.1972 5.6975 5.6944 5.8821 6.1043 4.7726 4.9374 5.1299 4.7520 4.0041 4.6764 4.9292 4.6979 4.4310 5.7205 5.3744 5.0653 4.9426 4.3179 4.7508 3.4777 4.6582 4.6213 2.9236 3.6322 2.6484 
6.1889 6.4460 7.0987 6.1309 4.8581 6.3288 6.2926 5.4488 4.6755 5.0754 5.8988 5.4876 4.6422 5.5553 5.2728 4.6297 4.2830 4.5619 5.1441 5.3076 4.2815 5.0984 5.3860 4.4437 4.0016 4.6318 5.2795 5.1944 3.6071 4.5889 5.2237 4.0689 2.5911 
7.1809 6.7118 6.6000 5.5970 6.0427 4.2672 5.3926 5.5771 5.8598 6.1351 4.9735 3.8768 3.8380 4.8274 5.1570 3.9542 4.9201 3.8340 4.9584 4.6200 3.5120 3.4773 4.4592 5.5083 5.1710 4.7226 4.4414 3.1853 4.7248 4.0756 4.7096 4.2432 3.6260 
7.4251 7.1537 6.3872 5.9832 6.2233 6.2068 6.3970 5.2289 5.8322 5.3960 5.2190 4.7537 5.1534 4.3046 4.5965 4.7826 4.3399 4.7062 4.4025 4.0803 4.7831 4.3183 4.6943 4.7896 5.1472 4.3574 5.3980 5.0728 4.8650 4.4332 4.4778 4.6977 3.7143 
5.7642 6.1194 5.7210 6.3792 5.8158 5.8576 4.7040 5.4312 4.8228 5.6039 5.3535 5.1473 5.3269 5.0994 4.4512 3.7089 3.7151 3.6385 4.2620 4.8185 5.0077 4.6879 4.8312 4.9794 4.1100 4.6258 3.7161 4.7196 4.4955 4.8114 3.7693 3.6552 2.4753 
6.9726 6.8469 6.0671 5.9274 5.1380 5.4951 5.3132 3.9351 5.0086 5.2989 5.3974 5.2127 3.5260 4.5878 3.6974 4.9760 4.6845 4.8838 3.5521 4.2985 3.1598 4.7724 4.8860 4.6930 4.2621 3.0569 4.3238 4.3555 3.7926 4.3498 4.1603 4.3460 3.4762 
6.9002 7.0235 6.4023 5.3962 5.3781 6.0608 6.1582 5.4973 5.6620 5.4131 5.6943 4.6949 4.0673 5.1728 4.7025 4.6552 4.0179 4.5955 4.5685 4.8889 3.7032 4.2583 5.1721 4.8170 4.9022 4.6738 5.1884 4.9317 4.0744 3.8817 4.5033 4.6059 3.3069 
6.4131 6.4623 6.3687 5.6830 5.5276 6.1942 6.0442 5.8815 5.8843 4.7847 5.1732 4.7150 5.2552 5.1666 4.6227 4.1917 4.0835 4.1141 4.4502 4.8768 4.9092 4.2687 4.6459 4.1575 5.1871 5.0549 5.1002 5.0607 4.2229 4.0988 4.4697 4.0559 2.8873 
4.9859 6.8649 6.3638 6.8212 6.3850 5.8307 6.3757 5.7897 5.5626 5.2462 5.5489 5.1713 5.3324 5.2911 4.7236 4.5740 2.9014 4.4673 4.5916 5.0632 5.0138 4.7223 5.0469 4.6401 4.8268 4.9161 5.3854 4.6985 5.0699 5.2381 4.4488 4.3956 1.0500 
4.2485 6.6524 6.5256 4.8858 5.0119 6.2803 5.2265 5.8019 4.3029 6.0086 5.2130 5.2473 4.8737 5.4070 5.3528 5.0899 5.0559 4.9853 5.2106 5.1994 4.5943 4.8184 4.6833 5.3969 3.5930 4.9415 4.2504 5.1475 3.6815 3.3024 4.6487 4.2205 0.9145 
5.9866 6.5377 6.0872 5.2223 5.7722 4.4239 5.3971 5.3282 5.4971 5.9604 5.3945 4.2557 5.2285 4.7979 3.8010 4.4680 3.8491 4.3720 3.6340 4.5874 4.8749 3.8445 4.8734 5.3512 4.7806 4.5154 4.4375 3.2836 4.4312 3.6807 4.1975 4.1118 2.5138 
4.1613 5.8159 5.7525 4.8167 6.2985 6.0066 6.1280 5.1644 4.7427 5.3926 4.7270 5.1921 5.1506 5.5414 5.3021 4.6617 3.2598 4.5960 5.1684 5.2958 4.7836 4.7526 4.2027 4.7887 4.0428 4.2593 5.1738 4.8731 4.9395 3.2458 3.8414 3.4163 -0.0759 
5.8431 5.1402 5.8950 6.1740 6.0628 6.3046 5.7647 5.0928 5.8962 5.8754 6.1490 4.6925 4.2784 5.0747 4.5087 4.2154 4.4160 4.1462 4.3047 4.8044 3.9989 4.2560 5.6490 5.2678 5.1974 4.2179 4.7618 5.1671 4.7460 4.6188 4.0339 2.6786 2.3233 
6.8558 6.5381 5.5777 5.4327 5.5032 5.3881 4.7673 5.4522 5.3888 5.5284 5.5587 5.2478 4.2830 5.2189 5.2372 5.0260 4.9837 4.9274 5.0909 4.9587 3.9991 4.8172 5.0575 4.9062 4.6760 4.6432 3.7896 4.2475 4.1934 3.8940 3.6342 4.1067 3.3378 
6.8710 6.9210 5.7925 6.2482 5.2402 5.8344 6.3233 6.2377 4.7578 5.8632 5.7511 4.5423 4.8310 4.8181 4.3175 4.0221 4.0794 3.9347 4.1719 4.6067 4.5458 4.0993 5.2235 5.2545 4.0459 5.3610 5.3186 4.7013 3.9440 4.6627 3.8172 4.4519 3.1517 
6.2811 7.0711 6.3746 6.2006 6.0829 6.1759 5.7153 5.1584 6.0550 5.9559 5.2836 5.7188 5.4928 4.2590 4.7429 4.6294 4.2868 4.5641 4.6083 4.0545 5.1888 5.2682 4.7593 5.3421 5.3384 4.2683 4.6983 5.0436 4.7510 4.6310 4.4799 4.6347 2.2429 
6.2732 6.5069 6.2637 6.5852 5.8498 4.6437 5.2713 5.4958 6.1116 5.8980 4.3499 5.5038 5.5272 5.4682 5.2412 4.9546 5.0821 4.8620 5.0968 5.2420 5.2143 5.1255 3.8320 5.2849 5.3835 4.6721 4.2877 3.5240 4.5376 5.0453 4.3540 4.0675 2.5973 
7.2326 7.0657 6.5367 6.5762 5.4153 5.9859 5.8561 5.5777 5.6027 5.1153 5.2184 5.0992 4.4756 4.7416 5.0411 4.7323 4.6868 4.6618 4.8470 4.5220 4.1285 4.6632 4.6913 4.4954 4.8505 4.7252 4.8616 4.8453 4.1259 5.0312 4.6667 4.6330 3.6969 
7.0854 6.4627 6.4985 6.6794 5.8050 4.3982 5.1535 5.7086 5.3129 4.6684 5.2156 5.4059 5.3043 4.3858 4.9787 4.1516 4.8194 4.0840 4.8097 4.1431 4.9706 5.0139 4.6974 4.0594 4.6157 4.8199 4.1435 3.3185 4.4662 5.1542 4.6305 4.0079 3.5528 
7.9944 7.0845 6.0197 6.2383 5.4728 5.6727 5.4253 5.5259 6.2952 6.0705 5.8336 5.5546 5.4248 5.2097 5.2448 5.1820 5.2865 5.1069 5.1033 4.9448 5.1480 5.1627 5.3140 5.4465 5.5368 4.6888 4.4680 4.5210 4.1514 4.6471 4.0969 4.5977 4.3757 
7.5487 6.7023 5.0040 5.9092 6.2236 5.2550 3.6872 6.2990 5.3011 4.2802 5.2527 5.4012 4.7302 4.5188 4.8627 4.7112 4.2512 4.6431 4.7171 4.2505 4.3907 5.0035 4.7356 3.6742 4.5982 5.4081 2.8753 4.1287 4.8650 4.3301 3.1387 4.2331 4.0512 
8.1793 7.0579 6.9838 6.7172 5.7687 6.2310 5.2618 5.9111 5.2894 3.8762 5.8391 5.1660 3.8159 4.7341 5.0126 4.7635 5.2332 4.6899 4.8278 4.5075 3.4930 4.7173 5.3202 3.2555 4.6003 5.1025 4.2662 5.0962 4.4167 5.1678 5.0910 4.5440 4.6190 
9.1861 8.0374 7.5724 7.1400 7.1450 7.1444 6.3709 6.8726 6.5193 6.3683 6.0067 6.5251 6.5064 6.3939 6.1583 6.1863 6.2809 6.0866 5.9698 6.1510 6.1976 6.1097 5.4989 5.7624 5.8069 5.9805 5.3741 6.0070 5.8355 5.5936 5.6905 5.4497 5.6237 
8.3154 6.2838 6.5986 6.0129 6.2747 6.2429 6.1098 5.9403 5.7696 5.2238 5.5980 5.2951 5.2404 5.2580 5.2765 5.2313 4.4933 5.1697 5.1485 5.0068 4.8874 4.8637 5.0979 4.6119 5.0301 5.1325 5.1686 5.1185 4.8987 4.4458 4.6808 4.0678 4.7615 
9.0847 8.2576 7.6294 7.6529 7.3908 7.0632 7.1243 6.9107 6.6578 6.7875 6.8513 6.5499 6.5283 6.2649 6.2891 6.3181 6.2537 6.2408 6.0862 5.9687 6.2301 6.1550 6.3219 6.1591 5.9347 6.0361 6.1748 5.9252 6.0153 6.0853 5.7484 5.7823 5.4832 
9.4375 8.4532 7.6239 7.4692 7.0338 6.9836 6.9641 6.7141 6.4271 6.4811 6.6342 6.3683 6.5334 6.2515 6.3950 6.3406 6.2709 6.2808 6.2611 5.9635 6.2435 5.9327 6.1304 5.8682 5.7332 5.8638 5.9659 5.8456 5.7386 5.8755 5.7363 5.9006 5.8822 
8.3204 3.8060 6.0078 6.4340 6.4073 5.3384 4.8403 5.3002 4.6692 5.7035 5.6335 4.9573 5.1066 4.7812 4.6715 4.2775 4.7013 4.2351 4.5488 4.5890 4.7587 4.5893 5.1461 5.0711 3.9202 4.4675 3.8268 4.1509 5.0719 4.8719 4.2500 3.3806 4.7220 
9.0667 8.0941 7.4793 7.1772 7.0828 6.8596 6.3584 6.5753 6.4723 6.1343 6.2172 6.3572 6.1309 6.3304 6.2284 6.0750 6.0153 5.9833 6.0288 6.0557 5.8060 5.9201 5.7186 5.5104 5.7708 5.7671 5.3626 5.7223 5.7746 5.6333 5.5450 5.5616 5.4653 
9.0958 8.0275 7.2327 6.9830 7.0013 6.9506 6.4939 6.4465 6.5318 6.5697 6.4429 6.1165 5.9001 5.8860 5.7209 5.8868 5.8618 5.8150 5.5192 5.6734 5.5825 5.7289 5.9262 5.9609 5.8238 5.6173 5.5102 5.8110 5.7044 5.3901 5.2950 5.4369 5.4729 
5.3961 6.7286 7.0136 6.5699 6.3625 6.3150 6.1560 6.2633 6.1729 5.2960 5.5874 5.2711 5.5239 5.5473 5.7847 5.3974 5.1809 5.3266 5.6257 5.3013 5.2129 4.8343 5.0894 4.6800 5.4192 5.3823 5.1921 5.1845 5.0266 5.0416 5.1623 4.2988 1.7080 
8.7381 7.7674 7.1043 6.2887 6.8057 6.2884 6.3787 6.6677 6.1772 5.6097 5.9795 6.3041 6.0210 5.6197 5.8045 5.7492 5.4346 5.6709 5.6581 5.3540 5.7330 5.8545 5.4719 4.9788 5.4235 5.8302 5.3878 5.1527 5.4400 4.6808 5.2114 5.2474 5.1838 
8.4798 7.4267 6.6384 6.3235 5.5263 5.4661 4.8273 5.9698 4.7399 5.0133 4.6048 4.9620 4.7234 4.2126 4.0694 4.5783 3.3872 4.4675 3.9080 3.9784 4.3998 4.5904 4.0829 4.3988 4.0414 5.1747 3.8768 4.3480 4.2292 4.7450 4.7244 4.8264 4.8686 
7.5750 7.0280 6.3294 6.4548 6.3300 5.5546 6.0843 5.7894 5.6021 6.0584 5.3744 3.7409 4.8980 5.4949 5.3011 5.3447 4.8743 5.2698 5.1695 5.2607 4.6078 3.3415 4.8445 5.4378 4.8548 4.9222 5.1486 4.3995 4.9810 4.8754 4.4162 4.5798 4.0532 
8.6595 7.7377 7.4522 6.7710 5.9570 6.0782 6.0854 6.3865 5.8207 5.4152 4.8351 5.7844 5.5866 5.2927 5.5899 5.3263 5.4168 5.2545 5.4012 5.0693 5.2529 5.3476 4.3266 4.8139 5.1231 5.5339 5.1494 4.9395 4.6512 5.1981 5.5177 5.2410 5.1296 
8.5057 7.4354 6.3791 6.7123 5.2275 5.5975 5.4135 5.2884 5.4556 5.2034 4.7596 5.5325 5.4419 3.3056 5.1375 4.6776 4.3184 4.6155 4.9312 3.0350 5.1574 5.1493 4.2404 4.5985 4.7400 4.4442 4.4566 4.4668 3.8923 5.1757 4.4980 4.8614 4.9144 
6.9176 7.0357 6.8762 6.4861 5.9671 5.9672 5.1313 4.6550 5.6740 5.8168 5.7558 4.4182 5.1403 4.6596 5.0634 4.1795 4.8635 4.1049 4.8641 4.4129 4.7622 4.0277 5.2251 5.2134 4.9155 3.8274 4.1051 4.8263 4.6865 4.9105 4.9399 4.6271 3.3163 
8.5986 7.5763 6.9461 7.1730 6.5039 6.2365 6.1863 6.0061 5.1799 6.0357 5.1141 5.0913 5.0538 5.1950 4.8325 4.7793 5.1279 4.7046 4.6946 4.9247 4.7109 4.6593 4.5993 5.4151 4.4376 5.1972 5.2094 5.1013 5.1962 5.6384 5.0373 5.0642 5.0243 
8.6123 7.6076 6.5352 5.7266 6.1398 6.4130 6.1831 5.3235 5.7338 6.1296 5.7305 5.9652 5.5666 5.3386 4.5380 5.6977 5.4517 5.5918 4.3330 5.1337 5.2406 5.5629 5.2030 5.5062 4.9800 4.5048 5.2054 5.2769 4.7981 4.0983 4.6325 5.1056 5.0406 
7.5054 6.9666 6.4297 5.3924 6.3796 5.5004 5.7311 5.7201 4.6074 5.1667 4.7004 4.1546 4.2144 4.1109 4.2618 4.8382 4.5215 4.7735 4.1266 3.8656 3.8938 3.7163 4.1709 4.5564 3.8551 4.8326 4.7163 4.3304 5.0717 3.8343 4.5765 4.5391 4.0212 
8.2674 7.1946 6.7217 6.9200 6.3878 6.3318 6.2723 6.4809 6.4573 5.8895 5.8749 5.3932 5.7821 5.8317 5.5641 5.5161 5.3212 5.4237 5.3904 5.5927 5.4197 4.9823 5.3572 5.2762 5.7576 5.6669 5.2611 5.1888 5.0693 5.3322 4.7760 4.6710 4.7052 
8.2096 7.0049 6.4895 6.3046 6.2283 5.0120 5.1632 5.9976 5.6079 5.1524 4.7444 4.1879 5.2912 4.8300 5.4574 5.2228 4.6324 5.1611 5.3058 4.6231 4.9554 3.7566 4.2238 4.5287 4.8563 5.1915 4.1561 3.8664 4.8610 4.7073 4.6180 4.5068 4.6894 
5.9644 7.2290 7.0270 6.6184 6.3033 6.1011 4.5620 5.5850 5.6529 4.5816 4.8628 5.2842 5.6204 4.9968 5.2153 4.5890 4.5523 4.4911 5.0562 4.7408 5.2758 4.8526 4.3560 3.9311 4.8961 4.7370 3.5585 4.9627 4.9425 5.0716 5.1588 4.7920 2.9603 
7.1318 6.3520 5.2192 6.4174 6.0023 5.8997 5.4123 6.4635 6.0241 5.2414 5.4465 5.6468 5.3826 5.4333 4.9251 4.1508 3.5407 4.0791 4.7659 5.2159 5.0754 5.2210 4.9351 4.6369 5.3089 5.6464 4.4800 4.7636 4.6923 4.8358 3.4273 3.9604 3.6479 
6.1970 7.0850 6.2916 6.3479 6.5990 5.6959 5.1465 5.9105 5.4190 5.2509 4.9240 5.2305 5.4870 5.6003 4.7852 4.9101 4.7366 4.8278 4.6413 5.3397 5.1878 4.7911 4.4204 4.6413 4.7105 5.0974 4.1271 4.5633 5.2814 4.7745 4.2990 4.6532 1.8350 
