4.1049 5.6282 5.1134 4.7849 4.4446 4.1885 4.1797 4.2080 3.9381 3.7246 3.6865 3.6059 3.7031 3.4268 3.6673 3.6068 3.4329 3.5489 3.5494 3.1962 3.4015 3.2028 3.2119 3.1666 3.2641 3.4449 3.2682 3.1491 3.2245 3.3442 3.3237 3.3559 -0.1632 
6.2893 5.8438 4.5465 4.1298 3.7820 3.7253 3.5021 3.2394 3.4389 3.2326 2.8562 2.8435 2.8690 2.8943 2.9999 3.0963 2.6350 3.0432 2.8187 2.6694 2.5858 2.5060 2.3925 2.6677 2.7558 2.5208 2.5829 2.6860 2.5900 2.6790 2.7805 3.6169 3.1401 
6.4447 6.2057 5.2719 4.7352 4.4742 4.3535 3.9316 3.9526 3.8683 3.7811 3.7369 3.7031 3.6134 3.6466 3.3843 3.4329 3.2931 3.3439 3.2353 3.4179 3.2798 3.3055 3.2631 3.2203 3.2115 3.1730 3.0580 3.3088 3.2456 3.2774 3.5496 3.9697 3.3069 
5.7297 5.7382 5.0371 4.8619 4.6344 4.3352 3.9973 3.9948 4.0973 3.9913 3.8190 3.7855 3.6395 3.7247 3.7380 3.6957 3.5962 3.6325 3.6097 3.5358 3.3152 3.4152 3.3571 3.4206 3.4122 3.2107 3.1023 3.2965 3.4044 3.4666 3.2935 3.5758 2.5035 
6.1737 5.2038 4.2864 3.7224 2.5283 3.1318 3.3756 2.8403 3.0531 2.2011 2.7417 2.9143 3.0025 2.2368 1.9455 2.6390 2.7074 2.5756 1.7490 2.0454 2.6709 2.5454 2.2559 1.6430 2.3667 2.0820 2.5147 2.1074 1.3674 2.3087 2.5757 2.8943 2.9043 
5.6268 6.2839 5.6135 5.1830 4.9955 4.7164 4.6234 4.4611 4.4180 4.3334 4.2234 4.1071 4.0001 4.0295 4.0070 4.0609 4.0666 3.9645 3.8273 3.7781 3.6827 3.6984 3.7510 3.7808 3.7566 3.6872 3.7015 3.6767 3.7712 3.7309 3.8145 4.0879 2.6597 
5.3443 5.8215 5.1644 4.8255 4.5524 4.3323 4.2739 3.8954 3.9268 3.7530 3.8634 3.7547 3.8050 3.5907 3.6299 3.4715 3.4550 3.3797 3.4889 3.3323 3.5528 3.3690 3.4033 3.1938 3.2608 3.1339 3.3791 3.2937 3.2997 3.4010 3.3983 3.6159 2.3383 
6.0849 5.2127 4.1235 3.6271 3.8551 3.8208 3.3731 3.2635 3.2740 2.0762 1.8658 2.2040 1.4843 2.6597 2.2941 2.5553 2.1699 2.4909 2.1531 2.4564 1.1486 1.8184 1.4201 1.5156 2.6300 2.5372 2.5088 2.7893 2.6614 2.2104 2.3834 2.9711 2.8538 
4.3726 5.8772 4.7170 4.5499 4.2990 4.0212 4.0427 3.7945 3.6183 3.6322 3.5169 3.3937 3.3130 3.2522 3.5081 3.2901 3.6531 3.2290 3.3255 3.0596 3.0527 3.0447 3.0519 3.0804 2.9593 3.0648 3.1289 2.9802 3.1026 3.1035 2.9541 3.6682 -0.2358 
5.9468 5.8114 4.7474 4.3806 4.0073 3.8701 3.7468 3.3300 3.5584 3.5951 3.3312 3.3870 3.4047 3.2219 2.8550 3.0551 3.3282 2.9727 2.7114 3.0322 3.1124 3.0421 2.8677 3.0458 2.8601 2.5816 2.8537 2.8261 2.7641 2.9765 3.0330 3.5946 2.7504 
5.9659 6.0080 5.1926 4.9180 4.7682 4.4016 4.3276 4.3281 4.2143 4.1468 4.0896 3.8945 3.9868 3.8407 3.7798 3.7689 3.7635 3.6992 3.6435 3.6375 3.6744 3.5473 3.6071 3.5949 3.5809 3.5944 3.4623 3.3636 3.5844 3.5203 3.4445 3.7604 2.6864 
4.8479 5.3954 4.7276 4.3492 4.2961 4.1907 3.6869 3.6346 3.8455 3.6177 3.5470 3.6058 3.2685 3.0456 3.3955 3.1090 2.8199 3.0513 3.2451 2.7767 3.0012 3.2012 3.0695 3.0656 3.1949 2.8536 2.7727 3.1532 3.1054 2.9491 3.0180 3.1977 1.7313 
4.4915 5.7340 5.0733 4.8278 4.2844 4.3023 4.1540 4.1919 3.9064 3.7973 3.7317 3.6144 3.3783 3.3250 3.4811 3.5803 3.4959 3.5014 3.3024 3.1210 3.0948 3.2123 3.2600 3.2483 3.2436 3.4215 3.2464 3.2628 3.0914 3.4044 3.2847 3.5212 -0.5034 
3.7465 5.6158 4.3596 3.6828 3.2893 3.2926 3.0059 2.0387 2.6899 3.1407 2.8097 2.7287 2.2146 2.5286 2.9858 2.8107 0.5308 2.7381 2.8076 2.2623 1.9571 2.3403 2.3392 2.5884 2.0549 1.2680 2.1018 2.2391 2.0726 2.2308 2.5867 3.3709 -0.1695 
5.4927 5.6114 4.8220 4.5419 4.1124 4.0086 3.6926 3.5939 3.5897 3.4696 3.4812 2.9968 3.3945 3.2687 3.1193 3.0360 3.1939 2.9407 2.9847 3.0748 3.1084 2.5946 3.0273 2.9006 2.9084 2.7943 2.7826 2.9636 2.8887 3.1006 3.1108 3.3442 2.3258 
2.8510 5.4838 4.3189 3.8163 3.8249 3.0716 3.5922 3.0975 2.9431 2.5202 2.5894 2.4821 2.5024 3.1206 2.8448 2.9828 2.3394 2.8888 2.6982 2.8872 2.1597 2.0737 2.1008 1.9378 2.2518 2.2962 2.6696 2.0220 2.6243 2.3778 2.5752 3.2464 1.0379 
4.1356 5.8621 5.1151 4.6671 4.4045 4.2904 4.3740 4.1239 3.7194 3.7657 3.6881 3.6292 3.7139 3.1660 3.5365 3.4149 3.3678 3.3275 3.3501 2.9546 3.4164 3.2302 3.2141 3.2046 3.0792 3.3208 3.5141 3.2493 3.1937 3.2154 3.3094 3.6482 0.4881 
6.0506 6.1652 5.2562 4.8379 4.5752 4.4383 4.2742 4.1632 4.1097 4.0114 3.8195 3.9635 3.7812 3.8012 3.7691 3.7917 3.5841 3.7298 3.6355 3.6103 3.5077 3.5939 3.3607 3.4372 3.4329 3.3833 3.3821 3.4005 3.3263 3.4306 3.5505 3.8998 2.8657 
6.0102 5.6557 4.5455 3.7907 3.7636 3.6798 3.3253 3.2551 2.0896 2.7460 2.6791 2.1717 2.6903 2.6535 2.4381 2.3923 2.0607 2.3050 2.2619 2.4501 2.3993 1.7805 2.2083 2.1894 1.4518 2.5241 2.4646 2.6401 2.5666 2.3620 2.7487 3.3984 2.8545 
6.3769 5.6449 4.1157 3.7563 3.5942 3.4992 3.7119 2.5787 2.2526 2.1808 2.6990 1.8573 2.8358 2.8268 2.3868 2.2279 0.7141 2.1661 2.2259 2.6160 2.5594 1.5122 2.2222 1.6254 1.6261 1.7486 2.8044 2.4769 2.3791 2.3693 2.3615 3.4059 3.1830 
3.8797 5.3201 4.5747 4.1451 4.1024 3.9261 3.9006 3.6994 3.7808 3.5531 3.1836 3.2774 3.1686 3.3106 3.1816 3.1798 3.3247 3.1168 3.0600 3.1113 2.8610 2.9169 2.7107 2.9782 3.1313 2.9405 3.0417 2.8851 2.8590 2.6887 2.7685 3.1023 -0.0739 
4.5656 5.3239 4.3498 3.2714 3.1527 2.3442 2.8634 2.7259 3.1695 2.7047 1.5036 2.6081 2.8085 2.5418 2.6603 2.7551 1.9039 2.6944 2.5394 2.2755 2.5409 2.2111 1.0030 2.1408 2.5346 1.9981 1.9993 1.3384 1.9472 1.8296 2.5971 3.1157 1.4382 
5.1666 5.7045 5.0477 4.8071 4.6073 4.3552 4.1124 3.9503 4.0416 3.7126 3.7330 3.7555 3.6397 3.6255 3.3419 3.6379 3.4526 3.5817 3.2003 3.3871 3.3162 3.3704 3.2620 3.1541 3.3455 3.1752 3.1930 3.3147 3.3574 3.3750 3.2711 3.4916 2.1263 
5.8104 5.8652 4.9618 4.5514 4.0946 4.0305 3.9880 3.3766 3.2102 3.5292 3.5954 3.5989 3.4736 3.2487 3.5206 3.3535 3.1123 3.2721 3.3353 3.0557 3.1576 3.1927 3.1130 2.9490 2.5625 2.6125 3.0930 2.9815 2.8272 3.0891 3.2020 3.6521 2.7455 
6.0465 5.5968 4.8121 3.7640 4.1020 3.7250 3.7578 3.6486 3.4895 3.1951 3.3411 3.2286 2.9977 3.1605 2.7962 2.9239 3.1400 2.8359 2.6599 2.9495 2.6678 2.8419 2.8819 2.6391 2.7965 2.8703 2.8674 2.6859 2.8659 2.3367 3.0898 3.3222 2.8552 
6.4627 6.0319 5.0543 4.7360 4.3636 4.2348 3.8248 3.7572 3.5288 3.2961 3.2664 3.4710 3.2858 3.4257 3.3989 3.3865 3.4561 3.3021 3.2469 3.1956 3.0318 3.0898 2.7933 2.7423 2.8294 3.0187 2.9555 3.1955 3.1605 3.2872 3.2791 3.7891 3.2937 
5.9764 5.5498 4.8384 4.4560 4.1992 4.0117 3.9772 3.7211 3.5356 3.6439 3.4634 3.4867 3.5768 3.5632 3.2171 3.3797 3.2059 3.2937 3.0901 3.2896 3.2440 3.0987 3.0139 3.0904 2.8391 2.9691 3.0905 2.9733 3.0234 3.0542 3.1295 3.2704 2.7707 
5.2390 5.2723 3.8330 3.2018 3.5467 3.0719 2.8851 2.9819 2.5427 2.0099 2.2637 2.5643 2.1507 2.1963 1.3675 2.0396 2.2838 1.9910 1.2118 2.0091 1.8539 2.1536 1.8226 1.4607 1.8396 2.1981 2.0098 2.0301 2.2707 1.7050 2.0702 3.0642 2.1397 
5.2382 5.0051 4.7217 4.6633 4.3037 4.1655 4.0235 3.7711 3.7620 3.8099 3.5979 3.5629 3.5440 3.3474 3.4923 3.4629 3.2386 3.3699 3.3141 3.1385 3.2063 3.1505 3.1171 3.2608 3.1154 3.0416 3.1176 3.1305 3.1183 3.2254 3.0480 2.8192 1.9843 
5.1059 5.8736 5.0002 4.6655 4.3385 4.3168 4.0364 4.1475 3.7453 3.5935 3.4934 3.7273 3.5738 3.3891 3.4068 3.2988 3.1976 3.2339 3.2553 3.1657 3.2384 3.3362 3.0421 3.0440 3.0977 3.3579 3.1239 3.2812 3.1418 3.2229 3.2593 3.6856 1.8180 
5.0899 5.1695 4.3789 3.8444 3.6726 3.1995 3.2477 2.9257 2.9521 3.0853 2.7227 2.5872 2.1774 2.5611 2.3065 2.8506 2.3189 2.7667 2.1681 2.3081 1.8937 2.1847 2.2395 2.5330 2.2653 2.1419 2.3559 2.1494 2.4906 2.4414 2.6360 2.9586 1.9612 
5.9983 5.9511 4.8571 4.5895 4.4846 4.2888 4.2289 3.8996 3.7802 3.9008 3.7446 3.5539 3.4986 3.5072 3.5655 3.4849 3.5776 3.3937 3.3815 3.2568 3.1765 3.1387 3.2682 3.3310 3.1321 3.1369 3.3247 3.2502 3.2616 3.1326 3.1294 3.7169 2.7719 
5.3604 4.9075 3.8692 3.9455 2.7554 3.3875 2.8774 1.6429 1.4825 0.8388 2.5361 1.9189 2.3650 2.3745 2.3339 2.0633 1.5993 2.0036 2.1792 2.1537 2.0741 1.5144 2.0572 0.2709 0.8519 0.8846 2.0012 2.3423 1.5769 2.5366 2.1457 2.6677 2.2056 
5.9680 5.5384 4.6846 4.3091 3.7055 2.5695 3.6113 3.3468 2.9043 2.7990 2.9285 2.5467 2.0257 2.5915 2.8604 1.9179 2.2631 1.8184 2.7121 2.3589 1.6959 2.1357 2.4760 2.2361 2.2282 2.5946 2.6995 1.5442 2.5239 2.8955 2.9453 3.2621 2.7444 
5.7099 5.6780 5.3327 4.9556 4.7189 4.5956 4.5527 4.2855 4.2028 4.2597 4.1407 4.1174 3.9319 3.7607 3.8509 3.8567 3.7927 3.7845 3.7120 3.5708 3.6367 3.7116 3.6628 3.7015 3.5723 3.5513 3.6439 3.5589 3.5393 3.5604 3.6147 3.4238 2.4052 
4.9833 5.7979 4.9740 4.3458 3.8536 3.6561 3.5210 3.4522 3.1049 2.9260 1.9228 2.8005 3.0689 2.6447 2.0722 3.1255 3.1474 3.0667 1.9185 2.4391 2.7351 2.4326 1.4754 2.3682 2.4526 2.6684 2.6041 2.6112 2.6392 2.9134 3.1908 3.5967 2.1129 
5.6821 5.7542 5.1544 4.6521 4.5991 4.4115 4.2769 4.2514 3.8926 3.7514 3.8690 3.7789 3.7532 3.6931 3.6128 3.5774 3.5986 3.4965 3.4611 3.4867 3.4686 3.3989 3.4093 3.1929 3.2317 3.5059 3.3835 3.3724 3.3426 3.2036 3.3735 3.5398 2.2667 
5.2512 6.0088 5.4223 5.0583 4.8300 4.5164 4.5318 4.5045 4.4586 4.3387 4.2424 4.0963 4.0784 4.0020 3.9585 3.8167 3.8324 3.7538 3.7895 3.7568 3.7379 3.6851 3.7713 3.7837 3.7850 3.7199 3.6296 3.4796 3.6414 3.6180 3.6946 3.7823 2.2269 
6.0255 5.3908 4.7119 4.4340 4.2162 3.8081 3.8871 3.6793 3.6229 3.5593 3.1708 3.4251 3.5867 3.6073 3.2553 3.2241 3.3506 3.1574 3.1188 3.3589 3.2582 3.0647 2.6963 2.9870 2.9689 2.9111 3.0353 2.7727 3.0435 3.0438 3.0064 3.1460 2.8076 
6.0053 5.7183 4.7846 4.0743 3.6842 3.5245 2.7947 2.3243 2.3214 2.5899 2.8788 2.6848 2.7052 2.6046 2.8346 2.5634 -1.6278 2.4984 2.6905 2.3688 2.4144 2.2949 2.4225 2.0373 1.6561 1.5727 1.9258 2.4825 2.4964 2.6121 3.0591 3.4853 2.8199 
6.2147 5.6552 4.5018 4.3085 3.9281 4.0807 3.8086 3.5938 3.2695 3.3673 3.1771 2.8553 3.2474 2.9505 3.1753 3.1447 2.9832 3.0856 3.0571 2.7076 2.9702 2.5056 2.7043 2.8002 2.6240 2.7892 2.9364 3.0473 2.7133 2.9070 2.7477 3.4346 3.0412 
5.8514 5.6940 4.8745 4.4287 4.2919 4.2509 3.6377 3.6575 3.2946 3.4445 3.4582 3.3811 3.2984 3.1103 3.0355 2.9179 3.1053 2.8317 2.8393 2.8691 3.0447 3.0333 3.0059 2.8737 2.6437 2.8837 2.7142 3.2123 3.1002 3.0449 3.1634 3.4524 2.7206 
5.6712 5.9506 5.2090 4.7997 4.4751 4.3479 4.1975 4.0839 4.0517 4.0235 3.8540 3.6726 3.6728 3.6666 3.6306 3.6052 3.4519 3.5474 3.4878 3.4491 3.3634 3.2715 3.3910 3.4503 3.3619 3.2659 3.2861 3.3154 3.2551 3.3697 3.4903 3.7337 2.5577 
6.4352 6.2239 5.3476 5.0175 4.7645 4.6154 4.3588 4.2627 4.2504 4.0826 4.0127 4.0170 3.8457 3.8215 3.7915 3.8240 3.7710 3.7599 3.6642 3.6240 3.5815 3.6251 3.5598 3.5127 3.6097 3.5230 3.4968 3.5774 3.5837 3.5965 3.6349 3.9787 3.2405 
4.0865 5.1784 4.1282 3.2338 2.7920 2.9544 2.2329 3.0688 2.4862 2.0365 2.6491 2.3400 1.3806 1.7038 1.4476 2.0977 2.2107 2.0382 1.3039 1.5263 0.9924 1.9730 2.1754 1.3729 1.7955 2.2639 1.4081 1.9730 1.5286 1.6771 2.2819 2.9600 0.1040 
5.7425 6.0060 5.1462 4.9758 4.6915 4.5093 4.2992 3.9328 4.0767 3.9946 3.7922 3.8360 3.9075 3.6797 3.6515 3.4211 3.5753 3.3349 3.5212 3.4664 3.6203 3.4839 3.3272 3.4221 3.3784 3.1607 3.4092 3.4751 3.4896 3.5768 3.4099 3.7761 2.6366 
4.9960 5.8615 5.0221 4.6688 4.3432 3.8386 4.1756 3.8064 3.6685 3.6021 3.6387 3.6311 3.6303 3.6048 3.6546 3.5283 3.3849 3.4319 3.5280 3.3537 3.3019 3.2316 3.1603 3.0506 3.0366 3.0712 3.2649 2.7959 3.1462 3.2153 3.2386 3.6395 0.9904 
5.9128 4.8657 4.0056 3.1877 3.3694 3.2633 3.7146 3.3078 3.2088 3.2192 3.2950 3.1917 2.1725 3.0703 2.6529 2.8662 2.8220 2.7800 2.5321 2.8109 1.8814 2.7963 2.8309 2.6569 2.5672 2.5647 2.8083 2.2257 2.1642 1.7468 2.2375 2.5894 2.6899 
6.1773 6.3307 5.6602 5.3192 4.9852 4.8133 4.6611 4.5585 4.5294 4.4561 4.3231 4.2959 4.2216 4.1643 4.1786 4.1845 4.0619 4.1245 4.0564 3.9352 3.9207 3.9150 3.8598 3.8864 3.8386 3.7590 3.7507 3.7761 3.7645 3.8860 3.8836 4.1174 2.8387 
6.0039 5.3963 4.3230 2.5940 3.6556 3.3668 2.6563 2.6897 2.8488 2.6080 2.8887 3.0789 2.8893 2.4011 2.3891 2.5338 2.1211 2.4526 2.2281 2.1708 2.5963 2.6745 2.4348 2.0555 2.1920 1.9456 1.7506 2.3370 2.4647 1.1451 2.6033 3.1469 2.7650 
6.2978 5.7558 4.6090 4.2253 3.9352 3.6015 3.6799 3.3817 3.1293 3.4776 3.1703 3.2859 3.2069 2.9282 2.9193 2.9091 2.4868 2.8193 2.7514 2.6891 2.9131 2.9277 2.6948 2.9083 2.4849 2.6223 2.7703 2.5601 2.7183 2.7912 2.8283 3.5272 3.1205 
6.5205 6.2340 4.9348 4.6299 4.2661 4.0889 3.7749 2.8642 3.6015 3.5628 3.4398 3.5603 2.8625 3.1516 3.1723 2.9086 2.8450 2.8131 3.0535 2.9383 2.5695 3.1427 2.9890 2.9880 2.9349 2.0846 2.8702 3.0484 3.0721 3.1748 3.1932 3.9969 3.3619 
4.9581 5.4722 4.2861 3.4048 3.6402 3.0569 3.2121 3.1011 2.1490 2.4033 2.0258 1.5898 0.8411 2.5258 2.1559 2.1800 1.7086 2.1122 2.0325 2.2545 0.5510 1.1924 1.5431 1.8311 1.5099 2.3058 2.3179 2.0185 2.4418 2.0087 2.5407 3.2382 1.7000 
5.1370 5.8403 5.1609 4.9026 4.6895 4.4990 4.4360 4.2216 4.1933 4.1652 4.0502 3.9779 3.9574 3.9213 3.6727 3.8284 3.7751 3.7641 3.5590 3.6958 3.6546 3.6014 3.5799 3.6121 3.5643 3.4649 3.5731 3.4651 3.4927 3.5109 3.4063 3.6446 2.0156 
5.5057 6.1317 5.6401 5.2469 5.0864 4.8645 4.6859 4.6472 4.4662 4.3587 4.3000 4.2994 4.2481 4.0879 4.1400 4.1685 4.1487 4.1109 3.9937 3.8187 3.9549 3.9213 3.8222 3.7934 3.7883 3.8497 3.7802 3.8272 3.8368 3.8001 3.8565 3.8755 2.5202 
5.1498 6.0632 5.3588 4.9401 4.8306 4.6778 4.3685 4.3776 4.3343 4.2121 4.1405 4.0858 4.1039 4.0964 4.0762 3.8639 3.7930 3.7876 3.8864 3.8322 3.7733 3.6731 3.6621 3.6561 3.6888 3.6294 3.5091 3.6394 3.6438 3.5478 3.6433 3.8223 2.0997 
5.9000 6.0894 5.2944 4.9538 4.7379 4.7079 4.4714 4.3891 4.3041 4.1845 4.0881 3.9522 4.0540 3.9956 3.8147 3.9229 3.7338 3.8362 3.6826 3.7521 3.7202 3.5863 3.6046 3.6300 3.6570 3.6358 3.5926 3.6690 3.5610 3.5510 3.5820 3.8373 2.8161 
6.6440 5.8600 5.0675 3.8006 3.8629 3.4003 3.5661 2.8000 3.0561 3.0743 2.9823 2.7804 2.6344 2.0975 1.6896 2.7987 2.6511 2.7379 1.5746 1.8535 2.3235 2.4211 2.5284 2.5286 2.3778 2.0684 2.6465 2.3824 2.6689 2.4214 3.3003 3.6228 3.4114 
6.2824 5.9281 5.1830 4.7101 4.5007 4.2698 4.1247 4.0871 3.9726 3.8534 3.7230 3.7447 3.7364 3.3234 3.5937 3.6848 3.5058 3.6227 3.4310 3.1197 3.4452 3.3585 3.2519 3.2870 3.2868 3.2706 3.2094 3.2301 3.2677 3.2638 3.4343 3.7108 3.1320 
5.9800 5.5316 3.9006 3.6934 2.7213 3.2795 3.2477 2.9682 1.7027 2.6510 2.7087 2.4305 2.4366 2.3607 1.7134 2.3203 2.5410 2.2337 1.5700 2.1281 2.1160 2.0506 2.2290 2.0888 1.0675 2.1676 2.3409 2.2352 1.5043 2.2312 2.1782 3.2856 2.8182 
5.1730 5.7501 4.6236 4.4330 4.1221 3.8954 4.0639 3.3571 3.3617 3.4892 3.1921 3.0216 2.5907 2.7552 2.6602 2.8328 2.9444 2.7542 2.5417 2.5652 2.2558 2.6085 2.7160 2.9120 2.6994 2.5984 3.1388 2.8674 2.8877 3.0424 2.8323 3.5617 2.0698 
5.5495 4.8969 4.4880 3.9979 3.1936 3.2527 3.3882 3.2710 3.1019 2.9493 2.8425 2.5481 1.6592 2.6656 2.4360 2.5600 3.0451 2.5014 2.2542 2.4663 1.3591 2.1403 2.3823 2.3770 2.4437 2.5413 2.5306 2.2126 2.0109 2.5639 2.7425 2.6496 2.3393 
4.0428 4.4649 4.0827 3.4564 3.6632 2.6368 3.5097 3.2721 3.0621 3.0492 2.8184 3.0860 3.1518 2.0093 2.8548 2.2649 2.6477 2.2116 2.7061 1.7353 2.8384 2.6836 2.3604 2.4905 2.3741 2.5434 2.6037 1.6257 2.4741 2.0475 2.3194 2.2501 0.7413 
5.3928 5.8794 5.0756 4.4069 4.1448 4.2586 4.3162 4.0505 4.0467 3.8989 3.5030 3.6990 3.5595 3.5743 3.2638 3.4985 3.2297 3.4053 3.1308 3.3084 3.2185 3.3014 3.0441 3.3294 3.3482 3.2446 3.4431 3.2150 2.9149 2.9769 3.2692 3.6666 2.4830 
6.5872 6.2426 5.1709 4.7580 4.3778 4.3796 4.1628 3.9638 3.9537 3.9648 3.8416 3.7291 3.6215 3.5484 3.6138 3.5809 3.6205 3.5035 3.4633 3.2758 3.2914 3.3372 3.3808 3.3928 3.2729 3.1851 3.2571 3.3430 3.1784 3.3195 3.4128 4.0064 3.3913 
6.1738 6.0219 5.3431 5.1191 4.8851 4.6964 4.3978 4.2518 4.2685 4.1969 4.1277 4.1089 4.0653 4.0581 3.9849 3.7153 3.5893 3.6491 3.8081 3.7897 3.7282 3.7017 3.6488 3.6430 3.6240 3.5095 3.5414 3.6584 3.6870 3.6638 3.6338 3.7747 2.9624 
6.2754 5.6436 3.8470 3.3921 3.4823 3.4141 2.8521 3.1692 3.1028 2.8585 2.7498 2.7666 2.8018 2.6516 1.3947 2.4767 2.5881 2.3847 1.2292 2.4393 2.5402 2.4053 2.2830 2.2883 2.4506 2.4058 2.0016 2.3800 2.2466 2.0162 2.1386 3.3608 3.1055 
6.1683 6.2700 5.6299 5.1374 5.0269 4.8018 4.7194 4.4223 4.3928 4.3667 4.2758 4.2313 4.1744 4.0868 4.0808 4.0839 4.0126 3.9914 3.8945 3.8163 3.8568 3.8370 3.7945 3.8014 3.7382 3.6589 3.8083 3.7653 3.7919 3.6825 3.8551 4.0734 2.9843 
6.2269 5.7962 4.9501 4.7883 4.3043 4.2457 3.9494 3.9856 3.8815 3.7867 3.6753 3.5724 3.5054 3.6729 3.4120 3.3777 3.5097 3.2955 3.2563 3.4578 3.1814 3.1602 3.2012 3.2332 3.2231 3.2022 3.0732 3.2078 3.1119 3.3577 3.2248 3.5756 3.0578 
4.0041 6.1664 5.6773 5.3134 4.9698 4.7682 4.6934 4.6546 4.3460 4.3574 4.3332 4.3029 4.2912 4.2425 4.1350 4.0195 3.9500 3.9249 3.9840 4.0501 4.0118 3.9294 3.8710 3.7929 3.6983 3.8599 3.7852 3.7313 3.7517 3.8823 3.9274 3.9215 -0.1473 
4.8349 6.1582 5.5420 5.1518 4.8201 4.5732 4.3456 4.3479 4.2248 4.1129 4.1399 4.0128 4.1106 4.0288 3.9011 3.8967 3.9497 3.8131 3.7528 3.7780 3.7810 3.6234 3.6622 3.5642 3.5886 3.6089 3.4831 3.5330 3.6270 3.6994 3.7868 3.9077 1.6585 
5.6650 6.0985 5.6307 5.2705 5.0879 4.9042 4.7542 4.7172 4.6232 4.4703 4.4274 4.3093 4.2939 4.1656 4.1476 4.1528 4.0466 4.0963 4.0064 3.9371 4.0149 3.9447 3.9700 3.9005 3.9417 3.9529 3.8529 3.8697 3.8411 3.8329 3.8625 3.8458 2.4727 
4.4479 5.8464 5.2416 4.9976 4.6111 4.4203 4.4499 4.2235 4.1919 4.0797 3.9962 4.0019 3.8513 3.8308 3.7729 3.6786 3.7305 3.6176 3.6372 3.6309 3.5847 3.6160 3.5428 3.5059 3.5619 3.4686 3.5799 3.3855 3.3592 3.5847 3.5278 3.6357 0.3981 
6.0148 6.2249 5.6231 5.2763 5.1734 4.8634 4.7824 4.6935 4.6023 4.5548 4.4711 4.3231 4.2118 4.2920 4.1688 4.1358 3.9772 4.0815 4.0393 4.0989 3.9075 3.9631 4.0158 3.9815 3.9056 3.9178 3.8862 3.8258 3.9558 3.8377 3.8438 3.9961 2.7415 
4.7096 5.7378 4.8126 4.4894 4.4580 4.2228 3.8478 3.7807 3.8377 3.6434 3.5383 3.1170 3.3253 3.1706 3.3519 3.4290 3.4362 3.3424 3.2105 2.9649 3.0612 2.7239 3.0610 3.0898 3.1874 3.0494 2.9857 3.1823 3.2423 3.0789 3.0938 3.5529 1.6258 
6.3092 6.0302 5.3102 4.9576 4.7487 4.6688 4.4985 4.1847 4.0944 4.1085 3.9248 3.9264 3.8888 3.7864 3.7932 3.7609 3.6904 3.6911 3.6654 3.5946 3.6087 3.5722 3.4673 3.5595 3.4062 3.4113 3.6081 3.6312 3.5691 3.5637 3.5936 3.7903 3.1590 
6.5219 5.8346 4.8131 4.1824 3.6688 3.8418 3.1958 1.6622 2.8492 2.5916 2.2233 2.2021 2.2244 2.0375 2.3625 2.4850 2.1730 2.3980 2.2175 1.7778 1.9375 1.8050 1.7564 2.0310 2.1972 0.9336 2.2913 2.8108 2.4731 2.7471 3.0959 3.5999 3.3069 
5.3051 5.5015 4.7359 4.5214 4.3157 3.8667 4.2080 4.1410 3.8861 3.5583 3.6348 3.6675 3.5819 3.3870 3.4612 3.5850 3.1921 3.5092 3.2857 3.1683 3.2493 3.2689 3.1580 2.9850 3.2249 3.3506 3.3027 2.8346 3.1306 3.0958 3.0473 3.2861 2.0973 
6.0688 5.7547 4.3225 4.0848 3.6641 3.3599 3.5192 3.2751 3.1468 2.8734 3.0184 2.7608 2.8295 2.5354 2.1976 2.5401 2.5167 2.4673 2.0709 2.2979 2.5455 2.3802 2.5389 2.2900 2.5228 2.5326 2.6097 2.3480 2.4223 2.6189 2.5945 3.5437 2.9315 
5.0575 6.2069 5.4142 5.1396 4.6850 4.7489 4.5941 4.4869 4.2570 4.1577 4.1575 4.0937 4.0756 4.0001 3.9270 3.7949 3.9497 3.7345 3.7736 3.7563 3.7347 3.6824 3.6803 3.6053 3.6140 3.7060 3.6673 3.7099 3.4764 3.6784 3.6674 3.9705 2.2952 
5.5332 5.2069 4.3931 4.2325 3.7216 3.6393 3.6109 3.4566 3.2449 2.8223 3.1716 2.5371 2.8191 3.1567 3.0883 3.1093 3.0857 3.0539 2.9329 2.9441 2.5513 2.1247 2.6986 2.2519 2.5981 2.6728 2.6945 2.6052 2.5364 2.7947 2.6600 3.0183 2.3548 
6.3949 5.6456 4.4670 4.0895 4.0230 3.5291 3.2676 2.0694 2.2111 1.6478 2.6491 1.8957 2.2068 2.9993 1.4376 1.9809 0.4846 1.8837 1.2413 2.7433 1.9362 1.5160 2.1776 1.1183 1.5661 1.2669 2.3885 2.4900 2.7833 2.6374 2.7444 3.3571 3.2118 
5.8474 4.9550 3.5909 3.6449 4.1454 3.7661 3.6458 2.6599 2.5957 2.7573 2.5275 1.9103 1.5605 2.0566 2.7755 2.2605 1.0339 2.1849 2.6454 1.8291 1.2689 1.5192 2.0343 2.2049 1.9613 1.8679 2.7349 2.7296 2.9429 2.2319 1.9048 2.7380 2.6402 
6.1726 6.0361 5.0802 4.7214 4.5432 4.3490 4.1815 4.1913 3.9707 4.0130 3.9230 3.8485 3.6756 3.8314 3.7443 3.6779 3.4517 3.6168 3.6143 3.6313 3.3676 3.4944 3.4672 3.4408 3.2854 3.4216 3.2712 3.3104 3.3015 3.2720 3.3008 3.7817 2.9579 
5.0370 5.9200 4.9373 4.4628 4.1063 4.0369 3.7504 3.8636 3.6276 3.6141 3.6685 3.5007 3.5752 3.2159 2.9974 3.2633 3.3105 3.1974 2.8097 3.0249 3.2396 3.1078 3.1940 3.0641 2.9788 3.1138 2.8552 3.0054 2.8591 3.0489 3.2077 3.7134 2.0456 
5.4755 5.3898 4.6600 4.3710 4.0057 3.9473 3.6567 3.4569 3.6158 3.6245 3.4885 3.3719 2.8968 3.2012 3.0930 2.9543 2.8046 2.8603 2.9409 3.0025 2.5997 3.0216 3.0364 3.0734 2.9605 2.6744 2.7469 2.9105 2.7638 2.9832 2.9368 3.1716 2.3648 
6.7362 6.2488 5.4484 4.9840 4.8938 4.6500 4.4962 4.3109 4.1458 4.0673 3.7894 3.8834 3.8294 3.7125 3.7040 3.6247 3.5934 3.5692 3.5831 3.5134 3.5706 3.5372 3.3189 3.4920 3.4901 3.5813 3.6074 3.6114 3.6960 3.5777 3.7168 4.0042 3.5557 
6.4854 6.0971 4.9149 4.1840 3.2604 3.4053 3.7195 2.9662 2.3217 1.6691 0.9777 2.3234 2.7472 2.2639 2.6410 2.7438 0.9471 2.6714 2.5291 2.0554 2.4926 1.9881 0.6667 1.1161 1.6617 2.1523 2.8053 2.3628 2.0839 2.7156 3.1657 3.8180 3.3143 
6.2675 5.9462 4.9586 4.6641 4.1069 3.9810 3.9592 3.6408 3.7764 3.3110 3.2424 3.2053 2.8462 3.0992 2.7582 3.0764 3.1005 3.0116 2.6357 2.8525 2.5659 2.8088 2.7613 2.7452 3.1258 2.8564 3.0775 2.9398 2.8646 3.2151 3.2219 3.7079 3.1059 
5.9181 5.3415 4.0687 2.1575 3.2010 3.5153 3.5543 2.9907 2.1921 3.0774 2.0111 1.8661 2.3552 2.3659 1.9245 2.0327 0.1447 1.9602 1.7365 2.1440 2.0650 1.4988 1.5242 2.5265 1.5416 2.1869 2.6235 2.4920 2.0213 0.6063 2.2792 3.1337 2.7486 
4.3858 4.9039 4.6250 4.5985 4.1591 3.7520 3.2606 3.6034 3.2915 3.2001 3.2994 3.4555 3.2744 2.9251 3.2149 3.0884 2.8709 3.0316 3.0874 2.6906 3.0177 3.0818 2.8394 2.6446 2.6446 2.8053 2.3738 2.7148 2.9469 3.1418 2.8873 2.6923 1.2377 
4.6770 4.6628 3.7002 3.2518 3.4161 2.8528 2.4038 3.0450 2.4503 2.0177 2.3954 2.3782 1.2765 2.4917 1.5930 1.7407 2.2744 1.6881 1.4532 2.2290 1.0133 2.0189 1.9498 1.4594 1.7630 2.2312 1.5201 1.7994 2.1927 1.8191 1.9911 2.4272 1.5338 
4.5581 5.8610 5.1982 4.6743 4.5470 4.3741 4.2958 3.9978 3.8390 3.8990 3.8513 3.7271 3.7145 3.7043 3.5651 3.3741 3.4447 3.2912 3.3757 3.5040 3.4176 3.3349 3.3906 3.3324 3.1916 3.2063 3.4069 3.3369 3.3027 3.2338 3.4775 3.6632 1.5870 
5.1271 5.4176 4.8083 4.6185 4.4462 3.9647 4.0241 4.1098 3.8760 3.6814 3.6720 3.6516 3.6241 3.5969 3.3662 3.3869 3.1308 3.3014 3.2199 3.3428 3.2947 3.2592 3.1970 3.1274 3.2184 3.3053 3.1167 2.9308 3.2308 3.1649 3.0965 3.1954 1.8336 
5.9928 5.2186 4.4498 3.8768 3.4388 3.5560 2.9369 3.2690 3.2726 3.3395 3.0962 2.6719 2.8313 2.8081 2.0991 2.5960 2.0032 2.5395 1.9764 2.6035 2.5590 2.2778 2.6180 2.7731 2.6313 2.5393 2.0495 2.5214 2.2196 2.4868 2.7038 2.9418 2.7467 
4.8677 5.6863 5.2749 4.8229 4.6662 4.3650 4.4230 4.2297 4.2235 4.0261 3.9884 3.9943 3.9420 3.8577 3.6855 3.7993 3.6798 3.7384 3.5685 3.6499 3.6443 3.6118 3.5364 3.4526 3.5882 3.4768 3.5663 3.3283 3.4549 3.4054 3.5727 3.4603 1.5342 
5.6253 5.8787 5.3367 5.1103 4.8258 4.5607 4.3162 4.3301 4.1791 4.1422 4.0079 4.0207 4.0635 3.8308 3.8959 3.8573 3.8746 3.7847 3.7491 3.6304 3.7272 3.6282 3.5571 3.5910 3.5469 3.5958 3.4503 3.5227 3.6372 3.6550 3.6216 3.6721 2.3579 
6.1064 6.2660 5.5529 5.1623 4.9093 4.8581 4.6396 4.5824 4.4499 4.3671 4.3115 4.2255 4.1662 4.0950 4.1029 4.0963 3.8088 4.0131 3.9323 3.8292 3.8458 3.8295 3.8470 3.8017 3.7816 3.7785 3.7225 3.8237 3.7085 3.7128 3.7906 4.0671 2.8880 
6.1105 5.9653 5.3174 5.0153 4.7333 4.5879 4.4923 4.2066 4.1288 4.1544 4.0289 3.9141 3.8288 3.9703 3.7238 3.8193 3.7105 3.7566 3.5983 3.7336 3.5712 3.5652 3.5675 3.6034 3.4637 3.4451 3.6057 3.5529 3.5605 3.5971 3.6208 3.7316 2.9553 
