4.9584 3.6404 2.7951 3.5171 3.3438 2.7777 1.8077 2.3800 3.2121 3.1572 2.1758 2.3307 3.1653 2.5826 2.7326 2.0723 2.0207 1.9561 2.5167 2.3055 2.8189 1.8870 1.6061 2.4898 2.4103 1.5232 0.7901 1.5608 1.8705 1.8360 0.7474 0.9651 1.1642 
4.0148 4.7023 3.9531 3.6090 3.6804 2.8349 2.8005 3.4299 3.2541 2.7055 2.6386 2.7554 2.0332 2.8125 1.3387 2.1049 -1.3923 1.9866 1.1586 2.5377 1.6571 2.2739 2.1019 2.0261 2.4363 2.5201 1.7131 1.6289 2.2685 1.9663 1.8697 2.1307 0.2050 
4.8750 4.1341 3.3816 3.7192 3.1711 2.5421 3.2960 2.3549 2.6712 2.6978 2.3864 2.9252 2.7263 2.7559 2.9861 2.8175 2.9963 2.7499 2.8266 2.4560 2.3241 2.4666 1.8277 2.0200 1.8475 1.5143 2.2198 1.3375 1.7379 2.0807 1.3145 1.5032 1.0651 
4.5253 4.2211 2.7693 3.1671 2.9492 3.1521 2.8237 2.2832 3.1290 2.8568 2.3040 2.2811 2.5930 2.2405 2.4707 1.4932 1.7269 1.3709 2.3068 1.9875 2.2323 1.8171 1.7445 2.2037 2.3540 1.4131 1.7588 1.9399 1.5534 1.5187 0.6906 1.6198 0.8463 
4.5870 3.8483 2.6696 2.9602 2.3777 4.6893 3.4525 2.9797 2.8691 2.7033 2.5843 1.3702 2.8995 2.1247 2.1855 1.6092 1.5598 1.5374 2.0136 1.8098 2.5503 0.9341 2.0571 2.0372 2.1309 2.1110 2.3755 3.4746 1.0581 1.2488 0.6432 1.1963 0.8399 
1.8211 4.5664 3.6243 3.7106 2.9372 3.3049 2.5206 3.1258 3.3468 3.3363 3.3604 1.1933 2.1389 1.5540 1.0869 1.0351 1.4728 0.9630 0.9405 1.2578 1.7461 0.7357 2.7937 2.6633 2.5367 2.2365 1.5066 2.0943 1.5371 2.0786 1.6204 1.9321 -1.3043 
3.8148 2.9789 3.3409 3.2674 3.4168 3.3444 2.7833 2.8973 2.3826 1.3490 1.9505 1.9503 2.6142 2.7374 2.7062 2.3159 2.4981 2.2401 2.4846 2.4220 2.2516 1.5257 1.4153 0.6888 1.6237 2.0154 1.7072 2.1273 2.0051 1.5827 1.2475 0.4659 -0.0515 
5.4226 4.0918 2.0651 2.5868 1.9874 2.8218 2.9467 2.9849 3.2538 2.3861 1.9852 2.1641 2.6743 1.1720 2.8188 2.8666 1.0222 2.7932 2.6593 0.9317 2.2838 1.6933 1.4395 1.7217 2.4414 2.1327 1.9056 1.5967 0.5145 0.9373 -0.0306 1.5275 1.6492 
4.5654 4.8799 4.1889 3.2041 3.1862 2.9945 2.7117 2.8965 2.6060 2.3004 1.5622 2.4017 2.9554 2.7515 2.7352 3.0886 0.9609 2.9956 2.5256 2.4436 2.6212 1.9863 0.9968 1.6508 1.7964 2.0107 1.6255 1.7749 1.7604 1.5284 2.1656 2.2808 0.6960 
3.4020 3.7132 2.3581 2.5823 2.5880 2.9964 2.8902 2.9009 3.0209 2.2347 2.6233 2.2674 1.6583 2.9134 1.8702 2.1173 0.7666 2.0061 1.7002 2.6867 1.2824 1.8010 2.0905 1.5825 2.2632 2.0250 1.8215 1.7856 1.1535 0.9422 0.3392 1.0906 -0.3531 
5.2855 4.7842 3.7415 3.4103 3.5062 3.7459 3.3667 2.5206 3.3185 2.9840 2.1179 2.6856 2.9778 2.1346 2.7446 3.3560 2.3646 3.2626 2.5428 1.8315 2.6475 2.2193 1.5441 2.3286 2.5070 1.6137 2.2791 2.5314 2.1356 1.7217 1.7183 2.1713 1.5709 
4.3831 4.3309 2.9793 3.3756 2.8644 3.2726 3.0654 3.2367 2.8464 2.6053 1.3371 2.5799 2.8305 2.7838 1.7677 2.2251 2.4100 2.1641 1.6018 2.4935 2.4601 2.1490 0.8105 1.9342 2.1008 2.3149 2.0459 2.0649 1.4499 1.6741 0.9670 1.7103 0.6511 
3.6195 3.9398 2.8689 3.1691 2.6040 2.4106 2.2248 3.2376 2.7470 3.0676 2.8582 2.7615 1.9347 1.8567 2.3652 2.7604 1.5765 2.6792 2.2130 1.6085 1.5880 2.2815 2.3005 2.4011 1.9524 2.3093 1.1754 1.1867 1.1490 1.5345 0.8880 1.2816 0.0523 
4.0671 4.6803 4.0627 3.5687 3.4740 3.5246 3.4200 2.6005 3.3281 2.9907 1.9203 2.6288 2.8597 2.5938 2.2404 1.7305 0.8990 1.6490 2.1045 2.3118 2.4944 2.1836 1.3693 2.3369 2.5096 1.6884 2.3507 2.3133 2.0856 1.8902 2.0385 2.1173 0.4878 
3.5116 1.7532 2.8781 2.3784 1.9429 2.5208 3.0745 2.1300 1.5657 2.7785 2.4245 2.7916 2.9587 2.9863 3.0406 2.6763 1.2560 2.5622 2.8823 2.7593 2.6282 2.3210 1.8860 2.1338 0.8054 1.1707 2.0647 1.3210 0.5012 0.7182 0.8998 -0.8734 -0.2495 
4.8966 4.2267 3.2795 3.3483 3.2230 2.2081 2.9480 2.7431 2.8315 1.8226 2.6980 2.3333 2.5263 2.7788 2.3006 3.2737 3.4893 3.1668 2.1557 2.4871 2.1909 1.8727 2.1460 1.1607 2.0860 1.7863 1.8936 0.9928 1.7699 1.6453 1.2256 1.6115 1.1711 
4.5925 3.6028 3.1548 2.6548 2.4399 2.9308 2.4734 2.4667 2.3465 1.7568 2.4868 1.7726 2.6725 2.7267 2.2761 1.9646 1.6526 1.8651 2.1351 2.4061 2.2887 1.3267 1.9458 1.0883 1.5885 1.5815 1.4758 1.7141 1.0370 0.9434 1.1261 0.9751 0.7856 
3.4930 2.9424 2.9996 2.8659 1.7288 2.8673 2.4267 2.7545 2.9331 2.2530 2.7189 2.6232 2.4596 3.2252 2.9514 1.5994 1.8363 1.5307 2.7956 2.9424 2.1504 2.1717 2.1542 1.6071 2.1782 1.8105 1.3959 1.6532 0.3323 1.1647 0.9904 0.4258 -0.3133 
4.1512 3.8324 3.7205 3.3593 3.2761 3.3256 3.5495 3.3796 3.2871 3.3216 2.4362 1.5227 2.6812 3.2763 2.9556 2.5855 2.7486 2.4802 2.7998 2.9828 2.2975 1.0515 1.8889 2.6478 2.4738 2.4379 2.4948 2.1203 1.8151 1.6573 1.6949 1.1700 0.3422 
2.5877 4.0407 2.6709 2.6480 3.2390 1.9005 2.4186 3.2764 3.4111 2.2199 1.5899 1.8084 2.8142 2.0909 1.5193 2.9455 1.9304 2.8663 1.3256 1.7767 2.4331 1.3966 1.0271 1.5692 2.6410 2.3461 1.4240 0.6498 1.7842 0.9928 0.5539 1.4700 -1.0141 
3.8902 4.0062 3.0943 3.5344 3.8885 3.3416 3.1297 3.7425 2.2163 1.6043 2.2429 2.7376 1.2524 2.4859 1.8711 1.7198 3.0109 1.6464 1.7012 2.2369 0.9258 2.2535 1.6851 0.9651 1.4466 2.8460 2.1253 2.1237 2.4229 1.8610 1.0514 1.3796 0.2895 
5.1353 4.1976 3.3455 2.7952 3.6046 3.2932 3.5739 2.7035 3.6599 3.3037 2.8204 2.1665 2.7039 3.1665 2.2783 1.9729 2.3794 1.8623 2.1348 2.8967 2.3121 1.6853 2.2573 2.6244 2.9001 1.7525 2.5290 2.0850 2.2151 1.1354 1.2868 1.6034 1.3469 
4.7139 4.7907 3.9286 2.9880 3.5762 3.4889 3.6360 3.5917 3.0656 2.6022 2.6919 2.7632 2.2201 2.7728 2.6081 2.3460 1.3742 2.2646 2.3983 2.4781 1.8541 2.2811 2.1396 1.9365 2.2927 2.7305 2.6314 2.2668 2.1920 1.3221 1.8539 2.1936 0.9942 
4.4562 3.7655 2.9367 3.0489 2.9230 2.4417 1.6374 2.5325 2.5504 1.5715 1.9626 2.9839 2.8189 3.1144 2.4168 1.6777 1.4200 1.6054 2.2553 2.8609 2.4426 2.5411 1.4252 0.9401 1.7615 1.6451 0.5555 1.2012 1.5278 1.4031 0.9441 1.1887 0.6552 
1.0064 4.1807 3.3842 1.7568 2.6568 3.5402 2.7734 2.2047 2.9458 2.7823 2.9005 2.8515 3.0322 2.8726 2.0921 1.9514 2.2458 1.8529 1.8699 2.6223 2.7328 2.3818 2.3499 2.1422 2.1897 1.2861 1.6953 2.3285 1.2338 0.1736 1.3037 1.6114 -1.8886 
4.2613 4.0897 3.7964 3.7094 3.4181 3.6139 3.5126 2.9807 3.4137 2.9640 2.7863 3.1486 2.7222 2.7349 1.1366 2.2594 2.1738 2.1889 0.9886 2.4163 2.3210 2.7362 2.2283 2.3020 2.6504 2.1161 2.4513 2.3994 1.9998 2.0737 1.7656 1.4992 0.4878 
5.1638 4.3195 2.9931 3.3185 3.3661 3.5493 3.9806 3.5901 1.9807 1.6320 1.8253 2.4939 2.9228 2.8671 2.4293 2.7397 2.8120 2.6363 2.2732 2.6147 2.5789 2.0882 1.2690 0.9992 1.1815 2.7272 2.9051 2.3351 1.9268 1.6057 0.9958 1.6588 1.3498 
3.3436 4.1481 3.1448 3.3387 3.2150 2.7788 2.6845 1.6851 3.0644 1.7885 2.3071 2.4797 2.9854 3.0044 3.1782 2.6594 2.5881 2.5446 2.9889 2.7801 2.6640 2.0825 1.7601 1.1565 2.3023 0.7935 1.6033 1.5656 1.7627 1.6128 1.0962 1.5512 0.0110 
4.4395 4.6580 3.6073 3.3223 3.5245 3.9940 2.7397 3.5370 3.1790 2.7707 2.4533 2.7276 2.4235 2.6577 1.0073 2.1939 2.4395 2.1331 0.8197 2.3698 2.1238 2.2478 1.9236 2.1301 2.3827 2.6760 1.6630 2.7721 2.1359 1.5922 1.5756 2.0644 0.9096 
5.2616 5.1231 4.4435 3.9998 3.8498 3.4575 4.0226 3.2401 3.7100 3.4298 2.3170 2.9681 3.5654 2.3205 3.0561 2.7527 0.4809 2.6585 2.8960 2.0921 3.2317 2.5263 1.7616 2.7806 2.9397 2.3148 2.9563 2.2500 2.3899 2.3039 2.3787 2.4459 1.4552 
4.9145 4.2656 3.6132 3.7345 3.9482 3.1766 2.9311 2.2308 2.4737 2.3280 1.3524 1.9581 3.0825 2.8045 2.7494 1.7930 1.6726 1.7275 2.5398 2.5307 2.7616 1.5442 0.7921 1.6655 1.7126 1.3061 1.8667 1.9553 2.4784 2.1123 1.6334 1.6385 1.1785 
3.9143 2.8658 2.6665 3.3703 3.2371 2.6367 2.2344 2.4881 2.7523 2.3012 2.6858 2.3812 2.8645 2.8811 2.7111 3.0352 2.8880 2.9606 2.4942 2.6378 2.5020 1.9504 2.1364 1.6450 1.9517 1.6094 1.1639 1.4160 1.7812 1.6703 0.6227 0.2223 0.0955 
4.3859 5.1665 4.3307 4.0611 4.0558 3.3795 3.5232 3.4818 3.4117 3.0805 3.2399 3.0038 3.2006 3.0147 2.6852 1.0114 1.0189 0.9447 2.4671 2.7902 2.8419 2.5796 2.6990 2.4172 2.6346 2.5859 2.4645 2.1620 2.6513 2.3735 2.3119 2.5173 0.6235 
3.8474 3.6956 3.0881 2.9632 2.3500 1.2194 3.9559 3.5459 3.2924 3.6897 3.1393 2.4527 3.6238 3.1430 2.1798 2.2973 1.1967 2.2212 1.9991 2.8782 3.3298 2.0554 2.5998 3.0246 2.4746 2.6720 2.8770 0.1250 0.9678 1.2835 1.0596 1.0733 0.1321 
4.9704 4.7331 3.6333 3.3945 3.2601 1.5970 3.0215 2.3702 2.6512 3.4526 2.9402 2.1866 2.5794 2.1652 2.6285 2.4654 0.5195 2.3799 2.4251 1.8687 2.2281 1.7122 2.3767 2.8034 1.8456 1.5154 2.0072 0.4357 1.8023 1.7151 1.6260 2.1410 1.2865 
5.0037 4.0619 2.3722 3.4892 3.5947 3.5514 2.9835 3.6080 2.4978 2.5341 2.7261 3.1236 2.9959 1.6308 2.3899 2.0549 1.9144 1.9457 2.2361 1.3506 2.6885 2.7181 2.1649 1.8731 1.7082 2.7541 1.9566 2.3393 2.2025 1.8162 0.4333 1.5144 1.2094 
4.8491 4.4605 2.7546 2.7751 2.9850 2.1441 2.7932 3.1245 2.4069 2.3126 2.5965 2.3764 2.8369 2.3453 2.2679 1.9877 1.7418 1.8774 2.1303 2.1239 2.4654 1.9345 2.0598 1.6627 1.6507 2.2322 1.7235 0.9388 1.5779 1.0914 0.5917 1.7945 1.1561 
5.2630 4.7289 3.7093 3.4441 3.7866 3.0856 3.1669 3.3471 2.6920 3.4281 3.3093 2.9224 2.5576 2.2382 2.1634 3.2564 3.1838 3.1518 1.9596 1.9930 2.2053 2.4631 2.7536 2.7813 1.8745 2.3914 2.1395 1.8866 2.3584 1.7542 1.6841 2.1219 1.5122 
4.0592 3.6575 3.0899 3.0616 2.3558 3.4755 2.7214 2.8592 1.2608 1.7733 2.7846 2.6189 1.7494 2.2300 2.1514 1.6622 2.2462 1.5927 1.9600 1.9655 1.4210 2.1729 2.2248 1.1234 0.4863 1.9547 1.6228 2.2601 0.9785 1.4136 1.0686 1.0731 0.3649 
5.0740 4.5567 4.0186 3.3831 3.6611 3.8134 3.7000 2.3043 1.7309 2.3682 2.3882 1.4118 2.8265 3.0948 3.0649 2.8762 2.8488 2.8022 2.9026 2.8464 2.4552 0.9520 1.8458 1.7060 0.9807 1.4111 2.6908 2.5989 2.2657 1.6858 1.9743 1.8649 1.2574 
5.3746 4.8128 4.0263 4.0953 3.7963 3.5755 1.4967 2.0751 1.4491 2.6307 2.9894 2.3807 2.1611 2.9958 3.2876 3.0447 3.5309 2.9728 3.0735 2.7759 1.7757 1.9431 2.4366 1.9599 0.6493 1.1346 0.4115 2.3540 2.3620 2.4045 2.0036 2.1879 1.6227 
5.0794 4.4982 3.5437 2.8959 2.3598 2.2531 2.6291 2.5392 2.4213 2.9210 2.9824 2.4549 2.1922 2.6488 2.5342 2.1377 2.6020 2.0454 2.3570 2.3598 1.8030 2.0381 2.4176 2.2692 1.6669 1.6364 1.5814 1.0296 0.9741 1.1920 1.5375 1.8039 1.2846 
5.3346 4.3394 3.4473 3.1529 3.2718 3.2774 3.4967 2.7915 2.6278 0.2019 1.5623 1.1657 1.2276 2.3242 2.6107 1.1213 1.8898 1.0742 2.4011 2.1170 0.9511 0.7888 1.0228 -0.7163 1.8084 1.8464 2.4295 2.0571 1.8422 1.4663 1.4988 1.7978 1.5595 
4.7237 5.1931 4.4328 3.6895 3.7681 3.8265 3.7662 3.4161 3.3604 3.1048 3.2145 2.1274 3.2429 2.6625 2.3878 2.9121 3.0569 2.8387 2.2375 2.3604 2.8730 1.6294 2.6786 2.4468 2.5529 2.4929 2.7482 2.6159 2.3502 2.0452 2.3800 2.5566 0.9571 
5.0304 5.0326 4.3471 4.1000 3.9252 3.9021 3.8353 3.1482 3.3557 3.4583 3.3038 2.0062 3.7173 3.6077 2.4824 2.8263 1.9202 2.7596 2.3025 3.3844 3.3917 1.5606 2.7505 2.8078 2.5574 2.2581 2.7837 2.7009 2.4493 2.4083 2.3206 2.3823 1.1861 
3.3168 3.4196 3.2872 3.5062 3.1385 2.8432 3.5727 2.5412 3.2451 2.1723 2.3476 2.0025 1.7742 2.4215 2.6840 2.0210 2.2852 1.9094 2.4670 2.1929 1.4643 1.5552 1.7798 1.5247 2.4347 1.6506 2.5312 1.6198 1.7225 1.8133 1.2003 0.7745 -0.8876 
4.4994 4.0759 3.4154 3.2457 3.4522 3.2687 2.8410 1.7105 2.8156 2.0295 2.2863 2.7982 2.4763 2.9873 2.8482 2.8281 -1.0779 2.7599 2.7049 2.7638 2.1559 2.3321 1.7421 1.3702 2.0624 0.8949 1.7777 2.0413 2.0657 1.5730 1.3957 1.4600 0.6756 
5.0277 4.3309 3.4026 3.5653 3.6037 3.7878 3.8053 2.4823 2.0241 1.8901 2.6417 1.3235 3.1968 3.3504 2.9805 2.3719 0.2150 2.2861 2.8200 3.0376 2.8407 0.9192 2.1084 1.2291 1.2140 1.5915 2.7692 2.5748 2.2121 1.8944 1.3733 1.7074 1.2803 
4.7266 4.1528 3.4012 3.0396 3.1176 2.3486 2.0845 3.4023 3.1592 2.9204 2.9179 1.8884 2.4080 2.8284 2.3148 2.8586 1.6925 2.7861 2.1659 2.5671 2.1186 1.5103 2.3585 2.2688 2.3772 2.4839 1.0018 1.1395 1.6938 1.4639 1.3760 1.6463 0.8707 
4.5776 4.4732 4.0015 3.5919 3.2594 3.7507 3.5965 3.2387 2.7336 3.2909 2.7826 2.6288 2.0549 2.1167 1.9926 1.5761 0.3630 1.5137 1.7893 1.7851 1.6722 2.1769 2.2148 2.6175 1.9211 2.3234 2.5524 2.5399 1.8140 1.9275 1.9517 1.8125 0.7397 
5.1373 3.8861 3.3129 2.5348 2.9135 2.9640 2.6837 3.5602 3.1711 2.9679 3.2462 2.9472 1.0098 2.3512 2.6188 2.2065 2.7169 2.1401 2.4114 2.1292 0.6543 2.4914 2.7184 2.3110 2.3817 2.6952 1.6125 1.7441 1.5214 0.8715 1.2072 1.1102 1.2418 
3.4442 3.3957 3.4677 3.2225 2.1796 1.2027 2.8725 3.2384 3.2701 2.2638 2.3746 2.6478 2.9255 2.7107 2.2488 1.8477 1.5231 1.7672 2.1122 2.3887 2.5834 2.1903 1.8255 1.6018 2.4582 2.3190 1.8083 -0.0187 0.7966 1.5418 1.5110 0.8566 -0.7440 
5.4222 5.1089 4.2062 4.1437 3.4647 3.4867 3.4171 3.9364 3.3935 2.8933 2.8554 2.6136 2.8299 2.9037 3.1270 3.1675 3.0013 3.0652 2.9542 2.6696 2.4609 2.1674 2.2994 2.2359 2.6099 2.9857 2.3645 2.2761 2.0558 2.4626 2.1991 2.4320 1.6671 
2.4605 3.4648 2.3731 3.3424 3.2287 3.8184 3.6022 3.0148 2.9944 0.9578 1.7475 2.2873 2.5779 2.1313 2.7620 1.7619 -0.1826 1.6731 2.5682 1.8200 2.2218 1.8261 1.1878 0.3228 2.2428 2.1496 2.5756 2.6027 1.7838 1.6238 0.3998 0.8564 -2.6515 
4.7015 3.6047 2.8959 3.1708 3.3818 3.0355 2.8983 2.5588 1.7772 2.7496 2.7351 2.5253 2.1266 2.7114 2.6722 1.2894 -0.8766 1.2002 2.4573 2.3914 1.7375 2.1128 2.1654 2.1018 1.0542 1.6628 1.8271 1.8333 1.9551 1.5118 0.8747 1.1375 0.8570 
3.0072 3.9365 3.2697 3.1948 2.5260 3.2758 3.3458 2.8512 2.7495 2.6642 2.3185 1.7500 2.7064 2.9625 1.8776 1.9199 1.5489 1.8151 1.7074 2.7394 2.3141 1.2980 1.7678 1.9903 1.9487 1.9348 2.2609 2.0671 1.0999 1.5392 1.1736 1.2788 -0.3795 
4.5254 4.2899 3.7105 3.4244 3.4503 3.5994 3.8950 3.7282 0.9751 1.7168 2.4323 2.7517 2.7315 2.7202 2.1981 2.7932 2.7326 2.7307 2.0441 2.3928 2.3347 2.2784 1.8856 1.0484 0.0613 2.8344 2.8299 2.3849 2.0449 1.7254 1.6764 1.6820 0.7683 
4.3285 3.1053 2.5390 2.9976 3.2090 2.5277 2.8049 2.2448 2.4267 3.1805 3.3933 2.8034 2.9708 2.7836 1.8208 2.6928 1.5872 2.5812 1.6573 2.4943 2.6469 2.3298 2.8330 2.5153 1.6696 1.3330 1.7471 1.3083 1.7632 1.3397 0.4128 0.5880 0.4731 
4.9195 2.8260 1.8368 2.7873 2.5485 2.4242 2.1273 2.7171 2.1767 -0.0037 2.2401 2.1572 2.2608 3.5707 3.3759 3.0111 2.9213 2.9394 3.1836 3.3491 1.9066 1.6758 1.6783 -0.7292 1.3985 1.7683 1.0460 1.2274 1.0989 1.0577 -0.3574 -0.0184 1.0933 
4.7355 3.7725 2.0997 2.9387 3.5784 3.3210 3.4104 2.3596 3.3922 0.4793 2.7390 3.1651 2.6089 1.6509 2.4561 2.2770 2.3751 2.2032 2.2936 1.4105 2.2401 2.7460 2.1747 -0.2899 2.6162 1.5074 2.3386 2.1060 2.1847 1.2678 -0.0142 1.1501 0.9967 
5.1772 4.8210 4.0490 3.5391 3.1656 2.1454 2.9599 3.3032 3.6830 3.1139 2.9986 3.1102 3.2293 2.9254 3.3666 2.8977 1.1552 2.8207 3.1690 2.7019 2.8627 2.7053 2.4528 2.4459 2.9181 2.3604 1.9224 0.9317 1.7319 1.8444 2.0284 2.2060 1.3587 
4.1739 3.2986 2.5481 0.6406 2.6296 2.1817 2.8986 2.7914 2.5211 1.5990 1.6434 2.0068 1.0744 2.6315 2.8868 2.2833 -1.8107 2.2071 2.7462 2.3464 0.7602 1.5610 1.0944 0.9335 1.7560 1.8581 1.8379 0.9763 1.1692 -0.9231 0.5169 0.6380 0.4046 
5.0655 4.0655 2.9158 2.8545 2.7524 2.9824 2.4873 2.1385 2.1237 1.9580 2.6601 2.9586 2.3834 2.1592 2.3437 2.1637 0.8995 2.0911 2.1892 1.8578 2.0676 2.5036 2.1260 1.2974 1.2957 1.1907 1.4779 1.7658 1.3008 1.1727 0.9195 1.4190 1.2629 
4.1569 4.2985 3.4699 3.4619 3.3574 3.0316 3.1179 2.8888 2.5197 2.4216 2.8267 2.5134 2.2678 2.2312 2.7988 1.8929 2.7267 1.8052 2.6271 1.9746 1.9031 2.1119 2.2688 1.7726 1.7430 2.0002 2.1177 1.8106 1.8965 1.7726 1.4318 1.6953 0.5473 
5.0199 3.5698 2.1599 2.4846 2.3994 3.7802 3.2209 2.8115 2.6194 3.0223 2.9355 1.9100 3.0656 2.3206 2.1386 2.2940 1.4943 2.2184 1.9295 2.1086 2.7522 1.4817 2.3778 2.3753 1.8211 1.8872 2.1723 2.5661 1.0322 0.8345 0.1062 0.9327 1.2160 
3.3793 3.8674 2.6137 2.7422 0.3933 2.4563 2.1556 2.8196 3.5876 2.9579 2.9204 2.0445 1.1705 2.4498 1.7662 2.3954 2.6125 2.3279 1.6186 2.2085 0.9026 1.5827 2.3657 2.3036 2.8279 1.9070 1.0664 1.2368 -1.0566 1.0473 0.5468 1.2260 -0.2166 
2.5505 3.7527 2.3866 2.6440 3.1144 2.8509 2.0835 1.2778 1.2388 1.9267 3.0067 2.1987 2.5447 2.7104 2.8027 2.3630 0.5156 2.2765 2.6342 2.3911 2.2068 1.7244 2.4659 1.2787 0.4890 0.3678 1.0260 1.6285 1.7046 0.9855 0.4065 1.1513 -1.1893 
1.7640 3.7089 2.8253 1.8312 2.9242 3.0393 0.9437 1.9604 1.9645 2.1870 2.1909 2.4218 2.9184 2.3303 1.1577 1.6689 1.4014 1.5894 1.0070 2.1109 2.5722 2.0016 1.6246 1.5485 1.1615 1.0417 -0.1680 1.8149 1.5386 0.0840 0.7541 1.1081 -1.6028 
4.8536 4.8680 4.0856 4.1077 4.1099 3.8026 3.6992 3.0279 2.8898 3.0799 3.1558 3.2172 2.6882 1.9857 1.9292 2.7326 0.8025 2.6257 1.7469 1.7120 2.2950 2.7737 2.6209 2.4163 2.1507 2.1567 2.6900 2.5887 2.7307 2.4192 2.0944 2.2597 1.0601 
4.9193 4.5803 3.8990 3.2911 3.0040 3.0122 1.8218 1.7692 3.2410 2.7012 2.4694 2.3384 2.0518 2.8302 2.3011 2.1718 2.6326 2.1056 2.1627 2.5610 1.6819 1.8899 1.9285 2.0266 2.4340 0.9309 0.8411 1.7938 1.6084 1.5963 1.8220 1.9048 1.1491 
4.6515 3.9806 3.1790 3.4803 1.5845 2.7640 2.8651 1.9500 2.4227 2.6318 1.7876 2.2549 2.6862 2.7788 2.1207 1.9876 -0.1494 1.8807 1.9054 2.4839 2.2985 1.7852 1.2463 1.9612 1.6671 1.0291 1.8001 1.5480 0.0344 1.7889 1.1621 1.3972 0.9173 
2.8323 4.1078 3.5720 3.4916 4.0149 3.9692 3.1065 3.3586 3.2742 0.9001 3.6495 4.1155 3.7457 2.8544 1.9775 2.5201 2.4330 2.4207 1.7800 2.5942 3.4069 3.6529 3.1115 0.2882 2.4612 2.4055 2.1044 2.7491 2.5895 1.8125 1.5410 1.5210 -4.1469 
4.8106 4.0742 3.4104 2.9505 2.9616 2.9206 1.5419 1.9211 3.2190 2.9647 3.0504 2.9862 2.4144 0.4346 2.8244 2.9353 3.3416 2.8578 2.6714 0.2215 2.1190 2.5417 2.5102 2.3069 2.4189 1.0160 0.4537 1.6980 1.5715 1.2671 1.3758 1.4368 1.0577 
5.0880 4.6295 3.5518 2.1789 2.7810 2.2514 3.5010 3.1525 1.9633 2.3477 2.8264 3.2421 2.1550 1.6420 2.2027 2.3081 2.5041 2.2324 2.0423 1.3903 1.7649 2.7900 2.2728 1.6910 1.1626 2.2496 2.4397 1.0236 1.3502 0.4454 1.5340 2.0068 1.3860 
3.8657 3.9209 2.1537 2.5739 2.8410 2.1403 2.9342 2.3122 2.2762 2.5145 2.7924 3.1023 2.1425 2.8648 2.7268 2.5928 2.6884 2.4857 2.5145 2.6223 1.7345 2.7010 2.2319 1.8369 1.5432 1.4131 1.8739 0.9438 1.4334 0.9574 -0.0313 1.2529 0.3154 
5.2402 4.7487 3.3125 3.5620 3.4374 3.9777 3.5602 2.1468 3.3962 2.4289 3.3251 3.1230 2.3370 2.9261 3.0651 1.5156 2.8120 1.4060 2.9020 2.7009 2.0087 2.7151 2.7650 1.7653 2.6211 1.2366 2.5070 2.7633 2.0508 1.9064 1.2200 2.1450 1.5270 
5.2905 4.6557 3.7609 3.9554 3.8517 3.2695 3.3676 3.5296 3.8878 2.8750 2.0657 2.8477 2.9938 3.7536 2.9549 2.4375 -0.0887 2.3568 2.7972 3.4924 2.6921 2.3811 1.5190 2.2172 3.0750 2.6533 2.2956 2.0503 2.3894 2.2490 1.7417 2.0213 1.5709 
3.8939 4.0714 2.0632 2.8103 3.4061 2.9877 3.5500 2.8617 2.4562 1.0156 1.6822 1.4968 0.8985 0.8972 2.6652 2.5455 0.5097 2.4416 2.4537 0.5746 0.4975 1.0049 1.1422 0.3529 1.6881 1.9560 2.4948 1.7804 1.9777 1.1412 0.1313 1.4937 0.3200 
3.9690 4.1843 3.5736 3.6417 3.1814 3.9657 2.4945 3.6919 3.3035 2.7887 2.7398 2.8324 2.7762 1.6606 2.2611 2.5955 2.3622 2.4905 2.1255 1.4033 2.3874 2.3676 2.1696 2.1372 2.4757 2.8146 1.4244 2.7477 1.7748 2.0056 1.5769 1.6343 0.0645 
5.4371 4.7713 3.8572 3.5922 3.2268 3.1539 3.7987 3.3596 2.7379 3.1103 3.1577 3.5315 3.2266 2.8412 -0.7977 2.5567 2.8233 2.4570 -0.8840 2.5774 2.8597 3.0726 2.6256 2.4458 1.9395 2.4024 2.7686 1.9468 1.7763 1.9165 1.7785 2.1446 1.6679 
4.4913 3.5568 2.2741 2.5575 2.4940 3.3155 3.7493 3.1918 2.5402 2.9323 2.2992 3.1301 2.7817 1.7473 2.2379 2.6138 2.0957 2.5034 2.0999 1.5312 2.3854 2.7260 1.7452 2.2817 1.7667 2.2787 2.7376 2.1064 1.1009 0.9106 0.3121 0.9574 0.7044 
3.4378 3.2095 3.3757 3.2605 3.3928 3.5197 2.6397 3.1243 2.5131 2.8483 2.1566 2.8385 2.7952 2.7501 0.6297 1.8323 2.3846 1.7593 0.4919 2.4410 2.4080 2.3756 1.5988 2.2015 1.7317 2.2318 1.5840 2.2993 1.9708 1.5748 1.3265 0.5607 -0.3772 
4.8606 4.1247 3.9248 3.8064 3.3466 3.2526 2.1626 3.1132 2.8666 2.2694 2.8390 2.7561 2.1921 2.3418 1.8958 1.8757 2.1591 1.7824 1.7227 2.1228 1.8077 2.2753 2.2840 1.6276 2.1266 2.2280 1.0878 2.0402 1.8833 2.1420 1.8307 1.4741 1.0199 
4.0717 4.8121 3.8883 3.5904 3.1795 3.6867 3.1898 3.5493 2.8714 2.8355 2.4546 3.0906 2.9855 0.4619 1.6697 2.6521 1.5932 2.5415 1.5370 0.2153 2.6602 2.6810 1.9153 2.1828 2.1363 2.6752 2.1620 2.4755 1.7455 1.9367 1.8005 2.2233 0.3430 
5.4689 5.1703 4.4954 4.0818 3.9583 3.8124 3.0243 2.7958 3.4137 3.2002 2.9232 2.7594 2.7463 3.0469 2.3834 2.8956 2.4601 2.8214 2.2278 2.8108 2.3596 2.2791 2.3739 2.5264 2.6520 1.8840 1.9986 2.5926 2.5038 2.3863 2.4205 2.4874 1.7007 
4.1846 4.9239 4.0122 3.6047 2.1326 2.3431 2.6059 3.1127 2.8721 2.9523 2.1608 1.5587 1.7125 2.9695 3.0840 2.7994 3.1960 2.7353 2.9226 2.7420 1.4010 1.1061 1.5921 2.2964 2.1325 2.2301 1.5571 1.1396 0.6997 1.9355 1.9526 2.3170 0.3191 
4.4878 4.5497 3.1970 2.9024 2.8978 3.3736 2.5635 2.9633 2.3442 2.3817 2.7803 2.2833 1.9080 3.1236 2.4201 1.8915 2.0755 1.7961 2.2568 2.8679 1.5791 1.8145 2.2202 1.7384 1.6023 2.0993 1.5213 2.1639 1.5115 1.2121 1.1776 1.8798 0.7796 
3.5375 4.7928 4.1080 3.6738 4.1376 3.6016 2.9534 2.9828 2.9538 2.7471 2.7257 2.2795 3.5617 3.1495 2.5035 2.3410 2.7791 2.2616 2.3268 2.8846 3.2274 1.8303 2.1571 2.0989 2.1959 2.1210 1.9079 2.3807 2.7536 2.0248 2.1152 2.2024 0.1773 
0.3992 4.7067 4.0226 3.1459 3.2272 2.8152 3.2115 2.3885 2.9354 2.4130 2.2138 1.7524 2.0671 2.2230 2.5834 2.2999 0.4866 2.2202 2.3880 1.9500 1.6888 1.2989 1.6552 1.7663 2.1812 1.5429 2.1700 1.6095 1.7761 1.4706 1.9755 2.1382 -1.6588 
3.8724 3.6152 2.1297 2.4357 0.4963 2.2674 2.7176 2.8900 1.5463 2.3860 2.6762 2.0088 2.5310 1.8456 2.4224 2.4402 2.8619 2.3666 2.2629 1.6082 2.1933 1.5512 2.1328 1.7506 0.7485 1.9997 1.6354 1.0417 -0.9297 0.7967 -0.0191 1.0735 0.0262 
4.1491 4.2319 3.5059 2.8689 2.7200 2.9502 2.3895 2.7797 3.6983 3.1762 2.7937 3.1894 3.1919 2.5383 2.7731 2.7804 1.7063 2.7118 2.5833 2.2840 2.8332 2.7599 2.2391 2.5021 2.9336 1.8444 1.3806 1.7363 1.2713 1.1676 1.5153 1.6690 0.4285 
3.3525 2.2431 2.9364 2.8808 2.0224 2.6585 2.2849 3.3351 2.8533 0.3580 2.4230 1.7558 2.1881 1.2656 0.9044 2.3799 2.9026 2.3064 0.6916 1.0189 1.7987 1.3004 1.8806 -0.3456 2.1104 2.3820 1.2189 1.4483 0.5709 1.1812 0.9463 -0.3270 -0.3968 
3.3995 3.0690 2.8139 2.2168 3.1211 2.8631 2.7915 3.0498 3.5681 2.5641 1.4231 3.0918 2.7285 2.9035 2.8856 2.5999 2.7781 2.4952 2.7457 2.6726 2.3280 2.6822 0.8652 1.8847 2.8104 2.1822 1.7288 1.6334 1.7119 0.5151 0.8480 0.3815 -0.6925 
4.6725 4.0023 3.2271 1.7414 3.0845 1.9828 2.3865 2.8298 1.2899 2.1197 2.5010 2.5546 2.2987 1.5096 2.3735 2.8224 2.6944 2.7546 2.2209 1.1747 1.9586 2.1334 1.9704 1.4663 0.5185 1.9130 1.3833 0.7402 1.6789 0.1112 1.1656 1.3398 0.9401 
5.3633 4.5611 3.4883 2.7953 3.4876 3.2112 2.9946 2.8393 3.0356 3.2988 2.5329 2.8900 2.8273 3.0832 2.6463 0.9923 1.7056 0.9340 2.4305 2.8369 2.4551 2.4266 2.0098 2.6241 2.2849 1.9281 1.9808 1.9916 2.1136 1.0862 1.4756 1.8299 1.5820 
1.9838 2.6425 2.3001 1.4223 1.8768 2.2487 1.8801 2.1693 3.2214 2.5567 1.9039 1.5994 1.9756 1.5364 1.7615 2.6048 1.6925 2.4992 1.6090 1.2319 1.6219 1.1357 1.3609 1.8788 2.4170 1.2469 0.8800 1.0304 0.4704 -0.2591 0.3167 -0.0309 -2.6922 
5.3799 4.9784 4.1533 3.8371 3.6402 3.4318 2.4704 3.6478 2.9449 3.3198 3.3947 3.3217 2.9620 2.7144 2.9976 2.7729 1.7105 2.7019 2.8452 2.3958 2.6253 2.8413 2.8318 2.6495 2.1966 2.7819 1.5104 2.2114 2.2469 2.1692 2.1575 2.3347 1.6251 
4.4726 3.3782 3.4806 1.8668 2.3231 3.2850 3.7716 3.5175 2.2145 2.4276 2.0974 2.0553 3.3458 3.1135 1.7756 2.7827 2.7838 2.7164 1.6301 2.8578 2.9511 1.5963 1.5312 1.7772 1.4562 2.6329 2.7524 2.0719 0.9459 0.2189 1.4488 0.6183 0.5545 
3.2204 3.3468 2.7996 2.2698 2.7576 3.5942 3.2543 2.4860 2.8705 2.8402 2.4070 2.1316 2.5028 2.7689 2.9153 2.7484 -0.4878 2.6525 2.7684 2.4763 2.1720 1.6513 1.8612 2.1901 2.1309 1.6073 2.1936 2.3782 1.3253 0.5833 0.7596 0.7293 -0.5044 
