3.8299 3.9437 3.1003 2.1136 2.8727 2.7011 2.0672 1.7934 2.5257 2.7724 2.8991 2.5610 2.3531 2.3632 2.3044 2.2598 1.8079 2.1944 2.1869 2.1673 2.1093 2.1723 2.4750 2.2572 1.8873 1.1282 1.2187 1.7324 1.7613 0.7192 1.4634 1.8389 0.8402 
4.1931 3.5337 3.2963 3.0647 2.6871 2.3688 2.2645 2.8086 2.6361 2.1931 2.4143 2.4707 1.7247 2.1502 1.3989 1.4322 0.2721 1.3347 1.2647 1.9367 1.4412 2.1204 1.9854 1.6754 2.0279 2.1216 1.4307 1.4047 1.5868 1.7014 1.6859 1.3553 1.1489 
3.8104 3.1260 2.5693 2.4974 2.2808 2.3606 2.3289 2.3604 1.2575 1.0888 1.8063 1.7528 1.1399 1.9701 1.2895 1.6583 1.6670 1.6114 1.1605 1.7503 0.8456 1.3843 1.3701 0.5903 0.6844 1.6597 1.5373 1.3913 1.1772 1.1688 0.9033 1.1396 0.7976 
3.8500 3.2219 2.2966 1.9171 2.4356 1.9047 2.3601 2.6189 2.2377 2.3319 1.8418 1.5283 2.3551 1.4570 1.8991 2.3100 1.8740 2.2530 1.7650 1.2501 2.1072 1.1658 1.4085 1.8125 1.6405 1.8801 1.5658 0.9390 1.3020 0.6396 0.7006 1.1369 0.8472 
3.7982 3.7424 2.9795 0.1983 2.8652 2.4981 2.4514 2.6646 2.1146 2.2057 1.7214 1.9431 2.2926 1.7979 1.4549 2.0770 2.2966 1.9927 1.3026 1.6178 2.0439 1.6176 1.2814 1.6852 1.4826 1.9449 1.6385 1.5287 1.7526 -0.5964 1.3416 1.7191 0.7952 
5.0034 4.4474 4.3002 3.4563 3.2019 3.8665 4.1898 3.5921 3.5642 2.9201 2.9899 2.7770 2.6219 2.6331 2.3189 2.8158 2.2793 2.7560 2.1983 2.4130 2.3166 2.4283 2.5695 2.3849 2.9389 2.8485 3.3605 2.8976 2.1211 2.1210 2.6962 2.3030 1.9850 
4.1119 3.6244 3.6293 3.5639 4.0518 4.1843 3.7042 3.3153 3.4574 2.8621 3.1805 3.5467 3.4784 3.2945 3.2277 3.2604 3.2459 3.1999 3.1062 3.1104 3.1761 3.1646 2.7451 2.3372 2.8198 2.6274 2.8643 3.2175 2.9187 2.2355 2.0460 1.5550 1.1758 
4.4447 3.7573 3.5997 3.7928 4.0208 4.1098 3.9168 3.9169 2.7509 3.5769 3.2070 3.1646 3.3157 3.1918 3.5468 2.9445 1.4343 2.8571 3.3822 3.0115 3.0685 2.7963 2.7653 3.0663 2.1406 3.1888 3.0928 3.1457 2.8617 2.4977 2.0020 1.6645 1.3929 
4.9242 3.0859 3.7030 3.9794 4.2143 4.2471 4.2247 3.4355 3.5992 2.0457 1.9474 3.2786 2.6417 3.0520 3.4203 3.0693 3.2673 2.9943 3.2637 2.7982 2.3435 2.9444 1.5129 1.5329 3.0024 2.6963 3.4034 3.2835 3.1116 2.6439 2.1048 0.4923 1.8608 
4.8901 4.3332 4.5205 4.5429 5.0784 4.6793 4.7323 4.5394 4.0987 4.2307 4.2247 3.6136 3.7159 3.2465 3.1003 3.0892 2.8846 3.0372 2.9603 3.0588 3.4506 3.2531 3.7839 3.7238 3.5103 3.7973 3.9343 3.7099 3.9678 3.2239 2.8609 2.3049 1.7000 
5.0357 4.4108 3.9832 3.3711 3.7437 3.4366 3.0920 2.7950 3.1255 2.6770 3.3107 1.8347 2.6116 2.3162 2.2816 2.3225 1.7846 2.2630 2.1548 2.1361 2.2998 1.4564 2.8856 2.1554 2.5230 2.1241 2.2442 2.4713 2.6411 2.0669 2.3332 2.2780 2.0360 
5.0947 4.2405 4.0181 3.7434 3.5793 3.0945 3.2445 2.9638 3.4038 3.3167 2.4990 2.6177 2.6492 2.7182 2.3499 2.2635 1.5232 2.1990 2.2209 2.5375 2.3519 2.2457 2.0712 2.7922 2.7780 2.2274 2.4298 2.1362 2.4284 2.4400 2.3515 2.1143 2.0799 
4.6327 4.3312 3.6698 3.2631 2.2696 3.7129 3.5917 3.4303 3.2150 3.0571 3.1518 3.1019 3.0869 2.1415 2.3789 2.5634 2.5980 2.4724 2.2461 1.9126 2.7773 2.7270 2.7123 2.5334 2.6142 2.7036 2.7455 2.7512 1.1175 1.9633 2.0826 2.2369 1.6419 
4.5033 3.6831 3.5858 2.5993 2.6962 3.0029 3.0559 2.4321 2.7873 2.2747 2.8715 2.5784 2.4156 2.5690 1.8797 2.1548 1.6342 2.1030 1.7467 2.3165 2.1477 2.1951 2.4468 1.7496 2.1872 1.7156 2.1986 2.0384 1.6033 1.2313 1.9560 1.5662 1.4378 
5.0411 4.6211 3.8532 3.5248 3.6046 3.5204 3.5519 3.5559 3.5346 3.0831 3.0188 3.3249 3.4864 3.4579 3.5950 3.6613 3.6783 3.6024 3.4634 3.2320 3.1828 2.9995 2.5837 2.5706 2.8850 2.8052 2.6956 2.5584 2.4812 2.1792 2.2233 2.5496 2.0319 
4.1219 2.9323 3.1004 2.4523 3.1429 3.6155 2.6099 1.7444 2.5136 2.5000 2.6613 2.6646 2.5238 2.2314 1.5881 1.5259 -0.2434 1.4478 1.4201 2.0534 2.2199 2.2932 2.2169 1.9784 1.8619 1.0368 1.7552 2.6525 2.0289 1.1554 1.4507 1.0062 1.1215 
5.4197 4.5363 3.7018 3.0643 2.8747 3.4381 3.3675 3.1068 3.1253 3.3639 2.8451 2.3315 2.7264 2.6074 2.6058 2.7317 0.5986 2.6661 2.4579 2.3801 2.4542 2.0002 2.4157 2.8373 2.5282 2.3819 2.5716 2.4863 1.7661 1.6880 2.1317 2.4171 2.4011 
3.8365 4.0139 2.6291 3.8216 3.2276 3.8541 3.3859 2.9796 2.8051 2.9196 2.3614 1.5383 2.5907 2.5505 3.0586 2.7918 2.8279 2.7365 2.8913 2.3049 2.2884 1.1982 1.9261 2.3919 2.2029 2.2431 2.5765 2.8955 2.1306 2.5448 0.7945 1.9693 0.6689 
5.4072 4.5828 4.0530 3.7716 3.9279 3.6794 3.4760 3.2142 3.2923 3.1349 3.2505 3.1930 3.1381 2.8144 2.7700 2.8985 3.0199 2.8196 2.6431 2.6298 2.8427 2.8277 2.8046 2.6216 2.6918 2.5247 2.6358 2.7139 2.7790 2.4627 2.4125 2.4408 2.3651 
4.8899 4.4453 3.9584 3.7372 3.4781 3.2708 3.2902 3.5835 3.1689 2.8357 2.1886 2.6013 1.4614 2.6346 1.9677 2.1705 2.2700 2.1181 1.8088 2.4175 1.1711 2.2221 1.7394 2.3148 2.5791 2.8446 2.4978 2.2992 2.3219 2.4147 2.3125 2.3085 1.8542 
4.8821 4.3011 3.8172 3.5845 3.5303 2.6544 3.0093 2.7226 2.7326 2.1008 2.6356 2.7130 2.7763 2.3964 2.2904 2.4871 2.6283 2.4024 2.1662 2.1923 2.5284 2.3474 2.1939 1.5804 2.1348 2.0322 2.1622 1.6863 2.3633 2.2391 2.2139 2.1984 1.8587 
4.7566 4.1400 3.7616 2.7486 2.8758 3.5420 4.3146 3.4275 3.1649 2.5252 2.7184 2.6397 3.1410 2.0332 2.4023 2.3122 2.2192 2.2554 2.2710 1.8062 2.8453 2.2808 2.2771 1.9959 2.5756 2.6926 3.5239 2.5724 1.7697 1.4283 2.1609 2.0356 1.7536 
5.5982 4.8749 5.1713 5.0884 5.0319 4.6066 4.1731 2.8792 4.2957 3.9650 4.0968 3.5569 3.4322 3.6764 3.1041 2.9580 3.4029 2.8711 2.9639 3.4931 3.1476 3.1770 3.6536 3.4369 3.6865 2.1589 3.3359 3.6356 3.9004 3.7433 3.5844 2.7361 2.5963 
4.3847 3.8606 4.2691 4.0688 3.6061 4.2156 4.5229 3.9397 4.0940 3.1348 3.7413 3.3412 2.9630 3.2212 2.4318 2.7826 1.8263 2.7259 2.2863 3.0502 2.6723 3.0134 3.2998 2.6163 3.4991 3.2047 3.6669 3.2567 2.4879 2.7173 2.6749 1.7172 1.3317 
4.6250 4.4604 4.0248 4.0238 3.8132 4.0163 3.6090 3.8751 3.5982 3.1637 3.1138 2.9060 2.6467 2.6432 2.9357 3.0155 2.8224 2.9273 2.7805 2.4283 2.3464 2.5745 2.6703 2.6438 2.9901 3.1589 2.7751 3.0496 2.7035 2.6708 2.4001 2.3344 1.6329 
4.7954 3.7403 3.4175 3.3752 2.7313 3.1550 3.2642 2.9072 2.9200 2.7309 2.2832 1.5638 2.5896 2.3219 1.6972 2.1429 1.3544 2.0917 1.5832 2.1404 2.2834 1.1983 1.8359 2.2173 2.2964 2.1969 2.4471 2.1980 1.6234 2.0678 1.7672 1.5842 1.7631 
4.6490 3.7675 3.0099 2.9400 3.1931 2.1598 2.1318 1.6455 1.6744 2.5272 2.1668 2.0839 2.2595 2.5237 0.6365 1.2694 0.6726 1.2082 0.4562 2.2882 1.9938 1.6938 1.7236 1.9903 1.0733 0.8975 1.2830 1.1887 2.0967 1.6297 1.3522 1.6583 1.6604 
3.5763 3.3929 3.3755 2.9912 1.9380 2.8578 2.8894 2.6060 2.5468 2.4021 2.7346 1.9126 1.8251 1.8546 1.7178 2.2481 1.6974 2.1858 1.6099 1.6666 1.5951 1.5804 2.2927 1.8786 1.8973 1.8603 2.0890 1.8967 0.7813 1.6486 1.7693 1.2913 0.5452 
3.7442 2.8957 2.5262 2.9864 3.1831 3.2555 3.2022 3.1214 2.6028 1.8751 2.6780 2.4927 2.5830 1.8222 0.2710 1.6051 0.2214 1.5194 0.1596 1.6423 2.2724 2.1333 2.2382 1.3541 1.9731 2.3915 2.3665 2.2912 2.0921 1.6510 0.8961 0.7487 0.6804 
3.5510 3.1357 2.8835 2.6063 2.7735 2.5747 2.6485 2.1361 2.6448 2.6441 2.1948 2.2398 2.3063 0.3760 1.9670 1.1619 1.7089 1.1033 1.8133 0.2038 2.0696 1.8771 1.7513 2.1290 2.0462 1.4151 1.8042 1.6140 1.6631 1.2587 1.2745 1.0840 0.6031 
5.0599 5.0921 4.7064 3.7786 3.8148 4.6021 3.0733 3.9429 4.1337 4.3177 3.6149 3.2067 4.4286 3.2565 4.8302 5.1191 4.4894 5.0590 4.6913 3.0841 4.1329 2.8237 3.1754 3.7881 3.5488 3.2085 2.1768 3.6386 2.7148 2.4885 3.1072 3.0447 1.9744 
4.5620 4.0171 5.0661 4.8741 4.9030 4.5520 4.1406 4.8316 4.3658 4.9881 4.6876 4.2325 3.8258 5.0868 4.6511 4.0020 4.1140 3.9079 4.5340 4.8876 3.5613 3.8998 4.2368 4.4644 3.7360 4.1208 3.2992 3.5852 3.7517 3.5594 3.4719 2.0370 1.5866 
5.1629 4.7267 4.6317 3.0181 4.2636 3.7342 3.7112 3.4755 3.4073 3.2665 3.5389 3.4801 3.0612 3.3908 3.6626 2.9928 2.9215 2.9059 3.5507 3.1812 2.7492 3.1130 3.0892 2.7613 2.7798 2.7372 2.8747 2.7592 3.1562 1.7552 3.0480 2.6536 2.1825 
5.2463 4.5422 4.5650 4.2484 4.0842 3.9036 3.6939 3.5166 3.6276 3.6043 3.6058 2.9785 2.8218 2.3944 3.1560 3.2956 2.8687 3.2355 3.0482 2.1864 2.5771 2.6171 3.1615 3.0900 3.0406 2.7679 2.8566 2.9400 2.9563 2.9265 2.9476 2.3568 2.1909 
5.0746 3.5903 2.2977 3.5197 2.1667 2.1267 2.8722 3.0788 2.3546 2.3053 2.7371 2.6110 2.7734 2.4642 1.7214 2.7732 1.8396 2.7097 1.6228 2.2425 2.5243 2.2396 2.2955 1.7951 1.7451 2.3339 2.0847 1.1710 1.1376 2.1853 0.4185 1.4389 2.0737 
4.8262 4.5388 4.1045 3.8745 3.9204 3.3771 3.2812 2.8523 3.3064 3.2646 3.1452 3.0791 2.4386 2.6998 2.6104 2.5643 3.0090 2.4755 2.4733 2.5073 2.1642 2.6977 2.7046 2.7543 2.7041 2.1575 2.4769 2.4096 2.7763 2.5734 2.5109 2.4253 1.8028 
4.9830 4.0910 3.0741 2.6913 2.9637 2.5713 2.2956 2.5190 2.4722 2.5583 2.1212 2.5826 1.6884 1.0528 2.5464 2.3613 2.3644 2.2920 2.3738 0.8050 1.3990 2.2002 1.6786 2.0231 1.8345 1.7806 1.4831 1.6088 1.8196 1.3645 1.4467 1.9599 1.9498 
3.9592 3.1951 3.1096 2.8599 2.9192 2.1537 2.7758 2.6991 1.0700 1.9945 2.3554 2.4370 2.3627 2.5330 0.7577 1.8999 1.5220 1.8262 0.6085 2.2907 2.1112 2.1051 1.9263 1.4739 0.4285 1.9918 1.9638 1.1935 1.7896 1.5719 1.5320 1.1836 0.9322 
3.6661 3.8873 3.0913 2.1375 2.7390 1.2909 2.1827 2.1554 1.6991 1.8748 2.5325 2.2571 0.5710 2.0912 2.4845 2.6139 2.6330 2.5639 2.3239 1.8437 0.2205 1.8935 2.0996 1.3616 1.1121 1.4313 1.3474 0.3116 1.6306 0.8405 1.4473 1.8074 0.7470 
3.3590 2.7661 2.5455 1.6185 2.3847 2.7941 2.5882 2.5959 2.1179 2.2134 2.4138 1.6844 1.9371 0.8152 2.1595 1.2013 0.5595 1.1524 2.0367 0.6200 1.6676 1.3222 1.9889 1.6961 1.4877 1.8420 1.7334 1.8266 1.2719 0.2963 0.8726 0.6749 0.2702 
4.1965 3.8975 3.2523 2.8381 2.9821 2.1209 2.5015 2.5488 1.7740 2.2852 2.4433 2.2922 2.0809 1.9541 2.1896 1.8044 1.8166 1.7361 2.0841 1.7418 1.7603 1.9513 2.0165 1.7678 1.1688 1.8000 1.6630 1.1464 1.8265 1.5333 1.6545 1.7946 1.2141 
4.0224 2.9459 2.9129 3.1936 2.8533 1.8162 1.4046 2.2763 2.4652 2.2932 2.1240 1.9839 1.6510 2.0648 0.9693 2.1359 1.4337 2.0846 0.8272 1.8138 1.3358 1.6390 1.6774 1.7743 1.8277 1.5922 0.5823 0.8310 1.7228 1.8621 1.3153 0.7415 0.9404 
4.6718 4.5648 4.7686 4.8064 4.7579 4.8541 4.8263 4.4988 4.3603 4.2350 4.1546 3.7090 3.5467 3.2582 3.2218 3.1158 2.4055 3.0618 3.1049 3.0793 3.2371 3.3510 3.7160 3.7255 3.7379 3.7409 4.0240 3.8909 3.6468 3.5093 3.1714 2.4881 1.5793 
4.8220 4.1623 4.3302 3.9214 4.9726 5.1902 5.2811 4.3488 5.0336 4.8597 4.6668 4.1079 3.7084 2.4644 2.6837 2.6485 2.1155 2.6029 2.5735 2.2539 3.4409 3.7367 4.2228 4.3308 4.4236 3.6386 4.4832 4.2261 3.8174 2.5864 2.7184 2.1214 1.8396 
5.3612 4.6413 3.7480 4.2271 4.7834 4.6261 4.2223 4.3557 3.9172 3.9885 3.6354 3.6068 3.7448 3.7097 3.8696 3.2493 3.4290 3.1853 3.7307 3.5321 3.5039 3.2386 3.1925 3.4612 3.2827 3.6377 3.4137 3.6621 3.6677 2.9114 2.1211 2.5205 2.2952 
3.4578 4.1588 3.8739 3.7004 4.2946 3.7370 3.8212 4.0734 4.1341 3.8368 3.0914 3.5279 3.1650 3.3094 1.6483 2.3376 2.5363 2.2762 1.4740 3.1225 2.8733 3.1422 2.6537 3.3052 3.5463 3.3398 3.0338 2.7637 3.1836 2.3463 2.2651 2.1173 0.3035 
4.3643 3.9534 3.1119 3.7072 3.0115 3.2245 3.5337 3.2373 3.3160 2.7768 2.0846 2.8728 2.6862 2.2666 2.3450 1.2272 1.7581 1.1812 2.2084 2.0933 2.3913 2.5517 1.6618 2.2621 2.7074 2.5525 2.6762 2.2700 1.8711 2.3736 1.5285 1.9251 1.3243 
1.9440 3.5712 3.7241 3.4478 3.8453 3.5404 3.1637 3.4912 2.4552 2.3064 2.7038 2.6868 2.5708 2.3522 2.0897 1.6333 2.3108 1.5594 1.9262 2.1548 2.2575 2.3135 2.2654 1.7977 1.8280 2.7479 2.3123 2.5796 2.7184 2.1237 2.1290 1.5029 -0.6737 
4.3137 4.0754 3.4286 2.8076 2.7807 3.3737 2.3326 2.9951 2.3839 2.8473 2.8847 2.2253 2.1740 1.8078 2.3497 1.9708 2.1401 1.8829 2.2227 1.6268 1.8789 1.8679 2.4557 2.3254 1.7768 2.2553 1.5331 2.4084 1.6915 1.4902 1.7934 1.9834 1.3070 
4.5613 3.6470 1.8214 2.7708 3.2927 3.7255 3.1120 3.8120 3.4266 2.7064 3.6508 3.3545 3.0316 2.8397 2.8659 1.8860 1.8771 1.8154 2.7332 2.6454 2.7166 3.0248 3.2137 2.1714 2.7939 3.1154 2.2657 2.7563 2.2011 1.4302 0.3682 1.5521 1.5684 
4.4448 2.9359 2.7614 3.0990 2.7229 3.5443 3.2962 2.4073 2.7306 2.4018 2.6113 2.1538 0.7448 2.2063 1.7807 2.2581 2.0823 2.1940 1.6569 2.0075 0.5026 1.7824 2.1634 1.8632 2.1305 1.6854 2.4972 2.5800 1.6131 1.7377 1.0888 0.7192 1.3426 
4.3487 3.9825 3.4952 2.8357 3.4364 3.1138 2.2192 2.9402 2.7032 2.9222 2.6118 2.3832 2.4043 2.5536 2.2520 1.3762 2.4014 1.3039 2.1319 2.2997 2.1391 2.0645 2.1630 2.3941 2.1110 2.2181 1.3727 2.1488 2.2927 1.5535 1.8327 1.8396 1.2992 
4.7347 3.6467 3.0374 3.5039 3.1947 3.8409 3.8585 3.0846 3.0587 2.8675 2.8218 2.7326 2.7506 3.1265 1.1467 1.9429 2.1997 1.8602 0.9914 2.9117 2.4907 2.3713 2.3895 2.3421 2.4160 2.3511 3.0599 2.8757 2.0842 2.1561 1.3478 1.4709 1.7300 
4.3411 4.2460 5.1878 4.5674 3.8358 4.0317 4.4594 3.6145 3.6016 3.5503 3.1084 3.0498 2.9784 3.0478 2.7015 2.9240 2.7735 2.8414 2.5867 2.7896 2.6801 2.6613 2.6596 3.0308 2.9923 2.8825 3.6113 3.0698 2.7130 3.2114 3.5984 2.1960 1.4792 
3.5200 3.6859 3.7337 3.3564 2.1769 2.7448 3.3124 2.8992 2.9509 2.2766 2.2886 2.1034 2.2776 2.1746 2.0714 1.7208 0.5958 1.6679 1.8998 1.9681 2.0167 1.7237 1.8423 1.7566 2.3076 2.1776 2.5090 1.7929 1.0114 2.0541 2.1292 1.6568 0.6559 
5.0274 4.2922 3.8887 3.2582 3.0691 2.7206 2.7942 2.6097 2.7747 2.5812 2.4185 2.8562 2.6530 2.2446 2.1862 2.2524 2.0744 2.1891 2.0784 2.0704 2.3558 2.5330 1.9935 2.0591 2.1730 1.8645 1.9829 1.7556 1.9091 1.9349 2.2653 2.1810 2.0279 
4.1867 3.5192 2.3186 3.1186 2.5429 1.6562 2.5708 2.3171 1.8646 2.2694 0.3158 1.9139 2.2353 0.3516 1.5290 1.8126 1.6521 1.7525 1.3601 0.1601 1.9595 1.5919 -0.1527 1.7479 1.2609 1.6343 1.7096 0.7048 1.3741 1.7785 0.7402 1.3454 1.1722 
4.8524 4.1890 3.7352 3.1706 3.1295 2.8143 2.5697 2.4766 2.6331 2.4436 2.1888 2.5695 2.2454 2.2953 1.7309 2.3147 2.3033 2.2568 1.6172 2.1174 1.9718 2.1844 1.7476 1.9115 2.0304 1.7455 1.7108 1.8478 2.0145 1.8232 2.1321 2.0959 1.8134 
4.5725 3.8392 2.5044 2.7908 2.6911 2.1005 2.5573 2.4385 2.6144 2.3201 0.8110 2.1288 1.7389 2.6763 2.2246 2.6120 2.7092 2.5608 2.1122 2.4790 1.4698 1.7548 0.3680 1.8060 1.9997 1.7168 1.6994 1.1292 1.5992 1.4793 0.8462 1.7201 1.5806 
4.4959 4.3740 3.8414 3.6872 4.2546 4.0239 4.0088 3.6312 4.0535 3.8801 4.0323 3.6131 3.0174 2.2086 2.3100 2.0923 2.5801 2.0105 2.1960 2.0014 2.7193 3.2441 3.5844 3.3541 3.4292 2.9132 3.1467 3.0558 3.1484 2.3766 2.2463 2.2837 1.5010 
5.6464 4.7573 3.8396 4.4881 4.2024 4.2202 3.3987 3.8973 3.9748 4.0462 3.7519 3.3126 2.8266 3.4123 3.3919 3.0032 3.2985 2.9118 3.2494 3.1946 2.5836 2.9790 3.3242 3.5342 3.3340 3.1769 2.5837 3.2532 3.0887 3.1315 2.1927 2.6306 2.6429 
4.4788 4.6876 4.7547 4.8127 4.7828 5.0002 5.3106 5.4043 5.4679 5.5438 5.6119 5.4775 5.0472 2.7218 4.9835 5.0525 4.8655 4.9998 4.8126 2.5991 4.7410 5.0948 5.1742 5.0306 4.8216 4.6667 4.5100 4.0388 3.6663 3.5172 3.1531 2.6407 1.1899 
5.4638 5.0628 5.1072 4.4868 5.0024 5.1146 4.2226 4.1106 2.9832 4.1308 3.8411 3.4118 4.0302 3.5525 3.8517 3.6590 2.8029 3.6003 3.7125 3.3040 3.7216 3.0715 3.4169 3.6124 2.3633 3.3991 3.3856 4.1498 3.8600 3.1481 3.5233 2.9710 2.3981 
3.5998 3.7753 3.4710 4.1114 4.7086 3.6152 3.5724 3.1661 3.1365 3.1711 3.6225 2.9220 2.2898 2.8502 2.9668 2.5928 1.5332 2.5227 2.8012 2.6571 2.0360 2.5815 3.1814 2.6573 2.5423 2.4533 2.7173 2.6318 3.6031 2.7847 1.8515 1.7297 0.6455 
5.0072 4.8483 4.4179 4.2515 4.6720 3.7582 4.1052 3.3009 3.3224 2.1853 3.3412 3.0421 3.3280 2.9430 2.4637 2.7711 2.7792 2.7073 2.3047 2.7218 3.0765 2.6608 2.9138 1.6887 2.7126 2.6159 3.2575 2.8084 3.5671 2.9613 2.7807 2.7618 1.9872 
3.6456 4.1984 3.1377 3.1206 3.9470 3.3886 3.5560 3.6548 3.2452 3.5447 3.6905 3.3189 1.6396 3.1688 3.2716 3.1674 3.0243 3.1081 3.1542 2.9745 1.2848 2.9902 3.2533 3.0262 2.6429 2.9498 2.7052 2.4119 2.7974 1.7805 1.4776 2.1582 0.7350 
3.5905 3.9840 3.7351 3.4011 3.9361 3.2049 2.7710 3.7558 2.4996 2.9256 3.2722 3.1042 3.0861 3.0898 2.5546 2.0063 0.6091 1.9140 2.3792 2.8581 2.7773 2.7287 2.8409 2.4067 1.8807 3.0774 1.9236 2.2250 2.7826 2.1045 2.1396 1.8813 0.6391 
4.2425 3.3886 3.2692 1.9430 2.7769 2.4839 1.2609 2.0183 2.5115 2.1697 2.2239 1.6003 2.4488 1.8028 2.1313 2.3621 2.1752 2.2930 1.9903 1.6203 2.1698 1.2173 1.7850 1.6575 1.8647 1.2742 0.4735 1.5240 1.6691 0.6144 1.6815 1.2484 1.2344 
4.8508 4.0214 3.3902 3.1177 1.7775 2.2176 2.8711 2.7918 2.7846 3.0923 2.9773 1.9797 2.3174 1.7933 2.5246 2.2045 1.8145 2.1450 2.3521 1.6136 2.0802 1.6318 2.5528 2.5811 2.1859 2.1141 2.0768 1.2500 0.6733 1.7765 1.7678 1.8385 1.8220 
4.5818 3.5959 3.4772 3.1658 1.6235 3.9294 4.1308 4.0375 3.5845 3.4751 3.8502 3.7728 2.4665 3.3366 2.7696 2.4432 2.6890 2.3636 2.6402 3.1407 2.1687 3.4382 3.4259 2.9482 2.9683 3.2841 3.2851 2.9723 0.5895 1.8188 1.8304 1.4209 1.5938 
4.5248 3.6161 2.6857 3.3126 3.0708 3.6210 2.8956 3.4548 3.4780 2.7839 1.5634 2.7443 1.6752 2.6178 1.9843 2.3414 2.5101 2.2801 1.8181 2.3947 1.3828 2.3860 1.1256 2.2749 2.8346 2.7213 2.0972 2.6514 1.9417 1.9957 0.9974 1.4425 1.4410 
4.9706 3.7709 3.4133 3.8883 3.4541 3.4174 3.5839 3.1915 2.4511 3.0272 3.3096 2.1100 2.3051 2.1281 2.4747 0.7027 1.3537 0.6265 2.3065 1.8874 2.0615 1.7297 2.8782 2.5015 1.8164 2.4954 2.7388 2.4482 2.2934 2.5891 1.8011 1.6706 1.9323 
3.9177 3.0503 1.5631 3.1212 3.0143 3.6665 3.4220 3.7200 3.2124 3.2623 2.5960 2.5961 2.6065 3.0080 2.7180 2.1005 1.7878 2.0202 2.6012 2.7719 2.2965 2.2182 2.1486 2.7483 2.6192 3.0369 2.6071 2.6990 1.8803 1.7933 -0.2786 0.8439 0.8456 
3.5328 3.6477 2.9307 3.6269 3.1790 4.0761 3.8724 3.8316 4.0472 2.2540 4.1682 4.1124 3.3951 3.3282 2.9637 2.2005 2.4558 2.1448 2.7976 3.1337 3.1191 3.7421 3.7322 1.7692 3.4178 3.1317 3.0628 3.1157 2.0882 2.2855 1.2642 1.6348 0.3435 
4.6664 3.9220 3.8994 3.6746 2.7534 3.5468 2.8507 2.2876 2.3688 2.6030 2.5111 1.6616 1.4128 2.4233 1.7599 1.9068 1.3748 1.8289 1.6408 2.2131 1.1563 1.2892 2.0864 2.0951 1.7633 1.6101 2.0527 2.5826 1.6425 2.3304 2.2836 1.7655 1.6709 
3.0175 3.8533 3.3491 2.3758 3.0941 2.2855 3.2305 2.8099 2.6246 2.3007 2.1705 1.7158 1.9234 2.3243 0.0123 1.5746 0.3998 1.4900 -0.0227 2.1388 1.6540 1.3474 1.7285 1.7827 2.0094 2.1259 2.4019 1.3229 1.9654 0.9929 1.7589 1.7904 0.1870 
3.5984 3.0614 2.9772 2.3189 2.9450 2.7049 2.1542 2.1188 1.7110 1.8130 1.8981 2.1052 2.2917 2.4717 1.1168 1.8582 2.0189 1.7946 0.9181 2.2477 2.0438 1.7293 1.4678 1.3001 1.1205 1.3694 1.3008 1.7452 1.8060 1.0215 1.3339 0.9441 0.6561 
4.2271 2.6854 1.8372 2.5263 2.6288 1.8964 1.8143 1.7326 1.9618 1.7117 1.8892 1.9895 2.1595 2.1141 2.1287 0.7089 1.6105 0.6528 1.9807 1.8766 1.8629 1.6410 1.4604 1.1960 1.3261 1.0296 1.0192 0.9275 1.4992 1.1776 0.3143 0.7246 1.2210 
4.1385 3.1380 2.1866 1.3540 1.3853 2.3688 1.7073 1.2882 1.9236 1.6293 2.0709 1.4738 0.3951 2.1979 2.1184 2.0424 0.8925 1.9543 1.9659 2.0056 0.1632 1.1351 1.6302 1.1230 1.3097 0.5820 0.8764 1.4092 0.2587 0.1181 0.4853 0.9268 1.1209 
4.5646 3.2236 2.3467 3.1079 2.1598 1.1903 1.8486 1.6709 2.0203 1.6778 1.8004 1.3290 1.6031 1.1420 2.1341 1.9539 0.8692 1.8728 1.9960 0.9067 1.2882 0.9903 1.3527 1.1702 1.3710 0.9490 1.0266 0.1938 1.0432 1.7639 0.7498 1.1664 1.5671 
3.8714 3.7719 3.4226 2.5753 2.9269 2.4192 2.4250 2.1260 1.1544 1.7895 1.2426 2.2873 2.6544 2.1083 2.1125 1.8676 -0.6230 1.8036 1.9572 1.8645 2.3590 1.9392 0.8026 1.2736 0.5356 1.3728 1.6185 1.4516 1.7984 1.1906 1.8015 1.7059 0.8566 
4.5872 4.0683 3.5007 2.6076 2.7686 3.2369 3.5357 3.6236 3.2427 3.2132 3.3859 3.2657 3.3036 2.8394 2.6585 2.6882 2.3851 2.6296 2.5444 2.6452 3.0615 2.9301 2.9616 2.6972 2.6380 2.9030 2.6775 2.2734 1.6599 1.2625 1.8426 1.9469 1.6065 
4.7742 4.7168 4.2664 4.8803 4.5335 4.2677 4.4765 4.3670 4.1617 3.6154 4.0002 4.0699 3.5713 4.2211 4.1576 3.5487 3.4941 3.4758 4.0424 4.0410 3.2555 3.6946 3.5609 3.0966 3.5621 3.6490 3.6252 3.3074 3.3867 3.5686 2.6399 2.6666 1.8665 
5.7581 4.9536 4.2636 3.8725 3.5774 4.2626 4.5957 4.5885 3.9199 3.5561 4.1884 2.3777 3.3194 2.8422 2.6201 2.5088 1.2051 2.4266 2.4817 2.6539 3.0725 2.0657 3.7445 3.0470 3.2774 3.8675 3.7479 3.3013 2.4243 2.5690 2.6629 2.7771 2.7509 
4.9846 4.3988 4.0364 4.4399 3.9361 4.0763 3.5851 3.2625 3.3247 2.1274 2.8707 2.6822 3.3876 3.3019 1.6198 1.3501 -0.7583 1.2638 1.4724 3.1134 3.1188 2.3030 2.4439 1.6067 2.7226 2.5784 2.7270 3.1091 2.7887 3.1066 2.4538 2.3594 1.9470 
5.5648 4.7884 4.2402 3.7336 4.0521 3.9854 3.7132 3.5517 3.6678 3.5961 3.5572 3.2488 3.3520 3.1970 3.3321 3.0316 3.2134 2.9421 3.2011 3.0144 3.0936 2.8945 3.1100 3.0835 3.0768 2.7979 2.8786 3.0207 2.9104 2.3923 2.6408 2.6631 2.5705 
4.9187 4.2936 3.5502 3.2090 3.1983 3.0845 3.2244 3.2778 3.7283 3.6433 3.7029 3.8402 3.7853 3.7731 3.6728 3.8494 3.8839 3.7709 3.5582 3.5903 3.5431 3.5188 3.2601 3.1272 3.1261 2.5993 2.3922 2.1182 2.0996 1.8795 1.8985 2.1891 1.8906 
3.6472 3.2548 3.4318 3.3582 3.5477 3.4285 3.7758 3.4648 2.8276 2.7558 2.1007 2.3764 2.6917 2.9662 2.9227 2.1100 0.7516 2.0343 2.7732 2.7430 2.4108 2.0556 1.6527 2.2364 2.2207 2.7267 2.9735 2.4656 2.3945 2.0629 1.8103 1.1728 0.6938 
4.0581 3.9407 3.7434 3.7730 3.0579 3.4809 3.2525 3.1440 2.7311 2.1373 2.7745 2.2945 2.3807 1.6983 2.5382 2.1107 1.9731 2.0459 2.3660 1.5150 2.1229 1.9554 2.3347 1.6312 2.1331 2.4213 2.4288 2.5153 1.9072 2.4666 2.1565 1.8316 1.0422 
4.3696 3.2633 1.7704 3.3369 2.9414 2.4492 2.2829 2.6667 2.9128 2.8087 2.2783 1.8573 2.2882 2.7167 2.2044 1.7247 1.9143 1.6656 2.0932 2.5353 2.0313 1.5262 1.8307 2.2920 2.2895 1.9530 1.4604 1.4763 1.7987 2.0322 0.0315 1.1024 1.3228 
3.9420 3.5503 2.9572 2.6895 3.1621 3.2311 3.1659 2.6168 3.1167 2.7284 2.4833 2.4705 2.6053 2.4613 2.3147 2.6999 2.4198 2.6413 2.1960 2.2395 2.2972 2.1210 2.0631 2.2092 2.5138 1.8816 2.3175 2.2696 2.0632 1.3653 1.3173 1.4227 0.8940 
5.0273 4.5301 4.1295 3.8748 3.7754 3.4751 3.5855 3.6297 3.2327 3.3279 3.6047 3.3369 3.5307 3.2471 2.9990 2.6416 1.8252 2.5868 2.8299 3.0660 3.2130 3.0106 3.1617 2.8031 2.6296 2.9158 2.7384 2.5160 2.6646 2.5756 2.5471 2.4040 2.0282 
5.3331 4.8587 4.4598 4.1231 4.0383 3.5202 3.1361 2.4832 2.7541 3.3200 3.1554 2.8098 2.9250 2.8341 3.0679 2.9682 2.9660 2.8829 2.9062 2.6452 2.6457 2.4762 2.7137 2.7935 2.1526 1.7540 2.2882 2.5569 2.8833 2.7787 2.8130 2.7448 2.3134 
5.1041 3.8844 3.1180 2.9314 2.4846 3.3722 3.2951 3.1666 3.0638 3.2925 2.2308 2.7161 3.0925 2.3863 1.6968 2.3015 1.1868 2.2460 1.5873 2.1869 2.7812 2.3524 1.7841 2.7749 2.4245 2.4534 2.4854 2.4155 1.2893 1.6542 1.5850 1.7949 2.1126 
5.1313 3.3902 3.9656 3.9826 4.2742 4.1756 4.2247 4.2892 4.2906 4.3276 4.1890 4.0715 3.9769 3.8493 3.6176 3.0577 2.4609 2.9708 3.4975 3.6444 3.6710 3.6993 3.7445 3.8002 3.6855 3.5957 3.4098 3.2129 3.1623 2.6326 2.2988 0.8479 2.1156 
4.6220 4.2036 3.8496 3.7277 3.8812 3.6463 4.0688 3.9863 4.3924 4.1977 3.5763 4.0420 4.0125 2.9040 3.2439 3.3032 3.1325 3.2434 3.1203 2.6882 3.6948 3.6643 3.1313 3.6759 3.7561 3.2420 3.2206 2.6856 2.7450 2.4063 2.2228 2.1201 1.5800 
5.4928 4.7804 5.1775 4.6513 3.6977 4.2908 4.0956 3.2589 3.2813 2.9591 3.1358 3.0818 3.1744 2.9937 2.7434 2.9439 2.7019 2.8599 2.6218 2.7634 2.8933 2.7062 2.6968 2.4393 2.6894 2.5717 3.2541 3.3310 2.5986 3.3044 3.5820 2.6462 2.4044 
4.5191 3.8724 3.5764 3.5959 3.4414 3.0955 3.6186 3.2099 1.9809 3.0661 3.0560 2.5580 1.8140 1.5968 1.6629 1.9129 1.2729 1.8371 1.5572 1.3279 1.5472 2.1680 2.6079 2.5565 1.3295 2.5222 2.7737 2.1320 2.2929 2.2481 1.9698 1.7301 1.4539 
4.5676 4.1785 3.6015 3.1525 3.5611 3.5861 3.0986 3.0480 2.2971 2.1362 2.3710 1.4699 2.4752 1.5066 1.7021 1.7079 1.7016 1.6535 1.6022 1.2657 2.1862 1.1408 1.9458 1.6292 1.6956 2.2924 2.2487 2.6186 2.4219 1.8229 1.9757 2.1135 1.6012 
