4.0968 4.4893 4.0933 3.8080 3.8317 3.3006 3.7242 3.1079 2.3499 1.5249 2.5002 2.6045 2.2482 2.0872 2.6652 2.2595 2.7321 2.1677 2.5239 1.8943 1.9398 2.2182 2.0163 0.9324 1.6120 2.3407 2.8291 2.2338 2.5666 2.3493 2.3140 2.1452 0.9197 
4.5563 3.4834 2.5915 3.7553 3.3554 3.2129 3.0479 3.0021 3.0731 2.9089 2.7622 1.6936 1.8382 1.0478 2.1995 1.3509 1.4063 1.2820 2.0444 0.8471 1.4868 1.3172 2.2845 2.3144 2.4119 2.1898 2.1111 2.1289 2.0789 2.3050 0.8118 1.1979 1.2325 
0.7561 4.2035 3.6864 3.5101 3.4365 3.1112 3.4670 2.9182 2.1145 2.0940 1.3534 0.9574 2.0615 2.1084 1.8919 1.4554 0.2217 1.3914 1.7387 1.9012 1.7730 0.5453 0.8439 1.5245 1.4332 2.0646 2.5110 2.0417 2.1256 2.0039 1.9182 1.9160 -1.2730 
4.3729 4.5459 4.3107 3.7549 3.2253 2.4138 3.0818 2.5882 2.5655 0.2194 1.3471 0.8807 1.3746 1.9429 2.0219 0.8132 0.5306 0.7611 1.8882 1.7123 1.0394 0.4530 0.8548 -0.4714 1.8995 1.8297 2.1428 1.3389 1.9742 2.3023 2.5110 2.2090 1.0935 
4.6825 3.7253 3.3898 3.6131 2.9267 2.7823 2.8586 2.4985 2.4740 2.0446 1.8872 1.6485 1.7413 1.8459 1.6549 1.8381 1.5221 1.7432 1.5010 1.5685 1.4178 1.2852 1.3900 1.4668 1.8095 1.7089 1.9136 1.7152 1.6217 2.1201 1.5626 1.3654 1.3506 
4.1184 3.7675 3.8848 3.5765 3.3453 2.9358 2.0087 2.5364 2.6259 2.9164 2.3995 -0.7541 1.7546 2.4451 2.3472 2.0588 0.3472 1.9845 2.1544 2.1999 1.4238 -1.1443 1.8997 2.3251 1.9576 1.7588 1.0751 1.8585 2.0661 2.0701 2.0647 1.4169 0.6704 
2.5960 3.0585 2.9479 3.6499 2.2992 3.1132 1.7114 3.0410 2.7307 2.3172 1.7214 1.9061 0.3289 2.1357 1.7447 1.4921 1.0997 1.4160 1.5580 1.9235 0.0532 1.4899 1.2600 1.7141 2.0520 2.2493 0.8002 2.0337 0.9718 2.1636 1.1418 0.7879 -0.7566 
0.1868 3.6632 3.1015 2.9741 3.4712 3.4405 3.4635 3.1135 2.5023 1.7502 -0.0146 1.5293 1.6441 2.3171 1.2148 1.9387 1.6014 1.8750 1.0298 2.0567 1.3560 1.1491 -0.5190 1.1612 1.8423 2.3473 2.5045 2.3670 2.1853 1.4826 1.3161 1.3684 -1.2077 
3.5083 3.2803 3.3543 4.1241 3.4959 2.4904 2.2039 3.0364 3.4905 2.3851 1.1338 2.0735 2.1598 1.6739 1.9228 1.2471 2.1405 1.1530 1.7867 1.4357 1.8716 1.6975 0.6302 1.7853 2.7922 2.2480 1.3133 1.4070 2.2115 2.6270 1.5570 0.9599 0.2328 
4.0065 3.5630 2.2459 2.7413 3.4593 3.4312 2.9553 2.9919 2.9517 2.1660 2.0009 1.5540 2.2980 2.3827 2.4954 2.3969 2.1479 2.3159 2.3742 2.1023 1.9652 1.1924 1.5092 1.5758 2.2529 2.1816 1.9979 2.3532 2.1644 1.3091 0.4613 1.2358 0.6589 
4.5497 3.2132 3.4958 4.0075 3.4514 2.4123 2.5952 2.9824 2.9244 2.1156 1.9382 1.3589 1.6933 2.4204 1.3226 0.2386 2.0258 0.1394 1.1551 2.1627 1.3854 0.9413 1.4449 1.5321 2.2066 2.1654 1.6737 1.3440 2.1483 2.4982 1.6979 0.8168 1.1646 
3.4911 3.7142 3.4528 3.6840 3.8855 3.4844 2.7728 2.3253 1.8135 2.4497 2.2780 2.7621 2.6006 2.6066 2.6518 2.5547 2.4361 2.4836 2.5126 2.4060 2.3172 2.3903 1.8111 1.8774 1.0868 1.5007 1.8635 2.4045 2.6065 2.2231 1.5909 1.4082 -0.1217 
2.6162 1.4229 3.6447 3.4390 3.2703 2.5939 2.4309 2.4560 3.1788 2.8564 1.5527 2.1301 1.4568 1.7635 2.0344 0.8873 1.7403 0.8223 1.8960 1.5085 1.1374 1.7684 1.0701 2.2563 2.5089 1.6492 1.4850 1.5141 2.0135 1.9245 1.8754 -1.2285 -0.8098 
4.1680 3.2276 3.2099 2.9432 2.8725 2.6860 3.0613 2.6448 3.1143 2.0812 1.4171 1.3649 1.4934 1.7479 2.1887 1.9216 1.3164 1.8603 2.0332 1.4966 1.1951 0.9453 0.9206 1.5002 2.4440 1.8786 2.1222 1.6126 1.5784 1.4380 1.4268 0.8723 0.8271 
4.2410 3.7426 3.2244 3.5021 2.8298 1.0553 3.1132 2.9113 2.9709 2.5955 2.0724 1.9124 0.9997 1.7971 0.4979 0.8299 0.8104 0.7814 0.3642 1.5258 0.7324 1.4970 1.5840 2.0092 2.2859 2.0653 2.1917 0.0290 1.5326 1.9983 1.4479 1.4333 0.9315 
3.1617 3.3239 3.0393 3.1724 3.4665 1.1120 2.8736 2.7231 1.3266 2.4512 2.3115 1.8327 2.2566 1.2288 2.0487 -0.5246 1.7250 -0.6360 1.9097 0.9724 1.9365 1.4034 1.8337 1.8785 0.5821 1.9292 1.9303 0.0404 2.1847 1.6980 1.2495 0.9988 -0.2112 
3.5759 3.0567 3.0709 2.9228 3.0530 2.4233 2.4372 2.1031 2.6109 1.9557 2.2294 2.0944 1.8966 1.9378 1.6131 0.4405 0.4392 0.3672 1.4601 1.7063 1.5547 1.7199 1.7583 1.3752 1.9422 1.3479 1.4940 1.3404 1.8334 1.4250 1.3125 0.7903 0.2855 
3.6310 3.0130 2.9871 1.6332 2.8565 2.8993 3.0774 2.9261 2.5145 2.9389 2.4701 1.8680 2.2520 2.1550 0.9912 1.9041 0.3854 1.8458 0.8608 1.9330 1.9362 1.4339 1.9755 2.3647 1.8577 2.0806 2.1427 1.8357 1.5724 0.2747 1.2166 0.7076 0.3618 
2.0451 3.5603 3.1518 2.5557 2.1881 2.7488 2.6083 2.6990 2.9215 2.1414 0.3443 0.3449 1.7219 1.4546 1.6734 0.8422 1.9579 0.7834 1.5147 1.2468 1.3980 -0.0390 -0.1246 1.5535 2.2011 1.9150 1.6871 1.6796 0.9562 1.0416 1.3505 1.3002 -0.6337 
3.5789 3.3655 2.7109 2.9611 2.7157 2.9430 3.0887 2.9447 1.2571 1.8707 1.3561 1.8089 2.2165 1.6557 1.7478 2.1408 1.5334 2.0658 1.5718 1.4227 1.9094 1.3943 0.8640 1.3086 0.4805 2.1035 2.1531 1.8749 1.4664 1.4701 0.9160 1.0145 0.3632 
3.4111 3.9261 3.7540 3.6044 2.7748 2.6264 3.1235 2.9626 2.0579 1.3951 1.9357 1.6133 1.1900 1.4756 1.5068 1.3928 0.8951 1.3283 1.3693 1.2782 0.8678 1.2502 1.4425 0.8206 1.3929 2.1291 2.2029 1.5628 1.5059 2.1050 1.9586 1.5730 -0.3815 
3.5664 3.8077 3.4705 3.0616 3.1153 2.4917 2.7865 0.4930 1.1008 2.4799 2.5473 1.8833 2.2968 1.8663 1.7979 2.0363 1.3638 1.9662 1.5997 1.6019 1.9621 1.4730 2.0597 1.9107 0.4043 -0.3030 1.8669 1.4219 1.8828 1.5632 1.6237 1.4903 0.1928 
3.8399 4.0007 3.6403 3.7280 3.4319 2.7703 2.9471 2.4405 1.9663 1.3258 1.5384 1.8036 1.7981 0.1420 0.9056 1.5243 1.3053 1.4569 0.7836 -0.1189 1.4524 1.3832 1.0579 0.7445 1.3164 1.6073 1.9986 1.7184 2.1345 2.2686 1.8546 1.6317 0.3078 
3.1264 3.7575 3.7958 3.7031 3.5478 3.0365 2.9876 2.9569 2.0697 1.7590 2.2015 1.5053 1.6516 1.9052 0.7805 1.5209 2.0939 1.4469 0.6198 1.6588 1.3572 1.0984 1.7274 1.1834 1.3983 2.1237 2.0481 1.9660 2.3025 2.2453 1.9880 1.4781 -0.5413 
3.4751 3.6714 3.7803 3.9231 3.7848 3.0464 2.3977 3.0575 2.9328 2.7062 2.6756 2.6393 2.6991 2.3221 1.5981 2.0553 2.4789 1.9842 1.4577 2.0576 2.4127 2.2719 2.1979 2.1212 2.2247 2.2780 1.4668 1.9726 2.5354 2.4337 1.9790 1.3657 -0.1504 
1.9259 3.5104 3.8902 4.0455 4.0446 3.3904 2.5135 2.0484 2.5371 2.6246 2.5218 2.1295 2.5067 2.4108 2.4582 2.3530 1.0142 2.2499 2.3213 2.1483 2.1890 1.7678 2.0331 2.0533 1.8788 1.2964 1.5692 2.3142 2.7787 2.5428 2.0681 1.2095 -1.2514 
3.0731 2.9838 2.9311 3.2966 2.5609 2.7496 2.4918 2.1522 2.0664 1.6525 1.2345 1.1814 0.5132 1.5304 0.6879 1.3560 1.5328 1.3026 0.4966 1.3322 0.2487 0.7952 0.7577 1.0563 1.3950 1.3696 1.5431 1.6843 1.3396 1.8422 1.1306 0.6126 -0.0348 
4.1204 3.8642 3.6579 2.8376 2.9473 2.7250 2.1469 2.4943 1.9278 1.4495 1.9947 1.5706 1.3349 2.0990 2.1915 1.6888 1.4753 1.5963 2.0362 1.8980 0.9917 1.2059 1.5076 0.8739 1.2646 1.6989 1.2452 1.6505 1.6727 1.3372 1.8796 1.5117 0.7524 
2.3749 3.3177 2.7231 3.6618 3.1829 2.5454 3.0575 1.9879 1.3365 2.4673 2.4661 1.8912 2.1856 2.4931 2.0394 1.5872 1.1192 1.5128 1.9000 2.2714 1.8950 1.4721 1.9724 1.8966 0.6668 1.2138 2.1145 1.4819 1.9396 2.1860 0.9536 0.9876 -2.7481 
3.7311 3.5808 3.1840 3.3000 3.0916 2.1161 1.2832 2.4943 2.4720 1.1228 1.9234 0.2733 0.5218 1.5751 1.5433 1.6080 1.3569 1.5308 1.4105 1.3662 0.2450 -0.1564 1.4299 0.5380 1.8075 1.7036 0.3105 1.0427 1.8609 1.8471 1.3928 1.2761 0.3202 
3.3002 4.0325 3.8317 3.5611 2.9581 1.1029 2.4401 2.1670 1.9056 0.3254 1.9132 1.6261 1.9244 1.7599 2.2358 1.9041 1.9687 1.8465 2.0662 1.5057 1.5883 1.2622 1.4194 -0.2045 1.2312 1.3832 1.4984 0.0578 1.6835 2.0633 2.0241 1.7001 -0.3652 
2.7427 2.8164 2.9278 1.3976 2.9448 2.5504 3.0144 2.1703 2.0540 1.8531 1.8805 1.5033 2.0546 0.8882 1.4454 1.5288 1.3988 1.4610 1.3184 0.6509 1.7652 1.1058 1.3794 1.2773 1.3818 1.3757 2.0686 1.4858 1.6729 -0.1743 1.1259 0.4506 -0.2839 
2.8263 3.2700 3.5847 3.2377 2.6967 2.3350 2.8781 1.7699 2.6391 1.7516 1.1878 -0.0296 1.6130 2.3254 2.5420 2.3753 1.6050 2.2751 2.4129 2.0633 1.3343 -0.3935 0.7061 1.1416 1.9686 0.9222 1.9317 1.2309 1.4548 1.7796 1.8322 0.9751 -0.4551 
1.8206 3.3329 2.8115 2.9310 2.7126 2.6627 1.7029 1.9245 2.4256 2.6527 1.1369 0.7633 2.0865 2.1656 1.8342 1.0206 1.5219 0.9552 1.6396 1.9422 1.8265 0.3304 0.6453 2.0701 1.7393 1.1219 0.7822 1.5804 1.4601 1.4284 0.9819 0.9933 -0.8711 
3.4309 3.4526 3.1499 2.9505 3.2974 2.5245 2.5603 2.5277 2.8508 1.1489 2.0655 2.0005 1.4171 2.3473 1.8635 1.9733 1.9209 1.9086 1.6851 2.0714 1.0825 1.5931 1.5761 0.5183 2.1307 1.7506 1.6343 1.4426 2.0378 1.4445 1.3726 1.0956 -0.0062 
1.5726 2.4865 3.4818 3.1048 3.1486 2.9316 2.1749 1.8790 1.9424 1.7713 1.9665 1.8522 2.2051 2.5247 1.8651 1.1560 1.9857 1.0634 1.6866 2.3175 1.9014 1.4269 1.4769 1.1783 1.2942 1.0393 1.2925 1.8508 1.9174 1.5849 1.6827 0.1564 -1.0725 
3.3544 3.4163 3.5893 3.0813 3.4522 3.3498 2.2763 2.0296 1.7924 2.1251 2.0629 1.3845 2.0622 1.7242 1.2507 1.6418 1.9293 1.5549 1.0643 1.4741 1.7774 0.9786 1.5709 1.5379 1.0648 1.2694 1.3501 2.2667 2.1535 1.5905 1.8309 1.0776 -0.0556 
0.9676 3.0429 2.9333 3.1892 3.0523 3.3247 1.4585 2.3886 1.4421 1.9961 1.4623 0.9128 1.7190 1.5272 1.4014 1.3640 -1.3404 1.3078 1.2749 1.3296 1.4009 0.5052 0.9763 1.4173 0.7823 1.5463 0.5529 2.2463 1.8314 1.7327 1.1101 0.7697 -1.2876 
3.3675 3.6889 3.4575 2.7999 2.1401 2.9419 3.0417 2.8976 2.6430 2.6715 2.2646 1.1657 1.8517 2.4544 2.3822 2.0584 2.1614 1.9837 2.1936 2.2152 1.5048 0.7814 1.7931 2.0828 1.9708 2.0579 2.1004 1.8623 0.9002 1.3182 1.5986 1.3863 -0.3336 
3.6821 3.8037 3.2492 3.5604 2.9628 3.1023 2.7121 2.5177 2.4059 2.5024 1.8460 2.0807 1.3792 1.3458 1.6301 1.7833 0.4795 1.6847 1.4805 1.0924 1.0408 1.7066 1.3433 1.9249 1.7074 1.7285 1.8209 2.0271 1.6971 2.0643 1.4815 1.4656 0.3361 
2.6805 2.8006 3.8506 3.6481 2.7891 2.6214 2.7211 3.0152 2.9625 2.4806 2.0690 1.2276 1.0967 1.7855 0.6155 1.4412 0.9726 1.3703 0.4624 1.5214 0.8151 0.8132 1.5799 1.9032 2.2719 2.2134 1.8376 1.5433 1.5185 2.1542 2.0497 0.5551 -0.6622 
4.0134 3.0585 4.1090 3.7179 3.0464 2.6436 2.0811 2.6783 3.5058 2.9387 2.7800 2.4422 2.1403 1.9371 2.2090 2.3408 2.2582 2.2419 2.0499 1.7073 1.8627 2.0211 2.3089 2.3565 2.8213 1.9076 1.2184 1.5624 1.8122 2.2539 2.3469 0.7789 0.6531 
3.3998 3.8007 3.9394 4.0514 3.6321 3.7527 2.4869 2.6779 2.0573 2.6007 1.5834 1.6224 1.2950 1.0839 0.6861 1.2241 -0.2601 1.1335 0.5118 0.8608 0.9400 1.2628 1.1024 2.0232 1.3950 1.9062 1.5330 2.6755 2.3992 2.5492 2.1058 1.4920 0.2623 
1.6336 3.3038 4.0980 3.6809 3.1923 3.4118 3.3715 3.4658 3.0091 2.4151 2.2439 2.4859 2.0739 1.9514 -0.3446 1.8608 1.1673 1.7835 -0.6186 1.7270 1.8063 2.0706 1.7711 1.8419 2.3465 2.6197 2.4383 2.3362 1.9602 2.1910 2.3281 1.0338 -2.1495 
4.0224 3.3617 3.6417 2.7068 3.1599 3.5793 0.3107 2.7645 1.8461 2.5226 2.6232 2.3174 1.7839 -0.0495 1.9243 1.4212 1.0996 1.3556 1.7894 -0.2263 1.4436 1.9032 2.1412 1.9462 1.1468 1.9625 -0.8148 2.5000 1.9351 1.2898 1.8701 0.9909 0.7473 
4.1326 3.7663 3.7261 3.2032 3.7586 2.7534 3.0032 3.1460 3.2147 3.0452 3.0077 2.6982 2.8462 2.3891 2.4806 2.1410 2.0190 2.0642 2.3562 2.1129 2.5109 2.3330 2.5145 2.4664 2.5374 2.3887 2.0668 1.6752 2.5115 1.7431 1.9658 1.4337 0.8789 
4.0940 4.2151 4.0578 3.2558 1.7125 3.2405 3.0895 3.2358 3.2429 2.5372 2.0740 1.5556 1.2337 0.8289 1.3651 1.3121 0.2191 1.2353 1.2148 0.5749 0.9029 1.1711 1.5925 1.9576 2.5594 2.4520 2.1720 2.1606 0.4541 1.8379 2.2331 1.9255 0.8535 
2.9928 2.1280 3.8999 3.4247 3.1062 3.4024 3.0532 2.1826 2.0422 2.1299 1.9779 0.6036 1.3768 0.8675 1.9847 1.7253 1.8145 1.6381 1.8581 0.6569 1.0441 0.2384 1.4880 1.5398 1.3698 1.3942 2.1050 2.3360 1.8680 1.9151 2.0746 -0.0599 -0.2570 
3.9972 4.3727 4.3938 3.6857 3.4886 2.6268 2.7615 3.0592 2.3917 2.3352 1.2390 1.7401 0.9723 2.3555 1.9835 1.4252 1.0738 1.3618 1.8562 2.0739 0.6787 1.3468 0.7609 1.7352 1.6801 2.2738 1.8573 1.5486 2.2076 2.2133 2.5829 2.0630 0.8138 
4.1839 4.3874 4.0755 3.6068 3.0767 3.1803 3.0926 2.2440 1.9485 2.9291 2.2937 2.2924 2.4933 0.1386 1.4941 1.1846 1.7356 1.0952 1.3559 -0.0676 2.1705 1.8955 1.8213 2.3533 1.3019 1.4379 2.1534 2.1020 1.8532 2.0976 2.2731 2.0659 0.9002 
4.2905 2.7731 3.8625 1.8295 3.2630 3.1557 2.0622 2.4781 1.9388 2.6204 2.4340 1.5628 1.6740 0.4907 1.5435 0.7778 1.4210 0.7147 1.4074 0.2719 1.3688 1.1835 1.9353 2.0510 1.2933 1.6697 1.1643 2.0744 2.0121 0.4110 2.0565 0.3545 0.9674 
1.9330 3.5939 3.1583 3.4714 3.5513 3.5109 2.9428 2.5163 2.2959 2.7096 2.0234 1.6578 2.0893 2.1797 1.9282 1.2174 1.6257 1.1030 1.7828 1.9507 1.8305 1.2957 1.5283 2.1257 1.5896 1.7354 1.9902 2.4327 2.3025 1.9765 1.3504 1.2937 -0.2970 
4.5074 4.2529 4.1556 3.5118 3.0950 2.1526 2.5206 1.7053 2.4000 1.5687 1.8387 2.0690 1.4577 1.2330 1.2907 1.4082 1.5347 1.3481 1.0873 0.9594 1.1359 1.6807 1.3373 0.9965 1.6911 0.9249 1.5921 1.0735 1.8572 2.0026 2.3879 1.9474 1.1004 
4.1454 3.9937 3.8507 2.8770 2.7676 1.9324 2.1844 2.6416 2.1238 0.5568 1.6903 1.7471 2.1206 1.6938 1.8417 -0.1639 -3.1920 -0.2246 1.6525 1.4541 1.8483 1.3488 1.2221 -0.0144 1.4427 1.8782 1.2984 0.8599 1.5082 1.3519 2.0452 1.6223 0.7619 
4.2293 3.7437 3.6598 3.6755 2.0587 3.5237 3.0943 2.3094 1.0733 1.3485 2.1436 2.5001 2.4131 1.9008 1.8445 0.8289 1.8188 0.7726 1.6581 1.6510 2.0676 2.0842 1.6674 0.7859 0.3948 1.4785 2.1609 2.4474 0.8587 2.1851 1.8952 1.4085 0.8891 
1.7351 3.9893 2.7400 3.7762 3.6213 3.9417 3.7626 2.8856 2.9481 1.5323 2.4896 2.1332 2.5059 2.4762 0.9566 2.3854 2.1420 2.2983 0.8033 2.2457 2.1898 1.7708 2.0009 0.9295 2.2521 2.0479 2.8716 2.8652 2.3975 2.3349 0.8916 1.6331 -0.5731 
3.9565 3.3903 2.5008 4.3984 3.9517 3.7774 3.7553 3.8458 3.5115 3.0835 2.7962 2.3210 2.3047 2.7107 2.3221 2.3227 0.2233 2.2244 2.1281 2.4887 1.9666 1.9131 2.3197 2.5035 2.8272 3.0435 2.8618 2.7088 2.6417 2.9399 0.6804 1.0233 0.6111 
4.3157 4.0295 3.7376 3.3266 3.6409 4.0187 2.9272 3.0648 2.4025 2.0373 2.4731 1.7999 2.1760 2.6676 2.1192 0.7301 2.0305 0.6432 1.9730 2.4567 1.8867 1.3831 1.9806 1.4525 1.7002 2.2763 1.9626 2.9398 2.4214 1.8458 1.9572 1.6862 0.9748 
3.4371 2.7187 3.5997 4.2739 4.5297 4.4411 3.7017 3.2267 3.2461 3.1585 2.8394 2.9352 2.7859 2.7343 2.4384 1.4685 1.4735 1.3992 2.2841 2.5055 2.4685 2.5115 2.3699 2.5854 2.5641 2.4398 2.7893 3.3646 3.2290 2.8348 1.8532 0.4405 0.2081 
1.8456 2.7865 2.7849 4.0984 4.8821 4.6734 3.7912 2.6797 1.8586 1.7981 1.7631 2.5362 1.8219 1.9311 1.8276 2.4059 0.8826 2.3323 1.6345 1.7015 1.4630 2.1287 1.2965 1.2009 1.1389 1.8997 2.8953 3.5942 3.6294 2.6136 0.9729 0.4666 -1.3567 
3.6150 3.5690 3.8514 4.6297 4.5823 4.2213 3.5178 2.6029 1.9020 1.4939 1.4121 -0.6269 1.3868 1.2539 0.9879 1.5758 1.5687 1.5075 0.8552 0.9907 1.0467 -0.7911 0.9027 0.8975 1.2133 1.8377 2.5598 3.1454 3.3110 3.1411 2.0594 1.2643 0.0864 
4.5987 4.1059 3.6798 4.1626 5.0959 4.6970 3.7470 3.3413 3.2790 2.2191 3.0907 2.6341 2.6024 2.4098 2.5842 2.7909 2.4123 2.6968 2.4445 2.1447 2.3198 2.2609 2.5997 1.6147 2.5853 2.5224 2.8366 3.6129 3.8170 2.6974 1.9274 1.8061 1.2930 
3.3564 3.0730 3.1893 4.3563 4.8375 2.3610 3.0710 2.6407 2.3861 2.6103 2.6350 2.4991 2.0195 2.3778 2.1322 2.3100 2.4297 2.2113 1.9852 2.0928 1.7106 2.0827 2.1508 2.0368 1.6789 1.8833 2.1379 1.3347 3.5893 2.9227 1.3830 0.8431 -0.0711 
3.8419 3.5935 3.1517 3.2528 4.5861 4.4346 4.1256 3.6282 3.4931 3.0841 3.1820 2.8403 2.5432 2.8661 2.6720 2.8521 2.1564 2.7538 2.5261 2.6007 2.2337 2.4348 2.7000 2.5009 2.7922 2.8477 3.1749 3.3563 3.3286 1.7352 1.4283 1.2949 0.4685 
2.6929 3.0443 3.5603 3.8022 3.9181 3.1428 3.7586 2.8256 2.4806 2.5034 2.5398 3.2486 2.9292 2.6123 2.7033 2.4025 2.1192 2.3290 2.5531 2.4141 2.5812 2.8896 2.0496 1.9317 1.8178 2.0024 2.8652 2.0784 2.6238 2.3646 1.8050 0.7891 -0.8996 
3.1071 3.4284 3.0690 3.1925 3.0266 3.8310 2.9398 2.5669 2.7583 1.7211 2.0352 2.2750 2.0254 1.8324 2.1472 0.7450 0.8142 0.6544 2.0000 1.5520 1.7245 1.8808 1.5379 1.1234 2.0629 1.8056 1.9750 2.7564 1.8107 1.7277 1.2843 1.0892 -0.5817 
2.9406 2.9476 3.1496 3.6090 3.5527 4.3946 3.7109 3.2963 3.2640 2.8634 3.1165 2.9485 2.9512 2.3052 2.6073 1.6276 2.1753 1.5353 2.4705 2.0441 2.6059 2.5272 2.6153 2.2690 2.5759 2.4968 2.8049 3.3218 2.3261 2.1027 1.3695 0.5861 -1.0031 
3.6651 2.6283 3.4711 3.8804 4.4458 4.1779 3.5443 3.0659 2.7587 2.9782 2.9874 2.4575 3.0042 2.8793 2.4454 2.4054 2.6364 2.3342 2.2968 2.6066 2.6724 2.0548 2.4893 2.4075 2.0651 2.2769 2.6049 3.0965 3.1613 2.4122 1.6518 0.3216 0.3489 
3.2129 2.6372 2.9584 3.9907 3.8587 3.7398 3.0469 2.9320 2.7456 1.9134 1.6953 2.4803 1.9171 1.5274 1.4060 1.4205 -0.1972 1.3569 1.2867 1.3275 1.5803 2.0668 1.2197 1.3384 2.0524 2.0866 2.1019 2.6630 2.5933 2.4793 1.1704 0.3366 -0.0549 
3.1502 3.7406 3.2157 4.3715 3.9969 3.8472 3.1156 2.8406 2.5676 2.2337 2.8239 2.0610 2.4042 2.3707 2.2920 2.0605 2.0779 1.9876 2.1057 2.0818 2.0634 1.6571 2.3519 1.6556 1.8963 2.0125 2.1953 2.7687 2.6975 2.9222 1.4428 1.4347 -0.2611 
3.5789 2.3212 1.8541 3.6043 2.5742 3.7449 3.0227 2.4680 2.3926 2.5662 2.3002 2.5440 2.2208 1.5038 1.0006 1.6822 1.7408 1.5925 0.8683 1.3073 1.9129 2.1349 1.8268 1.9820 1.6681 1.6556 2.0671 2.6739 1.3091 2.1141 -0.0241 -0.0051 0.2002 
2.4982 3.2638 3.6374 3.5324 3.8496 3.6045 2.7659 2.2965 2.4185 2.5701 2.5195 2.0730 2.2783 1.8929 2.4838 2.1106 1.5853 2.0420 2.3615 1.6463 1.9522 1.6948 2.0281 1.9900 1.7287 1.4837 1.8554 2.5247 2.5891 2.0314 1.8700 0.9613 -1.3119 
3.6592 3.8987 4.5339 4.5436 4.4248 4.5094 3.8709 3.0425 3.0408 2.8783 2.5698 2.3967 2.0461 1.7595 1.8943 1.6910 -0.4976 1.5908 1.7377 1.4960 1.7491 1.9683 2.0694 2.2805 2.3829 2.2502 2.9484 3.4316 3.1494 3.0298 2.7038 1.5591 0.1829 
4.1740 3.3237 3.5646 4.2186 3.1469 4.0890 3.0713 1.7110 2.1512 1.7246 2.4856 2.0700 1.3389 1.5848 1.9091 1.1234 1.7035 1.0420 1.7579 1.3677 0.9868 1.6775 1.9892 1.1440 1.4589 0.8926 2.1106 3.0112 1.9410 2.7411 1.8391 0.9810 0.8894 
0.2240 2.5989 2.7605 3.0110 2.4106 3.6316 3.2321 2.7036 2.7241 2.5845 2.1720 1.8412 2.4967 2.1407 2.2150 2.1340 2.3452 2.0623 2.0541 1.9257 2.1733 1.4186 1.6885 2.0018 2.0374 1.9172 2.3359 2.5591 1.1200 1.5219 0.9572 0.3244 -4.1992 
3.1291 3.6813 2.4985 3.4943 3.1283 2.4036 1.8457 1.8656 1.5645 1.8859 0.9763 1.6246 0.5346 1.0895 1.0155 1.7986 1.2045 1.6971 0.8727 0.8593 0.2235 1.2689 0.4789 1.3175 0.8940 1.0469 0.8715 1.3309 1.8814 1.9899 0.6104 1.3814 0.0985 
0.8571 3.7972 2.9734 3.7139 3.5236 3.5247 3.0820 2.7278 2.6125 2.5294 2.1826 1.9739 1.1111 2.3763 1.6242 1.1880 1.5181 1.0935 1.4752 2.0927 0.8227 1.5611 1.7027 1.9499 1.9510 1.9312 2.1511 2.4459 2.2778 2.2493 1.2065 1.4752 -0.6384 
2.6822 2.7987 2.9575 3.2595 2.5278 2.1150 2.9588 3.1376 2.6720 1.8946 2.1037 2.1876 2.3303 2.1964 0.5362 1.8315 1.7032 1.7254 0.3510 1.9624 1.9883 1.8258 1.6290 1.3205 1.9897 2.3777 2.0176 1.0525 1.2961 1.8170 1.1728 0.4461 -0.7656 
-0.2042 3.2234 2.3126 3.0020 3.1898 3.4596 3.1894 2.8527 2.0956 0.8838 1.3117 1.0438 1.0276 1.8920 1.4150 1.5444 -1.2662 1.4810 1.2920 1.6393 0.7646 0.6836 0.8105 0.3178 1.4258 2.0229 2.2907 2.3809 1.9590 1.5157 0.5030 0.9379 -3.8169 
2.7798 3.2122 2.9474 2.8423 2.9822 2.2189 2.9425 2.6496 2.4853 2.1704 1.7074 2.0899 1.3201 1.3234 0.7589 1.1181 1.3600 1.0381 0.5866 1.0464 0.9770 1.7146 1.2423 1.5773 1.8327 1.8812 1.9907 1.1540 1.7244 1.3622 1.1139 0.9195 -0.6292 
2.9811 3.8313 3.0451 2.5472 3.1379 3.2199 3.1971 2.9064 2.7510 2.5174 2.2797 2.4839 1.9895 2.7161 2.5461 1.7775 2.1247 1.6815 2.4143 2.4923 1.6957 2.0680 1.8216 1.9403 2.0622 2.0630 2.3006 2.1460 1.9035 1.0667 1.2508 1.5112 -0.7512 
2.8381 3.4718 2.5831 2.2989 2.9712 3.1058 2.8790 2.4252 2.6139 2.4100 2.0952 1.7562 1.8271 2.3088 2.0229 1.5243 1.5140 1.4561 1.8860 2.0526 1.4740 1.3591 1.6137 1.8411 1.9486 1.5894 1.9309 2.0221 1.7212 0.8004 0.7808 1.1267 -0.7898 
2.1491 3.2418 2.7033 2.9163 3.3319 2.7692 3.0720 1.7501 2.4206 2.6077 2.0680 2.1778 1.6177 1.5099 1.8929 1.4586 1.9721 1.3943 1.7389 1.3124 1.3381 1.8158 1.5817 2.0317 1.7302 0.9297 2.1313 1.7043 2.0603 1.4195 0.8938 0.9387 -1.7126 
3.4500 3.5004 2.9176 2.5118 3.2535 2.0673 2.2963 2.3530 1.9300 1.8391 2.1330 1.9301 1.2235 2.0526 1.5538 2.1351 1.4671 2.0625 1.4220 1.8504 0.8942 1.5180 1.6549 1.2490 1.2639 1.5132 1.3664 0.9704 2.0019 1.0290 1.0578 1.1685 0.0623 
3.2782 3.4947 3.1844 2.7204 2.3868 2.0118 2.2814 2.2809 2.6401 2.3832 2.0349 1.8452 1.8394 1.6424 1.2765 1.5044 -0.1915 1.4319 1.0848 1.4135 1.4907 1.4206 1.5342 1.7982 1.9692 1.4670 1.3529 0.9328 1.1080 1.2661 1.3962 1.1589 0.1889 
1.8602 3.0623 3.2083 2.9276 2.4345 2.4728 2.3531 1.8498 1.1444 1.3479 1.6890 1.3980 0.9075 1.7762 1.3412 0.4258 -0.0538 0.3669 1.1685 1.5152 0.6038 0.9885 1.2166 0.7867 0.4230 1.0215 1.3926 1.4046 1.1588 1.4161 1.4313 0.7702 -2.3316 
2.3598 3.1244 3.5262 3.1564 3.0902 2.9594 2.5795 1.8650 2.3670 2.4982 2.3508 2.0872 0.5508 1.4802 2.1428 2.0498 1.9028 1.9755 1.9994 1.2893 0.2474 1.7129 1.8597 1.9210 1.6452 1.0226 1.6540 1.8783 1.8652 1.6731 1.7332 0.8520 -0.7862 
3.3426 3.2721 3.0317 3.6393 3.3539 3.0456 2.8102 2.4125 1.8202 1.9467 1.8592 2.0065 1.2041 1.9139 1.4565 1.2898 -0.3476 1.1856 1.3237 1.6741 0.8664 1.5995 1.3615 1.3726 1.0901 1.5733 1.8877 1.9619 2.0724 2.1505 1.2964 0.9453 -0.0848 
3.7616 2.6063 3.2757 3.8233 3.4786 2.5952 2.6526 1.8157 2.2060 1.5211 2.4031 1.4825 0.5724 0.6387 1.5535 0.5834 1.8747 0.4974 1.4167 0.3894 0.2788 1.0754 1.9021 0.9354 1.5154 0.9645 1.7516 1.5074 2.1912 2.3771 1.4909 0.3270 0.4425 
2.4774 3.1565 2.8836 3.6432 3.1411 2.6765 2.7940 2.1903 1.8478 2.0236 1.1330 0.6724 1.5246 1.7097 1.3021 1.5775 0.2929 1.5076 1.1147 1.4666 1.2406 0.2824 0.6479 1.4407 1.1423 1.3905 1.8743 1.6082 1.8941 2.1662 1.0253 0.8898 -0.7877 
4.0262 3.2968 3.5741 3.6035 3.0944 2.6374 2.8926 0.5995 1.7644 2.2052 1.0702 0.8451 1.9796 1.8873 2.0599 1.6777 1.6526 1.5879 1.9180 1.6320 1.6672 0.4249 0.5991 1.6147 1.0509 -0.2171 1.9394 1.5590 1.8647 2.1005 1.8047 0.9350 0.5910 
0.8360 3.1436 2.5749 3.0522 3.4150 3.6287 3.0063 2.0841 1.9018 2.4089 1.8917 1.7602 1.7086 1.5208 1.5127 0.9906 0.9896 0.9271 1.3711 1.3197 1.3915 1.3568 1.3913 1.8389 1.2143 1.3239 2.0599 2.5519 2.1251 1.5613 0.7798 0.8551 -1.8266 
0.4962 2.9753 1.9185 3.2925 3.3609 3.1338 3.1407 2.6089 2.5411 0.9533 1.0729 1.3547 1.9350 1.8374 0.9354 2.0656 2.0372 1.9974 0.7961 1.5545 1.6067 0.9414 0.5938 0.3736 1.8765 1.8513 2.2168 2.0586 2.0720 1.8491 0.1484 0.6499 -2.0242 
3.0650 3.4796 2.8937 2.7045 3.1278 2.6208 3.2155 2.4730 2.9588 2.4860 2.3709 1.4454 2.0216 1.8700 1.8724 1.2812 1.3683 1.1821 1.7046 1.6072 1.7236 1.0339 1.8687 1.9077 2.2649 1.6618 2.3217 1.5386 1.8906 1.2855 1.0178 1.1187 -0.7045 
3.2208 3.2909 2.4782 3.0049 3.2066 2.8204 2.9927 1.5803 2.4701 2.5213 1.6778 1.5620 0.2254 1.4638 2.0474 2.1024 1.0958 2.0359 1.9089 1.2678 -0.1446 1.1932 1.1945 1.9426 1.8154 0.7932 2.0509 1.7461 1.9618 1.5218 0.6739 0.9685 -0.0891 
2.9754 2.9221 2.5297 2.4102 3.0910 2.2293 2.6071 1.4125 2.6861 2.4905 2.0612 1.8390 1.8722 0.8467 1.8654 0.9874 1.0657 0.9239 1.6930 0.6105 1.5280 1.4115 1.5624 1.9116 2.0072 0.5752 1.6874 1.1833 1.8620 0.8844 0.7933 0.5788 -0.2492 
4.1486 3.4583 2.7627 1.9189 2.9421 2.5796 2.6479 1.8735 2.1355 2.0717 1.4710 1.6506 2.0119 2.1305 2.1851 2.2171 0.4441 2.1262 2.0320 1.9166 1.7110 1.2865 0.9779 1.4948 1.4558 1.0243 1.7585 1.4954 1.6649 0.3956 0.9569 1.0437 0.7953 
2.8471 3.3871 1.5404 2.8869 2.7692 2.9917 2.4621 2.7155 2.4532 2.7783 2.3945 2.4648 2.1533 2.0962 0.5729 2.0252 2.1876 1.9552 0.4315 1.8924 1.8689 2.0548 1.8941 2.1847 1.7922 1.9292 1.5182 1.9154 1.5164 1.3823 -0.3599 1.0397 -0.6531 
3.7292 3.6228 3.4025 3.6096 3.0554 2.7702 2.8878 2.5213 1.8762 1.1603 0.2491 1.8454 1.5439 1.8605 1.9589 0.8206 0.8863 0.7566 1.8371 1.5950 1.2805 1.4189 -0.2483 0.5621 1.1903 1.7287 1.9347 1.7041 1.8314 2.1135 1.5650 1.3335 0.4833 
