2.9294 2.0194 4.7353 4.2025 3.8319 4.2802 3.7514 3.9679 4.0404 4.0677 3.8640 3.6425 3.7181 3.6320 3.1527 3.2123 3.4675 3.1363 3.0215 3.4381 3.4394 3.3326 3.4335 3.5596 3.4603 3.3001 2.9338 3.3463 2.7347 2.9167 3.1392 0.5691 -0.1508 
3.6008 3.0798 2.6379 3.0742 3.1253 3.8211 4.1679 4.1237 3.9905 3.5657 2.7768 2.5784 3.1818 3.3021 2.9662 2.3655 2.5667 2.2798 2.8549 3.0715 2.9265 2.2386 2.3586 3.0685 3.4079 3.4355 3.3752 2.8901 2.0599 1.7906 1.0631 1.1442 0.6710 
3.6676 3.3379 4.0442 3.3952 3.3674 2.9284 3.3173 2.3811 2.7106 3.0561 2.4624 2.4231 1.9346 1.7603 2.0702 1.6032 1.3631 1.5503 1.9587 1.5684 1.6178 2.0487 2.0299 2.5553 2.1262 1.6527 2.4873 1.9978 2.2542 2.0783 2.5016 1.3753 0.7287 
3.0909 2.6733 2.7624 3.0408 2.9251 2.5301 3.3936 3.3896 3.2220 3.0572 3.0950 2.4715 2.5032 2.9838 2.9563 2.6572 2.4459 2.6018 2.8383 2.7991 2.2187 2.1257 2.6760 2.5599 2.6110 2.6780 2.5747 1.5875 1.8239 1.7499 1.2106 0.6066 -0.0130 
3.8666 3.4472 3.5895 3.1884 2.5562 2.8031 3.1814 2.8794 2.2068 2.5283 2.3436 2.8667 2.5477 1.6662 2.1410 1.9932 1.8339 1.9430 2.0216 1.4900 2.2805 2.4941 1.9358 2.0247 1.6153 2.1432 2.4082 1.8712 1.5032 1.9214 2.0365 1.4264 0.8419 
2.5187 3.3069 3.3065 2.7178 2.9790 2.0797 1.9875 2.4158 2.3519 2.2607 2.1593 2.2362 2.1728 2.4245 2.1154 1.9994 1.4875 1.9480 1.9966 2.1877 1.9441 1.9219 1.7445 1.7517 1.7257 1.6841 1.1654 1.1475 1.9134 1.4435 1.7175 1.2696 -0.1489 
3.6666 3.6719 3.5457 3.0110 2.9621 2.4287 2.5331 2.4733 2.7113 2.4042 2.4823 1.6707 2.0394 2.2343 2.0420 1.9867 1.8838 1.9375 1.9379 2.0405 1.7601 1.3210 2.0534 1.8886 2.1162 1.7692 1.7251 1.4891 1.8926 1.7149 2.0116 1.6660 0.8017 
3.0594 3.3495 3.3792 2.8360 2.8070 2.6142 2.5298 2.1749 2.3534 2.0492 2.0082 1.7982 1.8045 1.5213 2.0183 2.1215 1.4704 2.0577 1.9052 1.3033 1.5379 1.4825 1.5773 1.5496 1.7286 1.5114 1.7133 1.6795 1.6885 1.5304 1.8039 1.3125 0.0139 
3.8146 2.4888 2.9098 2.5840 2.1266 2.4745 1.9443 1.2379 2.0135 2.1847 2.2297 1.5214 0.8645 1.6715 1.5498 2.2381 1.8348 2.1623 1.4294 1.4964 0.6175 1.1590 1.8134 1.6760 1.4345 0.5547 1.1067 1.5359 1.0506 1.3125 1.3201 0.6163 0.8671 
3.9178 3.4053 3.2832 2.7620 2.4121 1.2009 2.1778 1.9671 -0.2727 1.5309 1.9903 1.5336 0.9332 0.7842 1.9585 1.5344 0.7625 1.4855 1.8036 0.5963 0.6526 1.1734 1.5602 1.0381 -0.8954 1.2387 1.4014 0.2949 1.2908 1.4834 1.6959 1.3623 1.0345 
2.9256 3.1245 2.6655 2.0280 2.5792 2.2568 1.6721 2.0752 1.2811 2.0555 2.2987 1.7829 2.1830 1.6923 1.6427 1.9995 2.0553 1.9509 1.5238 1.5173 1.9510 1.4651 1.8915 1.5599 0.6912 1.4008 0.8862 1.3191 1.5143 0.7231 1.1139 1.1319 0.1407 
4.1054 3.7820 3.1926 2.7736 2.0549 2.3569 2.5153 2.4151 2.4420 1.6023 1.7230 2.4778 2.3568 2.1129 2.2126 2.3849 1.9656 2.2991 2.0842 1.9439 2.0639 2.1218 1.3108 1.1086 1.8370 1.6795 1.6987 1.4235 1.0120 1.4957 1.6228 1.7132 1.1796 
4.0055 3.3721 3.4060 2.9889 0.6254 2.4236 2.5519 2.3381 2.3316 2.4474 2.2221 2.0070 1.9484 1.9434 1.6734 0.7649 1.7136 0.7131 1.5544 1.7020 1.6439 1.6507 1.8041 1.9521 1.7156 1.6199 1.7423 1.4936 -0.4579 1.6808 1.8520 1.3027 1.1053 
2.2868 3.3425 3.3443 2.5792 2.6125 2.7793 2.4078 2.1885 2.6185 2.0325 1.8810 2.2123 2.2149 1.2668 1.0730 1.4641 0.3989 1.3792 0.9453 1.0726 1.9673 1.8973 1.4757 1.5295 2.0399 1.5238 1.5791 1.8409 1.5566 1.2630 1.7527 1.3306 -0.5262 
4.0231 3.5647 3.2204 1.9505 2.6708 2.7193 2.3088 1.9985 2.3707 2.4797 0.3779 2.1975 2.1012 1.9230 1.6699 1.6703 1.7798 1.6101 1.5456 1.6780 1.8391 1.8823 -0.0012 1.9810 1.7499 1.2828 1.5150 1.7825 1.5968 0.6090 1.6484 1.5476 1.1201 
4.6229 4.0013 3.8124 3.0697 4.1153 4.3096 3.8251 2.8820 3.3439 3.8799 3.4226 2.5812 3.0364 3.1280 3.3760 3.2126 2.9216 3.1337 3.2313 2.9459 2.7813 2.2219 2.9927 3.3834 2.7212 2.1438 2.9940 3.3754 3.0329 1.7752 2.2158 1.9673 1.6725 
4.7545 3.8901 4.1308 3.6066 4.0248 4.2782 3.7555 3.0318 2.9945 3.2726 2.8733 2.9966 2.8397 2.4465 2.9279 1.1673 2.6379 1.1122 2.7961 2.2251 2.5407 2.6382 2.4402 2.7552 2.4239 2.3623 2.9428 3.3438 2.9582 2.3723 2.5635 1.7824 1.8249 
4.0732 3.8651 3.6748 3.4286 3.6105 3.4660 2.9679 3.6433 3.2095 3.2086 3.0575 3.0791 2.8763 2.7417 2.3252 2.5394 2.5938 2.4815 2.1625 2.5362 2.5685 2.7506 2.6247 2.6974 2.6043 2.9611 2.1417 2.5328 2.5295 2.1329 2.1102 1.8389 1.1772 
4.8628 4.3480 4.6159 4.7555 4.8725 4.8560 4.3464 3.4998 4.4325 4.8062 3.9446 3.3124 4.1554 3.8223 3.9567 3.7038 3.0703 3.6294 3.8390 3.5817 3.8880 2.9316 3.5199 4.3104 3.8564 2.8439 3.5292 3.9228 3.8175 3.4427 3.0584 2.3799 2.0375 
5.2305 4.1998 3.5995 3.9299 4.3855 4.7402 4.2782 4.0108 3.8488 3.4521 2.8805 2.9322 3.2171 2.2392 2.4005 3.6062 2.7389 3.5416 2.2249 2.0336 2.9542 2.5629 2.4341 2.9595 3.2418 3.3495 3.4370 3.8068 3.3413 2.6136 2.0979 2.1238 2.2832 
4.2054 4.3545 3.9496 3.9096 3.4197 3.9664 3.2377 3.0006 3.0674 2.8544 2.0225 2.9402 2.8227 2.4816 2.0373 3.4096 3.0998 3.3598 1.9468 2.2746 2.5329 2.5853 1.6118 2.3301 2.4870 2.3206 2.4337 3.0352 2.3298 2.6126 2.4191 2.3568 1.2330 
4.7426 3.5172 2.8985 3.4702 2.8236 3.8778 3.7326 3.0489 2.5129 2.7978 2.7657 2.7743 2.5079 2.6602 3.0557 2.9520 2.9126 2.8998 2.9358 2.4772 2.2326 2.4380 2.3569 2.2824 1.9462 2.3940 2.9241 2.9470 1.6951 2.1693 1.3121 1.4111 1.7886 
4.2002 3.4063 3.2797 2.9264 2.9367 3.5202 3.0874 2.8447 1.7680 2.7771 2.3060 2.6421 2.2734 2.0819 2.6705 1.9192 0.8953 1.8362 2.5431 1.9016 2.0038 2.3187 1.8938 2.2621 1.1849 2.1223 2.3061 2.5859 1.8690 1.6262 1.7101 1.4270 1.2775 
3.7718 3.5319 3.0251 2.5313 2.5838 2.8461 2.2226 1.5212 -0.9435 0.4488 1.5350 2.0592 1.9821 2.1007 1.8562 1.5693 0.5784 1.5152 1.6944 1.9335 1.6860 1.6995 1.1103 -0.0611 -1.6536 0.7905 1.4574 1.9104 1.5089 1.2446 1.4868 1.5623 0.8878 
3.6323 3.1880 2.8772 0.7820 2.6479 1.9453 2.0973 2.2594 2.1043 1.5164 1.7414 1.5835 1.8687 1.9939 1.1514 1.1440 0.2250 1.0833 1.0379 1.7801 1.5800 1.2287 1.3287 1.0236 1.5210 1.5708 1.2982 1.0071 1.5743 -0.3477 1.2888 1.1762 0.7986 
3.7817 3.7511 3.9419 2.4042 4.1926 4.0674 3.7111 3.4205 1.6461 3.2344 1.8862 3.0511 3.3132 2.7989 2.0544 3.0958 3.1057 3.0416 1.9417 2.5780 3.0136 2.7081 1.4723 2.7212 1.0893 2.7161 2.9138 3.1315 3.0813 1.1585 2.4111 1.7414 0.9353 
5.2027 4.9525 4.9803 5.0977 4.9551 4.8627 5.2205 4.9619 3.9104 4.4870 3.9870 3.6182 3.8478 3.5791 3.7250 4.1088 4.1067 4.0335 3.5679 3.4003 3.5469 3.3089 3.5490 3.9937 3.3427 4.3009 4.3908 3.9320 3.8866 3.8299 3.4402 2.9538 2.2327 
4.5399 4.3462 4.8128 4.6773 5.0526 4.1101 3.9910 3.7472 2.4637 3.0639 2.7017 3.5984 3.6465 2.9557 2.9976 2.9782 3.5727 2.9254 2.8918 2.7468 3.3910 3.2841 2.2840 2.5601 1.8613 3.0374 3.1911 3.1707 3.9658 3.3868 3.2608 2.3938 1.6685 
3.8134 4.1085 3.8361 3.9855 4.1228 2.9696 3.4590 2.8663 3.0057 2.0718 2.5264 3.0153 2.6928 2.2543 3.0372 2.6160 1.0109 2.5617 2.9209 2.0606 2.4435 2.6619 2.1029 1.5683 2.4334 2.1379 2.6423 2.0539 3.0273 2.7162 2.2312 2.1170 0.8803 
4.1707 3.4967 2.9587 3.9880 4.1979 3.8141 3.3850 2.6467 3.0260 3.3619 1.6314 2.7450 2.0894 2.6986 2.7213 2.2302 2.2735 2.1548 2.5856 2.5058 1.8334 2.4215 1.2263 2.8663 2.4494 1.9746 2.5542 2.8854 3.0793 2.7143 1.4541 1.4831 1.2478 
4.4521 2.6987 3.6453 3.0153 2.9820 2.4063 2.6030 3.0916 2.6875 2.9627 2.1794 2.4311 2.3766 1.7493 2.3110 1.5814 0.9267 1.5311 2.1564 1.5614 2.0799 2.0647 1.7622 2.4635 2.0976 2.4337 1.8075 1.4795 1.9131 1.7125 2.0773 0.6706 1.5255 
4.6757 4.0785 3.4938 1.7857 3.0353 2.7812 2.6732 2.4844 2.9088 2.1430 2.7551 2.2729 2.4802 2.5619 1.9285 1.8008 1.4912 1.7256 1.7630 2.3925 2.1918 1.9504 2.3454 1.6388 2.3018 1.7838 1.8965 1.8461 1.9668 0.4909 1.9529 2.0377 1.7114 
3.9100 3.4248 3.2213 3.2258 2.9398 2.8339 2.8359 2.3859 2.4116 2.4075 2.5358 2.6130 2.3511 2.3319 2.0831 0.9857 0.5625 0.8980 1.9687 2.1116 2.0602 2.2860 2.1142 1.8962 1.7871 1.6579 2.0138 1.8971 1.8484 1.9614 1.6526 1.4046 1.0186 
3.0356 3.6128 3.4753 3.1600 3.0377 2.7014 2.7589 1.6916 2.0362 1.6431 2.1043 2.0537 1.6839 2.3507 1.9442 1.8307 1.7155 1.7514 1.7767 2.1287 1.4601 1.6914 1.6750 1.1248 1.4653 1.0229 1.9634 1.7797 1.9651 1.9016 1.9532 1.6235 0.1903 
5.2133 4.7745 4.7526 4.5507 4.7435 5.4441 4.9924 4.2932 4.1550 3.9088 4.1041 3.3735 3.6060 3.8619 3.4074 3.9535 3.4943 3.8939 3.2914 3.6433 3.3663 3.0031 3.6897 3.4133 3.5442 3.5641 4.2117 4.5117 3.6358 3.2884 3.1695 2.7141 2.2251 
4.2790 3.6576 3.9743 4.3135 3.9654 4.1512 3.5882 2.4921 3.0770 2.8904 1.8139 2.9362 2.7331 3.0239 2.9270 2.3891 2.3840 2.3066 2.7915 2.8581 2.4649 2.5822 1.4241 2.3862 2.5022 1.7938 2.8046 3.2179 2.9024 3.0106 2.4501 1.6529 1.3925 
5.2287 4.8635 4.4634 4.3842 4.0259 4.1128 3.9221 3.6130 3.5700 3.6201 3.5567 3.5085 3.4730 3.4084 3.1092 3.3628 3.3146 3.2955 2.9890 3.1986 3.2034 3.1604 3.1400 3.1105 2.9903 2.9374 3.1002 3.1815 2.9562 3.0832 2.9174 2.8683 2.2868 
5.0723 4.1612 3.8541 3.4996 3.8215 3.2667 2.3054 2.6964 3.0867 2.1549 1.6460 2.5062 2.3113 2.5204 2.4527 2.2827 2.0671 2.2019 2.3162 2.3319 2.0296 2.1430 1.2081 1.6519 2.5057 2.0182 1.5253 2.3334 2.7043 2.2013 2.2825 2.0725 2.1464 
3.6873 4.2613 3.9108 3.8369 3.4710 3.3330 3.3648 2.9787 2.8010 2.8270 2.9478 2.8859 2.6795 2.6036 2.3181 2.2328 2.2180 2.1581 2.1621 2.4259 2.4348 2.5150 2.5200 2.3110 2.1882 2.2820 2.5355 2.4119 2.4028 2.5339 2.3931 2.2588 0.6600 
4.2542 3.2939 2.9437 2.9863 2.9969 2.3607 2.4628 1.3116 1.3632 1.7178 2.0920 2.0855 2.0456 1.3137 1.9852 1.3441 1.6030 1.2670 1.8488 1.1126 1.7659 1.7348 1.6673 1.2113 0.7414 0.6351 1.6435 1.4192 1.9405 1.6882 1.3880 1.1809 1.3108 
1.3116 3.4274 3.4629 2.8104 3.3650 3.3404 2.7234 2.6543 2.6249 2.2992 2.4522 2.4205 2.2602 2.1219 1.9288 2.3261 2.2356 2.2443 1.7602 1.9499 1.9980 2.0514 2.0198 1.7892 2.0441 1.9846 1.9475 2.4040 2.2607 1.5376 1.9392 1.4702 -1.2497 
4.3574 3.0160 2.3401 2.6032 3.1331 2.9637 2.3246 1.9964 1.9432 2.0032 1.5466 1.8033 2.0948 1.9545 1.1075 1.4564 1.1494 1.3813 1.0084 1.7187 1.8330 1.4787 1.1011 1.5000 1.3248 1.3007 1.5273 2.0265 2.0521 1.3562 0.7986 1.1049 1.4610 
2.9610 2.6659 2.9983 2.9295 2.5287 2.3329 2.7016 2.2324 2.7592 2.3739 1.3109 1.7211 2.1771 1.7165 1.7771 1.9489 0.5063 1.8691 1.6446 1.5412 1.9441 1.4158 0.9133 1.8495 2.1455 1.5532 1.9361 1.4222 1.4570 1.6378 1.4842 0.7360 -0.0561 
4.4213 3.4060 3.2626 3.3969 3.0905 2.5126 2.2299 1.9569 2.4336 1.7427 1.6040 1.0836 1.7771 1.9828 1.6199 1.8975 1.5861 1.8140 1.5101 1.7620 1.5239 0.7339 1.1821 1.2363 1.8256 1.2314 1.4616 1.5803 2.0208 2.0954 1.6754 1.2695 1.5127 
4.1990 3.8649 3.0972 3.3589 3.1223 2.8334 2.3252 1.0325 1.9382 2.0633 1.5185 1.9150 0.2911 0.8716 1.5443 1.6754 0.4362 1.6174 1.4285 0.6654 0.0504 1.5488 1.0818 1.5622 1.3163 0.3149 1.5183 1.8927 2.0452 2.0517 1.5508 1.8348 1.2739 
4.3914 3.9378 4.0332 3.5837 3.1207 2.9187 3.5294 3.3576 3.0117 2.9895 2.7286 2.7487 2.3129 2.8500 2.9284 2.6453 2.7671 2.5881 2.7974 2.6111 2.0332 2.4243 2.3151 2.4898 2.4377 2.6251 2.7320 1.9831 2.0488 2.3124 2.4909 1.9110 1.4489 
3.3441 4.0818 4.9634 3.3902 4.9328 4.9625 4.6285 3.8605 4.3920 3.8045 4.0050 3.7812 2.8761 3.9849 3.9464 2.6878 3.1135 2.6070 3.8342 3.8180 2.5449 3.4180 3.5773 3.2927 3.8231 3.1570 3.8376 4.0236 3.8681 2.1452 3.4206 2.1048 0.9748 
4.1358 3.8944 4.0500 4.6053 4.6172 4.3437 4.0547 3.3890 3.2852 3.4868 2.7300 2.1638 2.4546 2.7779 2.0156 1.8720 2.4306 1.7896 1.8928 2.5623 2.1547 1.8444 2.3150 2.9848 2.6662 2.6670 3.2756 3.4077 3.5216 3.3518 2.5154 1.9148 1.2763 
3.9659 3.9145 3.7999 3.8071 4.0208 3.7628 3.6476 3.4756 3.6112 3.3199 3.3812 2.5917 2.0368 2.8727 2.9557 2.9383 2.6044 2.8885 2.8418 2.6276 1.7634 2.2416 2.9508 2.7965 3.0250 2.7982 2.8750 2.8302 2.9528 2.4947 2.2096 1.9308 1.1691 
3.5175 3.8841 3.1860 2.9642 3.5334 3.6240 3.3372 3.0292 3.1024 2.6487 2.4368 2.0372 1.7226 2.5520 2.3296 1.5845 2.0687 1.5205 2.1691 2.3808 1.4831 1.6780 2.0036 2.1430 2.5214 2.3641 2.4998 2.6914 2.4631 1.6743 1.5988 1.9004 0.6366 
2.3210 3.7071 3.6394 3.0875 3.6113 3.3009 3.0801 3.0432 2.9919 2.6032 2.2677 1.8877 2.0241 2.2131 2.3162 2.3122 1.7561 2.2308 2.1585 2.0248 1.7352 1.5335 1.8573 2.0981 2.4215 2.3761 2.2878 2.3792 2.5301 1.8285 2.0739 1.6898 -0.8599 
4.0003 3.3789 3.1278 3.3437 3.2600 2.8445 3.0647 2.3805 2.4894 2.7051 1.3637 2.1315 2.3657 1.9277 2.3462 1.9742 1.6089 1.9139 2.1843 1.6815 2.0707 1.7930 0.9304 2.1953 1.9170 1.6674 2.2689 1.9050 2.1415 2.0400 1.5844 1.3429 1.1355 
4.4479 3.4704 2.8911 2.4248 2.5919 2.5920 2.8078 2.6528 2.1298 1.5814 1.2708 1.7565 2.4479 2.5089 2.1389 1.9759 1.2430 1.9211 2.0187 2.3154 2.1467 1.4370 0.8509 1.0768 1.5422 1.9819 1.9955 1.6584 1.5200 1.1082 1.3106 1.4569 1.5639 
2.7823 3.4389 3.1221 2.6209 3.0353 3.0386 3.0306 2.8251 2.4974 1.9592 2.1924 1.8750 2.4160 2.0461 0.7162 1.6787 1.8142 1.6231 0.6040 1.8508 2.1145 1.5199 1.7809 1.4528 1.9239 2.1099 2.2203 2.1059 1.9725 1.3744 1.5634 1.4708 -0.3191 
1.4067 2.1356 3.1521 2.8333 2.1789 2.1120 2.0278 2.5232 2.6134 2.1397 2.0502 1.9064 1.2702 1.4571 0.9582 1.1782 0.9868 1.1154 0.7958 1.2120 1.0241 1.5460 1.6217 1.6353 2.0352 1.8438 1.2112 1.1852 1.1036 1.5278 1.6053 0.1713 -1.6604 
4.1505 3.2550 3.3662 3.0034 2.9903 2.4135 2.1741 2.7103 2.6613 1.9536 1.5430 1.6550 1.3432 1.1446 1.6116 -0.4884 1.2748 -0.5780 1.5015 0.9652 1.0721 1.3093 1.1101 1.4463 2.0746 2.0270 1.4086 1.4774 1.9348 1.7062 1.7811 1.1522 1.2081 
3.8068 3.3783 3.2873 2.9371 2.1784 1.8864 1.7642 1.1365 1.0141 1.6478 1.6365 1.2962 1.5781 1.5960 1.1392 1.5151 1.1434 1.4655 1.0316 1.4098 1.3049 0.9779 1.2049 1.1440 0.3926 0.4480 0.9929 0.9507 1.1087 1.6308 1.7013 1.3528 0.8898 
3.5708 2.9441 2.7533 2.7315 2.9111 2.8774 2.5497 1.3863 1.9393 2.2530 1.1778 2.4131 1.4536 1.7176 2.2174 1.7443 0.6893 1.6717 2.0895 1.5393 1.1356 2.0428 0.7400 1.7412 1.3246 0.6427 1.7362 1.9420 1.8178 1.4848 1.2028 0.9192 0.7327 
3.0027 3.7502 2.9500 3.1004 2.8952 2.8870 2.5691 2.1502 2.0486 2.1294 2.2386 2.4799 2.1924 2.1042 1.9235 1.8567 0.2160 1.7713 1.7522 1.9374 1.9531 2.1248 1.8293 1.6246 1.4819 1.4947 1.7613 1.9518 1.7939 1.8366 1.4018 1.7215 -0.0125 
4.0098 3.3908 2.7889 3.0481 2.5941 2.5849 2.4941 2.4581 1.1384 1.7636 2.1418 2.1479 2.1153 1.9378 1.7197 1.8604 1.8871 1.7821 1.5965 1.6882 1.8615 1.8232 1.7175 1.2576 0.5702 1.7406 1.6752 1.6532 1.5195 1.7596 1.2174 1.3244 1.1129 
3.8365 3.0462 2.4591 1.9433 2.4954 1.9616 2.0136 2.3593 2.2749 2.1019 2.1677 2.3344 2.0234 2.0139 1.7357 1.4977 0.4540 1.4287 1.6089 1.8100 1.7371 1.9860 1.7501 1.6025 1.6703 1.6457 1.2101 1.0303 1.4403 0.6217 0.8611 1.0726 0.9281 
1.5440 3.0322 2.0444 0.7390 1.5063 2.0761 1.1258 2.0777 2.4219 2.0863 2.1381 1.1603 1.5854 1.0137 1.3041 1.5593 1.5882 1.5083 1.1772 0.7615 1.3096 0.7950 1.7086 1.5851 1.8063 1.4084 0.2987 1.1439 0.4009 -0.6555 0.5236 1.0541 -1.7469 
2.3035 2.4189 3.1228 2.8690 2.4571 1.6744 2.1348 1.6937 2.3203 1.9907 2.0491 2.1770 2.2090 1.8022 1.9743 1.8213 0.9734 1.7380 1.8295 1.5996 1.9654 1.8570 1.6251 1.4916 1.7025 1.0375 1.3344 0.7381 1.3571 1.5463 1.5852 0.2870 -1.3458 
3.3946 2.2765 3.2595 3.0427 2.7860 2.6093 2.5322 2.2353 2.1193 2.2832 2.3808 2.3418 2.5015 2.1252 2.0037 1.2798 1.9212 1.2101 1.8774 1.9506 2.2196 1.9939 1.9550 1.7757 1.5387 1.5501 1.7177 1.6782 1.6722 1.7606 1.6846 0.2739 0.4579 
3.2173 2.6667 3.1720 2.9456 2.8200 2.0268 1.2875 2.2140 2.1128 2.1731 2.2364 2.1790 2.0731 1.1279 2.3728 2.2384 1.4691 2.1604 2.2091 0.9413 1.8027 1.8605 1.8239 1.6730 1.5325 1.5370 0.5413 1.0863 1.6943 1.6485 1.6239 0.6323 0.3291 
3.2148 3.5249 2.4816 2.5248 2.0534 1.8634 1.9909 1.3323 2.0660 1.4430 2.0062 1.9154 2.1013 1.9815 2.1368 1.9810 1.7359 1.9326 2.0143 1.7607 1.8435 1.5507 1.5796 0.9169 1.4963 0.6483 1.1713 0.9119 1.0026 1.2272 0.8716 1.5328 0.2863 
3.9522 3.7244 3.1197 2.4088 2.9237 2.4788 2.8852 2.5927 1.3774 2.3296 1.8576 0.7648 1.5126 2.0771 1.7996 1.8674 1.0855 1.7823 1.6622 1.9014 1.2150 0.4256 1.4454 1.8132 0.7641 1.9303 2.0570 1.5388 1.8334 1.1185 1.5621 1.6783 1.0705 
4.0464 3.4086 2.9798 1.9892 2.2463 2.0301 1.6450 2.4202 1.9554 0.9510 1.3342 1.7649 1.8430 1.5731 1.8315 1.0161 1.7546 0.9273 1.6774 1.3877 1.5650 1.4575 0.9267 0.4290 1.3368 1.6894 0.8423 1.0924 1.1629 0.6925 1.4393 1.3596 1.1461 
3.3996 3.1812 2.8506 2.4862 2.6219 1.9489 2.5860 2.7383 1.7602 1.9726 2.0755 1.9764 1.7082 1.5669 1.4457 1.5251 1.7754 1.4758 1.2818 1.3666 1.4762 1.6121 1.6519 1.4784 1.1554 2.0451 1.7839 1.0299 1.5502 1.2020 1.2427 1.1615 0.4644 
4.0054 3.5060 2.5865 2.3232 2.5025 1.6688 2.0219 1.8790 1.9166 1.6623 1.4716 2.0617 2.0577 2.1421 1.9571 1.5497 0.1914 1.4962 1.7994 1.9710 1.7818 1.7073 1.0364 1.1555 1.2915 1.1611 1.2048 0.7201 1.4412 1.0332 1.0398 1.4948 1.1169 
3.2246 3.3391 3.0396 2.3143 2.3992 2.7548 2.6628 2.3985 2.0042 2.0880 2.4397 2.0901 2.0574 2.4684 2.3636 1.8065 0.7545 1.7234 2.1985 2.2572 1.7819 1.7408 2.0084 1.5837 1.4187 1.6685 1.8885 1.8260 1.2765 1.0374 1.5034 1.2904 0.2704 
3.4273 3.1556 3.3065 2.9033 3.0945 3.4691 3.5574 3.6798 3.7411 3.9159 3.9187 3.9160 4.0050 4.0840 4.0738 4.0803 4.0693 4.0119 3.9477 3.8950 3.7574 3.5555 3.4925 3.4170 3.1207 2.9854 2.7782 2.5380 2.0293 1.5939 1.7060 1.1494 0.4181 
4.7730 4.4832 4.9502 4.6291 2.4783 3.3498 3.1816 2.1420 3.2377 3.5805 3.6595 3.2798 3.1849 2.3904 3.3554 2.9493 2.6785 2.8952 3.1983 2.1441 2.9290 2.9289 3.2533 3.0756 2.6270 1.4793 2.4050 2.4241 1.4759 3.3560 3.4162 2.4947 1.8613 
4.3746 3.7918 3.7980 3.8880 3.1777 3.3602 3.5949 3.2799 2.9238 2.4624 3.2081 3.0154 2.3076 2.7371 2.1429 2.5192 2.5066 2.4623 2.0269 2.5315 2.0294 2.6594 2.7979 1.9679 2.3294 2.5653 2.8191 2.4282 2.0766 2.5891 2.2106 1.6779 1.4734 
4.0994 4.3367 3.6736 4.0523 3.4481 3.3835 3.7601 3.3955 3.1538 3.2942 3.3493 3.1843 2.9346 2.5609 2.4565 2.7639 2.8928 2.6862 2.3177 2.3881 2.6364 2.8742 2.9131 2.7786 2.5647 2.6803 2.9449 2.4488 2.3874 2.7899 2.1343 2.3243 1.1198 
4.9050 3.8374 3.3335 3.4475 2.9910 2.5499 2.5207 2.4018 2.8754 2.4410 2.2635 2.5845 2.4542 1.3977 1.8166 1.6356 2.1416 1.5667 1.6652 1.1563 2.1466 2.2415 1.8530 1.9408 2.2472 1.6707 1.7097 1.6321 1.9310 2.1534 1.7308 1.7470 2.0079 
5.1607 3.9005 3.8308 3.0362 2.9069 3.0014 2.3999 2.4348 2.6094 2.7273 2.7935 2.4514 1.9685 2.0959 1.6968 1.9254 1.7519 1.8395 1.5783 1.9221 1.6607 2.0871 2.3922 2.2173 2.0258 1.6990 1.5696 2.0736 1.8176 1.7610 2.2452 1.7661 2.2124 
3.1873 3.7954 3.5520 2.0726 2.7207 2.4687 1.7824 2.4874 2.4973 2.2787 1.7247 2.2745 2.3055 1.8454 2.2601 2.1582 1.5117 2.1008 2.1238 1.6315 2.0293 1.9563 1.3224 1.7558 1.9337 1.7914 1.0071 1.5373 1.6422 0.7408 2.0123 1.8028 0.1217 
4.7462 4.0769 3.6521 3.3348 3.5187 3.2050 2.9541 2.8492 3.0368 2.6823 2.4129 2.1484 2.5149 2.4407 2.5961 2.4446 2.1554 2.3903 2.4741 2.2141 2.2367 1.8235 1.9761 2.1696 2.4575 2.1269 2.1369 2.2693 2.4492 2.0224 2.0921 2.0352 1.8086 
2.6815 2.7622 2.0408 2.8950 2.0993 2.1159 2.5975 2.0026 2.1422 2.2740 1.7372 1.3419 1.5180 1.8649 1.7755 1.3562 1.9108 1.2759 1.6427 1.6454 1.2196 1.0150 1.3145 1.7606 1.5620 1.2873 1.7977 1.1941 1.0207 1.5908 0.5184 0.7405 -0.1538 
4.1917 3.1669 2.7598 2.2294 2.3477 3.0189 2.7425 1.7664 1.9629 1.9434 1.6354 2.1732 2.0262 0.0380 1.5542 1.7337 1.7056 1.6699 1.4442 -0.2150 1.7402 1.8537 1.2098 1.4325 1.3569 1.0778 1.9571 2.0862 1.2400 0.9623 1.1946 1.1304 1.2804 
4.7995 4.0639 3.8465 3.4900 3.5099 3.3510 2.9422 2.8712 2.5791 2.7576 2.5425 2.6102 2.8808 2.6663 2.6393 2.6754 2.6064 2.6080 2.5205 2.4804 2.5784 2.2794 2.1177 2.2448 1.9964 2.1380 2.1247 2.4163 2.4414 2.1951 2.2688 2.0184 1.8885 
3.3531 3.6033 3.1008 2.7174 2.5530 2.9726 2.6949 3.1097 2.9474 2.9326 2.6713 1.9764 1.9695 2.3455 2.3371 2.1571 1.5903 2.0994 2.1762 2.1244 1.6743 1.6060 2.2548 2.4359 2.3698 2.4461 1.9296 2.0412 1.4981 1.4726 1.5413 1.6112 0.3877 
5.1739 4.7071 4.4701 4.6439 4.7850 4.2039 3.3492 5.0727 4.6192 3.9950 4.2612 4.1411 3.8920 3.4946 3.5739 3.7998 3.5699 3.7109 3.4547 3.3216 3.6163 3.8199 3.8335 3.4847 4.0083 4.3830 2.5210 3.2684 3.6856 3.3743 2.9170 2.6437 2.2146 
4.8848 4.9064 4.3800 3.9944 4.0354 3.2198 3.9192 3.5139 4.1857 4.0008 3.6327 3.8581 3.3337 3.5431 3.4048 3.2606 3.3991 3.1794 3.2796 3.3699 3.0288 3.4952 3.2311 3.4948 3.5724 2.8383 3.1073 2.2775 2.9702 2.7134 2.8320 2.9229 2.0417 
4.8939 4.1930 3.7741 4.0955 4.4558 4.5820 4.4398 3.9750 4.0077 3.8902 3.8149 3.7767 3.5748 3.4835 3.6126 3.2432 2.6833 3.1596 3.4832 3.3096 3.3439 3.4131 3.3789 3.3902 3.4279 3.3075 3.6292 3.6560 3.3781 2.8711 2.1495 2.1635 2.0326 
5.2991 4.3819 2.9940 3.4576 3.1806 3.2163 3.9942 3.3991 3.4079 2.2610 3.4520 3.1713 3.0762 3.1385 3.0096 3.1183 2.8792 3.0594 2.9006 2.9528 2.8370 2.8618 3.0277 1.7693 2.8243 2.6983 3.1941 2.2810 2.0982 2.1449 1.4057 2.3153 2.4097 
4.4821 2.9718 3.2807 3.7114 3.6805 4.5107 4.6133 4.0081 3.8562 2.8771 3.3508 3.7307 3.0630 3.4884 3.0234 3.1956 2.5910 3.1184 2.9077 3.3163 2.8033 3.3862 2.9151 2.3756 3.2583 3.3466 3.8279 3.5818 2.6020 2.4329 1.7491 0.9335 1.5567 
4.5937 3.4596 3.4131 3.3604 3.3294 3.2657 1.9214 2.8230 2.9462 2.8104 2.6451 2.5162 2.4141 2.4242 2.0548 2.0544 2.1848 1.9977 1.9488 2.1887 2.1141 2.1520 2.2343 2.2917 2.3704 2.1070 1.0909 2.3352 2.2016 2.0532 1.8595 1.3494 1.6746 
2.4150 3.7170 3.3352 3.5459 3.0654 3.5378 2.8905 3.4121 3.1439 3.3549 2.4403 2.3227 2.4384 2.6603 3.0007 1.9828 2.5588 1.9232 2.8912 2.4804 2.1386 1.9840 2.0024 2.8522 2.5557 2.7081 2.0630 2.6038 2.0011 2.2661 1.7513 1.6800 -2.2131 
4.6590 4.1314 3.2993 2.8699 2.8877 3.1641 3.1108 2.8741 2.1715 2.2793 2.3981 2.3007 1.8962 2.0361 2.4006 2.2083 2.1284 2.1415 2.2318 1.8437 1.6039 1.9677 1.9658 1.7654 1.5912 2.1399 2.3335 2.2299 1.7640 1.5461 1.6808 2.0783 1.7002 
4.3297 3.6581 3.0896 2.5967 3.0973 2.5835 2.9944 2.5284 2.3901 1.6598 1.5705 1.1525 1.9301 1.9638 2.0514 1.9569 0.1343 1.8885 1.9468 1.7325 1.6236 0.7941 1.1547 1.1636 1.7670 1.8506 2.1803 1.6453 2.0235 1.2745 1.5380 1.5874 1.3909 
4.9782 4.4226 4.2701 3.6102 2.8978 4.0366 4.4183 3.4003 3.5402 3.6943 3.5947 3.3414 3.2000 3.0208 3.1761 3.0541 2.9289 2.9915 3.0417 2.8457 2.9370 2.9671 3.1785 3.1836 2.9564 2.6970 3.6073 3.1075 1.7430 2.3303 2.6636 2.3971 2.0560 
4.0376 4.8913 5.5874 5.4969 5.7874 5.4467 5.3335 5.2556 4.5240 4.2618 4.0303 4.0666 2.9943 4.1492 4.4790 4.6328 4.0983 4.5518 4.3616 3.9440 2.7093 3.7488 3.6113 3.7363 3.9472 4.5353 4.5190 4.5109 4.7262 4.2443 4.0133 2.9414 1.0997 
4.6235 3.8387 4.4651 3.8639 4.1714 3.4905 3.1926 3.5485 3.4973 3.2640 3.0148 2.8939 2.8958 2.9552 2.7733 2.0792 1.2443 2.0166 2.6165 2.7512 2.5999 2.5229 2.5894 2.7441 2.9193 2.8974 2.4155 2.5505 3.0682 2.5769 2.9236 1.8887 1.7461 
4.6627 4.1467 4.1583 3.7292 3.8014 3.6435 2.1411 3.1895 2.8793 2.8558 2.1403 2.3801 2.4806 1.9613 2.4353 1.6852 1.8890 1.6311 2.2860 1.7309 2.1899 2.0173 1.7108 2.3412 2.2564 2.5000 1.3497 2.7076 2.6754 2.4379 2.5935 2.1165 1.7511 
4.3362 3.2911 3.7317 3.1964 2.8943 3.9511 4.0023 3.4798 4.0046 2.9040 3.7458 3.3186 2.8786 2.6018 2.9870 2.8948 0.8788 2.8214 2.8822 2.4207 2.5719 2.9510 3.3392 2.4192 3.4198 2.8211 3.2022 3.0189 1.8131 1.9347 2.1384 1.1568 1.3987 
3.0417 3.2334 2.8795 2.6125 2.8967 2.3947 2.4026 2.4043 2.8763 2.1046 2.0818 2.2589 2.5132 2.1196 1.5825 0.5903 2.0280 0.5743 1.4799 1.9444 2.2361 1.9498 1.6540 1.5941 2.2581 1.6680 1.5624 1.4651 1.7813 1.3342 1.2701 1.2109 0.2964 
3.8367 4.5389 4.9575 4.9360 3.2771 4.3888 5.0085 3.8828 4.0622 4.1730 3.8692 3.6931 4.1031 3.9624 4.3862 3.4450 3.5172 3.3785 4.2814 3.7969 3.8531 3.3665 3.4395 3.6568 3.4762 3.1613 4.2362 3.4597 2.1009 3.6425 3.4219 2.5536 1.2662 
