4.7842 3.9046 3.4140 3.2988 3.2325 2.8479 2.0202 2.5979 2.3753 2.1771 2.4883 2.6325 1.0816 2.4740 1.9407 2.1409 2.2020 2.0572 1.8198 2.2768 0.7985 2.2848 2.0229 1.6117 1.7193 1.8616 1.1335 1.8183 2.0184 1.8707 1.6623 1.5753 1.5223 
3.4627 3.0061 2.9426 2.8219 2.5247 2.7030 2.6299 2.6099 2.6795 1.8893 1.8783 2.2913 1.8618 1.7803 1.0550 1.5583 0.9970 1.4956 0.9177 1.5161 1.5283 1.8917 1.4092 1.3398 2.0211 1.8697 1.7705 1.6715 1.3433 1.3725 1.2623 0.8498 0.2703 
4.0080 3.4910 2.7638 1.8159 1.8442 2.4168 2.1726 2.3006 2.3607 1.9474 1.6367 0.8452 1.8982 1.8087 1.3030 1.8887 0.8860 1.8335 1.1263 1.5308 1.5824 0.4310 1.1851 1.3913 1.6882 1.5097 1.3033 1.3890 0.6273 0.3728 1.0085 1.2807 0.8442 
0.6513 3.8031 4.0343 3.5641 2.8819 3.1317 3.1222 2.8108 2.2788 1.9636 1.6314 2.4158 2.2845 2.4402 1.1158 2.0164 1.9414 1.9461 0.9569 2.2268 1.9576 2.0244 1.1883 1.4061 1.5830 2.0130 2.2644 2.1113 1.6739 2.1437 2.3414 1.5601 -0.7223 
4.0953 3.3861 2.0256 3.0027 2.8035 2.3797 2.0316 1.7290 1.9404 2.0718 2.3734 1.7283 1.3764 1.3471 1.7574 1.4582 0.8727 1.3916 1.5721 1.1180 1.0505 1.3484 1.8959 1.5173 1.3065 0.9327 1.1595 1.3511 1.5610 1.5750 0.3064 1.0871 0.8869 
3.7675 3.2191 2.9153 3.2014 2.0458 3.0309 3.3566 3.0605 2.4292 1.6695 2.3939 2.5054 1.9737 2.4044 1.8631 0.8718 0.7184 0.8107 1.7112 2.1741 1.6893 2.1201 1.9165 1.1176 1.8113 2.3267 2.4361 2.0111 0.8679 1.8210 1.1597 1.0747 0.4868 
4.4119 3.9980 3.3502 2.8328 3.1082 2.8559 2.7175 2.8006 2.5397 2.7315 2.1854 2.0478 2.3743 1.7470 1.8398 2.5082 1.5635 2.4401 1.6833 1.4973 2.0397 1.6977 1.7226 2.1634 1.8940 2.0082 1.8427 1.8235 1.9264 1.3844 1.5776 1.7874 1.1859 
3.0720 3.4833 3.5340 3.3539 3.2789 3.2356 1.9238 2.2323 2.1075 1.4015 2.0142 1.6820 0.7595 1.0946 1.8401 2.0939 1.4691 2.0269 1.6727 0.8671 0.4173 1.3118 1.5426 0.8693 1.4475 1.4488 1.0063 2.2028 2.0450 1.8964 1.8363 1.3328 -0.2694 
4.5713 4.2781 4.1024 3.4408 3.3063 1.3741 3.2127 3.2834 2.9283 2.6928 2.7877 2.3982 2.4150 2.4715 1.8098 2.3823 1.8926 2.3297 1.6092 2.2729 2.0989 1.9978 2.3321 2.1273 2.2907 2.4965 2.3503 0.3450 2.0637 2.0000 2.4064 2.0292 1.3891 
4.5051 3.3223 3.2649 2.7041 2.6022 2.1897 1.4643 2.2577 1.1180 0.7609 1.5107 1.7921 1.6632 1.5050 1.4949 1.6931 0.8154 1.6045 1.3580 1.3104 1.3763 1.3852 1.0215 0.1149 0.4468 1.4705 0.5245 1.1677 1.4131 1.2992 1.5197 1.1307 1.3062 
3.4784 3.6386 3.1970 2.9793 2.9709 2.9798 1.5769 2.5525 1.3996 2.0984 1.5555 2.0707 2.3272 2.3595 1.4566 1.8660 1.6178 1.8135 1.3240 2.1058 1.9906 1.7183 1.1052 1.5344 0.7434 1.8276 0.6650 1.9452 1.8112 1.5369 1.4924 1.4328 0.3354 
4.5933 3.3877 2.5078 2.7399 2.6890 2.7416 2.4510 2.0010 2.1676 1.3424 1.8172 1.8549 2.2352 2.2443 1.6703 1.0380 2.0121 0.9752 1.5137 2.0027 1.9236 1.4542 1.3347 0.7932 1.5073 1.2650 1.5456 1.7110 1.4772 1.3266 0.7920 1.0231 1.3808 
4.0374 3.7665 3.4046 2.9920 2.5834 2.1931 2.8628 2.1727 2.0046 1.7962 2.4984 1.8854 1.7854 1.8621 2.0755 1.8865 0.6979 1.8294 1.9413 1.6196 1.4552 1.4892 2.0286 1.2345 1.3647 1.4038 1.9480 1.1683 1.3993 1.5593 1.6650 1.5151 0.8339 
3.9683 2.8008 1.7103 1.8119 2.5370 2.2024 0.8277 2.1482 1.3908 1.5354 2.1523 1.8596 1.6601 1.4064 1.3435 1.4383 -0.8084 1.3731 1.1922 1.1996 1.3683 1.4563 1.7054 0.9847 0.7535 1.3961 -0.0871 1.1755 1.3551 0.3626 -0.0199 0.4419 0.7560 
4.1762 3.3941 2.2993 1.9065 2.1337 2.9197 2.5437 2.2044 2.5934 1.9753 2.0310 1.9593 1.5259 1.8573 0.8105 0.9405 0.4004 0.8741 0.6386 1.6103 1.2777 1.5669 1.5598 1.4265 1.9491 1.4355 1.6615 1.8897 0.9297 0.4611 0.5346 1.0934 0.9637 
4.0782 3.6930 3.8868 4.0903 3.7178 3.3788 3.1715 3.0958 2.1770 2.4554 2.3990 0.8028 1.4979 1.5130 2.0254 2.4570 2.2333 2.3959 1.8908 1.3218 1.2162 0.3814 1.9242 1.9024 1.5116 2.3604 2.3247 2.3423 2.5093 2.6750 2.1481 1.4782 0.8924 
4.6203 3.9610 3.1358 3.6089 3.0674 2.7565 2.5328 2.3643 2.2070 2.3278 1.1585 2.0267 2.0365 2.3416 1.6891 2.1783 2.1486 2.0907 1.5228 2.0780 1.7781 1.6504 0.6922 1.7626 1.5251 1.5703 1.6406 1.7302 1.8774 2.2161 1.4087 1.6997 1.4163 
4.1141 2.9459 2.5145 2.0790 2.4977 2.0974 1.6639 1.5166 2.1317 1.8060 1.1635 1.8481 1.5578 1.3558 1.8246 2.0710 1.8536 2.0083 1.6555 1.1251 1.3087 1.4481 0.7247 1.2414 1.4814 0.7801 0.7816 1.0585 1.3317 0.7345 0.8004 0.7868 0.9125 
4.6588 4.3902 3.8296 3.6010 3.5536 3.6202 2.5465 3.2379 2.9457 2.6121 2.8825 2.2268 1.9131 2.8457 2.3514 2.1563 1.9704 2.0673 2.1897 2.5750 1.5978 1.8520 2.4053 2.0500 2.3161 2.4642 1.6729 2.5900 2.3681 2.2050 2.0703 2.0994 1.4383 
4.8552 3.6813 3.2072 3.5141 2.0363 3.4842 3.8419 3.3417 3.3710 3.3097 1.7978 3.5769 3.4135 2.9691 3.5472 2.8626 2.1322 2.7806 3.4169 2.7678 3.0804 3.2024 1.3471 2.7353 2.6914 2.5346 2.9327 2.4616 0.8462 2.0896 1.4934 1.4107 1.6129 
4.7776 4.2633 3.5474 3.4736 2.3990 2.2448 2.9130 2.3656 2.3536 2.5152 2.4682 2.3993 2.3691 2.5099 2.4653 2.2246 2.4188 2.1359 2.3440 2.3255 2.0380 2.0014 1.9993 1.9605 1.6796 1.5636 2.0115 1.2090 1.1881 2.0341 1.8485 1.9982 1.5444 
4.0249 3.5794 3.9708 4.4905 4.1824 4.4074 4.8066 4.8441 4.7660 4.4530 4.2457 2.4362 4.2572 4.2247 3.7482 3.2977 1.4494 3.2020 3.5826 4.0030 3.9607 2.0411 3.7899 3.9045 4.0967 4.0552 3.9239 3.3812 2.9784 3.0627 2.2976 1.4000 0.8361 
3.6214 3.9047 3.6263 4.3570 3.9464 3.5050 3.1816 2.9091 2.9419 2.8920 2.4819 2.8433 2.5218 2.6643 2.2267 0.9978 1.7633 0.9047 2.0582 2.4462 2.2424 2.4303 2.0210 2.3462 2.3063 2.1300 2.3381 2.4675 2.7494 2.9196 1.9076 1.6863 0.5225 
3.6283 3.3670 3.4987 2.8698 2.7577 2.3433 2.2780 1.1827 2.6845 2.6249 2.1637 1.8686 2.1380 1.5900 1.1414 0.5860 1.2429 0.5065 0.9950 1.3821 1.8566 1.4656 1.7040 2.0605 2.0279 0.3985 1.3720 1.3182 1.5222 1.4388 1.8065 1.1294 0.4822 
3.9700 1.6949 2.5005 3.1259 1.9243 2.8409 2.5610 2.3739 2.0012 2.4619 1.1495 1.6875 2.4225 1.8215 1.9221 1.9833 2.1654 1.9165 1.8103 1.5554 2.1096 1.3261 0.6905 1.9088 1.3600 1.5760 1.6949 1.8141 0.7242 1.7461 0.7840 -0.4827 0.7372 
3.3558 3.1190 2.0559 2.2390 2.1832 2.2172 2.4222 2.4544 2.5140 1.7859 1.7846 0.7431 1.8019 1.1197 1.4927 1.9430 1.5125 1.8817 1.3639 0.8913 1.4693 0.3323 1.3091 1.1992 1.8741 1.7020 1.5176 1.2099 0.9876 0.8371 0.3265 0.9131 0.1437 
4.5469 3.4295 3.2347 2.7122 2.7949 2.1475 2.5776 2.1809 2.0354 1.5188 1.5144 1.5047 0.5551 2.2378 1.3246 1.9105 1.9282 1.8514 1.1528 1.9964 0.2746 1.1204 1.0384 0.9758 1.3976 1.4128 1.7190 1.1125 1.5531 1.3064 1.4931 1.0832 1.3420 
1.6384 2.9850 2.8705 1.6453 2.0470 2.3051 2.2334 1.8418 1.9103 2.2057 1.1637 1.6866 1.5141 1.4904 2.0064 1.9729 1.8397 1.9059 1.8746 1.3051 1.2429 1.3216 0.7014 1.6374 1.2857 1.0427 1.3411 1.2808 0.8824 0.2372 1.1144 0.8226 -1.5627 
3.3970 2.4285 2.8463 2.3835 2.2244 2.2068 1.1072 1.9453 1.6222 1.5002 1.6151 1.8751 1.5020 1.3041 0.9599 1.0374 1.5646 0.9778 0.8341 1.0302 1.2264 1.4787 1.1548 0.9469 0.9584 1.1898 0.2677 1.1755 0.9989 0.9412 1.0867 0.1022 0.1838 
3.3958 2.1521 2.5696 2.7996 2.1960 1.0035 1.5109 0.9613 2.0817 1.5561 1.4712 1.4381 1.1191 1.2640 1.3487 1.5202 0.9080 1.4548 1.1967 1.0028 0.8349 1.0498 0.9982 1.0013 1.4371 0.2214 0.6266 -0.0062 0.9713 1.3674 0.8810 -0.1667 0.1631 
2.8982 2.6874 2.6841 2.3607 2.0308 2.3597 1.8356 2.1231 1.6501 1.6795 1.8440 2.2979 1.8955 1.3744 -0.0286 1.5597 1.5737 1.4981 -0.1668 1.1431 1.5747 1.8954 1.3685 1.1126 0.9895 1.3731 0.9227 1.3270 0.8547 0.9095 0.9637 0.4464 -0.3620 
2.9425 2.5466 2.2703 2.9592 2.4762 2.3534 2.5646 2.0731 1.8786 2.4874 2.3216 1.8377 1.4298 1.5747 1.8111 1.7321 1.2173 1.6351 1.6223 1.3791 1.1379 1.4331 1.8453 1.9303 1.2148 1.3338 1.7060 1.3205 1.3006 1.5298 0.4804 0.3784 -0.2355 
3.3224 1.9955 2.8311 2.8232 2.7018 2.1721 2.3631 2.3569 1.2712 2.4977 1.9595 1.4388 0.9826 1.3738 1.3161 0.4858 1.3147 0.4197 1.1477 1.1474 0.7023 1.0403 1.4830 1.9437 0.5519 1.5545 1.4548 1.1496 1.4930 1.3802 1.0737 -0.2609 0.1040 
2.9304 3.0088 2.8475 2.3542 1.5004 1.4534 2.2481 2.3202 1.3850 2.2069 2.3885 1.4792 2.1784 1.8532 1.3271 0.8165 -0.3078 0.7490 1.1623 1.6027 1.8855 1.1020 1.9122 1.6443 0.7329 1.5130 1.3601 0.4330 0.3244 0.8989 1.0844 0.8143 -0.3604 
1.1816 3.0036 2.8901 1.9809 1.9014 2.9499 2.0969 2.0341 2.2173 2.1295 2.2171 2.2662 2.3308 2.0028 2.0314 1.9843 1.8285 1.9182 1.8992 1.8146 1.9933 1.8774 1.7706 1.5598 1.5396 1.3090 1.2225 1.9226 0.6984 0.5603 1.1529 0.8155 -1.2919 
4.5386 3.3750 3.5968 3.6603 3.3627 1.8870 3.0202 3.0206 2.6850 0.4182 3.1775 3.1507 3.3550 2.0012 2.9056 2.1179 0.7635 2.0436 2.7609 1.8018 3.0150 2.8062 2.7256 -0.1472 2.0275 2.2836 2.1352 0.8638 2.1182 2.2749 1.8961 0.9980 1.3256 
1.9033 3.1993 3.9494 2.8228 3.0850 2.8956 2.8221 3.0187 2.7822 1.9002 2.8604 1.5118 2.5744 2.6184 2.7354 1.5590 1.7942 1.4829 2.5608 2.4164 2.3205 1.1538 2.3816 1.3575 2.0979 2.2834 1.9084 1.8585 1.9140 1.4010 2.2266 1.0826 -1.3333 
5.3638 4.4179 4.1218 4.0652 3.6646 3.8347 3.4033 2.8885 2.9361 3.1954 3.0341 3.0098 2.5772 2.3065 2.8351 1.6784 2.5678 1.5892 2.6482 2.0387 2.3261 2.6223 2.5559 2.6304 2.3082 2.0969 2.4918 2.8074 2.4658 2.6357 2.4168 2.0699 2.1010 
4.9465 4.0830 3.9619 3.8712 3.1474 2.1734 3.0679 2.7544 3.1443 2.2378 2.0242 2.0861 0.9366 1.6778 1.2504 1.8131 1.3169 1.7083 1.1191 1.4381 0.7165 1.7087 1.5378 1.6428 2.4934 1.9919 2.1962 1.1724 1.9198 2.4126 2.2770 1.9605 1.6917 
3.9426 3.8951 3.3289 2.9539 2.4404 2.8025 2.4889 2.3275 2.1143 1.4036 2.2781 2.0324 2.2179 2.0180 1.2999 2.0668 2.0287 2.0042 1.1424 1.8251 1.9120 1.6652 1.8191 0.8669 1.4654 1.5164 1.5901 1.7786 1.2791 1.5135 1.5737 1.6447 0.7784 
3.1478 2.8255 2.8671 3.0595 2.5717 1.9075 1.9755 1.0352 1.9970 1.5880 0.7781 1.3735 1.6511 1.3885 1.1284 1.2435 1.3060 1.1491 0.9744 1.1632 1.3633 0.9849 0.3052 1.0235 1.3594 0.3161 1.0834 0.8777 1.3884 1.6417 1.1159 0.6246 -0.1755 
3.6311 3.4464 2.5342 2.5528 2.1833 2.5498 2.4864 1.8275 1.8678 2.3253 1.6180 1.4337 1.0584 1.0685 1.4666 0.6529 1.6191 0.5631 1.3393 0.8606 0.7972 1.0352 1.1604 1.7525 1.2236 1.0124 1.5893 1.5191 0.9808 1.1703 0.8183 1.2951 0.4594 
3.5056 1.9597 2.4493 2.3538 1.9873 1.4264 1.8205 2.2099 1.8120 1.5143 1.9602 1.4669 1.3123 1.1584 1.5463 1.7715 1.8476 1.6779 1.4167 0.9346 0.9888 1.0772 1.4942 0.9680 1.1217 1.4348 0.9014 0.3875 0.8097 0.9075 0.7460 -0.0644 0.2908 
4.0499 3.3041 2.5719 2.9757 2.5754 2.3296 2.3477 1.8609 1.6885 -0.4775 1.8749 0.9496 1.8254 1.4939 1.4447 1.0825 1.0017 1.0024 1.3227 1.3014 1.4964 0.5458 1.4018 -0.9168 1.0082 1.0674 1.4353 1.2987 1.3914 1.5419 0.8759 0.9978 0.8456 
3.3423 0.8132 1.5017 2.5059 1.0794 2.4703 1.1587 1.8972 1.6173 1.5664 1.7541 1.8397 1.6161 1.6633 1.1633 0.8786 1.6760 0.8186 0.9992 1.4357 1.3352 1.4339 1.2948 1.0063 0.9532 1.1185 0.2626 1.4369 -0.0523 1.0757 -0.2168 -0.8543 0.0653 
2.9630 2.5384 2.4552 2.6011 1.4564 1.3938 1.2967 1.7133 1.4678 1.3309 1.5205 -1.7310 0.8204 1.0000 1.4777 0.7299 0.1113 0.6213 1.3484 0.8102 0.4897 -1.8259 1.0562 0.7816 0.8255 0.9316 0.3930 0.3524 0.2889 1.2013 0.7844 0.3709 -0.2221 
4.2313 2.6344 1.8101 2.2353 1.8340 1.8704 2.3913 1.3059 1.4903 2.3034 1.6250 1.8308 0.9955 1.5230 1.3724 1.3353 0.2789 1.2793 1.2261 1.3309 0.6952 1.4179 1.1559 1.7350 0.8525 0.4696 1.4900 0.8640 0.6390 0.8502 0.1811 0.4716 0.9889 
4.0920 3.7239 3.2624 2.6254 2.5471 2.4211 2.4111 1.3870 2.2918 2.0539 2.0176 1.5335 1.9615 2.2227 1.2111 1.7617 1.7223 1.6660 1.0476 1.9847 1.6667 1.1826 1.5404 1.5068 1.6031 0.5984 1.5111 1.3868 1.3648 1.2295 1.5128 1.4773 0.8723 
3.4870 3.3649 3.0700 2.7903 2.4372 2.5391 0.9872 1.8543 1.3460 1.1714 0.7787 2.3302 1.8458 1.3566 1.7909 1.6999 0.6467 1.6066 1.6084 1.1172 1.5140 1.9211 0.3147 0.6079 0.6916 1.0565 0.0443 1.5066 1.2580 1.3577 1.3740 1.1072 0.3009 
4.2884 4.4178 5.2279 5.6486 4.9814 4.8821 4.1137 3.7666 4.5330 3.5806 4.9583 3.3720 4.0469 3.7339 3.4632 3.3250 3.4636 3.2310 3.3433 3.5015 3.7627 2.9983 4.4824 3.0371 3.9027 2.9896 3.2253 3.8531 3.7624 4.2441 3.5341 2.2248 0.8502 
4.5607 3.9644 4.1886 4.4204 4.7491 4.8351 4.2602 3.2190 3.1412 2.9935 3.1132 3.0216 2.9237 1.4436 2.7623 2.6171 1.5248 2.5444 2.5904 1.1754 2.6110 2.6256 2.6643 2.4421 2.4805 2.4307 3.3906 3.8076 3.5437 2.9714 2.4667 1.7388 1.2862 
4.8644 4.1523 3.8781 1.8554 2.2134 3.4845 2.8328 3.0705 2.9946 2.3765 2.0273 2.2400 1.9158 2.7301 2.3313 2.1558 2.6766 2.0708 2.1477 2.4964 1.5977 1.8627 1.5565 1.8287 2.3632 2.3458 1.9116 2.4508 0.9692 0.4797 2.1022 1.9002 1.5971 
2.6846 2.7928 2.4198 2.7769 3.5274 3.5557 3.0486 2.6505 1.6372 2.0915 3.0102 1.9269 2.9816 2.3984 2.5519 1.8370 2.3007 1.7540 2.4225 2.1598 2.6826 1.5509 2.5425 1.5455 0.9968 1.8964 2.1611 2.5241 2.3543 1.3602 0.7095 0.5424 -0.4724 
3.6870 3.4261 1.9615 3.5339 3.4352 3.6026 3.2469 1.9734 2.0655 2.0678 2.6381 2.8216 2.8108 1.1775 1.6993 1.9405 1.6563 1.8811 1.5249 0.9477 2.4800 2.4158 2.1812 1.5203 1.4289 1.2284 2.3653 2.5726 2.2394 2.1129 0.0893 1.1866 0.4510 
4.9091 4.5015 3.5877 3.9264 3.6463 3.9347 3.8073 3.0605 2.8607 2.7627 2.5688 2.5141 2.5921 2.4575 2.3908 2.4629 2.6868 2.4003 2.2479 2.2552 2.3361 2.1291 2.1079 2.1891 2.1810 2.3289 2.9077 2.9044 2.4594 2.4889 1.8944 2.2792 1.6587 
5.1313 4.4186 4.2388 3.4157 3.7317 3.2488 2.8699 3.0070 3.1785 1.9141 3.3854 3.1757 2.6539 2.4309 2.8024 2.5999 2.3412 2.5364 2.6208 2.2147 2.3746 2.8277 2.9075 1.3535 2.5239 2.2633 1.9533 2.2263 2.5234 1.9720 2.4982 2.0938 1.8992 
3.4892 3.7604 3.5238 2.7862 3.2512 2.6650 3.1205 2.4402 2.7474 2.6712 1.1403 2.2272 2.5914 1.5480 1.8966 2.1608 2.0278 2.0765 1.7686 1.3577 2.3345 1.8551 0.6761 2.1045 2.0638 1.6756 2.2655 1.6217 2.0321 1.3448 1.8274 1.5177 0.1225 
3.8214 3.8554 3.1817 2.9498 2.3394 2.5479 2.5574 2.5462 2.4582 2.1274 2.3752 2.2464 2.2342 2.0319 2.1960 2.1942 2.1682 2.1099 2.0326 1.8402 1.9253 1.8630 1.9005 1.5754 1.8247 1.8225 1.6987 1.5203 1.1061 1.5279 1.4593 1.6554 0.5539 
4.7551 4.6367 4.9490 5.2403 5.2004 4.9436 4.5493 3.6593 3.9691 3.4590 3.8922 4.0917 3.1901 3.3952 2.9002 3.9696 3.9403 3.9120 2.7682 3.1439 2.8982 3.7138 3.4157 2.9053 3.3378 2.9115 3.6504 3.9107 4.0075 3.8597 3.2220 2.4305 1.4677 
3.3395 3.7917 3.3918 4.3368 4.2735 4.7856 4.5177 3.7299 3.3733 3.4080 3.1839 3.1799 2.5140 2.6602 2.8423 0.0157 2.3689 -0.0737 2.6643 2.4405 2.2276 2.8418 2.7273 2.8596 2.6829 2.9688 3.6099 3.7593 3.0575 2.9145 1.5867 1.5786 0.1757 
3.8289 3.4166 3.0630 3.7931 2.8200 3.3834 2.8732 2.6310 2.4717 2.8639 2.6149 2.5979 2.3899 2.1290 1.3371 2.4375 2.4308 2.3801 1.1752 1.9139 2.0576 2.2450 2.1601 2.3129 1.8471 1.8828 1.9705 2.3517 1.5846 2.3777 1.3816 1.1729 0.5456 
4.4234 3.2358 2.8937 3.3924 3.0592 2.2952 1.2858 1.3529 1.3133 0.9675 2.4977 2.2279 1.7740 1.0752 1.6890 1.5085 1.9603 1.4351 1.5177 0.8747 1.4453 1.8502 2.0275 0.4218 0.6104 0.5320 0.3316 1.2922 1.8604 1.9507 1.2349 1.0054 1.1798 
3.8559 3.3345 2.9387 2.3610 0.8418 1.7720 2.3553 1.6918 1.7969 1.4802 2.1347 1.5301 1.7631 1.2727 1.8084 1.4013 -1.0218 1.3393 1.6221 1.0029 1.4386 1.1640 1.6806 0.9190 1.1109 0.9145 1.4458 0.7533 -0.4115 0.9292 1.2177 1.0402 0.6163 
4.4630 3.4474 3.0579 2.0536 2.5470 2.9440 2.2466 2.1171 0.8344 2.0107 1.9713 1.0200 2.3068 0.9419 1.3587 1.4949 1.8915 1.4250 1.2146 0.7454 1.9722 0.6651 1.5017 1.4516 0.1744 1.3632 1.3570 1.9099 1.3689 0.6413 1.3499 1.1418 1.2603 
4.1394 2.9578 3.2581 4.0042 3.6591 3.5852 3.2117 3.6331 3.6559 3.3580 3.0903 2.8087 1.9615 2.4576 2.7831 1.9515 2.4167 1.8875 2.6028 2.2518 1.6811 2.4080 2.6301 2.7906 3.0071 2.8955 2.3391 2.5557 2.4599 2.5705 1.5576 0.8562 0.9247 
4.6676 3.7337 3.2910 1.8536 2.3713 3.1232 2.9417 2.6668 2.5826 2.4077 2.5095 2.3602 2.4733 2.3080 1.8307 2.1823 1.8050 2.0948 1.6646 2.0383 2.1742 1.9603 2.0365 1.8625 1.9425 1.9043 2.0412 2.1068 1.2244 0.4259 1.5511 1.6207 1.4299 
3.5734 3.5207 3.0217 3.0709 2.8962 2.4743 2.6594 2.7056 2.0636 1.9311 0.4912 2.2814 2.3514 2.2608 2.0453 1.9002 1.9782 1.8436 1.9152 2.0115 2.0230 1.8852 0.0300 1.3849 1.4105 1.9321 1.8161 1.4253 1.6898 1.6858 1.3381 1.3743 0.2952 
4.9107 4.0348 3.5701 2.5304 3.5719 3.6881 2.2102 2.6716 2.5714 2.6402 2.5834 2.6796 2.9253 2.5632 2.3235 -1.0658 1.0140 -0.9687 2.1343 2.3730 2.6061 2.3334 2.1210 2.0790 1.9305 1.9091 1.3467 2.6551 2.3903 1.0983 1.8622 1.7889 1.6632 
4.2043 3.8596 3.9525 3.9218 3.8688 3.8554 3.9731 4.0250 4.0382 3.9021 3.8666 3.6652 3.5161 3.4048 3.3297 2.9133 2.4356 2.8563 3.1446 3.1580 3.2222 3.3163 3.3885 3.3562 3.4025 3.2776 3.0690 2.8250 2.6231 2.4821 2.2370 1.5738 0.9184 
2.6604 3.5225 3.7346 4.0328 1.7651 3.1147 3.3048 3.5703 3.8721 2.9943 3.4185 1.3440 2.5562 2.8408 3.9217 2.7049 2.6100 2.6130 3.7685 2.5747 2.2954 0.9440 2.9421 2.4264 3.1771 2.8462 2.3973 2.0977 0.5979 2.5966 2.0157 1.3458 -0.2163 
3.7238 2.9057 2.8275 2.6727 2.6387 2.3738 2.1364 1.8513 2.3664 2.6660 1.7732 1.9463 1.0378 2.0775 1.6042 1.0028 1.0086 0.9403 1.4580 1.8793 0.7657 1.5538 1.3035 2.1013 1.7055 1.0607 1.2915 1.3409 1.4441 1.2884 1.0622 0.5891 0.4822 
4.5745 4.3942 4.0722 3.6191 3.5692 3.2303 2.8539 1.9493 2.5872 2.3475 2.6341 2.4266 2.5552 2.0103 1.8428 2.6373 2.9032 2.5565 1.6767 1.8213 2.3005 2.0311 2.1753 1.7909 1.9384 1.2181 1.9428 2.1925 2.3791 2.2227 2.3679 2.1207 1.3544 
5.3067 4.7921 4.3862 3.9440 3.8189 3.9993 3.8555 3.4878 3.6344 3.5661 3.6881 3.3134 2.3185 3.5309 3.1759 3.1634 2.9469 3.0812 3.0251 3.3455 1.9967 2.9156 3.2289 3.0161 2.9864 2.7376 2.9424 2.9688 2.5995 2.5022 2.6238 2.5352 2.0811 
4.6033 3.1167 3.4370 3.9228 4.0309 3.8356 3.0811 3.1153 3.3165 2.8463 2.6171 1.8162 2.3806 1.5997 2.2001 1.9911 2.7018 1.9329 2.0363 1.4010 2.0537 1.4203 2.1600 2.2840 2.6252 2.3764 2.2096 2.8008 2.8609 2.4861 1.7102 1.0319 1.3856 
4.4414 2.8920 2.3404 2.9887 2.6974 3.0671 1.9314 2.2970 2.7561 2.8539 1.1418 2.8749 2.7341 2.1731 2.3887 2.1597 1.1891 2.0683 2.2418 1.9408 2.4254 2.4732 0.7586 2.2987 2.0780 1.5150 1.0555 2.0408 1.4737 1.5311 0.4741 0.8546 1.1932 
4.2774 3.8790 3.4024 3.1866 3.2024 2.9166 2.5825 2.4702 2.9448 2.5943 2.0747 2.1533 1.8480 2.1421 2.3765 2.1179 1.0074 2.0375 2.2250 1.9260 1.5218 1.8051 1.6225 2.0337 2.3219 1.7228 1.7200 1.8875 1.9990 1.8008 1.6766 1.5937 1.0420 
3.6525 1.8524 2.1642 1.8985 2.1449 1.4368 2.3835 2.0124 2.3196 2.2106 1.8447 1.9539 1.4695 0.8937 1.9337 1.5375 1.1275 1.4736 1.8197 0.6532 1.1825 1.5650 1.3631 1.6411 1.6278 1.2913 1.4807 0.4118 0.9474 0.4792 0.3927 -0.0772 0.4056 
3.7745 3.2462 2.9103 2.3943 2.8468 2.2418 2.2428 2.1558 1.8831 1.9361 2.2478 2.3194 1.3927 1.2921 0.3923 1.8515 1.8516 1.7959 0.2769 1.0101 1.0792 1.9050 1.8039 1.3846 1.2335 1.3958 1.3579 1.1969 1.6139 0.9637 1.2113 1.0587 0.5426 
4.2540 3.5890 3.7656 3.7683 3.0683 4.0690 3.9239 3.9926 4.3169 3.5457 2.8273 3.2893 3.0859 3.1942 2.2650 2.7426 2.7165 2.6518 2.0916 2.9738 2.8302 2.9028 2.3583 2.9852 3.6308 3.2364 3.0141 3.0387 1.9058 2.3563 2.0308 1.3473 0.9909 
4.5286 4.0425 3.6179 3.1911 2.4981 2.7017 2.9869 2.6457 1.7824 1.3205 2.3610 2.3475 2.0259 2.3030 1.9479 1.8692 1.9693 1.8149 1.8289 2.0364 1.7568 1.9402 1.8846 0.7757 1.0899 1.8894 2.0879 1.6659 1.3182 1.8010 1.9077 1.8261 1.3277 
2.7233 2.9670 4.3903 4.0238 2.6396 4.1181 3.6584 3.5768 3.0208 2.8104 2.9850 3.0597 2.9884 2.6581 2.3635 2.5702 2.8479 2.5071 2.2061 2.4412 2.6925 2.6811 2.5166 2.2507 2.3849 2.8455 2.8189 3.0855 1.4964 2.5874 2.6405 0.8319 -1.2068 
3.7098 2.8455 3.3423 2.2599 2.4308 2.9275 2.6547 2.9005 2.8410 2.3451 1.7087 2.0285 2.3576 2.0754 1.3983 1.6691 1.6072 1.5817 1.2867 1.8742 2.0306 1.6476 1.2655 1.7962 2.1418 2.1191 1.7962 1.9019 1.2601 0.8264 1.5881 0.5138 0.4365 
4.2766 3.3467 3.2595 2.3270 1.8349 2.1070 2.6292 1.8907 2.1931 1.9556 1.9655 2.0159 1.9595 1.9070 1.0432 1.8454 1.3166 1.7811 0.9134 1.6851 1.6664 1.6353 1.4970 1.4069 1.5196 1.1259 1.7803 1.0742 0.5694 0.8624 1.5051 0.9995 1.0033 
2.7263 2.8961 2.8913 2.0504 2.3421 1.8602 2.0483 2.0026 2.3868 2.3634 1.8698 1.8619 1.4476 1.3164 1.7228 1.5198 0.5321 1.4545 1.5461 1.0623 1.1483 1.4625 1.3901 1.8162 1.7365 1.2778 1.1793 0.8341 1.1138 0.6194 1.1798 0.7174 -0.5508 
4.0658 3.0438 2.5153 3.2204 3.2284 2.8848 2.1089 1.9558 1.5312 1.3566 1.4039 1.0840 1.9926 1.4960 1.7102 1.3427 -0.2226 1.2831 1.5383 1.3031 1.7067 0.7314 0.9349 0.8075 0.8894 1.2190 1.2325 1.8567 2.0216 1.8217 0.8502 0.7912 0.8506 
1.9060 1.9968 2.8273 1.3889 2.5003 1.7828 1.4102 1.5665 1.7618 1.6154 1.9641 1.5038 2.0875 1.9076 1.2827 0.4713 1.6605 0.4114 1.0935 1.6847 1.8268 1.1245 1.4980 1.0488 1.0708 0.8357 0.5070 0.7381 1.3279 -0.0538 1.0654 -0.2492 -1.0070 
2.0367 1.9846 2.2145 1.4902 1.4604 2.1137 2.5442 1.9286 1.5687 2.0644 1.0306 1.8247 1.9028 1.8737 1.8712 -0.1642 0.5222 -0.1984 1.7258 1.6373 1.5860 1.4187 0.5592 1.5134 0.9252 1.1646 1.6637 1.0907 0.2798 0.0657 0.4776 -0.1705 -1.1487 
2.5572 2.4446 2.5808 2.3001 2.4301 2.3090 1.3349 1.9194 1.9759 1.4136 1.6853 1.2948 0.2628 1.4495 1.6076 0.0082 0.9673 -0.0613 1.4622 1.2610 -0.0794 0.8811 1.2339 0.8630 1.3389 1.1602 0.4191 1.2736 1.2511 0.8536 0.8774 0.2553 -0.7065 
3.0683 2.1892 0.3740 2.3100 1.6957 2.4102 2.7004 2.4579 2.4454 2.4349 2.3763 1.4778 2.3378 2.4227 2.3459 2.1026 1.8938 2.0306 2.1737 2.2009 2.0054 1.0967 1.8987 1.8837 1.8174 1.7003 1.8325 1.3877 0.4473 0.8687 -1.0591 0.0710 -0.1614 
3.5056 3.1689 2.6988 2.4629 2.4722 2.3361 2.0209 1.3057 1.8140 1.6129 0.2811 0.8452 1.1239 2.0873 1.0224 1.9327 1.1985 1.8709 0.8898 1.8856 0.8467 0.4577 -0.1832 1.0441 1.1267 0.5078 1.1338 1.3033 1.3013 1.0228 0.9727 0.9338 0.3227 
4.3700 3.2561 2.6691 3.3118 2.9527 2.5241 2.8142 2.5627 2.6513 1.8775 2.4277 2.5827 2.3535 2.0392 2.2511 1.9849 1.3768 1.9170 2.0729 1.8510 2.0255 2.2285 1.9570 1.3366 1.9958 1.8391 1.9005 1.4946 1.7661 1.8754 0.9720 0.9259 1.1030 
3.6479 3.5329 3.4712 3.7675 3.3603 2.9100 1.5497 2.4990 2.4720 2.1951 1.7478 1.9957 2.2709 1.9680 2.1517 2.0754 2.2722 2.0124 2.0047 1.7784 1.9488 1.6158 1.2927 1.6266 1.8377 1.7639 0.6397 1.8769 2.1085 2.3603 1.8087 1.3564 0.4807 
3.6715 3.6476 3.0891 3.0114 3.1163 3.0215 2.9455 2.6436 2.4198 2.8018 2.6100 2.7837 3.0445 3.4124 2.3669 1.3634 0.9581 1.3032 2.2000 3.1706 2.7660 2.3903 2.1498 2.2281 1.7950 1.8903 2.0399 1.9886 1.9362 1.5998 1.3761 1.4403 0.4577 
4.2056 3.2878 2.7600 2.9151 1.9048 1.4821 2.0768 1.9089 1.6064 1.4764 1.3262 0.8789 1.7444 1.8238 1.4879 1.7258 1.0407 1.6326 1.3580 1.5611 1.4226 0.4857 0.8513 0.9228 0.9564 1.1402 1.2247 0.4560 0.7103 1.4842 1.0026 0.9669 0.9763 
3.5452 3.0681 2.8349 2.6349 2.4459 2.2437 2.6648 2.3846 2.0268 1.9480 1.3108 1.7260 1.6477 1.9680 1.7816 1.5590 1.2311 1.4899 1.6026 1.7703 1.3613 1.3437 0.8322 1.3906 1.3835 1.5895 1.8152 1.2320 1.2688 1.2676 1.0977 0.9289 0.3200 
1.5132 2.9102 2.4682 2.2722 1.0598 2.3240 1.8769 1.6431 0.8489 0.7927 1.8693 1.4303 1.8827 1.3895 2.2744 1.3200 1.2047 1.2419 2.0919 1.1756 1.5598 1.0322 1.3980 0.2318 0.2231 0.8789 0.9687 1.2981 -0.1622 0.8218 0.7779 0.7350 -1.1511 
3.2275 3.2930 2.8377 2.0978 1.8053 1.7185 1.3199 1.3444 1.7673 1.5543 1.7988 1.9704 0.8360 1.6455 1.3957 0.7557 1.4783 0.6699 1.2706 1.4237 0.5315 1.5778 1.3253 1.0008 1.0779 0.5586 0.4083 0.6965 0.5556 0.7141 1.0610 1.0462 0.0147 
3.3957 1.9323 1.8323 2.6132 2.1379 2.4147 2.3347 2.1436 2.1772 1.5125 -0.6085 1.8358 1.9121 1.4856 0.7426 1.7509 2.0938 1.6653 0.5809 1.2944 1.5999 1.4355 -0.9061 0.9586 1.5128 1.3941 1.4186 1.3880 0.9335 1.2145 0.1283 -0.5562 0.1038 
4.1770 3.3770 2.9302 1.1935 3.6015 3.0764 3.3802 3.3334 2.8410 2.8471 1.8124 3.0005 2.9822 2.0835 1.7466 1.7632 0.5089 1.6750 1.5744 1.8821 2.6785 2.6117 1.3145 2.2794 2.1452 2.5413 2.4578 2.0621 2.4218 0.0723 1.2318 1.0963 0.9840 
