3.3561 3.3475 2.2165 1.1341 1.9116 2.1171 2.2840 1.1896 1.7892 1.8762 1.7088 1.5571 1.3819 1.7076 1.3494 1.2757 0.6396 1.1952 1.1917 1.3960 1.0868 1.1271 1.1489 1.2299 1.0378 0.2683 1.2094 0.9065 0.5290 -0.5139 0.1221 0.7352 -0.3055 
2.4832 3.1525 1.8040 1.1558 1.9858 1.8925 2.0006 1.5870 2.1189 1.9213 1.6461 1.2991 1.8827 1.1313 1.4335 1.6656 0.7123 1.5524 1.2730 0.8292 1.5417 0.8559 1.1010 1.2699 1.3453 0.6685 0.9971 0.6788 0.5947 -0.5492 -0.2962 0.5667 -0.9401 
3.7594 3.7349 3.1320 2.6920 2.8094 2.7182 2.4104 2.3902 2.2178 2.1707 1.5556 1.9527 2.0602 1.5215 1.5486 1.4455 0.5295 1.3531 1.3543 1.2534 1.7378 1.5189 1.0210 1.5014 1.4115 1.4730 1.3491 1.5106 1.3606 1.0692 1.1371 1.1469 -0.0249 
4.7610 3.7849 2.6501 2.5218 2.9881 2.5879 2.2677 2.3752 2.3313 1.5813 2.0513 2.1839 1.9244 1.5154 1.8934 1.5532 0.5395 1.4500 1.7453 1.2520 1.5914 1.7426 1.5178 0.9079 1.5394 1.4580 1.1981 1.3794 1.5822 0.8442 0.6263 1.1468 0.9673 
4.2089 2.3260 2.3131 1.6457 2.3243 2.3463 1.7260 2.1097 1.5126 1.4849 0.7702 0.9267 0.7487 0.9494 0.9344 0.5475 1.0617 0.4862 0.7491 0.6682 0.4328 0.5123 0.2112 0.8186 0.7366 1.2212 0.6527 1.1295 0.8857 0.0230 0.3429 -0.0479 0.4200 
2.9413 3.3421 2.7558 2.5608 2.4499 1.9062 2.1659 1.3465 1.7773 2.4315 1.7761 0.6736 1.8597 1.7355 1.3802 1.0137 0.1136 0.9016 1.2262 1.4371 1.5124 0.2240 1.2139 1.7852 1.0337 0.4835 1.1407 0.6808 1.0885 0.9042 0.7401 0.7387 -0.7217 
3.5879 3.3627 2.9470 2.4884 1.6786 2.3295 2.0762 0.4712 1.6431 1.1520 1.3902 1.9496 1.7947 1.6523 1.6293 1.1416 1.3199 1.0788 1.4182 1.3473 1.4212 1.5128 0.8511 0.5073 0.8348 -0.4727 1.0766 1.1214 0.2307 0.7999 0.9009 0.7414 -0.0689 
4.4942 4.0687 3.5498 3.2428 3.0089 3.0094 2.8718 2.5336 2.8654 2.3512 2.3789 2.1657 2.3009 1.8626 1.7615 1.8548 0.6053 1.7791 1.5920 1.6232 1.9053 1.7301 1.8218 1.7107 2.0504 1.6887 1.8005 1.8000 1.6225 1.6133 1.5090 1.3975 0.7363 
4.9103 4.2291 3.5518 3.8273 3.5676 0.7420 3.0544 3.1387 3.7370 3.7456 3.2507 2.6705 1.7615 2.8169 3.2423 3.1238 2.7044 3.0427 3.0806 2.5333 1.3852 2.2623 2.7104 3.0927 2.9863 2.2902 1.9981 -0.4608 2.1400 2.1974 1.4995 1.5905 1.1462 
3.9090 4.1930 3.6418 2.7841 3.0551 2.5365 2.3288 2.8531 2.6094 1.5236 2.3433 2.4980 1.2283 0.9341 1.7176 2.1472 1.9239 2.0473 1.5244 0.6626 0.8803 2.0483 1.7788 0.8574 1.8494 1.9214 1.2634 1.3277 1.6853 1.1248 1.6466 1.6424 0.2134 
2.6695 3.0793 1.8079 2.1011 2.7425 2.2790 0.4961 1.5149 1.2352 1.6556 1.5251 1.1618 1.2777 2.1390 1.1789 0.8595 1.1786 0.7615 1.0142 1.8714 0.9470 0.6942 1.0016 0.9914 0.4897 0.6089 -0.5830 1.0512 1.3296 0.4900 -0.0887 0.5021 -0.6980 
3.3253 3.6563 2.9974 1.5651 1.2008 2.2270 1.4778 0.7399 2.2099 1.4854 1.7009 1.9810 0.7970 0.1600 1.2865 1.6386 0.7159 1.5281 1.1413 -0.0659 0.4860 1.5645 1.1391 0.8145 1.4106 -0.1430 0.4925 1.0199 -0.1614 -0.1099 0.9784 1.0900 -0.4716 
4.4936 4.2351 3.3578 3.3242 3.2956 2.6007 2.7872 2.5761 2.9416 2.8211 2.6577 2.3329 1.5633 2.0295 1.8626 1.7773 1.8344 1.7108 1.7196 1.7917 1.1989 1.8571 2.1204 2.1524 2.1561 1.7257 1.7519 1.3904 1.8854 1.6992 1.3341 1.6349 0.7178 
4.5940 3.4673 3.0696 2.0808 2.7885 2.3538 2.1526 1.3749 1.3225 2.2605 2.0670 1.6817 2.2962 2.2883 1.2889 1.9328 1.9868 1.8520 1.1372 1.9682 1.9007 1.1976 1.5326 1.5880 0.5727 0.5202 1.1276 1.1414 1.3519 0.4371 1.0834 0.7329 0.7801 
2.4622 3.2732 1.6162 2.6421 2.5250 2.6117 1.9841 1.1808 1.8629 0.2201 0.8863 0.8923 0.5219 1.1050 1.7487 0.5674 0.2122 0.4996 1.5675 0.7947 0.1395 0.4829 0.3481 -0.4673 1.1177 0.2827 0.9604 1.3999 1.1405 1.0322 -0.4584 0.7147 -1.5200 
4.2083 3.8619 3.2184 2.5916 2.1930 1.6492 1.9099 1.5479 2.1232 2.1352 1.4494 1.9426 1.3080 1.7404 0.3718 1.2049 0.9679 1.1353 0.1510 1.4490 0.9600 1.4973 0.9218 1.4689 1.3482 0.6368 0.8867 0.4090 0.7453 0.9596 1.2176 1.2614 0.5330 
3.7580 4.0107 3.5185 3.1664 4.0694 3.5485 3.2013 2.8611 2.6659 3.5058 3.6369 2.8213 1.8475 2.9784 2.1294 2.0317 1.1765 1.9520 1.9491 2.6989 1.5034 2.3642 3.0836 2.8384 1.9004 1.9273 2.1926 2.3348 2.6166 1.5270 1.4410 1.4001 0.1381 
3.6069 4.1322 2.5970 2.7906 2.6375 2.4546 2.4888 2.8629 2.5993 2.6042 2.6273 2.3989 2.5404 2.1347 2.2476 2.4780 2.3717 2.4026 2.0381 1.8641 2.2157 1.9432 2.0855 1.9557 1.8434 1.9338 1.4511 1.2455 1.2635 1.1368 0.5385 1.5122 -0.0590 
3.5747 3.1799 3.0302 2.0972 2.7419 2.3230 1.4670 0.1778 2.4223 2.0867 0.8568 2.2898 1.5829 0.4871 1.7161 1.9139 1.7955 1.8353 1.5162 0.1875 1.2182 1.8091 0.3206 1.4195 1.6889 -0.7195 0.4764 1.1046 1.3211 0.5094 1.0203 0.6030 -0.1140 
4.2396 3.9577 3.4023 2.9856 3.1314 2.3292 1.9005 2.4269 2.3028 0.8068 1.9520 -1.3792 1.8212 1.8911 2.1124 1.8028 1.4879 1.7350 1.9333 1.6725 1.4538 -2.0487 1.3978 0.1422 1.4888 1.5334 0.8476 1.1115 1.7450 1.2990 1.3509 1.3184 0.4671 
4.4675 3.8718 2.7095 2.6478 2.3593 1.9485 0.1568 1.8454 1.8549 1.1712 1.7337 0.9714 2.1323 1.5915 0.7793 1.7959 0.7985 1.7288 0.6217 1.3083 1.7870 0.5163 1.1759 0.5342 1.1125 0.9651 -0.8355 0.7426 0.9261 1.0280 0.6740 1.2450 0.7265 
3.1704 3.2337 3.1470 2.4140 2.1682 1.8688 2.6032 1.6632 2.3448 1.0000 1.9247 0.8116 1.7931 0.6333 0.9247 0.9028 -0.1249 0.7960 0.7433 0.3777 1.4222 0.4059 1.3646 0.3215 1.5632 0.7124 1.5926 0.6559 0.7383 0.7158 1.1485 0.6613 -0.4530 
3.6080 3.6054 3.3439 3.0133 1.8081 0.8648 2.2486 2.2102 2.2336 1.7887 1.6736 1.7315 1.5324 1.6977 1.5965 1.0844 1.8182 0.9684 1.3914 1.3820 1.1888 1.2608 1.1149 1.1411 1.4250 1.2905 1.1894 -0.3797 0.3931 1.3332 1.3144 1.0170 -0.1744 
2.8155 2.8252 2.5987 2.5295 2.5405 1.9598 1.0012 1.1406 1.1829 1.3109 1.5884 1.3528 0.3987 0.7671 0.8288 0.5035 0.7407 0.4064 0.6619 0.5428 0.0165 0.9207 1.0603 0.6626 0.4394 0.2142 -0.0502 0.7490 1.1553 0.8703 0.5932 0.1545 -1.1684 
4.2159 3.8270 3.1634 2.7043 2.8452 2.8058 1.9819 2.5799 1.8532 1.9996 1.8048 2.2919 2.3052 1.9193 1.2955 1.4819 1.1475 1.3844 1.1448 1.6982 1.9114 1.8099 1.2572 1.3488 1.1083 1.7288 0.9574 1.5983 1.3918 1.0860 1.1609 1.2188 0.4580 
4.2999 3.6374 3.0250 2.8176 2.5864 2.8596 2.2658 1.1454 2.3285 2.3208 2.2737 1.5618 1.4828 1.4315 0.4474 1.2620 1.2504 1.1855 0.2382 1.1875 1.1530 1.1219 1.7191 1.6751 1.5367 0.2485 1.1910 1.6550 1.2022 1.1493 1.0186 1.0090 0.5283 
3.3562 3.4243 3.1048 2.9368 2.3534 1.5859 2.0495 -0.5081 1.1438 1.5652 1.3373 1.3561 1.2623 -0.4937 1.1664 0.2375 0.3825 0.1430 1.0013 -0.7230 0.9099 0.9292 0.7782 0.9068 0.3580 -1.2700 1.0553 0.3816 0.9157 1.2349 1.1208 0.8463 -0.4415 
4.4030 3.9557 3.4941 3.1036 2.8285 2.3635 2.4972 2.2328 2.2385 2.6297 2.3106 2.0384 2.4198 2.4002 2.4905 2.3415 1.1095 2.2633 2.3438 2.1377 2.0544 1.6359 1.7472 1.9725 1.4359 1.3082 1.4505 1.1597 1.3747 1.4278 1.4261 1.3151 0.6451 
3.3530 2.7952 2.3148 2.3001 1.4493 1.4696 1.8819 1.7738 2.1745 1.9374 0.9778 1.1414 1.2419 1.4483 1.0409 1.9637 1.3315 1.8947 0.8267 1.2041 0.8843 0.6739 0.4344 1.2864 1.3727 0.8551 0.8432 0.2582 0.0519 0.5926 0.2481 0.1929 -0.3819 
2.0980 3.1176 2.0319 0.8084 2.2615 2.0707 1.3842 1.3459 1.8003 1.0854 2.0060 1.9729 2.4471 2.2676 0.4436 0.8197 0.0692 0.7379 0.2405 1.9565 2.0918 1.5579 1.4651 0.4318 1.0545 0.4875 0.3944 0.8533 0.8184 -0.9433 0.0260 0.5619 -1.9124 
3.1163 3.0353 3.1191 2.7097 2.4382 2.7574 2.7019 2.4053 2.3267 1.6504 0.2171 1.6794 1.7955 1.5555 1.4214 1.6312 0.1897 1.5224 1.2566 1.2845 1.4264 1.2068 -0.3566 0.9856 1.5241 1.4982 1.6958 1.5632 1.0660 1.0820 1.1450 0.4895 -0.5194 
1.7848 3.1891 2.2037 1.8540 2.3092 1.8690 2.1931 2.4377 1.8206 1.7430 0.9135 0.6705 0.7170 2.0977 1.9660 0.5307 -0.9304 0.4692 1.8135 1.8426 0.3781 0.2227 0.3795 1.1007 1.0851 1.5450 1.1565 0.6586 0.8602 0.1534 0.1413 0.6098 -2.7095 
3.3649 3.9473 3.1705 2.8416 1.8441 1.3515 1.6928 2.4056 2.1981 1.7815 1.3685 1.2467 0.8886 0.2177 1.6728 0.2031 1.6278 0.1190 1.4562 -0.0216 0.5610 0.7754 0.8324 1.1344 1.3933 1.5012 0.6288 0.1410 0.4377 1.1652 1.1602 1.3457 -0.4507 
4.1281 3.8731 3.3332 3.0517 2.4725 2.2148 1.8404 2.3774 1.7470 1.6048 0.6773 1.6439 1.7216 0.8303 0.3469 0.9528 1.1224 0.8498 0.1475 0.5835 1.3355 1.1801 0.1152 0.9414 0.9618 1.4600 0.7787 1.0132 1.0923 1.3680 1.2974 1.2654 0.3264 
2.1539 3.4490 2.9732 3.0536 2.4810 2.8210 1.9426 1.8729 1.4101 2.2792 2.3292 1.8202 2.1317 0.9243 2.0033 1.9103 2.0851 1.8304 1.8483 0.6765 1.7867 1.3523 1.7684 1.6137 0.6617 0.9935 0.8935 1.6111 1.1234 1.3630 0.9847 0.8319 -1.4872 
3.9281 3.6677 2.5838 1.9021 1.8156 2.5622 2.2577 1.0050 0.1909 1.7647 0.5923 1.0400 1.0901 1.2368 0.6066 1.6915 1.1274 1.5807 0.4599 0.9967 0.6949 0.5736 0.0310 1.1238 -0.5410 0.0809 1.1880 1.3546 0.4333 0.2143 0.5791 1.0871 0.1521 
2.4365 3.3795 3.1387 2.6924 2.5010 2.5976 2.5092 2.3784 1.9607 2.4197 1.9771 1.9059 1.8643 1.8484 1.9502 1.7885 0.5778 1.7201 1.7947 1.6046 1.5138 1.4553 1.4324 1.7734 1.2127 1.4556 1.4605 1.3843 1.1279 1.0361 1.1487 0.7511 -0.9803 
2.4112 3.6673 3.0804 2.4227 1.3270 1.6703 2.1698 2.1063 1.2176 2.3380 2.2089 1.7972 1.9846 1.0120 1.6878 2.1030 1.7623 2.0030 1.4742 0.7341 1.6875 1.3427 1.6805 1.7019 0.4625 1.2089 1.1464 0.4701 -0.0459 0.7231 1.1036 1.1151 -1.2041 
4.2708 3.3072 2.5582 2.3429 2.5594 2.3460 2.3926 1.1874 2.0600 1.6597 1.8203 1.8351 1.2815 1.9559 1.3794 1.3468 0.4899 1.2646 1.2254 1.7327 0.9501 1.3693 1.2678 0.9914 1.2932 0.2741 1.3330 1.1385 1.1674 0.6513 0.5616 0.6840 0.5387 
2.7095 3.1368 2.7276 2.8409 2.3116 2.3610 0.7340 1.7522 0.4960 0.6860 1.7067 1.7966 1.9300 1.8067 1.2803 0.5103 -0.6686 0.4087 1.1297 1.5450 1.6020 1.3401 1.1494 0.0553 -0.3228 0.8201 -0.3174 1.1475 0.8702 1.1632 0.7350 0.5898 -1.1352 
3.7106 3.0228 2.9472 2.9890 1.9528 1.7915 -0.4217 0.2857 1.8461 1.2891 1.3611 1.7017 1.1826 0.6433 0.8599 1.1483 1.2500 1.0894 0.6795 0.3884 0.8086 1.2240 0.8210 0.6342 1.1056 -0.6324 -1.3242 0.5778 0.5621 1.2984 0.9072 0.3353 -0.1415 
3.6469 4.1551 3.5528 3.2275 2.7681 2.5205 2.5288 1.2671 1.1726 1.7128 1.3489 1.4396 1.7752 1.9038 1.3311 2.2266 2.0368 2.1178 1.1777 1.6846 1.3966 1.0317 0.7919 1.0659 0.4155 0.3938 1.4852 1.3143 1.3358 1.5916 1.4940 1.5320 -0.3104 
3.6898 3.6006 3.0080 3.1866 3.0658 2.7967 1.5534 2.4841 2.2909 2.4382 2.1115 1.9532 1.8865 1.8964 0.7293 1.5438 2.1635 1.4459 0.5838 1.6752 1.5434 1.5206 1.5774 1.7918 1.4787 1.6134 0.5282 1.5867 1.6961 1.5541 1.0498 1.0013 -0.0137 
3.9162 3.2962 2.9859 3.1155 2.4426 1.6555 0.8422 2.5647 2.2655 1.5892 0.6936 0.5475 0.2314 1.2823 0.6354 1.2488 -0.3390 1.1750 0.4954 1.0575 -0.0871 0.0796 0.1333 0.9238 1.4474 1.7152 -0.1141 0.4572 1.0486 1.4418 1.0001 0.6564 0.1755 
3.5879 3.1608 2.2762 2.6178 2.5940 2.2805 1.4615 2.0653 1.5511 1.8774 1.2916 1.0462 1.3995 0.5961 -0.3561 1.0788 0.3215 0.9657 -0.5271 0.3468 1.0977 0.5778 0.7386 1.2269 0.7524 1.1876 0.4505 1.0758 1.2060 0.9919 0.1489 0.6134 -0.1048 
3.5919 3.4510 3.0457 2.4960 1.5761 2.3455 1.7460 1.4908 0.8862 1.9532 1.5981 1.6419 1.3919 0.7512 1.4650 0.4591 1.1159 0.3314 1.2989 0.5186 1.0929 1.1733 1.0768 1.3058 0.1420 0.5936 0.6962 1.1359 0.1029 0.8431 1.0812 0.8078 -0.0205 
4.1444 2.8915 2.1554 1.9511 2.1374 1.1507 1.8628 1.3075 2.1198 0.8484 1.9234 2.0189 1.7534 1.2620 1.4147 1.5618 1.7872 1.4597 1.2636 1.0183 1.3637 1.6093 1.3670 0.1646 1.3447 0.4628 0.8185 -0.0495 0.7270 0.3024 0.1405 0.1422 0.3358 
3.5520 3.7872 3.1314 2.3024 2.4386 2.4958 2.3241 2.0924 2.1566 1.1184 1.7762 1.8862 1.7543 0.3490 0.7385 1.8832 1.7503 1.8085 0.5862 0.0865 1.3644 1.4298 1.2213 0.4974 1.3560 1.2030 1.2579 1.2843 1.0862 0.5973 1.1323 1.2190 -0.1507 
4.1003 3.6929 2.6206 1.5453 2.7406 2.7781 1.7560 1.8790 2.2943 1.7177 1.6665 1.5463 0.2868 1.7485 1.7498 -1.8643 1.4200 -2.1976 1.5686 1.4623 -0.0326 1.1166 1.1170 1.0606 1.4781 1.0180 0.6784 1.5667 1.3338 -0.1009 0.5994 1.1084 0.3158 
3.2693 3.5795 2.0403 2.6820 2.7441 1.9847 1.6956 2.2974 1.8430 1.1710 2.0552 1.7167 1.8025 1.7795 1.7793 1.8822 0.6987 1.8041 1.6199 1.5062 1.4341 1.2415 1.5168 0.5282 1.1038 1.3475 0.6277 0.7601 1.3230 1.0717 0.0128 1.0115 -0.3840 
4.1280 3.3344 2.9212 2.0814 2.8016 2.4741 1.9950 2.1854 2.4357 2.3131 0.5721 1.3145 1.9290 0.7263 1.1465 0.5615 -1.1123 0.5018 0.9597 0.4940 1.5982 0.8721 -0.0166 1.6561 1.7002 1.2777 0.9841 1.2676 1.3574 0.4960 0.8708 0.6827 0.3790 
3.6874 2.5238 2.6691 2.3243 2.0005 2.0221 1.8082 1.2672 1.1825 1.3622 1.1171 1.7758 1.8348 1.5504 1.3620 0.8443 1.2331 0.7490 1.2077 1.2838 1.4714 1.3141 0.5661 0.7245 0.4115 0.4135 0.7403 0.8283 0.6019 0.6348 0.6732 -0.0571 -0.0477 
3.6601 2.6415 2.3817 2.3075 2.3246 1.8887 1.9609 1.1340 1.4136 1.3027 1.4532 1.1386 1.2317 1.1798 1.3058 1.5650 1.4784 1.4559 1.1571 0.9128 0.8810 0.6617 0.9105 0.6451 0.6641 0.1776 0.9353 0.7050 0.8616 0.6190 0.4534 0.1651 -0.1472 
4.2493 3.6159 2.4126 2.6542 2.2619 2.3218 1.2761 2.0715 1.6017 0.3351 0.6504 1.1315 0.5287 1.2129 0.9018 1.1670 0.8449 1.1013 0.7282 0.9573 0.1385 0.6575 0.0992 -0.3267 0.7911 1.1904 0.1927 1.1089 0.8034 1.0368 0.4061 1.0017 0.5499 
4.1386 3.0716 1.2600 2.4071 2.3372 1.5341 0.7565 2.1424 2.0322 0.9783 -0.1233 1.1401 1.5758 0.6087 0.8508 0.3025 0.3945 0.1949 0.6864 0.3381 1.2144 0.6808 -0.6665 0.2889 1.2669 1.2467 -0.1898 0.2854 0.8943 0.7484 -0.9712 0.5827 0.3339 
5.7390 4.7230 4.1736 3.5917 3.0168 3.1182 3.3492 2.6542 2.4508 2.4420 2.4916 2.6381 2.7932 2.6033 1.1281 1.9416 1.7088 1.8596 0.9356 2.3729 2.4297 2.2292 1.9451 1.7944 1.7139 1.7774 2.3305 1.9102 1.6253 1.9079 2.1319 1.9849 1.9541 
4.4770 3.9301 3.4389 2.9787 3.3022 2.9097 2.4979 1.9158 2.4525 2.4089 1.1413 2.6918 2.5282 2.0620 0.5434 1.7440 1.7680 1.6889 0.3212 1.8047 2.1969 2.2962 0.5890 1.7595 1.7103 1.0851 1.4318 1.7033 1.8984 1.3256 1.4209 1.4267 0.5879 
3.3640 2.7686 1.8496 2.4060 2.7702 2.6323 2.6235 2.6457 2.6338 3.0221 2.1144 0.5322 1.3423 1.3828 1.8361 1.9674 0.7833 1.8960 1.7004 1.1584 1.0161 0.0590 1.5775 2.3756 1.8769 1.7738 1.6274 1.4261 1.3454 0.7169 -0.1935 0.1908 -0.5790 
4.4777 3.6152 3.0037 2.8660 2.8779 2.2992 2.2197 1.7513 0.1406 2.3417 1.8967 1.6256 1.7618 1.5019 0.6758 1.7350 1.4751 1.6601 0.5324 1.2433 1.3767 1.1648 1.3462 1.7008 -0.6177 0.8278 1.1670 1.0832 1.4220 1.1775 1.0008 0.9579 0.7218 
4.1537 2.4627 3.0421 2.8022 3.2451 2.3250 1.9362 0.9638 2.4331 2.4738 1.9578 2.0511 1.7735 1.2682 1.7083 0.9213 0.6248 0.8134 1.5042 1.0490 1.3871 1.6465 1.4127 1.8244 1.6999 0.0481 0.9042 1.1090 1.8460 1.1409 1.0419 -0.3763 0.3514 
3.9438 3.6419 3.4806 2.6569 2.0859 2.7258 2.7900 2.5170 1.9019 1.4758 2.1506 1.7035 1.2029 1.6928 0.4781 0.4402 1.1467 0.3584 0.2325 1.3695 0.8246 1.2236 1.6207 0.8271 1.1462 1.6513 1.7518 1.5261 0.6739 1.0186 1.4246 1.0621 0.2166 
3.0014 3.6538 2.8177 2.5614 1.9555 1.7067 2.1850 1.7775 1.6632 1.5134 0.5105 1.8551 2.1048 1.8717 1.5590 0.9210 -0.3354 0.8140 1.3557 1.6396 1.7691 1.3983 -0.0313 0.8549 0.8579 0.8571 1.1468 0.5135 0.5741 0.8974 0.7424 1.0847 -1.0448 
2.7686 3.5862 2.2239 2.5850 2.3707 1.7313 1.4148 2.2386 2.3873 2.2661 2.2255 1.8976 -0.0333 0.6536 0.3869 -0.5174 -0.3831 -0.5770 0.1858 0.4151 -0.4115 1.4408 1.6931 1.5949 1.6324 1.3138 0.4314 0.5132 0.9494 0.9634 0.1053 1.0045 -1.0421 
3.7069 3.4327 2.9102 2.5092 2.0087 1.9394 0.3589 1.8317 0.2004 2.0513 2.4003 1.3522 2.0418 -0.1637 1.7183 2.0862 1.1840 1.9866 1.5204 -0.4725 1.7265 0.9232 1.8445 1.3967 -0.5541 0.9379 -0.6552 0.7295 0.6073 0.8382 0.8286 0.8170 0.0242 
3.9170 3.4423 1.4112 1.7588 2.1266 1.6928 1.9194 1.8664 1.3533 1.6780 1.2848 0.7823 0.7735 1.5955 0.9244 -0.0830 0.9332 -0.1671 0.7395 1.3147 0.4742 0.3780 0.7360 1.0084 0.6023 0.9817 0.8812 0.4788 0.7076 0.0706 -0.6431 0.7573 0.1300 
3.9431 3.6213 3.5398 2.9168 3.0805 2.5315 1.9545 2.2834 2.3328 2.3846 1.9967 1.8003 1.4039 1.3543 1.2930 1.7030 0.9547 1.5995 1.1462 1.1297 1.1024 1.3366 1.4538 1.7418 1.5479 1.3399 0.9460 1.3140 1.7086 1.2296 1.4971 1.0414 0.1968 
4.4483 4.4480 3.8911 3.6035 3.3853 3.2989 3.0091 2.6667 2.7487 2.5907 2.3919 2.3299 2.3018 1.8548 2.4315 2.3688 2.3159 2.3041 2.2986 1.6206 1.9056 1.8541 1.8359 1.9487 1.9573 1.7902 1.9500 2.0908 1.9540 1.9241 1.8791 1.8517 0.6682 
3.2807 2.7038 2.9799 2.7326 2.9374 1.9733 1.3715 2.1253 1.7363 1.6905 1.5536 2.1609 1.9294 1.1480 1.5227 1.8175 -0.5324 1.7463 1.3439 0.8666 1.5976 1.7304 1.0290 1.0210 0.9515 1.2240 0.3815 0.7500 1.4963 1.1113 0.9743 0.1060 -0.3536 
4.6844 3.5169 3.2408 2.5120 0.9224 1.7243 0.8646 1.4394 2.4320 1.5972 0.9476 2.0993 1.8518 0.9873 1.6104 1.2031 1.1200 1.1313 1.4036 0.7116 1.4970 1.6959 0.4167 0.9223 1.6974 0.5638 -0.1260 0.5163 -0.5147 0.8422 1.2357 0.7676 0.8693 
4.2493 3.8158 3.5690 3.0808 3.0259 2.4590 3.0259 2.8202 2.4506 2.3209 2.3228 2.4396 1.5809 2.0701 1.7426 1.3488 1.9250 1.2716 1.5620 1.8179 1.2090 1.9718 1.7628 1.6692 1.7117 1.8962 1.9632 1.2543 1.6441 1.4040 1.5355 1.2166 0.4923 
4.1460 3.6382 3.5827 2.9166 2.4868 1.7814 2.3615 1.8769 2.3236 2.2376 2.0934 2.0334 1.9244 1.4167 0.7282 1.1693 1.5197 1.1086 0.5704 1.1750 1.5902 1.6221 1.5588 1.5686 1.5294 1.0084 1.3000 0.5917 1.1057 1.2122 1.5599 1.0577 0.3766 
2.9565 2.9722 2.4569 2.1998 1.8759 2.2220 1.7060 1.9959 0.9463 1.0580 1.5540 0.7668 1.6965 1.7414 1.2651 1.5811 1.7072 1.4736 1.1277 1.4500 1.3032 0.3399 1.0244 0.3915 0.1446 1.1330 0.6365 1.0101 0.4927 0.5588 0.4911 0.4424 -0.9299 
4.7743 3.9254 3.4199 3.3107 3.0233 2.4931 2.4692 2.5560 2.3823 2.4399 2.2774 2.5525 2.4711 2.2419 1.1358 1.2302 1.7793 1.1554 0.9509 1.9472 2.1218 2.1103 1.7234 1.7942 1.6237 1.7043 1.4192 1.2790 1.6371 1.6850 1.3581 1.2600 0.9865 
3.6155 2.6584 2.1216 2.2633 2.2229 2.4215 2.0482 2.1335 0.7362 1.4600 0.4795 2.0781 1.6279 2.2816 2.0906 1.9268 1.4603 1.8443 1.9173 1.9651 1.2495 1.6755 -0.0687 0.7988 -0.0214 1.2338 1.0467 1.2119 0.7841 0.5701 0.1344 0.0965 -0.0861 
3.7448 3.9782 2.8824 2.4062 2.3875 2.5830 2.9977 2.4965 1.8173 1.6392 1.6599 1.6923 1.5582 1.7978 1.7095 1.5251 1.3801 1.4243 1.4985 1.5368 1.2003 1.2117 1.1085 0.9699 1.0762 1.6217 1.9439 1.3820 0.9944 0.7295 0.7931 1.3505 -0.0591 
3.3120 1.9804 0.6613 2.2415 2.7550 1.8893 2.0379 2.6289 2.2476 1.5395 1.9607 1.0285 1.0894 1.3544 1.0053 1.3344 1.6872 1.2507 0.8063 1.1313 0.6960 0.5587 1.4166 0.8713 1.4369 1.7617 1.0527 0.6818 1.3388 0.5758 -1.2302 -0.7600 -0.5613 
4.3133 3.0546 2.6380 2.3559 1.9075 1.6991 1.4127 2.4175 2.3279 1.7387 1.6488 -0.7904 1.4753 1.2800 1.7259 0.1548 0.2854 0.0843 1.5294 1.0571 1.1491 -1.2355 1.1039 1.0958 1.5343 1.5170 0.4172 0.4863 0.5315 0.6697 0.6302 0.3708 0.5617 
4.2985 3.9669 3.3546 2.9074 2.6268 2.2730 2.8737 2.7758 2.5564 1.9661 1.7954 1.3430 1.4248 1.7939 1.4977 1.9759 2.4083 1.9066 1.3258 1.5278 1.1186 0.8935 1.2380 1.3291 1.7979 1.8662 1.8074 1.0674 1.2343 1.2037 1.3325 1.3288 0.5526 
4.3392 3.2149 1.1727 2.0442 2.5101 1.7253 0.7881 1.4963 1.4190 1.0748 0.3783 1.4290 1.6042 1.0840 0.6818 0.7234 0.4232 0.6407 0.5286 0.7506 1.2336 1.0307 -0.1822 0.4128 0.6619 0.5982 -0.2763 0.4993 1.1338 0.4687 -0.9414 0.6122 0.5880 
3.8120 3.7662 2.9031 2.8701 2.1228 2.0932 1.5653 0.2123 2.2596 2.5659 2.0295 1.7766 1.1818 0.4177 1.6499 1.9297 0.5926 1.8462 1.4424 0.1090 0.7939 1.3107 1.4895 1.9245 1.4599 -0.5998 0.5357 0.8828 0.6844 1.1868 0.8302 1.1796 0.1029 
3.7084 2.9873 2.5196 0.0191 1.8105 0.6489 1.1407 1.6181 1.0964 1.4221 1.2253 1.9748 1.4660 1.2978 1.4418 1.3806 0.9463 1.3066 1.2778 1.0781 1.1409 1.5557 0.6793 0.7637 0.2871 0.6961 0.0714 -0.5731 0.4208 -1.8746 0.5326 0.3637 0.0177 
3.6567 3.5232 2.7087 2.5149 2.3016 2.3148 2.7514 1.8662 1.7123 1.9475 1.9976 2.4107 2.0977 2.3374 1.9809 1.6956 1.5155 1.5818 1.8280 2.0392 1.7611 1.9504 1.4614 1.2954 0.9187 0.9736 1.7297 1.1108 0.8391 0.8363 0.6805 0.8519 -0.1763 
4.7902 3.2899 3.1661 3.1682 2.8296 2.6668 2.3042 2.6175 2.7062 1.8194 1.9911 0.7856 2.2807 1.5277 1.3981 1.6266 0.9678 1.5196 1.2451 1.2624 1.8868 0.3631 1.4529 1.1694 1.9321 1.7501 1.2233 1.4532 1.3709 1.5090 1.1507 0.5336 0.9855 
3.5966 1.7496 2.7209 1.7102 0.6038 2.0709 1.2467 1.4344 2.2150 2.2090 1.6337 1.7290 1.0354 1.5519 -1.2990 1.6141 1.7571 1.5073 -1.4210 1.2788 0.6504 1.2530 1.0963 1.5428 1.4115 0.5637 0.1813 0.8606 -0.7911 -0.0041 0.6851 -1.1791 -0.2048 
4.0617 3.2883 3.4810 2.9504 1.8779 2.4935 1.8544 2.0783 2.5078 1.6502 1.5859 1.3894 1.9709 1.8020 1.3509 1.9253 1.6246 1.8461 1.2047 1.5487 1.6674 0.9654 1.0579 0.9648 1.7570 1.2040 0.7883 1.2916 0.4827 1.2671 1.4316 0.7645 0.2087 
2.4207 3.0197 2.4013 1.8412 2.3818 2.5248 1.8518 1.7388 1.8480 1.6240 0.7782 1.8020 1.8766 2.0654 1.3761 1.3173 1.4420 1.2410 1.2159 1.8157 1.5391 1.3418 0.2709 0.9639 1.1057 0.8203 0.7857 1.3190 0.9890 0.1420 0.3872 0.4965 -1.5049 
2.5557 2.8502 2.1771 1.2599 2.1940 2.0724 1.1228 1.4683 1.3534 1.0750 1.2464 0.8648 1.7305 1.4593 0.6399 1.5420 1.2915 1.4410 0.5075 1.2100 1.3451 0.4630 0.6928 0.4103 0.6029 0.5913 0.0527 0.8583 0.7500 -0.3981 0.1182 0.2674 -1.2279 
3.7278 3.8186 2.8066 2.5204 1.9896 1.6078 0.4454 1.7757 0.6398 1.7932 1.5673 1.8052 2.3381 2.2508 1.8981 1.8850 0.5956 1.8055 1.7509 1.9506 1.9536 1.3467 1.0401 1.1499 -0.0936 0.8632 -0.6357 0.3812 0.6025 0.8429 0.7429 1.2277 -0.0419 
3.9446 3.1564 2.9392 1.6807 2.6184 2.3640 1.8962 1.5771 1.9450 1.7946 1.6091 1.3792 1.4288 1.0576 0.7435 1.0790 1.2252 0.9744 0.5832 0.7479 1.1196 0.9673 1.0859 1.1527 1.1907 0.6651 0.8495 1.1523 1.2200 0.0002 0.8572 0.5302 0.0621 
0.0803 3.0366 2.3699 1.5913 2.0378 2.5662 2.2990 0.7883 1.6024 1.2191 0.8343 1.4754 1.1820 1.5810 0.6091 0.9714 0.8857 0.8706 0.4581 1.3009 0.8122 1.0763 0.2944 0.5673 0.7961 -0.0522 1.2140 1.3597 0.6531 -0.0614 0.3786 0.4548 -2.0149 
4.0136 2.0187 2.8077 0.6321 2.2152 2.1418 2.5671 2.6017 2.1749 1.7269 1.7621 1.0935 1.4190 1.7529 1.2241 1.1462 0.1240 1.0860 1.0851 1.4718 1.1148 0.6055 1.2030 1.0818 1.3697 1.7396 1.5508 0.9231 0.7767 -1.1596 0.7390 -1.0116 0.1733 
3.2515 3.0739 1.5503 1.9167 1.1352 1.9518 0.9309 1.5815 0.2016 1.1920 0.4641 1.2401 1.5347 1.5009 1.6993 1.8659 1.5892 1.7921 1.4843 1.2402 1.1875 0.7833 -0.0940 0.5459 -0.5319 0.6641 -0.0903 0.7407 -0.2666 0.2545 -0.5289 0.5034 -0.4074 
1.9586 3.4414 2.8014 1.9087 2.1589 1.9491 1.1802 1.6075 1.1095 0.6943 1.3675 0.8065 1.1444 1.4482 1.1538 0.6672 0.5434 0.5853 0.9788 1.2051 0.7524 0.3955 0.8252 0.0529 0.3179 0.6830 0.1206 0.7362 0.7401 0.2436 0.7374 0.8173 -1.8604 
3.6373 3.4194 3.4638 1.6660 2.4710 2.4555 1.4019 2.0380 1.8976 1.7202 1.7363 1.4799 1.6589 1.1174 1.2413 1.3785 1.1994 1.3080 1.1036 0.8123 1.2678 1.0722 1.1769 1.0807 1.1498 1.1650 0.3917 1.2421 1.0977 -0.0508 1.3922 0.7938 -0.0386 
4.2567 4.0860 3.6453 3.1440 2.7801 2.6712 2.5666 2.3557 1.7580 2.4298 2.3788 1.9072 2.4282 2.3669 2.1684 2.1793 1.3736 2.0720 1.9651 2.0851 2.0656 1.4576 1.8198 1.7867 0.9992 1.4237 1.5518 1.4602 1.3516 1.4702 1.6580 1.4224 0.4936 
2.7094 3.2403 1.2255 2.1287 2.0479 2.1934 2.0783 1.9128 1.8192 -0.6612 1.2748 1.3091 1.7137 1.6951 0.5030 1.2322 0.0439 1.1614 0.2926 1.3761 1.3262 0.8676 0.7323 -1.3862 1.0776 1.0580 1.0902 0.9805 0.6317 0.5018 -1.0782 0.6497 -0.6854 
4.0991 3.9269 3.4197 3.1747 2.9560 2.4030 2.2925 2.3359 2.2048 1.3361 1.9425 1.7918 1.8479 2.0362 1.1883 1.3427 1.2714 1.2584 1.0319 1.7950 1.4946 1.3278 1.3850 0.6719 1.3994 1.3921 1.2197 1.1796 1.5390 1.5235 1.3574 1.3104 0.2291 
3.9533 3.8091 3.6322 2.3814 1.0191 2.0932 1.4042 1.5378 2.3022 1.7753 1.9439 1.2046 1.3449 1.0853 -0.0682 0.4651 -0.0720 0.3632 -0.2682 0.7624 1.0196 0.7418 1.3774 1.1261 1.4926 0.6484 0.3707 0.8839 -0.4742 0.6599 1.6304 1.2283 0.2105 
4.2841 3.6796 3.4436 1.9279 1.2712 0.9037 1.3565 1.9406 1.2350 1.2340 0.7480 1.9531 0.9510 0.5683 1.2620 0.4101 1.1107 0.3017 1.1201 0.2907 0.5907 1.5180 0.2178 0.5871 0.4975 1.0865 0.3552 -0.3258 -0.1113 0.2449 1.3782 1.0940 0.5421 
