6.8220 6.7855 6.0694 5.6702 5.5062 5.2372 5.1318 4.9974 4.9021 4.8091 4.7698 4.5753 4.5800 4.4831 4.5226 4.5172 4.4645 4.4567 4.3915 4.2292 4.2677 4.1615 4.2904 4.2140 4.1800 4.1526 4.1909 4.1530 4.1963 4.1682 4.2226 4.4715 3.4796 
6.2339 6.3471 5.6519 5.3234 5.1479 5.0477 4.8080 4.6906 4.7027 4.4750 4.3648 4.2724 4.3497 4.1976 4.1958 4.1151 4.0878 4.0445 4.0484 3.9796 4.0154 3.8988 3.8859 3.8994 4.0261 3.9228 3.9006 3.9649 3.9119 3.8753 3.8749 4.0275 2.8801 
6.1168 6.6340 5.8801 5.5316 5.3538 5.1765 5.0944 4.8862 4.7625 4.6199 4.6604 4.5636 4.5477 4.5162 4.4488 4.3439 4.2265 4.2469 4.2695 4.2783 4.2251 4.1472 4.1678 4.0359 4.0752 4.0599 4.1430 4.0926 4.0850 4.0100 4.0644 4.3124 2.8701 
6.9947 6.6001 5.6156 5.0945 4.9363 4.6460 4.4949 4.5191 4.3284 4.1740 4.1858 4.0327 3.9768 3.9179 3.8777 3.7719 3.5385 3.6766 3.6802 3.6510 3.6438 3.6177 3.7042 3.5831 3.6078 3.7055 3.5454 3.5588 3.6273 3.5795 3.8144 4.2492 3.6756 
6.7017 6.4960 5.7166 5.3231 5.1621 4.9169 4.7641 4.6794 4.4328 4.4230 4.3592 4.1910 4.1472 4.2580 4.1088 4.0492 3.9005 3.9805 3.9656 4.0243 3.8827 3.8235 3.8831 3.8223 3.7076 3.9135 3.8721 3.8305 3.9218 3.8700 3.9231 4.1592 3.4087 
6.4975 6.7059 6.0840 5.7407 5.4819 5.1685 5.1009 4.9492 4.8272 4.8168 4.6615 4.6219 4.5992 4.5037 4.4861 4.3917 4.3083 4.2917 4.3315 4.2598 4.2930 4.2182 4.1698 4.2211 4.1196 4.1062 4.1515 4.0817 4.1723 4.2483 4.2407 4.4239 3.2584 
5.5798 5.6898 4.7843 4.0122 3.1166 3.3727 3.2036 2.5200 1.4726 2.3345 2.3496 1.9558 1.7477 1.6455 2.2822 2.3897 1.2357 2.3249 2.0781 1.4009 1.4334 1.5778 1.8773 1.7332 0.7523 1.7243 2.2690 2.2849 1.8229 2.4728 2.9431 3.3830 2.3400 
6.3589 5.9744 5.0905 4.5555 4.0388 4.1390 3.8896 3.8858 3.6419 3.7499 3.5018 3.4634 3.0260 3.4501 3.4862 3.8694 3.5009 3.7685 3.3631 3.2263 2.7431 3.0444 3.0113 3.1531 2.9646 3.0356 2.9196 3.0589 2.8152 3.0443 3.2951 3.5918 3.0315 
4.4799 5.8471 5.0300 4.6049 4.1581 4.1099 3.8787 3.9292 3.9429 3.5958 3.6003 3.3382 3.5813 3.4545 3.4009 3.0161 3.1831 2.9421 3.2471 3.2269 3.3140 2.9048 3.1172 3.0192 3.2542 3.0946 2.9085 3.0230 2.9102 3.0871 3.2137 3.5252 0.7724 
5.0941 5.5527 4.6848 4.3442 4.3161 4.2799 3.6005 3.0117 2.3022 3.4709 3.2677 2.9388 3.2092 2.7941 3.1611 2.8948 3.1396 2.8336 3.0038 2.5060 2.8919 2.5249 2.7943 2.8912 1.5953 2.2413 2.6894 3.1909 3.0325 2.8420 2.8792 3.2196 1.9199 
5.9205 5.7622 4.8127 4.4755 3.3889 3.5476 3.8766 3.9747 3.9396 3.4716 3.4586 3.3256 3.1304 2.8408 3.3505 2.9731 2.9680 2.9017 3.1645 2.5768 2.8415 2.8975 2.9642 2.8892 3.2512 3.1637 2.9126 2.4684 2.1203 2.9618 2.9725 3.4470 2.6319 
5.6624 6.0102 5.3984 5.1812 4.6848 4.3983 4.5488 4.4480 4.4010 4.1988 4.1652 4.2273 4.0434 4.0116 3.9746 3.9658 3.7999 3.9060 3.8405 3.7923 3.7330 3.8653 3.6836 3.6076 3.6717 3.6019 3.6010 3.3108 3.4408 3.6866 3.5715 3.6682 2.3894 
4.9413 5.5982 5.0254 4.4107 4.4817 4.1639 4.2741 4.0613 3.9454 3.9109 3.9010 3.5206 3.6348 3.4847 3.6610 3.6266 3.6082 3.5586 3.5114 3.2708 3.3588 3.1122 3.3965 3.3363 3.2565 3.2798 3.3613 3.0716 3.1988 2.8747 3.1696 3.2705 0.8835 
4.6577 4.7844 5.0120 4.8225 4.5593 4.1500 4.0157 3.7296 3.6967 3.4771 3.1254 3.2402 3.1507 3.0432 3.3685 2.8770 2.7128 2.8163 3.1940 2.8425 2.8538 2.8456 2.6358 2.8955 3.0038 2.9219 3.0645 3.0645 3.3288 3.3575 3.2089 2.4728 1.4103 
6.6317 6.6186 5.7548 5.5089 5.1707 5.0602 4.9323 4.7681 4.5413 4.6215 4.4794 4.3760 4.3754 4.2344 4.2504 4.1806 4.2003 4.1109 4.0933 4.0061 4.0331 3.9606 3.9778 4.0379 3.8835 3.9753 3.9760 3.9772 3.9274 3.9848 3.9716 4.2534 3.2919 
5.6981 5.1423 4.6029 4.0187 4.0369 3.9126 3.7037 3.2394 3.2787 3.5667 3.3721 1.9943 3.0167 2.9986 2.8450 2.5940 -0.3954 2.5025 2.6860 2.7995 2.7247 1.6599 2.8659 2.9803 2.5660 2.4131 2.8010 2.8298 2.8100 2.5136 2.8258 2.8182 2.3749 
5.5195 5.1547 4.6305 4.2362 3.3994 3.4764 3.3518 3.2817 3.3746 3.3930 3.3665 3.0089 3.0383 2.9526 2.9500 2.4560 2.6569 2.3775 2.8219 2.7456 2.7680 2.6065 2.8632 2.8178 2.6732 2.4508 2.3947 2.3870 2.1387 2.7841 2.8489 2.8359 2.2236 
5.8339 5.6861 3.9968 4.0738 3.2160 3.5074 3.8483 2.7056 3.4062 2.4822 3.4768 3.4356 3.1169 2.6203 2.7407 3.0954 3.2052 3.0255 2.5469 2.3868 2.8351 3.0249 2.9820 1.8866 2.7180 1.8736 2.8890 2.4156 1.8977 2.5479 2.0953 3.3751 2.5937 
5.6303 5.6198 4.9904 4.2324 4.1176 3.9992 4.0939 3.8156 3.4749 3.6966 3.4227 3.2323 3.1962 2.3574 3.3486 3.1547 3.2862 3.0625 3.1544 2.1341 2.8858 2.8409 2.9245 3.1009 2.8109 2.9841 3.1593 2.9096 2.8636 2.7361 3.0968 3.2878 1.9680 
6.1230 5.7152 5.2117 5.0426 4.8430 4.6311 4.4940 4.2101 4.1281 4.1978 3.9885 3.9117 4.1136 3.9652 3.7600 3.8220 3.7550 3.7241 3.5802 3.7232 3.8293 3.4860 3.4913 3.6058 3.4572 3.4224 3.5433 3.5465 3.5653 3.5290 3.4030 3.3809 2.5982 
5.7609 5.6851 5.0816 4.6376 4.7146 4.2641 4.4807 4.2300 4.2262 3.9884 3.9679 3.8545 3.9184 3.7652 3.8016 3.5461 3.5747 3.4728 3.6149 3.5182 3.5724 3.4306 3.4697 3.4098 3.5371 3.4355 3.5295 3.1755 3.4648 3.1459 3.2927 3.3687 2.3858 
6.4675 5.9367 4.8324 3.8205 3.7802 2.5588 3.3576 3.4115 3.6648 3.1498 2.9601 3.1092 3.4161 3.2533 2.5480 3.0179 1.2105 2.9435 2.3995 2.9967 3.0779 2.7462 2.4774 2.5519 2.9789 2.5973 2.4060 1.4323 2.4851 2.3240 2.9960 3.5692 3.1269 
6.2036 5.5364 5.5357 5.1789 4.9386 4.8152 4.4694 4.6296 4.4493 4.3803 4.3478 4.0807 4.0282 4.0313 4.0491 3.9302 3.7467 3.8694 3.9184 3.8218 3.7127 3.6768 3.8744 3.7806 3.7370 3.8611 3.5144 3.7312 3.6303 3.6833 3.6854 3.1428 2.8029 
5.3270 5.7995 5.2075 4.8501 4.6013 4.4026 4.0050 4.1741 3.9330 3.8344 4.0532 3.9487 3.7123 3.8206 3.1036 2.9756 3.2640 2.9030 2.9538 3.5588 3.4085 3.5295 3.5627 3.2385 3.2364 3.3967 3.0537 3.3200 3.3659 3.3693 3.4246 3.4893 1.9734 
6.1685 6.1509 5.5416 5.1503 4.7119 4.7550 4.4315 4.4990 4.3708 4.2334 4.1208 4.1034 3.9632 3.9651 3.9066 3.7868 3.8410 3.6905 3.7281 3.7240 3.6237 3.7041 3.6318 3.6389 3.6459 3.6761 3.4648 3.6713 3.4600 3.6463 3.6944 3.8571 2.9081 
6.4407 6.5005 5.7743 5.4715 5.1258 4.9906 4.6980 4.5207 4.4601 4.4740 4.4971 4.4299 4.2318 4.2118 4.1498 4.1475 4.0782 4.0818 4.0121 3.9897 3.9364 3.9979 3.9989 3.8996 3.7573 3.7076 3.7930 3.9048 3.8954 3.9600 3.9840 4.1728 3.1166 
6.5116 6.2339 5.6921 5.3223 4.9337 4.7975 4.7087 4.4319 4.4692 4.4640 4.4380 4.2561 4.1202 4.1979 4.1518 4.0839 4.1691 4.0129 4.0121 3.9806 3.8459 3.8890 3.9340 3.8905 3.7719 3.5798 3.8063 3.7178 3.6248 3.8671 3.9134 3.9480 3.1737 
5.5706 6.1355 5.2819 5.0042 4.3395 4.5940 4.3378 4.0304 3.8507 4.4621 4.5883 4.3768 4.0279 3.7635 3.7444 3.7181 3.1405 3.6259 3.5746 3.5147 3.7111 3.9587 4.0970 3.8899 3.1285 3.2358 3.4043 3.5141 3.0316 3.4847 3.4726 3.8425 2.3257 
6.1199 6.1904 5.2453 4.9168 4.7008 4.2206 4.4496 4.2392 3.9625 3.8261 3.7154 3.5997 3.7116 3.7869 3.7682 3.7440 3.5944 3.6518 3.5864 3.5348 3.4089 3.2252 3.2369 3.2243 3.2844 3.4400 3.4849 3.1185 3.4439 3.3911 3.4233 3.8900 2.9168 
6.7067 6.2220 5.0873 4.6429 4.1737 4.4814 4.1346 3.8364 3.7458 3.6456 3.8560 3.8738 3.4688 3.3651 2.9830 2.2415 1.9224 2.1412 2.8453 3.0924 3.1459 3.4413 3.3628 3.0553 3.0359 3.0030 3.2241 3.3980 2.9248 3.1467 3.2833 3.8964 3.3749 
6.9609 6.6976 5.8957 5.6050 5.3981 5.0915 5.0914 4.9753 4.8050 4.6614 4.6817 4.5912 4.4557 4.4420 4.3077 4.3350 4.4148 4.2405 4.1256 4.1658 4.1108 4.1805 4.1984 4.0833 4.1102 4.1226 4.1399 4.0107 4.1146 4.1045 4.0852 4.3719 3.6163 
5.6919 6.5298 5.7991 5.4871 5.1119 5.0501 5.0161 4.9247 4.8547 4.7805 4.6679 4.4935 4.4673 4.4402 4.3055 4.3683 4.2049 4.2700 4.1246 4.1625 4.1194 4.0760 4.1826 4.1871 4.1384 4.0903 4.0633 3.9667 3.8859 3.9694 4.0015 4.1750 2.2852 
6.6078 7.0768 6.2895 5.9528 5.7473 5.5998 5.4536 5.2310 5.1634 5.0819 5.0439 4.9820 4.9045 4.8787 4.8178 4.7635 4.7206 4.6758 4.6549 4.6247 4.5671 4.5521 4.5458 4.5028 4.4905 4.4633 4.5052 4.5163 4.5061 4.4688 4.5016 4.7192 3.2548 
5.2048 5.6397 5.2971 5.0358 4.7392 4.5044 4.1875 4.3203 4.0489 3.9517 4.0155 3.9739 3.5185 3.6830 3.6380 3.5244 3.2978 3.4532 3.4923 3.4587 3.2087 3.5615 3.5228 3.3741 3.3815 3.5013 3.2927 3.4201 3.4823 3.5316 3.4944 3.3499 1.8148 
6.2147 6.4392 5.6377 5.2980 5.0935 5.0116 4.7230 4.6302 4.5419 4.4609 4.4599 4.4262 4.2957 4.1322 4.2038 4.0516 4.1200 3.9822 4.0552 3.9320 3.9791 3.9931 3.9579 3.8873 3.8848 3.8607 3.8233 3.9273 3.8617 3.8368 3.8613 4.1014 2.8695 
6.1061 6.6458 5.8613 5.4847 5.3005 5.0201 4.9219 4.8775 4.7007 4.6256 4.5490 4.4863 4.4356 4.3391 4.3177 4.3509 4.1707 4.2535 4.1362 4.0842 4.0843 4.0683 4.0537 4.0420 4.0242 4.0554 3.9701 3.9354 4.0424 3.9673 4.0511 4.3145 2.7371 
5.0487 5.4506 5.0493 4.5973 3.4118 3.9942 3.9069 3.6207 3.3174 3.4781 3.4121 3.4353 3.2797 3.5179 3.0575 3.0271 2.6712 2.9548 2.9194 3.3187 2.9385 3.0233 2.9114 2.8969 2.5857 2.8462 2.9440 2.9100 2.1268 3.0901 3.2223 3.0777 1.3326 
4.0687 6.5198 5.6779 5.1915 5.0637 4.9165 4.7495 4.6651 4.4605 4.5607 4.5001 4.1025 4.1760 4.1844 4.3127 4.0836 4.1642 4.0117 4.1303 3.9708 3.9011 3.7027 4.0005 3.9809 3.7561 3.9025 3.8549 3.8329 3.8141 3.6986 3.8909 4.1732 1.2942 
5.8117 6.5787 5.8114 5.5156 5.1632 4.9974 4.9720 4.7091 4.7365 4.5487 4.4960 4.4481 4.3132 4.3439 4.2109 4.3233 4.0961 4.2281 4.0609 4.0890 3.9904 4.0203 3.9971 3.9685 4.0540 3.9347 4.0053 3.9147 3.9227 3.9918 4.0136 4.2179 2.4550 
5.3937 6.3753 5.6451 5.1778 4.9721 4.7914 4.7242 4.5132 4.2120 4.3279 4.1613 4.0939 3.9237 4.0078 3.9416 3.9938 3.9013 3.9315 3.7870 3.7865 3.5764 3.6919 3.6799 3.7297 3.5262 3.6938 3.8270 3.7075 3.6689 3.6818 3.8557 4.0630 1.9505 
6.2845 6.3302 5.6701 5.1562 5.0769 4.8959 4.7148 4.6072 4.6392 4.4389 4.4363 4.3533 4.2056 4.1453 4.1269 4.0567 4.0908 3.9868 3.9937 3.9420 3.9189 3.9468 3.9319 3.8530 3.9629 3.8330 3.8169 3.8117 3.8420 3.6640 3.8960 4.0157 2.9866 
6.9187 6.8259 6.0016 5.6083 5.3710 5.2681 5.0979 4.9319 4.8440 4.7780 4.6908 4.6538 4.5969 4.4923 4.4986 4.4370 4.4092 4.3471 4.3527 4.2422 4.2902 4.2578 4.2076 4.1851 4.1287 4.0952 4.1458 4.1860 4.1008 4.1017 4.1494 4.5017 3.5693 
7.0948 7.1616 6.4407 6.0854 5.7922 5.6312 5.4634 5.3562 5.2299 5.2066 5.1353 5.0174 4.9660 4.9325 4.9724 4.8358 4.8746 4.7433 4.7796 4.6601 4.6099 4.5961 4.6433 4.6305 4.5573 4.5513 4.5118 4.5475 4.5442 4.5700 4.6260 4.8026 3.7299 
7.1983 7.1186 6.2650 5.9583 5.6951 5.5038 5.4376 5.1979 5.1040 5.0189 4.9900 4.9094 4.8625 4.7853 4.7558 4.6592 4.6294 4.5893 4.6053 4.5550 4.5383 4.4969 4.4873 4.4437 4.4426 4.4324 4.4962 4.4208 4.4572 4.4719 4.4775 4.7374 3.8857 
7.2103 6.8652 6.0735 5.7195 5.4868 5.2908 5.0802 4.9517 4.8972 4.7474 4.6605 4.6045 4.4582 4.5169 4.4321 4.4734 4.3722 4.4135 4.2417 4.2799 4.1131 4.1967 4.1675 4.1556 4.1746 4.1095 4.1249 4.2069 4.1790 4.2262 4.2368 4.5359 3.8959 
6.8120 7.1281 6.2913 5.9181 5.6855 5.5408 5.4400 5.1994 5.1104 5.0479 4.9651 4.9891 4.8218 4.8163 4.7520 4.7135 4.6670 4.6460 4.6018 4.5785 4.5105 4.5615 4.4603 4.4705 4.4480 4.4341 4.4972 4.4573 4.4509 4.4466 4.5039 4.7584 3.4810 
6.4709 6.9156 6.2570 5.9068 5.6747 5.5133 5.3941 5.2442 5.1741 5.0552 4.9737 4.9202 4.7574 4.7632 4.6589 4.6585 4.6108 4.5885 4.5202 4.5388 4.4685 4.5035 4.4690 4.4776 4.4989 4.4724 4.4703 4.4296 4.4429 4.4406 4.4709 4.5986 3.0950 
4.4860 5.3081 4.5220 3.9900 4.2022 4.0774 4.1044 3.1554 3.4168 3.1200 2.9784 3.3699 3.3017 2.9649 2.8170 3.0999 2.8460 3.0277 2.6389 2.7575 2.9538 2.9460 2.4875 2.5286 2.7484 2.3332 3.1687 3.0018 2.9525 2.4864 2.7678 3.0150 0.6899 
5.0358 5.4578 4.1782 3.9837 3.6205 3.8757 2.6036 2.8031 3.4115 3.2584 3.4792 2.1344 3.3473 3.0741 2.3090 2.4570 2.7880 2.3949 2.1646 2.8587 2.9975 1.7297 2.9834 2.6673 2.7321 1.9860 1.7444 2.7782 2.3771 2.4781 2.4016 3.1328 1.5181 
4.4350 5.5438 5.0233 4.6442 4.4265 4.1523 3.8948 4.0419 4.0151 3.8105 3.7981 3.7773 3.3980 3.5755 3.7215 3.6162 3.3515 3.5482 3.5629 3.3759 3.0530 3.3825 3.3268 3.2138 3.3534 3.2605 2.9354 3.0685 3.1158 3.1546 3.2111 3.2134 1.0462 
5.7074 5.3305 4.3869 3.6248 2.5538 2.8290 1.7150 3.1002 3.2577 2.3659 2.0948 2.0636 2.8029 2.7374 2.4359 2.8820 1.5230 2.8217 2.3089 2.4755 2.4515 1.6972 1.6111 1.7811 2.5354 2.3240 0.7591 1.7456 1.2955 2.1467 2.5105 2.9891 2.4064 
6.0526 6.1911 5.7260 5.3084 5.0695 4.9707 4.7705 4.7015 4.5478 4.5051 4.4740 4.4164 4.1937 4.1018 4.0743 4.1380 4.1165 4.0741 3.9391 3.9003 3.9115 3.9850 3.9731 3.9279 3.8898 3.9286 3.8805 3.8861 3.8239 3.8490 3.9351 3.8909 2.5907 
5.9772 6.0630 5.1714 4.5774 3.3495 3.9921 3.9884 3.9253 3.4482 3.0367 3.3666 3.5217 3.3082 3.2808 3.3411 3.0848 2.5303 3.0138 3.1473 3.0204 2.9596 3.1152 2.8644 2.4598 2.7875 3.0860 3.0349 2.9088 2.0289 3.0572 3.3677 3.7199 2.7129 
4.6624 6.0174 5.4405 5.0167 4.9708 4.5798 4.4597 4.3644 4.2977 4.2499 4.0778 4.1118 4.0435 3.7696 3.6882 3.9107 3.6246 3.8335 3.5361 3.5194 3.7320 3.7179 3.5774 3.6552 3.5848 3.5351 3.5012 3.4956 3.6661 3.5062 3.5992 3.6787 1.3094 
4.7433 5.2863 5.0670 4.9989 4.4259 4.4932 4.4877 4.1820 4.2809 4.1862 3.9197 3.8185 3.9002 3.6431 3.6733 3.5730 3.8422 3.5028 3.5233 3.4279 3.5518 3.4092 3.4169 3.5940 3.5764 3.4033 3.5383 3.4125 3.1194 3.4865 3.2903 2.9956 1.3876 
5.5528 6.2928 5.2627 5.0028 4.4629 4.1912 3.9212 4.1278 3.5973 3.9539 3.7970 3.7991 3.8577 3.7274 3.6311 3.6763 3.6161 3.5901 3.4876 3.4896 3.5080 3.3973 3.3233 3.3779 2.9257 3.3640 2.9632 3.1060 3.1667 3.4797 3.4540 3.9884 2.1899 
6.2960 5.8377 5.0104 4.2914 4.3995 3.6574 3.7436 3.5719 3.1787 3.3190 3.5688 3.5745 2.9606 3.1228 3.3750 2.8973 2.2978 2.8339 3.2042 2.9004 2.6513 3.1836 3.0713 2.7139 2.4829 2.8055 2.8272 2.5597 3.0896 2.8136 3.1691 3.5211 3.0007 
6.1834 5.9278 4.7806 3.9884 3.5044 3.8437 2.7719 3.2622 2.9985 2.1064 2.9566 2.3975 2.3813 2.8362 2.3646 2.4689 2.3881 2.4093 2.2294 2.5593 2.0764 1.9666 2.4570 1.5196 2.3114 2.4282 1.8061 2.7451 2.2736 2.4709 2.9387 3.5704 2.8830 
5.3763 5.8951 5.1448 4.8736 4.3572 4.0764 3.8805 4.0292 4.0402 3.7083 3.8615 3.8129 3.6591 3.6390 3.4234 3.2916 3.3040 3.1936 3.2820 3.4243 3.3739 3.4053 3.3651 3.1124 3.3743 3.2403 2.9150 2.9898 3.0510 3.3843 3.3597 3.5667 2.0014 
5.2521 5.7244 4.3876 3.8401 3.8581 2.5041 2.5933 2.3586 3.2592 2.7005 2.5519 1.8777 2.6150 2.2563 1.8217 1.5600 2.8135 1.5056 1.7089 1.9611 2.3076 1.5093 2.0587 2.0827 2.5380 1.6082 1.6611 1.3677 2.5282 2.3254 2.4846 3.4133 2.0196 
4.8303 6.0739 5.0720 4.5831 4.3240 4.0701 4.0772 3.9914 3.9486 3.4438 3.4734 3.4758 3.7518 3.3451 3.2513 3.3710 3.2118 3.2968 3.0645 3.0617 3.4351 3.0599 2.9787 2.8634 3.2616 3.1817 3.1383 2.9802 3.0319 3.0604 3.2451 3.7121 0.6481 
6.0677 6.1951 5.0372 4.4475 3.9789 3.8083 3.4457 3.5757 3.3854 3.5487 3.3021 3.1184 3.3707 3.0315 2.8295 2.3369 2.1972 2.2847 2.6543 2.8215 3.0248 2.7422 2.8171 2.9583 2.6926 2.8082 2.5081 2.6992 2.7039 2.9174 3.1841 3.8959 2.8104 
5.5175 5.5838 4.8098 4.0795 3.7696 3.7465 3.6458 3.4748 3.5297 3.3583 3.5930 3.4261 3.2932 2.9867 3.0336 3.2734 3.2624 3.1772 2.8955 2.7953 2.9478 3.0124 3.1091 2.7767 2.8592 2.6829 2.7397 2.6720 2.4814 2.5808 2.9775 3.2912 2.2367 
6.3423 6.2428 5.4091 4.8930 4.7622 4.5826 4.4974 4.1826 4.0238 3.8949 3.8825 3.7675 3.4411 3.5688 3.4450 3.4880 3.5810 3.4213 3.3176 3.3654 3.1100 3.3776 3.3768 3.3059 3.3603 3.4003 3.5462 3.4929 3.4966 3.3858 3.5567 3.9344 3.0951 
5.5502 6.3458 5.7136 5.4366 5.2424 5.2448 5.1446 4.8637 4.4358 3.8057 3.2315 3.5301 3.7970 3.7711 3.5801 3.4655 3.1405 3.4006 3.4473 3.5247 3.4697 3.1292 2.7579 3.2043 3.7098 4.0413 4.2021 4.1601 3.9942 3.9367 3.9226 4.0463 2.3096 
4.7546 6.1640 5.5363 5.2898 5.2438 4.9348 4.6897 4.0323 4.2497 4.3774 4.5499 3.9769 4.2210 4.4026 4.2456 4.0673 4.0702 3.9966 4.0885 4.1225 3.9313 3.5694 4.0544 3.7846 3.5622 3.2491 3.7906 3.8713 3.9855 3.8425 3.7024 3.8877 1.4680 
5.6336 6.6238 6.0745 5.6975 5.5549 5.4871 5.0820 5.1113 5.0388 4.9382 4.7826 4.7709 4.6329 4.6664 4.5658 4.4668 4.4232 4.4011 4.4403 4.4688 4.3365 4.4089 4.3051 4.3375 4.3579 4.3209 4.1300 4.4011 4.2797 4.2017 4.2354 4.2990 2.3827 
6.2571 6.6202 6.0754 5.7398 5.5086 5.2257 4.8937 4.8256 4.8072 4.6939 4.6343 4.5414 4.5368 4.5458 4.4243 4.2917 4.3719 4.1989 4.2274 4.3216 4.2101 4.1223 4.1302 4.1146 4.1105 4.0159 3.9508 4.1423 4.1927 4.2477 4.2287 4.2813 3.0314 
5.3001 6.5322 5.5611 5.4229 5.1882 4.4895 4.3906 4.4383 3.7719 4.0324 4.6307 3.4992 3.6099 3.9654 3.6001 3.7368 3.6706 3.6444 3.4636 3.7241 3.3426 3.0908 4.1270 3.4555 3.0496 3.5844 3.4306 3.3929 3.9391 3.9301 3.7191 4.1865 2.1004 
6.5038 6.4673 5.1882 4.5791 3.4856 4.4267 4.1723 4.0223 3.7576 4.0576 3.0533 3.4690 2.9356 3.2206 2.8744 2.8555 2.9165 2.8051 2.7368 2.9724 2.5823 3.0527 2.5209 3.4706 3.0373 3.2270 3.2678 3.3527 2.2687 3.0374 3.3743 4.1157 3.2702 
6.5965 6.3661 5.6027 5.1949 5.0903 5.1000 4.6136 4.7829 4.5056 4.5173 4.3182 4.4380 4.4339 4.3536 4.1771 4.0845 4.1772 4.0126 4.0331 4.0958 4.0825 4.0083 3.8450 3.9398 3.8282 3.9868 3.6772 4.0130 3.8626 3.6953 3.8026 4.0615 3.2934 
5.7115 5.1507 4.3599 3.9461 3.5559 3.8093 3.2393 3.5595 3.4247 2.1105 2.4417 1.7993 1.8040 2.4100 1.4353 2.4496 2.6053 2.3851 1.3417 2.2024 1.5070 1.3494 1.9484 1.5012 2.7400 2.7909 2.3020 2.7369 2.2851 2.4480 2.5418 2.8948 2.3384 
5.9552 6.5493 5.8193 5.3269 4.9878 5.1176 4.8223 4.8481 4.5198 4.6574 4.5958 4.4844 4.3564 4.2427 4.2508 4.3558 4.4229 4.2592 4.0942 4.0131 4.0206 4.0637 4.1044 4.0777 3.8520 4.0326 3.9105 4.0348 3.6941 3.8654 4.0141 4.1866 2.4920 
5.6346 5.8556 5.4639 4.9931 5.0384 4.7845 4.4312 4.5329 4.3934 4.3677 4.2019 4.0411 4.1176 4.0318 3.7690 3.9556 3.8056 3.8974 3.5868 3.8207 3.8383 3.6317 3.7211 3.7716 3.6622 3.7298 3.4676 3.7019 3.7799 3.4865 3.6246 3.5701 2.2555 
3.2903 5.9633 5.4384 5.0600 4.8628 4.6719 4.6788 4.5004 4.3601 4.5520 4.2931 4.1962 4.3229 3.9928 3.9745 3.9677 3.8263 3.9075 3.8404 3.7630 3.9971 3.8311 3.8170 3.9719 3.6394 3.6803 3.7705 3.5935 3.5742 3.5574 3.5874 3.6140 0.3702 
6.0431 7.0029 6.2871 5.9098 5.6750 5.5456 5.3863 5.2216 5.1027 5.0418 4.9294 4.8841 4.8508 4.7344 4.6913 4.6663 4.5991 4.6024 4.5530 4.5177 4.5300 4.4819 4.4404 4.4650 4.4409 4.4565 4.4640 4.4607 4.4417 4.4393 4.4910 4.6609 2.4043 
5.5804 6.1142 5.4353 5.0333 4.8059 4.6414 4.6798 4.4778 4.3058 4.1605 4.0660 4.1079 3.9946 4.0235 3.9500 3.9468 3.8504 3.8895 3.7992 3.8096 3.6676 3.7088 3.5716 3.5753 3.5910 3.6422 3.7754 3.5567 3.5384 3.5194 3.5778 3.7788 1.9634 
5.8507 6.0023 5.5174 4.8854 4.8319 4.5821 4.4301 4.2592 4.2353 4.0918 3.9729 3.9815 3.8841 3.9468 3.8920 3.7810 3.5492 3.6848 3.7029 3.6964 3.5289 3.5695 3.4750 3.5060 3.5456 3.4562 3.4636 3.4964 3.5592 3.3885 3.6571 3.6292 2.4201 
6.6527 5.7891 5.0488 4.7358 4.6558 4.2590 4.4332 4.1123 4.1033 3.9723 3.7014 3.8885 3.7813 3.5047 3.8065 3.3715 3.2128 3.2964 3.6187 3.3019 3.4543 3.4573 3.2242 3.3943 3.4255 3.3478 3.4677 3.1784 3.4109 3.2747 3.2340 3.4221 3.2800 
5.2601 6.2834 5.3983 5.0021 4.8871 4.5139 4.2568 4.4179 4.1701 4.0525 3.7773 3.9548 3.7875 3.8687 3.9303 3.8436 3.9299 3.7439 3.7683 3.5852 3.4590 3.5389 3.3020 3.4696 3.4912 3.5700 3.3531 3.4287 3.5859 3.4884 3.5546 3.9845 2.0405 
6.2646 5.8601 4.7937 4.6379 4.2219 4.0249 4.0714 3.6796 3.4607 3.8004 3.7396 3.5749 3.5509 3.3668 3.6351 3.5811 3.4072 3.5152 3.4928 3.1032 3.2537 3.1875 3.2658 3.2079 2.8063 2.8866 3.1344 2.9423 2.9633 3.1461 2.9959 3.5130 2.9556 
5.5585 5.2772 4.9802 4.7730 4.0873 4.4298 4.2048 3.8813 4.0088 3.6097 3.3494 3.7580 3.5747 3.6212 3.4578 3.2747 3.2460 3.1767 3.3379 3.4122 3.2959 3.3722 2.8439 3.0288 3.3490 3.0297 3.3072 3.3442 2.8417 3.3050 3.1038 2.9420 1.9746 
6.3719 6.1347 5.0787 4.3463 4.2148 3.4842 3.0154 3.2579 3.1703 1.8472 3.0072 2.3483 3.0426 2.6918 1.2829 2.4861 2.7672 2.4198 1.1874 2.4325 2.7795 1.9527 2.4973 1.3004 2.4805 2.4134 2.0738 2.3796 2.9416 2.8449 3.2633 3.7987 3.0550 
5.0003 6.1813 5.2818 4.7434 4.6122 4.4696 4.4517 4.0607 4.2303 4.1501 3.9965 3.9119 3.6302 3.8054 3.6822 3.6313 3.3702 3.5621 3.5297 3.5493 3.3566 3.4847 3.5011 3.5707 3.5418 3.2818 3.4894 3.3848 3.3741 3.2690 3.4654 3.8934 1.8999 
6.0903 6.2745 5.6016 5.2974 5.0159 4.8037 4.6682 4.4538 4.4338 4.3577 4.1419 4.2355 4.0876 4.0887 3.9182 3.9290 3.7530 3.8658 3.7477 3.8905 3.7921 3.8738 3.6584 3.7582 3.7108 3.6093 3.7593 3.7180 3.7396 3.8395 3.7976 3.9593 2.7157 
5.7509 6.1219 5.5680 5.2765 4.9948 4.9139 4.6536 4.5516 4.5346 4.4683 4.4352 4.2971 4.1923 4.1197 3.9144 3.9671 3.9143 3.9073 3.7422 3.9189 3.9118 3.9123 3.9312 3.8939 3.8784 3.7525 3.7267 3.8314 3.7034 3.8152 3.7469 3.8204 2.4997 
5.5743 6.4602 5.7517 5.5148 5.2031 5.0815 5.0358 4.8178 4.7452 4.6494 4.5346 4.4494 4.3988 4.4691 4.3245 4.3179 4.1203 4.2231 4.1399 4.2079 4.0495 4.0221 4.0381 4.0637 4.0606 4.0107 4.0845 3.9973 3.9582 3.9875 3.9607 4.1155 1.8851 
5.8070 6.0240 5.1244 4.7608 4.4867 4.5012 4.2326 4.1217 3.9184 3.4235 3.8417 3.4751 3.5377 3.4053 3.1914 3.3674 2.8537 3.2881 3.0275 3.1542 3.2382 3.0564 3.3540 2.8434 3.2122 3.3593 3.3381 3.4179 3.2160 3.3039 3.3379 3.6496 2.4217 
6.3645 6.2243 5.4213 4.8729 4.5771 4.4278 4.3716 4.1940 3.9928 3.8857 3.7396 3.8831 3.7372 3.4927 3.5722 3.5393 3.7550 3.4685 3.4327 3.2861 3.4250 3.4502 3.2652 3.2902 3.3359 3.4101 3.4227 3.3426 3.3476 3.3777 3.5726 3.9311 3.0776 
5.5597 5.6814 5.1097 4.7124 4.0018 4.1512 3.9378 3.8284 3.5766 3.8803 3.6037 3.3826 3.2052 3.1555 2.8277 2.8299 3.1206 2.7664 2.6471 2.9225 2.8886 2.9574 3.1184 3.2778 2.9042 2.9940 2.9839 3.0688 2.7577 3.2418 3.3377 3.4014 2.2495 
6.5012 6.4925 5.6568 5.2684 4.7949 4.6943 4.8129 4.6593 4.5138 4.5198 4.4405 4.1762 4.2452 4.1991 4.0002 4.1155 4.0727 4.0453 3.8805 3.9797 3.9461 3.8060 3.9364 3.9416 3.8440 3.8950 3.9053 3.6106 3.5271 3.8010 3.8712 4.1238 3.0852 
5.7451 5.2055 4.3489 3.7619 3.4356 3.0647 3.7099 3.4046 3.4081 3.3474 2.9125 2.8293 2.5149 2.8970 2.8332 2.7112 2.6447 2.6097 2.6670 2.6609 2.2560 2.4032 2.4153 2.7548 2.7208 2.5873 2.8089 1.9886 2.2175 2.2719 2.5035 2.8745 2.4254 
6.0293 5.3905 4.5022 3.7941 3.5943 3.3968 3.3748 3.3880 2.8538 3.3175 2.8624 3.3215 2.3221 1.6542 3.3392 2.9987 3.0424 2.9255 3.1394 1.3537 1.9756 2.8921 2.3569 2.7130 2.1345 2.5717 2.4199 2.3171 2.3404 2.2829 2.6354 2.9810 2.5286 
5.4833 5.3449 4.4300 4.3006 3.7377 3.6938 3.3682 3.5599 3.5390 3.6188 3.6406 3.5383 3.5298 3.4422 2.4449 2.7779 2.7082 2.6765 2.3108 3.2069 3.2279 3.1368 3.1577 3.0355 2.8664 2.7971 2.4113 2.6158 2.4524 2.8263 2.5766 3.0300 2.1677 
5.6635 6.2370 5.2518 4.9359 4.5960 4.4812 4.3142 4.2839 4.0823 3.9699 3.9802 3.8418 3.7754 3.9704 3.6227 3.4515 3.8005 3.3889 3.4804 3.7308 3.4511 3.4217 3.4829 3.3907 3.4080 3.4717 3.3868 3.3924 3.3575 3.4138 3.4283 3.9321 2.5345 
6.5518 6.5439 5.6430 5.2007 4.8847 4.8519 4.6563 4.4984 4.4277 4.2060 3.9334 3.9810 3.8162 3.8837 3.9345 3.8570 3.8676 3.7549 3.7763 3.5978 3.4802 3.5685 3.4326 3.6114 3.6993 3.6733 3.7324 3.7684 3.5865 3.7122 3.8474 4.1676 3.1504 
6.9198 6.6347 5.8266 5.5108 5.1905 4.9165 4.9295 4.7055 4.6528 4.5221 4.4597 4.4648 4.4335 4.3070 4.3092 4.2078 4.1118 4.1230 4.1281 4.0598 4.0818 4.0417 3.9582 3.9445 3.9733 3.9337 3.9743 3.8359 3.9450 3.9883 4.0244 4.2696 3.5774 
7.0338 6.7721 6.0155 5.6912 5.4795 5.2406 5.1076 4.9216 4.9068 4.7286 4.7153 4.6330 4.5256 4.5430 4.4766 4.5067 4.5106 4.4477 4.3171 4.3189 4.1945 4.2316 4.2330 4.1388 4.1830 4.0877 4.1594 4.1578 4.1731 4.1936 4.1714 4.4551 3.6853 
6.1150 6.2060 5.4461 4.9887 4.7074 4.5483 4.2340 4.2934 4.3008 4.0573 3.9657 3.7176 3.9270 3.9176 3.6973 3.8621 3.7032 3.7629 3.5414 3.6503 3.5796 3.3475 3.4667 3.4747 3.5845 3.4832 3.3411 3.4634 3.4575 3.4696 3.5928 3.9027 2.7919 
