1.5306 0.9487 1.7694 1.7506 1.1377 1.4922 1.2849 1.3542 1.2634 1.0475 0.5195 1.2367 -0.0050 0.9233 -0.5431 -1.0190 -0.0873 -1.0872 -0.6780 0.6599 -0.3823 0.7715 -0.0569 0.3768 0.5185 0.4918 0.2216 0.2748 -0.3376 0.0484 -0.2977 -1.6438 -2.2682 
2.3501 0.7937 1.1888 0.2064 -0.0381 0.5297 0.5621 -1.6732 1.0046 -0.1952 -0.1822 0.3711 0.2649 -0.0864 -0.6132 0.5542 -1.3681 0.4812 -0.8022 -0.3871 -0.0619 -0.0598 -0.7082 -0.8927 0.2002 -2.3690 -0.4930 -0.6993 -1.3613 -1.3499 -0.9198 -1.9498 -1.6269 
2.0758 2.0327 0.9663 1.1277 1.3858 0.7770 1.7893 1.9447 1.4850 -0.0867 0.7260 1.0918 0.4645 0.4973 0.3095 0.1506 -0.3801 0.0651 0.1341 0.1766 0.0717 0.6124 0.1657 -0.7665 0.7094 1.0725 0.7182 -0.4378 -0.0150 -0.5731 -1.1201 -0.5814 -1.7340 
2.3696 1.3468 2.2801 1.5108 1.7941 1.6535 1.2907 0.9367 1.3989 1.1456 -0.0656 1.2072 0.8057 0.1018 -0.1264 0.7766 0.1807 0.6993 -0.3291 -0.1271 0.5085 0.7398 -0.6165 0.4934 0.6439 0.0402 0.2201 0.4336 0.3563 -0.1350 0.1982 -1.2524 -1.4844 
2.4586 0.5683 1.2299 0.8292 -0.2114 1.3501 0.8511 1.3869 1.2383 0.5539 -1.2675 1.3093 1.3550 1.6089 0.9090 0.1783 -2.1913 0.1125 0.7269 1.3278 1.0259 0.8515 -1.8373 -0.0998 0.4867 0.5316 -0.1584 0.1295 -1.7259 -0.8172 -0.7596 -2.0197 -1.3265 
2.6005 1.7849 0.3295 0.4431 0.0775 0.1664 0.6374 0.3400 -0.1232 0.3022 0.6626 0.2857 0.7103 0.3127 1.0808 0.4162 -1.2578 0.2949 0.8630 0.0577 0.3676 -0.1231 0.1108 -0.3814 -0.9253 -0.5616 -0.4444 -1.0305 -1.3186 -1.2371 -1.6272 -0.7495 -1.1966 
0.6637 1.4387 0.2702 1.3005 0.2279 1.2045 0.5158 1.1360 0.1886 1.1697 0.2583 0.8000 0.2264 0.9776 0.0595 0.8151 0.5419 0.7423 -0.0821 0.7039 -0.0811 0.3778 -0.2907 0.5223 -0.5650 0.1766 -0.5797 -0.0158 -1.1565 -0.3949 -1.7201 -1.1484 -3.0021 
1.1355 -0.2142 1.0122 0.3107 0.2412 1.1219 1.1220 0.5986 -0.2249 0.7460 0.6748 0.0815 0.4731 0.7313 0.5146 0.1204 -0.1093 0.0379 0.2982 0.5111 0.0833 -0.3760 0.1157 0.0894 -1.0109 -0.3299 0.0336 -0.0968 -1.1638 -1.3386 -1.0583 -2.8362 -2.7449 
1.8211 2.3238 2.3090 1.7982 1.3932 1.5919 0.0325 0.5640 0.5333 1.2463 0.8785 -0.2075 0.5611 -0.4638 0.5223 0.8243 -0.8546 0.7481 0.3129 -0.6888 0.1679 -0.6620 0.3333 0.5962 -0.2821 -0.3705 -1.0201 0.3653 -0.0014 0.0970 0.2166 -0.3297 -2.1703 
1.2985 1.9246 0.4231 0.6105 -0.4756 1.2470 0.2863 0.7825 0.1252 0.7287 0.0683 -0.3132 0.0456 -0.5286 0.0849 0.3718 0.7593 0.2622 -0.0604 -0.7659 -0.3169 -0.7126 -0.4839 0.0719 -0.6402 -0.0752 -0.7210 0.0287 -1.8969 -1.0872 -1.5791 -0.6800 -2.5358 
2.4549 2.0488 1.2478 1.1268 0.1559 -0.0034 0.6827 0.0610 0.8100 0.1644 -5.0156 -0.3003 0.8661 1.1655 1.2151 -1.2465 -0.0274 -1.2784 1.0529 0.8719 0.5464 -0.7041 -4.9139 -0.4933 0.0513 -0.8215 -0.3785 -1.2296 -1.2455 -0.5933 -0.7867 -0.5323 -1.2600 
2.7154 0.9932 1.4100 1.5565 1.1473 1.8645 1.2907 1.6353 1.3765 1.2466 -0.1805 0.9377 0.6228 0.7741 0.6726 1.2345 -1.3708 1.1654 0.5327 0.5452 0.2542 0.5170 -0.7152 0.5905 0.6116 0.7034 0.2285 0.6444 -0.2967 -0.0923 -0.6031 -1.6698 -1.0852 
2.4919 2.1604 2.3122 2.0364 1.2004 1.4757 0.9845 1.1516 1.0065 0.4450 0.6308 1.1330 1.5104 1.0518 1.3159 0.6945 -0.0270 0.6123 1.1684 0.7577 1.1796 0.6523 0.0676 -0.2281 0.1949 0.2026 -0.0579 0.2540 -0.2191 0.3741 0.2342 -0.4994 -1.3220 
3.0754 2.2169 0.0902 -1.0169 0.7395 0.2615 1.0648 0.5356 0.2103 0.7135 1.2800 1.3449 1.6317 1.1631 1.2532 0.6314 0.4248 0.5596 1.1165 0.8707 1.2603 0.8955 0.7229 0.0575 -0.5552 -0.4241 -0.0011 -0.9336 -0.6433 -2.4358 -1.8240 -0.4997 -0.7290 
3.2437 2.1594 1.5762 1.4687 1.4244 1.2539 1.0394 0.8079 1.0476 0.1693 0.5209 0.0362 0.3027 -0.1252 -0.6596 0.3341 -1.5657 0.2312 -0.8290 -0.4390 -0.0312 -0.4342 -0.0482 -0.4830 0.2291 -0.0561 -0.0244 0.0332 0.0275 -0.1613 -0.4605 -0.5369 -0.5437 
3.1941 1.9995 1.8645 1.4462 1.0662 1.6087 0.2337 0.7665 1.0645 -1.2815 0.3880 0.8825 0.3240 0.6952 1.0435 0.2872 -0.2721 0.1788 0.8356 0.4577 -0.0155 0.4811 -0.1440 -1.8602 0.2504 -0.0940 -0.7890 0.3916 -0.3833 -0.1943 -0.1507 -0.6960 -0.6428 
1.3050 1.4835 1.0166 -0.0735 0.9508 -0.3664 1.1265 0.5757 -0.0355 0.6444 0.3627 -0.6107 0.6218 0.5694 -1.0219 0.5051 -1.4846 0.3858 -1.1552 0.2868 0.2397 -1.0586 -0.1758 -0.0057 -0.8341 -0.3468 0.0374 -1.6187 -0.4714 -1.7704 -1.0902 -1.0726 -2.6220 
3.2184 2.5838 1.8921 1.8220 1.3941 1.0581 1.4683 0.5829 0.5019 1.3276 0.7798 1.0980 0.9257 0.3563 0.5906 0.8213 0.3648 0.7460 0.4308 0.0798 0.5910 0.6149 0.2381 0.6709 -0.3074 -0.3514 0.4595 -0.1617 -0.0082 0.1270 -0.1194 -0.0603 -0.5844 
3.2667 2.3917 0.8209 1.2357 0.8773 1.1621 -0.6882 1.0827 0.7642 -0.3209 0.9732 -1.0535 0.7398 0.8629 -1.8033 0.6505 0.2741 0.5777 -2.0936 0.6211 0.4023 -1.4735 0.4419 -0.9880 0.0050 0.1455 -1.7326 -0.0529 -0.5250 -0.4529 -1.2340 -0.3451 -0.5493 
3.3095 2.3583 1.5755 1.5155 0.6848 1.0697 0.7138 -0.6213 0.5790 0.9126 0.7306 0.9217 -1.2745 0.6563 0.4974 0.1030 -0.0752 0.0187 0.2822 0.4093 -1.7199 0.5137 0.1669 0.2485 -0.1893 -1.5154 -0.3310 -0.1457 -0.6844 -0.1144 -0.4800 -0.4007 -0.5133 
3.2271 1.8322 1.8695 1.6016 1.4206 0.6941 1.4276 1.3895 0.4130 0.0422 0.8024 0.8582 0.9401 0.1587 0.4804 -0.3824 0.5948 -0.4554 0.2592 -0.0685 0.5952 0.4447 0.2582 -0.6099 -0.4003 0.5297 0.4105 -0.5196 0.0195 -0.0685 -0.1594 -0.9715 -0.5887 
3.2056 2.1492 1.8984 1.4359 0.8591 1.6248 1.1670 1.0210 0.5547 0.8576 0.5545 0.3267 0.7829 1.2530 0.9104 1.0738 0.9194 0.9657 0.7321 1.0012 0.4861 -0.0902 -0.0143 0.1918 -0.2396 0.0968 0.0776 0.4135 -0.5517 -0.2165 -0.0991 -0.5508 -0.6007 
1.3922 1.7472 0.2745 1.2818 1.2179 -1.3778 1.2613 0.9027 0.5947 -0.2129 0.2727 0.0671 0.5594 0.0981 -0.2651 -0.1918 -0.5989 -0.3066 -0.4625 -0.1192 0.1645 -0.3846 -0.2671 -0.9193 -0.1707 0.0108 0.1941 -2.4896 -0.1721 -0.4202 -1.6999 -0.8319 -2.6524 
2.9751 1.7790 1.5863 1.2245 0.7158 1.0107 1.2811 1.3417 1.0631 0.0050 -0.0083 0.5172 0.2980 0.7712 0.9114 0.6860 -0.4600 0.6069 0.7367 0.5457 -0.0379 0.0340 -0.5694 -0.6516 0.2406 0.4761 0.2172 -0.2107 -0.6890 -0.4695 -0.4476 -0.8465 -0.8327 
-0.8590 1.1978 1.0992 0.0531 1.1004 0.7919 0.3287 0.8124 0.9046 0.5539 0.7528 0.5235 0.7270 0.5993 0.5693 0.7052 0.0009 0.6261 0.3908 0.3243 0.3911 0.0390 0.1865 -0.0941 0.1275 -0.0515 -0.6917 -0.4302 -0.3719 -1.6234 -0.9995 -1.3945 -4.1225 
1.9272 0.9457 -0.3088 -0.3082 0.6652 0.4678 -0.1184 0.4679 0.0980 -0.0517 0.5493 0.5981 -0.2014 -0.7010 -0.5444 -0.3208 0.5849 -0.4103 -0.6852 -1.0275 -0.5775 0.1298 -0.0121 -0.6945 -0.6557 -0.4737 -1.2145 -0.7562 -0.7138 -1.9536 -2.3361 -1.7552 -1.8740 
0.9977 1.1368 0.5862 0.5657 0.4648 0.3604 0.8622 0.4719 0.6703 0.5008 0.9535 0.3556 0.1211 0.6126 -0.8357 0.4008 -0.3927 0.2937 -1.0455 0.3446 -0.2081 -0.0770 0.4170 -0.1731 -0.0753 -0.4728 -0.1460 -0.8504 -1.0062 -1.1336 -1.4648 -1.5357 -2.9671 
2.4349 1.7361 1.2515 1.4035 1.0614 0.4556 0.5302 1.1871 1.1530 1.1645 1.2590 1.6077 1.4879 1.5726 0.8322 0.1444 -1.1927 0.0591 0.6694 1.3008 1.1648 1.1681 0.7016 0.5175 0.3525 0.2531 -0.5487 -0.7777 -0.4098 -0.2560 -0.7693 -1.0061 -1.4452 
2.4785 1.3849 1.2593 0.1655 1.4132 1.7128 0.4100 1.3907 1.3810 0.7858 -0.6963 0.3279 1.1096 1.1493 1.2794 0.3356 -0.0067 0.2268 1.1375 0.8431 0.7136 -0.0863 -1.2303 0.1428 0.6156 0.5335 -0.6582 0.4956 0.0236 -1.4588 -0.7109 -1.1562 -1.3132 
3.0605 2.7603 2.8163 3.0850 1.8839 1.9827 1.9029 1.9523 1.5278 1.5909 1.0637 1.2683 1.9277 2.0578 1.4352 1.0547 1.3746 0.9547 1.2735 1.8212 1.5809 0.8106 0.5247 0.9098 0.7563 1.0751 0.8342 0.7686 0.4720 1.3871 0.7736 0.2014 -0.7884 
2.9472 2.4517 1.9853 0.6586 0.6887 1.6256 1.2732 1.0473 1.2649 1.7401 0.7410 1.1209 1.5713 -0.4172 -0.5884 1.3235 0.6048 1.2455 -0.7502 -0.6518 1.2189 0.6365 0.1680 1.0724 0.5261 0.1047 0.2159 0.4035 -0.6865 -1.0130 -0.0400 -0.1925 -0.8926 
3.0182 2.6912 2.3547 2.2123 1.7451 1.7934 1.9061 1.1190 1.0013 0.3412 0.7361 0.4283 1.0763 1.4573 -0.5503 0.6194 1.5449 0.5557 -0.6718 1.2152 0.6929 -0.0203 0.1707 -0.3448 0.1915 0.1495 0.8402 0.5783 0.2678 0.5532 0.2701 0.0682 -0.7764 
3.3621 3.0532 2.3884 1.9606 1.4122 1.6297 1.5492 1.4411 0.7665 0.6065 0.5800 -0.4531 1.3843 1.4785 1.6431 1.0794 -0.0214 0.9617 1.4336 1.2332 1.0739 -0.8935 0.0110 -0.0402 -0.0085 0.5712 0.5256 0.4150 0.0200 0.2759 0.3187 0.4252 -0.4440 
3.0162 2.0478 1.3318 1.0311 1.7815 0.5133 1.4037 1.8041 1.6609 1.2474 0.9170 -0.5729 0.7633 1.6148 1.4958 -1.0627 -0.5969 -1.1332 1.3250 1.3351 0.4380 -1.0517 0.3795 0.5946 0.8448 0.8715 0.3809 -0.7205 0.3262 -0.6607 -0.7071 -0.6539 -0.8818 
1.8682 2.4581 2.1377 1.9171 1.3834 0.8240 1.2116 0.9160 1.2862 0.8996 1.1196 0.3693 0.1565 0.5107 0.8078 1.3279 1.2405 1.2506 0.6586 0.1985 -0.1836 -0.0715 0.5500 0.2313 0.5406 0.0199 0.1502 -0.4068 -0.0135 0.2165 0.1198 -0.1026 -1.8662 
3.5175 2.2212 1.3157 1.2043 1.1865 1.0986 1.1411 0.5628 -0.2778 0.9446 1.1271 1.7913 1.2132 1.0085 1.2481 0.8880 -0.2871 0.7886 1.1104 0.7240 0.8288 1.3162 0.5612 0.2714 -1.1014 -0.3744 0.0582 -0.1318 -0.2506 -0.5032 -0.7128 -0.5465 -0.3551 
3.2520 2.3643 1.6813 0.5197 0.6432 1.2182 1.3070 1.1623 1.4501 0.9454 0.5088 0.5440 1.0598 1.1542 1.2124 0.9974 -0.6782 0.8906 1.0552 0.8471 0.6754 0.0664 -0.0571 0.2741 0.6863 0.2172 0.2420 0.0009 -0.7776 -1.2275 -0.3937 -0.3279 -0.5235 
3.0452 1.6917 0.8260 1.3886 1.4255 1.1692 0.7696 0.9817 0.4961 0.9481 0.9050 0.5307 0.5688 -0.4084 0.4465 0.3717 -1.4350 0.2649 0.2346 -0.6437 0.1760 0.0425 0.3715 0.2715 -0.3086 0.0640 -0.2728 -0.0530 0.0268 -0.2761 -1.1614 -0.9485 -0.7157 
2.7943 1.8312 1.5403 0.4379 0.7792 1.1435 1.0407 1.4439 1.4088 1.7117 1.3848 1.2256 1.0425 0.8688 0.8629 0.8857 -0.0767 0.7844 0.6979 0.6203 0.6670 0.7617 0.8325 1.0377 0.6509 0.5690 -0.0181 -0.0754 -0.6251 -1.2785 -0.5353 -0.8852 -1.1123 
2.8946 1.3375 1.3972 1.6260 1.1571 0.3414 0.7203 0.2756 0.0963 0.4113 0.7698 -0.9309 0.4178 -0.1002 -0.1986 0.5982 0.8723 0.5325 -0.4207 -0.4151 0.0400 -1.3068 0.2049 -0.2477 -0.6578 -0.6275 -0.3166 -0.8824 -0.2961 -0.0380 -0.6261 -1.1295 -0.9886 
3.6179 1.3833 2.2624 1.9809 2.7700 2.3529 1.5365 1.0198 2.0682 0.4398 1.2856 1.7080 1.8371 2.6364 0.7680 0.5201 0.6187 0.3907 0.5850 2.4090 1.4735 1.2239 0.7378 -0.2421 1.2959 0.0740 0.5133 1.1217 1.3414 0.2452 0.1623 -1.0665 -0.2865 
2.8150 2.3897 0.9344 1.8973 1.8224 1.3919 1.2507 1.3399 1.4511 0.7957 1.3578 1.4390 -0.0933 1.2635 -0.7721 1.4384 0.8597 1.3650 -1.0532 1.0189 -0.4864 1.0180 0.7927 0.1458 0.6843 0.4831 0.1675 0.1875 0.3895 0.2180 -1.1419 -0.2833 -1.0355 
3.3553 2.5540 1.7577 1.3710 1.5762 1.6913 1.3846 1.6777 1.5944 1.7346 1.1989 -0.4204 0.7213 0.5640 0.1665 1.2847 0.0046 1.2101 0.0230 0.2665 0.3840 -0.8257 0.6335 1.0617 0.7885 0.7415 0.3469 0.4747 0.1450 -0.3083 -0.3128 -0.0886 -0.4520 
2.4225 1.9719 1.0965 0.8426 0.7915 1.2036 1.4327 0.5957 0.3752 1.1663 0.9288 0.1818 0.0239 -0.6683 0.5805 1.3482 1.4488 1.2678 0.4154 -0.9695 -0.3450 -0.2482 0.3876 0.5208 -0.4268 -0.3377 0.4155 -0.0137 -0.6015 -0.7989 -1.0079 -0.6598 -1.4043 
1.3271 1.1134 1.4452 1.6957 2.0814 1.2689 1.1120 0.1778 0.8505 1.3806 0.8137 1.4478 0.6419 1.0075 0.7167 0.4744 0.8072 0.3668 0.5644 0.7275 0.2680 1.0311 0.2698 0.7232 0.0878 -0.6720 0.0209 0.0434 0.6707 -0.0018 -0.5856 -1.5289 -2.6364 
1.9560 0.7453 0.0274 -0.0174 0.6349 0.1678 0.0518 -1.2772 0.0612 0.8552 0.0770 0.5424 0.3980 -0.0764 -0.8003 -0.5478 -0.1911 -0.6279 -1.0029 -0.3862 0.0296 0.0630 -0.4790 0.1888 -0.6802 -2.1891 -1.0097 -1.0593 -0.7550 -1.7160 -1.9594 -1.9079 -1.8250 
2.4787 0.5418 0.5387 1.2153 0.8320 0.9314 0.9064 0.8928 0.6170 1.3298 0.0414 -0.3588 0.8542 0.6785 0.0992 0.5091 0.3823 0.3941 -0.0536 0.4380 0.5425 -0.7694 -0.5146 0.6706 -0.1154 0.0020 -0.1024 -0.2866 -0.5739 -0.4826 -1.4624 -2.0308 -1.3040 
-0.3501 0.7463 0.9592 0.5917 0.0749 0.6736 0.6474 0.8599 0.2798 0.0976 0.8392 0.2932 0.5530 0.4891 0.3074 0.2849 0.4515 0.1884 0.1337 0.1685 0.1632 -0.1090 0.2950 -0.5548 -0.4974 -0.0192 -0.4304 -0.5428 -1.2957 -1.1224 -1.0840 -1.8448 -4.3899 
-1.1170 0.5130 1.2105 1.1290 1.1810 0.9373 0.4554 0.7721 1.0280 0.8294 0.7104 0.7770 0.9628 1.1191 0.8396 0.5226 0.0917 0.4175 0.6774 0.7953 0.6108 0.3458 0.1565 0.1687 0.2185 -0.0875 -0.6106 -0.2777 -0.2539 -0.5796 -0.8079 -2.1463 -4.8235 
2.9677 2.4013 1.0894 0.6479 1.1353 1.4677 1.4344 1.2805 1.2458 1.0892 0.1588 0.1086 1.1462 0.7807 0.0924 0.9463 0.1514 0.8482 -0.0469 0.5509 0.7570 -0.3656 -0.4041 0.4131 0.5001 0.3905 0.4175 0.2537 -0.3157 -1.0432 -1.0187 -0.2656 -0.8148 
2.5281 2.0629 1.7844 1.5765 0.7888 0.2159 0.6835 1.1552 0.5263 1.1489 1.0507 1.5174 1.0028 -0.0405 1.1340 1.0838 -0.0869 0.9697 0.9277 -0.3232 0.6327 1.1097 0.5157 0.5047 -0.2738 0.2028 -0.3630 -0.9935 -0.6171 -0.0832 -0.2655 -0.5635 -1.2377 
2.9667 2.5354 1.8446 1.8386 -1.6997 1.6078 1.2598 0.2616 0.5254 1.4832 0.0315 0.6533 0.5657 0.6838 0.3519 -0.1393 0.5557 -0.2611 0.1637 0.4445 0.1748 0.1815 -0.5394 0.8165 -0.2695 -0.6211 0.1818 0.3918 -2.9001 0.1393 -0.1703 -0.0843 -0.8822 
1.7763 0.7709 0.9520 0.6162 0.1615 0.5094 0.1101 0.4389 -0.3166 -0.4557 0.3388 0.8585 0.1093 -1.3217 -0.4509 -1.2981 -0.5778 -1.3705 -0.6091 -1.6391 -0.2392 0.4459 -0.1895 -1.1194 -1.1053 -0.4891 -0.9476 -0.7080 -1.2446 -1.0862 -1.1031 -1.9083 -2.0804 
0.9137 1.8659 0.6919 0.7111 1.0950 0.1664 0.2511 0.9689 -0.0184 0.9306 -0.1775 -0.0860 0.5784 -0.1299 0.7769 -0.4431 0.1814 -0.5100 0.6223 -0.4332 0.1937 -0.5617 -0.7026 0.2544 -0.7608 0.0573 -0.7818 -1.0518 -0.3869 -0.9695 -1.2691 -0.6956 -3.4952 
3.3384 1.9902 1.9383 1.3838 1.0443 1.1365 0.9262 1.3195 -0.1861 1.1692 1.2712 0.5932 0.8271 0.9857 0.5236 0.1367 -0.6945 0.0526 0.3105 0.7094 0.5228 0.1235 0.7147 0.5236 -1.0082 0.4426 -0.0869 -0.0881 -0.4227 -0.2974 -0.0792 -0.7243 -0.4952 
1.2455 1.6046 1.7889 1.4506 1.6880 1.3837 0.9890 1.3335 1.3910 0.7594 0.9194 0.9760 -0.6617 0.0961 -0.7245 -0.7042 0.2794 -0.8158 -0.9601 -0.1181 -1.0605 0.5407 0.3736 0.0981 0.6311 0.4634 -0.0548 0.1643 0.2190 -0.1856 -0.2452 -1.0108 -2.5211 
2.4955 2.3446 2.0450 1.4417 1.5139 1.2869 0.7399 1.1552 0.6652 0.5520 0.8676 0.7731 0.7611 0.6983 0.2884 0.5313 0.3348 0.4384 0.1159 0.4678 0.4341 0.3359 0.3266 -0.0938 -0.0841 0.2081 -0.3131 0.0636 0.0951 -0.2126 0.0211 -0.3406 -1.2930 
0.1598 1.4292 0.3695 0.8672 0.6539 0.7537 -0.0991 0.2579 0.5125 0.1931 0.2928 -0.4253 0.1658 0.1622 0.7308 -0.3440 0.4737 -0.4377 0.5775 -0.0630 -0.1460 -0.8542 -0.2514 -0.4608 -0.3022 -0.6298 -1.1845 -0.4616 -0.7375 -0.7724 -1.6664 -1.1963 -4.8770 
1.1304 1.7950 0.7096 0.8857 0.9930 -0.1352 -0.1131 0.7782 0.6316 0.5630 0.7107 -0.1206 0.7747 0.6896 -0.0921 0.4333 0.1383 0.3215 -0.2965 0.4535 0.4662 -0.6078 0.1562 -0.0809 -0.1101 -0.0831 -1.1907 -1.3456 -0.4517 -0.7419 -1.3175 -0.8388 -2.8357 
3.1547 2.9274 2.4223 1.5473 1.7998 1.5656 1.4591 1.1452 0.9992 1.1478 -0.0300 1.2068 1.2716 0.7348 0.5333 0.7296 -0.6130 0.6466 0.3381 0.5094 0.9113 0.7410 -0.5813 0.4926 0.1988 0.1803 0.4497 0.3464 0.3722 -0.0902 0.3743 0.2440 -0.6370 
1.2001 1.5049 0.5835 0.1103 -0.2168 0.1542 1.0108 0.1901 0.2046 -0.5032 -0.0135 0.3255 1.0246 0.4792 -0.1718 0.6250 0.7292 0.5556 -0.3802 0.1683 0.6510 -0.0902 -0.5750 -1.1630 -0.5568 -0.6703 -0.0388 -1.0641 -1.6669 -1.5893 -1.4271 -1.1334 -2.6447 
2.7652 2.3581 1.2314 1.1883 1.1324 1.2285 1.6680 0.0621 1.5048 1.6015 1.4582 0.5133 0.6877 1.1953 1.2950 1.3864 -2.9850 1.3088 1.1515 0.9193 0.3394 0.0239 0.9151 0.9318 0.7331 -0.8509 0.5990 0.0070 -0.3268 -0.5171 -0.8392 -0.3514 -1.1077 
1.9435 1.2783 1.4525 1.3627 1.2516 1.0859 0.2778 0.2724 0.3315 1.0102 1.1673 0.8618 0.2910 1.1558 1.0071 -0.0435 -0.1731 -0.1108 0.7974 0.8554 -0.0387 0.4458 0.6030 0.3407 -0.4563 -0.6158 -0.7239 -0.1389 -0.1432 -0.3166 -0.5663 -1.3442 -1.8708 
2.1487 1.9425 0.5897 1.2295 1.5024 1.9492 1.7653 -0.2109 1.1088 1.0998 0.6767 1.0893 0.7182 0.1100 0.4851 0.5270 0.7690 0.4317 0.2645 -0.1040 0.3732 0.6126 0.1216 0.4220 0.2890 -1.1602 0.6811 0.7308 0.0883 -0.4548 -1.5276 -0.6730 -1.6953 
1.1648 1.2098 0.5237 0.7704 1.3557 0.9705 1.2826 0.4278 0.4518 1.4516 1.1662 0.5889 0.0721 1.2835 1.0485 0.7927 -0.0995 0.7203 0.8321 1.0448 -0.2630 0.1148 0.6013 0.7867 -0.3560 -0.5081 0.2138 -0.2430 -0.0461 -0.8800 -1.5436 -1.4159 -2.4673 
1.8494 1.2566 1.1274 1.6879 2.0001 1.4866 0.4484 1.4490 0.7791 1.1860 0.7625 1.0071 0.6808 1.3517 1.2385 0.5200 0.5905 0.4171 1.0925 1.1297 0.3369 0.5615 0.1924 0.5388 0.0297 0.5741 -0.6140 0.2617 0.6032 -0.0085 -0.9247 -1.3876 -1.9485 
2.9542 1.6463 1.6315 1.2409 1.1321 0.5418 1.3005 1.1043 1.1065 1.2870 0.9984 0.7210 -0.3117 1.2889 1.0573 0.0468 0.5283 -0.0346 0.8436 1.0553 -0.6481 0.2601 0.4550 0.6309 0.2939 0.1458 0.2450 -0.6676 -0.3362 -0.4631 -0.4433 -1.0748 -0.8768 
3.3431 1.9838 1.6311 1.4715 0.9111 0.7407 0.8241 0.5929 0.9662 1.0449 1.5595 1.4357 1.2047 1.2438 0.5621 0.6820 0.6241 0.6064 0.3716 0.9833 0.8152 1.0167 1.0273 0.3771 0.1647 -0.3239 -0.1962 -0.4778 -0.5154 -0.1691 -0.4408 -0.6952 -0.4559 
3.2519 2.4291 1.9741 1.2488 1.7249 1.0961 0.5657 0.2400 1.7433 1.4155 0.5733 0.8755 0.8831 0.5690 0.1154 0.6262 -0.0907 0.5564 -0.0417 0.2799 0.5543 0.4664 0.0112 0.7651 0.9324 -0.6239 -0.4904 -0.1320 0.2617 -0.4478 -0.0520 -0.2825 -0.5584 
3.0596 2.5843 2.0061 1.8755 1.9794 1.8099 2.0468 1.9935 0.7356 1.3125 0.6219 0.4530 1.1613 1.1432 0.7490 1.3551 0.2715 1.2725 0.5933 0.8343 0.7723 -0.0184 0.0562 0.6587 -0.0362 1.1314 1.0316 0.5903 0.5811 0.1663 -0.0029 -0.0475 -0.7469 
2.5493 1.5631 0.7550 1.2528 0.1137 0.9291 0.7384 0.3126 0.5581 1.1712 0.5469 0.2851 0.4517 0.7439 0.7282 0.5543 0.1951 0.4742 0.5765 0.5216 0.0722 -0.1270 -0.0256 0.5263 -0.2158 -0.5926 -0.3191 -0.2968 -1.2748 -0.4395 -1.2596 -1.1603 -1.3020 
2.4788 1.2498 1.5573 1.2239 1.3342 1.2156 1.2012 0.5226 1.1832 1.0709 0.6449 1.2795 -0.6814 0.8531 -0.0422 0.7805 0.9145 0.7090 -0.2290 0.6107 -1.0960 0.8104 0.0945 0.3904 0.4083 -0.4314 0.1313 -0.0047 -0.0582 -0.4813 -0.4842 -1.5185 -1.3092 
2.8637 2.0657 1.8907 0.6423 1.6607 1.0658 1.4287 0.7231 1.4390 1.6808 1.3792 1.2353 1.2059 0.6777 -0.4618 0.7551 0.3433 0.6720 -0.6109 0.4387 0.8206 0.7704 0.8146 1.0064 0.6790 -0.1487 0.4126 -0.1565 0.1969 -1.0671 -0.1158 -0.5966 -1.0095 
1.4871 1.1996 0.5854 0.1768 0.1482 -0.2808 0.7849 0.6982 -0.7057 0.6225 0.9674 -0.2403 0.0119 -0.4375 0.8137 -0.0198 0.5837 -0.0867 0.6573 -0.6527 -0.3626 -0.6710 0.4297 -0.0261 -1.5274 -0.1870 -0.2346 -1.5438 -1.2429 -1.4959 -1.4971 -1.4623 -2.4207 
2.9679 2.5947 2.4142 1.9517 1.4927 0.5828 0.5669 1.3063 1.2912 1.0493 0.8078 -0.3478 0.5961 0.5630 0.6426 0.0994 0.0277 0.0204 0.5052 0.2713 0.2138 -0.7787 0.2632 0.3762 0.5416 0.4265 -0.5041 -0.6455 0.0721 0.2584 0.3615 -0.0343 -0.9591 
1.7572 1.1748 1.3549 0.2929 0.2856 0.7724 1.3218 0.0904 0.4496 0.4246 0.2003 0.9738 0.1347 0.0751 0.0012 0.3654 0.3366 0.2666 -0.1616 -0.1565 -0.2151 0.5422 -0.3259 -0.2620 -0.3533 -0.8250 0.2674 -0.4443 -1.1444 -1.3264 -0.6682 -1.4912 -2.2280 
2.3963 1.0581 1.0675 0.9865 -0.2163 0.1780 -0.1946 0.0103 0.5753 0.1754 -0.0766 0.3335 0.4187 -0.1514 -0.3773 -0.0951 -1.2972 -0.2008 -0.5428 -0.4491 0.0458 -0.0862 -0.6447 -0.4683 -0.2028 -0.9161 -1.2412 -1.0494 -1.6473 -0.6731 -1.0235 -1.6884 -1.3933 
0.9263 0.6173 1.3545 1.0651 1.2122 1.1104 1.4280 -0.0634 0.6935 1.2017 0.6493 1.3817 0.7935 0.7318 0.1904 1.2523 -1.3829 1.1819 0.0410 0.5102 0.4871 0.9414 0.0883 0.5549 -0.0548 -1.0204 0.4054 -0.0969 -0.2103 -0.6275 -0.6572 -1.9484 -2.8520 
2.3688 1.2869 0.4490 0.0194 0.8620 1.1693 1.0373 0.8218 -0.5243 0.5087 0.3667 -0.7008 0.7773 1.0107 0.1533 0.4565 0.3999 0.3502 -0.0132 0.7283 0.4674 -1.1569 -0.1691 -0.1723 -1.2472 -0.0501 -0.0185 -0.0540 -0.5367 -1.6582 -1.6552 -1.3479 -1.4528 
0.8694 1.3877 1.6028 0.0764 0.7901 1.1408 1.6586 0.7309 1.2274 0.2829 1.1182 1.2751 1.0442 1.2794 0.8503 0.6279 0.1617 0.5572 0.6860 1.0375 0.6656 0.8059 0.5515 -0.3864 0.4752 -0.1374 0.5954 -0.0734 -0.6075 -1.6323 -0.4594 -1.1766 -3.0788 
2.2759 1.0332 0.9654 -0.7431 1.0654 0.6939 0.2678 -0.7646 -0.2463 0.1256 0.2029 0.4175 0.6196 -0.1086 0.5036 0.4815 -3.0908 0.3652 0.2858 -0.4372 0.2451 -0.0350 -0.3398 -0.5298 -1.0553 -1.7162 -0.7366 -0.5336 -0.3999 -2.5356 -1.0877 -1.7363 -1.5709 
2.7262 2.2728 1.7840 1.5117 -0.6193 0.8875 0.5283 1.0529 1.4369 1.9104 1.5979 1.2178 0.8239 0.7943 1.3761 0.4530 0.7199 0.3344 1.2154 0.5757 0.5195 0.7509 1.0616 1.2568 0.6801 0.1209 -0.5574 -0.3254 -1.9470 -0.1310 -0.2645 -0.4206 -1.0759 
1.0043 0.7775 1.1466 1.1632 1.2799 0.9713 -0.2077 0.8782 0.8400 1.1710 0.8740 1.1553 0.8080 1.2150 0.5095 0.8080 -2.1717 0.7309 0.2869 0.9444 0.5116 0.6756 0.3307 0.5247 0.0703 -0.0011 -1.2159 -0.2558 -0.1007 -0.5318 -0.8665 -1.8130 -2.4788 
0.9934 1.0679 0.9864 1.3814 0.9297 0.6949 1.1383 1.0681 0.4718 0.7505 1.1852 0.2628 1.1172 1.3449 0.0220 1.0137 1.2361 0.9097 -0.1334 1.1242 0.7213 -0.1654 0.6234 0.0992 -0.3435 0.1308 0.0529 -0.5296 -0.5152 -0.2988 -1.0698 -1.6406 -3.2526 
2.5210 2.1231 1.9064 1.6072 0.6142 1.1886 1.3183 0.5349 0.8086 0.3233 1.2543 0.7732 0.4772 0.2170 0.7650 0.1746 -0.0146 0.1018 0.6050 -0.0174 0.0873 0.3324 0.6977 -0.3556 0.0504 -0.4290 0.2598 -0.0273 -0.8216 -0.0638 -0.0934 -0.5106 -1.2194 
0.5048 1.4483 -0.0548 1.0377 0.9740 0.9172 1.5745 1.2162 0.0386 1.1398 0.9555 1.0898 0.5900 0.7078 -0.3099 1.2348 1.3529 1.1691 -0.5088 0.4887 0.2099 0.6135 0.4159 0.4788 -0.6866 0.2852 0.5438 -0.2883 -0.4587 -0.6322 -2.1199 -1.1291 -2.9705 
1.0870 1.3762 0.5744 -0.7789 0.6528 0.6116 0.6849 0.0674 0.3357 0.5841 0.9323 0.4841 -0.0586 0.1627 0.4559 -0.6911 0.3951 -0.7962 0.2448 -0.0663 -0.4571 0.0052 0.3959 -0.0640 -0.4518 -0.8202 -0.3819 -0.6081 -0.7413 -2.3737 -1.4729 -1.2390 -2.6857 
0.2562 1.1773 1.4599 -0.0191 0.8096 0.6870 1.2163 -1.7540 1.3744 0.7592 -0.0676 0.9078 0.4144 0.6165 0.6385 0.9293 -0.1170 0.8270 0.5039 0.3568 0.0458 0.4973 -0.6392 0.0909 0.6131 -2.4156 0.1485 -0.5099 -0.5884 -1.7584 -0.5514 -1.3953 -3.6768 
3.1940 1.8801 0.9554 0.3750 0.5263 1.3018 0.6144 0.5366 0.4946 0.9185 1.2131 1.6524 1.3421 0.5897 1.3394 0.7204 -0.2848 0.6404 1.1862 0.3118 1.0032 1.1927 0.6533 0.2481 -0.3430 -0.4064 -0.4489 0.0767 -0.9510 -1.2672 -1.1385 -0.8836 -0.6256 
1.8253 1.6969 1.7169 1.2369 1.4081 0.9430 1.1525 0.9458 1.3216 0.8218 -0.0441 0.3107 0.8326 0.9557 0.1102 0.7014 0.7138 0.6238 -0.0432 0.6859 0.5274 -0.0986 -0.6052 0.1621 0.5668 0.0428 0.0734 -0.2802 0.0064 -0.4514 -0.3743 -0.9876 -1.9477 
2.3040 1.7337 1.5983 0.4024 0.3599 0.6843 1.2317 1.0654 0.8486 1.3612 0.6661 0.8049 1.0978 1.0227 0.7496 0.0700 0.0290 -0.0030 0.5930 0.7347 0.7015 0.3920 0.1003 0.7008 0.0976 0.1266 0.1610 -0.5150 -1.0617 -1.3027 -0.4498 -0.8813 -1.5180 
2.2594 1.3512 0.7018 0.6438 0.9385 0.6576 0.9289 0.9997 0.7311 0.1751 0.5526 0.4867 -0.4545 0.6728 0.2641 0.5495 0.6854 0.4724 0.0941 0.4344 -0.7632 0.0034 -0.0100 -0.4710 -0.0286 0.0792 -0.0856 -0.5633 -0.4874 -1.0523 -1.3109 -1.3077 -1.5858 
0.3460 0.1116 0.6143 0.8623 1.5583 0.4224 0.2409 1.0687 1.1450 1.3336 0.8592 1.1521 1.0438 0.8607 0.3334 0.6103 0.2780 0.5418 0.1508 0.6168 0.6636 0.6729 0.3142 0.6773 0.3410 0.1330 -0.7728 -0.8233 0.1277 -0.7578 -1.4089 -2.4450 -3.4052 
1.7948 2.7106 1.0064 1.9672 2.0021 1.7597 1.2408 1.3551 1.5620 1.1244 1.1802 0.7853 0.0857 0.5850 0.8957 1.3178 -3.0869 1.2385 0.7288 0.3010 -0.2479 0.3519 0.6220 0.4393 0.7717 0.4925 0.1688 0.5403 0.6061 0.2943 -1.0120 0.0948 -2.2519 
2.6937 1.8674 0.1716 1.9040 1.6186 1.1673 1.6785 1.2354 1.2191 1.1655 -0.1683 1.3210 1.3417 0.4791 0.5078 0.7890 1.0438 0.7158 0.2919 0.1662 1.0049 0.8624 -0.6959 0.5186 0.4565 0.3249 0.6039 -0.0559 0.1616 0.2124 -1.7505 -0.8054 -1.1026 
1.2229 0.7325 0.6507 0.5370 0.9417 0.4621 1.1482 0.5278 0.5626 -0.0285 0.5551 0.8806 -1.2465 0.0793 0.0211 0.4618 0.1606 0.3503 -0.1193 -0.1522 -1.5891 0.4685 -0.0049 -0.6795 -0.2199 -0.4364 0.0661 -0.7428 -0.4921 -1.1565 -1.3780 -1.8850 -2.6953 
0.7602 0.6358 1.7554 1.0856 0.8560 0.9013 1.1307 -0.9640 1.2508 1.1139 0.7911 0.7919 0.7878 0.3072 0.4713 -0.3844 0.1390 -0.4800 0.2557 0.0459 0.4850 0.3724 0.2426 0.4335 0.5131 -1.9183 0.0455 -0.3059 -0.5322 -0.6480 -0.3004 -1.8495 -2.7436 
2.2642 1.5087 1.1795 0.9117 1.0188 0.8223 1.3531 1.1202 0.7030 0.2643 0.4005 0.6684 0.9853 0.8131 0.2450 0.3009 0.1770 0.1939 0.0760 0.5782 0.6264 0.2080 -0.1244 -0.4057 -0.0561 0.1591 0.3069 -0.3779 -0.4295 -0.7285 -0.9016 -1.1827 -1.6485 
2.3387 1.3635 1.5499 0.7471 -0.0567 0.9476 0.8906 0.2028 1.3664 1.0645 1.1402 1.2642 0.1995 0.9458 0.8381 0.4952 0.1814 0.3747 0.6712 0.6810 -0.0903 0.7948 0.5730 0.3847 0.6015 -0.6722 -0.1203 -0.2577 -1.4623 -0.9482 -0.5015 -1.3308 -1.5535 
