3.6214 3.8508 3.6776 3.7949 2.6679 3.8143 3.1078 2.7476 2.8954 2.7330 2.1307 1.3735 2.1297 2.1006 1.5825 2.0045 1.6922 1.9374 1.4304 1.8976 1.8138 0.9494 1.5867 2.1214 2.1557 1.9340 2.0888 2.6693 1.3906 2.2009 1.7546 1.3975 0.2301 
2.6992 2.9829 3.2225 3.9635 3.3013 3.2088 3.4321 2.6593 3.4896 2.4616 2.4979 2.7524 2.3011 2.1074 2.3824 2.3274 2.1972 2.2295 2.1901 1.9060 1.9823 2.3595 1.9692 1.8177 2.7349 1.8431 2.4832 2.0618 1.9795 2.4207 1.3593 0.4766 -0.6315 
3.8022 2.7226 2.6955 3.8771 3.8150 3.1813 2.6373 2.4372 2.0547 2.3732 2.1439 2.4507 2.1654 1.7651 1.8023 2.6093 2.4942 2.5440 1.6150 1.5157 1.8890 2.0070 1.6208 1.7504 1.3583 1.5554 1.6321 2.0330 2.5040 2.3168 0.8160 0.1927 0.1919 
4.1627 3.9728 2.5988 3.7479 4.2737 3.8974 1.4739 2.6373 3.1631 3.1492 2.9209 1.8929 2.5667 2.7209 2.5791 1.3541 1.4437 1.2648 2.4343 2.5048 2.2106 1.4447 2.4152 2.5385 2.4646 1.8090 0.5349 2.7449 2.9358 2.1610 0.6823 1.4968 0.5549 
3.6339 1.7468 3.5366 4.2618 3.5620 2.5206 2.8072 3.1767 3.6364 2.6889 2.3929 2.7309 1.7858 2.4995 1.7334 1.4745 1.2419 1.4021 1.5645 2.2044 1.4421 2.3218 1.8998 2.0650 2.8697 2.3294 1.8604 1.3671 2.1733 2.6659 1.6014 -0.5238 -0.0134 
4.4140 4.1765 4.3273 4.4894 3.7186 3.4019 3.6943 3.1494 3.5267 -0.1756 2.0519 2.5208 2.0462 1.8382 2.5928 2.6671 2.1574 2.5925 2.4613 1.5611 1.7047 2.0725 1.5317 -0.6525 2.7654 2.2868 2.6850 2.2622 2.3692 2.9371 2.4489 1.6544 0.7978 
3.4489 2.6408 2.8230 4.4437 3.9015 2.8398 2.7307 2.7128 2.7831 1.9313 2.5698 2.4514 1.9864 1.2627 2.0549 2.3109 2.0766 2.2146 1.9215 0.9788 1.6286 1.9976 2.0464 1.3025 2.0716 1.8943 1.7699 1.6892 2.5754 2.8774 1.0051 -0.0379 -0.6562 
3.7488 1.5501 3.0563 4.2059 3.1550 3.2777 2.4264 3.3463 2.9314 1.4711 2.0205 2.6118 2.2787 2.3596 2.1117 2.3964 1.3875 2.2861 1.9656 2.1023 1.9720 2.1728 1.4916 0.8406 2.1727 2.5287 1.4319 2.1207 1.8041 2.5925 1.0931 -0.4293 0.1094 
3.7112 3.1199 4.2625 4.5484 4.4692 3.3018 3.1356 2.9134 3.0189 2.5314 2.0184 2.2824 2.2628 1.9350 2.6913 1.9749 -1.8599 1.9109 2.5462 1.6531 1.9518 1.9039 1.4948 1.9183 2.2472 2.0557 2.1267 2.1398 3.1543 3.0097 2.3559 0.7068 0.2649 
4.3988 4.1435 4.1156 4.3190 3.9566 2.1646 3.0280 2.1649 2.5567 0.9384 1.9624 1.9314 0.8776 1.9512 1.6500 1.6431 1.5404 1.5689 1.4963 1.6761 0.5186 1.4816 1.4350 0.3083 1.8391 1.3583 2.0096 1.0373 2.6243 2.7273 2.1659 1.6311 0.8435 
3.6002 3.7503 1.9572 3.8009 3.6764 3.2426 3.3462 2.8256 3.2648 2.7876 2.3698 2.0717 2.4895 1.9509 2.4967 2.6203 1.6600 2.5496 2.3020 1.6848 2.1174 1.6394 1.8508 2.1612 2.5515 2.0083 2.3859 2.1007 2.3384 2.2064 0.3267 1.3340 0.2686 
3.8808 3.5999 3.2641 4.4411 4.2152 3.9376 2.9305 3.2158 2.7278 2.9739 2.6583 2.0045 1.6433 1.8115 1.6667 1.9368 -0.5220 1.8555 1.5131 1.5393 1.3525 1.5669 2.1336 2.3451 2.0088 2.3837 1.9502 2.7889 2.8337 2.8686 1.4004 1.0929 0.4034 
3.9149 3.7452 3.7483 3.8816 4.0414 4.2361 3.4256 3.1057 2.4553 2.4872 2.7555 2.4449 2.4678 2.1000 1.8835 1.7981 2.2362 1.6947 1.6800 1.8919 2.0933 1.9965 2.2425 1.8537 1.6909 2.2147 2.4697 3.0906 2.7013 2.3209 1.8322 1.3188 0.4756 
3.9864 3.8065 3.9500 4.0189 3.6214 2.6221 3.1672 2.6715 2.7516 1.9059 2.5820 2.0253 2.2277 2.5809 1.4462 2.0115 1.8485 1.9469 1.3067 2.3299 1.9366 1.5792 2.0569 1.2605 2.0446 1.8447 2.1631 1.4953 2.2385 2.4776 2.0369 1.3542 0.3169 
3.7868 1.8738 2.9789 3.4749 3.0633 2.3281 2.5578 2.6773 2.3078 2.4123 2.0610 1.8819 2.3315 1.9271 1.0349 0.5753 1.4680 0.4699 0.8820 1.6347 2.0013 1.4355 1.5369 1.7750 1.5733 1.8581 1.5567 1.1784 1.6795 1.9232 1.0700 -0.3851 0.1826 
3.6895 2.1524 3.5497 3.7411 3.2080 2.6045 3.1776 2.3015 1.5153 0.6823 2.1380 1.6705 2.0358 1.0236 0.8832 1.6903 1.8699 1.5997 0.7643 0.8042 1.6924 1.2996 1.6057 0.0446 0.8157 1.4541 2.1694 1.4716 1.9052 2.1480 1.6075 -0.0927 0.0131 
4.3087 3.8624 2.4219 3.1325 3.4226 3.7878 3.7716 3.6256 2.9501 2.3451 2.5213 2.5613 2.3089 2.4921 1.8463 1.9198 1.9518 1.8274 1.6393 2.1958 1.9840 2.1215 1.9911 1.7140 2.1825 2.7259 2.7667 2.6447 2.0941 1.5370 0.5247 1.3863 0.7555 
3.4094 3.0237 2.7163 3.9556 3.5072 3.8785 3.5110 2.8341 2.2426 2.6339 1.7033 1.9524 2.0219 2.1604 1.8315 1.3237 1.5497 1.2249 1.6300 1.9510 1.6754 1.5032 1.1894 2.0209 1.5196 1.9981 2.5278 2.7308 2.1500 2.4132 0.8729 0.5169 -0.0359 
1.0328 3.1893 2.5578 2.7940 3.3328 3.5691 -2.0822 2.7935 2.6851 2.2117 0.9444 1.0766 2.0397 1.9361 1.7326 1.2570 0.8823 1.1565 1.5613 1.6500 1.7022 0.6960 0.4186 1.5847 1.9711 1.9756 -1.5044 2.4247 2.0154 1.2623 0.6712 0.7460 -1.4186 
4.2606 3.8436 2.6704 3.7448 3.4363 2.5032 2.9259 3.0977 2.7953 2.5592 1.4163 1.6301 1.7117 1.4834 1.8662 1.1340 0.7969 1.0504 1.6612 1.2567 1.3984 1.2474 0.8873 1.9538 2.0765 2.2121 1.9462 1.3396 2.0909 2.1498 0.8506 1.3626 0.6128 
2.3011 3.4873 2.0802 2.8422 3.1827 2.7077 2.9515 2.5582 2.2923 2.1227 2.5563 1.6989 2.2782 1.8114 1.9481 1.7152 0.8662 1.6183 1.7701 1.5431 1.9651 1.3261 2.0277 1.5088 1.5557 1.6820 1.9670 1.5497 1.8833 1.3145 0.2167 0.9968 -1.6922 
3.7626 3.5923 3.9026 2.8080 3.5963 3.2136 2.8624 2.0375 2.7184 2.3505 1.9441 1.4614 2.1424 1.7367 2.0173 1.3630 1.3313 1.2842 1.8812 1.4872 1.8371 1.0235 1.4093 1.7261 2.0000 1.2048 1.9121 2.0614 2.2212 1.2336 2.0061 1.1041 0.1618 
2.6749 3.5516 3.4858 3.1986 2.8570 2.2590 2.6500 2.0106 2.8809 1.8744 2.4139 2.4758 1.7365 1.6337 1.3912 -0.0832 1.9440 -0.1905 1.2266 1.4103 1.4059 2.0170 1.9098 1.2222 2.1479 1.1539 1.6522 1.1291 1.5126 1.6036 1.5594 1.0445 -1.2029 
4.0162 1.9163 3.6207 3.0895 2.9133 2.5275 2.0352 1.8748 2.3052 1.4085 1.3869 1.6326 1.6190 2.4322 1.9649 2.1433 -2.1370 2.0650 1.7974 2.1491 1.3372 1.2372 0.8457 0.7940 1.5604 0.9810 1.0207 1.3797 1.5745 1.4939 1.6444 -0.3671 0.3517 
1.4203 2.4290 3.8791 3.6106 3.2603 3.7254 3.1046 2.5880 1.3985 2.3070 2.2110 2.4574 2.0995 1.5998 2.3604 2.5910 -0.3281 2.5247 2.1697 1.3911 1.7762 2.0062 1.7054 1.6757 0.6867 1.7281 2.0876 2.5782 1.9490 1.9969 1.9944 0.0471 -2.8488 
3.5341 3.4815 3.9757 2.4992 3.3020 3.1144 2.7277 2.8451 3.1333 2.2630 2.1991 1.9707 0.7340 2.7481 2.2057 2.1576 2.5213 2.0885 2.0523 2.5367 0.3773 1.5267 1.6886 1.6338 2.4131 2.0096 1.7397 1.9742 1.9802 0.8696 2.0686 1.0116 -0.0452 
3.3502 3.3616 3.6080 3.7135 2.3350 3.6723 3.4042 2.0968 2.2664 2.7688 2.3047 1.8943 1.9198 2.2653 1.2149 1.0209 1.2126 0.9600 1.0293 2.0247 1.5578 1.4313 1.7946 2.1543 1.5499 1.2751 2.4573 2.5273 0.9555 2.1127 1.6547 0.9084 -0.0095 
3.6473 3.0194 3.1193 3.4919 2.7580 3.6773 2.7277 0.8607 2.5085 2.0550 2.4661 2.2993 1.2987 2.4247 2.6072 2.1100 1.5150 2.0327 2.4786 2.1475 0.9392 1.9101 1.9354 1.4429 1.7544 -0.0178 1.7417 2.5316 1.4363 1.9338 1.1706 0.5952 -0.0086 
4.2099 3.9471 4.2910 4.0467 3.3712 3.7183 3.1993 2.5832 3.1371 2.1950 2.1240 2.1495 1.4110 2.2765 2.3081 1.9021 0.4257 1.7903 2.1390 2.0380 1.0439 1.7310 1.5945 1.5754 2.4218 1.7256 2.1901 2.5710 2.0430 2.4916 2.3876 1.4894 0.5553 
0.9004 3.2507 2.6781 3.9409 3.1556 3.4047 3.0601 2.1102 2.4666 2.5418 1.5916 2.0920 2.2653 2.2132 2.5370 1.5561 0.1420 1.4657 2.3645 1.9929 1.9562 1.6683 1.0579 1.9328 1.7032 1.2718 2.0338 2.2627 1.8200 2.4047 0.7898 0.7714 -1.5864 
3.8273 3.7219 3.8297 3.6545 3.5607 2.6510 3.3993 2.6133 2.5627 2.0774 1.9357 1.8244 2.0280 2.0584 1.9152 1.4690 1.0062 1.4024 1.7123 1.8316 1.6805 1.3981 1.4040 1.4566 1.8524 1.7536 2.4565 1.4887 2.1798 2.0552 1.9386 1.2782 0.2684 
0.6484 3.4004 3.9531 3.8765 3.1561 2.9088 3.4725 3.1260 3.0693 2.6287 1.7577 1.9104 2.0043 2.7048 1.6028 1.6770 2.0548 1.5849 1.4481 2.4922 1.6580 1.4483 1.2713 2.0104 2.3080 2.2545 2.5085 1.7698 1.8179 2.3003 2.0568 0.9876 -2.9307 
3.6883 3.7636 2.9121 3.6686 3.0816 3.2685 3.0525 2.4960 1.9978 2.6816 2.2525 2.1539 1.3847 2.0052 1.9567 1.6122 1.3750 1.5434 1.7869 1.7553 1.0158 1.7440 1.7370 2.0658 1.2877 1.5979 2.0232 2.1236 1.7039 2.0714 0.9371 1.3438 0.2457 
1.4419 3.8330 3.3452 3.8851 3.1960 2.1958 2.5415 2.4880 3.2608 2.7026 2.2037 2.1615 1.7917 2.4957 1.9058 2.1279 1.8393 2.0512 1.6971 2.2036 1.4479 1.7647 1.6970 2.0806 2.5490 1.5956 1.5365 1.0493 1.8748 2.3297 1.4480 1.4055 -3.8926 
3.5047 3.7244 2.4686 3.3802 2.8265 2.8576 2.6908 2.5807 2.7014 2.4274 2.5944 2.4345 2.5550 2.1349 1.7197 1.2363 2.5676 1.1302 1.5571 1.9196 2.1917 1.9913 2.0711 1.8015 1.9832 1.7328 1.6985 1.7177 1.4843 1.8352 0.4490 1.2481 -0.2519 
3.8042 4.1641 3.0383 3.2666 -0.1143 2.2412 2.7059 2.4512 2.3508 2.2465 1.6592 0.7124 1.8177 2.3264 2.2105 2.8418 2.4843 2.7504 2.0624 2.0728 1.4685 0.2585 1.1469 1.6182 1.5970 1.5583 1.7229 1.0983 -1.2568 1.6834 1.0249 1.6524 0.1862 
3.5113 3.0047 3.0556 3.0952 2.2835 1.9914 1.3460 2.6770 2.5852 2.4377 1.9130 0.1306 2.0749 2.0173 1.9729 1.6373 2.1465 1.5720 1.8139 1.7738 1.7513 -0.3076 1.3787 1.7997 1.8818 1.8612 0.3212 0.8402 0.9451 1.4914 1.0883 0.5773 -0.0740 
3.6149 2.9171 3.1579 3.3395 2.9625 3.0557 3.5598 3.1370 2.8929 2.2226 2.5482 2.1556 1.5945 1.9572 1.1325 1.5777 1.4518 1.5030 0.9744 1.6809 1.3204 1.7413 2.0209 1.5932 2.1514 2.2664 2.5604 1.9121 1.5831 1.8054 1.2508 0.4147 -0.0529 
3.7031 2.0011 2.8581 3.2978 2.9539 2.5349 3.0853 2.4143 1.9426 1.4679 1.9061 2.2303 2.5077 2.7224 2.0496 2.9133 1.9815 2.8136 1.9170 2.5051 2.1436 1.8488 1.3749 0.8460 1.1858 1.5213 2.0712 1.3797 1.5826 1.7450 0.9967 -0.9218 -0.0949 
3.0122 3.8190 3.9276 3.7393 3.4593 2.5227 3.1211 3.0181 2.7260 2.1474 2.5167 2.1564 2.3556 2.6691 2.6908 2.8127 2.1325 2.7298 2.5450 2.4633 2.0156 1.7422 1.9871 1.5261 2.0058 2.1332 2.1179 1.3636 2.1177 2.1473 2.0346 1.3854 -0.3767 
3.9695 4.0941 3.8920 3.4876 2.8685 2.7759 3.1045 1.3358 2.2300 -1.2271 1.7622 1.4672 1.5801 2.6152 2.3142 1.6716 2.2607 1.5893 2.1422 2.3846 1.2878 1.0164 1.2533 -1.6699 1.5057 0.4170 2.0914 1.6393 1.5304 1.9298 1.9950 1.6052 0.5741 
4.3600 3.6016 3.2387 3.2179 3.0931 3.1753 3.4172 2.6502 2.9177 2.2760 2.0305 1.8037 1.3312 2.5471 1.7724 1.9430 0.7493 1.8689 1.5821 2.2808 0.9459 1.3759 1.5056 1.6377 2.1619 1.8063 2.4735 2.0335 1.7416 1.6257 1.3708 1.0374 0.8242 
4.0987 4.2487 2.9773 2.8015 3.0937 2.4618 2.5013 1.9221 2.6038 1.9322 1.4792 1.7902 1.5216 1.5979 1.6793 2.3298 1.5031 2.2324 1.5240 1.3895 1.2029 1.3793 0.9635 1.3155 1.9109 1.0403 1.4881 1.3087 1.7287 1.2297 1.0308 1.7592 0.7074 
4.7770 4.4602 3.9625 2.8898 2.5509 1.5734 2.8784 2.1632 2.2383 1.9214 2.2610 1.8595 2.3033 1.9736 -0.1406 1.0554 0.2081 0.9876 -0.2651 1.7038 1.9800 1.4197 1.7522 1.3079 1.5130 1.3609 1.9201 0.4381 1.2217 1.3263 2.0469 2.0069 1.2060 
4.7776 4.7520 3.9722 3.8919 3.8380 3.3977 3.2401 2.9087 2.6451 3.1468 3.0352 2.8976 3.0861 3.0596 2.2112 2.3394 2.5572 2.2441 2.0529 2.7574 2.7226 2.5016 2.5075 2.5373 1.9427 2.0554 2.2373 2.2584 2.5232 2.3432 2.0638 2.2346 1.1630 
4.5295 4.5438 3.6601 3.6779 3.2985 3.3474 1.8898 2.9064 2.5267 2.0297 2.5831 2.4132 1.9953 1.8378 2.1013 1.7814 2.0368 1.6792 1.9625 1.5588 1.6391 1.9750 2.0575 1.4223 1.7797 2.0509 0.8668 2.2001 1.9758 2.0788 1.7507 2.0794 1.0223 
3.2593 4.2190 3.6611 3.4385 3.2515 2.7517 2.5550 2.6939 2.7125 2.1333 2.4689 2.4482 2.1212 2.6972 1.7704 2.5764 1.9597 2.5138 1.5836 2.4884 1.8138 2.0050 1.9396 1.5254 1.9964 1.8923 1.5479 1.6065 1.9334 1.9057 1.7246 1.7382 -0.2839 
4.4598 4.5028 3.7751 3.8225 3.6351 3.1548 2.8774 2.9731 2.6244 2.4868 2.0435 2.0456 1.6168 2.5721 2.4400 1.7855 1.9466 1.6830 2.2346 2.3191 1.3391 1.6026 1.5199 1.8547 1.9257 2.1008 1.9196 2.0051 2.2506 2.2343 1.8800 2.0387 0.8396 
4.2921 3.6442 2.7639 2.5031 2.4984 2.9568 2.6753 1.3637 2.9165 2.4933 1.9403 1.6010 2.0248 1.4513 0.9513 1.9628 0.9351 1.9028 0.8152 1.2198 1.6764 1.1874 1.4061 1.8658 2.1645 0.5280 1.6731 1.8206 1.1422 0.9072 0.9090 1.1939 0.7680 
2.9812 3.6722 3.2025 2.0723 3.2911 2.4030 3.3570 2.7785 2.7322 2.8803 2.5305 2.2064 2.2599 2.4370 2.0538 1.4469 2.0243 1.3751 1.9201 2.1519 1.9544 1.8085 2.0005 2.2515 2.0235 1.9575 2.4080 1.2488 1.9753 0.4565 1.3150 1.1920 -0.3133 
2.9210 3.1201 2.1549 2.4327 2.2492 2.7414 3.3064 2.9200 2.1207 2.3450 2.0373 2.0530 0.0349 2.4170 1.9120 0.4430 1.6120 0.3760 1.7050 2.1420 -0.2995 1.6154 1.5097 1.7139 1.4082 2.0555 2.3400 1.6041 0.9212 0.8353 0.2777 0.6692 -0.4945 
2.6934 3.1951 3.4676 3.3196 2.9210 2.5431 2.8244 2.3756 1.2011 2.3980 2.5366 0.8492 1.8298 2.0586 1.2929 2.0532 1.1196 1.9844 1.1049 1.8321 1.4798 0.3821 2.0064 1.7727 0.4266 1.5075 1.8909 1.3838 1.5764 1.7592 1.5361 0.7705 -1.5126 
3.2739 3.6459 3.6322 2.7249 2.9696 2.3617 2.7138 1.5777 2.6174 1.6827 2.0495 1.6228 2.1880 2.2035 2.1576 1.8354 1.9587 1.7358 2.0135 1.9840 1.9092 1.2265 1.5294 1.0516 1.9189 0.7584 1.7234 1.2284 1.6068 1.1223 1.6458 1.2190 -0.5585 
0.6540 2.9085 2.6470 3.1566 2.3202 2.1844 2.4968 2.6416 2.2365 1.7757 1.4686 0.9217 2.0318 0.7287 1.5867 1.6796 2.2656 1.5920 1.4529 0.4274 1.6887 0.4732 0.9507 1.1610 1.5034 1.8086 1.4790 1.0560 0.9707 1.5772 0.7416 0.4932 -1.7035 
3.6850 3.9445 3.4348 3.0397 2.7204 2.2955 2.5733 1.8055 1.9815 0.8579 2.1531 2.3306 1.9623 1.5770 1.4200 0.9711 -0.0403 0.8924 1.2712 1.3598 1.5940 1.9282 1.6345 0.2321 1.2614 0.9468 1.5701 1.1612 1.3986 1.4193 1.5181 1.4975 0.2805 
2.8556 3.0530 2.5842 2.9659 2.4298 0.8286 1.9545 2.1517 1.3856 0.8641 1.9367 1.4847 1.4228 1.4109 1.6937 2.0151 1.6840 1.9489 1.5365 1.1505 1.0644 1.0446 1.4041 0.2566 0.6534 1.3409 0.9451 -0.3543 1.0743 1.3868 0.6481 0.5518 -0.6751 
4.4529 3.6923 2.5360 2.0637 2.5302 1.8398 2.3753 1.9922 2.3288 1.9820 1.0895 2.1521 0.2407 1.2766 0.8896 1.2880 1.5661 1.1857 0.7582 0.9980 -0.1504 1.7388 0.5591 1.3705 1.5810 1.1396 1.3887 0.7132 1.1770 0.4857 0.6307 1.1793 0.9279 
3.5584 3.0679 0.7641 2.7188 1.4854 1.8318 1.4205 0.9499 1.8707 1.6170 1.7585 1.9320 1.3301 1.8829 1.7857 1.6841 -0.0258 1.5893 1.5936 1.5858 0.9508 1.4799 1.2565 1.0022 1.1033 0.1562 0.4055 0.6749 0.1629 1.1519 -1.4475 0.5510 0.0870 
3.1049 1.2294 2.1412 2.2817 2.4920 2.1181 2.0015 2.1931 2.3457 1.1423 1.9987 2.1826 -0.4550 1.6072 1.3709 1.9610 1.7756 1.9004 1.2005 1.3907 -0.8639 1.7841 1.4752 0.4916 1.5894 1.3776 1.0047 0.9646 1.1248 0.7358 0.2480 -1.1694 -0.4899 
2.8663 2.3217 2.7196 2.0173 1.9917 2.6279 2.8485 2.0310 2.2750 2.3670 1.9471 0.9272 1.2911 0.5834 1.3725 2.0189 1.6290 1.9535 1.2077 0.3216 0.9298 0.5067 1.4148 1.7368 1.5466 1.1731 1.9037 1.4848 0.6550 0.4030 0.8253 -0.1148 -0.9148 
1.5310 3.0211 2.7916 3.0882 2.5883 2.3790 2.5088 1.8621 1.6748 2.4199 0.8743 0.8854 1.5506 0.7946 1.9063 1.6227 1.3687 1.5542 1.6990 0.5359 1.2426 0.4338 0.3465 1.7879 0.9595 0.9739 1.4914 1.2177 1.2584 1.4922 0.8751 0.5489 -1.7716 
3.7276 3.2713 3.5645 2.9123 2.9467 2.4276 1.5216 1.6201 1.3879 2.1342 0.9750 1.9609 1.9847 1.6248 1.9023 1.8511 0.6991 1.7486 1.6919 1.4042 1.6201 1.5156 0.4354 1.5169 0.6400 0.7981 0.5398 1.2776 1.5807 1.3473 1.6060 0.8068 0.1265 
2.6678 3.2981 3.0251 3.0738 1.5761 2.6227 2.5486 2.9337 2.5491 2.3217 2.6081 1.3157 2.0560 2.6723 2.2687 2.1854 1.0077 2.1162 2.1029 2.4668 1.7299 0.8421 2.0837 1.7024 1.8242 2.0735 1.5481 1.4751 0.2594 1.4651 1.0488 0.8502 -0.5322 
2.8625 3.1777 3.2440 3.5749 1.9146 2.1824 3.0412 2.4908 0.7749 2.0295 2.6107 2.7866 2.0028 2.4114 1.9610 1.9876 1.9847 1.9266 1.7826 2.1399 1.6433 2.3934 2.0913 1.4214 -0.0215 1.5908 2.0243 1.0262 0.5632 1.9761 1.3806 0.7143 -0.5452 
4.1080 3.3482 2.6446 3.3098 2.8713 3.8347 3.7967 3.0128 2.1505 2.8055 2.5927 1.3809 1.5323 1.8723 1.7021 1.8437 1.9082 1.7424 1.5378 1.5819 1.2039 0.9348 2.0656 2.1781 1.4354 2.1291 2.7965 2.6911 1.5400 1.7581 0.7308 0.8833 0.5742 
3.3635 2.9506 4.1332 3.9330 3.1180 3.7507 3.7583 2.7706 2.7401 2.7870 2.1594 2.6247 2.2285 0.5364 2.4242 1.8355 2.1730 1.7315 2.2225 0.2814 1.9300 2.1847 1.6413 2.1609 2.0347 1.9539 2.7491 2.6052 1.7979 2.3720 2.1891 0.5264 -0.2013 
3.8746 3.7137 3.0577 4.1933 3.8818 3.6912 3.7153 2.6235 2.4493 1.7274 1.8824 2.6773 2.1683 1.2358 2.0333 1.4622 0.5038 1.4018 1.9010 0.9848 1.8763 2.2471 1.3711 1.1117 1.6672 1.7758 2.7129 2.5462 2.5651 2.5864 1.1262 1.2555 0.4182 
2.1351 3.4204 3.8113 3.6963 3.8070 3.1252 2.8419 2.9565 2.4963 2.5076 2.3175 2.5105 2.1462 2.0544 2.7450 1.9254 -0.7100 1.8267 2.6020 1.8289 1.8413 2.0572 1.8152 1.8976 1.7340 2.0869 1.8898 1.9888 2.4992 2.1139 1.9339 0.9371 -1.8278 
2.8335 4.2610 3.6275 4.1393 3.8964 3.8710 3.5535 3.3392 2.6865 2.6241 2.7528 2.4583 1.3434 2.0537 1.9395 1.7975 2.3583 1.7038 1.7587 1.8199 0.9906 2.0006 2.2378 2.0079 1.9803 2.5233 2.5535 2.7245 2.5887 2.5465 1.6998 1.8096 -0.5102 
3.3124 4.3720 3.8158 4.3977 4.3998 4.4188 3.3983 2.2528 2.6745 2.4676 2.5795 2.5383 2.6201 2.8494 2.9591 2.1134 1.6784 2.0337 2.7616 2.6097 2.2831 2.0899 2.0530 1.8256 1.9684 1.4298 2.4331 3.2699 3.0907 2.8238 1.9124 1.9427 -0.6694 
4.4502 3.3047 3.5011 3.2845 4.0477 3.6325 3.0986 2.4092 1.9771 1.7930 1.9193 2.1585 1.9760 1.5198 1.5267 1.5669 0.7606 1.4939 1.3923 1.3187 1.6061 1.7501 1.4024 1.1919 1.2243 1.5611 2.0976 2.4780 2.6992 1.7426 1.5624 0.7960 0.8836 
3.8410 4.1346 1.9935 3.8732 3.9674 3.7065 2.4886 3.1254 2.5740 2.3467 2.0312 1.0976 1.3464 1.6033 2.2584 2.2002 -0.2645 2.1281 2.0984 1.3931 0.9699 0.6981 1.5030 1.7160 1.8714 2.2544 1.4734 2.5569 2.6353 2.3133 0.2958 1.6157 0.5428 
4.1095 3.1068 3.3598 3.9092 3.8367 3.5807 3.2944 3.1828 2.7440 1.7276 2.5196 1.5513 0.9699 1.4071 2.1480 1.2941 1.3896 1.1760 1.9979 1.1646 0.6347 1.1107 1.9877 1.1042 2.0356 2.3391 2.3063 2.4310 2.5209 2.3659 1.4880 0.6847 0.4950 
4.1284 4.0341 4.1106 4.2368 3.7934 3.4931 3.2699 3.1936 3.3274 1.6541 2.6706 2.9889 2.7664 2.5723 2.6391 2.5040 2.4930 2.4170 2.5055 2.3178 2.4845 2.5557 2.1505 1.0206 2.6148 2.3520 2.2928 2.3405 2.4910 2.6321 2.1621 1.5692 0.5916 
3.6526 2.7952 1.6188 3.8089 3.6976 2.1594 3.2059 2.4727 3.0109 2.8427 3.0107 2.5661 2.3102 2.1862 2.2024 0.9737 1.4814 0.8918 2.0518 1.9704 1.9845 2.1258 2.4940 2.2147 2.2432 1.5822 2.2006 0.9939 2.3543 2.2325 -0.3002 0.3281 0.2106 
2.0451 3.7256 3.3604 3.3313 3.7269 3.6500 2.5958 2.1018 1.9095 0.8312 1.6456 1.9108 1.1563 1.1981 1.5775 1.2701 1.0605 1.1590 1.4274 0.9477 0.8453 1.4542 1.1315 0.2183 1.1496 1.2881 1.5838 2.4979 2.4090 1.7777 1.4675 1.3034 -2.0342 
3.7592 4.1077 3.8071 4.2125 4.4023 3.6045 3.5192 3.1131 2.4912 1.8285 2.0983 2.0396 1.9532 1.5792 1.8344 1.8125 1.3907 1.7126 1.6359 1.3625 1.5855 1.5927 1.5772 1.1914 1.7189 2.2372 2.5312 2.4575 3.0901 2.6100 1.9250 1.6138 0.3096 
2.8058 3.7037 3.5597 3.9959 4.1290 3.6203 3.2723 2.9203 1.8976 2.2443 1.0264 2.1080 1.7104 2.0834 1.9311 1.3339 1.5617 1.2375 1.7432 1.8774 1.3996 1.6817 0.5326 1.6224 1.1299 2.0580 2.2770 2.4677 2.7483 2.4642 1.6118 1.2895 -0.7609 
3.4590 1.2801 3.7715 3.2348 2.6472 2.6483 2.3418 2.5349 2.3049 2.4627 1.6877 2.5430 2.0344 1.9661 1.0968 1.1202 0.8989 1.0232 0.9296 1.6965 1.6890 2.1014 1.1717 1.8271 1.5716 1.6590 1.3693 1.4983 1.3552 1.6464 1.8908 -1.3980 -0.1849 
2.4867 3.8833 3.6563 3.5482 3.3234 2.1847 2.9363 3.0143 2.6016 1.7871 1.4971 0.9359 1.6291 1.0056 0.6435 1.9106 -0.7011 1.8100 0.4671 0.7909 1.3440 0.4960 0.9828 1.1466 1.9053 2.1299 1.9565 1.0496 2.0147 1.9690 1.6798 1.4598 -0.7444 
4.3851 3.9942 3.2913 4.2237 4.0411 3.0738 2.8228 2.2815 2.3699 2.2725 2.6425 2.1852 2.2237 2.1874 2.3866 2.6881 2.6394 2.6137 2.1924 1.9711 1.9309 1.7938 2.1208 1.6505 1.6127 1.4383 1.8789 1.9200 2.6911 2.6192 1.4280 1.4932 0.8329 
2.4951 3.6242 3.5777 4.1074 4.1927 3.3214 3.4491 3.0598 2.8547 2.8739 2.6490 2.6352 2.5199 2.5563 2.2981 1.9457 1.6846 1.8739 2.1284 2.2956 2.1526 2.1954 2.1274 2.2418 2.1289 2.1571 2.4938 2.1707 2.8040 2.5369 1.6279 1.0871 -1.7903 
3.2378 3.6812 4.1926 4.2387 4.0561 2.7798 3.4551 2.8226 2.3410 1.2178 2.6354 2.1374 1.7604 2.1025 0.3002 1.9266 1.6106 1.8435 0.0951 1.8977 1.4329 1.7087 2.1152 0.6310 1.5898 1.9871 2.5005 1.6469 2.7074 2.6308 2.2249 1.2765 -0.8315 
3.6287 3.8620 3.1757 2.1298 3.2067 2.6985 2.9518 0.4747 2.5947 2.7125 2.6044 1.9247 1.9493 0.9835 2.2411 1.9632 0.2777 1.9004 2.0856 0.7736 1.5810 1.4693 2.0782 2.0977 1.8990 -0.4270 1.9673 1.5426 1.9095 0.5611 1.2526 1.4051 -0.1899 
3.2902 2.1574 3.6468 3.6061 3.3613 0.8993 2.7688 2.5687 2.6786 1.7863 1.6116 2.5683 2.3288 2.5290 1.8947 1.3699 1.6209 1.3062 1.6806 2.2523 1.9991 2.1311 1.1074 1.1422 1.9697 1.6979 1.8127 -0.1218 2.0319 2.0050 1.7192 -0.1455 -0.3814 
4.2944 4.2889 4.1165 4.0146 3.6420 2.0618 2.3030 2.2297 2.9469 2.2804 2.6898 1.8424 1.3564 0.7042 1.6186 2.0327 1.9871 1.9660 1.4735 0.4251 0.9900 1.4023 2.1583 1.6618 2.1902 1.3979 1.3426 0.9438 2.2576 2.4752 2.1659 1.8222 0.7564 
3.8116 4.3257 3.7835 4.5660 3.9672 2.7652 2.6665 2.6773 3.4227 2.8903 2.6431 2.7479 2.3666 2.6213 2.5099 1.9278 1.4512 1.8369 2.3225 2.3916 2.0213 2.3492 2.1197 2.2569 2.6935 1.8699 1.6706 1.6025 2.6296 3.0271 1.9225 1.8864 0.0891 
4.2896 4.1905 3.5272 3.9584 4.1206 3.1223 3.2793 3.0588 3.1202 2.4083 1.1577 1.6521 1.4593 1.3755 2.0338 2.0898 2.1583 2.0170 1.9062 1.1021 1.1140 1.2615 0.6357 1.7682 2.3939 2.1583 2.2928 1.9656 2.7479 2.4155 1.5825 1.6505 0.7036 
3.6342 3.6849 3.5680 3.5474 2.7952 3.3108 3.0518 1.3234 2.9422 1.1224 2.3570 0.7641 2.0309 1.1698 2.1190 1.3789 2.1268 1.3095 1.9763 0.9123 1.6898 0.3231 1.8534 0.4949 2.1835 0.4519 2.0256 2.1642 1.4635 1.9603 1.6282 1.2564 0.0609 
4.0915 3.8250 3.8696 3.5640 4.0659 3.7436 3.3644 2.9332 2.8916 2.5809 1.5697 1.8284 2.1954 1.9088 2.0157 2.2472 2.2477 2.1600 1.8800 1.6094 1.9112 1.3971 1.0285 1.9648 2.1498 2.0622 2.4130 2.5926 2.7239 1.9579 1.9863 1.3857 0.5574 
3.8958 3.2789 3.1000 3.3769 2.8636 2.1386 2.8212 2.5329 2.6581 1.3136 1.7168 1.2076 1.3641 1.8298 1.8435 2.0384 2.1756 1.9729 1.6532 1.5668 0.9919 0.7961 1.2203 0.6734 1.9541 1.6583 1.8823 0.9615 1.5541 1.8119 1.0866 0.7770 0.1961 
3.6644 3.7147 3.5144 3.5624 3.5348 2.6216 2.8057 1.9694 2.6424 2.5571 2.5198 2.5380 1.4745 2.2969 1.9325 1.8382 0.9026 1.7323 1.7423 2.0514 1.1315 2.0940 1.9871 1.9492 1.9409 1.1086 1.8547 1.4723 2.1632 1.9707 1.5912 1.2099 -0.1263 
3.8773 3.7308 3.4811 1.9671 2.7782 2.7326 2.4843 2.3654 2.6395 2.7992 2.3693 2.5213 2.5841 2.4632 2.3204 2.0915 -0.1436 2.0179 2.1476 2.1613 2.2292 2.0731 1.8594 2.1734 1.9396 1.4988 1.4542 1.5812 1.4585 0.3812 1.5440 1.2905 0.4112 
1.4633 2.8497 2.8865 2.3627 2.9506 1.4941 1.9805 1.9375 2.3259 2.4829 2.1477 1.2598 1.6230 0.4361 1.4862 1.6321 1.2226 1.5587 1.3573 0.2124 1.3403 0.8309 1.6150 1.8495 1.5818 1.0517 0.9822 0.3680 1.5814 0.8209 0.9789 0.3586 -1.3583 
3.8471 3.6193 3.3541 1.6700 0.6115 2.8726 1.2075 2.5931 1.6284 0.9421 1.8151 1.5218 2.2185 2.3031 1.5844 1.9900 1.5120 1.9278 1.4402 2.0538 1.9275 1.0989 1.3151 0.3412 0.9022 1.7432 0.2526 1.7303 -0.7217 0.1279 1.4445 1.0827 0.2113 
3.0488 2.0851 3.3129 2.9239 3.1449 2.8019 2.5131 2.7262 2.1712 0.8885 2.0658 1.6509 1.3547 1.3267 1.7168 0.7066 1.4526 0.6023 1.5509 1.0315 0.9825 1.2670 1.5471 0.2776 1.4639 1.9168 1.4983 1.6460 1.8154 1.3654 1.4287 -0.5343 -0.5211 
2.4871 3.0182 3.5707 3.1964 3.2300 2.5311 3.0430 2.7219 1.0228 2.1694 1.3912 2.1342 1.9741 2.1480 2.5328 1.7740 1.5589 1.6702 2.3607 1.9361 1.6072 1.7187 0.8729 1.5623 0.3515 1.9114 2.0220 1.3705 1.9212 1.6217 1.6037 0.5837 -1.0814 
2.8045 2.5345 3.4611 3.6395 3.3423 2.8953 2.5365 2.9785 2.8815 2.5780 1.6857 2.2785 2.5253 2.3011 2.2610 2.1575 2.1657 2.0903 2.0994 2.0538 2.1579 1.8970 1.1883 1.9654 2.1481 2.1061 1.5195 1.7503 2.0315 2.0263 1.5566 0.0760 -0.7604 
4.0153 3.9717 3.8601 3.3206 3.3662 2.8223 2.5904 2.3910 1.3806 0.9442 2.1498 2.3827 1.5894 1.8877 2.2329 2.3840 2.1738 2.2796 2.0793 1.5869 1.3205 1.9590 1.6271 0.3486 0.6587 1.5176 1.5850 1.6677 2.0483 1.7630 1.9624 1.4882 0.3747 
