3.0191 3.4462 2.9140 2.5770 2.5486 2.1079 1.9060 1.7279 1.8217 1.8453 1.0443 1.8084 2.1799 1.4959 1.6999 1.4032 1.2698 1.2978 1.5525 1.1987 1.7813 1.3538 0.4770 1.1790 1.0524 0.8250 0.8807 0.8651 1.1222 0.9362 0.8853 0.7574 -0.7121 
3.9045 3.2226 1.8807 1.6019 1.8971 1.1452 1.8478 1.2368 1.5438 1.1487 1.2331 1.1605 0.3870 0.5236 1.4842 1.0902 0.9178 1.0173 1.2749 0.2889 -0.0025 0.6909 0.6720 0.4870 0.7196 0.3604 0.8018 -0.0937 0.4850 -0.1442 -0.1518 0.5481 0.0957 
2.6647 3.1896 2.3618 2.8468 2.0784 2.3766 1.6556 1.3753 1.0348 1.0311 0.3198 1.4525 0.7515 1.8424 0.6393 0.5774 -0.7816 0.4828 0.4893 1.6104 0.4160 1.0125 -0.2416 0.3822 0.2388 0.4659 0.5689 1.1401 0.6230 1.1227 0.3728 0.5830 -1.2139 
3.4037 3.1642 2.6092 2.2918 1.8710 1.7692 1.5503 1.9278 1.5960 0.5444 0.7790 1.2063 1.6073 1.1384 1.3115 1.5784 0.9664 1.4615 1.1479 0.8984 1.2108 0.7551 0.2268 -0.1249 0.7682 1.0406 0.4710 0.5254 0.4674 0.5697 0.5672 0.5107 -0.3892 
3.7811 3.0039 2.9908 2.7494 2.6641 2.4036 2.3824 2.0157 1.2616 1.1779 1.0877 1.9498 2.0221 1.7762 1.4715 1.7450 1.6744 1.6705 1.2672 1.5418 1.6734 1.5353 0.5297 0.5123 0.4939 1.1018 1.3087 1.1708 1.2180 1.0342 0.9771 0.3293 -0.0744 
4.3909 3.6212 3.0900 2.0732 2.2262 2.2242 1.4685 2.6973 2.2882 1.9772 1.2533 1.1715 1.6639 1.1830 -0.3290 1.2606 1.4085 1.1890 -0.5544 0.9616 1.2735 0.7126 0.7010 1.3021 1.5124 1.7676 0.4274 0.9905 0.7443 0.3997 1.0529 0.9661 0.5707 
3.1140 3.0906 2.7550 2.2839 1.6296 1.9018 2.1726 2.2065 1.5205 1.9093 1.0222 1.7982 0.9450 1.7773 1.1261 1.0488 0.7827 0.9808 0.9871 1.5465 0.5468 1.3387 0.4435 1.2404 0.7066 1.2358 1.0830 0.6778 0.1574 0.5609 0.6489 0.4661 -0.5918 
2.4894 4.1649 3.0964 1.8580 3.4088 2.8959 2.4148 2.2250 2.4456 2.3251 2.4396 2.5276 2.9312 1.6317 3.0576 2.2226 1.6609 2.1186 2.9002 1.3208 2.5520 2.1126 1.8618 1.6710 1.6789 1.2520 1.3449 1.6588 1.9263 0.2535 1.0417 1.5620 -0.8925 
3.6633 3.4794 1.8501 1.7144 2.8377 2.5644 2.4974 1.8775 2.3996 1.9053 2.0347 2.8780 1.8449 0.7059 1.5235 0.6239 0.1327 0.5425 1.3042 0.4659 1.5060 2.3992 1.5066 1.2349 1.6406 1.0040 1.4748 1.3317 1.3693 -0.0016 -0.1792 0.7965 -0.0808 
3.8776 3.8946 3.1003 2.7712 2.3224 2.2378 2.5722 2.6961 2.4740 2.3694 2.4375 1.1454 1.7359 1.6886 1.7711 1.2307 1.6150 1.1441 1.6243 1.4224 1.3693 0.6871 1.8631 1.7110 1.7101 1.7656 1.5635 1.0030 0.9117 1.0514 1.0681 1.2222 -0.0049 
4.7062 4.1716 3.5175 2.9755 2.7683 2.4351 2.8305 2.6118 2.3896 2.0302 1.5547 1.6114 0.7681 1.0140 1.6336 1.6878 1.9557 1.6207 1.4482 0.7073 0.4158 1.1260 0.9907 1.3491 1.6286 1.7053 1.7347 1.2085 1.2860 1.2512 1.4620 1.5039 0.8595 
3.9138 3.2952 2.4683 2.0408 0.9129 0.6227 0.9197 0.4058 -0.3860 1.4353 1.1714 0.7402 1.4778 1.4386 -0.0871 0.6176 -0.8738 0.5300 -0.2532 1.1628 1.1009 0.3492 0.6137 0.7632 -1.1949 -0.5201 -0.1671 -0.6217 -0.5818 0.3611 0.4337 0.6062 0.1079 
4.0352 3.7942 2.9570 2.7431 1.6087 2.0408 1.1525 1.6160 2.2511 2.2171 0.8123 1.0918 1.7197 2.2036 1.8689 1.8443 1.2429 1.7586 1.7157 1.8788 1.3529 0.6218 0.2593 1.5472 1.4583 0.6649 0.0626 0.8088 0.1346 1.0350 0.9136 1.1351 0.1263 
3.5045 3.0867 2.4101 1.8655 2.1367 1.6323 2.2228 1.2903 1.4048 1.7365 1.0300 1.1333 1.1391 1.2488 0.2292 0.6001 0.4723 0.5146 0.0022 1.0258 0.7719 0.6626 0.4686 1.0744 0.6166 0.3996 1.1337 0.3857 0.6661 0.2016 0.3849 0.4404 -0.2939 
4.1447 2.8397 1.2908 1.2054 1.4329 2.1794 1.7630 -0.0599 1.9946 0.9719 1.8356 1.0484 1.9463 1.1245 0.3951 1.1724 -0.3850 1.0947 0.1918 0.8790 1.6245 0.5742 1.2654 0.2880 1.2092 -0.9452 0.6830 0.9489 -0.0145 -0.5085 -0.7673 0.1138 0.3485 
1.8281 3.1872 2.6688 1.8438 1.6822 1.0693 2.4011 2.4524 1.8512 1.9828 0.1407 1.5105 1.1586 1.3940 1.1227 0.7506 -0.1891 0.6474 0.9751 1.1213 0.7966 1.0436 -0.3502 1.2989 1.0857 1.5786 1.3431 -0.1189 0.2907 0.1568 0.5983 0.5944 -3.2539 
2.5490 1.8583 0.5859 1.4392 1.2489 1.1328 0.7305 1.2071 1.0979 0.2925 0.9896 1.5437 1.1122 1.2293 0.9648 -0.1158 0.3974 -0.1816 0.7325 1.0029 0.7349 1.0708 0.4106 -0.3497 0.3463 0.3500 -0.2927 -0.0896 -0.1609 -0.2386 -1.4050 -0.7745 -1.2003 
3.8379 3.4250 2.8626 2.5825 3.1152 2.6164 2.8232 1.8538 2.6104 2.2168 1.8158 2.9728 2.4092 2.8640 0.1948 2.3187 1.4561 2.2440 -0.0423 2.5675 2.0623 2.4953 1.2530 1.5426 1.8264 0.9728 1.7287 1.3804 1.7028 0.9318 0.8060 0.7467 0.0770 
2.0380 2.7679 1.7028 2.1023 2.4904 1.3027 2.2780 1.2131 1.6286 2.2206 2.2606 1.1098 1.3121 1.2545 0.3128 0.4692 0.2389 0.3960 0.1102 1.0223 0.9896 0.6499 1.6877 1.5545 0.8409 0.3271 1.1976 0.0482 1.0780 0.4300 -0.2841 0.0803 -1.4340 
3.4554 3.0703 2.0668 1.7809 2.0039 2.2309 2.2258 1.6914 2.3064 1.3656 1.2499 1.6474 1.8324 0.7482 1.7629 1.3205 1.1368 1.2324 1.6178 0.5008 1.4969 1.1717 0.7010 0.6782 1.5463 0.7863 1.1251 1.0093 0.5611 0.1249 0.0315 0.4880 -0.4303 
2.8361 2.9646 1.7981 1.9491 1.3509 2.0581 0.4348 0.4856 1.3832 0.9324 0.3654 0.8234 0.9911 1.0102 0.8841 0.8850 1.4197 0.7645 0.6771 0.7132 0.6002 0.3954 -0.1866 0.2705 0.5860 -0.4153 -0.6684 0.8416 -0.1112 0.3352 -0.3612 0.4018 -1.2921 
0.9798 2.9058 1.4942 1.9636 2.3840 1.7086 1.9405 1.8945 0.8361 1.8585 1.9741 1.8499 1.9673 0.2939 1.6541 1.2940 1.6856 1.2243 1.4755 -0.0034 1.6372 1.4068 1.4304 1.2079 0.0105 1.0201 0.9188 0.4802 0.9808 0.3221 -0.6000 0.2573 -1.8926 
3.0905 3.5570 2.6405 2.1891 2.3750 1.2569 2.1293 1.4548 1.4422 1.2253 1.3152 1.2664 1.0365 0.5218 0.7382 0.3250 1.0322 0.2156 0.5656 0.2945 0.6321 0.8426 0.7690 0.5527 0.6401 0.5116 1.0550 0.0534 0.9728 0.4750 0.5738 0.9459 -0.6679 
1.7442 2.5523 2.2834 1.6650 1.7712 2.1458 2.1243 1.8550 1.8534 0.7792 1.3511 1.4573 0.0113 1.2264 0.3510 1.4301 1.6580 1.3255 0.1130 0.9926 -0.3263 1.0087 0.8072 0.0756 1.0843 0.9871 1.0505 0.9244 0.3851 -0.0678 0.2278 -0.0571 -1.6664 
1.7526 3.3265 3.0885 2.6855 2.5004 2.3040 0.6130 1.6618 1.1935 1.0143 1.8503 2.3082 1.8590 1.6496 0.2246 1.4346 1.0838 1.3302 0.0150 1.3568 1.5502 1.8409 1.2954 0.3530 0.4296 0.7240 -0.4239 1.0666 1.0897 1.0023 1.0585 0.6664 -1.7500 
1.2599 2.9604 2.4232 2.7830 2.8201 2.3162 2.2933 1.3573 1.6074 1.4305 1.3556 1.8599 1.3045 0.0964 0.8919 0.2113 0.2711 0.1024 0.6820 -0.1635 0.9839 1.4283 0.8097 0.7627 0.7900 0.4453 1.2092 1.0802 1.3314 1.0695 0.4353 0.3800 -5.5242 
3.6757 3.0903 1.6146 0.8429 1.7848 0.7558 1.2804 1.6520 1.5647 1.7038 1.9390 1.3527 1.0851 1.1139 1.5296 1.6071 1.2950 1.5123 1.3132 0.8678 0.7064 0.9377 1.3908 1.0490 0.7333 0.7110 0.2538 -0.4876 0.3833 -0.8227 -0.5119 0.4369 -0.1262 
3.3745 3.3802 2.6254 2.4630 2.1832 2.0821 1.3266 1.6488 1.0126 1.0712 1.8500 1.2799 1.6403 1.3922 -0.6446 1.4144 0.0105 1.3089 -0.7519 1.1238 1.2419 0.8710 1.2842 0.4277 0.2150 0.6991 0.2998 0.8521 0.6861 0.7808 0.5843 0.7350 -0.4672 
3.5832 3.2904 2.2971 2.3488 1.2609 1.8180 0.9791 1.7846 1.1802 1.6713 1.2748 0.9511 0.7910 1.4628 1.0432 0.4860 -2.1803 0.4181 0.8672 1.1771 0.4507 0.4617 0.7213 1.0141 0.4299 0.9022 -0.1244 0.5869 -0.1553 0.6403 0.2250 0.6128 -0.2125 
4.2200 3.1411 1.2239 1.9731 1.3306 1.5684 1.8665 0.6432 1.0061 0.9924 1.1754 1.1448 1.4545 1.7132 0.3144 1.0922 1.3271 1.0238 0.1177 1.4526 1.0926 0.6788 0.6124 0.3420 0.2104 -0.2390 0.8427 0.3395 -0.0868 0.3196 -0.7890 0.4765 0.4216 
2.8777 3.5496 2.4632 2.4766 2.5272 2.2303 1.5998 1.7820 1.6115 1.5460 1.9964 1.6271 1.6321 0.6759 0.4302 0.4108 1.0648 0.3460 0.2771 0.4324 1.2338 1.1410 1.4528 0.8778 0.7928 0.8834 0.5158 0.9874 1.1073 0.8120 0.4306 0.9478 -0.7966 
4.1080 3.1933 2.6594 2.2872 2.0596 1.6782 0.8289 0.7955 0.7632 0.6457 0.6519 0.7441 1.0734 1.1061 0.4734 -0.3894 -0.8525 -0.5073 0.3274 0.8532 0.6963 0.3400 0.1026 -0.0094 -0.0268 -0.1288 -0.2334 0.4419 0.6060 0.5722 0.5937 0.5089 0.3193 
4.0384 2.5344 2.1944 1.4409 1.7208 1.6544 1.4092 1.0014 0.3894 1.8702 1.6484 1.9002 1.6447 1.7629 0.7368 1.2585 -1.1272 1.1852 0.5639 1.5286 1.2479 1.4749 1.0770 1.2197 -0.4059 0.0649 0.3766 0.4180 0.3355 -0.2048 0.1224 -0.1167 0.1524 
-0.1153 2.3205 2.3124 2.3238 0.9073 2.0612 1.0312 1.6808 1.6192 2.0435 1.9859 1.7570 1.7598 1.5335 1.3718 -0.1323 1.0911 -0.1889 1.1928 1.2303 1.4017 1.2880 1.4441 1.3699 0.8171 0.7594 -0.0731 0.8380 -0.6467 0.6162 0.3363 -0.2806 -2.5506 
3.4251 3.0611 2.2932 2.0648 2.0954 1.2704 1.5050 1.6153 0.8380 0.8753 0.8107 1.5274 1.0112 1.0992 0.4207 1.3989 -1.3329 1.2966 0.2432 0.8423 0.6177 1.0545 0.2821 0.1996 0.0086 0.6503 0.4430 0.0285 0.6237 0.3963 0.2078 0.4667 -0.3961 
3.2040 3.4280 1.9798 -0.1298 2.6335 1.3588 2.3325 1.6642 1.8797 2.2251 2.0181 1.8477 1.4434 0.8399 1.3001 1.6099 1.2576 1.5183 1.1457 0.5454 1.0749 1.3979 1.4733 1.5687 1.1175 0.7254 1.2544 0.0959 1.1999 -2.2195 -0.0209 0.7287 -0.5297 
4.1811 3.4560 2.5852 2.0295 2.1703 0.1914 -1.2911 1.9953 1.8984 1.7939 1.8513 1.6861 1.5064 1.6062 1.8338 1.0565 -0.3769 0.9849 1.6748 1.2916 1.1244 1.2182 1.2894 1.1311 1.1281 1.0908 -2.1410 -1.0795 0.6824 0.3640 0.5343 0.7251 0.3974 
3.5704 2.5561 1.7483 1.7622 1.9274 1.2769 2.2734 1.0552 1.8857 1.7641 1.7200 1.3863 1.3310 0.8072 1.5030 0.9783 1.9033 0.8736 1.2904 0.5455 1.0085 0.9704 1.1610 1.1007 1.1238 0.1525 1.1970 0.0816 0.5122 0.1177 -0.1967 0.0389 -0.3309 
3.4026 3.0918 1.6877 2.2730 1.6505 1.6483 1.5411 0.4631 1.9393 2.0000 1.9229 1.2209 1.6436 1.7230 1.3834 0.0479 1.1577 -0.0249 1.2010 1.4690 1.2457 0.7800 1.3714 1.3279 1.1681 -0.4033 0.4596 0.4225 0.2019 0.5509 -0.3166 0.4549 -0.3660 
3.0082 3.0872 2.4133 2.7278 2.8659 2.5657 1.9445 1.5994 1.4800 1.9409 1.7097 1.3653 0.5585 1.4229 1.2412 1.5558 1.5305 1.4451 1.0860 1.1546 0.2313 0.9412 1.1445 1.2696 0.6574 0.6477 0.9111 1.3284 1.4147 1.0401 0.4055 0.4916 -0.7900 
2.9507 3.4242 2.8490 2.3244 1.6631 1.9489 2.2780 1.6114 1.6596 2.1925 2.0817 1.8764 1.2805 1.4861 1.1039 1.5787 -0.0474 1.4568 0.9725 1.1917 0.9714 1.4519 1.5366 1.5138 0.8913 0.6395 1.1997 0.7395 0.2299 0.6054 0.7790 0.7424 -0.7381 
4.2930 3.3259 2.3799 2.4246 2.3452 1.2238 1.8473 1.2916 -0.3406 1.5860 1.1679 0.5082 1.4138 1.6411 0.7633 1.3399 1.2182 1.2441 0.5731 1.3517 1.0603 0.0452 0.6113 0.9094 -1.2129 0.4129 0.7956 -0.0031 0.9363 0.7287 0.3533 0.5911 0.4739 
2.9512 3.0698 2.7257 2.7370 2.5001 1.8264 1.7470 1.3488 -0.8706 1.2054 1.5631 1.4247 0.7544 2.0579 0.8460 1.1709 -0.6395 1.0899 0.6564 1.7782 0.4292 0.9938 1.0030 0.5354 -1.7402 0.4501 0.6611 0.5880 1.0836 1.0469 0.6585 0.4947 -1.0641 
4.2032 3.6048 2.6387 2.0724 2.2548 2.1556 2.3615 2.5612 1.6121 1.9626 1.3444 1.8463 2.0094 1.6890 1.7999 1.6909 1.3729 1.6213 1.6457 1.4234 1.6629 1.4031 0.7870 1.2922 0.7884 1.6698 1.2910 0.9278 0.8135 0.4115 0.5570 0.9690 0.4130 
4.0845 2.8805 1.0596 1.8650 0.8010 -0.4705 1.3289 2.0039 2.0701 1.5833 1.5160 0.9833 1.5911 1.8232 1.4658 0.4479 -0.5391 0.3752 1.2543 1.5975 1.1954 0.4947 0.9752 0.9021 1.2557 1.0947 0.3120 -1.7825 -0.6663 0.2198 -1.1878 0.2932 0.2473 
3.6512 3.6228 3.1883 2.7620 2.2943 2.0637 1.9689 0.7006 0.8702 2.0534 2.0739 1.1566 2.1375 2.0555 -0.2039 1.0777 -0.3403 1.0045 -0.4385 1.7751 1.7533 0.6900 1.5323 1.3817 0.0754 -0.2105 0.9523 0.8357 0.8504 1.0518 1.1438 1.0038 -0.1216 
4.2648 3.1872 1.1382 2.3057 0.5212 1.6955 1.8069 1.8404 1.7526 1.8198 1.5289 1.1676 1.2035 1.0677 1.1755 1.2777 -0.0669 1.2010 1.0250 0.7943 0.8690 0.6979 0.9785 1.1544 1.0023 0.9692 0.7503 0.4657 -0.8469 0.6044 -0.9304 0.5045 0.4520 
3.5919 3.3624 3.0127 2.6432 2.3371 2.3288 2.5190 2.0497 2.1320 1.7931 2.1287 1.9366 0.4177 1.9300 1.2492 0.4311 0.9746 0.3662 1.0929 1.6859 0.0514 1.5166 1.5872 1.1344 1.3046 1.1308 1.4888 1.1037 0.9220 0.9751 0.9902 0.6452 -0.2669 
4.6370 3.8172 2.8544 2.5148 2.3967 2.2624 2.4931 1.2626 1.2936 2.0806 0.9392 1.5714 1.3866 1.5856 1.8073 1.2484 -0.5088 1.1771 1.6515 1.2611 1.0409 1.0787 0.3713 1.3998 0.5246 0.3798 1.4607 1.0342 0.9896 0.8470 0.7569 1.1216 0.7627 
4.0728 1.9629 1.3384 1.5912 1.9629 1.4035 1.8043 2.0183 1.8163 1.6033 1.0289 0.4963 1.4527 1.5420 1.2898 0.4501 1.4561 0.3877 1.1261 1.2372 1.0949 0.0204 0.4562 0.9291 1.0563 1.1127 0.7574 0.1585 0.5173 -0.1679 -0.6897 -0.3704 0.1574 
3.4687 3.3199 1.8399 2.1646 2.2949 2.0083 1.8992 1.0645 1.2997 1.6547 1.7755 2.0252 1.9042 1.2403 1.1281 1.7231 1.6389 1.6518 0.9875 1.0102 1.5984 1.6013 1.2183 1.0049 0.5313 0.1288 0.8641 0.7819 0.8662 0.4635 -0.2285 0.6302 -0.2978 
4.0863 3.2022 1.6458 2.3244 1.7830 2.1811 2.4494 2.2850 0.5102 1.5750 0.1607 0.4096 1.7209 1.3172 1.2140 -1.0280 1.4544 -1.1179 1.0525 1.0695 1.3545 -0.0715 -0.4110 0.8944 -0.2525 1.3450 1.3930 0.9572 0.3778 0.6183 -0.4608 0.5205 0.2637 
3.8152 3.8481 2.9353 2.1933 2.3456 2.4668 2.3855 2.2958 2.2961 2.6047 1.8014 1.3139 1.5762 1.2339 1.3317 1.0967 1.9606 1.0302 1.1631 1.0037 1.1741 0.8865 1.2364 1.9274 1.5367 1.3647 1.3116 1.2351 0.9516 0.4548 0.8647 1.1856 -0.0785 
4.1803 3.4379 2.8272 2.3570 1.9219 1.9905 2.3219 1.8445 1.4689 1.7140 1.1900 1.6713 1.1941 1.4978 0.8073 -0.0067 1.6268 -0.1080 0.6107 1.2044 0.8472 1.1966 0.6232 1.0534 0.6379 0.9718 1.2373 0.7742 0.4881 0.6328 0.7270 0.6823 0.3818 
4.0677 2.3595 2.2158 2.0086 2.2091 2.4542 1.3548 0.7644 1.5511 0.5532 1.7168 1.1806 1.3414 1.2598 -1.5415 -0.6477 0.9347 -0.7883 -2.0482 1.0283 1.0173 0.7026 1.1605 -0.0861 0.7092 -0.1298 0.3027 1.2172 0.7571 0.3590 0.2004 -0.1735 0.1502 
4.3457 3.9332 3.2037 3.0650 1.7449 2.4773 2.3382 2.0364 2.0951 2.0170 2.0730 1.2294 2.1483 2.2001 1.8481 1.9134 1.2216 1.8334 1.6945 1.8697 1.7613 0.8005 1.5336 1.3402 1.2825 1.1183 1.2548 1.2454 0.3618 1.3666 1.1453 1.2330 0.5270 
4.1942 3.0363 1.6435 2.1886 2.2189 2.2301 1.8910 1.4512 0.9726 1.9688 2.0780 1.7592 1.0172 0.4963 1.2598 2.2290 1.5875 2.1382 1.1095 0.2443 0.6232 1.2874 1.5353 1.2961 0.1344 0.5173 0.8603 0.9989 0.7418 0.4526 -0.4344 0.3686 0.3912 
3.4659 3.8376 2.9058 2.6971 2.4746 2.4283 2.2006 2.0381 1.6482 2.2083 1.6612 1.8311 1.4176 1.8474 1.1870 1.0463 1.0772 0.9816 1.0279 1.6179 1.0672 1.3729 1.0922 1.5274 0.8779 1.1123 1.0985 1.1967 1.0624 1.0168 0.8373 1.1928 -0.3760 
4.3274 3.6779 2.8552 2.3670 1.6845 1.2825 1.5155 0.7878 1.5915 1.8167 1.2281 1.6142 1.1387 1.6756 1.5566 0.1073 0.8659 0.0155 1.3317 1.4013 0.7767 1.1302 0.6567 1.1514 0.7743 -0.1346 0.4434 0.0395 0.2801 0.6421 0.7621 1.0183 0.5274 
2.3300 3.3688 2.8919 2.3818 2.3948 2.2566 1.9528 1.1850 0.9715 1.5971 1.6238 0.1664 1.7121 2.0201 1.1403 0.5182 0.9950 0.4487 0.9904 1.7507 1.3453 -0.2805 1.0516 0.9298 0.1627 0.2876 0.9281 1.0258 0.9905 0.6760 0.8259 0.7026 -1.2839 
4.3220 4.1385 3.6581 3.0933 2.9267 2.8215 2.4730 2.3393 1.8285 1.8502 1.8844 1.7503 2.0187 1.8500 1.2678 0.8747 1.3530 0.7590 1.1142 1.6173 1.6729 1.2810 1.3284 1.1957 1.0533 1.4302 1.4259 1.5891 1.5046 1.4131 1.6254 1.4760 0.4748 
4.3725 3.5373 2.0931 1.1557 1.4170 1.3417 0.5078 1.2398 0.8006 0.5931 1.1586 0.8669 2.4093 1.8366 2.0750 1.5969 -0.2871 1.4910 1.8673 1.6063 2.0661 0.4249 0.6046 -0.0631 0.0038 0.3752 -0.5771 0.1116 -0.0272 -0.4886 0.0047 0.8645 0.5676 
2.5008 3.2235 2.2160 2.2494 0.9217 2.5765 2.2759 1.9687 1.9214 1.6078 1.4457 1.8560 1.6112 1.4269 0.8952 0.9921 1.4221 0.9073 0.6722 1.1572 1.2085 1.4241 0.9009 0.9451 1.1501 1.0672 1.1936 1.3540 -0.6193 0.5144 0.1801 0.6100 -1.4214 
3.7072 3.5393 1.2403 2.1300 2.2916 1.4172 1.8591 1.5954 1.6372 1.6211 1.1059 0.1519 1.3274 1.6427 0.7919 1.5341 1.7909 1.4267 0.5996 1.3504 1.0077 -0.2622 0.5403 0.9694 0.8350 0.6308 0.8218 0.1497 0.8700 0.4161 -0.9459 0.8850 -0.1045 
2.3344 3.4528 2.8790 2.4269 2.4576 1.3959 1.8524 2.2177 1.7931 1.8505 0.7191 1.4790 1.2549 1.8082 1.1111 1.3705 0.0223 1.2711 0.9667 1.5875 0.9566 1.0260 0.1932 1.1855 1.0351 1.2458 0.8223 0.1524 1.0373 0.7305 0.8064 0.7801 -1.7034 
4.2281 3.6564 3.0400 2.7532 2.8662 2.7233 1.5897 2.3196 2.3731 2.2858 1.8322 2.4173 2.0586 1.8207 1.6640 1.5874 -0.4766 1.4774 1.4904 1.5954 1.6959 1.9568 1.2601 1.6303 1.6164 1.4058 0.4762 1.4934 1.4064 1.0554 1.0115 1.0044 0.4207 
4.0928 2.8739 2.5522 2.4800 1.5065 0.6894 1.6014 1.3396 0.3855 0.1398 0.9039 1.6829 0.7298 1.2406 1.3875 1.2037 -0.5110 1.1195 1.2078 1.0151 0.4011 1.2124 0.3639 -0.5324 -0.4266 0.4415 0.5097 -0.5733 0.0267 0.8099 0.5172 0.1124 0.2466 
2.9155 3.7033 2.7909 2.8379 2.2543 2.7683 2.2403 1.8190 1.9369 1.2297 1.5931 1.8019 1.6388 2.1960 2.1536 2.2228 1.6577 2.1268 1.9372 1.8721 1.2470 1.3433 1.0269 0.5543 1.1609 0.9588 1.1414 1.5399 0.8223 1.1136 0.6864 1.0852 -0.8532 
3.7108 3.2247 2.3782 1.9207 1.6682 1.1837 1.5000 1.5153 0.4379 0.7768 2.0582 1.8105 0.4421 1.0004 2.1267 1.6481 0.3767 1.5831 1.9131 0.7078 0.0506 1.3514 1.5231 0.1115 -0.3289 0.5775 0.4274 -0.0568 0.2504 0.2322 0.3616 0.5519 -0.0635 
3.5586 3.7181 3.2244 2.8840 2.7842 2.2356 2.5534 1.1557 1.2728 1.1242 1.8371 1.2442 0.8252 -0.8967 1.0114 1.0193 -0.7399 0.9485 0.8216 -1.2350 0.4587 0.8118 1.2629 0.4731 0.4989 0.2456 1.5304 1.0045 1.2975 1.1601 1.1655 1.0826 -0.3779 
4.1340 3.5562 2.3818 2.5443 0.9674 2.2667 2.5300 1.3660 2.1529 1.3443 1.2455 0.7542 1.6074 1.5792 1.2122 1.5716 -0.9640 1.4549 1.0565 1.2501 1.2124 0.3453 0.6987 0.6608 1.3296 0.4480 1.5054 1.0393 -0.5356 0.8829 0.3401 0.8894 0.3186 
4.1119 2.8958 2.4605 2.5637 2.4611 1.8701 1.9932 0.6832 1.5868 1.5010 1.7135 1.7834 1.3934 1.2457 1.2054 0.8506 -0.0770 0.7405 1.0477 1.0191 1.0484 1.3189 1.1515 0.8210 0.7613 -0.2135 0.9735 0.6314 1.0455 0.9018 0.4336 0.1827 0.3102 
1.9093 3.6903 2.9554 2.3075 1.9793 2.2853 2.2660 2.0332 1.9441 2.1879 1.5149 2.0210 2.1844 1.6392 1.6956 1.5574 2.2388 1.4516 1.5417 1.3475 1.7835 1.6026 0.9664 1.5063 1.1745 1.1182 1.1853 1.0558 0.5637 0.6080 0.9138 1.0727 -2.1122 
3.4494 3.3839 2.0429 2.2026 1.6808 1.7647 1.5403 1.3910 1.4100 1.5511 -0.0999 1.1273 0.7218 1.3169 0.5189 -0.1336 0.9967 -0.2043 0.3728 1.0691 0.3877 0.6569 -0.6134 0.8655 0.6098 0.4782 0.4482 0.5395 0.2297 0.4757 -0.0531 0.6812 -0.3492 
3.7174 3.5920 3.0721 2.7589 1.6174 1.9881 1.4542 1.8270 1.8586 1.9072 1.7894 2.4679 2.2852 2.1082 0.9734 1.6880 1.1457 1.6192 0.7437 1.8172 1.8938 2.0267 1.2297 1.2402 1.0975 0.9578 0.4080 0.7556 0.1341 1.0451 1.0233 0.9636 -0.1929 
4.1705 3.7425 2.2773 2.5289 2.6470 1.8674 2.3915 2.0643 1.9096 0.3939 1.4734 1.9761 0.4861 1.2853 1.6435 1.8544 1.6957 1.7786 1.4634 1.0508 0.0900 1.5642 0.9479 -0.2444 1.1313 1.1389 1.3219 0.6443 1.2013 0.8787 0.2050 1.0890 0.3725 
3.9896 3.1543 2.3652 1.6776 1.7683 1.1935 1.1253 0.5696 1.7725 1.5472 0.3049 0.5052 1.6019 0.7792 0.7722 0.3865 0.5077 0.3145 0.5898 0.5069 1.2053 0.0386 -0.2452 0.8580 1.0172 -0.3248 0.0497 -0.0461 0.3654 -0.0473 0.3537 0.5148 0.1792 
3.1325 2.8458 2.3352 2.3904 2.4622 2.4928 1.7438 2.1088 2.2016 1.7171 1.4625 1.5852 1.1109 1.2149 1.2145 0.5158 1.0043 0.4404 1.0534 0.9862 0.7489 1.0880 0.9232 1.0576 1.3734 1.1672 0.6797 1.2628 1.0551 0.6992 0.3794 0.2654 -0.8328 
1.1678 2.0371 2.6621 -0.2327 2.3458 1.3222 2.3786 2.3334 2.1388 1.3341 1.7508 1.0799 1.4888 1.0895 1.2413 0.9475 0.8206 0.8271 1.0871 0.8238 1.1132 0.6140 1.1875 0.6545 1.3107 1.4210 1.3110 0.0829 0.9575 -1.8292 0.6126 -0.5591 -5.4030 
1.4463 3.1426 2.3069 2.4357 2.3153 1.3018 2.2106 1.7569 1.3634 1.6448 1.7597 2.2496 1.6130 0.8673 1.5701 1.5923 -0.1532 1.4807 1.3463 0.5822 1.2163 1.7683 1.2011 0.9940 0.5822 0.8504 1.1159 0.1024 0.8918 0.7437 0.2664 0.5203 -1.9174 
3.2517 3.4630 1.9695 1.8137 1.4192 1.7963 1.1093 -0.1999 1.3791 2.0589 0.5839 2.1299 1.1782 0.7483 0.4571 0.4569 1.2320 0.3972 0.2989 0.4858 0.8250 1.6634 0.0267 1.3821 0.6037 -1.1622 0.0238 0.5561 -0.0066 0.1096 -0.1541 0.7853 -0.4900 
-0.1156 2.5308 2.6739 2.8082 2.4370 2.1753 2.5821 1.8573 1.8531 1.1301 2.0200 2.2034 2.0763 2.2257 1.7262 1.5032 -0.5597 1.3894 1.5877 1.9122 1.7112 1.7117 1.4825 0.4645 1.0888 0.9904 1.5671 0.9458 1.0182 1.0787 0.5984 -0.1112 -2.4065 
2.4087 3.0526 1.7060 3.0897 2.2230 2.2046 1.1775 1.6446 1.6309 1.6283 1.0568 0.2196 0.7169 1.3545 1.1773 1.6987 0.8666 1.6295 1.0288 1.0981 0.3977 -0.2208 0.4932 0.9732 0.8358 0.6971 0.1052 0.9705 0.7277 1.4154 -0.2556 0.4269 -1.3969 
4.2208 3.6754 3.4869 3.0992 2.5339 2.3691 1.9416 1.5833 1.8628 1.6630 1.3133 1.2509 1.2600 1.1715 0.6746 1.6641 1.8490 1.6008 0.5223 0.9431 0.9642 0.8269 0.7631 1.0049 1.1000 0.6147 0.9116 1.1335 1.1081 1.4269 1.4094 1.0278 0.4139 
2.6600 3.5534 2.9685 1.7619 2.3082 1.8604 2.3567 1.8161 2.4690 1.9289 2.2084 2.0661 1.8514 1.2899 1.6587 0.7141 0.3759 0.6174 1.4848 1.0495 1.5392 1.6216 1.6347 1.2571 1.7033 0.9337 1.2835 0.6340 0.8839 0.0930 0.9429 0.9665 -1.1134 
3.7099 3.5924 3.1161 2.0167 2.2002 2.2402 2.3506 2.2852 1.5559 1.6905 1.0788 1.8537 2.1563 0.9463 0.8153 1.5707 1.7778 1.4636 0.6177 0.6385 1.7606 1.4196 0.5198 1.0368 0.7108 1.3506 1.2700 1.0196 0.7046 0.3668 1.0892 0.9767 -0.0239 
3.6032 2.8592 2.5575 2.4825 1.8230 1.5260 1.4638 0.9940 0.9960 0.4295 0.1343 1.6777 1.1257 1.6793 1.0053 0.1335 1.4385 0.0311 0.8073 1.4026 0.7672 1.2087 -0.4179 -0.2316 0.1804 0.0451 0.4062 0.3004 0.4072 0.8061 0.5132 0.2312 -0.1763 
2.8162 2.9889 2.8859 0.4940 2.1295 1.7546 2.2992 2.0609 1.5235 1.7037 1.0260 1.9539 1.4174 1.7094 2.2710 1.2942 1.8536 1.2058 2.0962 1.4570 1.0653 1.5461 0.4427 1.0527 0.6850 1.1301 1.2276 0.5441 0.6674 -1.5993 0.8237 0.4320 -1.3052 
2.3427 2.9825 2.6625 1.1731 1.7720 2.3286 2.3599 2.2079 1.9676 1.0575 0.5379 1.0997 1.1105 1.1398 1.3231 0.7341 -1.3976 0.6261 1.1568 0.9062 0.7446 0.6230 -0.0215 0.3953 1.1815 1.2389 1.2826 1.1033 0.3778 -0.5526 0.5701 0.3774 -1.2002 
2.9885 3.6991 3.1482 2.4132 1.5934 1.3254 2.2830 1.8600 0.6842 1.2468 0.8411 1.0235 0.9995 1.7497 1.2712 1.1009 -2.1462 1.0289 1.1123 1.5075 0.6027 0.5443 0.3081 0.5889 -0.1032 0.9898 1.2039 0.1171 0.0768 0.7045 1.0932 1.0721 -0.9884 
3.8598 3.5604 2.3140 2.8416 1.3705 1.4934 1.9173 2.4214 2.3743 2.2621 2.2826 2.3044 1.5100 1.3009 0.5909 1.1699 0.5623 1.0897 0.4347 1.0586 1.1279 1.8317 1.7157 1.6069 1.6185 1.5496 0.9029 0.2655 -0.0687 1.1137 0.3124 0.9224 0.0567 
4.1926 3.1724 1.7161 2.3001 1.1415 1.3972 1.3351 1.2133 1.3201 1.5933 1.4571 2.1687 2.1043 2.0917 1.6339 0.5177 0.4626 0.4426 1.4426 1.8050 1.7270 1.6879 0.9137 0.9181 0.5483 0.3498 0.3165 0.1613 -0.2603 0.5795 -0.2701 0.4807 0.3810 
3.8727 1.0338 2.5316 2.2850 1.4894 1.0698 1.5293 1.5415 2.0304 1.5861 0.7556 1.3223 1.7824 1.7116 2.0286 1.4956 1.3009 1.3866 1.8447 1.4560 1.4359 0.9119 0.2197 0.8963 1.2352 0.6006 0.4567 -0.1880 0.0018 0.5853 0.4706 -1.4103 -0.0273 
2.5676 2.8431 1.7723 2.3406 1.3832 1.4600 1.2815 1.1068 1.7007 1.9162 1.6453 1.8014 1.1513 1.7498 1.2064 0.2075 0.8659 0.1078 1.0438 1.5067 0.7982 1.3401 1.0782 1.2464 0.9508 0.1862 0.2646 0.2227 -0.0771 0.6224 -0.1901 0.1524 -0.9659 
2.3291 3.0328 2.7116 2.7649 2.2415 2.4688 2.0043 1.6404 1.7934 1.6481 1.0384 -0.1878 0.9664 1.1690 1.2678 0.9932 1.5554 0.8964 1.1137 0.9439 0.5655 -0.6748 0.4699 0.9934 1.0323 0.6846 0.9815 1.2329 0.7833 1.0501 0.6238 0.4076 -1.6887 
4.2890 3.8327 3.4836 2.5013 1.9622 2.3572 1.8647 1.3914 2.0448 1.9022 1.7284 1.8003 2.0943 1.8561 1.8483 1.8631 1.8516 1.7934 1.6876 1.6287 1.7227 1.3423 1.1647 1.2379 1.2397 0.4938 0.8241 1.1278 0.5225 0.8128 1.4065 1.1576 0.4730 
3.9205 2.9291 2.0291 2.3998 1.8383 1.3581 1.0969 1.5558 0.3790 1.0963 1.5994 0.5478 0.7242 1.3787 1.5611 -0.2804 0.6896 -0.4212 1.3384 1.1169 0.4022 0.0678 1.0275 0.4387 -0.4508 0.6002 0.0210 0.1221 0.4158 0.6958 -0.0060 0.2741 0.0958 
2.3140 3.4694 2.9475 2.2958 1.9240 1.8094 1.0931 1.1301 0.6254 1.6083 1.3230 0.6802 1.5862 1.4535 1.7377 1.5342 1.7021 1.4210 1.5984 1.1768 1.1852 0.2686 0.7770 0.9542 -0.1219 0.2367 0.0013 0.5837 0.5027 0.5726 0.9069 0.8414 -1.6556 
3.8759 3.2998 2.3491 1.9883 1.4387 2.2262 1.0518 2.0174 1.7597 0.3675 1.0360 1.3232 0.2130 0.5152 1.0970 1.2257 -2.1551 1.1389 0.9535 0.2686 -0.1408 0.8971 0.4696 -0.2937 0.9989 1.1050 -0.0050 0.9918 -0.0074 0.3216 0.3558 0.6061 0.0917 
