4.1765 3.2923 1.7420 2.1225 1.9252 1.9585 1.3624 2.4979 1.7320 1.6957 1.3831 1.6201 1.3517 1.9693 1.8560 1.6366 -0.4379 1.5631 1.6894 1.6927 1.0021 1.1596 0.8662 1.0526 0.9871 1.6161 0.3586 0.7647 0.5256 0.4609 -0.2236 0.6435 0.4926 
4.2014 3.3752 2.9156 2.5853 2.3854 1.7664 1.5696 2.1877 1.7753 0.9003 1.7344 1.8093 1.7645 0.3543 1.5413 1.4692 0.5032 1.3589 1.3678 0.0905 1.4757 1.4071 1.1922 0.2460 1.0372 1.3040 0.5321 0.5832 1.0182 0.9452 0.9390 0.7613 0.4568 
3.2657 2.1341 0.1725 1.5170 0.9893 0.7424 0.0771 1.0224 0.9972 1.3184 1.8759 2.1077 1.6718 1.0751 0.3128 0.5493 1.2107 0.4790 0.1074 0.8565 1.3317 1.6403 1.3553 0.6770 0.2799 0.1580 -0.8921 -0.4316 -0.3738 -0.1494 -1.8398 -0.4204 -0.4496 
4.0589 3.2708 2.5933 2.3946 1.6539 1.7467 1.0667 1.1365 2.0534 1.8721 1.2873 1.6496 0.3646 1.2768 1.4875 1.4946 0.4536 1.3923 1.2805 1.0230 -0.0270 1.1955 0.7722 1.2191 1.2568 0.3040 0.0335 0.5653 0.2984 0.7887 0.5746 0.6064 0.3776 
4.4888 3.1061 2.2176 2.0003 2.2552 1.5741 1.9672 2.1428 2.2125 2.2740 1.6543 0.5912 -0.3673 1.3794 1.4106 0.2309 0.9429 0.1427 1.2073 1.0976 -0.7645 0.1928 1.1138 1.6343 1.4904 1.2319 0.9441 0.3736 0.8986 0.3388 0.2049 0.3977 0.7301 
4.3851 3.6090 2.5848 2.4377 1.5684 1.6682 1.6068 1.6846 0.8142 1.4507 1.3816 1.9436 1.6769 1.6465 1.7198 1.7671 1.3360 1.6952 1.5663 1.4158 1.3429 1.5192 0.8667 0.7922 0.0173 0.8339 0.5614 0.4784 0.1833 0.8364 0.5496 1.0143 0.6338 
3.3800 2.5379 2.1959 2.2727 1.0357 2.1400 2.0260 1.9602 1.6697 1.4018 1.1173 1.6322 1.4127 0.9188 1.6727 1.6322 1.4053 1.5595 1.5293 0.6248 1.0390 1.1783 0.5654 0.7500 0.9348 1.0626 0.9847 0.9546 -0.3324 0.6316 0.2194 -0.0852 -0.3048 
3.3830 2.3545 2.3398 1.6563 0.5582 1.9256 1.5483 1.8610 1.8044 1.3841 0.5302 1.1443 1.8171 0.9017 1.0645 0.6131 0.9084 0.5355 0.9218 0.5883 1.5118 0.7282 -0.0278 0.7187 1.0585 0.9937 0.5057 0.7491 -0.8014 0.0039 0.3973 -0.1878 -0.2717 
3.5163 2.6897 2.0266 0.8634 0.6154 1.0008 1.4815 1.5514 1.4592 1.3468 1.6661 1.7111 1.2915 1.4895 0.8476 0.6866 0.4629 0.5909 0.6336 1.1809 0.9592 1.2720 1.1302 0.6947 0.6629 0.6462 0.4247 -0.1783 -0.7501 -0.7937 -0.0026 0.0602 -0.1418 
3.5869 2.2320 1.1460 1.6712 1.5976 1.4221 0.7403 1.3344 1.4788 -0.1332 1.0935 1.0835 1.4403 1.6589 1.7163 1.2830 0.1307 1.1835 1.5629 1.4366 1.0646 0.6449 0.5502 -0.7675 0.6774 0.4462 -0.2684 0.2343 0.2462 0.0403 -0.7871 -0.3730 -0.1082 
2.9874 1.8291 1.9965 1.6376 1.5259 0.7886 1.5696 1.6803 1.3047 1.0886 1.3336 1.5635 0.7308 0.4248 1.5523 1.2938 -3.4138 1.1943 1.3864 0.1841 0.3862 1.1052 0.8150 0.4422 0.5326 0.8333 0.5256 -0.3850 0.1249 -0.0285 -0.0270 -0.6419 -0.6939 
3.1060 2.8817 2.2087 2.4930 1.6287 1.4361 2.0377 1.6100 0.9769 1.4146 1.4671 1.5565 1.1710 0.7370 -0.0797 1.2776 -1.0656 1.1808 -0.2215 0.4701 0.8822 1.0997 0.9188 0.7539 0.2596 0.7193 0.9913 0.2773 0.2485 0.8953 0.2698 0.3434 -0.5987 
4.0485 2.7437 2.6673 2.7041 3.1127 2.8422 2.7222 2.1380 1.8462 1.6060 1.8495 1.7227 2.3644 2.8697 1.9452 1.3748 -1.0600 1.2615 1.7420 2.6551 2.0796 1.2948 1.3197 0.9631 1.1001 1.2282 1.6762 1.6540 1.7263 1.0316 0.6479 0.0499 0.3663 
3.6259 3.3625 3.1106 1.6696 2.7923 2.4512 2.1556 1.8063 2.1358 1.5853 0.7872 1.4290 1.7297 1.9246 0.7128 2.0255 0.6798 1.9169 0.5435 1.6583 1.4169 0.9690 0.2436 0.9499 1.3767 0.9560 1.1148 1.2596 1.4396 -0.0122 1.1249 0.7966 -0.0648 
3.5612 1.8914 1.9428 1.6200 1.5170 1.0899 1.2312 1.5826 1.0114 1.5370 1.4594 1.5530 1.7688 1.4365 0.0728 0.5449 1.1101 0.4652 -0.1147 1.1373 1.4769 1.0947 0.9194 0.9052 0.2980 0.6996 0.2726 -0.0851 0.1270 -0.0559 -0.0750 -0.4390 -0.1633 
4.1294 2.7834 2.7474 1.5502 1.6571 1.1775 1.2478 1.5165 1.7884 1.8744 1.9956 1.5550 1.1056 1.3664 1.5572 1.3739 0.4687 1.2661 1.3956 1.0925 0.7750 1.0983 1.4787 1.2240 1.0463 0.5931 0.2676 -0.0079 0.3073 -0.1097 0.7595 0.0879 0.4322 
1.4842 1.1253 2.2234 1.5306 1.4056 1.5204 0.7103 0.9336 1.0003 0.9980 0.8168 0.8886 1.1440 1.4659 1.0380 1.1343 1.5391 1.0554 0.8998 1.1549 0.8385 0.4129 0.2994 0.3657 0.2674 0.0265 -0.2836 0.3333 -0.0180 -0.1382 0.2848 -1.3457 -2.2333 
2.5239 1.6659 1.9727 2.0742 1.7196 1.7462 1.0188 1.4902 1.5095 1.0125 1.4918 1.1599 1.5835 1.2581 0.5930 0.4552 -0.8300 0.3779 0.4304 1.0115 1.2138 0.7492 0.9393 0.3785 0.7331 0.5561 -0.0271 0.5616 0.3533 0.4161 -0.0313 -0.8837 -1.1166 
4.3380 3.3409 2.9748 2.4618 2.0074 2.1234 1.9797 0.9726 1.5430 1.3823 1.0873 1.6880 1.3423 0.7584 1.6576 1.1477 0.5465 1.0729 1.5169 0.4838 0.9936 1.2445 0.5463 0.7243 0.7879 0.0749 0.9539 0.9362 0.5789 0.8598 1.0053 0.6920 0.6004 
4.2431 2.9898 2.7457 2.2338 2.2026 1.9995 2.1269 2.2465 0.3922 2.0750 1.9407 0.9677 0.8226 0.9805 1.4821 1.7782 1.9969 1.7080 1.2707 0.7173 0.4546 0.5132 1.4205 1.4214 -0.3669 1.3853 1.0826 0.8093 0.8428 0.5728 0.7437 0.3487 0.5240 
4.0585 3.0034 2.4737 1.6716 1.5379 2.0686 2.0872 1.6624 1.6304 1.5302 1.6814 0.6305 1.4516 1.5294 1.5062 1.0221 0.8885 0.9494 1.3101 1.2444 1.0696 0.2383 1.1394 0.9014 0.9047 0.8027 1.0324 0.8868 0.1373 0.0142 0.4859 0.3876 0.3734 
3.3152 1.3604 2.0869 1.6921 0.8251 1.3106 1.8583 2.1585 1.9440 1.3630 0.9030 1.1446 -0.0643 1.3404 1.5361 0.8960 0.7171 0.7926 1.3597 1.0753 -0.3744 0.7222 0.3572 0.7067 1.1600 1.2593 0.8820 0.1153 -0.6339 0.0383 0.0335 -1.1018 -0.4090 
2.4521 1.5502 1.9456 1.6671 1.7710 1.5117 0.9919 1.2076 1.5599 1.3331 1.5715 1.2979 0.6954 1.5115 1.2219 1.1618 0.9197 1.0905 1.0654 1.2161 0.3617 0.8970 1.0251 0.6893 0.8168 0.3580 -0.0401 0.3361 0.4071 0.0506 -0.0282 -0.8708 -1.3567 
3.6148 2.6182 1.8043 1.2778 1.8034 1.0121 1.9183 1.6477 1.1439 1.1350 1.1885 0.2223 0.4143 0.6930 1.5459 1.5065 0.2151 1.4153 1.3784 0.4365 0.0580 -0.2221 0.6546 0.4962 0.4039 0.7832 0.9195 -0.1735 0.4335 -0.2987 -0.1565 -0.0210 -0.0513 
3.2861 2.3441 2.7137 1.4091 0.8609 0.9381 1.5961 0.9320 0.7249 1.5018 1.1178 1.1033 0.6531 -0.8505 0.2082 0.6975 0.8850 0.6046 0.0003 -1.1606 0.3382 0.6600 0.5639 0.8657 -0.0408 0.0146 0.5536 -0.2340 -0.5514 -0.2662 0.7210 -0.1986 -0.4626 
-0.0382 2.1158 1.9089 1.6024 1.0536 1.8604 1.8673 0.6619 1.5158 1.6033 0.3442 1.5702 1.3883 1.1349 0.8572 1.4275 1.3475 1.3195 0.6460 0.9135 1.0231 1.1162 -0.1821 0.9685 0.7466 -0.2037 0.8845 0.6826 -0.2674 -0.0488 -0.0999 -0.3813 -5.3645 
3.5213 2.0789 1.2289 1.6595 1.1233 1.3369 1.2585 1.8757 1.9211 2.1292 1.5435 1.1401 0.2977 0.6902 1.0031 0.7797 0.8309 0.6808 0.8655 0.4347 -0.0930 0.7102 0.9958 1.4987 1.1482 1.0023 0.2836 0.1359 -0.2565 0.0051 -0.7884 -0.6330 -0.1692 
4.1128 2.8920 2.6901 2.6883 2.1127 1.9973 2.1213 0.5925 1.9537 2.0124 1.6740 1.6547 2.0081 1.6330 1.3564 1.1504 -0.9944 1.0784 1.1604 1.3956 1.6377 1.2063 1.1336 1.3581 1.1661 -0.2374 1.0721 0.8128 0.6946 1.0214 0.6653 0.2633 0.4181 
3.6049 2.6057 1.4558 0.5599 2.0403 1.4768 1.9213 1.5318 1.1350 1.0845 1.0612 1.5759 1.4998 0.5514 1.4950 -0.0106 -0.2546 -0.0910 1.2919 0.3359 1.1155 1.1222 0.5275 0.4411 0.3921 0.6181 0.9209 0.2838 0.6059 -1.0834 -0.6261 -0.0752 -0.1209 
3.9554 2.8614 2.5819 1.6583 1.8986 1.5260 1.2799 0.9022 2.1733 1.8723 1.1847 1.0376 0.9165 0.5995 1.0859 1.3074 1.7217 1.2087 0.9404 0.3722 0.5407 0.5792 0.6619 1.2188 1.4421 -0.0184 0.3000 0.3399 0.5099 0.0048 0.5546 0.2557 0.2565 
3.0456 2.0302 1.1100 0.9843 1.5393 1.7949 0.8927 1.3926 1.3479 0.8908 1.5712 1.2074 0.6346 1.6197 1.6829 1.0246 -1.2309 0.9520 1.5345 1.3786 0.3368 0.7937 1.0276 0.2374 0.5663 0.4965 -0.1716 0.6142 0.1479 -0.6962 -0.9283 -0.4097 -0.6875 
3.6381 2.9220 2.5961 2.0123 1.8912 1.3768 1.2789 1.7872 0.9311 1.2063 1.2807 1.0867 0.6917 1.0026 1.0744 0.4248 0.1868 0.3519 0.9307 0.7511 0.3572 0.6453 0.7557 0.5566 0.1559 0.9427 0.2929 0.1884 0.5019 0.3638 0.5766 0.3474 -0.0499 
0.0447 0.8536 2.0995 0.8952 1.9481 1.9224 0.9773 1.0230 1.6896 0.9910 1.5504 1.6618 1.3805 1.7992 -0.4647 1.4129 0.4189 1.3047 -0.6434 1.5662 1.0263 1.2091 1.0087 0.3547 0.9562 0.1613 -0.0633 0.7334 0.5481 -0.8156 0.0905 -1.6829 -3.7824 
3.1266 3.2688 2.6099 1.8991 1.5341 1.1877 1.1776 1.7456 0.9368 1.6816 1.3488 1.1091 1.1562 0.9385 0.6352 0.9690 0.2973 0.8999 0.4808 0.6436 0.8703 0.6584 0.8324 1.0444 0.1807 0.9120 0.2087 0.0055 0.1321 0.3122 0.5642 0.6736 -0.6314 
3.2776 2.7193 1.7965 1.2282 0.4699 1.4153 1.4053 1.4607 1.1090 1.5401 0.7566 2.2294 2.2284 1.5864 0.9077 -0.7037 0.8409 -0.7899 0.7080 1.3255 1.8790 1.7764 0.2468 0.9085 0.3769 0.5358 0.3729 0.2299 -0.8634 -0.3837 -0.1812 0.1041 -0.4756 
3.9035 3.2577 2.3233 1.4136 1.5722 1.6816 1.0420 1.4096 2.1106 1.3056 1.6068 1.5093 1.4549 1.2643 0.8364 0.4138 1.1488 0.3467 0.6277 1.0152 1.0690 1.0436 1.0633 0.6529 1.3352 0.5153 0.0106 0.5016 0.2013 -0.2167 0.3527 0.6052 0.1864 
2.8809 1.8700 1.8109 0.2208 1.6447 1.5626 1.8491 1.5409 0.1009 1.2282 1.0712 1.3026 1.6683 1.0734 1.5898 1.6539 1.1466 1.5790 1.4518 0.8408 1.3326 0.9018 0.5340 0.5851 -0.6853 0.6329 0.8761 0.3731 0.2957 -1.4940 -0.1875 -0.5650 -0.8260 
2.8401 1.2085 1.7403 -0.1819 0.1831 0.7221 0.5582 0.5343 1.0197 0.4910 0.2358 0.3255 0.7501 0.9202 0.0419 0.9838 0.9379 0.9216 -0.1165 0.6243 0.4007 -0.1404 -0.3016 -0.1291 0.2964 -0.2939 -0.4575 -0.4484 -1.2838 -1.6126 -0.2298 -1.4952 -0.9730 
3.9145 2.7716 1.9446 2.0796 1.3721 1.1952 1.3274 1.6970 1.3434 1.7215 1.8412 -0.2995 1.0171 1.5256 1.2173 -1.3973 -0.4776 -1.4204 1.0584 1.2375 0.6603 -0.7779 1.3140 1.0824 0.5569 0.8541 0.3228 0.0061 -0.0448 0.4039 -0.0651 0.1153 0.2070 
2.3646 2.0184 2.0127 0.4733 0.6219 1.2015 0.9819 0.6129 1.6042 1.0801 0.1432 1.8664 1.5961 2.0816 1.2558 1.4993 1.1529 1.4042 1.0883 1.7712 1.2406 1.4739 -0.3876 0.4314 0.8883 -0.2275 -0.0576 0.0101 -0.7671 -1.2106 -0.0306 -0.5983 -1.4384 
3.4646 2.6038 2.3114 1.7030 0.4719 1.1348 1.4311 0.1757 1.0198 1.5671 1.3872 0.8903 1.3798 1.0589 1.3816 1.7134 0.5582 1.6326 1.1798 0.8355 1.0185 0.4235 0.8639 0.9360 0.3003 -0.7370 0.3948 -0.0674 -0.8324 0.0565 0.3542 -0.0323 -0.2037 
2.2024 2.3761 1.8216 1.7465 1.6640 0.0368 0.7763 0.9353 0.8973 0.1525 1.2468 1.2991 0.8153 0.9933 1.0135 1.3920 -0.6214 1.2868 0.8800 0.7321 0.4509 0.8943 0.7256 -0.4999 0.1028 0.0198 -0.2387 -1.1214 0.3112 0.1408 -0.1534 -0.1584 -1.3203 
2.5699 2.7852 2.9687 1.7328 2.1682 2.0800 1.9319 0.5190 1.2857 1.3102 0.5539 1.2884 1.7334 1.3117 1.2271 0.3447 -0.8711 0.2736 1.0645 1.0509 1.4207 0.8920 0.0230 0.6564 0.5340 -0.3391 0.9239 0.8919 0.8005 0.0568 1.0092 0.2882 -0.9889 
3.1280 2.3866 2.5864 2.5823 1.0341 1.5655 2.1213 0.4822 1.8700 2.0797 1.4319 1.6542 -1.0294 0.9568 1.5092 1.4401 1.5186 1.3282 1.3172 0.6829 -1.4250 1.2001 0.9026 1.4254 1.1180 -0.4389 1.0761 0.3829 -0.3055 0.9464 0.5898 -0.1226 -0.5987 
3.6401 2.1379 1.5226 1.6754 0.9356 1.6383 1.9823 1.6386 1.7292 1.8284 1.6281 0.7355 1.3919 1.6891 1.5917 1.1986 0.9655 1.1230 1.4494 1.4780 1.0297 0.3190 1.0853 1.1798 0.9865 0.7683 0.9567 0.4561 -0.4659 0.0408 -0.4721 -0.5211 -0.0497 
3.8680 3.3729 2.7611 2.5794 2.3066 1.8651 0.2967 -0.7085 1.6551 1.5196 1.9732 1.6345 1.5115 1.1862 1.1444 0.2448 1.2454 0.1634 0.9953 0.9541 1.1338 1.1791 1.4543 0.8976 0.9280 -1.5868 -0.7474 0.6767 0.9411 0.9485 0.7802 0.8082 0.1392 
3.5197 2.9514 2.2992 0.8959 1.5417 1.6089 0.5911 -0.1818 1.3104 0.6050 1.4037 1.3091 1.2296 0.5055 0.2241 1.1008 -0.7679 1.0217 0.0289 0.2939 0.9218 0.8986 0.8862 -0.0384 0.5471 -1.0425 -0.3896 0.4192 0.1539 -0.7980 0.3363 0.3994 -0.1395 
1.6231 2.6724 1.1902 1.8475 1.9308 1.0996 1.7474 1.6097 1.2808 1.4932 1.8878 2.0831 0.9677 1.6535 1.3894 1.6172 1.1390 1.5456 1.1869 1.4275 0.5865 1.6098 1.3738 0.8384 0.5273 0.7346 0.7621 -0.1029 0.5406 0.2720 -0.8382 0.1097 -1.9674 
3.3826 3.3100 2.9722 2.2096 2.1742 2.0871 2.3589 2.0748 1.8836 1.5053 1.8536 1.8359 1.0149 0.9483 -0.2113 1.0100 -1.8983 0.9406 -0.3385 0.6676 0.6453 1.4337 1.3316 0.8683 1.1271 1.1418 1.3704 0.9042 0.8055 0.5546 1.0046 0.7324 -0.3674 
3.1189 2.7049 2.0854 2.0855 0.9320 1.5944 0.4841 0.4075 1.5010 0.8809 1.1399 0.9401 0.5931 0.0672 0.9029 -0.5428 -0.0570 -0.6416 0.6973 -0.1722 0.3015 0.4796 0.5942 0.2072 0.7211 -0.4754 -0.5324 0.4034 -0.4388 0.4163 0.0629 0.1092 -0.5475 
2.9496 1.7361 2.2200 1.6382 1.2519 0.4029 1.7327 1.5414 1.6613 1.5601 1.1857 0.9069 1.1018 1.1029 1.4182 0.9858 1.3152 0.9188 1.2083 0.8935 0.7754 0.4402 0.6605 0.9268 0.9306 0.6277 0.7258 -0.7666 -0.1187 -0.0117 0.2676 -0.8830 -0.7758 
3.7006 2.7417 2.1552 2.1265 1.0816 1.1453 1.0044 1.4025 1.1489 0.7706 0.8960 1.1960 0.9980 1.4090 0.9196 0.2992 0.6232 0.1964 0.7218 1.1245 0.6398 0.7899 0.3461 0.1255 0.4157 0.5008 -0.0349 -0.0403 -0.2741 0.4679 0.1638 0.0992 -0.0252 
2.3287 1.6095 1.4098 0.9570 1.4004 1.2532 1.4784 1.2371 1.4791 0.9545 1.4928 1.2763 0.9589 0.8289 0.9387 0.1088 1.2194 0.0239 0.7559 0.5399 0.5811 0.8807 0.9424 0.3231 0.6773 0.3763 0.4206 0.0671 -0.0153 -0.6839 -0.6031 -0.8541 -1.3670 
2.9560 1.7006 1.7634 1.6023 0.3696 1.2048 1.7431 -0.2340 -0.0022 1.3007 1.2327 1.1376 1.5808 0.7018 0.8654 0.2923 -1.7556 0.1654 0.6553 0.4505 1.2099 0.7137 0.7209 0.6400 -0.6831 -1.2217 0.7382 0.0440 -0.9022 -0.0543 -0.1187 -0.7415 -0.8670 
3.9251 3.0207 2.3392 2.3527 1.8394 1.3321 1.8596 1.1114 1.4987 0.8041 0.8439 0.4125 1.0238 1.0455 0.8763 -0.0973 0.3217 -0.1664 0.6679 0.8176 0.6657 -0.0501 0.3036 0.1453 0.7084 0.2665 0.8815 0.1275 0.4642 0.7371 0.3740 0.4146 0.2151 
3.5502 3.0793 2.5802 2.0958 1.2421 1.7196 1.9921 0.6350 1.5367 1.6066 0.7067 1.6054 1.5830 0.2802 1.0326 1.1686 0.6497 1.0976 0.8984 -0.0063 1.2140 1.1493 0.2113 0.9713 0.7831 -0.2475 0.9651 0.5364 -0.1346 0.4417 0.5532 0.5003 -0.1400 
2.6676 2.1784 2.0830 2.1015 1.9915 1.5704 1.8188 1.2555 1.5378 0.4379 1.2802 1.2684 1.4408 1.6426 1.3480 0.5143 0.3302 0.4321 1.1521 1.4087 1.0634 0.8750 0.7531 -0.1820 0.7713 0.3992 0.8303 0.3866 0.5695 0.4441 0.0634 -0.3938 -1.1067 
2.9496 2.2476 1.9525 1.4768 1.4380 1.2825 2.0805 1.7276 2.0746 1.9514 1.8588 1.7901 1.1065 1.2910 0.8976 0.2519 -0.0511 0.1421 0.6860 1.0378 0.7820 1.3831 1.3376 1.2953 1.2771 0.8850 1.0247 0.0786 0.0064 -0.2072 -0.0871 -0.2431 -0.8276 
3.9824 2.9357 2.8385 2.9973 3.8581 3.3792 2.8149 2.2227 2.1127 1.7442 2.1456 1.9467 1.5115 2.3916 1.2612 1.7927 1.5321 1.7162 1.1020 2.1603 1.1272 1.5247 1.6000 1.1125 1.3382 1.3572 1.7724 2.1900 2.4257 1.4231 0.9006 0.3554 0.3259 
1.7137 2.5310 1.4817 2.2756 2.6324 1.5326 2.1922 2.4011 0.9738 1.6415 2.1691 2.2769 1.9129 1.7565 1.8931 1.3915 0.8799 1.2800 1.7225 1.5386 1.5701 1.8288 1.6230 1.0079 0.2180 1.5470 1.1504 0.3299 1.2006 0.6261 -0.4960 -0.0472 -1.4029 
3.4645 2.6796 1.4610 2.1921 2.9554 2.7126 1.9234 0.1847 1.9147 1.5975 0.7430 1.5078 1.8456 1.1244 1.9479 1.5108 1.1379 1.4217 1.7482 0.9085 1.5287 1.0462 0.2045 0.9629 1.1465 -0.7034 0.9203 1.5214 1.5967 0.5522 -0.5478 0.0584 -0.1754 
0.4300 2.6671 2.3875 2.1676 1.4099 2.0902 1.4949 1.6536 2.3307 1.6799 1.0858 0.5512 0.9799 1.2085 0.8795 1.6226 1.7180 1.5526 0.6726 0.9742 0.6151 0.1314 0.5476 1.0361 1.5917 0.8008 0.4378 0.9024 -0.0265 0.5034 0.4382 0.0960 -3.6085 
2.8853 2.9808 1.4848 1.9099 2.4838 1.3244 1.7224 1.6952 1.2138 1.5448 1.4331 2.1607 1.4468 1.5165 0.8932 0.3088 -0.0116 0.2241 0.6801 1.2177 1.0632 1.7077 0.9087 0.9106 0.4592 0.8546 0.7020 0.1831 1.0954 0.3268 -0.5165 0.4442 -0.7526 
1.9597 2.8959 2.2198 1.5103 1.7684 0.4219 2.0623 1.8698 2.1355 2.1607 1.3803 1.7064 1.1301 1.5386 1.2548 0.8294 -0.0506 0.7166 1.0892 1.2569 0.8130 1.2678 0.8604 1.5268 1.3780 0.9973 1.0087 -0.7642 0.4150 -0.1639 0.2523 0.3951 -1.8283 
2.4093 2.9718 2.7498 1.9791 1.8155 1.1446 2.2534 2.2046 1.8845 0.3252 1.7539 1.4412 2.1423 1.8162 1.2230 1.1388 0.4014 1.0596 1.0627 1.5778 1.7647 0.9747 1.2265 -0.3446 1.1235 1.3262 1.2281 -0.0380 0.4313 0.3471 0.7720 0.4712 -1.2563 
4.2557 2.9868 2.9661 2.5558 1.9264 1.6132 0.9856 1.9425 1.0701 1.4805 1.6595 1.8258 2.1645 1.7368 2.1320 0.9499 1.1659 0.8845 1.9554 1.5153 1.7920 1.4259 1.1194 0.8251 0.3351 1.0518 -0.0480 0.4257 0.5276 0.9262 0.9957 0.3479 0.5307 
3.2839 2.9370 2.3355 2.3819 2.5654 1.7356 1.6987 1.5996 1.6978 1.4061 1.7517 1.4799 0.5779 1.2539 0.5446 1.6738 0.3045 1.5972 0.3858 1.0084 0.2876 1.0059 1.2186 0.7567 0.9563 0.7073 0.6764 0.5449 1.1481 0.7725 0.3721 0.3787 -0.5390 
3.5151 2.1577 1.3846 1.6148 2.0925 2.4435 2.0051 0.2704 1.4483 1.2718 1.5194 1.6246 0.5847 0.5428 0.7826 1.4273 1.4445 1.3230 0.5944 0.3291 0.2731 1.1681 0.9725 0.6184 0.6557 -0.6363 0.9671 1.2590 0.6766 -0.0426 -0.6464 -0.4268 -0.1709 
2.5532 1.7403 2.4706 2.1140 2.5618 2.4447 2.4327 1.5666 2.2749 1.2943 1.7110 0.7177 1.4982 1.8777 1.0963 1.4786 0.9622 1.3654 0.9412 1.6235 1.1196 0.3147 1.1586 0.6448 1.5410 0.6737 1.4521 1.2543 1.1488 0.4385 0.5020 -0.6788 -1.2366 
3.6846 2.5697 2.6698 2.4463 2.1884 2.2545 2.2237 -0.0834 0.5448 1.8213 1.2393 0.9346 2.2152 1.9810 1.1029 0.5270 -0.0762 0.4498 0.9509 1.7009 1.8650 0.4776 0.7060 1.1796 -0.2086 -1.0102 1.1866 1.0629 0.8362 0.8457 0.6295 -0.1182 -0.0487 
2.5008 3.1820 3.2729 3.2643 2.0801 2.9165 1.6465 1.9097 2.3989 2.2761 1.5776 1.7278 1.1346 1.0048 1.5742 1.2443 1.7670 1.1542 1.4207 0.7608 0.8193 1.2917 1.0285 1.6386 1.6577 1.0301 0.6249 1.7306 0.6267 1.5923 1.2447 0.6089 -0.8785 
4.1671 4.0579 3.8316 3.8303 3.7654 3.9349 3.7207 3.7659 3.7079 3.3763 2.8367 2.5157 2.3444 0.3017 1.5493 1.8976 2.1729 1.8001 1.3827 -0.0297 2.0514 2.1013 2.2956 2.7410 2.9307 2.8629 2.7133 2.7489 2.3478 2.1719 1.7933 1.5174 0.3926 
4.0405 2.9521 2.6508 3.3136 3.7265 2.7886 2.3159 1.7445 2.2448 2.0219 0.9041 1.3684 1.9324 1.6605 0.9623 1.3957 -3.5160 1.2901 0.7931 1.4357 1.5840 0.9413 0.3662 1.3627 1.5157 0.9193 1.2876 1.6003 2.3270 1.6687 0.6086 0.3762 0.3705 
3.4143 2.8462 2.1136 1.5964 2.0818 2.4116 1.5586 2.0145 1.2961 1.5029 0.7450 1.2740 1.4490 0.6356 1.6216 1.3201 1.3974 1.2171 1.4881 0.3943 1.0692 0.8747 0.2242 0.8765 0.5328 1.1033 0.5143 1.2204 0.6622 -0.0334 0.0707 0.3553 -0.2274 
3.4445 0.8520 1.5832 1.1296 2.2625 1.5599 1.7809 1.1611 2.2753 2.2720 1.5514 1.5161 1.7866 1.5649 1.2869 0.8843 0.9407 0.7599 1.1160 1.2965 1.4921 1.0523 0.9999 1.6323 1.5426 0.3378 0.7949 0.3593 0.9175 -0.4742 -0.3569 -1.8824 -0.2538 
4.2195 3.2159 2.2816 1.5142 2.0072 1.8743 2.2635 2.1799 1.8446 1.3114 1.1696 1.5810 1.6845 0.9151 0.8942 0.0452 -0.0046 -0.0511 0.6747 0.6038 1.3534 1.1340 0.6530 0.6680 1.0957 1.2918 1.2314 0.6796 0.5932 -0.1236 0.3303 0.5572 0.5329 
4.1134 3.2404 2.2435 1.9788 2.3863 2.2190 2.0792 1.7822 1.9600 1.2203 0.6546 0.9219 1.0968 1.6332 1.7642 0.6045 1.1859 0.5230 1.6138 1.4000 0.7735 0.4554 0.1285 0.5733 1.1712 0.9442 1.0188 1.0349 1.0220 0.3474 0.2887 0.5660 0.4194 
4.0609 3.2631 2.7526 2.1291 1.6552 2.4658 2.1181 2.0992 1.0322 0.8039 0.6009 0.8279 1.0903 0.9639 1.8096 1.5633 1.7384 1.4999 1.6516 0.7002 0.7582 0.3753 0.0713 0.1418 0.3062 1.1680 1.0716 1.2792 0.3160 0.4757 0.7617 0.6008 0.3700 
2.2382 2.7914 1.8492 2.2637 2.7873 2.1063 2.2139 2.1112 1.1468 0.5800 1.7452 1.3685 1.8111 1.6575 1.1832 1.0930 1.1114 1.0143 1.0315 1.4257 1.5078 0.9392 1.2132 -0.0547 0.4035 1.1866 1.1746 0.9141 1.4309 0.6427 -0.1222 0.3074 -1.4256 
2.7399 2.0995 1.6599 -0.0514 1.6158 1.5053 0.6373 0.9148 1.0390 0.9968 0.9051 -0.5387 0.8423 1.6018 1.5163 1.1450 0.3560 1.0717 1.3220 1.3561 0.4562 -0.8965 0.3549 0.3659 0.3161 -0.0241 -0.3311 0.3159 0.2739 -1.6757 -0.2980 -0.4931 -0.8802 
2.7763 2.8524 2.9442 2.5317 2.4083 2.2413 2.1599 1.3932 1.6177 1.0218 1.1140 1.0837 0.2926 1.7889 1.9134 1.1442 0.0311 1.0638 1.7329 1.5636 -0.1125 0.6412 0.5592 0.3778 0.8947 0.4791 1.1177 1.0547 1.0358 0.9168 0.9893 0.3378 -0.9698 
4.3313 3.2745 2.8239 2.7160 2.6810 1.5539 0.2971 -0.4023 0.5865 1.0808 1.1768 0.5677 1.6282 0.4990 1.0515 0.5134 1.4294 0.4362 0.9109 0.2756 1.2745 0.1743 0.6444 0.4440 -0.1477 -1.2749 -0.7853 0.3719 1.2555 1.0610 0.8710 0.5776 0.5914 
4.1753 3.1725 2.5928 2.4005 1.7878 2.3199 2.5430 1.8097 2.1601 1.0854 2.0800 2.0828 1.5394 1.0048 -1.3704 1.5233 -0.0495 1.4466 -1.4927 0.7528 1.1525 1.6105 1.5274 0.4393 1.4192 0.9595 1.5297 1.1359 0.4189 0.7865 0.5547 0.5028 0.4612 
3.4358 2.2685 1.9703 1.6628 2.0972 1.3010 1.6930 1.1367 0.9986 1.1373 0.5757 0.0370 0.9275 1.0496 1.7635 1.6823 1.9424 1.6064 1.6151 0.8252 0.5488 -0.3723 0.0437 0.4890 0.2797 0.3096 0.6592 0.1280 0.6819 0.0216 -0.0421 -0.3569 -0.2560 
3.3751 2.6619 2.3058 1.8168 1.9641 2.1263 2.2606 1.8862 0.5933 1.8001 2.1636 1.1939 -1.7724 1.0443 0.2605 1.1955 0.0965 1.1221 0.0608 0.8154 -2.0350 0.7806 1.6188 1.1540 -0.1592 1.0052 1.2343 0.9403 0.5467 0.2103 0.3423 -0.0191 -0.3092 
3.0204 1.7101 1.7572 1.7901 2.1183 1.5324 2.0722 2.3927 2.6948 3.0179 2.9197 2.3138 2.4020 2.6785 2.6130 1.9571 -1.3642 1.8502 2.4037 2.3700 2.0993 1.8729 2.3681 2.3706 1.9154 1.5469 1.0167 0.3397 0.7189 0.2101 -0.2049 -0.8107 -0.6995 
2.9896 2.7420 2.9042 2.1250 2.1880 2.1446 0.4113 1.5898 1.7460 1.5998 2.0426 0.8690 1.8961 0.5105 0.9345 1.6605 1.3616 1.5848 0.7609 0.3050 1.5617 0.3786 1.5038 0.9661 1.0172 0.7026 -0.5584 0.9559 0.8316 0.4663 0.9486 0.1877 -0.7078 
1.2965 1.8310 1.5632 1.3466 1.4689 0.9735 1.4411 1.0545 1.5106 1.0065 1.0260 1.5150 0.5082 1.1342 0.5800 0.6974 -1.4715 0.6013 0.4310 0.9107 0.1741 1.0493 0.4902 0.3655 0.7343 0.2048 0.3894 -0.2142 0.0399 -0.2715 -0.4322 -0.6982 -2.2548 
3.9125 3.2707 3.0726 3.5203 3.5985 3.1220 4.5122 3.8971 4.2453 2.3907 3.8038 2.5335 2.3397 2.8318 2.3154 2.1967 0.0884 2.1252 2.1740 2.5906 2.0386 2.1188 3.2779 1.7576 3.4845 2.9823 3.4689 1.9509 2.2201 1.9088 1.1049 0.6541 0.2986 
3.9887 2.9322 2.4078 2.1298 2.6952 2.7144 2.4762 2.4737 2.6858 1.9803 1.9647 1.0000 1.5177 1.7668 1.5291 1.3521 1.0324 1.2532 1.3412 1.5469 1.1414 0.5463 1.4486 1.3197 1.8973 1.6004 1.4973 1.5236 1.2867 0.4816 0.4346 0.3381 0.3149 
4.1225 1.8288 1.5965 2.1250 1.3663 1.1981 2.1663 1.6729 2.1812 1.2123 1.5374 0.7954 1.0887 1.4855 1.6753 1.0260 1.3013 0.9532 1.5280 1.1718 0.7542 0.3519 0.9872 0.5670 1.4489 0.8178 1.1269 -0.0126 -0.0418 0.4726 -0.2950 -0.5968 0.4141 
3.3584 1.7667 1.9418 1.8986 1.6838 1.6958 1.6774 1.8884 1.6713 1.2991 1.5944 1.6112 1.2889 1.9512 1.3591 -0.1424 0.6580 -0.2126 1.1555 1.6791 0.9621 1.1521 1.0472 0.6575 0.9378 1.0151 0.6538 0.5025 0.3267 0.3092 -0.0444 -0.6200 -0.3385 
3.3509 2.0127 0.0768 0.6133 1.4011 1.4887 1.2233 0.3856 1.3507 0.9896 0.1962 1.0254 1.6911 1.1758 1.0954 0.3722 1.1377 0.3034 0.9500 0.9510 1.3617 0.5812 -0.2917 0.3436 0.5779 -0.4814 0.2322 0.3117 -0.0244 -1.0219 -2.2442 -0.3542 -0.4144 
0.1155 2.3064 2.6655 0.9580 2.6932 2.7022 2.4744 1.5771 1.4600 2.1436 1.9514 1.1067 1.2058 0.2950 0.4447 1.0705 1.5618 0.9976 0.3103 -0.0246 0.9062 0.6676 1.4271 1.5135 0.6735 0.6675 1.4854 1.5199 1.2787 -0.6950 0.6406 -0.2242 -2.8079 
0.8921 2.9383 3.2338 3.2317 3.1348 3.2034 1.5360 2.6461 -0.0345 1.6910 1.4014 1.8149 1.2627 1.0878 1.1496 0.5906 0.4778 0.5139 0.9973 0.8833 0.9349 1.4054 0.8854 1.0647 -0.7246 1.7213 0.4917 2.0112 1.7422 1.5769 1.1757 0.4535 -2.8356 
3.8946 2.3112 1.8638 2.3243 1.7811 0.0812 1.6990 1.5885 1.6114 1.5783 1.7467 1.7459 0.9199 1.5969 1.5562 1.6229 1.0024 1.5510 1.3908 1.3444 0.5421 1.3304 1.2164 0.9388 0.8906 0.6912 0.6904 -1.1019 0.4308 0.6721 -0.0470 -0.3495 0.1399 
4.3837 3.9574 3.4201 3.2433 2.9744 2.3009 2.2270 2.1693 2.0691 2.2754 2.0767 2.3241 1.5731 1.6007 1.6359 1.8704 1.4797 1.7749 1.4982 1.3502 1.1968 1.8890 1.5227 1.6371 1.2721 1.2740 1.1878 1.1118 1.6048 1.5857 1.4722 1.3927 0.6470 
4.1418 2.6260 2.1081 2.0009 2.4933 1.7821 1.0480 1.3506 1.1400 2.0586 0.1693 1.3797 1.3801 0.7381 0.9119 1.5468 -0.7346 1.4852 0.7142 0.4693 1.0170 0.9414 -0.3414 1.4013 0.3986 0.4550 0.0027 0.5940 1.1067 0.3537 0.0522 -0.1677 0.4184 
3.5694 2.3077 2.1924 0.9172 1.9640 1.6480 1.7047 1.4468 1.5353 1.4610 1.0791 1.0429 1.0239 0.0992 1.1163 1.1489 1.4746 1.0771 0.9637 -0.1654 0.6703 0.5860 0.5387 0.8011 0.7689 0.5238 0.6751 0.4629 0.5501 -0.7184 0.2577 -0.2882 -0.1337 
