2.0128 2.0787 1.7377 0.7646 0.9118 0.4416 0.8819 1.4787 1.6284 0.7666 0.9858 1.6198 1.8927 1.8550 1.4511 -0.2745 -1.4284 -0.3618 1.2819 1.5763 1.5193 1.1767 0.4261 0.0926 0.8693 0.5736 -0.1778 -0.7849 -0.4498 -0.9551 -0.2868 -0.5070 -1.8145 
2.9998 1.8088 1.1379 1.4740 0.8176 0.0029 1.3001 0.3492 1.3914 0.7987 1.0299 0.6656 0.7187 -0.9427 0.8124 1.1415 0.1895 1.0416 0.6310 -1.1651 0.3340 0.2200 0.4775 0.1550 0.5923 -0.5692 0.2459 -1.2082 -0.6340 -0.1932 -0.9139 -0.7185 -0.7991 
3.2840 2.7559 2.8408 2.2351 1.5027 1.3072 1.4164 1.9085 0.9318 1.2241 1.5185 0.2932 1.6258 0.2968 1.6099 0.4139 0.8285 0.3284 1.4533 0.0813 1.3038 -0.1914 0.9679 0.5601 0.1896 0.9774 0.3480 0.0893 0.1082 0.5520 0.8315 0.1425 -0.5578 
2.9526 1.5178 0.6012 1.0736 0.3386 0.4940 1.4052 1.3033 0.9912 0.7447 -0.2958 0.3078 0.1791 1.1756 0.8065 0.2679 0.7062 0.1899 0.6192 0.9177 -0.2098 -0.1519 -0.8232 0.0809 0.2317 0.3779 0.3255 -0.6744 -1.0476 -0.5179 -1.5531 -0.9026 -0.8868 
3.4405 2.7613 2.5368 1.6372 2.0286 2.0224 1.9528 0.8568 1.3855 1.9994 1.3764 1.2621 1.0191 0.8565 -0.1455 -0.6783 0.5306 -0.7905 -0.3051 0.5872 0.7008 0.8143 0.8129 1.3477 0.5864 -0.0561 0.8758 0.8121 0.5978 -0.0220 0.4448 0.1389 -0.3939 
1.6461 1.5688 1.4819 -0.1440 1.3489 0.7924 0.7112 1.4093 0.3063 0.6571 0.3471 0.6069 -0.1910 0.3490 0.7771 -0.6313 -0.2723 -0.7396 0.5679 0.1279 -0.5152 0.1816 -0.1984 -0.0063 -0.4322 0.4669 -0.3627 -0.4210 -0.1206 -1.8213 -0.5138 -1.0561 -2.1995 
3.2345 2.5686 2.4496 1.8027 1.5958 1.2512 0.8328 1.8823 1.9898 1.8521 1.3923 1.5291 0.9401 1.8927 1.2765 0.8878 0.1887 0.8156 1.0663 1.6053 0.5998 1.0645 0.8266 1.1844 1.1780 0.9629 -0.2371 0.0341 0.2045 0.1533 0.4112 -0.1565 -0.5698 
-0.4740 1.5775 1.6279 0.4444 0.2234 0.7602 0.8054 0.8374 0.3096 -0.2272 0.6380 1.0305 0.0673 0.6205 0.2738 0.9859 0.1033 0.9051 0.1321 0.3489 -0.3146 0.6074 0.1149 -0.8714 -0.4476 -0.0831 -0.2617 -0.4512 -1.1554 -1.1451 -0.3537 -1.0039 -3.2683 
1.5395 0.0122 0.4019 0.8983 0.5114 0.2002 0.1645 0.5163 0.3178 0.1815 -0.6843 0.2980 0.1203 0.5974 0.0088 0.4205 0.7284 0.3475 -0.1882 0.3296 -0.2666 -0.1740 -1.2328 -0.4685 -0.4277 -0.3627 -0.9196 -1.0128 -0.9147 -0.7937 -1.5930 -2.8928 -2.3006 
3.2635 2.9353 2.1464 2.1949 2.0453 1.6221 1.9099 1.8165 0.5413 0.6335 -0.0166 1.6308 1.9862 1.9289 0.8718 0.8472 1.3426 0.7878 0.7134 1.6286 1.5931 1.1987 -0.5569 -0.0255 -0.2410 0.9095 0.8527 0.4118 0.6198 0.5292 0.1498 0.3190 -0.5308 
2.6316 1.8929 1.5799 1.4321 1.3120 1.2269 1.6905 0.9227 1.5387 1.6510 0.4208 1.3147 1.5261 0.6376 1.1810 1.4362 0.6053 1.3716 1.0079 0.3558 1.1689 0.8519 -0.1405 1.0067 0.7984 0.0200 0.6819 0.0267 -0.1543 -0.2568 -0.4213 -0.8002 -1.1950 
3.2349 2.1366 2.2542 1.5037 1.1825 1.6245 1.7730 1.9852 1.9702 1.7608 0.9656 1.2915 0.7304 1.0072 -0.0430 0.7237 0.1309 0.6204 -0.2353 0.7795 0.3478 0.8316 0.4114 1.0948 1.1521 1.0316 0.7712 0.4133 -0.2448 -0.1797 0.2482 -0.4831 -0.6327 
1.5872 2.6030 2.2137 2.0256 2.0178 1.6114 1.7090 1.7615 1.6025 0.8869 1.4738 1.0325 0.7069 0.9437 0.8405 1.7764 1.9720 1.6792 0.6870 0.7180 0.3174 0.6013 0.9162 0.2498 0.8410 0.8753 0.6985 0.4126 0.5687 0.3525 0.2059 -0.0036 -2.1448 
2.6674 2.0058 1.7453 1.0942 0.8937 1.4104 1.2812 0.5415 0.9705 1.6480 1.5602 1.9227 1.6417 0.8363 0.7362 -0.9442 -0.5472 -1.0093 0.5155 0.5513 1.3392 1.4584 1.0103 1.0057 0.2217 -0.3425 0.2277 0.1991 -0.4846 -0.5389 -0.2791 -0.6722 -1.1054 
3.0263 1.9896 1.4361 1.1443 1.2150 1.3894 1.6391 0.4367 -1.4616 1.7769 1.7600 0.9675 1.5022 1.2420 1.4329 1.3898 1.1419 1.2915 1.2601 0.9643 1.1408 0.5103 1.2200 1.1144 -2.4268 -0.4316 0.6181 0.1883 -0.2072 -0.5242 -0.5710 -0.7216 -0.7729 
2.1732 2.7269 2.1000 1.1401 1.9121 1.8709 1.3624 1.5553 1.3695 0.9053 1.5856 1.8129 1.2060 0.3393 1.5336 1.5917 1.5984 1.5119 1.3945 0.1007 0.8561 1.3908 1.0274 0.2667 0.5445 0.6722 0.2810 0.6605 0.4631 -0.4916 0.0821 0.1672 -1.5336 
3.3949 2.0443 1.7290 1.5798 -0.7865 1.4959 1.4255 1.6300 1.4273 1.4699 1.4729 1.3187 1.2176 1.0941 0.9563 1.3690 -1.0371 1.2530 0.8058 0.8576 0.8646 0.8552 0.9150 0.8208 0.6487 0.7761 0.3491 0.2848 -1.9579 -0.0771 -0.2978 -0.7163 -0.3879 
2.9534 2.1016 2.0794 0.9557 2.0352 1.6450 1.9273 1.6927 1.0745 1.2685 0.9192 1.4821 1.6795 1.0340 1.2161 0.6235 1.0781 0.5239 1.0244 0.8140 1.3780 1.0210 0.3720 0.5983 0.3075 0.8245 0.8615 0.4261 0.6137 -0.7566 0.0510 -0.5644 -0.8435 
3.1743 1.8070 1.4229 1.3997 1.5443 1.4073 1.8607 0.3235 1.1949 0.9255 1.6345 0.9408 0.7896 1.3714 0.8439 0.7594 0.5063 0.6376 0.6791 1.0538 0.3989 0.4815 1.0799 0.2833 0.4180 -0.5428 0.8157 0.1916 0.1709 -0.2849 -0.6386 -0.9477 -0.6910 
3.0506 2.7951 2.6811 2.2199 1.8509 1.6366 1.3861 -0.1658 1.4731 1.8894 1.7657 1.4881 0.1612 1.1682 1.1906 0.8292 0.1899 0.7651 1.0092 0.9124 -0.2260 1.0212 1.2286 1.2225 0.7335 -0.9991 0.3005 0.4218 0.4163 0.5457 0.6672 0.2027 -0.7518 
2.7853 1.1467 1.7281 1.5706 1.1829 1.3960 1.4538 1.5871 1.7579 0.4941 1.2031 0.4763 1.4310 1.8952 1.5899 0.8824 -0.0415 0.8110 1.4358 1.6068 1.0452 0.0535 0.6678 -0.1444 0.9838 0.7288 0.3967 0.1834 -0.2340 -0.1243 -0.2695 -1.5760 -1.0100 
2.9622 1.1828 1.6354 1.1659 0.6574 1.3663 0.3848 1.2146 0.5616 -0.0567 1.1927 1.0949 0.8165 1.3626 -0.0182 -0.4092 0.5285 -0.4805 -0.2111 1.0435 0.4235 0.6858 0.6560 -0.7278 -0.2103 0.3097 -0.6405 0.1433 -0.8000 -0.4509 -0.3934 -1.1533 -0.8632 
1.0953 1.7823 1.4712 0.9450 -0.0801 0.6899 1.4030 1.6094 1.6357 1.5306 1.3632 0.2338 -0.2342 0.8603 0.9807 1.4270 1.3891 1.3619 0.8296 0.5942 -0.5807 -0.2404 0.7981 0.8782 0.8816 0.7545 0.3309 -0.5058 -1.4714 -0.7513 -0.5338 -0.8302 -2.7992 
1.8605 2.0251 0.9040 0.3055 1.4924 1.9560 1.0371 1.1440 1.0709 0.6555 1.5695 1.5926 0.9453 0.2241 1.2165 0.9741 1.4631 0.8968 1.0273 -0.0747 0.5986 1.1420 1.0202 -0.0219 0.3110 0.2490 0.0100 0.7405 0.1180 -1.3607 -1.0678 -0.5254 -2.0158 
1.8122 1.6489 1.5728 1.5410 1.4715 0.8070 1.0263 0.9311 0.9537 1.1015 1.3639 1.5760 0.7908 1.1761 1.0994 1.1412 0.8740 1.0446 0.9385 0.9170 0.3989 1.1181 0.8004 0.4401 0.2071 0.0556 0.0082 -0.3981 0.0499 -0.1423 -0.4095 -0.9229 -1.7218 
1.9057 1.5248 1.3131 1.2926 1.6445 1.2848 1.3840 0.6615 1.4407 1.1577 0.1777 1.4749 1.3350 0.3032 0.0967 1.3167 -0.2763 1.2068 -0.1192 0.0469 0.9453 1.0097 -0.3801 0.4857 0.6708 -0.2770 0.3010 0.0557 0.2622 -0.4037 -0.7787 -1.0155 -2.0425 
3.0958 2.7174 2.4734 2.0251 1.5195 -0.0130 0.8772 0.7726 1.1143 0.8234 0.2240 -1.0390 0.4740 0.8131 0.8150 0.4874 -0.1874 0.4083 0.6322 0.5215 0.1715 -1.5271 -0.3391 0.1770 0.3514 -0.1827 -0.1891 -1.1969 0.1319 0.3267 0.4171 0.1162 -0.7353 
3.3216 2.2921 2.3456 1.1940 1.6196 1.3091 1.1504 1.0163 0.4287 0.6582 0.5925 1.1641 1.2094 0.4541 1.3856 0.7061 0.1509 0.5892 1.1794 0.2258 0.8603 0.7595 0.0669 -0.0157 -0.3323 0.1562 0.1447 0.0995 0.2317 -0.4452 0.3344 -0.3624 -0.4517 
2.4260 2.3293 2.2297 2.9030 2.1024 2.9749 2.2155 2.0815 2.3126 1.9521 2.1521 2.2200 2.1855 1.6332 1.4926 1.9310 1.2366 1.8191 1.3542 1.4075 1.8453 1.7716 1.5992 1.2869 1.5486 1.1760 1.1595 1.7618 0.7496 1.2593 0.2494 -0.2855 -1.4084 
2.5224 1.1307 2.3641 2.5643 2.5162 2.1531 2.0019 1.8001 1.7253 0.8963 1.9375 1.8884 1.3049 1.3908 1.0780 0.9993 0.7786 0.9201 0.9139 1.0870 0.9185 1.4373 1.3900 0.2372 0.9585 0.8898 0.9337 0.9253 1.0684 0.8655 0.3604 -1.4782 -1.1573 
3.5725 3.1017 2.6017 2.7391 1.9768 2.1196 1.9828 1.6537 1.9713 1.4475 1.7433 1.0352 0.8414 1.0515 1.4394 0.9038 0.7716 0.8294 1.2658 0.8306 0.4557 0.6139 1.2072 0.8026 1.1508 0.8000 0.9013 0.9026 0.5173 1.0408 0.5665 0.4213 -0.1890 
2.4282 2.8542 2.4472 1.7710 1.6112 0.4598 1.1363 1.3175 1.5190 1.9389 1.8372 1.6978 1.0113 0.8164 1.2490 1.6259 0.8306 1.5418 1.0457 0.5287 0.6765 1.2851 1.3033 1.2704 0.7805 0.3734 0.1527 -0.7563 0.2101 0.1213 0.3982 0.2710 -1.4127 
3.0622 1.6408 2.0249 2.0497 2.0991 1.2723 1.5349 0.6002 0.5626 1.3794 0.9602 1.8710 1.0090 1.0537 0.4868 1.3408 0.7900 1.2268 0.3347 0.8285 0.6697 1.4273 0.4165 0.7164 -0.2178 -0.3014 0.4818 0.0647 0.7115 0.3557 -0.0561 -1.0456 -0.8108 
2.1898 2.4281 2.4405 1.8071 1.6989 0.6844 1.3942 1.4213 2.0326 1.3624 1.1337 1.0075 -0.1681 1.0606 -0.2490 1.0321 1.0142 0.9633 -0.3981 0.8299 -0.4630 0.5614 0.5952 0.6821 1.2543 0.4955 0.3175 -0.5274 0.2915 0.1576 0.4016 -0.1880 -1.5129 
2.5138 -0.3084 1.8411 2.2854 0.9668 1.4269 1.8182 1.5416 1.2820 1.3181 1.8931 1.4137 0.8613 1.4948 0.8607 0.8815 0.8577 0.8095 0.6943 1.2412 0.4838 0.9385 1.3641 0.6522 0.4801 0.6622 0.7974 0.2169 -0.4318 0.6362 -0.1894 -2.2672 -1.4010 
2.3808 1.8872 0.7971 0.7366 0.9671 1.4098 1.2157 0.7306 1.0613 1.2223 0.9326 -0.1391 0.2604 -0.2985 -0.2192 0.3793 -1.5060 0.3000 -0.3808 -0.5657 -0.1024 -0.5815 0.3845 0.5503 0.3091 -0.2151 0.1932 0.1967 -0.4147 -0.9511 -1.3652 -0.6826 -1.4059 
1.5922 2.2490 1.9715 0.9246 1.5489 2.0814 2.0239 1.9270 1.6084 0.5129 -0.4314 1.1425 1.0822 1.0321 0.7872 -0.4927 -0.8312 -0.6229 0.5841 0.8099 0.7784 0.7394 -0.9932 -0.1533 0.8482 0.9915 0.9488 0.8702 0.1800 -0.7919 -0.1100 -0.3280 -2.2621 
2.8525 2.5896 2.1712 1.8887 1.6520 0.2932 1.4060 1.4028 1.7592 0.9933 1.4670 1.6055 1.1081 0.9245 0.5375 1.1290 -2.6650 1.0331 0.3662 0.6873 0.7921 1.1563 0.9112 0.3373 0.9875 0.4643 0.3330 -0.9163 0.2644 0.2092 0.1799 -0.0863 -0.8967 
2.8274 1.4225 -0.1760 0.5179 -0.3941 0.6632 1.5767 1.3245 1.1454 0.2512 1.2574 0.7394 1.5192 0.8579 1.1175 0.2911 -0.0808 0.2208 0.9518 0.5957 1.1612 0.2631 0.7246 -0.3888 0.3762 0.3830 0.5276 -0.5178 -1.8542 -1.1540 -2.1384 -1.3097 -0.9571 
3.7813 3.0382 1.8873 2.1764 0.5245 1.8195 0.8875 1.6224 1.2799 0.4239 1.6264 0.2045 0.6015 0.9220 0.4144 0.5907 -0.0738 0.4891 0.2607 0.6859 0.2463 -0.2571 1.0622 -0.2013 0.4681 0.7627 -0.1907 0.6067 -0.9235 0.4886 -0.1835 0.3609 -0.0522 
3.2939 2.4444 0.8962 0.9153 1.6063 1.3717 1.0363 0.8139 1.1930 1.4475 0.5394 0.2088 -0.1690 1.4078 1.5159 1.8978 1.7956 1.7885 1.3789 1.1076 -0.4933 -0.2541 -0.0021 0.7992 0.4050 -0.1020 0.0143 0.1468 0.2179 -0.7932 -1.0905 -0.2352 -0.4635 
3.4495 2.4523 1.5140 1.4101 0.8473 1.5607 1.7280 1.0192 0.9391 1.5841 1.9853 1.4223 1.6264 1.8176 1.5422 1.0289 1.0617 0.9502 1.3982 1.5489 1.3051 0.9493 1.4210 0.9328 0.1978 0.1614 0.7198 0.3471 -0.5694 -0.2768 -0.5020 -0.2629 -0.3461 
2.2733 0.8921 0.9139 0.6417 0.9514 0.4569 0.7752 0.4010 1.3684 0.5146 0.1491 1.0124 0.0050 -0.0657 0.0405 0.2462 -1.2645 0.1817 -0.1610 -0.3222 -0.3476 0.5665 -0.4171 -0.1502 0.5474 -0.4527 -0.3013 -0.7653 -0.4304 -1.0315 -1.0777 -1.8532 -1.4900 
3.1533 2.1969 1.3745 1.8535 1.6317 1.2831 0.8568 0.4271 1.4054 1.9175 0.7951 1.0437 1.1687 1.0290 1.4924 1.5002 -1.1202 1.4277 1.3570 0.8087 0.8326 0.6269 0.2343 1.2468 0.6241 -0.4116 -0.1936 0.0811 0.2300 0.1847 -0.6163 -0.4735 -0.7485 
3.8008 3.0035 1.8718 1.8363 1.0161 0.8712 1.3432 1.4364 0.5083 -0.3909 1.0503 1.4368 1.0206 1.9489 1.4407 1.1751 1.8333 1.0711 1.2707 1.6375 0.7120 0.9677 0.5111 -1.0382 -0.2592 0.5067 0.2672 -0.3422 -0.3838 0.1816 -0.1903 0.3370 -0.0208 
2.4708 2.2147 1.4712 1.4080 1.4020 1.3839 1.0841 1.5474 0.9361 0.0584 0.8252 1.7435 1.0301 1.0402 0.7307 1.3101 1.3322 1.2019 0.5085 0.8175 0.7267 1.3352 0.2729 -0.6036 0.1909 0.6660 0.0861 0.1651 -0.0420 -0.2768 -0.5834 -0.3612 -1.2326 
3.2227 1.5851 1.3889 1.8787 2.1759 2.0435 2.0121 1.3064 1.2778 1.6043 1.6582 1.2632 0.3241 0.8841 1.1503 0.2878 0.1517 0.2229 0.9808 0.6255 -0.0410 0.8181 1.1152 0.9464 0.4725 0.3675 0.9368 0.8262 0.7922 0.2049 -0.7625 -1.0108 -0.6540 
4.6984 3.5388 2.5280 2.7634 2.5765 1.9869 1.1365 1.0971 1.5023 1.7205 1.6258 0.7887 1.3852 1.7353 1.0976 1.4092 1.3026 1.3282 0.9301 1.4873 0.9941 0.3164 1.0666 1.0625 0.7720 0.2301 0.1515 0.7749 1.1087 1.0795 0.4591 0.8798 0.9431 
5.2703 3.7849 3.1981 2.3653 2.2104 2.3261 1.9130 2.0441 2.0147 2.1867 1.8516 1.9923 1.7146 2.1081 1.6673 1.8562 1.9804 1.7483 1.5110 1.8536 1.3996 1.5081 1.3131 1.5273 1.2150 1.1144 0.8497 1.1016 0.8018 0.7218 1.0863 0.9614 1.4734 
3.2399 2.7754 1.9698 2.5884 2.5727 1.9702 1.9681 1.7647 1.2003 0.8610 0.8848 1.6321 1.5305 0.8865 1.5192 1.6955 1.8803 1.6191 1.3819 0.6264 1.1762 1.1940 0.3287 0.2188 0.4162 0.8725 0.8823 0.7456 1.0950 0.8807 -0.1342 0.1419 -0.7446 
3.8212 2.9400 2.1694 2.1268 1.3960 2.0775 2.1507 1.4881 0.8659 2.0177 1.6035 1.0916 0.9423 0.8543 1.4515 1.6041 1.1716 1.5228 1.2882 0.5867 0.5920 0.6815 1.0363 1.3766 0.1273 0.5807 1.0946 0.8639 -0.0770 0.4323 0.1904 0.2710 -0.0482 
3.9366 3.2418 2.5374 2.6229 1.6375 1.9430 1.0282 0.9889 1.7614 1.3215 1.1777 1.7175 1.4071 1.8889 1.4180 0.7531 -1.4858 0.6336 1.2291 1.6042 1.0200 1.3068 0.6438 0.6469 0.9868 0.1405 0.0200 0.7283 0.2382 0.9180 0.4519 0.5485 0.1826 
3.6666 2.2150 2.1711 2.7457 2.0479 1.1130 0.6414 1.2304 1.7219 0.3170 1.7131 0.7648 0.9092 0.8709 1.4333 0.8791 1.2234 0.8068 1.2570 0.6053 0.5574 0.2695 1.1752 -0.3432 0.9595 0.3285 -0.4018 -0.1029 0.6139 1.0618 0.1934 -0.4252 -0.1316 
4.3020 3.1021 1.2539 2.3224 2.5273 1.0395 1.8755 1.8216 1.0651 1.3343 1.8002 1.5030 1.9470 1.5519 1.0248 0.9881 1.4587 0.9073 0.8715 1.3213 1.5571 1.0315 1.2628 0.6697 0.3106 0.9178 0.8289 -0.1821 1.0643 0.6898 -0.8709 0.3821 0.4792 
2.3684 2.4690 2.5335 2.7138 1.3419 1.3421 1.9948 1.1811 0.7960 0.4772 0.4190 0.9800 1.5700 1.6778 1.5114 0.1111 -0.1376 -0.0120 1.3744 1.4464 1.2289 0.5297 -0.1310 -0.1893 0.0014 0.2800 0.9161 0.1410 -0.1548 1.0248 0.4714 -0.1721 -1.4693 
3.8587 3.2378 2.6313 2.8875 2.3822 1.9869 1.8419 1.5496 1.7983 1.0800 0.5745 1.4055 1.2330 1.5534 -0.7546 1.3457 1.8583 1.2359 -0.9338 1.3251 0.8717 0.9314 0.0441 0.4226 1.0182 0.6687 0.8119 0.7692 0.9604 1.2466 0.5836 0.5612 0.0636 
3.5442 0.7096 1.6034 1.5332 0.3808 2.0758 1.4527 1.6292 1.5033 1.1622 1.2756 1.6258 1.6838 1.4792 1.7389 1.8532 1.1128 1.7479 1.5716 1.2182 1.3805 1.1812 0.7491 0.4905 0.7653 0.7752 0.3786 0.8603 -1.0101 -0.1337 -0.3848 -2.2442 -0.2656 
1.9512 2.5844 1.9907 1.9942 1.8260 2.2185 0.5184 1.6876 1.4003 0.8758 -0.0517 1.7779 0.5618 1.3744 1.0799 1.2927 0.3410 1.1816 0.9229 1.0567 0.2166 1.3724 -0.5959 0.2294 0.6029 0.8221 -0.5412 1.0067 0.4021 0.2911 -0.0896 -0.0668 -1.9682 
2.9240 1.7882 1.6475 2.5539 2.2157 2.2236 1.7263 1.8494 1.0014 1.4593 1.2204 1.1653 1.3521 1.4645 1.7725 1.0041 0.1880 0.9231 1.5966 1.1983 0.9580 0.7643 0.6816 0.8142 0.2514 0.9322 0.7263 1.0086 0.8245 0.8604 -0.3293 -0.8048 -0.8187 
3.4784 2.3533 0.7609 2.0951 2.0304 1.8709 2.0354 1.1066 0.7644 0.7301 0.3419 1.2550 1.5322 1.3630 0.5248 0.5797 -0.2674 0.4755 0.3556 1.0409 1.1805 0.8182 -0.1983 0.0390 -0.0404 0.2339 0.9671 0.6599 0.5869 0.4088 -1.3866 -0.3612 -0.3461 
3.5020 3.0985 2.3839 2.2339 2.0137 0.2862 1.2036 1.1919 0.6430 1.5296 1.3905 1.2907 1.4490 1.2535 0.9692 0.7720 -0.1991 0.6631 0.8232 0.9716 1.0675 0.8362 0.8243 0.8796 -0.1766 0.2903 0.1877 -0.9382 0.5644 0.5528 0.3514 0.4165 -0.3009 
3.0447 1.5903 -0.0642 1.7120 1.4675 1.4536 2.1710 2.2154 1.5735 1.2247 0.2893 1.5554 1.1985 0.7139 1.0827 0.4419 1.4061 0.3618 0.9279 0.4143 0.8468 1.0970 -0.2449 0.5562 0.8197 1.3578 1.1216 0.2459 0.0664 0.0862 -2.0308 -1.0771 -0.7853 
0.1734 1.1479 1.5604 0.9400 1.1250 1.3851 0.2353 -0.1947 0.9351 0.0857 0.8981 1.4450 1.3393 0.5298 0.8620 1.2454 1.0448 1.1427 0.7064 0.2855 0.9426 0.9799 0.3375 -0.5587 0.1937 -1.0584 -0.7996 0.1701 -0.2799 -0.7566 -0.4260 -1.4225 -3.5986 
0.6908 2.6336 1.4604 1.9326 2.0869 1.8877 1.2639 0.4346 2.0252 0.8780 -0.7631 0.3708 0.6237 1.3144 1.2938 1.0097 -1.3572 0.9263 1.0816 1.0201 0.2627 -0.0837 -1.3147 0.2286 1.2406 -0.4078 0.2160 0.6686 0.6906 0.2443 -0.5354 0.0200 -2.5602 
4.3309 4.5488 4.0397 3.6136 3.4271 3.1606 3.0944 2.8489 2.4512 2.4404 2.6537 2.6959 2.5476 2.5500 2.3179 2.5532 2.4159 2.4416 2.1550 2.2421 2.1609 2.2342 2.0960 1.7726 1.6506 1.9914 2.0471 1.9499 2.0345 1.9830 2.0373 1.9790 0.4962 
5.2427 4.0117 3.4399 2.2342 2.5899 2.4282 2.5914 1.9946 2.2998 2.1699 1.9152 1.8594 1.8317 1.7078 1.1998 1.9338 1.6228 1.8210 1.0172 1.4668 1.4769 1.4200 1.3773 1.5183 1.5421 1.0432 1.5103 1.2108 1.1175 0.5561 1.4270 1.3288 1.4603 
3.0345 3.6563 2.7289 2.2344 1.7316 1.6317 2.3271 1.8327 1.7477 1.7244 1.6764 1.1864 1.2673 0.9736 0.2621 0.8778 0.1995 0.8123 0.1055 0.7475 0.8969 0.7758 1.1334 1.0590 0.9794 0.9181 1.3238 0.4253 0.3158 0.5510 0.7307 1.0295 -0.7486 
3.6159 3.0131 2.2493 2.2802 2.3799 2.1228 1.3130 2.1448 0.8112 1.7355 0.9578 1.2529 0.6039 1.5715 -0.1825 1.0480 1.0896 0.9777 -0.3371 1.3498 0.2607 0.8117 0.3997 1.0733 0.0060 1.2598 0.2535 0.9032 0.9720 0.6256 0.2527 0.3597 -0.1888 
3.6028 3.0249 2.5530 2.5084 2.1419 2.0940 1.7784 1.5985 0.9631 1.0166 1.0705 -0.4303 0.9424 1.5119 0.8501 0.7120 1.7901 0.6240 0.6925 1.2622 0.6091 -0.8748 0.5206 0.3704 0.1999 0.7340 0.7656 0.8839 0.7647 0.8468 0.4935 0.4778 -0.2096 
3.4334 3.3782 2.6866 2.6159 2.4246 1.9583 1.7922 0.8914 1.0782 0.2614 0.6385 0.6722 0.9023 1.0482 0.8953 1.5202 1.4135 1.4482 0.7660 0.8248 0.5467 0.2183 0.1130 -0.3961 0.3165 -0.0272 0.7763 0.7448 0.9919 0.9254 0.6666 0.7935 -0.3116 
2.0580 2.5306 1.8460 2.0089 1.7533 0.3393 1.0018 1.1502 0.0211 0.8201 0.9120 0.7822 0.2518 0.6570 0.5544 -0.6958 -0.0985 -0.7828 0.3788 0.3793 -0.1230 0.2999 0.3653 0.1677 -0.7730 0.2565 -0.0265 -0.9021 0.3391 0.3190 -0.2013 -0.0899 -2.1034 
2.0474 2.4695 1.7938 1.9605 1.2691 -0.1772 1.6893 1.6935 1.6231 1.7862 1.3562 1.6406 0.8708 0.8262 1.5312 1.5746 1.4001 1.4950 1.3937 0.5295 0.5126 1.2114 0.7980 1.1207 0.8656 0.8289 0.6907 -1.3095 -0.1904 0.2743 -0.2556 -0.1579 -1.8333 
3.8887 2.8883 2.2497 1.7250 1.5595 1.9772 1.8804 1.6183 0.8975 1.2829 1.7672 1.7421 1.4977 0.8913 1.1376 1.4353 1.5896 1.3723 0.9687 0.6336 1.1307 1.3332 1.2320 0.6120 0.1586 0.7605 0.8304 0.7603 0.1731 0.0694 0.2318 0.2252 0.0868 
4.0001 2.8258 2.1212 1.5213 1.5796 0.8826 -0.2497 0.9611 0.4732 1.1326 0.8671 0.5433 0.7202 0.4926 0.8104 0.6137 0.4128 0.5088 0.6249 0.2504 0.3335 0.1375 0.3141 0.4740 -0.2712 0.1090 -1.3476 -0.3265 0.1934 -0.1738 0.0950 0.1402 0.2013 
3.6199 2.6257 1.3744 1.1602 -0.3299 1.4566 1.3858 1.7385 1.6040 1.4395 1.5604 1.2874 1.0708 1.3419 0.8240 0.2791 0.7278 0.2071 0.6505 1.0299 0.7726 0.8334 1.0084 0.7962 0.8470 0.8551 0.3065 0.2400 -1.7428 -0.4667 -0.7378 -0.1112 -0.1963 
3.1065 1.9812 1.4350 1.4245 0.0714 0.4703 0.1896 0.4687 0.4210 1.5892 1.4894 1.3730 0.3883 0.1737 0.8569 0.2657 -1.8241 0.1895 0.7016 -0.1224 0.0397 0.8894 0.9330 0.9351 -0.3124 -0.3864 -0.9229 -0.7160 -1.3459 -0.2856 -0.5314 -0.5049 -0.7570 
4.0159 2.9236 2.2436 2.2411 1.9273 1.6195 1.4262 1.4368 -0.0049 1.1568 1.7871 -0.3300 1.0972 0.9833 1.3537 1.0023 1.6942 0.9263 1.1315 0.7659 0.7867 -0.7820 1.2519 0.4952 -0.7917 0.5057 0.3596 0.3953 0.4729 0.5821 0.2393 0.2605 0.2561 
3.5567 2.1807 1.4525 1.8201 0.7719 1.4132 1.1350 0.4442 1.5861 1.3754 1.7866 1.8667 1.3396 0.8021 0.6847 -0.4164 0.5374 -0.5104 0.4755 0.5033 0.9481 1.4239 1.2519 0.7127 0.8308 -0.4078 0.1345 0.1975 -0.7144 0.1730 -0.6161 -0.5041 -0.2244 
3.2273 2.0835 1.7700 1.4439 0.3597 1.3350 0.4489 1.3697 0.8267 0.2698 0.0777 0.6835 0.2749 0.7824 0.1772 0.9757 -0.5578 0.8989 -0.0190 0.4667 -0.0745 0.2192 -0.4364 -0.3714 0.0424 0.4200 -0.5701 0.1071 -1.0238 -0.2694 -0.2644 -0.4368 -0.5661 
3.6252 3.0588 2.5839 2.0436 1.4892 0.9850 1.8469 0.8448 1.7862 1.5651 0.9332 1.5943 1.7795 1.1833 1.4488 0.8455 1.0607 0.7750 1.2812 0.9295 1.4403 1.1502 0.3772 0.9124 1.0123 -0.0426 0.8146 -0.2376 0.1123 0.3473 0.5031 0.3994 -0.1816 
1.9508 2.1690 0.9369 1.0653 0.9046 0.8870 0.7966 1.3292 1.9401 1.9654 1.4415 -0.2714 0.7235 0.5827 1.1959 1.3969 0.9058 1.3062 1.0180 0.3209 0.3351 -0.7339 0.8792 1.2915 1.1270 0.4003 -0.2846 -0.3236 -0.4844 -0.5695 -1.0844 -0.4173 -1.8763 
3.4042 1.4296 1.7435 2.1974 1.4077 1.1176 1.3166 1.6718 1.1646 1.2626 1.1043 1.0012 0.2867 0.5877 0.5410 0.7852 -0.5572 0.6830 0.3822 0.3210 -0.0647 0.5500 0.5623 0.5866 0.3882 0.8092 0.2584 -0.0898 -0.0351 0.5256 -0.2858 -1.2565 -0.3756 
3.3871 2.8622 2.0348 0.9227 1.6386 1.5058 1.5065 1.1087 1.4145 1.5992 1.4632 1.6096 0.8730 -0.2736 1.0441 1.4625 1.6385 1.3974 0.8908 -0.4867 0.4930 1.1617 0.9055 0.9447 0.6332 0.2298 0.4391 0.2932 0.2515 -0.7520 -0.0291 0.2498 -0.3774 
3.3055 2.8705 2.1046 1.8512 2.3187 2.1674 1.2229 1.1801 0.3133 1.2879 1.5858 0.4988 1.5183 0.9337 0.7865 1.4138 -1.1578 1.3373 0.5903 0.6986 1.1577 0.0906 1.0264 0.6259 -0.4058 0.2780 0.1825 0.9508 0.9220 0.1991 0.1311 0.2647 -0.4169 
3.4615 2.3911 2.4090 1.8904 2.2603 1.5131 1.0757 0.8475 1.5379 0.8962 0.7704 0.7842 1.7356 1.5216 1.6488 1.1652 1.3620 1.0657 1.4990 1.2793 1.4158 0.3082 0.2023 0.2487 0.7925 -0.0634 0.0562 0.2937 0.8731 0.2156 0.3713 -0.3218 -0.3159 
2.5142 2.5935 2.3398 1.6449 2.1226 1.9036 1.5566 1.3401 1.5493 1.4336 1.4489 0.0502 1.2510 0.9852 0.9856 0.5341 -3.5288 0.4402 0.8300 0.7661 0.8899 -0.3985 0.8883 0.7900 0.8026 0.4052 0.5006 0.6819 0.7543 -0.0344 0.3213 -0.0461 -1.1224 
4.0670 3.1983 1.5001 2.0221 2.0554 1.9812 1.9152 1.7511 0.3439 1.4362 0.5063 1.2159 1.5066 0.7929 1.0243 0.5679 -0.9568 0.4659 0.8659 0.4962 1.1439 0.7887 -0.0221 0.7914 -0.4103 0.8622 0.8568 0.7635 0.6445 0.3180 -0.5194 0.4588 0.2854 
2.2585 2.7353 1.2933 1.7352 1.1186 1.2262 1.5109 1.2282 1.5561 1.1219 1.5426 1.4014 1.5343 1.2495 0.9301 1.5108 1.4697 1.4384 0.7931 0.9685 1.1842 0.9216 0.9927 0.4630 0.8100 0.3292 0.4410 0.0312 -0.2860 0.1227 -0.7914 0.1871 -1.4868 
2.7289 1.7165 -2.2753 1.4262 1.5204 0.7664 1.5852 0.8104 1.3773 1.1174 0.5227 1.7004 1.3712 1.4931 0.5682 1.6415 -1.4030 1.5703 0.3833 1.2362 0.9737 1.2888 0.0059 0.4568 0.5643 -0.1431 0.5330 -0.4414 0.1314 -0.2534 -3.2023 -0.8187 -1.0202 
0.9470 2.3446 1.6100 0.2159 1.3091 1.8856 1.9105 1.5364 1.8779 -0.4081 0.6786 1.4630 0.8700 0.8154 0.9943 0.6673 0.0662 0.5620 0.8394 0.5209 0.4931 1.0017 0.1420 -1.0527 1.0700 0.6557 0.8496 0.6751 -0.1434 -1.5040 -0.4124 -0.2447 -2.8622 
2.6144 2.0721 2.0453 1.4357 1.4904 0.6170 1.0000 1.6642 1.2606 0.6316 0.2637 1.5758 0.0240 0.2508 1.5741 1.2604 -1.0974 1.1504 1.4260 -0.0099 -0.3388 1.1207 -0.2855 -0.0410 0.4503 0.8069 -0.0546 -0.5683 0.0953 -0.2659 0.0218 -0.5202 -1.0594 
3.3473 2.2380 1.2222 2.2247 2.0285 1.5870 0.7839 1.3604 1.9274 1.0354 1.6517 1.3431 1.2744 1.8163 1.5089 1.4458 -1.7879 1.3798 1.3731 1.5470 0.9090 0.8638 1.1100 0.3967 1.1152 0.4128 -0.2788 0.3677 0.5960 0.5572 -0.8075 -0.4146 -0.4065 
2.6428 2.6818 2.2287 2.1578 1.2046 1.6133 0.3147 1.6089 0.7734 1.5302 1.6943 1.3701 0.9807 0.0614 1.4533 1.5871 1.7415 1.5081 1.2919 -0.2228 0.6417 0.8857 1.1522 0.8832 -0.0460 0.7537 -0.7805 0.4002 -0.2040 0.4639 0.2265 0.0853 -0.9851 
3.2959 2.8348 1.6327 2.4026 2.2601 1.4581 1.3934 1.3678 2.0420 1.3900 1.3108 1.0891 0.9627 0.1717 1.4843 1.5025 1.5293 1.4320 1.3405 -0.1274 0.6263 0.6637 0.7719 0.7256 1.2712 0.4183 0.3218 0.2359 0.8692 0.7751 -0.3391 0.2210 -0.4266 
1.8437 1.8799 1.1784 0.9434 1.3205 1.1168 1.5013 0.5779 1.0634 0.4522 0.7829 0.7745 -0.1931 0.7719 0.8640 1.1072 0.4438 1.0225 0.7259 0.4569 -0.5376 0.2889 0.2170 -0.1900 0.3030 -0.3048 0.4311 -0.0920 -0.1389 -0.7279 -0.8477 -0.7013 -2.0974 
3.1312 2.0911 1.3951 1.9763 1.5845 0.5368 0.9055 1.5369 1.1983 1.2155 1.4261 1.7449 1.3879 1.3580 0.3965 0.7096 0.3660 0.5947 0.2442 1.0366 0.9955 1.3370 0.8677 0.5525 0.4140 0.6518 -0.1559 -0.6888 0.1944 0.2770 -0.6953 -0.4595 -0.6406 
2.7669 -0.8353 1.1424 1.6988 -0.2887 0.8576 1.4733 1.5823 1.0289 1.3670 1.0229 0.6661 0.8725 1.4699 0.0700 1.2623 0.6916 1.1581 -0.1420 1.1999 0.5102 0.2151 0.4641 0.6962 0.2731 0.7136 0.4143 -0.3438 -1.6651 0.0623 -0.8387 -2.5722 -1.0115 
3.2006 2.5050 2.0607 1.5887 1.2310 0.8217 1.5030 0.1469 1.3879 0.2750 0.5446 1.3032 1.1866 1.1104 1.6411 -0.0754 1.0439 -0.1840 1.4898 0.8684 0.8470 0.8452 -0.0040 -0.3863 0.5815 -0.7761 0.4350 -0.3849 -0.1944 -0.0805 0.0491 -0.1585 -0.5997 
2.0792 1.8165 1.5952 1.4517 1.5197 1.6377 1.6411 -0.1117 1.7017 1.6872 1.7523 0.6841 1.2121 0.7017 0.7724 0.4641 0.7939 0.3896 0.5615 0.4032 0.8634 0.2209 1.2147 1.0303 0.9424 -0.9751 0.6223 0.4235 0.1479 -0.2399 -0.4028 -0.8205 -1.6348 
