0.7099 1.7380 1.8460 1.3526 1.1632 1.2113 1.5398 0.7278 1.5804 0.0040 0.8502 0.5144 1.4097 1.0099 1.5212 0.5121 -1.2178 0.4577 1.3404 0.7363 1.0956 0.1255 0.3870 -0.5516 0.9203 -0.0137 0.6052 0.1680 -0.0422 -0.0614 0.1029 -0.4732 -2.6059 
1.5846 1.8256 1.0054 0.3947 1.2167 1.2243 0.9499 -0.3727 -0.1745 -0.4523 0.5463 0.5833 0.6945 0.0807 0.1585 0.6487 0.5890 0.5784 0.0304 -0.1333 0.4440 0.1771 0.0556 -1.0230 -0.8627 -1.1092 0.0362 0.1808 0.0007 -1.1163 -0.6682 -0.4101 -2.1712 
2.9772 2.3999 1.8447 1.1666 1.3652 0.5669 1.5695 1.0870 0.5247 0.0108 1.2213 0.1270 0.9122 0.1784 0.8651 0.0838 0.1536 0.0121 0.6924 -0.0118 0.5905 -0.2877 0.7503 -0.5176 -0.1109 0.2966 0.6480 -0.4831 0.1230 -0.2996 0.0889 0.1551 -0.2802 
3.1038 2.4567 2.0986 1.3008 1.4538 2.1632 1.6748 2.0988 1.8009 1.6775 0.8155 1.5537 1.6657 1.5494 1.1802 0.5803 0.5941 0.5140 1.0475 1.2922 1.3617 1.1473 0.3480 1.1091 1.1431 1.2970 0.7630 1.1126 0.1879 -0.0985 0.3159 0.1341 -0.2490 
2.9746 2.5268 2.2866 1.8057 0.7694 1.1655 1.5445 1.2195 2.0900 1.7376 1.8540 1.1094 1.7104 1.5851 1.7750 1.3922 0.1163 1.2995 1.6391 1.3479 1.4221 0.7036 1.3891 1.1738 1.4211 0.4881 0.6141 0.1175 -0.4711 0.3855 0.5497 0.1926 -0.3658 
3.3168 2.4114 0.0561 2.3445 1.8916 1.7402 1.8139 1.8458 1.2475 1.5268 0.5723 1.9546 1.6818 0.9518 0.6243 1.0349 1.2238 0.9764 0.4978 0.6881 1.3833 1.5663 0.1019 0.9611 0.5934 1.0763 0.9457 0.6839 0.6546 0.9202 -1.3641 0.0640 0.0306 
2.4554 2.2988 2.0567 1.7189 1.6576 0.8671 1.0497 1.4924 1.1617 1.7026 1.7448 1.7478 1.7602 1.4297 1.4183 0.5512 0.3859 0.4965 1.2398 1.1827 1.5040 1.3791 1.2712 1.1331 0.5134 0.6742 0.1079 -0.1686 0.4606 0.2495 0.2548 0.0334 -0.9955 
3.3277 2.6880 2.0045 1.1720 2.0382 1.6076 1.4354 2.0229 2.0435 1.8164 1.7441 0.7170 0.2758 0.1355 1.3264 1.9320 1.1350 1.8394 1.1774 -0.0505 -0.0148 0.3577 1.2692 1.2450 1.3404 1.2059 0.5245 0.5484 0.7644 -0.3332 0.1672 0.3842 0.0048 
1.1895 1.5095 1.5081 1.1432 1.8954 1.4855 1.5338 1.3378 1.0796 1.5799 0.6693 -0.8939 1.4059 1.0735 0.0676 1.0029 0.8176 0.9224 -0.0487 0.8383 1.0933 -1.4016 0.1834 1.0218 0.4274 0.5643 0.6063 0.4393 0.6636 -0.3352 -0.2998 -0.8557 -2.4807 
2.2707 2.2707 1.8908 1.7908 1.8226 1.6834 0.8291 0.7962 1.1271 0.6688 1.3269 1.7444 1.4491 2.0461 1.5497 1.7328 1.6175 1.6601 1.3854 1.7742 1.1165 1.3779 0.8603 0.1071 0.4829 0.0288 -0.0524 0.6310 0.6020 0.3626 0.1355 0.0060 -1.0962 
1.7102 2.1114 1.9143 2.0662 2.1602 1.5771 0.1354 1.6620 1.4198 0.5557 1.7963 2.0422 1.5015 1.2023 1.3597 1.0226 1.3777 0.9546 1.2051 1.0041 1.1540 1.6234 1.3322 -0.0088 0.7224 0.9024 -0.7458 0.5187 0.9668 0.5970 0.1503 -0.1437 -1.7686 
2.2804 2.2151 2.0337 1.1242 1.8669 1.2861 1.2780 1.6119 0.7274 1.1389 1.1393 1.6406 0.4698 1.3417 1.3301 0.9638 1.4744 0.8608 1.1783 1.1136 0.1259 1.2353 0.6611 0.5739 0.0763 0.8260 0.4052 0.2170 0.6363 -0.4051 0.2145 0.0148 -1.2121 
3.2261 2.8904 2.4102 1.9243 1.8793 2.2116 2.1263 1.3907 1.1563 0.7985 1.2743 1.6242 1.5327 1.7944 1.5148 0.2256 1.2573 0.1629 1.3241 1.5894 1.1969 1.2182 0.8122 0.2137 0.5107 0.5944 1.2071 1.1631 0.6511 0.4867 0.6430 0.6104 -0.0528 
1.6452 2.3779 2.0205 2.1718 2.2631 2.2721 2.1300 1.7776 1.4508 1.7455 1.3854 1.8274 1.7421 1.9055 1.6606 1.6959 1.6958 1.6268 1.5370 1.6714 1.4745 1.4747 0.9195 1.1904 0.7531 1.0266 1.2106 1.2175 1.0630 0.6993 0.2662 0.1237 -1.4593 
3.1842 3.1005 2.6800 1.7882 1.0386 0.8621 1.8554 1.5268 1.7338 1.6819 2.0933 1.4312 0.5515 2.0680 -0.3566 1.2004 0.9205 1.1271 -0.5259 1.8077 0.2453 1.0384 1.6078 1.1201 1.0760 0.6978 0.9902 -0.1817 -0.1705 0.3780 0.9452 0.7895 -0.1857 
0.8965 2.3252 2.0810 1.9081 2.1103 2.0810 1.1716 1.6094 0.6069 1.2709 1.9417 1.6628 1.5032 0.5922 1.4067 1.4844 -0.6610 1.3861 1.2287 0.3919 1.1580 1.2614 1.4833 0.7037 -0.0421 0.8223 0.2496 1.0289 0.8921 0.4799 0.3092 0.0747 -3.3300 
3.0079 1.9078 2.2517 2.5725 1.6295 1.5549 1.7264 1.2137 1.4023 1.8535 1.6444 2.0685 1.7177 1.5592 1.0541 0.6897 0.8254 0.6279 0.9028 1.3045 1.4326 1.6563 1.1687 1.2813 0.7126 0.4647 0.8335 0.5107 0.4231 1.0908 0.5127 -0.4827 -0.3694 
3.5904 2.7808 2.4451 2.1589 1.8681 1.9907 1.1175 1.7012 1.1350 1.6046 1.1076 1.8244 1.7372 0.4496 1.3532 1.2430 1.1474 1.1764 1.2016 0.1631 1.4622 1.4738 0.6232 1.0456 0.4926 0.9566 0.2085 0.9394 0.6515 0.6916 0.6688 0.4824 0.2365 
2.1139 2.3417 1.9144 0.4139 1.9050 1.0286 2.1013 1.6472 1.9279 1.4260 1.5906 1.7511 1.5751 1.9951 1.3897 -0.0976 1.2770 -0.1961 1.2162 1.7352 1.2467 1.3821 1.1100 0.8431 1.2324 0.8780 1.1793 -0.0204 0.6709 -0.9977 0.1295 0.0851 -1.4105 
2.9758 1.6221 2.9592 1.9381 1.2702 2.2344 2.1643 0.7879 1.3650 2.3729 2.3387 1.6810 1.7925 1.2505 2.1040 2.1405 1.9763 2.0796 1.9618 1.0462 1.5275 1.2829 1.8713 1.8000 0.6886 0.0132 1.2408 1.1864 0.0706 0.4815 1.1990 -0.5634 -0.3027 
3.9596 2.8066 2.3638 1.9229 1.0395 0.4652 2.1456 1.5486 1.4311 1.5890 2.4626 1.7359 1.3750 1.2576 1.9159 1.3767 -1.1539 1.2790 1.7446 1.0561 1.0712 1.3490 2.0040 1.0323 0.7314 0.7271 1.2182 -0.6359 -0.1850 0.4823 0.6311 0.5007 0.6731 
1.9315 1.4790 1.4998 1.2103 2.1050 -0.4182 1.2178 1.7054 1.3220 1.3197 1.6568 2.1302 1.5626 1.3867 1.2814 0.8941 0.4923 0.8005 1.1377 1.1488 1.2201 1.7327 1.1847 0.7376 0.6463 0.9592 0.3450 -1.4043 0.8790 -0.1794 -0.2572 -0.7315 -1.5335 
3.1932 3.2813 3.1115 2.6091 2.2079 0.8550 2.3345 2.1894 2.3023 1.5954 2.0930 1.8642 2.0587 2.2617 1.9270 1.5813 1.4684 1.5252 1.7488 2.0653 1.7267 1.5104 1.6085 1.0396 1.6454 1.4265 1.4653 -0.1610 1.0052 1.1333 1.3234 1.0346 -0.1463 
3.9913 3.1596 2.8856 2.1808 0.5647 1.5470 1.0723 1.7139 1.9283 0.7530 1.3481 1.7527 1.2032 0.9386 0.8590 -0.9098 0.9966 -0.9855 0.6912 0.6831 0.9224 1.3857 0.8825 0.1635 1.2284 0.9771 0.1452 0.4934 -0.6163 0.7112 1.1343 0.8306 0.6993 
3.2562 3.1410 3.1798 3.2680 4.4187 4.5509 3.1580 3.9761 3.3133 3.1057 2.1373 3.3450 1.7074 3.0962 2.5175 2.6866 3.4315 2.6273 2.3369 2.8233 1.4559 2.9829 1.6726 2.5331 2.6635 3.1992 2.2541 3.5009 3.2099 1.8470 1.4205 0.8429 -0.0502 
2.2766 2.9317 3.1849 2.3219 2.6435 2.2642 2.0321 2.3496 2.2965 2.2411 1.6075 2.0793 1.8211 1.6130 1.7338 1.6374 0.5201 1.5779 1.5936 1.3822 1.5408 1.6685 1.1336 1.6704 1.6450 1.5903 1.0970 1.2066 1.4230 0.8765 1.4307 0.6929 -0.7893 
2.4946 2.6521 2.5718 2.1924 2.4820 2.4905 1.5426 2.6978 2.2992 2.0972 1.7314 1.7552 1.1989 0.1174 0.5290 0.4000 1.7834 0.3284 0.3980 -0.0990 0.9234 1.3807 1.2570 1.5347 1.6397 1.9341 0.5816 1.4462 1.2260 0.7274 0.7977 0.4699 -0.9230 
2.6180 1.7957 2.9702 3.6294 2.8076 3.1064 2.4324 2.1403 1.9904 2.5354 1.9421 1.3350 0.4869 1.4057 1.3402 1.3323 1.3238 1.2496 1.1890 1.1634 0.1659 0.9840 1.4797 1.9522 1.2919 1.3653 1.5365 2.0586 1.6048 2.1547 1.2111 -0.3870 -0.8161 
3.7483 3.2040 3.2010 3.1264 2.5489 1.8250 2.7869 2.1845 2.0642 1.0153 1.5390 1.2882 0.6067 1.9853 1.2575 1.4829 1.0585 1.3887 1.1139 1.7329 0.2810 0.9395 1.0532 0.4484 1.3779 1.4091 1.8913 0.7806 1.2729 1.6523 1.4765 0.9073 0.4796 
3.4664 3.1762 2.7141 1.8373 2.6144 2.4984 2.5045 2.0387 2.8597 2.8119 2.3300 2.5280 2.3337 2.5442 2.2475 1.7924 2.1636 1.7220 2.1114 2.2700 2.0644 2.1203 1.8618 2.2532 2.2002 1.2153 1.5898 1.4498 1.3808 0.4614 0.9902 0.9097 0.1601 
3.6057 3.4905 2.6959 2.5701 1.8287 2.3961 2.2924 2.2966 2.3143 1.3460 2.3206 2.0809 1.3899 0.6736 1.2738 1.5191 -2.1545 1.4276 1.1365 0.4725 1.0782 1.6688 1.8575 0.7625 1.6557 1.5505 1.4128 1.3477 0.6129 1.0889 0.9597 1.2073 0.3144 
2.2789 2.8850 2.6076 1.5582 2.6448 2.0745 1.3627 2.4634 2.0274 2.1517 1.6023 1.2744 1.5262 1.3537 1.1168 1.2168 1.6042 1.1542 0.9960 1.1250 1.1874 0.9082 1.1248 1.5874 1.3127 1.6712 0.4653 1.0187 1.4332 0.0648 0.8204 0.6404 -1.0037 
3.6873 2.6535 2.8493 2.8923 3.0983 2.1534 1.6959 2.2716 2.0957 1.9203 1.9344 2.0540 1.8855 1.0636 1.4932 1.1205 1.2738 1.0540 1.3017 0.8165 1.5865 1.6371 1.4856 1.3395 1.4253 1.5352 0.7952 1.0993 1.8341 1.4829 1.1168 0.3413 0.4616 
4.0024 3.2880 2.8569 2.6031 2.5317 2.2324 2.2698 1.5095 1.1039 2.1879 2.4722 1.8692 1.3666 1.4704 1.3404 1.3542 1.4238 1.2688 1.1853 1.2122 1.0640 1.5152 2.0126 1.6263 0.4678 0.6836 1.3790 1.1869 1.2698 1.1293 1.1076 1.0057 0.6820 
3.9997 3.3900 3.5137 2.0759 3.5705 4.0589 4.0521 3.5600 2.9530 3.1871 3.0017 2.5502 2.7884 2.8259 2.8825 2.7087 2.3583 2.6430 2.7380 2.6253 2.5163 2.1311 2.5407 2.6266 2.2684 2.7498 3.1468 3.0123 2.3162 0.5689 1.7387 1.0972 0.6849 
3.6425 3.5372 3.8628 4.3553 4.3189 4.5535 3.9967 4.1709 3.7957 3.8769 2.8657 3.2201 3.1539 3.1369 2.4517 2.6779 2.7810 2.6173 2.2779 2.8824 2.8213 2.8143 2.3915 3.3157 3.1457 3.3527 3.1156 3.5032 3.1193 2.9102 2.1256 1.2217 0.0707 
2.6193 2.9297 3.8719 4.1420 4.7296 4.7011 4.5757 4.0839 2.5858 3.6288 3.5433 1.7384 2.4751 3.1343 2.9271 2.9393 2.7460 2.8515 2.7727 2.8821 2.1558 1.3833 3.0831 3.0591 1.9143 3.2734 3.6702 3.6498 3.5025 2.6745 2.1408 0.6581 -0.5495 
3.4683 2.7531 3.2188 4.2192 3.7201 4.5809 4.2746 4.0831 3.1292 2.6386 3.3724 2.9832 2.5408 1.6413 2.0665 2.0560 2.0639 1.9711 1.8859 1.4546 2.1941 2.6010 2.9093 2.0891 2.4435 3.2784 3.3507 3.5313 2.5340 2.7563 1.5411 0.5226 0.1287 
3.7013 3.2169 3.6074 3.6236 3.7862 4.6779 3.9222 3.4810 2.4682 3.1154 2.9192 2.5887 1.9169 2.2910 2.0899 2.3196 2.3713 2.2544 1.9364 2.0943 1.6087 2.1742 2.4604 2.5587 1.7612 2.6979 3.0421 3.6279 2.5878 2.1574 1.7986 0.9843 0.4132 
3.2083 2.6135 2.8083 3.3788 4.1916 4.0872 3.8738 3.6417 3.3227 3.3052 2.9199 2.7169 2.6116 2.7453 2.5268 2.6326 2.2874 2.5758 2.3445 2.5564 2.2748 2.3130 2.4611 2.7436 2.6668 2.8272 3.0001 3.0310 2.9613 1.9245 1.0594 0.3374 -0.0242 
1.7044 2.7125 2.6730 3.3115 3.3533 3.0572 3.0786 2.4545 2.4634 1.7430 1.6636 1.6789 2.0441 1.7299 1.7615 2.0322 1.0961 1.9337 1.6288 1.5324 1.7010 1.2834 1.1831 1.1840 1.7667 1.6607 2.1408 2.0062 2.1437 1.8689 0.9785 0.4897 -1.4193 
3.2822 1.6001 2.6803 2.2639 2.9919 2.9251 2.3433 2.1121 1.4906 1.3978 1.3925 0.8350 1.2532 0.8860 1.6252 0.1690 0.9400 0.0754 1.5115 0.6393 0.9976 0.4718 0.9437 0.8314 0.7760 1.3230 1.4692 1.8727 1.7401 0.8434 0.9328 -0.5313 -0.0242 
1.8539 2.5782 2.1613 2.1757 3.0837 2.8485 2.0398 2.7950 2.2423 2.2622 2.2662 1.5307 0.7084 0.0674 1.3789 1.1191 -0.0066 1.0600 1.2129 -0.1037 0.4579 1.1099 1.7869 1.6994 1.5850 2.0559 1.1024 1.7922 1.8178 0.7332 0.4476 0.2956 -1.2097 
3.2334 2.7165 2.0783 2.2672 2.2466 2.2666 1.7802 1.6434 1.5859 1.3477 1.7478 1.6010 1.1104 1.6619 0.4990 -0.3290 -2.3490 -0.3837 0.3230 1.4602 0.8025 1.1989 1.2796 0.7673 0.9365 0.8682 0.9024 1.2147 1.0387 0.8434 0.2883 0.4624 -0.0154 
2.4014 2.4119 2.4979 2.4835 2.6915 2.3252 2.0036 2.2590 2.0515 1.9478 1.2301 1.7030 1.6017 1.2780 -0.0239 0.0281 0.6599 -0.0292 -0.1749 1.0673 1.2768 1.3139 0.7543 1.3671 1.3515 1.5153 1.0833 1.2720 1.4982 1.0441 0.6969 0.1558 -1.0061 
3.2657 2.8088 2.4019 2.0855 2.5769 2.3220 0.8062 1.4956 1.9146 0.8917 1.5260 1.0095 1.2514 0.8770 0.7990 1.4509 1.6768 1.3604 0.6561 0.6365 0.9907 0.5974 1.0382 0.3211 1.2219 0.6836 -0.0907 1.2662 1.3211 0.6242 0.6440 0.5452 -0.0029 
2.8797 2.6623 2.9148 2.6425 2.0548 1.6190 1.9047 1.6503 1.4065 1.5450 1.9030 1.7040 1.1195 1.0077 0.7469 0.4368 -1.9665 0.3472 0.6025 0.7451 0.8092 1.3102 1.4429 0.9901 0.7135 0.8819 1.0188 0.5652 0.7861 1.1737 1.1631 0.4361 -0.3638 
2.7317 2.0500 2.5781 2.2170 1.2002 2.0563 1.9134 0.7452 1.0139 1.0379 0.9736 0.5744 1.0195 1.0420 1.0337 1.0587 1.6261 1.0042 0.8774 0.7975 0.6826 0.1673 0.4898 0.4791 0.3227 -0.0034 1.0208 1.0066 -0.0213 0.7595 0.7936 -0.2935 -0.5180 
3.6308 2.7497 2.8054 2.2190 2.2453 2.0343 2.0207 0.8720 1.0373 0.6846 1.4053 1.2846 1.4074 1.5691 1.2753 0.6927 1.3390 0.6370 1.1320 1.3234 1.0953 0.9260 0.9476 0.1214 0.3689 0.0865 1.0841 0.9854 1.0388 0.7585 1.0741 0.4689 0.3278 
2.3716 1.8468 1.7715 1.7718 0.7966 0.9154 1.5521 1.4355 1.2740 1.5678 1.2426 1.3349 1.4053 1.5489 0.9373 0.7069 1.0233 0.6503 0.7464 1.2898 1.0960 0.9821 0.7741 1.0122 0.6128 0.6368 0.6251 -0.1325 -0.4096 0.3268 0.0506 -0.3695 -0.9133 
3.7319 2.5946 2.4271 2.0914 2.7101 2.5927 2.2784 2.0258 1.8716 1.4747 2.0810 1.5338 1.3361 1.8199 0.3004 1.5965 1.5414 1.5425 0.1645 1.6037 1.0549 1.1100 1.5945 0.9118 1.1982 1.2070 1.4046 1.5415 1.5219 0.6307 0.6524 0.1839 0.4699 
3.8619 3.3289 2.5175 2.4057 2.4408 2.1426 2.3372 1.8141 0.2671 1.7407 2.0764 1.8182 1.6269 1.5709 1.6543 1.1143 1.8021 1.0578 1.5304 1.3311 1.3125 1.4629 1.5908 1.1815 -0.3945 1.0566 1.4679 1.0946 1.1992 0.9848 0.7001 1.0490 0.5636 
4.2413 3.2585 2.9561 2.5697 2.9918 3.1404 2.8242 2.0621 1.6113 2.2614 2.5632 2.5481 2.1678 1.3316 1.7400 2.0401 0.5516 1.9445 1.6074 1.1061 1.8558 2.1310 2.0729 1.7000 0.9823 1.2329 1.9487 2.0902 1.7420 1.0810 1.1723 0.9240 0.9551 
2.5641 2.6033 2.5730 2.3372 2.5843 1.6933 1.8950 1.6686 1.6498 0.6184 1.5040 1.5605 1.4376 0.0039 1.3122 0.4253 0.3082 0.3132 1.1660 -0.2082 1.1098 1.1533 1.0188 0.0507 1.0070 0.9056 1.0125 0.6353 1.3250 0.9261 0.7767 0.3343 -0.7976 
1.1194 1.7967 2.6018 1.9544 2.1052 0.6561 2.2615 2.0648 2.5201 2.0660 1.8374 1.2302 1.2443 0.6337 0.9342 0.0886 1.2271 0.0263 0.7481 0.4439 0.9868 0.8621 1.3718 1.5062 1.8172 1.2438 1.3694 -0.3845 0.8725 0.5086 0.8277 -0.4205 -2.4616 
4.1120 3.1624 2.7034 2.6275 2.0130 2.4318 1.7842 1.6330 1.6992 1.9167 1.4158 1.6071 1.4792 1.2262 1.7460 1.3256 1.2194 1.2385 1.6156 1.0365 1.1398 1.2090 0.9526 1.3395 1.0472 0.8590 0.9021 1.3813 0.7489 1.1606 0.9786 0.8135 0.7912 
3.2508 2.4039 2.0815 0.9914 1.5950 1.7146 1.4362 1.7279 1.0707 1.7047 0.7196 1.4502 0.3847 1.0140 1.3548 1.5938 0.9826 1.5358 1.2047 0.7546 0.0791 1.0535 0.2491 1.1412 0.4132 0.9879 0.5219 0.6603 0.3684 -0.4848 0.3285 0.0973 -0.0185 
1.1777 1.3517 1.5700 1.1845 2.1485 1.1039 1.7633 1.3177 1.6437 1.1662 0.6836 0.2205 1.6540 1.4357 1.0812 0.9696 1.4693 0.8725 0.9431 1.1866 1.3515 -0.0962 0.2016 0.5949 1.0021 0.5538 0.8871 0.0316 0.9509 -0.2172 -0.1592 -0.9744 -2.9566 
3.8764 2.7962 2.4420 1.5734 0.5830 1.9068 1.5197 1.4566 2.1965 1.8733 1.1027 0.7569 1.1138 1.0351 1.3159 1.5232 1.4282 1.4334 1.1695 0.7819 0.8021 0.4025 0.6194 1.2944 1.5494 0.6581 0.5848 0.8607 -0.5828 0.1194 0.6637 0.4732 0.5959 
3.6115 2.3959 1.7184 2.6093 2.1748 2.0924 1.0440 1.5676 0.6515 0.9186 1.5825 0.3732 1.6748 1.6409 1.2172 0.5815 0.6566 0.5149 1.0862 1.4301 1.3767 -0.0148 1.0973 0.3338 -0.0039 0.7661 0.1124 1.0423 0.9818 1.1374 -0.0045 0.0133 0.2660 
1.0259 2.0267 2.3988 1.6044 1.4574 2.0069 1.3438 1.5534 0.3127 0.8258 0.5492 0.9964 0.3630 0.7009 1.1765 1.0274 0.3245 0.9584 1.0440 0.5133 0.0390 0.5840 0.0684 0.2424 -0.3827 0.7377 0.4695 0.9632 0.2061 0.1113 0.6447 -0.2354 -1.5664 
2.1916 1.9571 1.9162 1.0740 1.6572 1.7461 1.4846 1.5985 1.2845 0.6678 1.6602 1.0418 0.7498 1.6935 1.4099 1.1380 0.9827 1.0750 1.2278 1.5069 0.4856 0.6343 1.1826 0.1046 0.6214 0.8108 0.5615 0.6921 0.4717 -0.3962 0.1535 -0.3093 -1.0233 
2.5696 1.1771 1.7516 2.1093 2.1998 1.8388 1.6243 1.0061 1.6916 1.0523 0.3836 0.8904 0.9517 -0.4205 0.5521 1.3206 -0.2999 1.2329 0.4318 -0.6218 0.6169 0.5061 -0.0711 0.4870 1.0403 0.1991 0.7002 0.7819 1.0029 0.6563 0.0525 -0.9341 -0.7941 
3.3604 2.5530 1.9729 1.0000 1.6607 1.6014 0.9858 0.9979 1.6176 1.6911 1.7267 1.5497 1.3841 1.2710 1.3550 0.1565 -0.1163 0.0904 1.1999 1.0656 1.0769 1.1367 1.2395 1.1247 0.9802 0.1689 0.0370 0.5446 0.4727 -0.4440 0.1765 0.1782 0.0891 
2.5641 2.8018 2.2122 1.8173 1.6224 0.4131 1.0983 1.4194 1.3568 1.6906 1.5878 1.7824 1.7841 1.3906 1.2860 1.3092 0.6945 1.2251 1.1442 1.1511 1.5206 1.4224 1.1034 1.1261 0.6857 0.6241 0.1774 -0.6674 0.4252 0.4166 0.4682 0.5671 -0.6856 
1.9784 2.4260 2.1335 2.2537 1.7513 2.1637 2.0050 1.6280 1.1842 0.6588 -0.5649 1.1772 0.4740 1.0553 0.9393 1.5655 0.1557 1.5117 0.7469 0.8182 0.1258 0.7864 -1.0103 0.0857 0.5208 0.8511 1.0739 1.1123 0.5585 0.8102 0.4133 0.1739 -1.2759 
3.0368 2.1563 2.7736 2.5043 2.4563 2.6681 1.4768 1.8019 2.1999 2.3260 2.8697 1.4168 2.3116 2.2634 2.2077 1.2693 0.2243 1.2022 2.0784 2.0678 2.0508 1.0220 2.4027 1.7591 1.5514 1.0503 0.5542 1.6160 1.2134 1.0492 1.0417 -0.0419 -0.2542 
2.6051 2.5602 2.3060 2.1765 2.8132 1.1576 1.9133 1.1005 1.9079 1.8422 1.8389 1.7058 1.7367 0.3159 0.4679 1.0707 1.0883 1.0134 0.2774 0.0770 1.4629 1.3173 1.3746 1.2581 1.2212 0.3184 1.0266 0.0914 1.6079 0.7352 0.5584 0.2637 -0.5938 
3.7177 2.8692 2.5836 2.3000 2.8722 3.0381 2.0707 1.9580 2.1374 2.3930 1.9402 1.4414 1.6352 1.6708 1.0854 0.5599 -0.0985 0.5029 0.9573 1.4702 1.3307 1.0461 1.4799 1.8193 1.4928 1.1550 1.1317 1.9927 1.6525 0.8898 0.7751 0.5484 0.4281 
3.9182 3.0051 2.7223 2.8263 3.1029 2.8572 2.6871 2.8077 1.7698 1.7591 0.8157 2.1139 1.7384 1.5512 1.7414 1.7068 1.6390 1.6352 1.6071 1.2972 1.4689 1.7134 0.3557 1.2017 1.1172 2.0646 1.7654 1.8029 1.8446 1.4159 0.9977 0.6429 0.6308 
1.2279 2.9539 2.7067 2.4067 2.7948 2.8033 1.6375 1.9914 1.9903 2.2287 2.3285 2.7811 2.2330 2.1808 2.1493 1.5983 1.6227 1.5374 2.0277 1.9732 1.9402 2.3939 1.8665 1.6674 1.2917 1.1835 0.6842 1.7509 1.5966 1.0127 0.9839 0.7119 -1.6372 
3.1277 2.8303 2.9015 2.4451 2.2603 2.2282 1.5628 1.5966 1.5836 1.6295 1.5451 1.7448 1.6426 1.2820 0.1888 1.3109 1.2253 1.2273 0.0626 1.0703 1.3313 1.3775 1.0647 1.0640 0.9352 0.8004 0.6292 1.1702 1.0626 0.9993 1.1545 0.5824 -0.0878 
3.6950 2.7898 2.1930 2.1027 1.7930 1.2803 1.3032 1.9893 1.6213 1.2348 1.6148 0.9651 -0.1115 1.0598 1.3078 0.5262 0.2327 0.4707 1.1603 0.8205 -0.4159 0.5468 1.1368 0.6820 0.9831 1.1795 0.4264 0.2445 0.5923 0.6428 0.4432 0.4720 0.3806 
3.4054 2.6825 1.7631 1.7648 2.5654 2.1066 1.5444 1.1732 0.8816 0.8206 1.4778 1.2886 1.7582 0.9445 1.0218 0.8534 0.6441 0.7650 0.8549 0.6774 1.5026 0.9405 1.0017 0.2462 0.1858 0.4224 0.6106 1.0515 1.2996 0.3600 0.0181 0.3870 0.1218 
3.1169 2.6315 2.0986 1.5340 0.1372 1.0648 1.0519 1.5364 1.6699 1.6822 2.1517 2.0512 1.6596 1.4510 1.2246 1.1377 1.2800 1.0704 1.0940 1.2015 1.3518 1.6336 1.6725 1.1172 1.0233 0.7221 0.1246 0.0124 -1.0266 0.0627 0.3214 0.3400 -0.1871 
3.6850 2.4977 1.8461 1.9927 1.7804 1.8944 2.3863 2.1646 2.0865 1.3008 1.7885 1.0125 1.2566 1.3220 1.7221 1.5618 2.0700 1.5094 1.5868 1.1025 0.9951 0.5982 1.3201 0.7298 1.4118 1.3870 1.5181 0.8396 0.5661 0.5270 0.0616 0.0933 0.4054 
2.8046 2.6866 1.6821 2.1069 1.8825 1.2204 1.4463 0.5058 1.2803 1.5513 0.2510 1.2410 0.0272 1.5460 1.6212 1.5617 1.1959 1.5049 1.5019 1.2901 -0.3038 0.8793 -0.2339 0.9946 0.6202 -0.2898 0.5291 0.1718 0.6472 0.6504 -0.0582 0.4362 -0.5045 
1.4438 1.8500 2.0817 1.6333 1.2578 1.8607 1.7672 1.0205 1.5613 1.5182 1.4666 0.6860 0.9761 -0.3758 1.1805 1.6688 1.7321 1.6037 1.0499 -0.5787 0.6318 0.3041 0.9952 0.9437 0.8910 0.2072 0.8883 0.8113 0.0590 0.1605 0.3061 -0.3672 -1.9420 
4.1627 3.3250 2.6256 2.2224 2.2252 1.1752 1.4647 1.9966 1.0332 1.6261 1.6154 1.6262 1.6802 2.2128 1.3676 1.5538 1.6110 1.4927 1.2066 2.0210 1.3857 1.2200 1.1331 1.0624 0.3725 1.1849 0.5392 0.1274 1.0223 0.7715 0.8487 1.0370 0.8594 
3.0399 2.6463 2.5975 2.2082 1.5810 0.1362 1.6396 1.5353 1.9108 1.2752 1.7059 1.7946 1.0523 1.2396 0.8108 0.6348 0.8662 0.5661 0.6636 1.0408 0.7128 1.4346 1.2202 0.6982 1.2190 0.7244 0.7179 -0.9441 0.3550 0.7423 0.8303 0.3603 -0.2596 
3.2495 2.4031 1.6371 1.5282 1.7198 1.8594 1.2255 1.5200 1.9129 1.6629 1.1853 1.2344 1.1709 0.8961 1.1731 1.1342 -1.1003 1.0659 1.0441 0.6458 0.8805 0.8704 0.6972 1.0967 1.2219 0.6973 0.3368 0.8016 0.5249 0.0502 -0.0607 0.1318 0.0029 
3.8255 3.0135 2.5977 2.1643 2.1028 1.6016 2.1007 1.2162 1.0853 1.5658 1.6498 1.6056 1.8328 0.0741 0.8995 0.9539 -0.8109 0.8607 0.7223 -0.1356 1.5512 1.2051 1.1675 1.0100 0.4600 0.4780 1.1783 0.5526 0.8749 0.6920 0.8090 0.6569 0.5441 
2.9678 2.0875 2.1395 2.3343 2.5032 1.2413 2.2075 2.2047 1.2178 1.3817 1.9953 0.5732 1.0908 1.2261 1.9880 1.5324 1.3526 1.4467 1.8054 1.0340 0.7674 0.1804 1.5230 0.8094 0.5732 1.4504 1.2917 0.1786 1.2383 0.9269 0.4396 -0.1170 -0.3560 
3.9114 3.3221 3.4247 3.5562 4.1460 4.4736 3.6552 4.3771 3.2422 3.3884 3.8031 3.4354 3.6761 3.2129 3.5526 3.3353 3.2655 3.2725 3.3700 2.9989 3.3393 3.0902 3.3188 2.8205 2.5873 3.6384 2.7308 3.4217 2.8915 2.0905 1.6902 1.0476 0.6277 
2.9947 2.3374 3.1397 3.0105 3.1521 3.1945 3.1398 2.2855 2.7699 2.5701 2.6407 2.7896 1.5548 1.9944 1.3311 2.2534 1.5968 2.1824 1.1769 1.7365 1.2181 2.4092 2.1598 1.9944 2.1147 1.5357 2.2134 2.1395 1.9253 1.5639 1.3831 0.0922 -0.2242 
3.0506 2.5806 1.8696 1.8536 2.4874 2.0498 1.4692 1.7303 1.3534 1.9796 1.6156 1.1166 1.3848 0.4588 0.5662 0.9055 0.2478 0.8124 0.4494 0.1806 1.0779 0.7096 1.1320 1.4017 0.6803 0.9839 0.5477 0.9921 1.2391 0.4068 0.0759 0.3903 -0.3632 
2.8942 2.9379 1.1028 2.1251 2.5675 2.1120 2.4533 2.0933 1.4951 1.3318 2.1158 2.0878 1.2568 0.5264 0.7440 0.9882 0.5764 0.8975 0.6072 0.2760 0.9933 1.6787 1.6313 0.7680 0.7792 1.2883 1.5551 1.0700 1.2969 0.6734 -0.5084 0.6614 -0.3727 
2.0691 2.6180 3.3136 3.3056 3.4950 3.2379 2.8665 2.6960 2.7982 2.2666 2.8998 2.0813 2.9965 3.0180 2.4228 1.6756 -1.7591 1.6105 2.2633 2.7665 2.6806 1.6623 2.4382 1.7044 2.1488 1.9198 1.9971 2.1838 2.2589 1.8512 1.5862 0.3694 -0.8405 
3.7942 2.9572 2.6374 1.5471 2.6742 1.8595 0.7551 1.7099 2.0753 1.5951 1.5560 2.2729 0.2518 1.8722 0.7527 1.7084 1.1900 1.6368 0.6052 1.6444 -0.0041 1.9053 1.0733 1.0331 1.3914 0.9578 -0.1516 0.7923 1.4656 0.1149 0.8614 0.6116 0.5083 
4.1306 3.1818 2.4874 2.1715 2.4961 2.5447 2.1382 2.0451 2.3125 2.4382 2.3071 1.9769 1.6795 1.9252 2.1172 2.1221 2.0678 2.0635 1.9779 1.6839 1.3755 1.5753 1.8343 1.8569 1.6564 1.2173 1.2125 1.4921 1.2376 0.7120 0.6904 0.8512 0.8106 
4.3849 3.0334 2.3528 1.2285 2.0287 3.1443 2.3784 2.6421 2.7948 2.1293 2.2346 1.6049 1.1585 -0.2026 1.2582 1.2890 -0.0121 1.2136 1.1217 -0.3849 0.8723 1.2057 1.7457 1.5647 2.1450 1.8459 1.5101 2.0907 0.7712 -0.1214 0.6400 0.6931 1.1225 
2.9899 3.1504 2.9883 1.5382 2.6065 1.8590 2.0928 1.1598 1.5198 2.1124 1.1263 1.0010 1.1019 1.0560 1.2826 1.3041 0.6891 1.2202 1.1380 0.8265 0.7888 0.5836 0.6623 1.5519 0.8268 0.4113 1.1652 0.8173 1.3614 0.1491 1.2091 0.9026 -0.3109 
3.6516 3.0641 2.3833 2.2411 2.2632 2.6236 2.0930 2.0914 1.9621 1.6712 1.3129 2.1390 1.9741 1.5347 0.9674 1.7518 0.8396 1.6905 0.7712 1.2693 1.6453 1.7382 0.8422 1.1056 1.2634 1.2820 1.1676 1.5726 1.0599 0.7980 0.6170 0.7224 0.3502 
3.2414 3.1376 2.6752 2.1242 1.7105 1.9351 1.5119 1.5940 1.5207 1.6887 0.6893 1.3159 0.9876 0.6522 1.2773 1.6698 0.4979 1.6031 1.1412 0.4596 0.6428 0.9644 0.2296 1.1190 0.8301 0.7962 0.5802 0.8785 0.5092 0.6621 0.9423 0.8587 -0.0048 
2.5293 2.5060 1.7359 1.6222 1.2710 0.8625 1.5745 1.3724 0.4398 -0.5824 -0.6546 0.7243 1.5034 0.5983 1.5446 0.9330 1.4680 0.8387 1.3778 0.3960 1.1583 0.3838 -1.1012 -1.1727 -0.2480 0.5822 0.6592 -0.2252 0.0756 0.1672 0.0116 0.2824 -0.8985 
3.8236 3.0998 2.3513 1.6870 2.2072 2.1039 1.2099 1.7306 1.5861 1.1568 1.6977 0.6859 1.4575 1.6298 1.9088 1.6859 1.6622 1.6181 1.7412 1.4177 1.1269 0.3245 1.2145 0.5965 0.9252 0.9889 0.3075 1.0508 1.0119 0.2262 0.5921 0.7376 0.5435 
3.2004 2.8971 2.4096 2.3191 2.0973 1.5206 1.8696 1.2387 1.9851 2.0960 1.0549 1.4035 1.3828 1.4807 1.1044 0.6253 0.8483 0.5628 0.9863 1.2135 1.0768 1.0260 0.5641 1.5369 1.2841 0.5017 0.9953 0.4715 0.8602 0.8992 0.6490 0.6133 -0.0854 
4.2826 2.9995 2.6259 1.5868 1.7527 1.1936 0.3688 1.7399 1.4165 1.2798 1.5318 1.4323 1.4082 1.5419 1.5735 0.7846 1.7291 0.7132 1.4307 1.2869 1.0995 1.0445 1.0457 0.7079 0.7164 1.0003 -0.5738 0.1373 0.5516 0.1543 0.8456 0.5830 1.0099 
3.1201 1.1176 1.9615 1.3348 1.7504 1.6520 1.2565 1.6746 2.2276 1.7719 1.7620 1.9673 1.4033 1.2505 1.6017 1.3506 1.0528 1.2626 1.4706 1.0501 1.0893 1.5729 1.2961 1.2086 1.5750 0.9221 0.3715 0.5974 0.5440 -0.1088 0.1552 -0.9828 -0.2215 
