6.7671 6.1068 5.5067 5.0661 4.6551 4.6634 4.5968 4.4653 4.2995 4.0991 4.0496 3.9910 3.9992 3.8329 3.9528 3.8655 3.9008 3.7679 3.7972 3.5814 3.6758 3.5898 3.5705 3.5312 3.6095 3.6462 3.6830 3.6099 3.4462 3.6042 3.7250 3.8150 3.5277 
6.1108 6.1982 5.5423 5.0726 4.8278 4.5707 4.4060 4.2779 4.1175 4.1380 4.0466 3.9634 3.9319 3.9053 3.8184 3.9115 3.9334 3.8212 3.6382 3.6272 3.5989 3.5554 3.5662 3.5795 3.4606 3.4966 3.4749 3.5177 3.5882 3.6081 3.7714 3.9580 2.9383 
5.6383 5.6513 4.8694 4.9636 4.4849 4.5389 4.4770 4.4109 4.1878 4.0988 3.9202 3.7229 3.4062 3.5898 3.5774 3.8794 3.5512 3.7833 3.4442 3.3952 3.0717 3.3722 3.4279 3.5290 3.5289 3.5931 3.5495 3.4913 3.2467 3.4912 3.1240 3.4101 2.4956 
4.5278 6.2913 5.8203 5.4456 5.0677 5.0120 4.7953 4.7857 4.6747 4.5720 4.5077 4.4135 4.3266 4.3275 4.2089 4.1754 4.1074 4.1104 4.0660 4.0855 4.0124 3.9985 4.0223 4.0069 4.0214 4.0100 3.9176 3.9570 3.8578 3.9755 4.0557 4.0444 0.4405 
4.7196 4.5118 4.2763 3.4774 3.9414 3.7070 3.1540 3.4653 3.2141 2.8490 2.2832 1.9100 2.3250 2.5306 2.6835 2.2171 1.5029 2.1196 2.5294 2.3405 1.9764 1.5047 1.8041 2.2582 2.5358 2.6756 2.2975 2.6439 2.6963 2.0360 2.5066 2.2767 1.4925 
7.0529 6.6807 5.4985 5.0455 4.8677 4.6047 4.4468 4.3392 4.1636 4.0365 3.6929 3.7512 4.0149 3.8587 3.5582 3.8206 3.9083 3.7279 3.4302 3.5999 3.6985 3.3943 3.2210 3.4700 3.5061 3.5388 3.5071 3.5502 3.6105 3.5768 3.6916 4.4342 3.8197 
7.1352 6.9624 6.2843 5.9453 5.7104 5.5381 5.4579 5.2748 5.1311 5.1154 5.0185 4.9628 4.9689 4.8410 4.7341 4.6711 4.6451 4.6096 4.5916 4.6023 4.6262 4.5425 4.5321 4.5498 4.4810 4.5104 4.5274 4.4851 4.4979 4.4915 4.5417 4.6640 3.8995 
6.8828 6.6662 5.8810 5.5485 5.2189 5.0501 4.9161 4.8814 4.6665 4.5607 4.5603 4.4637 4.4428 4.2739 4.2617 4.3270 4.3054 4.2352 4.1106 4.0447 4.1008 4.0498 4.0795 3.9975 4.0121 4.0797 3.9916 3.9961 4.0080 4.0810 4.1129 4.4193 3.6280 
5.2358 6.1430 5.1944 4.8515 4.4580 4.5674 4.2916 4.2838 4.0658 3.9019 3.9450 3.7395 3.6685 3.9533 3.9279 3.8658 3.6966 3.7685 3.7530 3.7050 3.4027 3.3847 3.4571 3.3184 3.4168 3.5037 3.4023 3.5179 3.2155 3.4112 3.4615 3.9220 2.3140 
6.0885 6.2880 5.4731 5.1916 4.8607 4.5325 4.0903 4.2680 4.2350 4.0381 3.9526 3.7476 3.8955 3.8328 3.7191 3.9572 3.7543 3.9024 3.5698 3.5840 3.5509 3.3879 3.4648 3.4730 3.5665 3.4876 3.1847 3.4729 3.6063 3.7496 3.6603 4.0344 2.8281 
6.3052 6.1796 5.3128 5.0726 4.7701 4.4415 4.3987 4.3944 4.1876 4.1357 4.0705 3.7304 3.7741 3.8353 3.9384 3.7340 3.7727 3.6461 3.7715 3.5848 3.4689 3.3772 3.5922 3.5739 3.5268 3.5821 3.4695 3.3897 3.5398 3.6074 3.5387 3.9282 3.0203 
4.8293 5.6061 4.4652 4.6021 4.1587 4.1103 3.8924 3.5659 3.4870 3.6576 3.4161 3.3127 2.8650 3.4095 3.4895 3.1650 3.3763 3.0835 3.3690 3.1492 2.5216 2.9143 2.9269 3.0845 2.8473 2.8131 2.9511 3.0532 2.9441 3.1299 2.7146 3.3662 1.3685 
6.0889 6.1515 5.5906 5.2451 5.0422 4.7748 4.5292 4.5918 4.4939 4.3594 4.3512 4.3630 4.2689 4.2680 4.0718 3.9346 4.0392 3.8626 3.9428 4.0406 3.9744 3.9682 3.8924 3.7795 3.8258 3.8330 3.6081 3.7185 3.8201 3.8295 3.8633 3.9184 2.8979 
6.6350 6.2077 5.2385 4.5401 4.4754 3.9540 3.0814 3.6952 3.0589 3.3420 3.1441 3.1236 3.3624 3.3484 3.4539 3.0828 3.0746 3.0168 3.3139 3.0832 3.0197 2.7599 2.6859 2.7572 2.4023 2.9307 2.2066 2.8897 3.2230 3.0757 3.4798 3.9461 3.4132 
6.5921 6.7867 6.1946 5.8464 5.5883 5.4115 5.2517 5.1326 5.0775 5.0135 4.9058 4.7754 4.7577 4.7290 4.6454 4.6192 4.6212 4.5500 4.5092 4.5196 4.4766 4.4247 4.4387 4.4543 4.4377 4.3756 4.3772 4.3590 4.3747 4.4318 4.4574 4.5390 3.2513 
5.6980 5.5314 4.7919 4.4479 4.4558 4.4123 4.2536 4.1703 3.9668 3.8578 3.8398 3.4453 3.5509 3.5968 3.5096 3.4768 3.1978 3.4154 3.3896 3.3982 3.2596 3.0381 3.3760 3.2777 3.3032 3.4193 3.3843 3.3646 3.2171 2.9818 3.0559 3.3340 2.3678 
3.5251 5.6366 5.1649 4.7677 4.3684 4.1535 4.2423 4.0211 4.1524 4.1229 3.9035 4.0442 3.9490 3.4986 3.6324 3.4013 3.6215 3.3227 3.4997 3.2791 3.6090 3.6420 3.4114 3.5537 3.5030 3.2481 3.3739 3.1118 3.1087 3.3503 3.4424 3.4214 0.3550 
6.8564 6.3826 5.1831 4.6381 4.1398 4.0280 4.2436 4.1732 4.0681 3.9200 3.6478 3.8234 3.5746 3.6570 3.4308 2.9072 3.3707 2.8517 3.2759 3.4521 3.2846 3.4320 3.1764 3.3483 3.4163 3.4223 3.3731 2.9667 2.9260 3.1630 3.4315 4.1152 3.6400 
6.1483 6.0297 5.6654 5.3324 4.9996 4.7800 4.7525 4.6219 4.3689 4.4513 4.3473 4.2223 4.0833 4.1906 3.9514 3.9547 4.0345 3.8979 3.7914 3.9846 3.7879 3.8670 3.8866 3.8856 3.6645 3.8702 3.8828 3.7271 3.7478 3.9094 3.9260 3.7101 2.7889 
4.2977 5.6449 5.0292 4.9635 4.7916 4.4839 4.5501 4.0418 3.9134 3.7757 3.9896 3.8358 3.6914 3.4537 3.6604 3.5006 3.2531 3.4366 3.5216 3.2187 3.4131 3.4399 3.5059 3.2004 3.2093 3.2656 3.6241 3.4308 3.5637 3.4862 3.2590 3.4162 1.3787 
5.5121 6.1904 5.5657 5.2501 5.0590 4.8627 4.8851 4.5131 4.4970 4.4332 4.3321 4.1820 4.1444 4.1760 3.9514 4.0978 4.0468 4.0290 3.7922 3.9736 3.8860 3.8209 3.8708 3.8505 3.8310 3.7178 3.9704 3.8113 3.8474 3.8239 3.8168 3.9518 2.1685 
6.5328 6.2161 5.0934 4.3075 3.5396 3.4393 3.1073 2.1785 3.0726 2.8829 2.9197 2.4173 2.3802 3.2072 2.6817 2.4825 1.9249 2.4016 2.5160 2.9808 2.0823 1.9972 2.4338 2.3171 2.4300 1.3138 2.1865 2.3856 2.2666 2.8444 3.3376 3.9588 3.3363 
6.6001 6.3287 5.1296 4.5203 4.5690 4.1300 3.7816 3.9757 4.0726 3.9692 3.9466 3.8961 3.7696 3.6619 3.6102 3.7846 3.7905 3.6958 3.4827 3.4548 3.4649 3.4765 3.4617 3.4104 3.4254 3.1872 2.8873 3.0733 3.3760 3.0564 3.3988 4.0582 3.4157 
6.6600 6.3340 5.5982 5.2321 5.0269 4.8049 4.6196 4.5437 4.3142 4.2698 4.3188 4.0547 4.1187 3.9824 3.9641 3.9895 3.9416 3.9309 3.8141 3.7461 3.8339 3.6533 3.8563 3.6936 3.6163 3.7619 3.7099 3.7517 3.7948 3.8075 3.8518 4.0549 3.4064 
7.1944 6.7530 5.9458 5.6197 5.2854 5.1673 5.1099 4.9556 4.7701 4.7891 4.6603 4.6620 4.5417 4.5046 4.5117 4.3184 4.3221 4.2262 4.3736 4.2649 4.2230 4.2855 4.1791 4.2114 4.1021 4.1301 4.1922 4.1153 4.0634 4.1513 4.1547 4.4845 3.9615 
7.1829 6.8188 6.0481 5.6319 5.3590 5.1966 5.0513 4.9846 4.7509 4.6676 4.6425 4.6176 4.5532 4.5726 4.5013 4.4229 4.3388 4.3243 4.3561 4.3653 4.2406 4.2232 4.1545 4.1099 4.0847 4.1618 4.1295 4.1453 4.1194 4.1695 4.2656 4.5515 3.9595 
6.3549 6.1967 5.4586 4.9720 4.5478 4.1623 4.2620 4.2365 4.1802 4.1447 4.0355 3.9392 3.9879 3.6499 3.8356 3.6356 3.5332 3.5687 3.6531 3.4473 3.6597 3.5265 3.5536 3.5902 3.5223 3.4697 3.3900 3.1067 3.3455 3.4867 3.6662 3.9470 3.1610 
6.3603 6.5912 5.7580 5.4659 5.1022 4.9818 4.8322 4.7753 4.6232 4.4778 4.4226 4.4175 4.3208 4.2331 4.2929 4.3090 4.2416 4.2186 4.1308 4.0156 4.0077 4.0005 3.9349 3.9181 3.9683 4.0010 3.9388 3.9256 3.9039 3.9856 3.9959 4.3245 3.2598 
4.8491 5.6154 5.0872 4.6855 4.5758 4.4023 4.4417 4.2143 3.6950 3.9809 3.7384 3.6065 3.7551 3.6125 3.6988 3.3385 3.3917 3.2387 3.5516 3.4218 3.4539 3.2325 3.2745 3.4206 3.0279 3.4500 3.5052 3.3464 3.3848 3.2702 3.3886 3.4077 1.1653 
6.4621 6.0689 5.0936 4.3553 3.9846 3.2419 3.8369 3.6414 2.9498 2.2289 2.9070 2.0175 2.4441 2.9135 3.4082 3.5109 3.2202 3.4488 3.2486 2.6880 2.1791 1.6575 2.4187 1.7371 2.2722 2.8771 2.9188 2.2088 2.7320 2.8948 3.3537 3.7821 3.2610 
6.1012 6.2385 5.4196 4.9589 4.8368 4.6337 4.4824 4.1180 4.3703 4.1646 4.1334 4.0419 4.0080 3.7590 3.9505 3.8505 3.7188 3.7548 3.7910 3.5286 3.6857 3.6384 3.6522 3.6027 3.6678 3.3765 3.5517 3.5799 3.5945 3.4756 3.6108 4.0021 2.9269 
6.7550 6.2618 5.4639 4.9642 4.7995 4.6537 4.5429 4.4314 4.2655 4.1403 3.9146 4.1554 3.8536 3.9175 3.8125 3.9156 3.8237 3.8280 3.6335 3.6458 3.5214 3.7912 3.4246 3.5820 3.5920 3.6039 3.6153 3.6005 3.5674 3.4817 3.6563 4.0208 3.5333 
6.1213 6.8042 6.1409 5.7924 5.5194 5.3080 5.2007 5.0748 5.0162 4.9914 4.9388 4.8078 4.7624 4.6866 4.6654 4.5942 4.5661 4.5277 4.5332 4.4893 4.4796 4.4464 4.4564 4.4337 4.3460 4.2939 4.3185 4.2547 4.2652 4.3698 4.4041 4.5603 2.7767 
5.2871 6.4567 5.9241 5.5769 5.3846 5.1442 5.0181 4.9769 4.8194 4.8120 4.6835 4.5642 4.5765 4.5420 4.4799 4.4319 4.3403 4.3331 4.3216 4.3203 4.2705 4.1591 4.2118 4.2338 4.1341 4.1503 4.0917 4.0898 4.1334 4.1142 4.1342 4.1681 1.5981 
5.8211 5.5881 4.0875 3.5664 2.8442 2.8832 3.8190 3.5703 3.5075 2.8834 2.7806 2.8655 2.6378 2.3969 2.5309 2.1460 0.8048 2.0551 2.3829 2.1811 2.3499 2.4592 2.3336 2.3350 2.8640 2.8061 2.9035 1.8330 1.5485 2.0585 2.3175 3.3413 2.6636 
6.2117 6.2428 5.0402 4.6747 4.1565 4.1396 4.4621 3.9981 3.1436 3.6854 3.3542 3.6043 2.8068 2.9661 2.9676 3.0664 2.7871 2.9895 2.8493 2.7543 2.4626 3.2168 2.8745 3.1042 2.4791 3.1916 3.5283 3.0869 2.9424 3.2375 3.2541 3.9898 3.0201 
6.8284 6.7977 6.1693 5.7769 5.5628 5.3741 5.2690 5.0957 4.9938 4.9746 4.8996 4.7617 4.6354 4.6651 4.6869 4.6111 4.5229 4.5425 4.5537 4.4715 4.3482 4.4083 4.4357 4.4045 4.3077 4.3238 4.3977 4.3207 4.3377 4.3529 4.4414 4.5438 3.5634 
6.7124 6.2791 5.8545 5.5734 5.3560 5.1077 5.0857 4.9762 4.7906 4.6575 4.6102 4.5969 4.5523 4.5148 4.5528 4.4657 4.3570 4.3947 4.4354 4.2805 4.2381 4.1995 4.1304 4.0900 4.1173 4.1494 4.1622 4.0553 4.1181 4.1132 4.0901 4.0094 3.4429 
6.2905 6.5754 5.8884 5.5475 5.4162 5.2751 5.1440 5.0873 4.8946 4.7736 4.7274 4.6750 4.5467 4.5189 4.4748 4.4006 4.4543 4.3037 4.3129 4.2861 4.2303 4.3085 4.2595 4.1968 4.1911 4.3124 4.2338 4.2235 4.1559 4.0809 4.1266 4.2939 3.0624 
6.6347 6.3535 5.5023 5.0026 4.7974 4.4236 4.5562 4.4873 4.1821 4.1710 4.0749 3.9288 3.7646 3.8843 3.9387 3.8324 3.7423 3.7374 3.7709 3.6111 3.4608 3.5125 3.5956 3.6053 3.5207 3.6764 3.6295 3.3626 3.5586 3.5208 3.6997 4.1070 3.4383 
6.5652 6.6825 5.9549 5.6110 5.2928 5.1690 5.0630 4.8849 4.8451 4.7984 4.6476 4.6555 4.6167 4.5227 4.4385 4.4623 4.3834 4.3894 4.2517 4.2912 4.3231 4.2698 4.1593 4.2200 4.1492 4.0810 4.1371 4.1160 4.0653 4.1403 4.1493 4.4609 3.3908 
6.8475 6.3214 5.3466 4.9740 4.7651 4.5055 4.2865 4.1811 4.0833 3.8799 3.7763 3.8131 3.7730 3.6318 3.8052 3.5325 3.6618 3.4664 3.6268 3.4348 3.4672 3.4270 3.3150 3.2932 3.4325 3.4268 3.4006 3.4504 3.5397 3.4961 3.5770 4.0383 3.6036 
6.6667 6.1247 5.0256 3.8891 3.9122 3.8444 3.9679 3.5645 2.6124 3.3319 2.8177 3.3161 3.2994 2.4752 2.8713 1.9422 3.0778 1.8744 2.6962 2.2740 2.9751 2.9151 2.3324 2.7409 1.9416 2.8019 3.0380 2.7822 2.6399 2.4051 3.2356 3.8806 3.4544 
6.4846 6.1794 5.2920 4.8563 4.7160 4.5971 4.4613 3.9988 4.2044 4.0561 3.9835 3.9223 3.7103 3.8052 3.8524 3.6303 3.8963 3.5694 3.6655 3.5641 3.4258 3.5056 3.4980 3.4901 3.5437 3.2023 3.5265 3.5450 3.5005 3.4132 3.5415 3.9263 3.2307 
6.1681 4.5375 3.8775 3.9847 2.4621 2.6875 3.4348 2.8169 3.4416 3.0236 3.4711 3.2158 3.0856 2.9680 3.0240 2.4339 2.8533 2.3691 2.8972 2.7546 2.8242 2.8565 2.9840 2.4474 2.7641 1.9663 2.4874 1.5522 1.0933 2.5234 2.0150 1.9571 2.8667 
5.9475 6.4518 5.7006 5.4378 5.0826 4.7271 4.6687 4.6489 4.4817 4.5518 4.4969 4.3867 4.3093 4.3010 4.1903 4.2226 4.0233 4.1402 4.0505 4.0661 4.0007 3.9820 4.0108 3.9885 3.8066 3.9049 3.7854 3.6712 3.8784 3.9708 3.9489 4.1684 2.8696 
4.9955 5.9661 5.5800 5.1074 4.8684 4.7483 4.4460 4.4471 4.4019 4.3810 4.3128 4.2123 4.1306 4.0769 4.0449 4.0583 4.0763 3.9931 3.9236 3.8814 3.8561 3.8551 3.8516 3.7986 3.6966 3.6198 3.5089 3.6957 3.6109 3.6446 3.8344 3.6922 1.8294 
6.0187 5.8109 4.5947 4.1612 3.5683 3.2355 3.3254 3.4338 3.6145 3.3789 2.6534 2.3535 2.8844 3.1931 3.0165 2.8601 2.7386 2.7706 2.8918 2.9760 2.5526 1.9413 2.1712 2.7957 2.9646 2.6433 2.4366 2.1497 2.3445 2.6980 2.8134 3.5436 2.8483 
6.6419 5.9441 5.1288 4.3815 3.7535 3.8523 2.8771 3.5900 3.3287 3.0005 3.2786 2.9254 1.4162 2.7504 2.3801 1.3432 1.5339 1.2602 2.2121 2.5052 1.0801 2.5128 2.8160 2.4299 2.6202 2.8509 1.9543 2.7847 2.5180 2.9060 3.4066 3.6225 3.4229 
5.7376 6.4115 5.7077 5.4676 5.1435 5.0059 4.9803 4.7651 4.6024 4.5180 4.4993 4.4881 4.3654 4.3233 4.2207 4.1735 3.9196 4.1083 4.0757 4.0814 4.0393 4.0798 4.0139 3.9565 3.9512 3.9949 4.0442 3.9533 3.9392 3.9918 3.9625 4.1355 2.4208 
5.3449 6.2519 5.6168 5.3035 5.1737 5.0028 4.7536 4.7886 4.6696 4.5121 4.5095 4.4585 4.2997 4.1583 4.1951 4.0703 4.0451 4.0035 4.0543 3.9616 3.9937 4.0430 4.0254 3.9502 4.0185 4.0124 3.8862 3.9485 3.9641 3.8920 3.8883 4.0165 1.9907 
6.0023 6.1641 4.9257 4.3082 3.0672 2.6146 3.3639 3.0366 3.2005 2.9687 2.9644 2.6997 2.7104 2.8170 1.8035 2.0255 2.6333 1.9495 1.6744 2.5428 2.4130 2.3584 2.4578 2.4193 2.5064 2.2847 2.4559 1.4520 1.7130 2.8198 3.0749 3.9260 2.8840 
5.8884 6.0406 5.2903 5.0316 4.9036 4.8703 4.5706 4.5312 4.1384 4.1354 4.0847 4.1648 4.0020 4.0350 4.0587 3.9487 3.9060 3.8859 3.9342 3.8248 3.6784 3.8024 3.6042 3.5726 3.4858 3.7431 3.6487 3.8171 3.6417 3.5684 3.5254 3.7463 2.5516 
7.1150 6.6350 5.8661 5.3842 5.1464 5.0113 4.9518 4.6859 4.6633 4.6035 4.4605 4.4074 4.3063 4.3305 4.2591 4.2243 4.1966 4.1412 4.1066 4.0884 3.9994 3.9948 3.9712 4.0374 4.0086 3.9403 4.0140 3.9570 3.9432 3.9431 4.0950 4.3535 3.8603 
6.5499 6.4408 5.4930 5.0740 4.8400 4.6636 4.4620 4.4409 4.3036 4.3025 4.2342 4.2644 4.1089 3.9233 3.9460 4.0144 3.9690 3.9536 3.7828 3.6544 3.8204 3.9092 3.7673 3.7219 3.6107 3.6107 3.5260 3.6069 3.5936 3.6032 3.6619 4.1550 3.3851 
6.0267 5.2921 4.4135 3.5119 3.3866 3.4066 2.9721 3.3263 3.3936 1.9973 2.3389 3.2198 3.3995 3.1654 2.6861 2.5040 3.0392 2.4350 2.5257 2.9523 3.0621 2.8642 1.8563 1.4595 2.6930 2.5219 2.0657 2.3579 2.1353 2.0104 2.6300 3.0555 2.7624 
5.2221 6.0055 5.1130 4.5010 3.6758 2.4304 2.7536 3.1612 2.4382 2.3382 2.0719 2.9775 2.9073 2.3424 2.3660 3.0507 3.0820 2.9763 2.1927 2.0603 2.5572 2.5653 1.5861 1.7245 1.7592 2.3828 1.8049 1.2793 2.4205 3.0115 3.3400 3.7341 1.8944 
4.5726 6.0113 5.4734 4.9671 4.7999 4.4971 4.8712 4.5816 4.5715 4.4945 4.2530 4.1663 3.9628 4.0651 3.9707 3.9990 4.0770 3.9407 3.8236 3.8680 3.6252 3.8045 3.7881 3.9323 3.9295 3.8124 3.9671 3.4555 3.5711 3.4883 3.6849 3.7431 0.5962 
4.7684 6.4028 5.4454 5.0488 4.9580 4.8197 4.6051 4.6135 4.5061 4.4196 4.1447 4.4370 4.2296 4.0757 3.9389 3.9997 4.0000 3.9406 3.7719 3.8805 3.9480 4.0174 3.6740 3.8362 3.8446 3.8600 3.6927 3.7671 3.6803 3.5854 3.6330 4.1339 1.2754 
6.0144 5.9649 5.1798 4.8118 4.4507 4.3308 4.4754 4.4555 4.1904 4.0328 3.6931 3.7883 3.7139 3.9038 3.5522 3.5816 3.2499 3.5085 3.4220 3.6228 3.4309 3.4124 3.2184 3.4689 3.5276 3.6312 3.5521 3.2886 3.1904 3.3921 3.4502 3.7229 2.6316 
6.0728 5.5785 4.7742 3.6500 3.7742 3.5906 1.9171 3.5827 3.5974 2.6883 3.3789 1.9530 3.3381 2.6070 3.2422 2.7186 2.6202 2.6240 3.0788 2.3934 3.0043 1.5411 2.8906 2.0872 2.9370 2.8474 1.0092 2.5289 2.5444 2.1734 3.0107 3.2994 2.8490 
5.7154 5.8175 5.0390 4.6185 4.6352 4.4710 4.1310 4.1067 3.8096 3.9022 3.7083 3.6124 3.5825 3.5138 3.4174 3.5027 3.4623 3.4399 3.2554 3.3051 3.2927 3.2447 3.2405 3.3185 3.1092 3.3562 3.2337 3.4163 3.4267 3.1620 3.2779 3.5781 2.5198 
6.9256 6.6403 5.3487 5.0684 4.9156 4.5256 4.1805 4.0269 4.0397 4.0320 3.9040 3.8749 3.9001 3.7949 3.6979 3.9119 3.8834 3.8216 3.5546 3.5552 3.5540 3.4666 3.4131 3.4684 3.3999 3.2437 3.2945 3.4674 3.6431 3.6041 3.5714 4.3781 3.7087 
5.9764 5.7504 4.6581 3.8669 3.0647 3.1199 2.2102 2.8484 2.4759 3.0897 2.4894 3.1594 2.6533 2.7598 2.0077 2.5028 2.6643 2.4326 1.8598 2.5091 2.3748 2.8062 2.0053 2.5261 1.8177 2.0167 1.3266 2.0552 1.8224 2.3689 2.8858 3.4933 2.7835 
5.8364 6.0805 5.1400 4.7112 4.6542 4.3398 4.3717 4.2170 4.1696 3.6967 3.9706 3.7428 3.9219 3.8103 3.8428 3.6280 3.7168 3.5662 3.6575 3.5683 3.5841 3.3856 3.4857 3.1251 3.5096 3.4559 3.4573 3.2845 3.4431 3.3056 3.3979 3.8250 2.6598 
6.2320 6.1307 4.3444 4.5829 4.2208 4.3622 3.9715 3.6216 3.8673 3.8463 3.4147 3.6483 3.6769 3.9188 3.6195 3.2199 3.2458 3.1279 3.4860 3.6473 3.4075 3.2903 2.9273 3.2654 3.1637 2.8813 3.0519 3.3042 3.0165 3.1149 2.6122 3.8853 3.0570 
6.3244 6.4242 5.5463 5.1907 5.0011 4.7686 4.6782 4.6548 4.4445 4.4848 4.4706 4.2655 4.3161 4.0278 4.1775 4.0389 4.0318 3.9749 4.0409 3.8121 4.0054 3.9097 3.9830 3.9256 3.7431 3.9102 3.7978 3.7147 3.7580 3.7488 3.7743 4.1356 3.0750 
6.0281 6.1268 5.5693 5.1960 4.9822 4.7689 4.6051 4.5309 4.4592 4.2910 4.2871 4.1602 4.2136 4.1453 4.0641 4.0207 3.7976 3.9590 3.9377 3.9522 3.9379 3.7975 3.8242 3.7108 3.7701 3.7401 3.6928 3.7165 3.7226 3.7612 3.8157 3.8870 2.7072 
4.5853 4.9084 3.8407 4.1291 3.7026 3.2237 3.5209 2.7874 2.7525 3.0746 2.5016 2.7281 3.0769 2.7519 2.3843 1.8829 2.3294 1.8200 2.2400 2.5066 2.8044 2.3540 2.0206 2.5066 2.0497 1.9716 2.6042 2.1628 2.4731 2.6803 2.0197 2.6074 1.3813 
5.0217 5.1222 4.0592 3.5586 3.4345 2.9672 3.1869 3.3879 1.8270 1.5309 2.4214 2.8102 2.9340 3.1227 2.4193 2.2267 3.3155 2.1338 2.2996 2.9167 2.6113 2.4049 1.9486 1.0061 1.0694 2.5646 2.3299 1.9037 2.2231 2.0811 2.2208 2.9123 1.5449 
5.7643 5.7028 4.7850 4.2541 3.9476 4.1609 3.9693 3.0116 3.2363 3.4507 3.5866 3.5634 3.5428 3.5161 3.5338 2.9778 2.8869 2.9121 3.4086 3.3041 3.2461 3.1726 3.1028 2.8978 2.5547 2.2621 3.0377 3.1070 2.7098 2.8629 3.0189 3.4488 2.6085 
6.1351 6.5316 5.9285 5.4804 5.1864 5.1038 4.7144 4.8491 4.6672 4.5911 4.5214 4.4853 4.5092 4.4681 4.2980 4.2944 4.1549 4.2046 4.1332 4.2087 4.1792 4.0772 4.0374 4.0252 4.0146 4.0554 3.8416 4.0484 3.9761 3.9994 4.1351 4.2487 2.9737 
5.9546 5.6455 5.5270 5.1715 4.7503 4.8151 4.5747 4.5051 4.3752 4.2537 4.0850 4.1936 3.9314 3.9667 3.9882 3.8580 3.7256 3.7606 3.8526 3.7219 3.5963 3.8338 3.6044 3.6760 3.6696 3.7070 3.6529 3.7638 3.5282 3.7200 3.7539 3.3979 2.6544 
4.2893 6.2734 5.5684 5.1585 4.8811 4.6538 4.5790 4.4501 4.0849 4.0121 4.0519 3.9670 3.7178 3.7901 3.6371 3.8668 3.7430 3.7696 3.5055 3.5492 3.4317 3.5593 3.5719 3.4502 3.4291 3.6215 3.6594 3.5991 3.6174 3.7000 3.8037 4.0380 0.5836 
6.5806 6.4365 5.7742 5.4111 5.1580 5.0624 4.8391 4.6573 4.6143 4.5078 4.4853 4.4424 4.4530 4.4416 4.2360 3.9952 4.0055 3.9355 4.0875 4.1671 4.1157 4.0235 3.9988 3.9472 3.9621 3.9127 3.9427 4.0098 3.9498 3.9584 4.0223 4.1360 3.2820 
6.8459 6.7562 6.0974 5.7199 5.5274 5.3972 5.2487 5.1649 5.0646 4.9376 4.8424 4.7905 4.6601 4.5947 4.6186 4.6196 4.6156 4.5508 4.4876 4.3971 4.3862 4.4361 4.3808 4.3534 4.4230 4.4197 4.3746 4.3454 4.2811 4.2826 4.3417 4.4977 3.5792 
7.0540 6.7545 5.9718 5.5527 5.3632 5.0676 5.0513 4.9318 4.7082 4.6554 4.6188 4.5472 4.5207 4.4761 4.4319 4.2918 4.2002 4.2013 4.2404 4.2218 4.1947 4.1398 4.1352 4.0857 4.0501 4.1172 4.1301 4.0149 4.1260 4.0878 4.1823 4.4948 3.8331 
5.8773 6.4656 5.9111 5.5681 5.2858 5.0932 5.0622 4.9460 4.7541 4.6680 4.5770 4.5624 4.6040 4.4450 4.4362 4.3594 4.2276 4.2644 4.2475 4.1731 4.3066 4.1572 4.0984 4.1103 4.0870 4.1269 4.1379 4.0411 4.0638 4.1056 4.1387 4.1840 2.7241 
6.2045 6.5491 5.6589 5.2331 5.0438 4.9941 4.6677 4.5573 4.4141 4.4718 4.4357 4.3256 4.2392 4.0723 4.1793 4.0656 4.0528 3.9987 4.0420 3.8781 3.9540 3.9456 3.9442 3.9150 3.7048 3.7797 3.7810 3.9406 3.8234 3.8066 3.9286 4.2507 2.9945 
7.4157 7.0506 6.1754 5.7887 5.5393 5.3532 5.2465 5.0454 4.9636 4.9174 4.8598 4.7949 4.6638 4.6204 4.4968 4.5543 4.5112 4.4923 4.3491 4.4323 4.3952 4.4387 4.3992 4.3348 4.2573 4.2507 4.3713 4.3011 4.3001 4.3680 4.4487 4.7214 4.1648 
7.0414 6.7170 5.7107 5.3490 4.9338 4.8583 4.7360 4.5522 4.6043 4.5074 4.3177 4.0905 4.2946 4.0895 4.0268 4.0622 3.9286 3.9964 3.9088 3.9002 3.9910 3.6977 3.8532 3.9465 3.9536 3.7753 3.8627 3.8091 3.6603 3.9205 3.9641 4.4627 3.7919 
7.0249 6.7445 5.7685 5.2505 5.0601 4.8101 4.7109 4.6815 4.6636 4.5308 4.5073 4.3601 4.0995 4.0368 4.0932 3.9352 4.1321 3.8643 3.9618 3.8253 3.8047 3.9651 4.0215 3.9682 4.0087 3.9394 3.8377 3.7607 3.8457 3.8292 4.0191 4.4868 3.7978 
7.0947 7.0941 6.2166 5.8470 5.6086 5.5087 5.3451 5.2204 5.1300 5.0706 5.0273 4.9316 4.7891 4.7671 4.7087 4.6553 4.6345 4.5835 4.5705 4.5477 4.4970 4.5198 4.5417 4.5079 4.4798 4.4732 4.4594 4.4553 4.4105 4.4333 4.4774 4.7984 3.8628 
6.9096 6.8191 5.9773 5.5468 5.3845 5.2194 5.0901 4.9842 4.8945 4.6751 4.6774 4.6740 4.6299 4.5490 4.5164 4.5112 4.4441 4.4539 4.3816 4.3309 4.3405 4.3098 4.2072 4.1183 4.1926 4.1599 4.1693 4.1669 4.1357 4.0835 4.1784 4.5624 3.6937 
6.9553 7.0910 6.4105 6.0804 5.7985 5.5970 5.5641 5.4133 5.3098 5.2148 5.1552 5.1197 5.0599 5.0243 4.9768 4.8908 4.7749 4.7956 4.7974 4.7810 4.7380 4.7206 4.6675 4.6559 4.6381 4.6104 4.6435 4.5435 4.5784 4.6134 4.6420 4.7971 3.6742 
6.7770 6.6571 5.7591 5.3822 5.2779 5.0184 4.7643 4.7426 4.5771 4.5770 4.3547 4.3562 4.3288 4.3056 4.2722 4.1609 4.1312 4.0974 4.1178 4.0693 4.0147 3.9643 3.8926 4.0123 3.9309 3.9803 3.8986 3.9620 4.0576 3.9410 4.0232 4.4116 3.5759 
6.6546 6.2501 4.6505 4.6100 4.3686 4.2488 4.1778 4.1816 3.9581 3.9825 3.0789 3.5038 3.5776 3.5089 3.6186 3.6661 3.6300 3.6005 3.4884 3.3026 3.2927 3.1037 2.5897 3.4183 3.2864 3.4283 3.3048 3.2103 3.1056 3.1538 2.9408 3.9925 3.4661 
6.6574 6.5467 5.5908 5.0668 4.7319 4.3241 4.6004 4.2967 4.2556 4.1369 4.0100 4.0554 3.9579 3.9097 3.7826 3.7560 3.6776 3.6667 3.6114 3.6318 3.6195 3.6530 3.5289 3.5743 3.5842 3.5069 3.6890 3.2709 3.5115 3.6002 3.8407 4.2324 3.4528 
6.0789 6.0390 5.2707 5.1174 4.7477 4.2682 4.4193 4.3142 4.3322 4.1067 4.2478 3.9326 3.9888 3.9336 3.6120 3.6864 3.6854 3.6089 3.4802 3.6701 3.6617 3.5165 3.7823 3.5392 3.6332 3.5234 3.4836 3.2159 3.5217 3.6522 3.5254 3.7350 2.8234 
6.7681 6.6774 5.8862 5.5042 5.2702 5.0942 4.9750 4.9447 4.8124 4.5945 4.5625 4.5748 4.4999 4.3996 4.3446 4.3538 4.2761 4.2591 4.1651 4.1338 4.1658 4.1721 4.0825 4.0274 4.1315 4.1257 4.0400 4.0402 4.0498 4.0262 4.1133 4.4368 3.5212 
6.2449 6.1186 5.4156 5.0408 5.0129 4.8069 4.5976 4.2856 4.0418 4.1279 4.0640 4.1524 4.1343 3.9652 3.7814 3.9789 3.9576 3.9217 3.6122 3.7180 3.8628 3.7896 3.5880 3.5618 3.3977 3.5002 3.6803 3.7514 3.7802 3.5892 3.6419 3.8717 3.0778 
5.6217 6.5130 5.7700 5.4869 5.2501 5.0915 4.9134 4.7937 4.7169 4.6378 4.5221 4.4911 4.4491 4.2868 4.2850 4.2134 4.3185 4.1360 4.1280 4.0546 4.1095 4.0837 4.0385 4.0688 4.0571 4.0158 3.9889 4.0377 4.0326 4.0037 4.0161 4.2134 2.1127 
5.8285 6.0242 5.3331 4.9628 4.5976 4.5573 4.5479 4.3943 4.1069 4.2320 4.1616 4.1491 3.9513 3.8425 3.9054 3.9305 4.0139 3.8560 3.7149 3.5905 3.6116 3.7830 3.6915 3.6571 3.4507 3.5821 3.6208 3.5045 3.4005 3.4778 3.5615 3.7445 2.6584 
4.8275 6.6739 6.0162 5.6597 5.4594 5.2583 5.1053 4.9940 4.9687 4.8596 4.7708 4.6956 4.6427 4.5213 4.5496 4.5127 4.4543 4.4552 4.4325 4.2906 4.3562 4.3334 4.3049 4.2788 4.2658 4.1750 4.1863 4.2047 4.1896 4.2019 4.2070 4.4505 1.2088 
4.9722 6.8789 6.2986 6.0204 5.7120 5.5184 5.3586 5.2401 5.1729 5.1529 5.0352 5.0119 4.9335 4.8941 4.8789 4.7758 4.7624 4.6902 4.6977 4.6430 4.5946 4.6033 4.5503 4.5851 4.5150 4.4868 4.4669 4.4643 4.4994 4.5394 4.5516 4.6285 0.8311 
6.1703 6.8913 6.2403 5.9629 5.7153 5.5358 5.4424 5.2450 5.1780 5.0828 5.0002 4.9240 4.8863 4.8834 4.7963 4.8225 4.7638 4.7332 4.6428 4.6350 4.5622 4.5159 4.5123 4.5191 4.5185 4.4904 4.5172 4.4820 4.5057 4.5016 4.4967 4.6336 2.8681 
6.5746 6.8419 6.2194 5.9008 5.6347 5.4986 5.2652 5.1906 5.1230 5.0464 4.9376 4.9142 4.8018 4.7281 4.7268 4.6579 4.6191 4.5874 4.5859 4.5192 4.5052 4.5098 4.4557 4.4849 4.4739 4.4483 4.3935 4.4440 4.4383 4.4628 4.4763 4.5837 3.2120 
6.0932 7.0262 6.2862 5.9862 5.6479 5.6162 5.4323 5.2415 5.2187 5.1589 5.0765 5.0344 4.9309 4.9061 4.8102 4.7950 4.7238 4.7075 4.6542 4.6520 4.5927 4.6305 4.5948 4.5907 4.5636 4.4881 4.5106 4.5635 4.4500 4.5137 4.5425 4.7361 2.7907 
4.1512 6.7258 6.1034 5.8335 5.6343 5.4447 5.1961 5.0974 5.0444 5.0129 4.9633 4.8699 4.7333 4.7304 4.6032 4.6169 4.5994 4.5480 4.4750 4.5206 4.4607 4.4825 4.4724 4.4535 4.3918 4.3265 4.3101 4.3923 4.4379 4.4204 4.3490 4.4912 1.7807 
