3.4801 3.2653 2.6114 1.6086 2.2504 2.1462 1.3127 1.6738 1.5712 1.3103 1.1846 2.2157 1.9540 1.7961 2.1380 1.9845 1.1606 1.8954 1.9285 1.5573 1.6429 1.7329 0.6274 0.6452 0.7491 0.7086 0.2751 0.9198 0.7549 -0.1236 0.5449 0.6494 -0.4145 
3.1548 3.3194 2.5601 2.6366 2.2716 2.0113 1.7626 1.0223 1.1351 1.8115 1.2098 1.1827 1.9314 1.0946 0.6286 1.5333 0.4685 1.4230 0.4782 0.8032 1.6284 0.7246 0.6365 1.1471 0.3878 0.0337 0.6650 0.7792 0.8091 0.9445 0.5413 0.6443 -0.6059 
4.4160 3.4540 2.8907 2.4777 1.2207 1.1937 1.9232 1.8846 1.8471 1.1659 1.5769 1.6392 1.6253 1.0418 1.8492 1.6300 1.2040 1.5143 1.6951 0.7265 1.2158 1.1461 1.0232 0.4985 1.0780 1.0094 0.8904 -0.0484 -0.2018 0.7610 0.7760 0.6593 0.5658 
3.7543 3.7409 3.1419 2.9473 3.0680 2.3599 1.8401 2.1724 2.3369 2.3578 2.3850 1.9180 2.1987 2.1537 1.9739 1.7344 0.0361 1.6618 1.8071 1.8612 1.8048 1.4924 1.8158 1.6970 1.5659 1.2239 0.7683 1.1160 1.6537 1.2252 1.0993 1.0805 -0.1241 
2.4701 2.5751 2.1523 2.4335 0.4197 1.1341 1.1528 0.6480 0.3260 0.6503 0.7446 0.7841 1.7801 -0.5723 0.5470 1.0792 -0.4215 1.0142 0.4009 -0.7511 1.4161 0.3502 0.2059 -0.0100 -0.5165 -0.2315 0.0807 -0.1039 -0.9413 0.7027 0.0926 -0.0856 -1.1889 
3.4527 3.0040 1.7905 2.4709 1.9094 0.1853 1.6789 1.6802 1.6251 1.1561 2.1308 2.2458 2.0949 1.6664 1.0116 0.4214 1.5920 0.3648 0.7844 1.3551 1.7340 1.7496 1.5950 0.4823 0.7995 0.7232 0.5962 -1.0526 0.4745 0.7725 -0.2354 0.4171 -0.4375 
4.4315 3.8708 2.8951 2.2140 1.7930 2.0073 2.0324 2.4754 2.2649 1.6730 2.0839 2.3639 1.7809 1.7817 1.7628 1.6379 0.5839 1.5283 1.6266 1.5312 1.4070 1.8921 1.5397 1.0152 1.4421 1.5942 1.0200 0.7659 0.3820 0.4953 0.7720 1.1793 0.6031 
4.3151 3.5661 2.6282 1.9875 2.0876 2.4415 2.4178 1.5118 1.9511 1.8630 2.1896 1.9052 1.2141 1.3893 0.5965 1.2882 -1.6956 1.2139 0.4453 1.1311 0.8723 1.4674 1.6386 1.1933 1.1791 0.5719 1.3339 1.2054 0.6397 0.3457 0.5647 0.8900 0.4972 
2.9389 3.8727 2.7930 2.6318 2.3490 2.1955 1.8939 1.7545 2.0054 2.0682 -0.2125 1.7717 1.0648 0.9463 1.5218 1.5167 0.1756 1.4025 1.3145 0.6503 0.6548 1.2946 -0.8382 1.3810 1.2241 0.8323 0.8307 0.9674 0.9038 0.9704 0.6805 1.2234 -0.8006 
3.9313 3.2124 1.6224 2.3473 1.8886 1.8449 2.2793 1.7856 1.2648 1.8320 1.6967 1.4195 1.3467 1.6422 1.6255 1.8816 -0.0445 1.7970 1.4030 1.3216 1.0301 0.9990 1.1213 1.1670 0.4836 0.8631 1.1847 0.5977 0.4682 0.6337 -0.5795 0.5271 0.0790 
2.9261 3.6580 3.1077 2.6500 2.0640 1.0174 1.4921 1.9261 1.9144 0.6517 1.1808 1.8087 -1.2683 1.5163 0.8543 1.2130 1.1804 1.1339 0.6596 1.2253 -1.5452 1.3373 0.6135 0.0070 1.1412 1.0502 0.4399 -0.2468 0.6005 0.9824 1.0529 1.0461 -0.8093 
4.6838 4.1567 3.5855 3.0770 3.1226 2.9341 2.5151 2.5240 2.3669 2.3711 1.0087 2.0063 2.3443 2.3300 1.9515 1.7021 -0.2047 1.6380 1.7854 2.0456 1.9592 1.5940 0.4163 1.7080 1.6067 1.6527 1.4539 1.6943 1.6961 1.3627 1.5225 1.4300 0.7919 
4.4171 3.3061 1.9818 2.2562 2.4291 2.4069 2.0499 1.8710 1.4661 2.0023 1.7471 1.3788 0.7860 0.8563 1.1314 1.1940 1.1883 1.1171 0.9961 0.5812 0.4512 0.9625 1.1799 1.3249 0.6564 0.9933 1.0163 1.1626 1.0180 0.5113 -0.0930 0.5645 0.5767 
3.6491 3.0792 2.1683 1.9782 1.2815 0.6508 1.8255 0.8134 1.4318 1.6847 -0.7891 0.7466 1.0715 1.0764 0.3969 0.8876 1.2025 0.7832 0.2028 0.7790 0.6824 0.3243 -1.2426 1.0270 0.6400 -0.0682 0.7521 -0.5394 -0.1333 0.2702 0.0878 0.4950 -0.2066 
4.1351 3.4012 2.4564 0.7836 1.6479 1.8556 1.0827 1.6627 1.9008 1.7016 1.3252 1.6941 2.2214 1.8550 1.5228 1.6740 1.8885 1.6019 1.3073 1.6298 1.8213 1.2161 0.7724 1.0407 1.1300 0.6998 -0.0021 0.6145 0.1553 -0.8689 0.4128 0.6521 0.2648 
3.5442 3.1381 2.7736 1.9329 1.7864 2.2843 2.3243 1.8422 1.8904 1.8522 1.7420 1.0566 1.1674 2.0103 1.3982 1.2773 0.8690 1.1983 1.2238 1.7535 0.8076 0.5762 1.1688 1.1832 1.1165 0.9472 1.2366 1.0457 0.3968 0.2263 0.6922 0.5260 -0.2879 
3.8236 3.8903 3.5082 2.6960 2.8123 2.6233 2.0166 2.0489 2.4049 1.9597 1.7250 0.7915 1.8964 1.5771 1.5871 0.9410 1.7576 0.8424 1.3634 1.2691 1.5781 0.3950 1.1534 1.2799 1.6476 1.1388 0.9975 1.3745 1.3251 1.0183 1.3901 1.2195 -0.0515 
0.3504 3.9638 3.3917 3.2596 3.6460 3.3667 3.0060 3.1126 2.6920 1.2460 2.5152 2.6026 2.8907 3.0358 3.2256 2.9546 2.5401 2.8868 3.0581 2.7935 2.4929 2.1818 1.9476 0.5862 1.8900 2.2329 1.9153 2.1210 2.2397 1.6118 1.2746 1.2838 -2.3292 
4.2570 3.5678 2.4155 2.0054 2.8580 1.1831 2.0146 2.6500 2.6068 2.4873 2.6056 2.8351 2.3811 1.4859 2.0040 1.7553 1.8964 1.6842 1.8359 1.2068 2.0026 2.3520 2.0580 1.8216 1.8255 1.7406 0.9731 -0.0236 1.3544 0.3634 0.3697 0.8520 0.4348 
4.5602 4.0954 3.5368 2.9059 2.2062 2.8164 2.2559 2.4138 2.0888 1.1952 2.3047 1.8916 1.8941 1.1069 0.6729 1.5485 2.0150 1.4377 0.5276 0.8248 1.5718 1.4374 1.7320 0.5460 1.2749 1.5100 1.1463 1.5774 0.7156 1.1661 1.4388 1.3461 0.6915 
3.9088 3.0555 2.5307 1.7342 2.1375 2.3872 1.2693 2.0234 1.8563 1.7345 1.1001 1.8257 0.6218 1.8179 0.5977 0.8939 1.2674 0.7810 0.4456 1.5831 0.2899 1.3568 0.5251 1.0759 1.0797 1.1194 0.2022 1.1452 0.6616 -0.0013 0.4729 0.4552 0.0712 
3.3877 2.8110 1.9894 2.0668 0.8829 1.8482 0.8385 0.9729 2.0558 2.0178 1.0234 2.3348 2.0437 1.9375 1.0371 -0.2742 1.3602 -0.3815 0.8324 1.7009 1.7000 1.8593 0.4523 1.3359 1.2637 0.0175 -0.1949 0.6078 -0.6144 0.3912 -0.0467 0.0601 -0.4372 
3.5084 2.8099 1.7852 1.7165 2.9166 2.4137 2.2004 1.0515 1.8975 0.9405 1.8263 1.3792 1.6768 0.9002 1.1404 0.2743 0.0340 0.1597 1.0041 0.6069 1.2777 0.9632 1.2639 0.2705 1.1252 0.0844 1.1073 1.1693 1.4501 0.0201 -0.2693 0.0447 -0.4182 
3.9024 3.8409 3.3275 2.5128 2.2786 1.9606 1.1146 1.9021 2.3547 1.8121 1.6853 1.1649 1.7049 1.9703 1.2203 0.4701 0.9019 0.4098 1.0600 1.7259 1.3102 0.7009 1.1116 1.1389 1.5934 1.0315 0.0347 0.7082 0.8088 0.7966 1.2347 1.1775 0.0159 
4.8283 3.7889 2.5453 2.7532 2.5517 1.3133 1.9615 1.4514 1.3863 1.8810 1.5501 1.0505 1.2106 1.0234 1.7464 0.9658 -0.1825 0.8415 1.6041 0.7020 0.8640 0.5677 1.0056 1.2139 0.6038 0.5385 0.9382 0.0764 1.1255 1.0471 0.4757 1.0751 0.9739 
3.0604 3.4621 2.4591 2.1217 2.3468 1.9641 1.4650 1.5555 1.9125 1.6042 1.9001 1.7598 1.0716 1.3798 0.5155 1.5831 1.2170 1.4741 0.3827 1.1218 0.6799 1.2808 1.3452 0.9182 1.1422 0.5956 0.4123 0.7019 0.9122 0.4529 0.3563 0.8122 -0.9066 
4.4176 3.8783 3.1989 2.6699 2.4552 2.0028 2.4709 1.7486 1.8539 2.1591 1.9516 2.2424 1.4046 1.9825 1.2122 1.9096 1.2044 1.8378 1.0563 1.7361 1.0598 1.7485 1.4008 1.4752 1.0880 0.8211 1.4036 0.7547 1.0423 1.0056 1.1415 1.1823 0.5760 
3.9929 3.0628 1.5027 2.1722 1.1080 0.2545 1.4333 1.0772 1.1823 1.1501 1.0785 1.3798 1.5936 1.7081 1.6731 0.8331 1.0416 0.7190 1.4790 1.4227 1.1983 0.9693 0.5083 0.4826 0.4187 0.1478 0.3982 -0.9366 -0.3576 0.4651 -0.5534 0.4539 0.1305 
4.3233 4.1320 3.4690 2.9297 2.5156 2.6567 2.3629 2.2842 2.5071 1.7966 2.0485 1.2782 1.8514 1.1918 2.0520 1.5042 1.6741 1.3948 1.8717 0.9608 1.5079 0.8383 1.5019 1.1267 1.7292 1.3247 1.2750 1.4136 1.0957 1.1974 1.3377 1.4079 0.4690 
3.8701 0.3126 2.8934 2.6274 3.3563 2.2697 1.6512 2.6150 2.5231 2.3521 1.0635 2.8881 2.2280 2.7272 2.2433 1.4158 0.4049 1.3042 2.0239 2.4442 1.8214 2.3988 0.4828 1.6918 1.7535 1.7192 0.5462 1.0087 1.8921 1.0023 0.8339 -2.0258 -0.0814 
4.1432 3.2429 2.1311 1.6345 2.5002 1.4695 1.5067 1.9491 1.8904 1.1992 1.2690 1.6233 1.1621 1.7440 0.0687 0.3850 1.1821 0.2706 -0.1065 1.4763 0.7966 1.1316 0.6965 0.5382 1.1075 1.0650 0.4496 0.2106 1.0777 -0.0743 -0.0115 0.6199 0.3035 
3.5056 3.7277 2.4315 2.2770 1.0846 1.8717 0.7764 1.8955 2.1744 2.0301 1.2101 0.1627 1.1118 0.4931 0.0849 2.0540 -0.1233 1.9488 -0.0545 0.2264 0.7276 -0.2458 0.6448 1.3443 1.3468 1.0224 -0.2341 0.6253 -0.3090 0.5270 0.3645 1.0798 -0.2540 
2.9403 3.4954 2.3965 2.7957 2.2692 2.1025 1.9309 1.4170 1.7264 1.9275 2.1730 1.7702 1.7248 1.0440 1.8445 1.1157 -0.7203 1.0395 1.6909 0.7441 1.3427 1.2842 1.6283 1.2706 0.9624 0.4952 0.8995 0.8580 0.7793 1.0810 0.3426 0.7810 -1.0648 
4.1117 3.7438 3.1197 2.3455 2.3871 2.0995 2.3156 1.8265 1.5726 2.4176 2.1642 2.5190 2.4265 1.5987 1.7221 1.8211 1.3828 1.7431 1.5611 1.2766 2.0678 2.0762 1.6232 1.7531 0.7440 0.9263 1.2268 0.8577 0.9664 0.6326 1.0565 1.0728 0.1487 
4.5000 3.7301 2.2898 2.3193 2.4205 2.0098 1.3139 1.5342 1.9704 1.6671 2.0095 0.8468 1.3705 1.7793 1.7234 1.2857 1.0412 1.2197 1.5570 1.5325 1.0495 0.4050 1.4597 1.0144 1.1950 0.5828 0.3064 0.7634 1.0142 0.6090 0.1715 1.0527 0.6621 
3.6056 3.9432 2.5520 2.6585 2.2923 2.5938 2.3940 1.8710 2.3668 2.4020 2.3505 2.2348 1.3617 1.4113 1.7171 1.6408 1.4478 1.5335 1.5558 1.1535 1.0417 1.7397 1.7816 1.7378 1.6096 0.9927 1.3044 1.3529 0.8146 0.9940 0.4927 1.2586 -0.3104 
4.5343 3.8772 3.0340 1.8281 2.4194 2.3350 0.9781 2.2793 2.1993 1.4879 1.6115 1.7473 2.0430 1.5269 2.3041 1.6323 2.0833 1.5216 2.1194 1.2364 1.7006 1.2761 1.0409 0.7946 1.3698 1.3176 -0.1464 1.0951 1.0136 0.1576 0.9954 1.1777 0.6694 
3.5101 2.8082 2.4296 0.9783 1.8931 1.7082 0.7837 -0.2865 0.5320 1.3324 1.0550 -0.1729 0.5114 1.0875 0.2026 0.2712 0.3888 0.1766 0.0067 0.8005 0.1448 -0.6422 0.4777 0.6602 -0.2166 -1.2514 -0.2597 0.4673 0.4789 -0.7623 0.3904 0.1826 -0.3834 
1.4573 3.5719 1.8410 1.8936 2.3376 1.8815 1.8248 1.2676 1.2800 1.1329 1.4935 1.4779 0.6544 0.7543 0.4937 1.5640 1.3153 1.4550 0.3670 0.5096 0.3190 1.0346 0.9565 0.4750 0.5014 0.3917 0.7457 0.6413 0.9133 0.1691 -0.3457 0.9431 -3.8935 
4.1767 3.4277 2.9728 2.4721 2.5814 2.5864 2.3178 2.2165 1.9945 1.9017 1.8397 1.6259 1.4172 0.1927 0.4129 -1.2731 -0.2579 -1.3530 0.2088 -0.0737 1.0717 1.1254 1.2721 1.2417 1.2088 1.2551 1.2291 1.3446 1.1543 0.7668 0.9193 0.6684 0.3525 
3.3687 3.1939 2.3494 1.1129 2.0838 1.7383 2.3655 1.3521 0.4825 0.8002 1.0149 1.1404 1.1271 -0.4876 1.2754 1.1670 0.8877 1.0915 1.1215 -0.7634 0.7587 0.6576 0.4255 0.1267 -0.2666 0.4510 1.2761 0.5061 0.6386 -0.5906 0.2120 0.5977 -0.5729 
3.0918 1.9696 2.4946 1.3724 1.5192 0.8447 1.1568 1.2099 0.9863 0.4951 0.7264 1.0106 1.3256 0.5740 0.9107 0.9550 0.1643 0.8374 0.7069 0.3205 1.0234 0.5054 0.2035 -0.1893 0.1832 0.3169 0.0392 -0.4725 0.0139 -0.2005 0.4307 -0.5250 -0.9685 
3.6795 3.2007 2.8313 2.2541 2.5061 1.7345 1.4176 1.9559 1.3356 1.2354 1.7670 2.1969 0.7810 1.0059 1.3790 1.1624 0.9446 1.0871 1.2058 0.6713 0.4470 1.7165 1.2001 0.5602 0.5524 1.0664 0.3878 0.4823 1.0752 0.5001 0.7277 0.5148 -0.1867 
3.6527 3.6483 2.7400 2.8098 2.2681 1.5777 1.2798 2.3206 2.1741 1.1626 1.5348 1.8242 0.8172 0.6539 1.3843 0.6530 1.4265 0.5815 1.2117 0.4240 0.4735 1.3548 0.9946 0.4978 1.3427 1.3748 0.2347 0.3463 0.7764 1.0807 0.6583 0.9922 -0.2445 
3.9303 3.1101 2.3364 1.7209 0.8987 2.0835 2.0600 1.8374 0.2517 -0.2353 1.7078 2.2084 1.2756 1.6657 1.6535 1.3551 1.1727 1.2716 1.4469 1.3609 0.9455 1.7259 1.1405 -0.8915 -0.5538 0.9440 1.0244 0.8480 -0.5811 -0.0184 0.2920 0.4276 0.0925 
3.1408 3.0835 2.2801 2.6215 2.5494 2.0473 2.1731 0.9696 1.1505 1.2724 0.4002 1.3192 0.5520 1.2644 1.3231 0.9277 1.7443 0.8259 1.1631 1.0367 0.1660 0.8971 -0.1840 0.6019 0.3985 -0.0107 1.0887 0.8095 1.1246 0.9746 0.1814 0.4868 -0.7316 
3.5810 3.5469 2.8929 2.3529 2.3301 2.4591 2.0049 2.2980 2.0516 1.3521 2.2794 1.6439 1.5161 2.1271 1.7892 1.2454 2.0563 1.1643 1.6458 1.8421 1.1441 1.1517 1.7042 0.6669 1.2608 1.3414 0.9797 1.2187 0.9034 0.6252 0.8026 0.8575 -0.2198 
2.9390 3.3202 2.8528 1.9884 1.6715 1.5541 1.5891 1.7674 0.8184 1.5581 1.6444 1.4247 1.3755 1.0839 0.6319 1.2454 0.5648 1.1619 0.4744 0.7942 1.0490 1.0081 1.0669 0.8773 0.0239 0.8463 0.4970 0.3155 0.2015 0.3093 0.7351 0.6480 -0.7092 
2.2194 3.4705 2.4673 2.2165 1.9054 2.3909 2.8533 1.9830 1.8326 1.1581 1.1860 1.5519 1.9808 1.8467 1.0428 1.0434 0.9359 0.9633 0.8413 1.6206 1.6618 1.0825 0.6176 0.4976 1.0627 1.0853 1.7496 1.1578 0.5061 0.4742 0.4227 0.7865 -1.6055 
3.3968 3.2206 2.8828 1.5826 1.6162 1.5539 1.8965 0.8452 0.5863 -0.2561 1.0919 1.2235 0.5205 1.3005 -0.0870 0.8193 0.5528 0.7117 -0.2087 1.0701 0.1574 0.7572 0.5205 -0.9624 -0.1865 -0.0723 0.8409 0.3324 0.1221 -0.1631 0.7467 0.5625 -0.3704 
3.2145 3.4534 2.5313 1.6020 2.4738 2.4842 2.2699 1.4579 1.0095 1.1998 0.8966 1.3012 0.5392 1.3308 1.6773 1.1324 1.3902 1.0633 1.4864 1.0899 0.1808 0.8687 0.3535 0.5249 0.1842 0.5445 1.1615 1.2366 1.0613 -0.1551 0.4774 0.7807 -0.5858 
3.3376 2.9330 1.8749 1.7205 2.4592 2.0943 2.1110 0.9068 1.1149 2.2503 1.6846 0.6024 1.2850 1.1687 1.6231 1.0491 0.7250 0.9736 1.3929 0.9124 0.9753 0.1325 1.1075 1.5625 0.3369 -0.0269 1.0508 0.8397 1.0386 0.0263 -0.0901 0.2499 -0.7884 
3.7038 3.1976 2.9478 3.0427 2.4001 1.8334 2.2561 1.8394 1.6790 1.3348 1.1507 1.2989 0.4369 1.6072 1.7543 1.7551 1.8684 1.6836 1.6120 1.2825 0.0353 0.8653 0.5840 0.6583 0.8773 0.9510 1.1564 0.5940 0.9872 1.3124 0.8490 0.5045 -0.2358 
3.7606 3.5102 1.7366 2.3555 1.7755 2.6245 1.9751 2.1148 0.4454 -0.7156 0.1018 1.6954 1.6503 1.9580 1.1362 -0.0268 -0.8302 -0.1189 0.9884 1.7165 1.2526 1.2189 -0.4321 -1.3707 -0.3519 1.1798 0.9449 1.3839 0.3818 0.6450 -0.3309 0.7827 -0.0696 
4.3064 3.5174 1.5250 2.4324 2.2551 1.7295 1.9075 1.7187 1.3367 1.3077 1.1556 0.4858 0.8612 0.8716 -0.5227 0.7653 1.2955 0.6611 -0.6733 0.5827 0.4913 0.0061 0.5839 0.6473 0.5523 0.7807 0.8635 0.4937 0.7551 0.7091 -0.5497 0.7488 0.4584 
3.1752 3.3545 2.4016 2.5026 1.7449 1.8147 0.8646 0.5715 1.6356 0.5859 1.5704 1.7623 2.2863 1.9042 2.2436 1.5413 -1.0454 1.4259 2.0159 1.6790 1.8924 1.2887 1.0232 -0.0579 0.7982 -0.2900 -0.1733 0.5864 0.2748 0.7903 0.4029 0.7104 -0.7216 
2.7292 3.3805 2.8818 2.0938 2.3239 1.8783 1.7244 1.1190 1.8733 0.6069 1.2631 1.6315 0.5266 0.9032 0.7623 1.5720 1.5381 1.4636 0.5979 0.6066 0.1561 1.1337 0.6974 -0.0687 1.0958 0.2177 0.6389 0.6444 0.8773 0.3957 0.7348 0.6973 -0.9270 
4.0947 3.0366 2.3152 2.3893 2.0489 2.2460 2.0082 1.9539 1.3490 1.1593 1.3187 0.9516 1.3273 1.1157 0.7384 0.4530 1.2807 0.3950 0.5710 0.8437 1.0216 0.4735 0.7708 0.4968 0.5622 1.0661 0.9938 1.0072 0.6047 0.6562 0.2363 0.3724 0.2028 
2.2510 3.3975 2.9594 2.9886 2.3442 2.1833 2.6600 2.0146 2.5050 1.9766 2.2055 1.9016 -0.3552 2.1257 2.0192 2.2760 2.1783 2.1863 1.8445 1.8433 -0.7678 1.4644 1.6454 1.2976 1.7292 1.1164 1.6346 0.9510 0.9140 1.2708 0.9344 0.7166 -1.3776 
4.3835 3.6701 2.8549 2.2709 2.2687 2.2982 1.5338 1.9364 0.9508 1.4030 1.7987 1.4587 1.6629 0.4249 1.0818 1.2048 0.6028 1.1234 0.9091 0.1227 1.2657 1.0294 1.2330 0.7288 0.1196 1.0546 0.4630 1.0585 0.7749 0.5454 0.7136 0.9965 0.5369 
3.9863 2.6957 2.6057 1.6523 0.0676 1.0130 1.7664 1.0145 1.3526 0.7009 0.5383 1.0832 1.3704 0.4979 1.2496 0.2497 0.9607 0.1209 1.0908 0.2399 1.0490 0.5990 -0.0515 0.0522 0.5679 0.0239 0.6843 -0.1973 -1.3966 -0.1367 0.5704 0.1533 0.0492 
3.3683 3.6572 2.5723 2.6550 0.9700 1.7448 2.0585 1.3366 1.6697 1.6674 1.2489 1.8651 1.8800 1.6924 0.8338 0.2744 1.0764 0.1934 0.6322 1.3999 1.5473 1.4119 0.6736 1.0037 0.8787 0.4448 1.0189 0.4992 -0.6145 0.9778 0.4924 1.0288 -0.3733 
4.2652 3.0110 2.5003 2.4091 1.6920 1.2620 1.8904 1.4421 1.2743 1.7024 1.2830 1.4785 1.4074 0.8099 1.0816 0.8952 0.1780 0.7845 0.9082 0.5372 1.0677 1.0399 0.7275 1.0411 0.5081 0.5234 0.8305 0.0310 0.2206 0.6850 0.4595 0.3034 0.4455 
2.7421 3.0464 1.8761 2.3743 2.3777 -1.0843 2.0278 0.9939 1.4797 1.7149 0.9767 0.9299 0.4790 -0.5930 1.1627 0.4350 0.6746 0.3841 1.0194 -0.8155 0.0930 0.4653 0.3953 1.0565 0.6753 0.0380 0.9963 -2.8105 0.9806 0.6399 -0.0502 0.4511 -1.6310 
3.6697 3.4348 2.3223 2.4315 2.3523 1.8909 1.7931 1.6188 1.1691 1.7689 0.5523 0.8034 1.7824 1.3821 0.5955 1.1561 1.1473 1.0814 0.4463 1.1253 1.4201 0.3923 -0.0207 1.1034 0.4172 0.6468 0.7045 0.6438 0.9139 0.7168 0.2121 0.7038 -0.1570 
3.6023 3.3530 2.5344 2.1654 2.5536 1.7471 1.9952 1.8603 1.8241 0.9124 0.4846 1.0680 0.4105 0.9424 0.5429 1.2810 1.7212 1.2087 0.4088 0.6435 0.0261 0.5821 -0.0899 0.2493 1.0541 0.9822 0.9672 0.4993 1.1315 0.4601 0.5059 0.7018 -0.2078 
3.5741 3.4996 2.7338 2.5536 1.3661 2.4042 1.6449 1.1831 1.1796 2.0578 0.5935 1.6847 1.2825 0.4873 1.2802 1.3030 -0.5115 1.2274 1.1273 0.2145 0.9668 1.2054 0.0339 1.3754 0.4216 0.2953 0.5315 1.1644 -0.0393 0.8678 0.6505 0.7792 -0.2278 
4.3645 2.9891 2.9933 1.9008 -0.2130 -0.3144 1.7119 1.6811 2.0057 0.8090 1.2831 1.6130 1.3184 1.0947 1.9242 1.3719 -0.1365 1.2760 1.7692 0.8312 1.0082 1.1225 0.7374 0.1252 1.2238 0.7362 0.6376 -1.5707 -1.8527 0.2252 0.9514 0.1825 0.4844 
3.1186 2.9470 1.5110 1.6445 0.8285 2.1124 1.7610 1.1851 1.3958 -0.0863 0.7280 0.8580 0.9423 0.8472 1.6953 0.9605 1.6201 0.8719 1.5141 0.5765 0.5530 0.4165 0.1795 -0.7892 0.6068 0.3112 0.6580 0.8806 -0.5752 -0.0707 -0.4949 0.3686 -0.8215 
3.7665 3.0530 2.3647 1.8072 1.9146 1.8963 2.2657 2.0493 1.7906 1.4088 1.6966 -0.2582 0.7634 1.5060 1.5647 0.4645 1.2830 0.3971 1.3413 1.2207 0.4314 -0.7851 1.1230 0.7190 1.0323 1.1361 1.1608 0.6618 0.4910 0.1015 0.3005 0.3939 -0.0438 
3.7441 3.1720 2.6786 2.1350 1.2814 1.3198 1.0897 0.7457 1.5344 0.1263 1.3354 2.1004 1.5806 1.2227 1.0330 1.7848 1.8020 1.7123 0.8389 1.0045 1.1845 1.6607 0.7843 -0.5357 0.7062 -0.1546 -0.0096 0.0586 -0.1461 0.4069 0.6159 0.5903 -0.1256 
3.8281 3.6800 3.2998 2.4260 1.3027 1.4742 1.4429 1.9016 1.6940 1.7154 1.3662 -0.2102 0.9552 1.8913 0.6437 1.6688 2.0333 1.5947 0.4674 1.6605 0.5554 -0.7230 0.8095 1.0560 0.8965 1.0345 0.4008 0.2337 -0.0751 0.6760 1.2165 1.0393 -0.0014 
3.9712 2.9530 1.8390 2.1041 1.4340 1.8909 1.6947 1.2089 -0.2056 1.8635 0.8764 -0.4657 1.5395 1.9235 1.9318 1.8490 1.6438 1.7671 1.7716 1.6927 1.1594 -0.8908 0.3183 1.1951 -0.9766 0.3090 0.6057 0.6519 -0.0097 0.4133 -0.1634 0.2937 0.1109 
2.6011 3.6249 2.9177 2.5557 2.2942 2.2476 1.9963 1.2225 2.0159 1.6801 0.8632 1.6769 1.7570 1.6677 0.7104 1.3914 1.9012 1.2961 0.5667 1.3611 1.3777 1.2004 0.3464 1.0154 1.2289 0.3509 0.9744 1.0071 0.8369 0.8594 0.8476 1.0081 -1.2112 
4.2247 3.4538 2.6946 1.5601 2.3167 2.5867 1.9207 -0.4367 1.6435 1.7099 1.1574 1.1073 1.5139 1.0440 1.3803 0.5063 1.4039 0.4374 1.2073 0.7420 1.1385 0.6394 0.5864 1.0497 0.8218 -1.4015 0.8800 1.3448 0.8731 -0.1832 0.6162 0.6842 0.4059 
2.8993 3.5335 3.0928 2.7363 2.6308 1.3856 1.4994 1.7214 1.9825 1.2802 1.7434 1.6234 1.9216 1.7434 1.2845 1.0094 0.5778 0.8879 1.1354 1.4716 1.6210 1.1318 1.1727 0.6147 1.1985 0.7903 0.4464 0.1041 1.1859 1.0426 1.0595 0.8939 -0.9994 
4.1207 3.8322 3.4856 2.7416 2.3439 2.5209 2.3851 1.3985 2.5876 1.8351 1.5315 1.8956 1.8337 1.9051 1.3963 1.8912 0.6984 1.8059 1.2309 1.6774 1.4838 1.4550 0.9930 1.1627 1.8129 0.4661 1.2932 1.2811 0.9223 1.0395 1.3607 1.1670 0.2317 
3.9337 2.9269 2.4536 1.5391 2.3706 1.7410 1.0261 1.7191 1.4356 1.7462 1.0689 0.8154 1.7287 0.4909 1.0651 1.1961 -0.0496 1.1114 0.8734 0.2224 1.3452 0.3888 0.4892 1.0863 0.6332 0.7840 -0.0812 0.4943 0.9480 -0.1493 0.4236 0.2559 0.0694 
3.4079 3.6758 2.8410 2.4570 2.5672 0.5142 2.3347 2.1099 1.0993 1.6488 1.7203 1.4659 -0.0994 0.7136 1.8427 1.3421 0.6982 1.2601 1.6893 0.4815 -0.4802 1.0298 1.1487 0.9864 0.3096 1.1748 1.2508 -0.7777 1.1393 0.7376 0.7219 1.0367 -0.4945 
4.1467 3.5044 1.8290 1.6678 1.5568 0.8991 2.3696 2.1421 1.1288 2.2388 0.7553 1.6417 -0.7575 1.4614 1.7161 1.6163 1.3357 1.4966 1.5543 1.1874 -1.1937 1.1501 0.1812 1.5530 0.3532 1.1995 1.2807 -0.3558 0.0686 -0.0714 -0.2319 0.7612 0.3183 
3.2545 3.4571 2.4977 2.2094 1.6491 1.7780 1.4173 1.6352 2.0861 1.6981 1.2459 1.2155 1.3764 2.4181 1.9864 1.7537 1.0281 1.6812 1.8153 2.1768 1.0567 0.7586 0.6746 1.0302 1.2785 0.6695 0.3756 0.5458 0.2093 0.4615 0.4346 0.7918 -0.5810 
4.1447 3.5170 3.0106 2.6605 2.2837 2.2992 2.1326 2.5146 2.4149 0.8498 1.6447 1.1976 1.0247 1.5189 1.5167 0.1329 0.5423 0.0293 1.3036 1.2320 0.6269 0.7266 1.0669 0.1856 1.6527 1.6396 1.0721 1.0560 0.8016 0.9955 0.9744 0.7663 0.2775 
3.5281 2.8978 1.9954 1.8708 1.8677 2.4918 2.1060 2.0467 1.1917 1.1196 1.9706 1.5059 1.7917 0.6370 0.5761 1.1257 0.7122 1.0547 0.4291 0.4129 1.4281 1.0555 1.4191 0.4624 0.4217 1.1322 1.0495 1.2514 0.4514 0.1660 -0.0793 0.2148 -0.2548 
3.2782 3.6101 3.0023 1.5289 2.0183 2.4850 1.6938 1.6342 1.6710 1.0351 1.7436 1.5544 0.5801 0.7699 1.3441 0.5439 0.3827 0.4669 1.1786 0.5121 0.2076 1.0840 1.1747 0.3632 0.8626 0.6605 0.5905 1.2468 0.5829 -0.2226 0.9594 0.9753 -0.5555 
4.2634 3.2134 2.6737 2.2472 2.2541 1.1766 1.3503 1.2516 1.0720 1.2116 0.6564 1.5187 0.5142 -0.5366 1.1583 0.5167 0.5794 0.4483 1.0160 -0.7763 0.1387 1.0653 0.0858 0.5454 0.2852 0.3681 0.3266 -0.0771 0.7671 0.4895 0.6109 0.5011 0.4379 
3.4342 3.8585 3.2444 3.0514 2.5489 2.5840 1.7904 1.7538 1.8720 2.2511 1.8957 1.5367 1.6618 1.6336 0.6689 1.7673 1.3489 1.6947 0.5167 1.3105 1.2672 1.0706 1.3301 1.5659 1.1038 0.8286 0.6878 1.3478 1.1230 1.3258 1.1760 1.1999 -0.5885 
4.0162 3.7869 2.8335 2.7813 2.5972 2.4905 2.2820 1.5301 2.2156 1.2942 1.8492 2.0608 1.8919 2.1000 2.2549 1.5011 1.7532 1.3925 2.0323 1.8252 1.5619 1.6402 1.2777 0.6482 1.3811 0.5985 1.1771 1.2477 1.1648 1.0756 0.7082 1.1279 0.1532 
3.1016 3.2231 2.8486 2.9689 2.6709 1.6965 2.5448 0.7348 1.6468 1.6747 1.6828 1.0870 1.0750 2.0116 1.5925 0.4847 0.2778 0.4165 1.3668 1.7548 0.6832 0.6124 1.1067 1.0196 0.8195 -0.1793 1.5063 0.4745 1.2123 1.2443 0.7432 0.5898 -0.6709 
4.5073 3.9021 3.4347 2.7183 2.5074 2.6898 2.2621 1.8121 2.1898 2.0782 1.9321 2.1014 1.7854 1.2825 1.8837 1.5630 -0.2474 1.4481 1.7220 1.0551 1.4195 1.6621 1.3806 1.3951 1.3610 0.9178 1.1558 1.4472 1.0830 1.0289 1.3074 1.1939 0.6270 
4.7399 3.7133 2.5462 2.8348 2.5090 1.4859 2.1854 1.0159 2.2664 2.1557 0.1761 1.0556 1.7504 1.8674 2.5101 2.0481 1.2244 1.9461 2.3461 1.6432 1.3727 0.5728 -0.3622 1.4694 1.4436 0.0335 1.0945 0.2485 1.0761 1.0978 0.4968 1.0179 0.8486 
2.4167 3.6048 2.7630 3.0343 2.9042 2.4489 1.1396 2.0788 2.2913 1.9631 2.3556 1.9731 2.1296 1.8982 1.3940 1.5513 1.8174 1.4447 1.2175 1.6681 1.7586 1.5499 1.7872 1.2873 1.4872 1.1586 0.0797 1.1973 1.4286 1.3131 0.6739 0.9808 -1.4575 
4.2296 3.7488 2.7373 2.5666 1.7649 2.4709 1.9107 2.2414 1.8348 1.7449 2.2482 2.1139 1.9799 2.4669 1.8678 0.6007 1.6285 0.5312 1.7048 2.2451 1.6618 1.6699 1.6697 1.0845 1.0746 1.2705 0.8648 1.2351 0.3881 0.8828 0.6534 1.0767 0.4231 
3.4289 3.0911 2.2357 1.8525 2.8013 2.3033 1.7914 2.0977 1.8075 0.7060 1.1088 1.8968 1.8079 1.7384 0.2992 1.5082 1.1459 1.4017 0.0716 1.4689 1.4500 1.4539 0.5400 0.0376 1.0425 1.1710 0.7078 1.0576 1.3111 0.1731 0.0820 0.4574 -0.3546 
4.3895 4.1780 3.5627 3.1243 3.1600 2.4350 2.3250 1.3068 1.5606 1.4485 1.8315 2.0398 2.1817 1.7762 1.8360 1.2739 1.1098 1.1911 1.6819 1.5243 1.7920 1.6251 1.2701 0.7644 0.7283 0.4243 1.2303 1.1868 1.7389 1.4024 1.4831 1.4779 0.5328 
4.3382 3.5164 2.5883 2.3505 1.9439 2.6899 1.1209 1.2774 1.8188 0.8290 0.6307 1.1961 1.3300 1.0643 0.2922 0.9235 -0.2125 0.8134 0.0845 0.7612 1.0221 0.7235 0.0531 0.1387 1.0512 0.4080 0.0019 1.4467 0.5363 0.6371 0.5310 0.7723 0.5226 
3.0183 3.4598 2.5128 3.0665 2.3938 1.7385 -0.3474 2.2641 1.8698 1.2702 1.6323 1.7081 1.9281 0.6812 0.9483 1.6503 1.6934 1.5585 0.7321 0.4529 1.6230 1.2376 1.0514 0.6030 1.0929 1.2924 -1.5535 0.5048 0.9629 1.3515 0.4846 0.7793 -0.7541 
4.2713 3.7787 3.0117 3.0241 3.0899 1.8091 1.7048 1.8642 1.8923 1.9838 0.9269 -0.9029 0.8928 0.5708 1.5367 0.5895 -0.2140 0.5071 1.3228 0.3361 0.5204 -1.3921 0.3820 1.3031 1.1187 0.9809 0.6072 0.5442 1.6700 1.2995 0.9650 1.1104 0.4340 
3.5176 3.2429 2.8328 2.6199 2.3693 1.6028 1.3786 1.1230 1.2685 0.9026 0.6521 0.8184 1.8628 1.6475 1.7932 2.0315 1.9863 1.9303 1.6518 1.3264 1.5260 0.3892 0.0828 0.2168 0.4876 0.2031 0.3510 0.3396 0.9376 0.9444 0.7091 0.5914 -0.2357 
3.4346 3.5208 2.7289 2.6408 2.5116 1.7421 2.3956 2.2686 1.0848 1.6820 1.0306 1.7749 1.6437 1.4019 0.7018 1.2305 1.4289 1.1534 0.5308 1.1419 1.2435 1.2954 0.4604 1.0239 0.3000 1.2927 1.3090 0.5250 1.0791 0.9751 0.6539 0.8134 -0.4652 
