5.3885 5.6590 5.3607 4.8796 5.5877 5.4047 4.9152 5.0939 5.0654 5.0194 4.1676 4.6351 4.4518 4.0232 3.7257 3.7737 4.0389 3.6721 3.5165 3.8061 4.0926 4.2402 3.6362 4.4047 4.3630 4.2544 3.8879 4.2537 4.2460 3.2974 3.4238 3.1995 1.6970 
4.5294 5.1466 4.9429 3.0280 5.4403 5.1024 4.3753 4.6069 3.9142 4.1606 4.4957 4.5589 4.0308 4.5028 3.8815 1.9200 3.6974 1.8287 3.7396 4.2739 3.7512 4.1256 3.9684 3.5282 3.2051 3.7917 3.3480 3.9466 4.0620 1.4134 2.9482 2.6800 1.3490 
5.4113 6.0553 6.3267 5.8124 4.8272 5.1961 4.3823 4.6639 5.0778 5.0462 4.3585 3.5525 4.1114 4.5275 4.2901 4.1826 3.1927 4.0849 4.0869 4.3129 3.8076 3.1710 3.8170 4.4278 4.3712 3.8370 3.3652 4.0365 3.4488 4.2396 4.4135 3.5538 1.4890 
5.6453 5.9942 5.2833 5.7491 5.6004 5.1439 4.8480 4.7734 4.3148 4.6959 4.3030 4.1398 3.1893 3.8748 3.3354 2.3412 2.8979 2.2466 3.1975 3.6286 2.8180 3.7510 3.7827 4.0622 3.5540 3.9103 3.8481 3.9909 4.2597 4.1545 3.3935 3.4492 1.9016 
6.1605 6.1987 5.4357 5.5088 5.5223 4.2556 4.7612 4.7527 4.2577 4.7954 4.0022 4.2359 4.4395 4.0078 2.5747 1.3399 2.7870 1.2238 2.3526 3.7933 4.0789 3.8186 3.4707 4.1553 3.5000 3.8917 3.7998 3.0893 4.1346 3.8837 3.4468 3.7118 2.3638 
5.1714 5.8156 5.5805 4.2394 4.4191 4.7687 4.4819 4.1499 4.4145 3.9910 3.9208 3.7436 3.9549 4.0601 3.7246 2.8691 -1.1906 2.7962 3.5160 3.8415 3.6273 3.2909 3.3922 3.3730 3.6802 3.2999 3.4603 3.6185 3.0728 2.6366 3.6400 3.3446 1.2121 
4.4045 5.6353 5.1518 5.0618 3.7823 4.1777 4.2716 4.0969 4.5641 4.3724 3.7860 3.5005 3.8077 3.5049 3.3495 3.2191 3.1544 3.1336 3.2142 3.2811 3.4409 3.1107 3.2420 3.7533 3.8467 3.2663 3.2755 3.0011 2.4452 3.4457 3.2314 3.2016 1.0263 
5.7025 4.3985 4.5395 4.9788 4.0879 3.4804 4.4247 4.9326 4.5474 4.4370 4.5555 4.3908 4.4151 4.0096 2.5424 2.9433 2.3280 2.8655 2.3518 3.7905 4.0467 3.9381 4.0238 3.8221 3.8328 4.0246 3.4169 2.3218 2.7743 3.3633 2.6627 1.7621 2.0692 
5.4044 5.5477 5.2436 5.0060 4.1219 4.5534 3.1658 3.9236 4.9469 3.8512 3.3997 3.5998 3.7355 3.5541 2.6464 3.4241 2.8537 3.3469 2.4470 3.3145 3.3628 3.2082 2.8684 3.2260 4.1824 3.0857 2.1572 3.3938 2.8045 3.3956 3.3230 3.0414 1.6953 
5.8537 5.5213 4.2698 4.7915 4.5032 4.2835 3.9830 4.4080 4.2317 4.1238 4.1942 3.3370 3.8744 2.9330 3.2249 3.5311 3.1524 3.4485 3.0444 2.7105 3.5169 2.8890 3.6847 3.4942 3.4619 3.5188 2.9663 3.1282 3.1971 3.2227 2.3637 2.9355 2.1650 
5.4103 5.0388 4.8518 5.3202 4.9982 4.8441 5.5142 4.8690 4.3422 4.5019 3.4176 4.2163 4.3549 4.5723 4.1256 1.1985 3.9347 1.0908 3.9625 4.3619 3.9781 3.8079 2.8750 3.8816 3.5665 3.9757 4.4848 3.6844 3.6421 3.7753 2.8712 2.5148 1.7022 
4.0658 5.1149 4.9674 3.5572 3.9635 4.0397 4.2766 3.9973 3.7937 4.8811 4.5487 4.4957 4.3296 4.0039 3.6512 2.7213 2.3985 2.6467 3.4515 3.7854 3.9602 4.0422 4.0211 4.2455 3.0564 3.2001 3.2650 2.9096 2.6622 1.9586 3.0378 2.6444 0.9757 
5.6909 5.7091 5.3908 5.1995 4.4917 4.4415 4.3114 3.8851 4.4647 4.4683 4.0306 3.2177 4.5047 3.5664 3.7975 3.2595 2.4703 3.1973 3.6065 3.3178 4.1700 2.7678 3.5095 3.8473 3.7697 3.0387 3.2955 3.2897 3.1792 3.6305 3.4387 3.2261 1.9611 
4.3886 4.7736 5.5200 3.8857 4.9285 4.8811 4.9567 4.7011 3.9792 4.6484 3.7626 3.8902 3.7990 4.3856 4.2971 3.3691 2.0828 3.2944 4.0923 4.0991 3.4355 3.4447 3.2207 4.0256 3.2613 3.8619 3.9308 3.7241 3.5378 2.2969 3.5421 2.3131 0.6735 
4.8540 5.1796 5.0596 5.1652 5.1806 4.7601 4.5453 4.2608 3.3284 3.9737 4.1196 4.0181 4.4940 3.5562 2.6582 2.7327 1.6263 2.6676 2.4599 3.3095 4.1544 3.6026 3.6082 3.3516 2.6201 3.3788 3.5481 3.5992 3.8521 3.5860 3.1297 2.7080 1.0099 
2.0809 5.6683 4.9356 5.1069 4.9290 4.3794 1.4569 4.1383 4.9369 4.4895 3.6488 4.0171 3.1963 3.7268 2.4064 3.0119 3.1188 2.9152 2.2322 3.4401 2.8088 3.5923 3.1582 3.8666 4.1661 3.2951 0.3681 3.2230 3.5307 3.5104 2.9842 3.2076 0.8449 
6.1342 5.7063 5.1803 3.9965 4.5667 4.2673 3.9197 4.9719 4.4748 4.4638 3.1322 3.9240 2.8942 3.1966 3.9444 3.6158 2.9763 3.5146 3.8065 2.8882 2.6005 3.4819 2.6186 3.8480 3.7715 4.0770 2.9298 3.1129 3.2398 2.4346 3.2623 3.2251 2.5009 
4.8999 5.0096 5.0640 5.1756 5.0214 4.5811 3.9648 4.7663 4.8642 4.3978 4.0766 2.9515 3.8064 3.0226 2.9858 3.8258 3.3192 3.7637 2.8237 2.7780 3.4404 2.5431 3.5623 3.7857 4.0896 3.9096 2.9826 3.4230 3.6920 3.5783 3.1916 2.4870 1.1598 
5.4432 5.1426 5.2492 4.9443 4.4133 4.0771 4.8217 4.5918 4.5413 4.2143 4.1772 4.3198 3.8844 3.0236 3.3274 2.7619 1.0768 2.6989 3.1939 2.7633 3.5324 3.8709 3.6658 3.5673 3.8305 3.7679 3.8344 2.9335 3.0459 3.3288 3.3305 2.6795 1.8445 
5.6605 5.6397 5.2148 4.7056 5.5698 4.9642 4.3820 4.5291 4.5323 4.7595 4.9813 4.1120 4.0459 3.3335 2.3739 3.1685 2.7517 3.0623 2.2197 3.0991 3.7614 3.7163 4.4461 4.1282 3.8228 3.6988 3.3623 3.8034 4.2115 3.1845 3.2920 3.1931 2.1158 
4.6098 4.6379 4.1461 4.6602 4.6574 4.7477 4.6526 2.6875 4.1096 4.6559 3.4762 2.3847 3.7982 3.3052 3.4481 2.9149 2.4199 2.8403 3.3048 3.0537 3.4306 2.0413 2.9717 4.0279 3.3847 1.7765 3.6884 3.6010 3.3269 3.1061 2.2486 2.1613 0.6493 
4.9399 5.6090 4.9742 4.7534 4.4383 3.9733 2.7177 4.9398 4.4028 4.4376 3.7688 3.7005 2.1416 3.7810 3.5908 3.4861 2.8626 3.4148 3.4237 3.4815 1.7980 3.2618 3.2291 3.8235 3.6550 4.0305 1.6521 2.8179 3.0921 3.1982 2.9949 3.1905 1.3256 
2.1109 5.4092 5.2965 4.4816 3.9860 5.0651 4.6260 5.0001 4.8490 4.6465 4.8798 4.5483 4.4795 4.6070 3.8629 4.0972 4.0313 4.0195 3.7120 4.3935 4.1366 4.1116 4.3636 4.0253 4.0788 4.1229 3.6730 3.9127 2.6784 2.8736 3.3612 2.9004 0.3010 
4.6306 4.5347 4.5387 4.9792 4.7557 4.3813 3.4271 3.5104 3.7446 3.8180 3.7598 2.7483 4.0753 3.3832 3.3392 2.3914 3.7822 2.2963 3.2080 3.1634 3.7866 2.3197 3.2215 3.2120 2.9577 2.6806 2.4399 3.2266 3.4056 3.3616 2.6446 2.0883 1.1809 
4.5499 5.5937 5.0260 4.4590 5.2768 4.9659 4.0650 3.9060 2.6632 4.1338 4.0863 3.7985 3.3891 3.7795 2.7025 3.2066 2.6132 3.1068 2.5326 3.4763 3.0704 3.3409 3.5701 3.5057 1.9081 3.0477 3.1067 3.8057 3.9426 2.8442 3.0868 3.1279 0.9514 
4.5474 5.7000 4.5815 5.5775 5.0117 2.9319 4.5016 4.5172 4.5203 4.4627 4.4105 4.0954 3.5879 3.5803 3.2851 2.8432 3.2277 2.7620 3.1351 3.3341 3.2631 3.6984 3.8789 3.8438 3.8103 3.6798 3.4884 1.8733 3.6589 3.9701 2.6593 3.2412 1.2060 
4.9021 5.0787 5.0071 4.6858 4.9375 4.7301 4.5824 3.7009 4.1599 4.2837 4.2067 3.4997 3.1754 3.3809 3.5764 3.2942 3.4410 3.2301 3.4106 3.1731 2.8011 3.0984 3.6998 3.6405 3.4265 2.8123 3.5873 3.5783 3.5463 3.1378 3.0446 2.6709 1.1951 
4.3717 5.0200 5.0019 4.6044 4.4994 4.7450 3.3328 3.4026 4.4069 3.3877 3.3084 4.1465 3.5466 3.8175 3.7038 2.8838 0.9024 2.8122 3.5002 3.5386 3.2369 3.7624 2.7844 2.7640 3.6677 2.5870 2.3085 3.5871 3.1953 3.0209 3.0659 2.5598 0.5513 
5.1666 5.1746 4.9927 4.7940 5.0056 4.6527 3.0800 4.4118 4.7747 4.6532 4.2537 3.9420 4.0097 3.8411 3.6818 3.8062 3.8015 3.7285 3.4869 3.5719 3.6994 3.5006 3.7508 4.0260 4.0238 3.5329 2.0686 3.4909 3.6610 3.2221 3.0597 2.7043 1.7045 
4.7724 5.6196 5.2357 4.6057 3.2790 4.1779 4.9188 4.5612 4.3060 4.2280 4.3828 3.8194 3.6261 3.1377 2.8132 2.6901 2.9289 2.6279 2.6686 2.8573 3.2925 3.3649 3.8455 3.5877 3.5387 3.7284 3.8931 3.0339 1.9954 3.0324 3.3176 3.1684 1.4362 
3.3165 5.2848 5.2143 4.8730 3.9736 3.7816 3.3284 4.2221 3.9569 4.0050 3.8632 3.6303 3.3079 2.9726 3.4413 3.1257 3.2663 3.0216 3.2917 2.7293 2.9553 3.2272 3.3301 3.3752 3.2384 3.3556 2.3426 2.6226 2.6499 3.2613 3.2963 2.8222 0.6927 
5.3148 5.6464 4.9737 4.8279 5.0090 3.8277 4.5581 4.2704 2.0581 4.5290 4.0900 3.8409 3.0128 3.3540 2.0933 2.3815 3.0742 2.3020 1.9541 3.1369 2.6799 3.3987 3.5748 3.9067 1.3301 3.3797 3.5644 2.6465 3.6619 3.2582 3.0245 3.1864 1.6751 
3.1080 4.6048 5.4975 4.9967 4.0207 4.1932 3.5498 4.1655 3.8720 3.7603 4.2712 3.6592 3.8504 3.2120 3.4772 3.3168 2.6438 3.2489 3.3343 2.9202 3.4836 3.2336 3.7674 3.1279 3.1522 3.3166 2.5774 3.0354 2.6870 3.3747 3.5380 2.1275 0.3001 
4.7034 4.4609 4.9602 4.6956 4.4911 4.0161 4.4405 4.0416 4.3110 4.3181 3.4342 2.9713 2.7170 3.8487 2.8539 0.8930 2.3006 0.8273 2.6964 3.5847 2.3709 2.5803 2.9070 3.6769 3.5370 3.2270 3.4330 2.8597 3.1786 3.1254 3.0091 2.0062 1.1233 
3.9217 5.5010 4.6311 5.0841 4.3809 4.4039 4.9889 3.5344 4.6888 3.7337 3.2871 3.7964 3.3246 3.4381 1.1401 2.2400 2.1970 2.1529 1.0505 3.2198 2.9827 3.3382 2.7573 3.0903 3.9595 2.7165 3.9704 3.2565 2.9886 3.4820 2.7107 2.9729 0.9621 
2.0624 5.2134 4.8876 4.5072 4.4219 4.4985 4.1437 4.0145 2.9530 3.8914 2.2957 3.3664 2.3015 3.4297 2.3977 2.7091 2.8335 2.6451 2.2241 3.2155 1.9902 2.9323 1.7971 3.2755 2.2279 3.1990 3.1792 3.3427 3.0817 2.9142 2.8727 2.7872 -0.2189 
5.4602 4.9035 4.8729 3.7463 4.6824 4.0699 4.3743 4.4419 3.8964 4.4266 4.0742 3.9375 2.2893 3.0276 1.8351 2.4207 0.7267 2.3383 1.6649 2.7835 1.9674 3.4922 3.5616 3.8120 3.2002 3.5710 3.3435 2.9041 3.3476 2.1471 2.8874 2.3409 1.6878 
3.2930 5.2553 5.1514 4.9375 3.8165 4.3709 4.3702 4.5365 3.9093 3.8735 4.1071 4.0284 3.2557 4.0364 3.7764 3.8106 3.2109 3.7349 3.5691 3.8242 2.8892 3.6205 3.5952 3.2579 3.2046 3.7071 3.3418 3.2163 2.4580 3.3103 3.2449 2.8021 -0.6111 
2.4210 4.8350 5.2423 5.2085 4.2698 4.7417 4.3420 4.5018 3.8417 2.3991 3.4444 4.1342 3.3679 3.5705 2.6330 2.9980 2.0957 2.9036 2.4252 3.3272 3.0276 3.7488 2.9151 1.7742 3.1075 3.6548 3.3088 3.5857 2.8664 3.6450 3.3287 2.3572 -4.0528 
4.0174 5.5761 4.8537 4.8394 5.0123 4.3626 4.4225 4.6804 4.4845 4.0950 3.6052 3.9102 3.4624 3.8589 3.3612 3.6000 3.1133 3.5026 3.2231 3.5993 3.1744 3.4629 3.0860 3.4686 3.7774 3.8496 3.4035 3.2142 3.6627 3.2535 2.8604 3.0935 1.1099 
5.1556 4.7754 4.4721 3.8075 4.9297 4.4533 4.4825 4.0030 3.3870 3.3925 3.3188 3.9887 4.0266 4.1296 3.2561 2.5615 2.5462 2.4595 3.0814 3.8915 3.7368 3.5628 2.7923 2.7716 2.6744 3.1866 3.4659 3.2920 3.5392 2.2538 2.5235 2.1949 1.3761 
5.5653 4.9663 5.0262 4.4867 4.5689 4.6127 4.0959 3.7686 4.0230 4.4408 3.3836 3.4417 3.6424 2.9186 3.6279 3.5905 3.8259 3.4953 3.4455 2.7006 3.3010 3.0258 2.8582 3.8248 3.3062 2.8599 3.1471 3.4533 3.2474 2.8725 3.1005 2.4056 1.8912 
5.5615 5.6439 5.5633 3.7646 4.4209 3.8015 3.7715 4.2871 3.9501 3.5621 3.5030 3.9786 3.2378 3.2865 3.7588 3.2917 3.6462 3.2292 3.5486 3.0350 2.8639 3.5459 2.9887 2.9305 3.2370 3.4033 2.7408 2.6392 3.0764 2.1033 3.6102 3.1928 1.7549 
4.4719 5.1865 4.0945 4.1740 4.5097 4.4628 4.8974 3.8103 4.2142 3.9492 3.2531 3.5151 3.8395 3.5030 3.4856 3.3260 2.0936 3.2560 3.3341 3.2784 3.4723 3.1200 2.7118 3.3278 3.4539 2.9001 3.8768 3.3083 3.2030 2.6101 2.1681 2.7356 1.0355 
4.2442 5.1539 3.4125 4.3891 4.4192 4.1719 4.0095 2.6327 4.3724 4.4221 4.6583 3.3180 3.3198 3.8601 3.8964 3.4534 3.4298 3.3832 3.7687 3.6013 2.9796 2.8631 4.1436 3.8100 3.6144 1.7108 3.0224 3.0084 3.0779 2.7733 1.4425 2.6953 0.7189 
5.0639 5.1811 4.9514 5.0380 4.7459 4.6984 4.1759 2.7563 3.8448 3.7801 3.9337 2.7458 2.9868 4.0191 3.7959 3.2062 1.8577 3.1040 3.6031 3.8053 2.6813 2.3089 3.4033 3.1448 3.1241 1.8614 3.2051 3.5441 3.3957 3.4392 2.9850 2.7138 1.5627 
4.8803 5.2344 4.3706 5.0480 4.9490 3.5302 4.5493 4.7775 4.4451 3.6484 4.1991 3.7865 2.6904 3.2220 3.2847 2.9594 3.2602 2.8694 3.1398 2.9359 2.3171 3.3258 3.6921 3.0222 3.7275 3.9168 3.5552 2.3582 3.5574 3.4436 2.4110 2.7774 0.9153 
4.5106 4.4934 4.5723 4.1675 4.3426 4.5293 4.6693 3.9664 2.8191 4.4196 4.2118 2.6341 2.5547 2.9111 2.9893 3.4450 -0.0709 3.3712 2.8290 2.6871 2.1986 2.1797 3.6998 3.8062 2.1163 3.1324 3.7093 3.3762 2.9507 2.6339 2.6791 2.0116 1.0934 
4.9376 5.0954 5.4585 4.6438 3.7706 3.8449 3.4142 4.0710 4.1258 3.3377 4.4618 3.7731 3.0626 3.4859 3.0398 3.3341 3.2890 3.2648 2.8619 3.2655 2.7252 3.3057 3.9345 2.7162 3.3957 3.2504 2.4199 2.6915 2.3713 3.0596 3.4845 2.6522 1.1932 
3.9830 5.4282 5.0385 4.9606 3.8153 3.7795 4.3413 3.6245 3.2865 3.1395 4.2447 3.6838 4.0340 3.2539 3.2858 3.1235 -0.9990 3.0218 3.1464 2.9826 3.7491 3.2528 3.7364 2.5046 2.5676 2.7560 3.3092 2.6328 2.4628 3.3313 3.1311 2.9099 0.9130 
5.9974 5.8629 5.1650 4.5864 3.5154 4.2113 4.7679 4.8390 3.9486 4.3135 4.0147 3.2168 3.3975 3.2280 3.3712 2.2276 2.9867 2.1626 3.2325 2.9439 3.0765 2.7643 3.4766 3.6756 3.2330 3.9581 3.7990 3.0667 2.1970 2.9886 3.2447 3.3640 2.3166 
3.3536 4.5093 3.4714 4.5055 4.7771 4.0259 3.8780 3.9450 3.9765 3.3242 4.3028 4.1018 4.0246 3.1258 2.9294 3.4649 2.9207 3.3963 2.7797 2.8439 3.7269 3.7109 3.7883 2.6940 3.2607 3.1222 2.8636 2.8686 3.4229 2.9059 1.5878 2.0435 -0.3860 
3.0735 4.8714 4.6860 3.5988 4.8219 3.3964 3.3736 3.9451 4.0269 3.3700 2.9465 3.2239 2.9367 3.9934 3.6815 3.2115 2.9347 3.1161 3.4795 3.7832 2.6358 2.7719 2.4264 2.7553 3.3073 3.1170 2.3643 2.2403 3.4478 2.0583 2.7511 2.3416 -0.7449 
4.9224 4.2930 3.8252 4.0789 4.0238 4.3245 4.3494 4.2575 2.6214 4.0980 4.3854 4.3606 3.7183 3.3579 3.2252 2.4924 1.7161 2.3788 3.0355 3.1376 3.3529 3.8992 3.8514 3.4705 1.8308 3.3758 3.3172 3.1750 2.7109 2.5328 1.8268 1.7653 1.0596 
4.5818 4.9445 4.5971 3.0811 4.1436 4.0920 4.1621 3.6077 4.3699 2.4500 3.5806 3.6383 3.2718 3.3041 3.0137 3.4328 3.3413 3.3531 2.8495 3.0551 2.9053 3.2276 3.0708 1.8482 3.6039 2.7559 3.2010 2.9474 2.7975 1.5183 2.7016 2.3960 1.1601 
3.9835 4.9320 4.9568 4.7097 4.9421 4.5069 4.0290 3.5552 3.7985 3.9708 3.3711 3.7532 3.7085 3.0514 2.5059 2.7226 3.4325 2.6629 2.3077 2.7939 3.3481 3.3013 2.8460 3.3464 3.0306 2.7106 3.0585 3.3484 3.5538 3.1459 2.9939 2.4208 0.7510 
4.5150 5.2507 5.3099 4.1085 4.3008 3.6589 4.7067 3.6509 1.9876 3.4705 3.8376 3.3182 2.1322 2.9543 2.6510 1.6423 2.1152 1.5691 2.4535 2.7209 1.7980 2.8711 3.3042 2.8596 1.1667 2.7659 3.7547 2.5276 2.9083 2.5423 3.3772 2.7932 1.1616 
5.5590 4.8165 5.1607 4.0069 4.9635 4.6088 4.1756 3.6553 3.1807 2.9912 3.8649 4.1218 2.9637 2.8602 2.8464 2.7936 3.3885 2.7238 2.6941 2.6467 2.6484 3.7337 3.3345 2.3740 2.4070 2.7775 3.2114 3.4485 3.5919 2.4404 3.2606 2.2515 2.0406 
2.6894 3.8318 4.6318 4.9071 4.6094 2.9610 4.2782 4.0269 3.5977 4.1676 3.3896 3.7556 3.9220 3.9128 3.3926 2.8621 2.7684 2.7880 3.2477 3.6799 3.5841 3.3003 2.8586 3.5343 2.8584 3.2132 3.2729 1.8410 3.2850 3.2905 2.7292 1.3763 -0.6677 
4.6618 5.0849 4.9922 4.0136 3.6051 4.5914 4.1303 3.7402 3.8912 3.8101 3.8509 3.2599 3.2689 4.0970 3.3425 2.7482 3.2671 2.6892 3.2037 3.8692 2.9152 2.8186 3.3151 3.1949 3.1940 2.8462 3.1681 3.4383 2.2677 2.4225 3.0440 2.6297 0.8739 
4.5901 5.1448 4.5865 4.3859 4.3462 4.4945 4.9450 3.4389 3.4581 4.3554 4.2460 3.2825 2.9418 2.6498 3.0603 2.8602 3.5863 2.7794 2.8727 2.3642 2.6491 2.8391 3.7389 3.7215 2.7454 2.6088 3.9173 3.3384 2.9463 2.7479 2.7112 2.6513 0.3353 
4.4289 5.4374 5.3969 4.9747 3.5004 4.4305 3.6280 3.9355 3.3049 4.0757 3.5484 4.0935 2.8454 2.6323 3.4745 3.3308 3.2810 3.2611 3.3288 2.3504 2.5191 3.7022 3.0337 3.4514 2.6031 3.0937 2.6496 3.2736 2.1510 3.3527 3.4409 2.9243 0.2415 
5.2025 2.9699 4.8909 4.1822 4.0198 4.0967 4.5259 3.7040 3.2153 3.4375 3.2818 3.6156 3.1970 3.4727 2.7337 2.4484 2.9199 2.3504 2.6005 3.2560 2.8175 3.2136 2.7535 2.8095 2.4585 2.8123 3.5202 2.9518 2.6928 2.6310 2.9194 0.7508 1.6316 
3.7211 4.9853 3.7997 4.3051 3.4180 4.5614 3.2080 4.0660 3.8055 4.0611 4.3997 3.6809 3.6367 3.5153 3.4653 3.2233 3.1279 3.1362 3.3163 3.2833 3.3025 3.2526 3.8637 3.4405 3.0551 3.2430 2.1584 3.4104 2.1094 2.6918 1.7979 2.4820 0.6796 
4.7209 4.5998 4.9425 4.8567 3.8053 3.8801 4.4904 4.1203 3.8478 3.3179 3.2455 3.0970 3.4694 3.6609 3.4075 3.1801 3.4923 3.0732 3.2604 3.3935 3.1881 2.6710 2.7120 2.7026 3.1165 3.2784 3.4783 2.7254 2.4234 3.2525 2.9849 2.0878 1.0217 
2.8204 4.4274 4.4996 3.9073 3.2312 3.9283 4.1508 3.3670 2.6511 3.7980 3.4985 2.2308 1.2803 3.4692 3.4056 2.8887 1.5309 2.8178 3.2594 3.2545 0.9372 1.7927 2.9798 3.1815 1.9319 2.5217 3.1976 2.7744 1.8789 2.2870 2.6083 1.9815 -0.2796 
2.7859 4.4184 4.7414 4.2745 4.3960 4.4525 4.8127 3.9561 4.4043 3.8227 4.4394 4.0986 3.5222 3.9701 3.7993 3.3301 3.6565 3.2634 3.6060 3.7630 3.2258 3.7014 3.9104 3.2044 3.6633 3.1194 3.8259 3.2932 3.0317 2.6843 2.8018 1.9813 -1.0739 
4.1861 5.2871 5.4017 4.9567 3.4367 3.9014 4.4546 4.4039 3.8030 3.7446 3.7056 3.2221 3.0184 2.6383 3.0810 2.9422 3.0500 2.8634 2.8903 2.3485 2.6934 2.7606 3.1941 3.1096 3.0477 3.5152 3.4414 2.7629 2.1172 3.3268 3.4440 2.8295 0.9313 
4.5076 4.7347 4.0976 4.0278 4.5546 4.5654 4.0840 4.0086 2.7031 3.4730 3.5058 2.9505 2.6439 2.4794 2.6985 2.3982 -3.1846 2.3042 2.5441 2.2187 2.2764 2.5644 2.9924 2.8586 1.9523 3.1899 3.1193 3.4097 3.2419 2.4570 2.2138 2.2179 1.2211 
4.6622 4.5236 3.9599 3.1294 4.1200 3.2872 2.3615 4.0304 3.9519 4.1289 3.7255 2.9566 2.7128 3.4441 2.0031 2.7209 2.7836 2.6562 1.7758 3.2300 2.3527 2.5552 3.2064 3.4971 3.2404 3.2217 1.3917 2.1270 2.7798 1.5437 2.0490 2.0676 1.1470 
3.6301 5.1113 4.7438 3.0304 3.9736 3.5859 4.0195 3.9446 3.7274 3.9657 3.2675 2.9509 3.0273 3.3248 2.7343 2.7730 1.7310 2.6999 2.6081 3.0851 2.6989 2.5678 2.7283 3.3422 2.9602 3.1070 3.0378 2.4243 2.6568 1.5030 2.8043 2.6531 -1.4289 
4.7398 4.7495 4.3240 3.1628 4.3836 3.7848 4.1715 3.1451 3.4981 3.3465 2.7968 2.8294 2.7288 3.2382 2.7840 2.8499 0.6287 2.7716 2.6473 2.9548 2.3775 2.4061 2.2650 2.7229 2.7792 2.2380 3.2089 2.6280 3.0121 1.5622 2.3391 2.2516 1.0476 
4.8223 2.6339 4.3988 4.6373 3.9788 4.1196 3.8966 3.8454 2.6953 3.6300 3.1433 3.2317 2.8296 2.7077 2.6823 3.0717 0.6926 2.9699 2.5259 2.4566 2.5111 2.7775 2.6262 2.9949 1.9747 2.9629 2.8843 2.9579 2.6715 3.0689 2.4627 0.1459 1.1744 
1.7087 3.9608 3.7830 4.0281 4.3636 3.8668 4.2528 2.2844 3.4473 3.5127 3.7033 4.0697 3.3951 3.4363 2.8793 2.7250 1.6813 2.6573 2.7346 3.2204 3.0668 3.6737 3.1957 2.8874 2.7271 1.4041 3.2577 2.7102 2.9826 2.4592 1.7778 1.4714 -0.3730 
4.6756 3.3595 4.7244 3.8423 4.3514 4.2395 3.7538 4.0298 3.8010 3.3617 3.2033 3.5134 3.2480 3.6721 3.1092 2.5112 3.3040 2.3953 2.9066 3.4049 2.8736 3.1249 2.6671 2.7365 3.0426 3.2194 2.7245 3.0846 2.9614 2.2140 2.7997 0.9365 1.1247 
4.1224 4.4335 4.8006 4.7760 4.3768 4.0497 4.2421 3.8969 2.8954 3.7799 3.7152 3.7470 3.5819 2.8976 2.7402 3.2154 2.8274 3.1299 2.6138 2.6771 3.2614 3.2940 3.2037 3.1509 2.1749 3.0411 3.2539 2.8904 3.0005 3.2027 2.8587 1.9980 0.1058 
3.5962 4.4766 4.0383 5.1509 4.5537 3.4839 4.3303 3.9805 2.7583 3.7858 2.7169 3.6899 2.2502 3.8216 3.6702 3.5039 3.5341 3.4298 3.4731 3.5445 1.9285 3.2589 2.1822 3.1607 2.0511 3.1587 3.3048 2.3396 3.2239 3.5581 2.1753 2.0341 0.3428 
4.8655 5.1150 4.6076 4.2304 4.3907 4.3667 4.1870 4.0903 3.8683 2.9604 3.1683 3.3029 3.0720 3.3813 2.4740 3.1425 2.6991 3.0368 2.2911 3.1669 2.7336 2.8614 2.6385 2.3381 3.1527 3.2603 3.2165 3.2075 3.0268 2.6538 2.6955 2.6549 1.2901 
4.4122 4.5954 4.3531 4.0683 4.3099 2.6950 2.8579 3.9389 3.1646 3.8413 3.5477 3.4372 2.2408 2.5213 3.2310 2.2876 0.7121 2.2090 3.0448 2.2587 1.9368 3.0110 3.0346 3.2270 2.3973 3.1048 1.8434 1.5184 2.9133 2.5214 2.3808 2.1087 0.5584 
4.6149 4.9530 4.7563 3.8697 3.2082 4.2712 4.1888 3.7417 3.3810 3.4324 1.9151 2.9959 2.6163 2.4869 1.7296 1.9011 3.0036 1.7879 1.5871 2.2234 2.2376 2.6123 1.3833 2.8074 2.6635 2.8455 3.2169 3.1235 1.8391 2.2540 2.8222 2.4385 0.9665 
2.8809 4.9484 4.4742 5.1261 4.6852 3.8079 3.6491 3.2474 1.8360 4.0124 3.6067 2.8032 3.4924 2.9660 2.8201 2.6203 2.6783 2.5161 2.6754 2.7249 3.2032 2.3789 3.0898 3.3894 1.1338 2.3587 2.6617 2.6486 3.3419 3.5310 2.5708 2.4462 -2.5733 
4.4281 4.4118 4.5908 3.9572 4.4486 3.4528 3.4110 3.8804 3.2155 3.2193 3.5228 3.8702 3.4843 2.7889 2.5530 2.2318 2.5224 2.1535 2.3508 2.5630 3.1982 3.4313 3.0169 2.6009 2.4586 3.0196 2.4149 2.2845 3.1157 2.3248 2.6770 1.9271 0.6273 
4.3352 5.0211 5.0460 4.2456 3.2733 3.9260 3.8427 3.4166 2.7866 3.8820 3.7696 2.0086 2.8549 3.2173 0.9631 2.6693 1.7081 2.6097 0.7882 2.9242 2.5481 1.5527 3.2292 3.2685 2.0715 2.5856 2.8346 2.7662 1.9372 2.6521 3.1381 2.5791 0.8408 
5.3848 5.2361 4.4846 4.8746 4.2656 3.8553 4.1109 4.1206 3.1323 3.8274 3.8631 2.6177 3.2079 3.2882 3.1768 2.7084 -0.9087 2.6431 2.9668 3.0351 2.8350 2.1582 3.3315 3.2145 2.3519 3.2793 3.1617 2.6981 2.8711 3.2752 2.6147 2.7561 1.9584 
4.8565 3.6124 3.7609 4.0943 3.1153 3.8815 4.0158 3.7829 4.1598 4.3971 4.3026 3.4847 3.7090 3.4871 2.6218 2.7278 3.2275 2.6648 2.4151 3.2657 3.3512 3.0829 3.7853 3.7837 3.4237 2.8675 3.0238 2.7281 1.7004 2.5475 1.7609 0.9874 1.1957 
5.6808 4.8967 4.5002 5.0339 4.0171 4.1059 3.0931 2.9721 4.1406 4.1423 4.0087 3.9742 3.3788 3.3165 2.9951 3.4902 3.4518 3.4203 2.8297 3.0737 3.0548 3.5408 3.4729 3.5101 3.4060 2.1338 2.0903 2.9442 2.6695 3.4315 2.5762 2.2993 2.0719 
6.1854 4.5949 5.1147 4.9611 4.6450 4.3831 4.3889 3.7854 2.8618 4.1362 3.8141 3.2555 3.4346 2.2599 3.3715 3.0356 3.3725 2.9395 3.2332 2.0519 3.1269 2.8087 3.2788 3.5038 2.1543 2.8770 3.3667 3.2252 3.3167 3.3421 3.2075 2.1213 2.5674 
5.7545 5.6657 5.0475 4.9206 3.7779 3.1958 3.8062 4.0313 3.4938 2.3759 3.1514 3.8769 3.5338 1.9206 2.8815 3.2145 2.4212 3.1248 2.7352 1.6534 3.2307 3.4372 2.6322 1.7170 2.7702 3.2240 2.7919 2.0366 2.3794 3.2981 3.1090 3.1926 2.0276 
6.7172 5.3329 5.2382 4.6853 3.4617 4.7750 4.4144 4.1339 4.2666 4.0905 3.1084 3.8749 3.7893 3.7697 3.4322 3.5410 3.6831 3.4507 3.2814 3.4617 3.4149 3.4366 2.6064 3.4585 3.5003 3.2926 3.3973 3.6216 2.1248 3.1131 3.3138 2.7086 3.0980 
6.4040 3.8368 4.7428 5.0374 4.4525 4.3167 4.3815 3.8766 3.4975 3.1934 3.9329 3.7553 3.8411 3.2360 2.9662 2.6900 2.6375 2.6292 2.8074 2.9546 3.4719 3.2968 3.4051 2.5456 2.7690 3.0113 3.3563 3.1570 3.1217 3.4354 2.7977 1.5917 2.8064 
6.2353 5.8228 5.1223 5.0351 5.0825 4.2947 3.9033 4.4713 3.8783 3.3880 3.9070 3.9505 3.9576 3.8475 3.5352 3.7869 3.8164 3.6926 3.3771 3.5805 3.6337 3.5106 3.3796 2.7658 3.1647 3.6107 2.8909 3.1270 3.7720 3.4344 3.2050 3.3204 2.6042 
6.8903 5.2394 5.4908 4.4158 4.7328 5.1296 4.9192 4.5987 4.5463 4.7193 4.5818 4.3952 4.0236 3.2781 3.5236 3.6372 3.6820 3.5380 3.3672 3.0239 3.7285 3.9444 4.0460 4.0861 3.8309 3.7816 3.8869 3.9725 3.3771 2.7777 3.4876 2.5558 3.2728 
6.4168 4.4269 5.0935 4.7083 4.6184 4.3627 3.8391 4.1165 4.0274 3.4968 3.5752 2.2630 3.7351 3.3756 3.3571 3.1479 2.8575 3.0391 3.2228 3.1581 3.3666 1.8403 3.0665 2.8708 3.3106 3.2804 2.8182 3.2072 3.2926 3.1449 3.1951 1.6499 2.8153 
6.0148 5.7859 5.1989 4.8138 4.1110 3.9606 3.6026 3.8134 4.4470 3.7958 3.2053 3.6256 2.7713 2.9927 2.1827 2.6092 3.2207 2.5018 2.0520 2.7478 2.4379 3.2208 2.6649 3.1770 3.7346 2.9275 2.6355 2.8106 2.7667 3.2326 3.2785 3.2997 2.2869 
6.0521 4.8303 4.7858 3.9373 3.8484 3.7203 3.0257 3.9037 3.4341 3.2028 3.8817 3.5753 3.3080 3.2584 3.2830 3.1381 2.8735 3.0335 3.1314 2.9858 2.9532 3.1916 3.3522 2.5755 2.7063 3.0480 2.0639 2.5687 2.4966 2.3408 2.8399 2.2250 2.3749 
5.0492 5.3568 3.7206 3.9092 2.3993 4.0222 3.0217 3.1850 3.6627 3.1953 3.1015 2.9122 2.6259 2.9035 2.6613 2.3865 2.4764 2.2928 2.4893 2.6852 2.2471 2.5191 2.5909 2.5558 2.8972 2.2836 2.0612 2.8667 1.0852 2.3013 1.6999 2.8650 1.6318 
6.1133 5.4340 3.9640 4.0267 3.9679 4.5396 4.4675 4.0135 4.1643 3.4174 3.7910 3.2941 3.3722 2.8007 3.0868 3.1513 3.0843 3.0461 2.8913 2.5928 3.0450 2.8550 3.2534 2.7912 3.4259 3.1950 3.4473 3.3844 2.6334 2.4201 1.9732 2.8546 2.4016 
5.4400 4.5854 3.9014 4.0978 4.4671 4.2384 4.2223 3.3714 3.1966 3.8157 3.5802 3.8091 3.2196 2.7639 3.4439 3.3106 3.4105 3.2461 3.2959 2.5397 2.8529 3.3556 3.0729 3.2030 2.4214 2.5267 3.2377 3.0755 3.1486 2.5441 1.9884 2.0801 1.7099 
5.9703 5.7426 5.0480 4.9338 4.9778 5.0231 4.4063 3.4182 3.7660 4.0993 3.7158 4.1931 4.0271 4.0964 3.8756 3.8413 3.5235 3.7796 3.7345 3.8671 3.7349 3.7926 3.2003 3.4680 2.9844 2.5912 3.3842 3.8652 3.6177 3.3011 3.1220 3.2520 2.2517 
