5.8920 6.9516 6.5688 5.8645 5.9944 5.8429 5.8803 5.3818 5.4252 5.7808 5.4550 4.4949 4.5095 5.1450 3.4117 4.1617 4.6249 4.0998 3.2139 4.8815 4.1331 4.0272 4.9388 5.1586 4.6869 4.5485 4.8841 4.6791 4.6446 4.2623 4.6339 4.4743 1.0468 
5.9159 6.7970 6.5491 6.4058 5.5354 3.9323 5.7598 4.0690 5.1405 4.8019 4.9931 5.2051 4.3406 5.1972 5.2418 4.7698 4.6047 4.6974 5.1008 4.9634 4.0141 4.7573 4.4817 4.1675 4.4133 3.2062 4.7368 2.7551 4.1416 4.7854 4.6163 4.2550 1.9511 
5.8352 5.1695 6.2600 5.6948 5.3214 5.6977 5.4025 5.7106 5.3843 5.6486 5.0691 5.4831 5.0736 5.4819 4.4239 4.1554 3.6229 4.0933 4.2049 5.2263 4.6970 5.0805 4.5269 5.0061 4.6551 4.8166 4.4384 4.5346 3.9867 4.0651 4.2951 2.6260 2.0888 
5.0694 4.7254 5.6295 6.1777 6.3414 5.4377 5.1962 5.5826 5.3526 5.0785 4.9061 5.3343 4.8398 4.0203 4.5035 4.9659 3.3354 4.8613 4.3155 3.7901 4.5230 4.9337 4.3917 4.4457 4.6220 4.6908 4.1805 4.2654 4.9972 4.5727 3.6586 2.3692 1.8101 
5.8706 4.9082 5.9000 5.7425 4.9171 5.7464 5.5890 4.6122 4.6032 5.2291 5.8741 5.0856 4.4819 4.2691 4.7692 3.8187 3.5084 3.7200 4.6178 4.0165 4.1085 4.6174 5.3348 4.6047 3.8949 3.7289 4.5697 4.5825 3.5479 4.1272 3.9888 2.3351 2.2968 
5.7168 6.6620 6.3134 5.7502 5.5371 5.6757 3.3173 5.3206 5.2862 5.0265 5.3318 4.4041 5.3490 4.3922 5.2261 4.9362 4.3725 4.8330 5.0898 4.1068 5.0644 3.9662 4.8107 4.3887 4.5586 4.5017 2.2160 4.5100 4.1442 4.1363 4.3402 4.1436 1.1880 
5.3655 6.3302 6.2867 6.3039 5.9620 5.6185 5.8200 5.1096 5.0584 5.3657 4.9450 3.6018 4.6865 4.9810 4.1414 4.4859 4.4336 4.3851 3.9997 4.7031 4.3729 3.1796 4.4362 4.7360 4.2629 4.2100 4.8053 4.4600 4.6176 4.6797 4.3528 3.7952 0.7662 
5.7470 6.5159 6.1885 5.8238 5.8558 4.7338 5.5583 4.7385 5.1321 5.0996 4.7002 5.3961 4.9220 4.9914 4.0621 3.8364 3.8045 3.7332 3.9233 4.7127 4.5808 5.0003 4.1604 4.4838 4.3905 3.9128 4.5504 3.5662 4.5170 4.2371 4.2172 4.0035 1.0934 
6.4299 6.9054 5.8935 6.5357 6.4654 5.6038 5.2839 5.7472 5.5202 5.6854 4.2294 5.1635 3.3640 4.3726 3.3235 3.3919 4.1173 3.3181 3.1184 4.1033 2.9826 4.7216 3.7218 5.0648 4.7509 4.8780 4.2826 4.4346 5.1236 4.9661 3.9475 4.4072 2.6998 
5.7264 6.5289 5.7198 6.3939 6.5455 5.4648 5.5941 5.1512 5.0702 5.4470 4.8639 2.7899 5.3807 5.1262 4.6557 4.7560 3.4426 4.6851 4.5156 4.8484 5.0850 2.2376 4.3583 4.8057 4.2939 4.2695 4.5695 4.2901 5.1982 4.7886 3.7266 4.0395 1.6288 
5.4221 5.8051 5.3292 5.7430 5.7372 4.0969 4.9798 5.7745 4.9670 5.3698 5.6900 4.8274 5.2508 5.2665 4.6169 4.4596 4.7861 4.3511 4.4827 5.0582 4.9244 4.4269 5.1506 4.7389 4.1861 4.9138 3.9728 2.9394 4.3801 4.1364 3.3964 3.3319 1.9640 
5.8034 6.8170 6.8952 5.5157 6.2603 6.1841 6.3575 6.1462 5.7793 5.6636 5.1237 5.2451 5.7099 4.9208 4.9594 4.7359 4.9813 4.6685 4.7591 4.6551 5.3360 4.8079 4.5806 5.0372 5.0698 5.2556 5.3353 5.0186 4.8695 3.9550 4.9383 4.2659 1.2692 
6.1209 6.9000 6.1309 5.4809 5.3947 5.4432 5.2458 3.6047 5.3341 5.8988 6.0556 5.9709 5.2827 5.2935 4.1543 4.0834 3.6897 4.0101 4.0058 5.0775 4.9677 5.5724 5.5433 5.2748 4.6137 2.7444 4.2218 4.2773 4.0585 3.9103 4.1337 4.3894 1.8578 
4.4460 3.4906 6.0483 5.0977 5.4065 5.7393 5.0066 5.6839 4.5782 5.6825 5.5768 4.6697 5.2819 4.8266 4.4750 3.8885 3.9076 3.7620 4.2629 4.5880 4.9655 4.2353 5.0639 5.0653 3.8886 4.7820 3.9785 4.5745 4.0536 3.4841 4.0990 0.8114 0.4051 
5.7431 6.2394 6.8085 6.8149 5.9498 3.9865 5.4520 5.7553 4.7350 4.9882 5.1959 5.0532 4.4627 4.5336 4.7086 5.1182 5.1948 5.0559 4.5611 4.2530 4.0817 4.5876 4.6597 4.3450 3.9977 4.8830 4.4807 2.8539 4.6046 5.1756 4.8185 3.7438 2.2475 
4.3235 6.2393 5.9026 6.1973 5.7171 4.3578 5.7526 4.5389 5.2404 4.3785 5.5564 5.5028 4.5638 4.6023 4.7980 3.9321 2.9026 3.8595 4.6424 4.3586 4.1966 5.0898 5.0496 3.7402 4.5246 3.6367 4.7309 3.1551 4.3403 4.5801 3.9625 3.6765 0.1741 
4.0063 6.5761 6.9281 6.5070 6.1318 5.7185 4.0662 5.6682 5.8837 5.6127 3.5698 4.8335 3.4084 5.1399 3.9534 4.3519 3.1106 4.2534 3.7547 4.8756 3.0319 4.4393 3.0139 4.9667 5.1548 4.7589 2.9839 4.5594 4.7308 4.9295 5.0047 4.1037 -0.5504 
6.1501 6.3309 5.0228 6.2642 4.5244 5.2860 5.6498 5.4932 5.6268 5.1667 5.6844 5.3331 4.7075 4.6069 4.9117 4.3740 3.8566 4.2675 4.7301 4.3645 4.3965 4.9224 5.1456 4.5484 4.8413 4.6243 4.6072 4.1269 3.1828 4.6324 3.1186 3.8237 2.3921 
5.0794 6.3720 5.2988 5.6134 4.3058 5.1658 5.6324 4.8030 4.4375 5.5514 5.8297 4.7248 5.0788 4.7604 4.4943 4.2935 4.0405 4.1989 4.2936 4.5385 4.7045 4.3033 5.2991 4.9185 3.6607 3.9664 4.5950 3.9989 2.9211 3.9912 3.3576 3.8921 -0.0225 
5.3291 6.3044 6.7276 6.4146 5.7451 5.7814 6.1083 5.8087 5.1948 5.4904 5.4875 5.0674 4.7710 4.6610 4.7164 2.3682 3.2417 2.2492 4.5623 4.4442 4.4847 4.6007 4.9753 4.8520 4.4876 4.9606 5.1116 4.6202 4.4085 4.7976 4.7438 3.8319 1.9355 
6.4991 6.8861 6.3727 6.1928 5.4292 4.8699 4.5784 5.3153 4.5363 5.5210 6.0592 5.1155 5.2657 5.3296 4.7361 4.2725 4.1887 4.1772 4.5881 5.1142 4.9434 4.6649 5.5444 4.8869 3.7995 4.4957 3.5677 3.7133 4.0657 4.5653 4.4700 4.3649 2.6653 
6.3447 6.9485 6.9602 6.2738 6.1913 5.3087 5.6918 5.9695 4.8725 4.6226 5.6797 3.9733 4.8801 5.3246 5.0915 3.5854 4.6135 3.5327 4.8966 5.1128 4.5539 3.5572 5.1404 3.9942 4.1405 5.1308 4.6667 4.1482 4.7830 4.6343 5.0434 4.4829 2.3553 
5.0254 6.2105 6.0758 4.9920 4.8939 5.1629 4.4861 5.2540 5.2395 5.1939 5.3043 4.7250 5.0439 5.3045 4.6641 4.4446 2.8847 4.3393 4.5188 5.0857 4.6680 4.3035 4.7628 4.5708 4.5245 4.4188 3.4375 3.9980 3.5347 3.4183 4.1284 3.6392 1.0042 
2.8306 6.2967 6.8672 6.3162 5.1477 5.3060 5.4477 5.7345 5.4544 5.3000 5.8957 5.1067 5.0662 5.4869 4.6887 4.5275 4.5324 4.4543 4.5366 5.2290 4.6919 4.6446 5.3601 4.6760 4.7097 4.8612 4.4901 4.1258 3.8537 4.6852 4.9210 3.7889 1.3472 
5.7526 6.4810 6.3743 5.9041 5.3568 4.2471 5.8436 6.0123 4.8964 4.8463 5.1792 5.3208 4.9534 4.6157 3.8751 3.8547 4.6177 3.7516 3.6767 4.3790 4.5996 4.9092 4.6510 4.2023 4.1353 5.1606 4.8419 3.1114 4.0143 4.3101 4.4660 3.9993 2.1773 
6.7717 6.8618 5.2794 6.0736 6.1521 5.8035 5.3964 5.4595 5.3670 5.3458 5.1243 5.1862 5.6052 4.7409 4.9313 4.5588 2.9533 4.4952 4.7378 4.5295 5.2335 4.7371 4.5833 4.7270 4.6412 4.6022 4.4323 4.6360 4.7454 4.4934 3.4309 4.3080 2.9659 
6.6814 7.1369 6.4658 6.4628 5.8839 5.4368 5.8717 4.8050 5.1089 4.5736 5.7250 5.1584 4.5513 5.0934 4.2414 4.7908 4.6074 4.7170 4.0803 4.8009 4.1822 4.7137 5.1883 3.9581 4.3568 3.9610 4.8646 4.2702 4.5395 4.8631 4.5292 4.6300 2.7695 
5.4623 6.9339 6.7619 5.5138 5.6862 5.2772 5.5421 5.7227 5.7012 4.6434 4.6634 4.9307 4.4526 5.0405 4.0272 3.4457 3.8897 3.3660 3.8816 4.7364 4.0868 4.5169 4.1418 4.0120 4.9504 4.8381 4.5416 4.1294 4.3132 3.9151 4.7658 4.4612 0.0433 
4.1617 5.3377 6.3546 5.8096 5.5652 5.5057 5.6735 5.3909 5.1929 5.1070 5.5194 4.0942 4.7227 5.0545 4.7279 4.0058 3.7793 3.9349 4.5767 4.7463 4.4095 3.6756 5.0071 4.4877 4.4877 4.5500 4.6414 4.3408 4.1651 4.1845 4.4388 2.9000 0.3012 
5.6463 6.3970 6.0410 5.9855 5.5434 5.5015 5.7794 5.9551 5.6158 5.9103 5.4515 4.9076 4.8176 3.9891 4.0810 2.1573 2.7908 2.0579 3.9395 3.7273 4.5152 4.4996 4.9348 5.2921 4.8386 5.1204 4.7615 4.3352 4.1621 4.4062 4.0866 3.9193 1.5112 
3.1842 5.8132 6.6737 6.2587 5.1491 4.8494 5.6657 5.7582 5.3169 5.2363 5.0684 4.3755 4.7113 4.9498 4.3241 4.3036 3.9266 4.2074 4.1439 4.6813 4.3984 3.9507 4.5240 4.6132 4.5875 4.8872 4.6357 3.6787 3.7858 4.6165 4.7230 3.3684 0.2205 
6.8306 6.9354 5.4764 6.4938 5.9912 5.9608 5.6563 4.4771 5.7037 5.5536 5.7362 4.3363 5.1014 5.0989 4.5929 4.9423 4.3083 4.8405 4.4537 4.8087 4.7300 3.9197 5.1982 4.9160 4.9567 3.5808 4.6168 4.7962 4.6347 4.9160 3.4859 4.4407 2.9984 
6.8381 6.7784 5.6563 6.5208 6.1240 5.1379 5.2215 5.1305 5.2004 4.9915 5.1914 5.0724 4.6711 4.7253 5.0652 4.1794 4.6496 4.1019 4.8560 4.5095 4.3382 4.6128 4.6578 4.3448 4.4890 4.2489 4.2033 3.9718 4.7318 4.9498 3.6257 4.2051 3.0467 
5.4210 6.8184 6.5423 6.7128 6.3107 5.5254 4.8892 5.5563 5.2234 4.3518 4.2143 5.0663 4.8255 3.7524 2.9725 4.3407 4.5330 4.2492 2.8539 3.4820 4.5192 4.6036 3.6915 3.7144 4.5060 4.6724 3.9090 4.3564 4.9440 5.1152 4.5985 4.2859 0.4719 
5.5983 6.4186 6.2816 5.7541 5.6454 5.9063 5.4930 5.0098 5.1811 5.7396 5.6870 4.6669 5.5344 5.2118 5.0822 5.1086 3.7980 5.0379 4.8892 4.9755 5.1858 4.2184 5.1465 5.1172 4.4830 4.1151 4.5029 4.7395 4.2486 4.1451 4.3046 3.9503 1.6147 
6.4965 7.0059 7.2033 7.0224 5.7694 5.6827 5.5307 5.8436 5.1340 5.4183 5.4722 5.1819 5.5370 4.6359 3.9675 3.5191 3.8682 3.4405 3.8046 4.3992 5.1874 4.7343 4.9571 4.7821 4.3982 5.0080 4.5359 4.5188 4.4090 5.4044 5.2601 4.5267 2.7404 
5.6773 6.7687 7.0642 6.6872 6.4444 6.4812 6.0206 5.5589 4.5520 5.2130 5.1312 5.5766 4.8721 4.9313 5.0799 4.7429 4.0240 4.6721 4.8821 4.6692 4.5468 5.1362 4.5947 4.5895 3.8338 4.6694 5.0569 5.3149 5.1111 5.0910 5.1389 4.2537 2.1611 
5.6511 6.7329 6.2607 6.2729 6.2095 5.4487 6.1141 5.9317 4.7309 5.5704 5.2329 5.6564 5.1568 5.4841 5.4322 4.8034 3.5296 4.7245 5.2669 5.2278 4.7965 5.1927 4.7034 4.9285 4.0172 5.1017 5.1205 4.2650 4.8044 4.6472 4.2651 4.1965 1.1405 
6.4295 7.0213 7.0487 6.0145 5.6577 5.8616 4.9343 5.9071 5.7886 5.2547 4.6540 4.8067 5.3945 5.1016 4.9879 4.2645 2.9305 4.1663 4.7877 4.8146 5.0928 4.4139 4.1236 4.6268 5.0770 5.0895 3.9532 4.6938 4.2611 4.4322 5.1178 4.5432 2.3908 
5.6683 4.8564 6.4089 5.8751 6.4083 6.2979 5.9475 5.2545 5.1610 5.1993 5.3255 5.6828 5.1177 5.2809 5.1052 5.2297 4.9514 5.1569 4.9240 5.0698 4.7422 5.2255 4.8046 4.5803 4.4328 4.4147 4.9773 5.1295 5.0861 4.2845 4.5024 2.2663 2.2279 
4.4618 6.5563 6.6187 5.5638 5.8438 5.9250 5.4235 5.9264 5.1304 5.2299 5.2437 5.5131 5.3246 4.2722 4.6024 4.1508 4.6396 4.0773 4.4666 4.0352 5.0334 5.0972 4.7223 4.6054 4.3798 5.1032 4.4580 4.7648 4.5197 3.9550 4.6613 4.0827 1.3708 
5.4531 6.7547 5.8829 6.0894 5.7432 5.2881 5.7068 5.8087 5.3668 6.0408 5.4817 4.9153 4.8731 5.1441 3.8918 4.6170 2.6170 4.5482 3.6735 4.8806 4.5483 4.5037 4.9624 5.4010 4.6389 4.9571 4.6859 4.1435 4.4019 4.5053 3.9588 4.2078 1.8301 
6.5127 6.4638 6.3594 6.5609 5.7513 5.3407 5.0552 5.9014 5.0697 5.2045 5.8259 5.2084 5.0852 4.0352 4.0267 4.6392 4.2441 4.5695 3.8994 3.7983 4.7107 4.7559 5.2978 4.5825 4.2805 5.0808 4.0244 4.1805 4.3892 4.9894 4.4627 3.9514 2.9074 
5.6333 6.4779 5.8738 6.4216 5.9009 5.2992 5.1126 5.6798 5.4598 5.7433 5.8359 4.3996 4.9925 4.6715 4.0094 3.4573 4.2139 3.3875 3.8769 4.4611 4.6292 3.9697 5.3050 5.1221 4.7144 4.7753 4.0796 4.1295 4.5621 4.8113 3.9384 3.9936 2.2419 
4.4936 7.0143 7.2669 6.9143 6.1655 6.5485 5.7498 6.0299 5.5393 6.0888 5.3149 4.6390 5.2003 5.1247 5.2090 5.3451 5.4526 5.2751 5.0792 4.8473 4.8613 4.1901 4.7763 5.4500 4.7635 5.1771 4.7248 5.3846 4.7607 5.2907 5.3037 4.5441 1.6443 
5.5796 6.5422 6.3237 6.5310 5.8487 4.9522 5.3831 5.3962 6.0639 5.3752 5.7841 5.6819 5.6180 5.3539 5.0856 4.9149 5.1235 4.8163 4.8911 5.1313 5.2401 5.2275 5.2482 4.7391 5.3123 4.5535 4.4211 3.8011 4.5040 4.9626 4.3689 4.0635 1.5075 
5.2305 6.3054 6.4432 6.3543 6.0994 6.2797 6.2649 6.2674 6.2451 5.9834 5.0836 5.1154 5.0927 4.6941 3.9471 3.5602 4.3482 3.4856 3.7719 4.4814 4.7230 4.6651 4.5369 5.3444 5.4719 5.3641 5.2335 5.1132 4.7209 4.7338 4.5179 3.8433 1.1062 
5.2968 5.9986 5.8526 6.3216 5.8577 5.1419 5.0062 5.3143 5.6524 5.6620 4.8406 5.8112 4.2772 4.8567 4.1120 4.8121 2.5115 4.7308 3.9571 4.6109 3.9418 5.3677 4.3242 5.0311 4.8753 4.4951 3.9883 3.9724 4.5203 4.7056 3.9397 3.5001 1.7987 
6.1365 5.8351 6.4712 6.2736 5.8983 5.7325 5.4941 6.1888 6.0708 5.0805 5.5866 5.2596 4.4851 5.3627 4.6358 3.5931 1.8945 3.5129 4.4989 5.1382 4.1138 4.8174 5.0721 4.4434 5.3129 5.2934 4.5082 4.5704 4.5626 4.6449 4.5414 3.3576 2.2571 
5.8458 5.6890 5.9757 6.2890 5.1079 6.1075 6.1719 5.0002 5.4720 5.8257 5.6751 5.3859 5.6481 5.4352 4.3747 5.1494 4.5893 5.0860 4.1942 5.1878 5.2663 4.9955 5.1338 5.2005 4.7286 4.1064 5.1499 4.9514 3.7273 4.6684 4.0525 3.1222 2.4024 
5.6911 6.8222 6.3893 5.8101 5.9060 4.5167 3.6927 4.5648 4.1812 4.7336 4.7304 5.6604 5.5784 5.0825 3.4001 4.4774 4.9954 4.3724 3.2333 4.7847 5.2138 5.2003 4.1974 4.1150 3.4525 3.6778 2.7268 3.3482 4.5716 4.1813 4.4678 4.2924 2.1811 
6.6207 6.9904 5.9054 6.9175 5.5422 5.5796 5.7272 4.7341 5.2267 5.7394 5.4820 5.4567 5.1830 5.3696 5.3499 5.5272 5.3946 5.4255 5.2032 5.1450 4.8321 5.0653 4.9719 5.1182 4.5161 3.9045 4.7077 4.4036 4.1408 5.3048 3.9527 4.5166 2.9132 
6.1344 6.6142 5.5216 6.1649 5.6607 6.0219 5.7563 5.6900 5.6572 6.2717 6.2917 5.3625 5.3395 5.1099 4.7448 5.1177 4.3336 5.0534 4.6040 4.8248 5.0537 4.9618 5.7523 5.6556 4.8834 4.7915 4.7296 4.8583 4.2693 4.5455 3.6091 4.0921 2.2583 
6.2027 6.8495 6.9789 5.5159 6.1979 4.8574 5.7612 6.4016 5.8208 5.5146 5.3682 5.8287 5.6532 4.9605 4.7829 4.8587 5.0157 4.7678 4.6297 4.6908 5.2713 5.3909 4.8556 4.8705 5.1017 5.5595 4.7395 3.6905 4.7920 3.8971 5.0644 4.3372 2.8421 
5.7010 6.7162 6.5232 6.2487 5.9179 3.6419 5.8188 5.6767 5.2575 5.6505 5.3897 5.1453 5.1077 2.9150 4.2216 4.5711 4.9667 4.5104 4.0633 2.7343 4.7326 4.6993 4.8726 5.0098 4.5368 4.7625 4.8074 2.3349 4.5799 4.6192 4.5913 4.1944 1.6558 
6.1763 7.1261 6.8535 6.6411 5.5801 4.8736 5.7764 5.6675 4.9626 4.5763 4.2285 4.1855 4.4230 4.7751 5.0676 4.0043 3.7021 3.9406 4.8546 4.5565 4.0476 3.7847 3.7134 3.9497 4.1800 4.7575 4.7466 3.7110 4.1702 5.0707 4.8658 4.6381 1.6896 
4.9159 5.8741 5.8942 5.5244 6.5472 5.2065 4.1879 4.8407 5.3477 5.2101 5.8063 4.6335 5.1284 5.3210 4.8355 5.1728 5.0430 5.1067 4.6741 5.1075 4.7547 4.2001 5.2739 4.5893 4.6208 3.9884 3.1701 4.0387 5.2021 3.9546 3.9822 3.4162 1.5301 
6.6522 7.4554 6.9226 6.8599 6.3423 5.8238 6.0308 5.8676 5.9032 5.7570 5.9226 5.0459 5.0220 4.9028 5.0388 5.1361 4.9155 5.0736 4.8295 4.6446 4.6518 4.5814 5.4024 5.1349 5.1797 5.0392 5.0661 4.6488 4.9992 5.2314 4.9644 4.9449 2.4577 
6.6994 7.2983 6.4901 7.1572 6.4855 6.0674 4.7837 5.8676 5.1687 4.7322 5.3234 4.9073 4.7183 5.1935 5.0691 4.8978 4.4789 4.7999 4.8616 4.9545 4.4075 4.4994 4.8017 4.1159 4.4455 5.0395 3.8346 4.8957 5.1419 5.5929 4.5522 4.7595 2.7817 
5.1411 6.4860 6.1328 5.6501 5.2827 5.8068 5.0589 5.7665 5.7092 5.7403 5.8009 5.7894 5.1533 4.4221 4.1845 4.0787 3.0780 3.9988 4.0267 4.1449 4.7825 5.3391 5.2705 5.1220 4.9661 4.9086 4.0102 4.6517 3.9461 3.9981 4.1478 3.9951 0.6809 
5.9186 6.5957 6.4438 6.4980 5.6883 5.3464 6.2219 5.3493 5.4627 5.8249 5.4809 5.3704 5.2210 5.0960 4.1475 4.6806 3.5565 4.6033 3.9975 4.8057 4.8856 4.9725 4.9622 5.1995 4.7200 4.5131 5.1850 4.1858 4.2999 4.9174 4.5202 4.0932 1.8095 
6.0221 6.6492 6.3087 6.4951 5.8763 5.4898 4.4245 4.7304 5.4001 5.6539 5.3610 4.3284 4.9923 4.7374 4.2592 4.2516 3.9719 4.1562 4.0989 4.5212 4.6309 3.9128 4.8393 5.0167 4.6716 3.9121 3.3889 4.3027 4.5455 4.9133 4.3753 4.1382 2.0473 
5.3365 5.8039 4.6358 5.1167 6.0356 6.0203 5.0693 5.9825 5.8124 4.9808 3.9519 5.4666 4.9886 4.5308 3.9114 4.3435 2.8239 4.2415 3.7164 4.2509 4.6238 5.0712 3.4214 4.3351 5.0940 5.1402 4.0583 4.8481 4.6863 3.4703 2.5344 3.3116 0.8381 
5.3562 5.4503 5.7376 5.7518 5.2978 5.4416 4.8311 4.5390 5.1280 5.2076 5.6628 5.0772 4.7255 4.7650 5.0657 4.8548 4.9277 4.7590 4.8614 4.5446 4.4195 4.6171 5.1220 4.5819 4.3964 3.6390 3.8453 4.2773 3.9671 4.1383 3.7777 2.9739 1.6385 
2.9014 6.2503 6.8994 6.5330 5.3428 4.5379 4.9249 5.1355 5.1421 5.5021 4.5426 5.1148 2.9309 4.2139 4.8772 4.6370 4.4942 4.5639 4.7111 3.9900 2.7228 4.6629 4.0185 4.8566 4.4160 4.2636 3.9388 3.3694 3.9935 4.9490 4.9676 3.7443 0.8222 
6.4106 7.0231 6.5793 6.6208 5.0191 5.8292 5.2772 5.1303 4.1493 5.5002 4.3721 4.6226 4.9450 3.7788 4.4185 4.9393 4.9665 4.8380 4.2181 3.5191 4.5981 4.1722 3.8748 4.8596 3.4197 4.2438 4.2714 4.6626 3.5733 5.0606 4.6198 4.5486 2.7478 
6.0647 6.9025 6.9068 5.9755 5.7437 5.3951 5.7570 5.5364 5.3591 5.0656 4.8678 4.9213 4.8003 4.7632 4.6519 4.5572 4.8015 4.4943 4.5134 4.5438 4.4981 4.5049 4.3348 4.4400 4.6286 4.6455 4.7344 4.2177 4.3950 4.4119 4.9562 4.4180 1.9142 
5.8136 6.6253 5.0626 5.5428 5.4240 4.5923 5.4128 5.7890 5.1825 5.7323 6.1922 5.6216 4.7081 5.3192 5.1786 4.6534 3.9659 4.5793 5.0424 5.1044 4.3833 5.1588 5.6643 5.1159 4.4778 4.9375 4.4639 3.4136 4.0673 3.9312 3.1499 4.0946 1.5806 
7.0427 7.2234 6.2417 6.3543 5.6459 3.9589 5.6044 4.4324 5.3618 5.4551 5.5511 4.6737 4.9190 2.8558 4.4964 4.5753 3.8287 4.5079 4.3027 2.5948 4.5779 4.2406 5.0362 4.8211 4.6376 3.5396 4.5785 2.7882 4.2384 4.7321 4.2049 4.6992 3.3432 
6.8227 7.1380 4.3912 6.2359 5.7240 5.0385 5.7705 5.9151 5.8279 5.7921 5.6961 5.2888 5.6124 5.3973 4.9812 5.0744 5.1105 4.9782 4.7765 5.1621 5.2390 4.8542 5.1554 5.1688 5.1089 5.0946 4.7510 3.8523 4.3884 4.6050 2.2696 4.6218 2.9289 
5.4496 5.1676 6.1743 5.6935 5.7936 5.5541 5.3075 5.8071 4.5091 4.9426 5.4370 5.1206 4.0266 5.1520 5.0352 4.6084 4.5403 4.5408 4.8233 4.8940 3.6729 4.6721 4.9194 4.3121 3.7444 4.9549 4.3142 4.3911 4.4725 4.0663 4.1878 2.7410 1.7599 
6.3704 6.6470 6.2322 6.6272 5.9401 5.3795 4.4903 4.6288 5.5543 4.8396 5.7339 5.1093 4.3341 5.0710 4.3622 4.0472 2.0937 3.9766 4.1641 4.7679 3.9969 4.6525 5.1979 4.2021 4.7783 3.7522 3.4718 4.2171 4.5860 5.0649 4.2404 4.1367 2.6093 
6.4125 6.6914 6.2291 6.6849 5.7990 5.9495 6.1566 5.3176 5.1313 5.2055 5.1777 4.8226 4.8180 5.2706 4.9850 4.4507 4.5220 4.3399 4.7800 5.0621 4.5191 4.4238 4.6415 4.5879 4.3834 4.4871 5.1416 4.7881 4.4803 5.0978 4.2460 4.1654 2.7501 
2.8068 6.2460 6.5914 6.4534 5.8716 6.3928 5.8303 5.3959 5.7477 5.7114 5.6563 5.4945 5.1726 5.1223 3.9053 4.4321 4.2594 4.3237 3.6974 4.8484 4.8158 5.0874 5.1129 5.0943 5.0308 4.5560 4.8133 5.2243 4.5410 4.8375 4.6476 3.7449 1.1085 
4.9054 6.3061 6.5483 6.4566 6.0125 5.5860 5.1738 5.2624 4.6691 3.3570 5.3329 5.2937 4.7530 4.1873 4.3899 3.9687 4.0871 3.9019 4.1918 3.9673 4.4626 4.8646 4.8149 2.7463 3.9503 4.4337 4.1487 4.4215 4.6540 4.8443 4.6164 3.8280 1.8517 
5.3940 6.4880 6.7171 5.5433 5.8775 6.0297 4.4373 4.5119 4.8559 5.2052 4.9160 4.7823 5.0700 5.1247 5.0987 4.8520 4.0026 4.7554 4.9099 4.8541 4.6955 4.3782 4.3994 4.5827 4.1193 3.5956 3.3831 4.8621 4.5441 3.9242 4.7375 4.0150 1.3892 
5.6303 6.2886 6.8500 6.3489 5.4088 5.8680 5.5027 5.2707 5.0881 5.2680 5.8127 5.7141 5.4315 5.2238 4.6646 4.5613 3.9543 4.4952 4.5249 4.9928 5.1173 5.2625 5.2864 4.6369 4.3300 4.4392 4.5224 4.7069 4.0537 4.7242 4.8803 3.8147 1.9209 
5.8016 6.5856 4.4523 4.9733 6.1135 5.8572 5.3222 5.2098 5.3703 5.6787 4.8004 4.5680 4.5031 4.1181 4.8316 4.1904 1.9312 4.1238 4.6729 3.9010 4.1362 4.1166 4.2844 5.0598 4.6445 4.3546 4.3525 4.6859 4.7339 3.3741 2.3937 4.0746 1.9075 
3.7963 6.2425 6.3749 5.1972 6.2784 5.6276 4.3193 5.2207 4.2418 4.0971 5.4508 5.2796 4.5147 4.7360 4.2419 4.7398 4.5996 4.6742 4.0836 4.5202 4.1438 4.8422 4.9392 3.4766 3.4953 4.3697 3.3485 4.4438 4.9061 3.6525 4.4827 3.6477 1.8191 
6.6888 7.0715 6.6552 6.3208 5.6645 5.8283 5.8243 5.3087 4.7004 3.5817 4.6461 4.6469 4.0402 5.2131 5.0817 4.1328 4.8400 4.0531 4.8811 4.9834 3.6908 4.2031 4.1141 2.9482 3.9742 4.4816 4.8083 4.6599 4.2981 4.7017 4.6910 4.5750 2.7876 
5.4969 6.2347 6.5371 5.9358 5.7458 5.7812 5.8191 5.4498 5.3168 5.6661 5.6682 4.8603 4.7424 5.2517 4.5172 4.6329 2.4802 4.5635 4.3218 5.0375 4.4652 4.4686 5.1246 5.0469 4.5966 4.5942 4.8018 4.6097 4.4206 4.3485 4.6101 3.6949 1.5184 
1.7427 5.3006 6.3803 6.0381 4.9016 5.2884 5.8714 4.7832 4.5625 4.8826 5.6800 5.0942 4.9002 4.6526 3.5800 4.4930 2.3406 4.3950 3.4486 4.4329 4.5646 4.6337 5.1400 4.2513 3.8339 3.9508 4.8679 4.1298 3.5048 4.4694 4.4813 2.8482 -0.8994 
4.4199 6.3285 6.0643 6.5010 6.1446 6.1348 5.7284 5.2396 4.6681 5.6138 5.3171 5.2848 5.1620 3.1201 4.1991 4.0122 3.6460 3.9412 4.0493 2.9051 4.8037 4.8540 4.7892 4.9681 3.9415 4.4012 4.7039 4.9685 4.7401 4.9159 4.1524 3.8076 2.0494 
6.2916 6.2438 5.2325 5.6804 5.7600 5.2097 5.1051 5.3404 4.8793 5.4251 5.8973 5.6334 5.2364 4.8191 4.1847 4.2535 4.4547 4.1634 4.0418 4.5803 4.8990 5.1704 5.3666 4.7901 4.1313 4.5142 4.0846 4.0341 4.4248 4.0641 3.3343 3.6642 2.6001 
6.1684 7.1772 6.2694 6.3262 5.8904 4.6653 6.1266 6.1001 5.8887 5.5507 4.8150 5.3305 5.3587 4.9088 4.6492 4.1888 4.9564 4.1203 4.5119 4.6492 5.0712 4.9270 4.3054 4.9058 5.1589 5.2206 5.1245 3.5080 4.5390 4.7120 4.2674 4.6667 1.7156 
4.1117 5.9315 5.7060 6.3933 6.1019 5.6771 5.4753 5.5658 5.4235 5.6325 5.0957 5.7570 4.7458 4.1911 4.9987 4.4983 4.4936 4.4084 4.7985 3.9750 4.4618 5.3132 4.5499 4.9789 4.6813 4.6802 4.4917 4.5113 4.7295 4.7798 3.6850 3.4407 1.9059 
5.3203 6.4673 6.4496 6.1264 5.3199 3.7066 5.8158 5.3225 5.2819 4.5001 4.7933 4.7553 5.3480 4.8851 4.7991 4.4028 3.1991 4.2930 4.6447 4.6308 5.0642 4.3586 4.2753 3.8751 4.5539 4.5017 4.8031 2.5062 3.9783 4.5235 4.5249 3.9912 1.8483 
6.2235 6.2236 6.5103 6.2904 6.2520 4.7471 6.0439 5.4212 5.3554 4.1518 4.1497 5.2407 4.3490 5.2661 4.8612 4.2254 1.8313 4.1461 4.6939 5.0584 3.9990 4.7973 3.6125 3.5208 4.6220 4.5691 5.0738 3.6244 4.8525 4.6691 4.5885 3.6788 2.4091 
6.6132 7.0367 6.3670 6.3758 6.1483 5.7394 5.8939 5.7383 5.6519 5.6141 6.0255 5.2245 4.4399 2.2471 3.9302 4.5520 4.7408 4.4912 3.7406 2.1105 4.0711 4.7702 5.5104 4.9742 4.8714 4.8567 4.8969 4.5821 4.7430 4.7689 4.4415 4.5414 2.8538 
6.4017 6.4001 6.7011 6.0559 5.4995 5.8990 5.8856 5.5955 4.9136 6.2012 5.4452 5.1374 4.6236 5.2426 5.4111 5.2177 5.1047 5.1456 5.2513 5.0251 4.2911 4.6887 4.9232 5.5574 4.1515 4.6942 4.8900 4.7340 4.1159 4.4789 4.7301 3.9331 2.6338 
5.8581 6.4356 6.5883 5.8993 5.8578 4.6497 5.3181 5.2112 5.0894 5.2592 5.8060 5.4976 4.8359 4.6489 3.8566 4.8602 4.5958 4.7696 3.6404 4.4203 4.5204 5.0882 5.2769 4.6398 4.3382 4.3597 4.3336 3.4760 4.5260 4.2906 4.6423 3.9456 1.7751 
5.2102 5.3798 6.4375 5.8739 5.8062 5.3479 5.8006 4.5415 5.1989 5.3670 5.6508 5.4030 5.7415 5.2451 5.2764 5.1565 4.5853 5.0908 5.1311 5.0219 5.3817 5.0065 5.1079 4.7360 4.4901 3.6248 4.7844 4.1844 4.4779 4.2939 4.5104 2.9311 1.2757 
6.3832 6.6133 6.8146 6.5108 5.8841 4.8799 5.2246 5.3118 5.1914 5.1279 6.0225 5.7468 4.4342 5.1854 5.2334 4.2955 4.0715 4.2010 5.0936 4.9445 4.0521 5.3030 5.5099 4.5104 4.4834 4.4832 4.2154 3.7068 4.5401 4.9260 4.8203 4.1145 2.8586 
5.7458 6.7850 6.4689 6.5925 5.7091 6.3429 5.7153 6.0092 5.6951 5.6595 5.4640 4.9845 5.0767 4.5463 4.0293 4.5629 4.1894 4.4984 3.9000 4.2690 4.7005 4.5430 4.9490 5.0319 4.9394 5.1593 4.6937 5.1758 4.3383 5.0264 4.5369 4.2476 2.3067 
5.3126 5.2543 6.4520 5.7605 5.6466 3.6012 5.6490 5.4473 5.1718 5.2282 4.0525 5.3829 5.2222 4.6920 4.6613 3.7505 3.9550 3.6550 4.5207 4.4825 4.8800 4.9875 3.5377 4.6004 4.4527 4.5958 4.6063 2.5362 4.2372 4.1341 4.5346 2.8085 1.5828 
4.3735 5.9375 6.4829 5.6855 5.1189 5.7677 4.7910 4.4724 5.3535 4.6482 5.6034 5.2355 5.3039 5.2076 4.5713 4.6220 4.7362 4.5559 4.4140 4.9722 4.9927 4.8019 5.0782 4.0154 4.6291 3.5636 3.8193 4.6033 3.7642 4.0410 4.5643 3.4518 0.1599 
5.5065 6.4963 6.8213 6.0699 5.0733 4.7438 5.0489 5.8107 5.7959 4.8359 5.3463 4.7283 4.4948 3.9209 4.5945 3.3226 1.5350 3.2495 4.4519 3.6454 4.1100 4.2965 4.8309 4.1857 5.0860 4.9607 4.0214 3.5720 3.6945 4.4904 4.8302 4.0286 1.7099 
5.2598 6.8166 6.6150 5.7386 5.8933 5.8951 5.7874 6.6367 6.2268 5.7394 5.9108 5.5710 5.1210 5.2790 4.9751 5.2722 4.7890 5.1958 4.7788 5.0671 4.7483 5.1330 5.3901 5.1200 5.4362 5.7747 4.7773 4.7266 4.5525 4.1401 4.6544 4.2855 2.1454 
6.3431 6.4385 6.4903 6.4306 6.1551 5.4844 5.5948 5.9609 5.8929 5.0849 5.2821 5.5266 5.2151 5.1674 4.5090 5.0891 4.5246 5.0035 4.3182 4.9155 4.8705 5.1095 4.7375 4.4775 5.1622 5.1276 4.5741 4.3097 4.7438 4.8348 4.5766 3.9253 2.8503 
