5.4883 6.5999 6.6883 6.0989 6.1920 5.1319 5.0531 5.2697 4.7650 4.9273 5.1636 5.1384 4.9417 4.6209 4.3015 4.0101 4.3951 3.9364 4.1002 4.4028 4.5774 4.7189 4.6609 4.3297 4.0231 4.4317 4.0436 3.9796 4.8954 4.5204 4.7943 4.1052 2.3971 
6.2153 6.6835 5.8483 5.4362 6.2957 5.1293 5.6807 3.3123 4.3715 3.8582 5.2057 5.4763 5.4769 0.5715 3.7914 4.2995 3.5721 4.1870 3.5775 0.8420 5.1010 5.0216 4.7026 3.2673 3.6295 2.4137 4.6901 4.0177 4.9913 3.8901 3.9575 4.2197 2.6350 
6.4921 6.5576 6.4355 6.3736 6.1086 5.1604 4.8986 5.4991 5.6739 4.9778 5.1388 5.2631 5.1559 4.6470 4.9248 4.0497 2.4976 3.9827 4.7308 4.4208 4.8668 4.8817 4.6137 4.3667 4.9686 4.6112 3.8765 4.0200 4.7621 4.8446 4.5332 4.0633 2.8747 
6.0932 3.9540 5.7377 6.1399 4.8051 4.8185 4.8384 5.5256 4.6625 4.7181 3.8321 5.1461 4.0229 3.8762 3.6495 3.9074 2.5749 3.8403 3.4701 3.6260 3.7255 4.7278 3.2942 4.0975 3.9477 4.6477 3.8569 3.6668 3.4616 4.5566 3.8846 1.2763 2.6294 
3.5520 6.0559 6.5515 6.0006 5.8874 4.4006 4.3873 4.6242 4.1586 5.4823 5.3553 5.0918 4.1846 4.9742 4.9322 4.4318 2.2441 4.3661 4.7468 4.7100 3.8673 4.6644 4.8550 4.8621 3.4358 3.8159 3.3690 3.2831 4.5453 4.4076 4.6153 3.6213 0.6443 
4.3682 5.7355 5.7682 5.7687 6.2898 5.7119 4.7229 5.6492 5.5170 5.5695 5.7624 5.0224 4.1538 5.0019 4.1781 4.4822 4.3685 4.4125 4.0084 4.7534 3.8388 4.5831 5.2539 4.9646 4.7808 4.8281 3.7858 4.5640 4.9839 4.2416 3.8920 3.3254 1.0139 
6.7646 6.8156 6.3722 6.0676 6.2840 5.5186 5.6710 5.3950 5.7177 5.4637 5.8026 5.7272 5.4838 5.2229 5.0508 5.1603 5.0347 5.0945 4.9205 4.9979 5.1125 5.3246 5.2992 4.8318 5.0066 4.5217 4.6866 4.3770 4.9789 4.4571 4.4779 4.3817 3.0859 
5.3983 5.4544 4.9849 5.7239 5.6607 2.8886 5.3411 5.2249 4.7928 5.1583 4.6730 4.5781 3.9919 4.7876 4.7755 4.6941 4.5450 4.6027 4.5889 4.5285 3.6869 4.1592 4.1728 4.5500 4.0399 4.4023 4.3777 2.0318 4.3687 4.1707 3.0757 2.9222 1.5350 
5.7510 5.2284 6.0545 4.6046 6.0534 4.5741 4.7116 5.4320 5.3953 5.2836 5.1320 5.1990 4.9228 4.7097 4.3950 4.5037 3.8232 4.4354 4.2268 4.4711 4.5551 4.8064 4.6085 4.6535 4.6432 4.5550 3.7699 3.4237 4.6870 3.0618 4.1043 2.7739 2.1361 
5.7263 6.2468 6.3048 6.3504 5.3757 5.5134 5.4426 5.3307 5.6177 5.6111 5.6611 4.6825 3.9997 4.4520 4.9922 4.9736 4.6100 4.9127 4.8438 4.2097 3.6981 4.2925 5.1426 5.0028 4.9254 4.4787 4.4382 4.3801 4.0109 4.8139 4.4314 3.8262 1.9646 
4.0443 5.6817 6.0913 6.2902 6.0443 4.1271 5.7319 5.5728 5.4010 5.5568 5.0980 5.1815 5.1466 4.3111 4.9359 5.2499 5.1756 5.1607 4.7492 4.0209 4.8408 4.7896 4.5770 4.9518 4.6372 4.7151 4.7745 3.0655 4.6601 4.7319 4.1746 3.2836 0.9714 
6.3262 6.7116 5.7587 6.3623 5.5926 5.5928 5.5836 4.9994 5.0478 4.4960 5.0945 5.1209 5.0815 4.5026 4.5886 4.6354 4.1008 4.5632 4.4457 4.2903 4.7531 4.6987 4.5792 3.8810 4.3565 4.1394 4.5833 4.4591 4.2863 4.8324 3.8598 4.2650 2.5215 
4.4566 6.5558 6.0826 6.1109 4.6938 5.5497 5.7293 6.0713 5.0351 5.1484 5.1710 5.4392 4.8548 4.8183 4.8967 4.1558 3.8607 4.0625 4.6871 4.5507 4.4974 4.9965 4.6665 4.5361 4.3373 5.1813 4.7798 4.4205 3.3249 4.5313 4.1583 4.0741 0.5716 
5.6795 5.9365 5.9873 5.7561 6.3009 5.5719 5.1847 5.6823 5.7187 4.9330 5.1838 2.4091 4.3745 4.0230 4.3990 4.4919 3.1949 4.4207 4.2395 3.8132 4.0125 2.0118 4.6767 4.3218 5.0077 4.8707 4.2390 4.4244 4.9999 4.2551 4.0523 3.4646 2.1985 
5.0050 6.7832 6.2875 5.5316 4.5712 5.4772 4.9413 5.6075 5.4908 5.5455 5.2857 3.9276 4.7824 4.2044 4.2850 4.0004 3.9557 3.9228 4.0829 3.9373 4.4442 3.4857 4.7771 4.9409 4.7359 4.7738 3.9312 4.3425 3.2937 3.9402 4.4098 4.3674 1.7693 
6.0894 6.8218 6.4694 6.5000 5.3866 4.1817 4.5142 3.8037 4.0304 4.9005 4.7774 4.4355 2.9948 3.9191 3.8388 2.4286 2.1666 2.3404 3.6811 3.6976 2.6955 4.0076 4.2774 4.2668 3.3270 2.9198 3.5105 3.0962 4.0380 4.9392 4.5641 4.3941 2.2693 
4.9199 6.5522 5.6595 5.9815 6.0471 6.1236 5.6739 5.8586 5.3046 5.7647 5.3943 3.5221 4.6679 4.4798 4.4903 4.5369 3.9214 4.4611 4.3604 4.2475 4.3740 3.1131 4.8955 5.1535 4.5752 5.0178 4.6914 4.9863 4.6758 4.4087 3.7630 4.0642 0.8918 
6.7360 6.8323 5.8856 5.8501 4.9112 4.8034 4.6357 5.0141 4.8582 5.2680 5.4992 5.3151 5.2725 4.7059 4.8005 4.5317 4.7105 4.4563 4.6068 4.4642 4.9630 4.9234 4.9708 4.6478 4.0916 4.1595 3.6879 3.6582 3.5375 4.3113 3.9857 4.3861 3.1387 
4.4378 6.2488 6.3974 6.0438 6.0247 6.1877 6.3521 6.2634 6.3009 6.0906 5.8113 5.1533 5.1215 4.9837 5.3118 5.1438 5.1828 5.0661 5.1439 4.7233 4.8107 4.7422 5.3038 5.4878 5.5974 5.4596 5.4131 5.0494 4.6622 4.4547 4.4974 3.8397 0.9257 
3.9551 5.4799 5.4248 5.9645 5.9612 5.3805 4.7874 5.4664 5.2661 5.4257 5.6949 5.2533 4.5208 4.3995 4.4723 3.7751 4.3644 3.6762 4.3426 4.1351 4.1963 4.8679 5.1656 4.8019 4.5417 4.5786 3.8179 4.2435 4.6010 4.3925 3.5199 2.9699 -0.8993 
5.3315 5.6276 6.3023 6.1633 5.0095 5.5711 5.2280 5.8525 5.6373 5.1305 5.4671 4.1230 4.6663 4.9488 4.8558 4.7264 4.1294 4.6330 4.6550 4.6732 4.3706 3.7537 4.9391 4.5130 4.9371 5.0182 4.2787 4.4322 3.7424 4.5798 4.4322 3.2503 1.8013 
4.0503 5.6113 6.1917 5.9930 6.0716 5.7402 4.9361 5.8101 5.5021 5.3038 5.4887 4.3080 4.5098 5.0902 4.9298 3.9074 4.7418 3.8411 4.7403 4.8804 4.1765 3.8556 4.9554 4.6819 4.7439 4.9882 3.9256 4.6041 4.7085 4.4106 4.3435 3.1543 1.4812 
5.6606 6.0057 6.5862 5.7763 6.1508 6.1293 5.1497 5.8947 5.4068 5.6311 5.7169 5.5432 5.5424 5.6978 5.0336 4.9626 5.3012 4.9061 4.9036 5.4884 5.1812 5.1029 5.1941 5.0204 4.6468 5.0478 4.1632 4.9899 4.8393 4.2212 4.6382 3.5299 1.7591 
4.8189 5.3601 5.9648 6.0032 5.3570 4.8251 5.6549 5.8194 5.1418 5.0913 4.4934 5.2019 5.1583 5.0325 3.9662 2.4333 2.9882 2.3650 3.8176 4.7937 4.8768 4.8152 3.9693 4.4787 4.4320 4.9927 4.6670 3.6940 4.0089 4.4113 4.0342 2.9631 0.5922 
5.7371 6.5336 5.5888 3.6290 4.5364 5.8631 4.9877 4.8205 4.7785 4.9647 4.5384 4.0265 4.2520 4.9116 4.4988 3.8915 4.6007 3.8272 4.3619 4.6152 3.9055 3.6236 4.0185 4.3572 4.0401 3.9515 3.9768 4.7326 3.2435 2.1172 3.6671 4.0385 1.6581 
3.0748 5.9328 6.2051 5.5853 5.4982 5.8051 5.1621 5.3481 4.7158 5.3279 4.5287 5.3354 5.5546 5.4334 4.4575 4.2576 4.1950 4.1554 4.3239 5.1500 5.1964 4.9347 4.0142 4.6996 3.9780 4.4934 4.1920 4.6672 4.1303 3.9836 4.3502 3.4364 1.6952 
3.1173 6.9600 6.7772 6.0390 5.4720 5.5640 4.9424 4.7824 5.4116 3.3926 5.2054 4.9180 5.2567 5.3842 4.6417 3.9314 3.5468 3.8608 4.4867 5.1167 4.9550 4.4679 4.6983 2.7966 4.6526 3.9311 3.9380 4.4256 4.1085 4.4323 4.9091 4.5268 1.9833 
5.5547 6.4759 6.2134 6.1112 6.1181 5.8434 4.4563 5.4137 4.5661 4.0161 5.0596 4.8879 4.6161 4.9223 3.5511 3.8002 3.9396 3.7231 3.4004 4.6308 4.3413 4.4362 4.5415 3.4076 3.8583 4.5368 3.4724 4.7002 4.7918 4.5318 4.3476 4.0121 0.9483 
4.0312 6.5092 6.6950 6.1500 6.0802 6.1053 5.2538 5.0571 4.9570 5.2976 5.6297 5.2722 4.9755 4.6843 4.4395 3.8953 4.3956 3.8268 4.2973 4.4503 4.6148 4.8921 5.1126 4.6711 4.2413 4.2136 4.2919 4.9625 4.7426 4.5620 4.8055 4.0367 1.7691 
5.9041 6.6011 5.6192 5.7283 5.5567 5.3044 5.3778 5.0349 4.3323 5.1736 5.5321 4.7763 4.3987 4.9216 3.7563 4.8583 4.4439 4.7548 3.5444 4.6289 4.0464 4.3681 5.0056 4.5762 3.5740 4.1919 4.3976 4.1654 4.2335 4.1894 3.7190 4.1028 2.0925 
5.7276 6.0533 6.0896 6.6420 5.8339 5.9044 5.6480 4.5293 4.5307 4.5472 3.3269 4.0948 4.9583 3.9870 4.9067 4.2815 4.0408 4.1768 4.6990 3.7827 4.5893 3.7138 2.8189 3.9421 3.8341 3.7184 4.6544 4.7636 4.4944 5.0483 4.1635 3.5697 1.9941 
6.5322 6.7062 6.4015 5.7832 5.5098 5.7654 5.3416 5.9570 5.7600 5.0875 4.0138 3.5678 3.6183 3.7125 2.8662 3.3826 3.9289 3.3103 2.7109 3.4383 3.2860 3.1858 3.5082 4.4750 5.0479 5.0919 4.3864 4.6210 4.1742 4.2384 4.5000 4.2785 2.8676 
4.6800 5.4985 5.5380 5.6417 5.8768 5.3259 5.3892 4.6938 5.4914 4.6255 4.6177 5.0711 4.8794 4.5385 3.4917 3.5496 4.2294 3.4565 3.3552 4.3368 4.5090 4.6397 4.1150 4.0079 4.7333 3.8751 4.4000 4.1975 4.5458 4.0723 3.6497 3.0080 0.9305 
5.2412 5.4755 6.4072 5.9033 6.0084 5.1839 4.9965 4.8934 4.9350 5.3644 4.9504 4.9887 4.7147 3.2266 4.6435 4.7673 4.0370 4.6690 4.4927 2.9561 4.3992 4.5508 4.4170 4.7386 4.1811 4.0072 4.0068 4.0443 4.6314 4.3608 4.5147 2.9886 1.9238 
4.9149 6.3586 6.3986 6.4048 4.4631 4.8704 5.3901 5.0440 4.9741 5.4374 5.6060 5.0871 4.9031 4.8086 4.4332 4.6768 4.0226 4.5900 4.2879 4.5450 4.5250 4.6546 5.0865 4.8103 4.2660 4.2026 4.4071 3.7412 3.0989 4.8732 4.5054 3.9360 1.9020 
6.4299 6.7234 5.9665 6.3957 4.3475 5.7191 5.8680 5.6580 5.5890 5.3257 5.1775 5.1569 4.7281 4.9263 4.3722 4.3923 3.9708 4.3335 4.1918 4.6380 4.4066 4.7572 4.6687 4.7010 4.8966 4.8409 4.9186 4.5808 2.8697 4.8619 4.0158 4.3059 2.9174 
5.8185 6.6136 6.2982 5.6635 4.9324 4.8397 5.1358 5.3866 4.9712 3.2347 4.6772 5.5509 5.1331 5.4360 4.9780 4.9912 4.8156 4.9288 4.8240 5.1516 4.8244 5.1119 4.1772 2.6559 4.2604 4.5192 4.1640 3.6846 3.5656 4.0705 4.4133 4.0887 1.4029 
5.6534 6.7200 6.0978 5.8717 5.3996 5.8330 5.6455 5.3339 5.4348 4.9920 5.5938 5.2873 4.3113 4.4246 4.9444 3.9944 4.0212 3.9199 4.7640 4.1748 3.9433 4.9062 5.0745 4.3868 4.6726 4.4789 4.6510 4.6954 4.0197 4.3351 4.1478 4.2888 0.5926 
4.5884 5.8651 5.8648 4.6567 5.7796 4.6020 5.0444 5.0675 5.3020 4.8112 5.1870 4.2005 2.9764 3.9046 3.9271 3.8814 4.3146 3.8117 3.7887 3.6685 2.6649 3.7932 4.6809 4.1782 4.5706 4.2460 4.0464 3.4505 4.4674 3.1801 3.9512 3.4397 1.0915 
6.1894 6.6693 5.1997 6.4923 6.1113 5.8607 5.0209 5.3293 5.7790 5.6390 5.5971 5.1534 5.1365 4.5962 3.8326 3.2140 3.9490 3.1152 3.6726 4.3855 4.8309 4.7447 5.0754 5.0285 5.0666 4.4830 4.0285 4.7191 4.7768 4.9400 3.2764 4.1993 2.3022 
6.1054 6.1013 4.4523 5.0669 4.3538 4.7462 5.7066 5.9669 3.9527 5.5875 5.2010 5.1479 4.7958 3.3694 4.5589 4.3892 4.4635 4.3265 4.4140 3.1598 4.4534 4.7360 4.6870 4.9814 3.2153 5.0983 4.7365 3.6085 3.0071 3.4996 2.5937 3.6201 2.4771 
6.4064 6.7505 4.7170 6.2634 6.0258 5.5423 5.6969 5.6590 5.2465 5.6129 4.9757 4.9836 5.0368 4.4737 4.2312 3.9365 4.0095 3.8628 4.0336 4.2410 4.6983 4.5515 4.4448 5.0056 4.5305 4.8416 4.7160 4.4066 4.6423 4.6931 2.6681 4.3157 2.6220 
6.3215 6.5826 6.0912 5.7069 5.2422 5.0519 5.6026 3.5864 4.5383 4.6684 5.4914 5.1634 5.0204 4.0774 2.6367 3.4080 2.7409 3.3387 2.4079 3.8512 4.6743 4.7670 4.9628 4.0501 3.8325 2.7489 4.6010 3.9072 3.9227 4.1413 4.1653 4.0799 2.6636 
5.5048 6.0064 6.4397 6.4364 5.7830 5.6657 5.2425 5.3770 5.2322 5.0004 4.6385 3.5174 5.0561 4.5334 3.9170 4.3396 3.8230 4.2309 3.7755 4.3254 4.7237 3.1637 4.1324 4.3903 4.5107 4.5195 4.2845 4.5356 4.4618 4.9095 4.5436 3.5138 1.5964 
5.5649 6.4103 6.7164 6.2549 5.9395 5.5154 5.0409 5.3678 4.7302 4.9126 4.5631 4.9343 5.5062 4.3486 4.2880 3.9382 4.0059 3.8644 4.0803 4.0473 5.1434 4.4915 4.0427 4.2939 3.9886 4.5100 4.0490 4.3721 4.5843 4.6783 4.8381 3.9758 1.8971 
6.0708 4.7542 6.5984 6.5205 5.4672 5.5512 4.4476 4.3048 5.0886 5.3654 5.5762 5.1659 4.3022 4.9860 5.0227 4.5833 4.4354 4.5067 4.8950 4.7322 3.9443 4.7676 5.0533 4.7409 4.3879 3.4304 3.4492 4.4090 4.0591 4.9540 4.6709 2.1504 2.6675 
6.6395 6.7096 6.1132 6.0887 6.0990 5.2981 5.1914 5.5080 5.1328 5.4407 5.0124 4.8787 5.5633 5.1786 4.9378 4.5902 4.9215 4.5252 4.7544 4.9642 5.2099 4.4361 4.4883 4.8142 4.4166 4.6247 4.2424 4.1427 4.7576 4.5055 4.1911 4.2649 2.9700 
5.9054 6.7075 5.1062 6.0229 4.8871 4.5587 5.3139 4.9151 5.0350 5.4303 4.9094 5.5339 5.4876 4.7790 4.5827 4.0168 4.0168 3.9482 4.4397 4.5219 5.1184 5.0939 4.3827 4.7994 4.3450 4.0168 4.3566 3.4400 3.4720 4.4191 3.3045 4.2423 1.6794 
6.4628 7.0231 6.7830 6.6288 5.9778 6.1553 6.1617 5.1487 4.9652 5.1548 5.5635 5.8025 5.6118 5.1802 5.1599 4.8848 4.4176 4.7774 5.0177 4.9660 5.2732 5.4173 5.0453 4.5507 4.2485 4.3343 5.1598 5.0211 4.6039 5.0339 4.9101 4.5752 2.6426 
5.1089 6.5002 6.0057 4.8600 5.7425 4.9952 5.6437 4.6960 3.9321 5.4676 5.1468 5.2864 5.1145 4.5180 3.8092 3.7884 4.5510 3.7102 3.6259 4.3061 4.7993 4.9065 4.6186 4.8387 3.2509 3.8536 4.6532 3.8646 4.4486 3.2602 4.0390 4.0441 1.7477 
4.9676 6.7209 5.8954 6.4466 5.7582 5.4897 4.9566 5.1459 4.7542 5.3531 5.1529 5.3121 4.2300 3.9982 3.1421 3.3117 4.0157 3.2457 2.9370 3.7869 3.8856 4.9207 4.6345 4.7282 4.0092 4.3428 3.9467 4.3492 4.4433 4.9174 3.9700 4.3039 0.8205 
4.9184 6.1641 6.6323 6.7139 6.0461 5.7304 5.5367 5.6015 5.5260 3.5829 4.9189 4.3556 4.9800 4.9160 3.8016 4.7515 4.0264 4.6552 3.6182 4.6219 4.6195 3.9092 4.3886 2.9902 4.7918 4.7598 4.5371 4.5919 4.6607 5.1340 4.7023 3.7745 1.5725 
5.7495 6.6747 5.2383 5.7185 5.2141 5.4340 5.7672 5.5773 5.1004 5.1467 4.4390 5.0683 4.5855 4.5675 4.0316 4.6065 4.8460 4.5428 3.8839 4.3547 4.3017 4.6329 3.9215 4.5334 4.3921 4.7224 4.8256 4.2986 3.9065 4.1685 3.2985 4.2144 2.6413 
6.0363 6.1389 6.1543 5.7252 5.5159 5.7481 4.4734 4.6118 4.9643 5.1758 5.1545 4.1002 4.0986 4.9072 4.8420 4.2947 3.7796 4.1871 4.6406 4.6089 3.8068 3.7060 4.6366 4.5724 4.2434 3.8059 3.4507 4.6120 4.1701 4.1662 4.2722 3.7167 2.5394 
4.7065 5.7613 6.1095 5.9850 5.3054 5.6061 5.2540 4.4196 4.8663 4.9373 4.7706 5.5996 5.1660 4.4321 4.8534 3.8126 4.3513 3.7381 4.6530 4.1838 4.8812 5.1601 4.2552 4.3386 4.1092 3.5512 4.3059 4.4736 3.9608 4.4035 4.2114 3.3422 0.7009 
5.5605 6.0551 5.1694 6.4579 4.9701 4.9168 5.2378 5.2766 5.3768 5.4505 5.5486 5.6184 4.6010 4.8558 4.9141 4.1865 3.0777 4.0910 4.7131 4.5761 4.3180 5.1771 5.0259 4.8222 4.6261 4.4390 4.3031 3.7746 3.6670 4.9200 3.3157 3.5681 1.7343 
2.9992 6.0122 6.3205 6.0393 4.6470 5.6369 5.4762 4.8491 4.2933 4.4862 5.4791 4.7747 4.8164 3.3581 3.6574 3.8896 4.6146 3.8278 3.4671 3.1377 4.4692 4.3688 4.9487 3.8836 3.5257 3.9720 4.4588 4.5004 3.3633 4.4413 4.4398 3.5715 0.3074 
3.6606 6.2791 6.2932 5.7937 5.0631 3.7025 4.2235 5.5201 4.5361 5.2474 5.3635 3.9481 3.8849 5.0226 3.4460 4.5536 4.2755 4.4767 3.3122 4.7818 3.5491 3.5285 4.8602 4.6305 3.8143 4.6452 3.2299 2.6346 3.7785 4.2442 4.4198 3.8518 1.1574 
4.9291 6.4017 6.4385 6.3828 5.4592 5.6997 5.9819 5.2196 5.0370 4.9655 5.2308 4.5992 3.6564 4.4889 3.1047 3.6728 2.0716 3.5742 2.9089 4.2637 3.3184 4.1991 4.7253 4.3626 4.3443 4.3981 4.9886 4.5664 4.0755 4.8440 4.5339 3.9781 1.7360 
3.0483 6.0824 6.2175 6.1353 5.7006 5.6308 5.1362 5.5629 5.5932 5.1055 5.4750 4.9197 4.5763 4.9750 4.3878 3.1061 4.3699 3.0372 4.2078 4.7100 4.2813 4.4743 4.9437 4.4962 4.9000 4.7066 4.1570 4.4922 4.3903 4.5540 4.3620 3.6133 1.1345 
5.2643 6.1424 6.0555 5.5802 5.5375 5.1333 4.1860 5.4834 5.3852 4.7289 5.1524 5.4640 4.3355 4.5725 4.8281 4.2363 3.3361 4.1260 4.6276 4.3646 3.9531 5.0120 4.6373 4.0983 4.6285 4.5903 3.2395 3.9895 4.2051 3.9999 4.1334 3.6904 1.3688 
5.9979 6.3732 6.4067 6.2576 5.8302 5.8822 4.9524 5.5372 5.4795 6.0741 5.8394 5.4977 3.2425 4.1703 4.4914 2.3105 3.3155 2.2818 4.3600 3.9264 2.8701 5.0470 5.3343 5.4726 4.7117 4.6675 3.9492 4.7401 4.5048 4.6776 4.5101 3.9517 2.5288 
5.5306 6.0780 5.0914 6.1868 5.2714 5.2734 4.8834 5.0313 4.8656 5.2655 2.7953 4.7146 3.9389 4.5809 4.5929 4.4671 4.4699 4.3986 4.4520 4.3704 3.6083 4.3373 2.2581 4.6440 4.0977 4.1863 3.8749 4.1407 3.9259 4.6096 3.2319 3.5727 1.6032 
5.9991 5.9711 6.1413 4.5721 5.1484 5.0246 5.1220 4.4481 5.5740 4.7123 4.2388 4.3937 4.9184 4.6195 4.4627 4.6024 2.9980 4.5343 4.3364 4.4038 4.5488 3.9606 3.7470 4.0786 4.8778 3.6043 4.1317 3.8745 3.8637 3.0716 4.2541 3.4395 2.3701 
4.5636 6.3912 5.9671 6.2848 6.2204 3.6527 5.5138 5.3981 4.5022 4.7946 5.1081 5.0677 4.9067 4.3834 4.1078 3.9078 4.3964 3.8375 3.9550 4.1056 4.5316 4.6379 4.5837 4.1639 3.8044 4.5262 4.5068 2.6463 4.9238 4.7238 4.0238 3.9559 0.2062 
5.2736 5.3729 6.1118 6.2586 4.3040 5.3170 4.5423 5.6737 5.4263 4.4764 5.5385 5.6759 4.4698 3.6835 4.2123 4.9152 2.6304 4.8176 4.0304 3.4187 4.1224 5.2502 5.0144 3.8698 4.6592 4.8643 3.5709 4.1807 2.9877 4.6905 4.2124 2.8640 1.2835 
5.2960 6.2194 4.9628 5.6948 6.0481 3.9999 5.2898 5.5521 5.2365 5.5742 5.1756 4.8046 4.2577 3.8455 2.5915 4.1215 3.6538 4.0319 2.4184 3.5779 3.9051 4.3839 4.6690 4.9686 4.5185 4.6855 4.3454 2.8409 4.6741 4.1366 2.9914 3.7988 1.5652 
2.5112 4.8694 4.8921 6.5268 6.6668 6.0000 6.1714 5.1447 4.9078 4.0783 5.0443 5.2900 4.1559 5.3712 4.3513 4.5824 4.2669 4.5082 4.1543 5.1079 3.8326 4.9072 4.5281 3.4674 4.1414 4.3337 5.1707 4.8579 5.3229 4.9679 2.8855 2.4686 0.6689 
3.0289 5.4454 5.7169 6.2030 5.6187 5.5250 5.1532 5.0520 5.0385 5.2365 5.5079 4.7479 2.6714 3.7588 4.3944 4.3440 4.5402 4.2440 4.2238 3.4555 2.2637 4.3518 4.9823 4.6112 4.3508 4.2173 4.1760 4.3854 4.3303 4.6178 3.8683 2.8728 1.3741 
3.8884 6.5849 6.5537 6.5167 6.6802 5.5509 4.9749 5.3477 4.9324 4.7434 5.2170 5.5250 4.9163 4.6496 4.4839 3.7879 3.4302 3.6971 4.3520 4.4262 4.5444 5.0821 4.7132 4.1231 4.1880 4.4902 3.9808 4.4007 5.3429 4.9608 4.6036 4.1199 1.3293 
5.6654 6.1488 6.1056 5.4819 5.9407 5.9570 4.6434 5.4440 5.5219 5.4963 4.7710 4.9759 4.7295 4.4502 4.5466 4.8267 3.4111 4.7231 4.4050 4.2079 4.4085 4.5359 4.2824 4.8813 4.7899 4.5650 3.7160 4.8173 4.5889 3.8769 4.2152 3.7113 2.2959 
6.3424 6.8572 5.6342 5.9597 5.5487 5.4792 5.5168 5.4031 4.9049 5.3687 5.5613 5.1041 4.6829 4.3593 4.9127 4.6607 4.5064 4.5807 4.7091 4.0736 4.3821 4.6761 5.0387 4.7403 4.1293 4.5269 4.5084 4.3465 4.2324 4.3957 3.7373 4.4081 2.2520 
5.1586 6.7547 5.6648 5.7870 5.9576 5.5404 5.5968 5.7349 3.7396 5.8354 5.6205 4.1648 5.1050 4.6770 4.7051 4.5079 4.4760 4.4350 4.5421 4.4471 4.7886 3.7698 5.1013 5.2148 3.0111 4.9342 4.5947 4.4001 4.5888 4.2340 3.7778 4.3251 1.7308 
5.7053 5.6602 6.0526 6.0811 5.3253 5.2777 4.9274 5.4799 5.0231 4.1486 4.5839 5.0696 4.6888 4.8782 3.5745 4.2190 3.4089 4.1186 3.3959 4.5858 4.3896 4.6360 4.0731 3.5174 4.3322 4.5860 3.9111 4.1424 4.0062 4.4832 4.1150 3.2532 2.1101 
4.7174 6.7277 5.9900 5.9520 5.4847 5.8953 5.9144 6.0943 4.3806 5.6622 5.6993 5.6301 4.8635 5.0037 4.7441 4.3722 3.4975 4.2950 4.5726 4.7585 4.4944 5.1948 5.1728 5.0515 3.6225 5.2156 4.9500 4.7621 4.1070 4.3808 4.0259 4.2907 1.7364 
5.7001 6.8830 6.8350 6.6528 5.9952 5.7862 6.1002 5.7184 5.2658 4.0022 5.1880 4.9583 5.3136 3.8172 5.1461 4.5904 4.1177 4.5187 4.9971 3.5796 4.9893 4.5167 4.6838 3.3901 4.5440 4.9114 5.0968 4.6524 4.6327 5.0572 4.9592 4.4648 2.4726 
6.0141 6.3542 6.3486 6.3817 5.8882 5.1279 5.7374 6.0991 5.4946 4.3373 4.5575 4.4657 4.3860 4.5805 3.9561 3.8731 1.2464 3.8063 3.8157 4.3703 4.0206 4.0246 4.0313 3.7097 4.7352 5.2239 4.7902 3.9837 4.5460 4.8449 4.4769 3.9122 2.3077 
6.6935 6.8852 6.6739 5.7559 5.8701 5.4647 5.2799 5.4146 4.6341 5.3423 5.3610 4.0642 4.0943 4.4827 3.8161 3.3091 4.2002 3.2442 3.6415 4.2563 3.7996 3.6807 4.8590 4.7178 3.9298 4.5380 4.3394 4.3226 4.5359 4.2270 4.7482 4.4624 3.0311 
5.1036 5.9360 6.2506 5.1439 6.1230 6.2060 6.2557 6.4100 5.7093 5.1181 4.5417 4.1953 4.9382 2.7930 3.6936 4.8507 4.4820 4.7495 3.5117 2.6173 4.5760 3.8003 4.0138 4.5044 4.9920 5.5765 5.2766 5.0708 4.8018 3.6490 4.3830 3.4472 0.7246 
5.6094 6.1842 6.3263 5.6974 6.2044 5.4244 5.0482 5.6094 4.6344 5.5672 5.6980 5.1709 5.4604 5.0021 4.0229 4.3363 5.0100 4.2402 3.8870 4.7533 5.0911 4.7790 5.1686 4.9620 3.9094 4.7678 4.0510 4.2666 4.9118 4.1606 4.4346 3.7869 1.6845 
5.8883 6.4897 6.3287 5.7160 6.0521 5.2078 5.4895 5.5201 3.5651 5.3633 5.7945 4.9797 5.0174 3.9744 4.5181 3.3912 3.6188 3.3196 4.3816 3.7704 4.6714 4.5363 5.2877 4.7395 2.8599 4.6446 4.4731 4.0475 4.6866 4.1350 4.4540 4.0161 2.1886 
6.5112 6.7008 6.5224 5.8542 5.3378 5.1940 5.4164 5.3275 5.7284 5.6270 5.5491 5.0250 4.2279 4.7017 4.0135 4.3519 1.2908 4.2587 3.8722 4.4614 3.8958 4.5863 5.0229 5.0159 5.0258 4.4815 4.4181 4.0622 3.9980 4.3235 4.5868 4.2670 2.8923 
6.0169 6.8971 5.5665 5.9739 5.1486 4.5203 4.2063 4.5897 5.5037 4.5402 5.5986 5.1097 4.9251 4.9412 5.1479 4.9757 4.5475 4.9141 4.9976 4.6553 4.5585 4.6855 5.0784 3.9309 4.7564 3.7888 3.2302 3.3843 3.8363 4.3922 3.5758 4.4563 1.4918 
6.1311 6.8988 5.8415 6.1910 5.4061 5.5610 5.1045 3.9870 4.3984 5.2963 4.4871 4.7372 3.9233 3.3507 4.3741 4.5783 4.5156 4.5023 4.1973 3.1416 3.5765 4.3480 3.9677 4.6772 3.6646 3.2034 4.1207 4.4220 4.0337 4.6067 3.9004 4.4606 1.8785 
5.3531 6.3228 6.4846 6.1425 5.5269 5.5352 3.6215 5.0787 4.5342 5.3473 5.3449 5.0346 3.8552 4.2103 4.9530 4.5933 3.9644 4.5220 4.7818 3.9645 3.4999 4.5946 4.8460 4.7210 3.8399 4.2470 2.7290 4.3873 4.1922 4.5561 4.5826 3.8779 0.5289 
5.8017 6.4055 5.0628 6.7315 6.3490 5.6852 5.5380 5.1348 5.7911 5.5873 4.4834 4.4839 4.3797 4.0046 3.8377 3.0316 2.7229 2.9407 3.6764 3.7924 4.0128 4.0544 3.9698 4.9766 5.0776 4.3413 4.5402 4.5395 5.0335 5.1527 3.2733 3.9535 1.9870 
6.1666 6.6585 6.3499 6.0524 5.7264 5.3054 5.5366 5.7270 4.8102 5.3336 5.6839 5.6280 4.4452 4.9093 4.9193 5.0239 4.6504 4.9571 4.7246 4.6083 4.0982 5.1916 5.1581 4.7162 4.0571 4.9282 4.5398 4.1770 4.4182 4.4563 4.4660 4.1892 2.4236 
6.5441 6.7326 5.6546 5.8181 5.3788 5.0359 4.6992 5.4272 5.4418 5.6883 5.3043 4.6575 4.4361 5.1126 3.3186 3.8226 4.4150 3.7699 3.1877 4.9080 4.0928 4.2689 4.8000 5.0745 4.6766 4.5517 3.7705 3.8919 4.0187 4.2843 3.7559 4.3008 2.8391 
6.5020 6.3340 6.3760 6.1993 4.9417 5.6576 5.2168 4.5895 4.7814 5.4895 5.1084 5.0414 4.8692 3.5812 4.9398 4.4867 4.2666 4.4150 4.7588 3.3337 4.5054 4.6002 4.5846 4.8743 4.0306 3.7923 4.2605 4.5210 3.5782 4.6158 4.4855 3.9082 2.8808 
5.5881 5.1519 6.0883 5.9975 5.5545 5.7627 5.6901 5.6281 5.7020 5.5588 4.4840 5.0517 5.2896 4.8793 5.0787 4.6288 3.6837 4.5576 4.9440 4.5874 4.9757 4.6152 3.9619 4.9519 4.9897 4.8007 4.7078 4.6232 4.2264 4.4078 4.1883 2.6460 1.7462 
4.7251 5.1755 5.6986 5.5288 6.0732 4.6826 5.5878 6.0227 5.1964 5.0751 4.9778 5.3684 5.2325 4.6696 3.8586 2.9225 2.2136 2.8493 3.7120 4.4379 4.9371 4.9537 4.4582 4.4618 4.4839 5.1403 4.5894 3.5369 4.7102 3.9648 3.8133 2.8094 1.3862 
3.6162 5.6413 6.0113 5.8275 6.0905 5.1555 5.3428 5.2940 5.4482 5.5849 5.6685 5.1545 3.9098 3.9337 3.9454 3.6842 3.5096 3.5830 3.8037 3.7006 3.6004 4.7450 5.1487 4.9789 4.6881 4.4503 4.3812 4.0080 4.7447 4.3057 4.0701 3.2377 -0.3032 
5.5943 5.3419 5.1887 6.1735 4.3588 4.9819 5.5329 4.9442 4.9737 5.3177 4.9229 4.8943 4.7915 5.1053 5.0410 2.8791 3.5376 2.8096 4.9109 4.9053 4.4485 4.4454 4.3917 4.6923 4.2533 4.0599 4.5332 3.8491 3.0323 4.5865 3.3266 2.8619 1.9924 
4.9787 5.9346 5.9576 5.6362 5.7347 4.6722 5.1163 5.6807 4.7140 3.9211 5.2623 4.4929 4.8258 5.0732 4.9454 4.5635 0.1174 4.4827 4.7688 4.8591 4.4768 4.0565 4.7585 3.3173 3.9823 4.8677 4.1511 3.5389 4.4309 4.0818 4.0357 3.4080 -1.7307 
4.5693 5.9020 5.5584 3.9333 5.0458 5.2405 4.2932 5.5965 5.0478 5.4378 5.1818 5.2780 4.9826 4.6610 4.5448 3.3716 3.2514 3.2910 4.4007 4.4334 4.6266 4.9012 4.6717 4.8089 4.3462 4.7543 3.3014 4.1041 3.7498 2.2110 3.6871 3.4081 1.8308 
5.6275 6.6795 6.0034 6.0183 5.1565 5.2274 5.2394 5.0541 5.1844 5.2583 5.3035 5.1158 5.3592 4.6972 3.5180 4.1970 4.4378 4.1055 3.3571 4.4551 5.0195 4.6991 4.8015 4.6363 4.4827 4.2149 4.3076 4.0816 3.8705 4.4288 4.0501 4.2314 1.8726 
6.2718 6.9404 5.8120 6.1695 5.7155 5.3980 4.4672 5.2278 4.6732 5.0181 5.2441 5.0820 4.9956 5.0381 4.8205 4.0834 3.5394 4.0067 4.6228 4.8053 4.6422 4.6501 4.7400 4.4115 3.9570 4.4059 3.4954 4.2550 4.4062 4.5874 3.8954 4.4951 2.5067 
4.6418 6.0227 5.6144 4.8822 6.0532 5.7287 5.0627 5.8802 5.5172 5.2133 5.4231 4.4547 4.2611 4.7775 3.8907 3.7490 3.6559 3.6462 3.7580 4.5190 3.9124 4.0140 4.9151 4.5944 4.7741 5.0388 4.0484 4.5936 4.6855 3.3057 3.7325 3.5092 0.0262 
6.0612 5.8448 6.0987 6.3857 5.8868 5.6529 5.1846 4.9237 5.3887 5.1974 3.3728 4.6084 4.2892 5.0533 4.5776 3.8400 3.8872 3.7876 4.4230 4.8281 3.9453 4.2231 2.8458 4.5814 4.6353 4.0321 4.2417 4.5095 4.5492 4.8557 4.2055 3.3916 2.6036 
