4.1987 4.8393 5.2306 4.3471 5.2748 5.5747 4.4654 3.8408 3.8446 4.0287 3.6048 4.1960 4.2978 4.5508 4.3878 3.5434 2.6368 3.4634 4.2617 4.3360 4.0096 3.8184 3.1763 3.4970 3.2581 3.1467 3.6480 4.6156 4.1943 2.9870 3.6383 2.7802 0.6289 
5.6244 4.8071 4.2577 4.4611 4.1321 4.1314 2.5839 3.0937 3.2695 3.1049 3.4915 3.5195 3.0196 3.0370 3.0848 3.2294 2.9824 3.1394 2.9434 2.8410 2.7710 3.1970 3.0659 2.5774 2.6482 2.3767 1.7949 3.1695 2.9697 3.1675 2.6353 2.7012 2.5924 
4.8370 4.0193 3.8161 4.1486 4.2414 3.4403 3.4159 2.9813 2.7072 2.9828 2.6028 2.5358 2.2086 2.8210 2.7656 2.3941 2.6042 2.3426 2.6028 2.6176 1.9043 2.2182 2.1916 2.4731 2.0660 2.3114 2.5959 2.4823 3.1102 2.8099 2.2502 2.0545 1.8192 
5.0810 4.5291 3.9285 3.8741 3.0798 3.3065 3.2717 3.2576 3.3259 3.2530 2.7532 2.9261 2.8133 2.9255 2.8781 2.5348 2.6531 2.4718 2.7671 2.7524 2.5094 2.5691 2.3029 2.7425 2.7419 2.5118 2.4230 2.3443 1.9406 2.5416 2.3381 2.4187 2.0491 
5.0962 4.3090 3.7270 3.2616 3.4277 2.8897 2.5283 2.5970 2.3223 2.3936 2.3804 2.4388 2.4103 1.9320 1.5213 1.1051 -0.0707 1.0344 1.4054 1.7445 2.1354 2.0813 1.9436 1.8787 1.7224 1.8856 1.7420 1.9289 2.3265 1.9293 2.0921 2.2148 2.0814 
3.8522 3.4371 3.0830 2.3588 2.9633 2.8730 2.5477 2.2173 2.3683 2.4486 2.4894 2.0127 1.6121 1.2837 2.1252 1.7511 0.9223 1.6594 1.9817 1.0494 1.3435 1.6709 2.0593 1.9287 1.7890 1.4834 1.7489 1.9142 1.8779 1.0295 1.4743 1.4335 0.8725 
3.8436 3.2696 2.1736 1.4773 2.6560 2.2467 1.8012 1.5075 1.8623 2.3658 1.9142 1.9082 1.7521 0.8492 1.4861 1.5105 1.8504 1.4435 1.3613 0.6195 1.4440 1.5359 1.4695 1.8540 1.2641 0.8270 0.9553 1.3086 1.5157 0.1131 0.6040 1.2460 0.8885 
4.3357 3.2809 2.8570 2.3101 2.8797 2.0380 2.4964 1.1148 1.7391 2.3030 1.8540 2.0713 1.7196 2.4403 2.1862 1.7615 1.3346 1.6746 2.0233 2.2692 1.4245 1.7406 1.4189 1.7929 1.0937 0.4207 1.6922 1.0959 1.7967 0.9811 1.2579 1.0846 1.3462 
2.4771 3.2617 2.0303 2.7786 1.8510 2.4852 2.4210 2.3680 0.2882 0.9572 1.4575 1.0384 0.4189 1.8983 1.6095 1.9024 1.7090 1.8436 1.4733 1.7059 0.1084 0.7245 1.0129 0.4139 -0.3198 1.6538 1.5836 1.5235 0.7235 1.4285 0.3699 1.1701 -1.4308 
4.3231 3.6032 3.0776 2.3472 3.0685 3.3577 3.8504 3.7956 3.3163 2.5443 3.3500 3.3931 3.3943 3.1802 2.4933 2.1640 2.7672 2.0866 2.3703 2.9478 3.1257 3.0327 2.9146 2.0242 2.7193 3.0761 3.0172 2.4033 1.9536 0.9951 1.4651 1.4706 1.3316 
3.1099 3.1983 1.8743 3.7264 3.7209 3.7520 4.3760 4.0913 3.3321 3.2964 4.2719 4.1749 2.6758 3.3413 3.3491 3.0477 2.8335 2.9714 3.2381 3.1516 2.3964 3.7966 3.8305 2.7950 2.7548 3.3673 3.5498 2.8007 2.5697 2.3815 0.3724 1.0881 0.1626 
3.8032 3.7395 3.8274 4.1010 4.0007 3.4884 2.4841 3.7066 3.7072 3.1966 3.5918 3.7389 3.4336 2.4722 3.1618 2.9703 2.4578 2.9124 2.9962 2.2941 3.1774 3.3622 3.1739 2.6642 3.0575 2.9566 1.6484 2.5203 2.8916 2.7846 2.2701 1.6691 0.7909 
4.3758 4.2198 4.2563 4.2358 3.5236 4.0370 4.4339 2.7869 3.5998 3.3776 3.9269 3.3887 2.7007 2.4402 2.7892 2.5352 2.4023 2.4715 2.6462 2.2610 2.3977 3.0220 3.4967 2.8703 2.9636 2.0723 3.6344 3.0851 2.4012 2.8951 2.6684 2.1363 1.4061 
3.8683 3.2697 3.3178 3.4081 3.4457 3.1673 3.3567 3.1034 2.8384 2.7715 2.7171 2.2074 2.3433 2.1311 2.5097 2.1411 1.7244 2.0563 2.3876 1.9233 2.0463 1.8494 2.2829 2.2590 2.2450 2.3931 2.5214 2.2090 2.3508 2.0842 1.6870 1.1409 0.7940 
4.4266 3.4565 3.9167 3.9580 3.3500 3.9706 2.8677 3.3199 3.5071 2.7889 3.1100 2.3641 2.8302 3.0726 2.9851 2.5923 1.2040 2.5075 2.8613 2.8692 2.5404 2.0014 2.6867 2.2857 2.8998 2.6134 2.0050 3.0141 2.2473 2.6622 2.3380 1.4327 1.4387 
4.7760 3.7701 3.0466 3.1843 2.4765 2.3224 2.6295 2.6070 2.4830 1.9922 1.8603 0.7357 1.3672 2.0784 2.3795 1.9153 1.5885 1.8506 2.2691 1.8882 1.0829 0.4178 1.4217 1.4820 1.8842 1.8971 1.8253 1.3642 1.3809 1.8510 1.4324 1.5998 1.7983 
3.8104 3.8802 3.7353 2.9626 3.5240 3.5959 2.6910 2.2372 2.3057 2.4187 2.3776 1.8341 2.2747 2.1404 1.6510 1.3909 1.1619 1.3309 1.5042 1.9263 1.9608 1.4635 1.9351 1.9079 1.6764 1.5028 1.8444 2.6328 2.4156 1.6779 2.1039 1.8419 0.8384 
4.8347 4.3696 3.5979 3.5586 3.3997 3.3749 3.2964 2.7253 3.0808 2.9558 2.8402 3.0439 2.8601 2.4722 2.7403 2.6518 2.4494 2.5680 2.5666 2.2915 2.5737 2.7221 2.4006 2.4413 2.4667 1.9804 2.4550 2.4154 2.3000 2.2668 1.9807 2.2937 1.8445 
4.9604 3.9810 3.3642 3.3516 2.7023 2.3211 2.1422 2.3856 2.3939 2.2925 1.9485 2.1481 1.2647 1.7485 1.8553 1.8934 0.9539 1.8371 1.7245 1.5104 0.9656 1.8123 1.5126 1.7838 1.8064 1.6875 1.3473 1.3496 1.5403 2.0216 1.7977 1.8657 1.9702 
4.2542 4.1714 3.7161 3.4925 3.2704 3.1541 2.9400 2.8543 2.7683 2.7580 2.6892 2.3304 2.7440 2.4276 2.4430 2.2150 2.2820 2.1274 2.3214 2.2525 2.4291 1.9640 2.2690 2.2325 2.1394 2.1455 2.1112 2.1993 2.1389 2.1964 2.0816 2.0613 1.2702 
4.8058 4.2861 3.7619 3.2500 3.0917 2.9813 2.4542 2.9149 2.6051 2.5030 2.7252 2.3933 2.5802 2.3532 2.1702 2.1127 2.2688 2.0325 2.0097 2.1436 2.3186 2.0257 2.2876 1.9930 1.9877 2.2302 1.6279 2.0213 1.9670 1.9037 2.1456 2.2016 1.8340 
4.3028 3.3192 3.0133 2.8263 2.7116 1.4395 1.3044 2.0687 1.9837 2.1085 2.2778 2.1790 1.8581 1.5890 1.0357 1.1628 0.8666 1.0885 0.9138 1.3972 1.5615 1.8292 1.8326 1.5827 1.3841 1.3743 0.4522 0.4661 1.5538 1.4876 1.4066 1.1473 1.3091 
4.1512 3.7891 3.3741 3.0707 2.6086 2.2983 2.6623 2.5518 2.4494 1.7812 2.2582 2.0413 2.3497 1.8290 1.9578 1.9067 1.9918 1.8489 1.8395 1.5918 2.0547 1.7092 1.8163 1.2405 1.8521 1.8562 1.8383 1.3423 1.4816 1.7840 1.7992 1.7158 1.1393 
3.8663 3.2476 3.0043 2.2564 2.0117 1.9053 1.9681 1.4095 1.6924 1.1315 1.0207 1.7301 1.4123 1.3981 1.5563 1.6195 1.5174 1.5404 1.4374 1.2006 1.1146 1.3723 0.5638 0.6013 1.0664 0.6762 1.1480 0.9533 0.9246 0.9080 1.4130 1.1023 0.8788 
3.5501 3.2472 2.7587 2.7837 2.8027 2.6568 1.9054 2.2004 1.3651 1.9389 1.6595 1.1314 1.5912 1.9833 1.8148 1.4932 1.1452 1.4291 1.6599 1.8049 1.3391 0.8193 1.2319 1.4252 0.7503 1.4695 1.0593 1.6956 1.6762 1.4448 1.1246 1.1290 0.5558 
4.2836 3.3813 2.8358 1.8912 1.4162 2.4764 2.3821 2.0767 1.8879 1.3219 1.3740 1.3581 1.2173 1.5046 1.7474 1.3167 0.5193 1.2404 1.5776 1.3228 0.9189 0.9781 0.9283 0.7959 1.3081 1.3793 1.5359 1.5125 0.2544 0.5517 1.2152 1.2453 1.2775 
3.2873 3.3234 2.9599 2.5352 1.8908 1.7856 2.2838 1.9947 2.1827 1.5554 0.8577 1.7622 1.5429 1.9373 1.5971 1.9182 2.3379 1.8612 1.4696 1.7590 1.3107 1.3862 0.4281 1.0341 1.5465 1.3208 1.4359 0.8110 0.8096 1.2347 1.3729 1.2974 0.3973 
2.6765 2.0332 2.7989 2.6312 2.6587 1.2666 2.1318 2.1017 1.9808 1.4017 1.1673 1.1451 1.2993 1.3530 1.3875 1.6224 0.1946 1.5431 1.2710 1.1261 0.9847 0.8255 0.7473 0.8843 1.3810 1.3980 1.3300 0.3056 1.5163 1.3245 1.1988 0.0757 -0.4041 
4.0803 3.6188 3.2176 2.9633 3.0079 3.2397 3.3113 3.3481 3.3665 3.1981 3.1130 3.1145 2.8990 2.6618 2.5464 2.0035 2.1522 1.9441 2.4165 2.4374 2.6256 2.7752 2.6922 2.6662 2.7775 2.6438 2.4733 2.2808 1.9015 1.6645 1.5708 1.5111 1.0825 
2.6143 3.3176 2.9374 2.6161 2.2333 2.0217 2.0119 1.8270 1.9081 1.3309 2.1530 2.0020 2.0019 1.3660 1.5651 1.9062 1.0608 1.8492 1.4397 1.1505 1.7585 1.6674 1.7352 0.8135 1.3273 1.0858 1.2023 1.0665 1.0949 1.3135 1.3559 1.3087 -0.3528 
4.3996 3.4089 3.0712 3.1516 3.2718 2.7988 2.8612 2.9026 2.4149 1.7570 2.3319 1.5152 2.3905 2.5478 2.2580 2.2047 2.2874 2.1178 2.0848 2.3540 2.1110 1.1772 1.8908 1.2372 1.8237 2.2099 2.0206 1.8307 2.1362 1.8381 1.4740 1.3154 1.4252 
3.7124 2.3527 2.9614 2.4801 1.8618 2.6496 2.5343 1.9313 1.5173 1.8086 1.1468 2.0534 2.2317 2.3799 2.3045 1.9819 0.3796 1.9146 2.1538 2.1855 1.9284 1.7277 0.7263 1.2954 0.9183 1.2312 1.7421 1.6920 0.7138 1.1929 1.3687 0.0465 0.6549 
4.5996 3.8248 3.1830 3.4411 3.3492 3.4081 3.2387 2.3158 2.7657 2.0562 2.2476 2.4305 2.7996 2.6813 2.2087 2.1661 1.9179 2.0829 2.0396 2.4539 2.4921 2.0713 1.8075 1.5322 2.1315 1.5839 2.3822 2.4481 2.2626 2.1345 1.5329 1.7199 1.5818 
3.6094 3.1326 2.6988 2.3499 2.3696 2.4415 2.0589 1.4576 1.9717 0.1009 1.9082 0.7324 1.9120 1.7516 1.6959 1.2380 0.6358 1.1462 1.5362 1.5110 1.6324 0.3695 1.4717 -0.4882 1.3740 0.7420 1.2742 1.4796 1.2772 1.0306 1.0539 1.0317 0.5904 
1.9921 3.3035 3.1627 2.9755 2.6746 2.8074 2.4857 2.5655 2.3133 2.2761 1.8699 2.0955 2.0930 2.2124 2.0524 1.7974 -1.3297 1.7102 1.9237 1.9804 1.8371 1.7734 1.4337 1.7490 1.7000 1.8639 1.6911 1.8472 1.5364 1.6756 1.5541 1.2837 -0.5849 
4.4043 3.5001 1.9912 2.6865 2.7036 2.3285 2.4459 2.1657 1.7591 1.1329 1.8025 1.7173 1.5670 0.7592 1.3979 1.1019 0.7304 1.0340 1.2785 0.5264 1.3274 1.3622 1.3597 0.5967 1.1046 1.4443 1.6233 1.3692 1.5488 1.3576 0.3858 1.3972 1.4317 
4.3170 3.5406 2.6293 2.6652 2.3200 2.1448 2.1463 1.0715 1.9950 1.8295 1.9689 1.9420 1.7126 0.1486 0.3167 1.2504 1.6991 1.1650 0.1588 -0.0544 1.4197 1.5787 1.5249 1.3192 1.3944 0.3751 1.3279 1.1814 1.1763 1.3606 1.0341 1.4454 1.3480 
3.5672 3.6115 3.2970 2.7647 2.1694 2.1609 2.6320 2.4445 2.3000 1.8143 1.8568 1.5548 1.8142 2.1355 1.9953 1.1380 1.7770 1.0494 1.8715 1.9241 1.5128 1.2214 1.4133 1.3082 1.6713 1.7618 1.8226 1.2056 1.0402 1.4140 1.6917 1.5264 0.5536 
4.2769 3.2520 2.4436 2.2678 1.8908 1.8942 1.8096 1.3935 1.6868 1.6532 1.2268 1.4264 1.4689 1.7316 1.8275 1.7443 1.7928 1.6504 1.6775 1.5064 1.2091 1.0481 0.8242 1.1273 1.0498 0.6705 0.9556 0.9228 0.7960 0.9403 0.8821 1.0976 1.3080 
3.2802 3.1462 3.0892 2.4671 2.4408 1.7223 1.6993 2.2750 0.9827 2.1879 1.7149 1.1396 1.4221 1.3701 1.6437 0.9627 1.7108 0.9005 1.5032 1.1563 1.1370 0.8230 1.2925 1.6596 0.3997 1.5199 0.8783 0.7467 1.3452 1.1301 1.4784 1.0529 0.2328 
3.8292 3.3315 3.1159 2.6467 2.3568 2.5133 2.5227 2.4576 1.8060 1.7461 1.1839 1.7248 1.4548 0.9843 1.2760 1.6197 1.8670 1.5436 1.1124 0.7949 1.1833 1.3621 0.7779 1.2096 1.1685 1.7763 1.7290 1.5523 1.2595 1.3350 1.5104 1.2561 0.8831 
2.1161 2.9539 2.4365 1.0375 2.3161 2.1703 2.2110 1.3455 2.0806 1.4334 1.9287 1.4885 1.9906 1.8836 1.7624 1.8091 0.9328 1.7386 1.5917 1.6795 1.7332 1.1350 1.4913 0.9226 1.4735 0.5849 1.3771 1.2040 1.1976 -0.3825 0.8598 0.9100 -0.8403 
3.6438 2.3957 2.2139 2.4749 2.3487 2.3329 2.3406 1.3076 1.2263 0.6489 1.4423 1.4089 1.0705 1.8051 1.1253 1.8236 1.0469 1.7677 0.9936 1.5591 0.8279 1.0375 1.0048 0.1112 0.5634 0.5426 1.4931 1.3666 1.2283 1.1773 0.5544 0.4764 0.5554 
2.7664 2.4083 2.7021 2.1567 2.1654 2.3773 2.1409 1.2883 1.8147 1.6604 1.7528 1.6585 1.0346 1.8938 1.8376 1.4658 1.4477 1.4021 1.6959 1.6955 0.7995 1.3226 1.3217 1.1314 1.1913 0.5490 1.3310 1.4228 1.0301 0.8470 1.0693 0.3630 -0.2118 
3.3016 3.2377 2.1860 1.9023 1.8596 2.0340 2.6309 2.4205 2.2333 1.6537 2.0895 2.0717 0.3180 1.7803 1.6997 1.5110 -0.4166 1.4431 1.5393 1.5264 0.0498 1.7447 1.6688 1.1172 1.5916 1.7243 1.8207 1.0867 0.7567 0.5565 0.5984 1.1293 0.3682 
4.3538 3.7067 3.2305 3.1011 2.8315 2.2195 2.0018 1.6417 1.9848 2.1870 0.5749 1.0831 2.1991 2.2513 1.3624 1.8959 1.8529 1.8393 1.2355 2.0002 1.9063 0.7476 0.1623 1.6567 1.3862 0.9370 1.1933 1.2583 1.7208 1.8034 1.5861 1.5523 1.3786 
3.7636 2.7788 2.2504 2.2708 2.1398 0.9854 1.8127 1.5108 1.7855 1.6678 0.8652 1.1924 1.3176 0.5010 1.5435 -0.2302 1.5036 -0.2496 1.4171 0.3134 1.0045 0.8463 0.4031 1.1419 1.1340 0.8420 0.9628 0.0672 0.9945 0.9332 0.6342 0.7777 0.7658 
3.0861 3.1993 2.2921 2.6441 1.5661 1.7132 1.3746 1.9511 1.8391 1.8184 1.0121 1.8424 1.4810 1.6449 0.7316 1.6259 1.6393 1.5501 0.5658 1.4347 1.2142 1.4731 0.5865 1.3089 1.2216 1.2702 0.5473 0.7461 0.4366 1.3383 0.7011 1.0980 0.1829 
1.9689 2.3443 2.3769 2.1410 1.6777 2.0455 1.9285 2.0391 1.4579 1.0635 1.9955 1.5161 1.6613 1.3274 1.5148 1.5954 1.4705 1.5205 1.3940 1.0842 1.3848 1.1783 1.5587 0.5534 0.8727 1.3523 1.1059 1.0840 0.5678 0.8398 0.8319 0.2559 -0.6059 
2.8981 3.2439 2.8616 2.7856 2.7886 2.5496 2.3969 1.3935 1.8658 1.1732 1.8798 1.6143 1.2140 2.1018 2.1480 2.2000 1.0631 2.1122 1.9974 1.9015 0.9399 1.2850 1.4433 0.6184 1.2776 0.6506 1.5567 1.5838 1.6633 1.4494 1.2917 1.1689 -0.0687 
2.9350 2.8716 2.7671 1.5150 2.5337 2.5270 2.2967 1.9230 1.9759 1.3554 0.3985 1.2195 1.2494 1.5177 1.5052 1.6201 0.4218 1.5421 1.3819 1.3396 0.9505 0.8708 -0.0527 0.8470 1.3796 1.2271 1.4464 1.5615 1.4283 0.1243 1.1056 0.8354 -0.2649 
3.6224 2.7447 1.4105 1.3562 2.0565 2.0279 1.7149 0.8767 1.6593 1.0140 1.2029 1.2325 0.8442 0.9291 1.0147 0.1487 -0.1428 0.0787 0.8944 0.7282 0.5266 0.8793 0.7778 0.4901 1.0378 0.1317 0.8779 1.0736 0.9479 0.0048 -0.2094 0.7152 0.6193 
2.8793 3.2167 2.4817 2.8476 2.8247 2.4385 1.8631 2.2407 2.2972 2.1677 1.9921 1.5788 1.9744 1.5402 1.0361 0.7568 1.5308 0.6904 0.9064 1.3556 1.7107 1.2515 1.5472 1.6368 1.6714 1.5030 1.0135 1.4792 1.7106 1.5204 0.9420 1.1242 0.0195 
1.8983 2.8443 2.4090 2.1385 1.7778 2.0527 2.3426 1.9931 1.1436 1.8419 1.5321 1.9385 1.8723 1.7201 1.2448 1.5104 1.6459 1.4435 1.0821 1.4890 1.5778 1.5768 1.0963 1.3345 0.5229 1.3158 1.5047 1.0954 0.6237 0.8382 0.8170 0.8093 -0.6529 
3.7716 3.6070 3.2400 3.1050 2.7860 2.6453 2.3723 2.3138 2.2685 2.2366 2.2777 1.9739 1.5951 1.5776 1.9065 1.0415 1.1453 0.9870 1.7981 1.3848 1.3426 1.6196 1.8307 1.7062 1.6214 1.5768 1.5245 1.6861 1.6457 1.8034 1.6032 1.5116 0.7519 
3.9216 3.4443 3.0946 2.6144 1.4476 2.1367 1.9876 1.1165 0.8433 1.7167 1.0433 1.7346 1.2709 1.0040 1.5143 1.2419 1.8341 1.1637 1.3908 0.8321 0.9628 1.3714 0.6021 1.1892 0.1893 0.4218 1.1630 1.1791 0.3550 1.3130 1.4843 1.3753 0.9506 
-0.1694 3.1136 2.7551 2.4885 2.2004 2.6833 2.3816 2.5387 2.4816 2.3114 1.4279 1.6876 1.8627 1.8442 1.4442 1.4985 1.2764 1.4314 1.3351 1.6178 1.5620 1.3410 0.9774 1.8005 1.8859 1.8494 1.5370 1.7350 1.0526 1.1887 1.1243 1.0489 -1.9250 
3.2103 3.4505 2.4342 2.3568 -0.4944 1.7828 1.9433 1.9088 1.8048 1.8194 1.4453 1.6539 1.4994 1.3009 1.7958 1.7393 1.5152 1.6501 1.6280 1.0477 1.2394 1.3220 1.0082 1.3102 1.1807 1.2096 1.1038 0.8327 -1.0819 1.0144 0.7939 1.4085 0.3591 
3.6651 2.7996 1.5600 2.3208 2.3900 2.3015 1.1976 1.9181 1.7955 0.8643 1.2573 1.7369 1.3401 0.9187 1.6752 1.3887 0.9480 1.3307 1.5212 0.7261 1.0293 1.3760 0.8289 0.3609 1.1532 1.2217 0.3771 1.3394 1.3097 0.9836 -0.0216 0.6633 0.6447 
4.3661 4.4732 4.7790 4.4591 4.5121 4.7573 4.3852 4.5104 3.6293 4.4007 3.7380 3.9528 3.9374 2.3147 3.5811 2.9648 2.4111 2.8979 3.4364 2.1066 3.6981 3.6288 3.2986 3.8897 2.9794 3.8002 3.5570 3.8022 3.3866 3.1661 3.2163 2.4098 1.3627 
4.7008 3.6861 3.2758 3.5840 3.3827 4.1548 3.2989 4.0462 2.8412 2.8131 3.3703 2.2948 3.4436 3.1588 2.1685 2.8182 2.4753 2.7661 2.0043 2.9314 3.2091 1.9211 2.9336 2.3082 2.2725 3.3352 2.4622 3.1954 2.2881 2.2960 1.6825 1.5783 1.7065 
4.3249 4.1986 3.6988 2.3839 3.2491 2.8806 2.6720 2.5924 3.7257 3.4570 3.3327 3.2667 3.0018 2.9945 3.1807 2.8587 2.8803 2.8025 3.0128 2.8129 2.7611 2.8929 2.8952 2.9475 3.0930 1.8958 1.8445 1.9165 2.1145 1.0375 2.0495 2.0936 1.3752 
4.7219 3.6973 2.2668 2.6837 2.7688 1.5046 2.1851 2.8605 1.3706 2.8807 2.3258 2.4824 1.7700 2.2917 1.8652 2.0921 1.3396 2.0197 1.7416 2.0544 1.4676 2.1503 1.8825 2.3692 0.7702 2.1542 1.3503 0.5580 1.6086 1.3369 0.5192 1.5160 1.7235 
4.5356 3.5795 2.9146 2.7029 2.3000 2.3208 1.1884 1.9472 2.9670 3.0985 2.7984 2.0026 2.2839 1.8980 1.7318 1.4169 0.7255 1.3589 1.5688 1.7026 1.9772 1.6687 2.3524 2.5720 2.3751 1.2685 0.3953 1.3533 1.1579 1.3783 1.3550 1.4928 1.5458 
3.7329 3.4269 2.6426 2.6290 2.7532 3.0652 2.6542 2.3910 2.3430 2.9637 1.9749 2.1747 2.5410 1.4298 2.0127 1.7983 1.5840 1.7165 1.8941 1.2257 2.2928 1.8308 1.5224 2.4573 1.7444 1.6902 1.8303 2.1064 1.6049 1.3344 0.9995 1.3664 0.7323 
4.2491 3.3984 1.6188 1.4614 2.5612 2.7782 2.4767 2.7581 2.0526 1.5652 1.5323 2.1638 1.8759 1.9572 1.7686 1.7813 1.7829 1.6871 1.5936 1.7861 1.5758 1.8238 1.0897 1.0374 1.4474 2.0011 1.6699 1.8158 1.4466 0.0660 -0.0675 1.2981 1.2486 
3.2404 3.8309 3.1509 2.8148 3.2419 2.9494 3.8563 4.2424 3.5277 3.2995 3.6064 3.0246 2.4330 3.1198 3.1046 2.7559 2.9426 2.6726 2.9563 2.9024 2.1718 2.7007 3.1842 2.7923 2.9122 3.5078 3.0300 1.9758 2.1012 1.4889 1.5213 1.7997 0.1315 
4.6094 3.8576 3.2412 3.4296 3.0241 2.9451 3.2423 3.4315 3.4684 2.5831 2.2789 1.9439 2.4537 1.7418 2.3332 2.1377 2.3903 2.0590 2.2048 1.5095 2.1945 1.5795 1.8328 2.0508 2.8698 2.7546 2.3927 1.9820 1.9189 2.1045 1.5887 1.7623 1.5659 
3.1318 3.5472 2.0329 3.4380 3.6705 3.5356 3.4937 3.7597 3.9152 3.9328 3.7736 3.1659 3.4415 2.9990 3.0092 1.5178 0.5732 1.4792 2.8798 2.8178 3.1973 2.8066 3.3316 3.4250 3.3181 3.0214 2.7078 2.5826 2.5108 2.1365 0.3987 1.5138 0.0600 
1.8398 1.9939 2.9658 3.2837 3.0163 3.1631 3.1713 2.5515 2.8579 2.6838 1.5381 1.3207 2.4383 2.2834 2.4764 1.8830 1.9217 1.8251 2.3527 2.0465 2.1711 0.9541 1.1156 2.1560 2.2709 1.8677 2.3333 2.2127 1.9104 1.9467 1.3811 0.0110 -1.1310 
3.0719 2.6742 2.9604 2.6985 0.6479 1.9796 1.5194 2.2867 0.1204 2.1613 2.0450 2.0378 1.8983 2.0026 0.5985 0.8664 0.9244 0.7956 0.4460 1.8280 1.6099 1.7075 1.6205 1.6367 -0.5485 1.5394 0.7188 1.0128 -0.3565 1.3558 1.3882 0.6696 0.0290 
4.3029 3.6417 3.2262 2.7811 2.9818 2.9135 2.8374 2.2739 1.6098 1.8666 2.2540 2.0516 2.0233 2.0078 1.8376 1.4020 1.9820 1.3475 1.7003 1.8326 1.7889 1.7227 1.8104 1.3541 0.9919 1.5202 1.9959 1.9468 1.8822 1.4276 1.5721 1.5029 1.3198 
3.7296 3.0056 3.1589 2.4738 3.3246 3.4398 3.4381 3.2098 3.1298 2.9775 2.9805 2.6303 2.4761 2.0285 2.2635 2.2109 0.6763 2.1216 2.0917 1.8452 2.2284 2.2916 2.5514 2.4693 2.4951 2.4644 2.6246 2.4800 2.2319 1.1828 1.5309 0.9477 0.7319 
3.6662 3.5539 2.8621 3.1302 3.2258 3.4216 3.4131 3.7073 3.7068 3.7863 3.8006 3.7234 3.3733 3.0823 2.7277 2.5915 2.3907 2.5122 2.5529 2.8741 3.0970 3.3427 3.3611 3.2756 3.0601 2.9555 2.5893 2.4620 2.0713 1.8176 1.2749 1.4703 0.5849 
4.3749 3.6020 2.6985 3.2068 2.9156 2.9133 2.8314 2.6422 3.1262 2.8815 2.2585 2.8394 1.9240 2.7811 1.5005 1.7137 -0.1980 1.6282 1.3840 2.5447 1.6566 2.4734 1.8175 2.3638 2.4952 1.9156 1.9930 1.9580 1.8171 1.8696 1.0637 1.4826 1.4023 
4.9369 4.1234 3.1269 3.0147 2.8386 2.4920 2.1047 2.5658 2.8450 2.8537 2.5787 2.1497 1.9474 1.7348 1.2752 1.7028 1.2680 1.6225 1.1118 1.5060 1.6829 1.8116 2.1554 2.3399 2.2638 1.8645 1.3118 1.5378 1.7366 1.7251 1.5104 1.9899 1.9608 
3.6003 2.8810 2.7552 2.8440 2.3267 3.0041 1.9925 2.0479 2.0679 2.3198 1.9859 2.0775 1.1023 1.6224 1.4944 1.4757 0.5567 1.4159 1.3737 1.4203 0.8625 1.7560 1.5415 1.8080 1.4688 1.3554 1.1512 2.0442 1.2273 1.5103 1.1221 0.7806 0.5608 
4.5242 3.8382 3.3721 3.2282 3.0813 1.8215 2.1601 2.5487 2.3009 2.2757 2.0558 2.1116 1.8101 1.6436 1.9837 0.9598 1.3128 0.8992 1.8587 1.4370 1.5013 1.7915 1.6266 1.7543 1.6766 1.8561 1.3439 0.8536 1.9571 1.8763 1.7944 1.7453 1.5169 
3.1080 3.1972 2.2657 2.1770 1.3253 1.9019 2.0255 1.3096 2.2725 1.5509 1.7231 1.5063 1.9671 1.6782 0.9079 1.0534 1.7581 0.9966 0.7946 1.4571 1.7048 1.1533 1.3073 1.0306 1.6331 0.5536 1.2173 0.9464 0.1325 0.8687 0.5667 1.1322 0.1642 
3.9121 2.1832 1.8656 1.5060 1.6876 1.7498 2.1286 2.0422 1.8239 1.2961 1.2843 1.4963 1.2696 0.8825 0.8128 1.0456 0.3928 0.9792 0.6476 0.6358 0.9690 1.1570 0.8355 0.7646 1.2150 1.3478 1.3242 0.8312 0.5279 0.0697 0.3700 -0.4651 0.8763 
2.3462 3.0528 2.2600 1.9421 2.0487 1.3126 2.0446 1.3452 1.5362 1.7724 -0.0188 1.6961 1.8911 1.7962 1.0367 0.5067 0.6652 0.4429 0.9201 1.5439 1.6070 1.3445 -0.4394 1.2428 0.9394 0.6073 1.2496 0.3464 0.9382 0.6204 0.6606 0.9936 -0.4103 
3.5255 2.9318 2.3964 2.5031 1.6698 2.0406 1.3906 2.1204 1.9842 0.8314 0.5094 1.8128 1.5861 1.3002 1.1767 1.3682 1.4082 1.3170 1.0310 1.0438 1.3378 1.4345 0.0758 0.2925 1.3840 1.4105 0.5572 1.0795 0.5385 1.2030 0.8361 0.8618 0.5610 
4.1247 2.4654 2.2990 2.7791 2.6228 2.8057 3.0060 2.9127 2.1327 2.6702 2.7479 2.2970 2.2092 2.4207 1.6593 1.5150 1.4929 1.4517 1.5115 2.2424 1.9131 1.9189 2.2998 2.1419 1.5120 2.2214 2.2106 1.8514 1.5062 1.4442 0.6207 0.0703 1.0712 
3.7915 2.6763 2.9576 2.6415 2.4663 2.8561 3.0219 0.9568 2.3659 2.7602 1.6724 2.3022 2.6326 2.2838 2.5117 2.2259 1.9919 2.1414 2.3875 2.0441 2.3529 1.9292 1.2519 2.2418 1.7873 0.2786 2.2325 1.8881 1.3585 1.3315 1.3943 0.5505 0.7592 
2.3651 3.1738 3.1539 3.1534 2.7672 3.6225 4.0418 3.7677 3.3056 3.5293 2.8322 3.2498 3.2451 2.8362 3.3172 2.9704 2.2896 2.9118 3.2016 2.6311 2.9353 2.8730 2.3849 3.0036 2.7116 3.0320 3.2429 2.6746 1.6037 1.8353 1.5294 1.0911 -0.4381 
4.3673 4.1047 3.7789 4.2584 4.2445 5.0424 4.2024 5.1229 5.2140 4.7971 4.7429 4.6595 4.0203 4.2644 4.1556 3.6819 3.9220 3.5946 3.9805 4.0528 3.7560 4.2772 4.3028 4.2829 4.6117 4.3829 3.3582 4.0822 3.1271 2.9239 2.1396 2.0287 1.4977 
3.7097 3.8031 3.8748 4.3013 3.8359 4.6550 4.2605 4.1755 3.9069 4.2351 3.3677 4.1679 4.3528 3.5222 3.5127 3.5386 2.9451 3.4600 3.3808 3.3239 4.0842 3.7925 2.9306 3.7256 3.3066 3.4327 3.4142 3.7010 2.7326 2.9673 2.3123 1.7573 0.6875 
5.0930 4.2252 3.8683 3.7014 3.9042 3.7617 4.5092 3.7509 2.7738 4.0870 3.5714 3.3313 3.4443 3.3472 1.9072 2.8858 2.4636 2.8266 1.7944 3.1516 3.2088 2.9622 3.1445 3.5597 2.1590 3.0038 3.7151 2.8132 2.7987 2.3610 2.2838 2.0602 2.0661 
3.4232 4.1512 3.0602 3.5228 3.3281 3.7154 1.4708 2.5153 2.0548 2.8589 2.5924 3.2262 2.8940 1.8246 2.7345 2.3783 1.7761 2.3181 2.5634 1.5977 2.6142 2.8457 2.1577 2.3513 1.4343 1.8438 0.6083 2.7553 2.2180 2.2459 1.4924 2.0761 0.6104 
4.8079 4.3987 3.9276 3.4528 3.2946 3.5117 3.5390 3.0310 3.3406 2.8475 3.0567 2.8103 2.5661 2.5251 2.1613 2.7611 2.7172 2.6831 2.0034 2.3369 2.3100 2.4392 2.6324 2.3332 2.7573 2.3340 2.7480 2.5560 2.1804 2.1475 2.3436 2.3301 1.8288 
3.9219 3.6831 3.2667 3.0774 2.9448 2.3518 2.8347 1.9905 2.5331 1.2057 2.2529 2.4884 2.6096 2.1020 1.2736 2.0589 2.3559 1.9950 1.1177 1.8957 2.3381 2.1562 1.8146 0.6726 1.9308 1.3076 1.9949 1.4017 1.8391 1.7887 1.6422 1.5572 0.9040 
4.2384 2.7912 2.8380 2.7940 2.8709 2.4689 2.0037 1.9907 2.1705 2.0809 1.2606 2.2854 1.8732 1.0554 0.0710 0.4065 1.0495 0.3655 -0.0070 0.8778 1.5822 1.9080 0.8353 1.5533 1.5293 1.2991 1.1979 1.4914 1.7763 1.4675 1.3169 0.9065 1.2051 
4.0438 3.8818 3.2471 2.7824 2.2240 1.3443 2.4918 2.4711 2.5790 2.6606 1.9152 1.7370 1.4076 2.0323 2.0436 2.0050 1.4844 1.9498 1.9159 1.8524 1.1112 1.3710 1.4746 2.1302 1.9699 1.7964 1.6949 0.3981 1.0740 1.4355 1.6039 1.8280 1.0414 
2.4408 2.7984 1.7865 2.8437 2.9442 2.4733 1.7784 1.1822 1.9853 0.7194 1.7449 1.7936 2.0934 1.8050 1.3975 1.7200 1.7161 1.6339 1.2846 1.5587 1.8336 1.4132 1.3173 0.1954 1.3824 0.4615 0.9305 1.5069 1.8420 1.5199 0.2084 0.7312 -1.2508 
1.8288 3.3712 2.9078 3.1029 2.8705 3.1186 3.0617 2.7877 2.8491 2.7457 2.3406 2.3212 2.2351 1.9069 1.2441 1.4157 0.6598 1.3542 1.0613 1.7182 1.9284 1.9479 1.8952 2.2094 2.2666 2.0441 2.2689 2.1660 1.7841 1.8144 1.3428 1.3604 -2.1659 
4.6892 3.7415 3.5924 3.1958 3.3325 3.4875 1.9014 2.8269 1.9457 1.8791 0.9340 2.5732 1.9939 1.4227 2.1049 1.8133 -1.5862 1.7496 1.9637 1.2345 1.7419 2.2539 0.5475 1.3679 1.3420 2.1039 1.0168 2.5295 2.2449 1.8641 1.9907 1.6035 1.6878 
4.1513 4.2228 3.8842 3.3583 3.3876 3.2165 2.9943 2.9346 1.8662 2.0084 2.8282 2.6253 2.0794 1.9500 2.1908 1.8600 1.4410 1.8071 2.0228 1.7692 1.8251 2.2873 2.3881 1.5040 1.2905 2.2494 2.2014 2.2489 2.2944 2.0243 2.2988 2.1419 1.0756 
4.8707 4.4637 3.8321 3.4917 3.7803 3.1802 3.2474 3.0790 2.9928 2.9697 3.1405 3.0747 3.1056 2.9312 2.7807 2.5063 2.3420 2.4475 2.6287 2.7560 2.8284 2.7524 2.7208 2.4618 2.3939 2.3678 2.3965 2.2112 2.6645 2.1993 2.2592 2.3825 1.8878 
4.2258 3.7774 3.2040 1.7316 3.1902 3.0448 3.0706 2.1546 2.3700 2.2716 2.3401 2.1039 2.2247 1.6982 2.3070 2.2491 1.5032 2.1552 2.1623 1.4757 1.9223 1.7868 1.9018 1.7488 1.7842 1.4221 2.2745 2.0857 2.0453 0.4268 1.5664 1.7845 1.2461 
