7.0339 6.5050 5.7372 5.2779 5.1639 4.9457 4.7501 4.7515 4.5135 4.5074 4.3988 4.3267 4.2345 4.2763 4.2287 4.0356 3.7901 3.9716 4.0967 4.0695 3.9738 3.9704 3.9340 3.9194 3.7948 4.0010 3.8440 3.8840 3.9463 3.8162 3.9939 4.1823 3.7249 
5.1652 4.9867 4.6642 4.5666 4.1069 3.5185 3.8902 3.8125 3.7611 3.6231 3.5155 3.4801 3.1102 3.5882 3.1652 2.9340 3.3072 2.8365 3.0310 3.3766 2.8149 3.0601 3.0219 3.0575 3.0907 3.0395 2.9766 2.4698 2.8780 3.0896 2.9513 2.6605 2.0241 
5.9754 6.4437 5.6320 5.3576 5.1326 4.9235 4.7661 4.6417 4.5981 4.5274 4.4366 4.4806 4.3355 4.2540 4.1619 4.1398 4.2046 4.0743 4.0324 4.0531 4.0453 4.0711 3.9720 3.9439 3.9324 3.8560 3.8751 3.8589 3.8948 3.9220 3.8386 4.1637 2.6287 
6.5864 6.2201 5.2107 4.7558 4.0665 4.2054 3.8888 3.6871 3.4178 3.5798 3.5762 3.2595 3.4070 3.5511 3.4577 3.4728 3.3771 3.3864 3.2646 3.3186 3.0723 2.9010 3.0888 3.0099 2.6988 2.9358 2.9721 3.1388 2.8107 3.2901 3.4462 3.9534 3.3488 
6.8828 6.2320 5.4936 4.8144 4.3989 4.4970 4.2748 4.0792 4.0597 4.1164 3.7708 3.6551 3.5339 3.6964 3.1306 3.2633 3.4771 3.1798 2.9913 3.5022 3.1971 3.2600 3.2963 3.5478 3.3926 3.2808 3.3907 3.4380 3.1525 3.3787 3.6934 3.9810 3.6154 
5.8584 6.6806 5.7455 5.2892 5.2090 4.9053 4.9639 4.7607 4.5533 4.4914 4.3796 4.4576 4.3304 4.2037 4.2553 4.1138 4.0479 4.0500 4.1194 4.0070 4.0415 4.0577 3.9127 3.9019 3.8559 4.0126 4.0493 3.8421 4.0019 3.8402 3.9975 4.3852 2.6255 
5.3149 6.0591 5.1160 4.5557 4.6350 4.5288 3.5443 3.8830 3.6172 3.7215 3.5504 3.1461 2.6409 3.0757 2.5064 3.0551 3.5141 2.9935 2.3760 2.8800 2.3657 2.7409 3.0565 3.1514 2.9643 3.0832 2.5746 3.4595 3.4207 3.0760 3.3088 3.7538 2.1787 
5.4756 6.0909 5.2641 4.9700 4.5498 4.5268 4.0287 4.0103 4.0379 4.0077 3.7724 3.5921 3.5242 3.8266 3.8384 3.4849 3.4814 3.4078 3.6800 3.5977 3.1888 3.1799 3.3017 3.4341 3.3540 3.1772 3.0869 3.4611 3.2776 3.5020 3.4972 3.7787 2.3939 
5.0751 5.8801 5.0671 4.4765 4.1302 4.3233 3.8735 3.9114 3.7469 3.8935 3.6104 3.6057 3.6405 3.6865 3.6015 3.4624 3.3743 3.3664 3.4784 3.4873 3.3457 3.1990 3.1274 3.3077 3.0798 3.1027 2.9660 3.2601 2.9211 2.9897 3.2267 3.6029 1.4238 
6.1598 6.2265 5.2743 4.9838 4.5033 4.1520 4.1061 4.0475 3.5957 4.0585 3.8957 3.9845 3.4959 3.8553 3.6131 3.3124 3.2101 3.2237 3.4873 3.6184 3.1559 3.5603 3.4298 3.4914 2.9422 3.2279 3.1655 3.0819 3.2068 3.5032 3.4882 3.9625 3.0037 
3.9091 5.0510 5.1895 4.6704 4.6054 4.3517 4.2183 4.2307 4.0914 3.8325 3.7298 3.6720 3.6202 3.6944 3.2807 3.2665 3.2372 3.1793 3.1264 3.4982 3.3183 3.2781 3.2569 3.2491 3.4376 3.4853 3.3158 3.2861 3.3771 3.1928 3.4577 2.7485 0.5292 
4.5509 6.3743 5.7957 5.4335 5.1722 4.9348 4.8149 4.7804 4.5999 4.5690 4.5775 4.3675 4.4246 4.2071 4.2445 4.2224 4.2152 4.1554 4.1104 4.0093 4.1053 4.0029 4.0870 4.0050 3.9354 4.0271 3.9354 3.8712 3.9556 3.9974 4.0343 4.1145 1.8991 
6.5454 6.2228 5.2254 4.8648 4.6991 4.3614 4.4846 4.2561 4.3896 4.1265 4.0508 4.0155 3.7133 3.8201 3.6971 3.7610 3.5173 3.6872 3.5657 3.5921 3.4533 3.5956 3.5592 3.5548 3.6934 3.4990 3.5483 3.2949 3.4857 3.4218 3.4791 3.9816 3.3006 
6.3761 6.4447 5.7803 5.4214 4.9639 4.8105 4.7146 4.7278 4.6136 4.7121 4.4886 4.4075 4.3731 4.2524 4.2912 4.1391 4.0177 4.0726 4.1484 4.0518 4.0702 4.0270 4.0074 4.1392 3.9582 3.9741 3.7959 3.7459 3.6923 3.9865 4.0197 4.1710 3.1992 
5.3391 6.0897 5.5127 4.8583 4.7018 4.6612 4.2760 4.0440 4.0993 3.9187 3.9377 3.5926 3.7886 3.7126 3.6658 3.6412 3.6038 3.5715 3.5295 3.5133 3.5038 3.1825 3.4649 3.3293 3.4518 3.2283 3.3834 3.5981 3.4842 3.4245 3.6937 3.7832 2.2332 
5.3066 6.4283 5.6115 5.2480 5.0639 4.9192 4.7927 4.6986 4.6139 4.3912 4.3683 4.2109 4.1700 4.1490 4.2330 4.0377 4.0568 3.9772 4.1011 3.9472 3.8715 3.8195 3.9001 3.8049 3.9570 3.9335 3.9041 3.8544 3.7769 3.7690 3.7792 4.1524 2.4464 
6.0027 6.1678 5.6483 5.0367 4.5438 4.6950 4.5626 4.5944 4.2263 4.2637 4.2116 4.0014 4.0335 4.1017 4.0376 3.8472 3.8735 3.7560 3.8776 3.8791 3.6919 3.5794 3.7189 3.6911 3.5668 3.7861 3.6242 3.6330 3.2690 3.5409 3.8592 3.8675 2.6375 
6.1369 6.6783 6.2165 5.8046 5.4953 5.2976 5.2452 5.1423 5.1031 4.9305 4.9199 4.8612 4.7604 4.7732 4.7067 4.7050 4.6743 4.6360 4.5752 4.5762 4.4962 4.5063 4.4535 4.3459 4.4204 4.3420 4.3283 4.2365 4.2263 4.3391 4.4604 4.4001 2.9011 
6.7835 7.2263 6.5124 6.1826 5.9224 5.7622 5.5803 5.4871 5.3815 5.2999 5.2358 5.1768 5.1109 5.0531 5.0564 5.0064 4.9441 4.9096 4.8643 4.7711 4.7689 4.7652 4.7509 4.7377 4.7080 4.6839 4.6321 4.6983 4.6864 4.6995 4.7224 4.9285 3.4584 
6.7004 7.0626 6.3219 5.9316 5.6954 5.6056 5.4739 5.2939 5.1775 5.1486 5.0677 4.9357 4.9624 4.8368 4.8014 4.7522 4.6923 4.6823 4.6626 4.6218 4.6412 4.5571 4.5729 4.5816 4.5315 4.5466 4.5678 4.5424 4.4777 4.5048 4.5672 4.7594 3.4311 
5.4046 7.0667 6.4353 6.1005 5.8504 5.6798 5.5983 5.3923 5.3267 5.2385 5.1798 5.1363 5.1243 5.0674 4.9867 4.9908 4.8881 4.8951 4.8020 4.7928 4.7879 4.7300 4.6943 4.6663 4.6633 4.6152 4.6513 4.6160 4.6289 4.6104 4.6614 4.7682 2.5542 
6.4376 7.2431 6.5990 6.2425 6.0258 5.8249 5.7030 5.6061 5.5224 5.4356 5.3055 5.2690 5.2187 5.1605 5.1048 5.0796 4.9924 5.0008 4.9457 4.9346 4.9154 4.8769 4.8304 4.8519 4.8134 4.7727 4.7671 4.7611 4.7588 4.7610 4.7861 4.9670 3.1225 
6.1402 7.2340 6.5216 6.1864 5.9703 5.8280 5.6615 5.5913 5.3896 5.3152 5.2861 5.2038 5.1628 5.1012 5.0762 4.9972 4.9582 4.9008 4.8979 4.8449 4.8407 4.7977 4.8007 4.7498 4.7146 4.7559 4.7296 4.7649 4.7247 4.7045 4.7322 4.9509 2.6326 
5.8706 7.2363 6.6526 6.2549 6.0139 5.8452 5.7369 5.6193 5.4905 5.3628 5.2898 5.2157 5.1731 5.1557 5.1212 5.0809 5.0276 5.0034 4.9728 4.9274 4.8546 4.8122 4.8087 4.7821 4.7850 4.7917 4.8088 4.7819 4.7534 4.7719 4.8235 4.9604 2.9372 
5.7878 6.9740 6.3155 5.9485 5.6893 5.5214 5.2522 5.2336 5.1251 5.1085 5.0218 4.9107 4.8486 4.7770 4.7596 4.7447 4.6634 4.6714 4.6274 4.5787 4.5657 4.5420 4.5412 4.5439 4.4575 4.4701 4.3364 4.4572 4.4664 4.5208 4.5633 4.7137 2.5845 
6.0883 6.7519 6.0450 5.7236 5.4174 5.3406 5.1947 4.9543 4.9564 4.8785 4.6872 4.7481 4.6770 4.6652 4.5982 4.5493 4.5401 4.4728 4.4558 4.4558 4.3717 4.3592 4.2048 4.2955 4.2519 4.1511 4.2644 4.2771 4.1763 4.2434 4.2301 4.5170 2.8932 
6.3116 6.2348 5.1476 4.6383 4.3366 3.8063 3.6923 3.3266 2.8472 3.1531 2.6167 3.0924 3.1406 3.1515 2.8498 2.6596 1.4279 2.5973 2.6686 2.9464 2.8435 2.6621 2.0789 2.5688 2.0927 2.4983 2.7503 2.6983 3.0651 3.1212 3.3477 3.9705 3.1527 
6.3326 6.2595 5.4890 5.1474 4.6922 4.6728 4.5537 4.4451 4.1758 4.2268 4.1277 3.8579 3.8439 4.0585 3.8406 3.9907 3.8574 3.8921 3.6829 3.8151 3.5414 3.4834 3.6426 3.6638 3.5159 3.6349 3.6118 3.6109 3.4824 3.6689 3.6869 3.9978 3.0441 
7.0447 6.7221 6.0880 5.7008 5.4677 5.2569 5.1999 5.0964 4.8594 4.8812 4.7656 4.6690 4.5733 4.6081 4.5609 4.5275 4.4756 4.4328 4.3945 4.3724 4.2299 4.2624 4.2899 4.2985 4.1846 4.2746 4.2717 4.1950 4.2161 4.2232 4.2723 4.4176 3.7429 
6.8188 6.5817 5.7008 5.5563 5.2325 5.1395 4.9585 4.7569 4.6191 4.6140 4.5287 4.5351 4.4564 4.3449 4.3260 4.2651 4.2768 4.1988 4.1775 4.1184 4.1272 4.1132 4.0333 4.0484 3.9657 4.0081 4.0451 4.0761 4.0208 4.0740 3.9550 4.2461 3.5541 
6.7527 6.9139 6.1780 5.7414 5.5891 5.3552 5.2347 5.1013 4.9972 4.7860 4.7527 4.7579 4.6494 4.5450 4.6273 4.5723 4.5011 4.5135 4.5030 4.2758 4.3330 4.3820 4.2668 4.2184 4.2859 4.2811 4.3131 4.2913 4.3027 4.2617 4.3775 4.6397 3.4170 
5.8274 6.3567 5.4622 5.2362 5.1369 4.7588 4.6347 4.6104 4.5962 4.5245 4.4473 4.4592 4.3177 4.2201 4.0621 4.0515 4.0396 3.9961 3.9155 4.0215 4.0340 4.0578 3.9848 3.9372 3.9330 3.8113 3.7033 3.6943 3.9051 3.7749 3.6759 4.1195 2.5024 
6.7108 6.7640 6.1883 5.8042 5.6467 5.4765 5.2284 5.1699 5.1356 4.9689 4.8657 4.8609 4.7745 4.6906 4.6278 4.6442 4.5904 4.5816 4.5038 4.4918 4.5159 4.5053 4.3972 4.3815 4.4735 4.3822 4.3071 4.4144 4.4013 4.3417 4.4153 4.5357 3.4674 
6.0755 6.6816 5.9761 5.6450 5.4831 5.3159 5.1070 4.9951 4.9023 4.7771 4.7567 4.6802 4.5393 4.5596 4.5639 4.4245 4.4211 4.3310 4.3992 4.2994 4.1964 4.2758 4.2750 4.2143 4.2173 4.1807 4.1704 4.2515 4.2226 4.1624 4.1928 4.3813 2.7112 
6.2760 6.4451 5.8282 5.4916 5.2016 4.9665 4.8308 4.7867 4.6537 4.5934 4.5720 4.4796 4.3702 4.3488 4.3478 4.2317 4.2199 4.1699 4.1937 4.1222 4.0681 4.0695 4.0804 4.0270 4.0055 4.0312 3.9495 3.9010 3.9929 4.0296 4.0650 4.1532 2.8675 
5.6410 3.5308 4.1605 3.8764 2.9749 3.0607 2.9249 2.7800 3.0805 2.9162 2.5614 2.4248 2.8797 2.3386 2.5098 3.0187 3.0052 2.9588 2.3941 2.0796 2.5433 2.0122 2.0723 2.3316 2.4279 1.9997 1.9811 1.9876 1.7444 2.4436 2.4422 1.5304 2.3041 
6.9852 6.3402 5.4626 5.1128 5.1171 4.9533 4.8048 4.6589 4.5932 4.3373 4.2771 4.1588 4.2756 4.3265 4.1330 4.1737 4.1788 4.1054 4.0090 4.1060 4.0081 3.7581 3.8049 3.7549 3.9241 3.8806 3.9216 3.8919 3.8783 3.6337 3.6842 4.0415 3.6994 
6.7187 6.0374 5.0145 4.6505 4.3050 3.8907 3.8926 3.9000 3.4302 3.2244 3.6632 3.2999 2.8508 2.9538 2.9372 2.9659 3.1056 2.9020 2.7523 2.6894 2.5255 2.9361 3.1699 2.6431 2.7154 3.0921 2.9810 2.8260 3.0709 3.1654 3.1987 3.6872 3.4496 
6.1685 5.8096 4.6713 4.3886 3.9951 3.7651 3.9475 3.8946 3.2518 3.5214 3.5399 3.3363 3.5102 3.3392 3.2031 2.4122 3.0891 2.3153 3.0656 3.0956 3.1686 2.9584 3.0516 2.9570 2.5767 3.0870 3.0159 2.6994 2.7030 2.9428 2.9276 3.5185 2.8968 
5.6606 6.2953 5.6383 5.1499 4.8925 4.2690 4.6681 4.4398 4.1879 4.2195 4.1969 4.1282 4.0446 3.8372 3.9207 4.0124 3.6780 3.9312 3.7371 3.6036 3.7027 3.7197 3.7036 3.6510 3.5258 3.6314 3.7422 3.2207 3.6421 3.6766 3.8544 4.0450 2.5545 
5.9765 6.7728 6.1569 5.7998 5.6103 5.4289 5.2098 5.1161 5.0327 4.9589 4.8572 4.8469 4.7535 4.7216 4.6004 4.5771 4.4974 4.5219 4.4589 4.5287 4.4788 4.4896 4.3878 4.3727 4.3194 4.3032 4.2842 4.3654 4.3431 4.3377 4.3662 4.5311 2.7384 
6.1197 7.0608 6.4541 6.1578 5.8492 5.7208 5.5867 5.5000 5.3701 5.2524 5.1683 5.1243 5.0782 4.9821 4.9443 4.9283 4.8426 4.8370 4.7660 4.7301 4.7380 4.7151 4.6820 4.6789 4.6988 4.6926 4.6367 4.6577 4.6273 4.6706 4.6774 4.7599 2.5656 
6.7488 6.7492 5.9918 5.6460 5.2909 5.2041 5.1413 5.0574 4.8179 4.6811 4.7260 4.6838 4.6368 4.5545 4.5780 4.5422 4.3219 4.4586 4.4232 4.2914 4.3160 4.2818 4.2322 4.1102 4.1504 4.2221 4.2132 4.1420 4.0733 4.1621 4.2052 4.4750 3.4806 
5.0728 6.5158 5.7533 5.2646 5.1159 4.7332 4.8815 4.6212 4.7051 4.5907 4.2861 4.1931 4.3184 4.2058 4.2009 4.0954 4.0381 4.0341 4.0643 4.0083 4.0350 3.7987 3.8132 4.0246 4.0467 3.8232 3.9987 3.6668 3.8647 3.7876 3.9908 4.2188 2.3907 
6.2520 6.0553 5.1727 4.3065 4.2748 3.1806 3.0743 3.6430 3.6782 3.8708 3.4576 3.5207 3.5536 3.5784 3.4442 2.9096 3.1303 2.8114 3.2520 3.3593 3.2258 3.1074 2.9573 3.2794 3.0076 2.8671 2.1208 2.0879 3.0357 2.8295 3.3886 3.7350 3.0549 
5.4107 6.2385 4.9949 4.6076 4.1057 3.6915 3.3926 3.2214 4.0443 4.0309 3.5614 3.2795 3.4039 3.4707 3.5993 3.2634 2.5957 3.1720 3.4751 3.2007 3.0719 2.9253 3.0705 3.4670 3.3741 2.4823 2.4620 2.6398 2.8431 3.1192 3.1530 4.0076 1.9252 
6.6981 6.1441 5.0077 4.6128 4.1146 4.0808 3.8481 3.2985 2.9943 3.2488 2.7697 2.4149 2.5954 2.8162 0.2269 2.6248 1.8966 2.5587 0.0173 2.5698 2.3068 1.9881 2.2948 2.6698 2.3142 2.5090 2.9514 3.0198 2.8988 3.1394 3.1780 3.8055 3.4384 
5.3278 5.9646 4.7132 4.8232 4.6041 4.5252 4.1325 4.1080 4.2062 3.9969 4.0172 3.7110 3.4805 3.6568 3.7106 3.7257 3.7230 3.6606 3.5787 3.4649 3.1448 3.3372 3.5240 3.4133 3.5422 3.3237 3.2025 3.4619 3.3708 3.3944 2.9840 3.6800 2.1086 
7.2073 6.7924 6.0634 5.4793 5.1400 5.0279 4.6809 4.6418 4.6248 4.5627 4.5330 4.3448 4.2228 4.3366 4.1658 4.0480 4.0438 3.9927 4.0344 4.1136 3.9493 3.9898 4.0382 3.9990 3.9767 3.8554 3.7536 3.9661 3.9044 4.0230 4.2416 4.5199 3.9010 
6.9744 6.3493 5.4342 5.0329 4.4856 4.4545 4.3679 4.3736 4.2087 4.0474 3.8687 3.8665 3.8499 3.7302 3.7547 3.8978 3.5311 3.8039 3.6128 3.5275 3.5426 3.4905 3.3995 3.4829 3.5414 3.5820 3.4788 3.3945 3.1993 3.5391 3.6676 4.0953 3.6991 
5.4222 5.7218 4.7926 3.8897 4.2348 4.1861 3.5096 3.2512 4.0469 3.7036 3.5071 3.6730 3.4733 3.5388 2.6822 2.8222 3.0764 2.7325 2.5463 3.3024 3.1308 3.2812 3.0149 3.1391 3.3661 2.4671 2.5633 3.1160 3.0075 2.4014 2.9974 3.4646 2.3876 
6.4186 6.8691 6.1602 5.7765 5.4077 5.2891 5.2131 5.0507 5.0700 4.9709 4.8586 4.7064 4.6844 4.6541 4.5585 4.5371 4.5734 4.4511 4.3900 4.4395 4.3813 4.3074 4.3877 4.3850 4.3642 4.2187 4.2886 4.2255 4.1679 4.3053 4.3619 4.6027 3.1459 
7.2884 7.2335 6.4230 6.1385 5.8988 5.7049 5.5209 5.4211 5.2994 5.2828 5.2442 5.1293 5.0626 5.0250 4.9235 4.8662 4.8029 4.7793 4.7552 4.7552 4.7164 4.7208 4.7556 4.7107 4.6416 4.6363 4.5955 4.6411 4.6681 4.6483 4.6570 4.9286 4.0245 
7.1309 6.9672 6.1889 5.8357 5.6463 5.4318 5.2703 5.1467 5.1044 5.0189 4.9178 4.8049 4.8101 4.6756 4.7055 4.6562 4.6549 4.5923 4.5741 4.4713 4.5413 4.4412 4.4505 4.4308 4.4221 4.3487 4.3580 4.3690 4.3992 4.3952 4.4115 4.6789 3.8354 
6.9084 6.8906 6.0429 5.6790 5.3923 5.3089 5.1060 5.0686 4.8454 4.8013 4.7553 4.6777 4.7009 4.5508 4.4717 4.3684 4.3709 4.2794 4.2839 4.2841 4.4019 4.2736 4.2721 4.2262 4.1725 4.2323 4.1683 4.2475 4.1547 4.2050 4.2319 4.6202 3.6586 
6.1460 5.7062 4.7944 4.2543 2.7317 2.9675 2.7270 1.8868 2.4597 3.4121 2.9454 2.2447 3.0648 2.1148 2.8771 2.7091 1.9033 2.6279 2.6897 1.9304 2.7525 1.8796 2.4515 2.8262 1.8045 1.0335 1.8449 1.9052 1.4460 2.8017 3.0213 3.4611 2.9084 
0.4706 6.2688 5.4630 4.8247 4.7752 4.5244 4.5260 4.1744 4.4552 4.1267 4.0796 4.1362 3.9281 3.6813 3.3520 3.5074 3.3331 3.4467 3.1738 3.4829 3.5978 3.7297 3.5903 3.5555 3.7436 3.4068 3.5727 3.4499 3.5438 3.3462 3.6283 4.0060 1.9688 
6.1929 5.8073 4.3555 3.7632 4.1969 3.6390 3.9775 3.6242 3.8928 3.6510 3.3783 3.4035 3.6603 3.4635 3.5433 3.3326 3.6847 3.2457 3.4058 3.1861 3.3721 3.0021 2.9081 3.0813 3.1858 2.8748 3.0338 2.5844 2.9806 2.3477 2.5958 3.5217 2.9670 
7.0854 6.6373 5.3978 4.9198 4.7838 4.6298 4.2974 4.0140 3.9903 3.8873 3.9930 3.9591 3.7512 3.5981 3.3208 3.2512 3.3893 3.1638 3.1548 3.3834 3.4796 3.5443 3.4978 3.2986 3.2761 3.1857 3.4061 3.5649 3.5638 3.4764 3.6148 4.2837 3.8027 
7.0698 6.2160 5.2426 4.7825 4.2631 4.2292 4.5487 3.9830 3.8868 3.5942 3.6580 3.8011 3.3955 3.5350 3.4606 3.0633 3.4360 3.0002 3.2702 3.2948 3.0672 3.4469 3.1645 3.0262 3.1845 3.1524 3.6064 3.1707 3.0434 3.3491 3.4942 3.8939 3.7562 
5.7372 6.5629 5.9893 5.6635 5.4442 5.1643 5.0837 4.8591 4.7860 4.7463 4.6490 4.6507 4.6391 4.5515 4.5398 4.4936 4.4099 4.3956 4.3584 4.2863 4.3197 4.2400 4.1641 4.1704 4.1240 4.0817 4.1402 4.0997 4.1941 4.1798 4.1900 4.2513 2.7465 
5.5713 4.6583 4.7541 4.0933 3.8503 2.9765 3.9787 2.7604 2.9775 2.6412 3.3907 3.2211 3.3309 3.1132 2.8144 2.0789 2.4207 2.0020 2.6394 2.9216 3.0223 2.8623 2.9266 2.0838 2.3004 1.9727 3.0333 1.9253 2.6072 2.6200 2.9929 2.4103 2.1397 
7.1850 6.8474 5.9069 5.6292 5.4182 5.1654 5.0444 4.8995 4.7508 4.6632 4.6041 4.5455 4.4497 4.5816 4.5214 4.4258 4.3219 4.3319 4.3266 4.3341 4.1236 4.1267 4.1147 4.0939 4.0856 4.1122 4.0981 4.1014 4.1768 4.1475 4.1448 4.5693 3.9236 
7.1997 6.8502 5.7298 5.1993 4.7987 4.6175 4.4476 4.1948 4.1741 4.2154 4.0627 4.1055 4.0325 4.1351 4.0752 3.8713 3.9119 3.7770 3.9399 3.9275 3.6927 3.6949 3.5746 3.6423 3.5157 3.4353 3.5279 3.5517 3.5713 3.7101 3.9742 4.5711 3.9549 
7.2211 6.8938 6.0317 5.6656 5.3943 5.2560 5.1526 4.9358 4.9177 4.7650 4.7427 4.6614 4.5827 4.5256 4.5944 4.4438 4.4636 4.3481 4.4506 4.2454 4.2427 4.2538 4.2498 4.2028 4.2242 4.1379 4.2210 4.1949 4.1578 4.1871 4.2263 4.6157 3.9595 
7.2541 6.7691 5.7393 5.2940 5.1498 4.9686 4.7912 4.5656 4.5280 4.3863 4.3155 4.2326 4.1455 4.1152 4.0355 4.1226 3.9523 4.0582 3.8751 3.8970 3.8402 3.8630 3.8439 3.8004 3.8149 3.7436 3.9054 3.9053 3.9255 3.8547 4.0019 4.4882 4.0187 
7.2772 7.1833 6.3528 5.9685 5.7118 5.5752 5.4270 5.2248 5.1680 5.1186 5.0681 4.9676 4.9302 4.8096 4.7445 4.6627 4.6975 4.5981 4.6051 4.6017 4.6192 4.5759 4.5734 4.5536 4.5244 4.4581 4.5398 4.5125 4.5037 4.5338 4.5992 4.8456 4.0322 
6.9902 7.1862 6.4446 6.1382 5.9071 5.7435 5.6205 5.4538 5.3977 5.3403 5.2204 5.1319 5.1100 5.0555 4.9680 4.9127 4.8849 4.8225 4.7864 4.7733 4.7681 4.7245 4.7376 4.7616 4.7222 4.6590 4.6805 4.6804 4.6751 4.6484 4.6760 4.8586 3.6965 
6.5266 6.7974 6.0126 5.7243 5.4490 5.2644 5.1741 5.0895 4.8113 4.7852 4.7520 4.7372 4.6454 4.5237 4.5603 4.5696 4.4058 4.5087 4.3938 4.2428 4.3282 4.3456 4.2649 4.2191 4.1447 4.2621 4.2416 4.2016 4.2015 4.2455 4.2192 4.5433 3.2489 
4.2287 6.5386 5.9146 5.5938 5.3438 5.1374 5.0903 5.0454 4.8292 4.8473 4.6522 4.6311 4.5594 4.5431 4.4411 4.3190 4.3645 4.2341 4.2574 4.2736 4.2197 4.2229 4.1668 4.2660 4.1601 4.2162 4.1510 4.0738 4.1177 4.0985 4.1410 4.2397 -0.0935 
4.1873 6.3026 5.6250 5.3515 5.2302 4.9680 4.8374 4.6440 4.6615 4.6539 4.3996 4.3034 4.2828 4.2086 4.1654 4.2380 4.3269 4.1756 4.0362 4.0104 4.0121 3.9442 3.9317 4.0847 4.0119 3.8588 3.9596 3.9032 4.0184 3.9193 3.8265 4.0500 1.3605 
6.2313 5.9469 5.5595 5.1648 4.8968 4.4167 4.3424 4.2512 4.2182 4.0404 3.9746 3.6636 3.9096 4.0159 3.7074 3.9893 3.5398 3.8896 3.5738 3.7495 3.5855 3.2696 3.4851 3.4760 3.5536 3.4969 3.4644 3.3478 3.6504 3.6880 3.7410 3.6730 2.9926 
5.7138 6.4779 5.6361 5.1799 5.0713 4.9095 4.7099 4.6362 4.5379 4.4218 4.2006 4.2125 4.1945 4.0822 4.0971 4.0288 4.1471 3.9624 3.9732 3.8489 3.9036 3.8219 3.7053 3.8345 3.8302 3.8450 3.7877 3.8433 3.7911 3.6915 3.8216 4.1977 2.6484 
6.2996 5.5933 4.4603 3.8366 2.9474 3.8471 2.9029 3.4836 3.3841 3.0242 2.5734 3.0232 3.3195 2.0709 2.6930 2.5321 1.2883 2.4718 2.5458 1.8706 3.0110 2.6234 2.0869 2.4562 2.6806 2.6616 1.9515 2.7948 1.6223 2.4070 2.6575 3.2463 3.0261 
6.0389 6.1253 5.3668 5.0375 4.6296 4.3453 4.6425 4.3767 3.8890 4.0879 4.0041 3.7081 3.9561 3.6848 3.8094 3.9552 4.0248 3.8586 3.6580 3.4853 3.6171 3.3389 3.5088 3.5212 3.1806 3.5837 3.7074 3.2863 3.4092 3.5441 3.5941 3.8295 2.8005 
6.2125 6.4104 5.4412 5.1898 5.0126 4.3645 4.5886 4.4101 4.1774 4.3296 4.1731 4.0252 4.0145 4.0477 4.0861 3.6889 3.9364 3.6204 3.9557 3.7977 3.6758 3.6081 3.6869 3.7479 3.5184 3.6072 3.6586 3.2958 3.7272 3.7086 3.6477 4.1328 2.9342 
1.3083 6.4631 5.7611 5.4715 5.2582 5.0747 4.8149 4.7547 4.6623 4.5828 4.5550 4.4766 4.2872 4.3443 4.2817 4.1514 4.2224 4.0844 4.1407 4.1186 4.0144 4.0686 4.0620 4.0181 4.0119 4.0061 3.9342 4.0089 4.0392 4.0224 4.0070 4.1892 1.2661 
5.7038 6.6293 6.0509 5.6869 5.4183 5.2451 5.1270 5.0705 4.9261 4.8172 4.7999 4.7073 4.6110 4.5615 4.5639 4.5228 4.4103 4.4232 4.3996 4.3017 4.2817 4.3087 4.3263 4.2378 4.2271 4.2355 4.1946 4.1820 4.1738 4.2105 4.2305 4.3064 2.0705 
5.6953 5.6481 4.1441 3.5796 3.3137 3.0054 3.7236 3.6060 3.5151 3.3686 3.2709 3.2148 3.3875 3.0818 3.0033 2.9835 2.6243 2.9279 2.8639 2.8736 3.0624 2.8498 2.8097 2.7836 2.8382 2.8422 2.8527 1.9792 2.0255 2.1375 2.2709 3.3534 2.5064 
6.0273 6.2914 5.2682 4.8674 4.6644 4.3156 4.3103 4.1513 4.0564 3.2685 3.5397 3.4602 3.6087 3.4849 3.9654 3.7287 3.5960 3.6624 3.7733 3.2148 3.2977 3.0316 3.0469 2.6805 3.3827 3.3783 3.4254 3.2440 3.4474 3.4173 3.4796 4.0297 2.9410 
6.0280 5.0050 4.3461 3.7503 3.5902 3.2302 3.3396 2.7960 2.9066 2.3961 3.0571 2.2762 2.0777 2.4476 2.3662 1.9014 2.7185 1.7951 2.1628 2.2125 1.7956 1.9102 2.5796 1.8639 2.2032 1.9785 2.4505 2.1997 2.4022 2.3392 2.5363 2.8198 2.6549 
6.5013 5.5585 4.2248 3.1681 4.2811 3.7082 3.4962 3.7137 3.6621 3.3588 3.1573 1.8024 3.2403 2.0433 3.1545 2.0809 2.2988 2.0191 3.0169 1.8809 2.9631 1.4845 2.6526 2.7629 2.9947 2.9729 2.5351 2.6489 3.0728 1.7372 2.5661 3.3378 3.1629 
5.3731 6.3103 5.8202 5.4107 5.2302 5.0403 5.0129 4.8672 4.6807 4.5157 4.4936 4.5385 4.4543 4.3568 4.4319 4.2885 4.3031 4.2178 4.2503 4.1289 4.1247 4.1180 4.0116 3.9247 4.0276 4.0875 4.0788 3.9797 4.0198 3.9831 4.0651 4.0532 1.9700 
6.9181 6.0713 5.2625 5.0510 4.9034 4.8685 4.4141 4.5406 4.2292 4.2889 4.1177 4.0150 3.8956 4.2019 3.7876 4.0830 4.1577 4.0245 3.6385 4.0056 3.5775 3.5948 3.6322 3.7103 3.5704 3.7070 3.5074 3.8039 3.6611 3.5580 3.5123 3.6941 3.6362 
6.0950 6.5050 5.7348 5.5004 5.2011 5.1670 4.8065 4.7628 4.7411 4.5766 4.5884 4.5492 4.4084 4.4224 4.3487 4.2804 4.3426 4.2130 4.1950 4.1768 4.0942 4.1298 4.0983 4.0119 4.0757 4.0157 3.9205 4.1027 3.9946 4.0353 3.9894 4.2092 2.6354 
6.4217 7.0939 6.3495 5.9593 5.7021 5.6016 5.3926 5.1867 5.1601 5.1554 5.1142 4.9892 4.9996 4.9308 4.8574 4.8093 4.6852 4.7423 4.7078 4.6915 4.6665 4.5887 4.6233 4.5883 4.5135 4.4050 4.5160 4.5377 4.4842 4.5265 4.5858 4.7816 3.0283 
5.2670 6.5415 5.8950 5.6670 5.4485 5.2183 5.1403 5.0105 4.7726 4.8220 4.6846 4.6745 4.6208 4.5597 4.6135 4.5294 4.4340 4.4351 4.4811 4.2986 4.2961 4.2694 4.2022 4.2417 4.1140 4.1916 4.2124 4.1549 4.2014 4.1928 4.1309 4.2529 2.0554 
6.6700 6.6929 6.0197 5.7060 5.5052 5.2191 5.1577 5.1011 4.8701 4.8290 4.7037 4.7050 4.6869 4.5323 4.5214 4.5736 4.5069 4.5160 4.3292 4.2550 4.3842 4.3066 4.2192 4.2482 4.1933 4.2810 4.2248 4.1564 4.2324 4.2273 4.2221 4.4304 3.4100 
6.2474 6.0539 5.2028 4.9790 4.7112 4.3325 4.1277 4.1821 4.1547 3.7996 3.9338 4.0705 3.9778 3.8685 3.5813 3.5352 3.6882 3.4775 3.4615 3.6276 3.6310 3.6652 3.4641 3.2153 3.5009 3.4219 3.1975 3.2700 3.4921 3.5126 3.4680 3.7700 2.9951 
6.5700 6.8253 6.0928 5.7492 5.5668 5.3214 5.1958 5.0674 4.8590 4.8453 4.8223 4.7509 4.6139 4.5735 4.6024 4.6051 4.6009 4.5469 4.4626 4.3206 4.2852 4.3645 4.3506 4.2634 4.1844 4.2287 4.2656 4.2560 4.2813 4.2699 4.2615 4.5735 3.4063 
6.3710 6.3547 5.7188 5.1716 5.0782 4.8216 4.6842 4.5297 4.3552 4.2898 4.3556 4.3156 4.2485 4.2533 4.2079 4.1134 4.0823 4.0499 4.0697 4.0528 3.9903 3.9585 3.8870 3.7100 3.6753 3.6928 3.7577 3.7562 3.8079 3.6879 3.9591 4.0960 3.1738 
6.5762 6.5372 5.7870 5.3964 5.0159 4.9972 4.7277 4.7273 4.6438 4.5696 4.4132 4.3536 4.3615 4.1305 4.1768 4.0928 4.0203 4.0323 4.0450 3.9193 4.0631 3.9953 3.9465 4.0049 3.9967 3.9728 3.8084 3.9312 3.7288 3.9565 4.0203 4.2292 3.3972 
6.8779 6.8275 6.0643 5.6034 5.3439 5.1705 5.0028 4.9052 4.7537 4.6578 4.6473 4.5490 4.5235 4.4664 4.3628 4.3013 4.3352 4.2235 4.2066 4.2105 4.1740 4.1295 4.1610 4.0872 4.0899 4.1132 4.0694 4.1042 4.1114 4.1027 4.2289 4.5679 3.6881 
6.7919 6.4928 5.4135 4.9523 4.5918 4.5622 4.0222 3.7535 3.8294 3.4827 3.5985 3.4099 3.0555 3.5014 3.2137 3.5956 3.4367 3.5329 3.0811 3.2494 2.7329 2.9997 3.1117 2.9067 3.1408 2.9800 3.0692 3.4959 3.3375 3.4939 3.6234 4.1894 3.5601 
6.7646 6.6497 5.8445 5.3219 5.0963 5.0747 4.8883 4.5959 4.5791 4.4343 4.4106 4.3374 4.3875 4.2165 4.2096 4.2285 4.0124 4.1654 4.0716 4.0165 4.0796 3.9850 3.9428 3.8470 3.9012 3.7860 4.0023 4.0102 3.8352 3.8753 4.0788 4.3375 3.5497 
6.5714 6.4127 5.6040 5.1353 4.9290 4.6623 4.7125 4.5548 4.5223 4.4098 4.4378 4.1746 4.1473 4.0548 4.0850 4.0683 3.9578 4.0106 3.9544 3.8091 3.8424 3.7755 3.9736 3.8240 3.8056 3.7279 3.7934 3.5994 3.6781 3.6522 3.7808 4.1566 3.3307 
4.0418 5.5574 5.0480 4.5733 4.6514 4.5776 3.5225 4.1117 3.7309 3.5273 3.0232 3.5601 3.6847 3.5165 3.6077 3.6377 3.4341 3.5683 3.4841 3.2684 3.4076 3.1550 2.5504 2.9575 3.0644 3.3297 2.5658 3.5115 3.4493 3.1007 3.2308 3.2670 0.4939 
5.3095 4.7260 4.6133 4.4688 4.2110 4.4596 4.1877 4.0012 3.5736 3.8089 3.4778 3.5973 3.5267 3.4208 3.3680 3.3345 2.9755 3.2383 3.1876 3.1565 3.1880 3.1884 2.9868 3.2253 2.9301 3.1646 3.2670 3.4044 2.9983 3.0006 2.8789 2.4937 1.9965 
5.9481 5.8377 5.5251 5.1862 5.1157 4.7477 4.6385 4.5229 4.5021 4.3642 4.1109 4.0802 3.9326 4.0676 4.0972 4.0402 4.0306 3.9824 3.9741 3.8296 3.6007 3.6761 3.6250 3.7786 3.7888 3.6883 3.7036 3.6821 3.8726 3.7052 3.7232 3.5650 2.6457 
