4.7316 3.0085 2.6015 3.4208 2.5093 2.2157 1.8489 2.0581 2.9529 2.7489 2.5336 2.0234 2.1353 1.7669 1.5462 1.0864 0.7912 1.0173 1.3953 1.5122 1.8570 1.6313 2.0461 2.1539 2.2637 1.3160 0.8996 1.0949 1.2641 1.9189 0.9285 0.4557 1.3446 
4.2120 4.1451 3.5272 3.2234 3.0081 2.7684 2.9087 2.7711 2.7245 2.8433 2.6326 2.5078 1.8337 2.0670 1.9508 2.3564 1.7697 2.2559 1.8303 1.8677 1.4914 2.0950 2.1527 2.2487 2.0389 1.9630 1.9543 1.6906 1.7712 1.7843 1.7363 1.8477 0.8738 
5.2820 4.4302 3.7266 3.4792 3.4948 3.1718 3.1981 3.0929 2.5165 2.8992 2.8229 2.8524 2.5634 2.4944 2.5288 2.3483 2.4563 2.2486 2.3982 2.2823 2.2676 2.4394 2.3537 2.3063 1.8545 2.3267 2.3019 2.0951 2.2275 1.9720 1.9306 2.0258 1.9264 
2.3731 3.5724 3.0542 2.9454 2.8450 2.5464 2.4772 2.4370 2.5488 2.1538 2.1344 2.3001 2.0501 2.0809 2.3566 2.0560 1.4541 1.9878 2.1610 1.8806 1.7718 1.8911 1.6644 1.5632 1.8819 1.6243 1.5439 1.4665 1.5565 1.4452 1.3081 1.3063 -0.7726 
5.1421 3.9500 3.4141 2.8488 2.8132 2.5860 2.6537 2.5867 2.4056 2.2742 2.1581 1.0355 0.2903 1.2799 1.7814 2.0569 1.4623 1.9911 1.5887 0.9916 -0.0375 0.6930 1.6880 1.6858 1.7176 1.8281 1.7636 1.5090 1.5199 1.3397 1.5434 1.4662 1.7763 
5.0785 3.9866 3.3610 2.7791 2.5808 2.5735 2.9334 1.8869 1.7506 2.1762 1.9212 1.0072 1.9143 2.4519 2.2973 2.1697 2.1146 2.0822 2.1072 2.2143 1.5842 0.6118 1.4264 1.5864 1.0331 1.0736 1.9824 1.4992 1.3414 1.3066 1.5154 1.5199 1.6818 
5.6101 4.7547 4.1603 3.9690 3.6513 3.6879 3.6413 3.4938 3.1822 3.0590 2.9377 3.0746 2.7363 2.7522 3.0070 3.0526 2.9223 2.9852 2.8845 2.5138 2.4332 2.6691 2.4401 2.4799 2.5079 2.6678 2.7128 2.6099 2.4123 2.4504 2.3782 2.4059 2.2044 
4.2601 3.2751 2.6793 2.2441 1.5068 2.7030 2.4337 2.2443 1.4412 1.6957 1.5280 1.7270 1.3979 1.7287 1.7706 1.8417 1.5428 1.7639 1.5864 1.4863 1.0796 1.3239 1.0426 1.0870 0.7747 1.4320 1.4855 1.6459 0.3119 0.7594 0.9280 1.0875 0.8612 
5.6495 5.3715 5.8509 5.3013 5.0429 4.6362 4.6516 4.6226 4.2718 4.6054 3.9780 4.1378 4.0377 3.5683 3.2113 3.6724 3.8458 3.6001 3.0678 3.3753 3.6821 3.7366 3.4866 4.0409 3.5924 3.8172 3.7176 3.5477 3.7514 3.8168 4.0741 2.9973 2.1876 
5.1211 4.7236 3.5632 4.2051 4.6636 4.0982 4.3742 4.0006 4.0055 3.5877 3.3373 2.2227 3.7510 2.9201 3.9744 4.1413 3.3810 4.0725 3.7813 2.6365 3.4705 1.8254 2.8679 3.0067 3.3034 3.1555 3.4662 3.0231 3.4436 2.7405 1.7407 2.4475 1.8497 
5.2834 3.9054 4.3388 3.7507 3.9133 2.5054 3.4399 2.5854 3.5434 3.4634 2.9678 2.0715 1.5091 2.5944 2.3965 2.3762 2.2471 2.2941 2.2322 2.3972 1.2266 1.6980 2.4721 2.8931 2.8926 1.8277 2.4775 1.4386 2.6220 2.3082 2.5319 1.5710 1.8998 
5.0686 4.1825 3.7129 3.8601 2.5698 2.8457 2.7724 2.4520 2.6586 2.6955 2.4016 2.2603 2.2247 2.0020 1.4693 1.3703 1.9126 1.3126 1.3402 1.8151 1.9150 1.8712 1.9059 2.1061 1.9793 1.6384 1.8562 1.7587 1.3289 2.3876 1.9213 1.8346 1.6727 
3.7586 3.9799 3.7516 3.6619 2.9859 2.9979 2.3814 3.0678 2.7011 1.5303 2.3912 2.2021 1.9699 1.6910 1.5631 1.6513 2.0723 1.5711 1.4159 1.4525 1.6599 1.8300 1.8943 0.9644 2.0136 2.2959 1.4197 1.9186 1.7543 2.1717 1.9687 1.6210 0.3398 
5.2884 4.5580 3.8540 3.9897 3.6712 2.9168 3.0283 2.8400 3.2410 2.9470 2.9844 2.7806 2.7155 2.5443 2.6079 2.4537 2.2800 2.3923 2.4739 2.3498 2.4196 2.3933 2.4905 2.3765 2.5567 2.0192 2.0883 1.8341 2.4385 2.4807 2.0414 2.1683 1.9417 
5.0676 4.0248 3.5369 3.4846 2.8396 2.5107 2.9334 3.0653 2.1191 1.7497 2.3256 2.6304 2.5922 2.3887 2.0427 1.9710 2.2316 1.9045 1.9013 2.1214 2.3147 2.2604 1.8365 1.1531 1.4394 2.2887 1.9805 1.4322 1.5412 1.9745 1.7319 1.5771 1.6571 
4.7551 3.7552 3.2413 3.1514 2.9068 2.5540 2.8978 2.4412 2.3135 1.8160 2.0428 0.9777 1.8873 1.5555 1.6739 1.5155 1.7690 1.4447 1.5080 1.3465 1.5433 0.6057 1.5450 1.2175 1.5914 1.6250 1.9359 1.4704 1.6039 1.6727 1.4290 1.3521 1.3884 
3.5226 3.1314 2.5803 2.0281 1.7548 2.0876 -0.0045 1.6648 1.5053 0.6175 1.6178 1.9386 1.1609 1.3967 1.1280 1.2948 1.8531 1.2132 0.9651 1.1652 0.8525 1.5201 1.1465 0.0088 0.8322 0.8657 -0.9677 1.0086 0.4716 0.5256 0.8030 0.8125 0.2084 
4.1934 3.4641 2.2689 2.6662 2.5350 0.5341 1.5778 2.0491 2.0039 1.3453 1.6092 1.5428 1.3342 1.8109 2.0461 1.6537 1.9123 1.5621 1.9057 1.5270 0.9877 1.1654 1.1390 0.7719 1.3401 1.2905 0.6779 -0.5195 1.3082 1.2129 0.4200 1.0520 0.8329 
4.0299 3.3783 2.4831 2.5178 1.9084 2.4279 1.9281 1.9572 2.0930 0.7727 2.0107 1.5916 1.8516 1.3533 1.8349 1.8847 0.5514 1.8269 1.6549 1.1012 1.5096 1.2306 1.5172 0.1326 1.4230 1.1712 0.9913 1.3526 0.7270 1.0568 0.6644 1.1243 0.6520 
4.4021 3.0549 3.1359 2.3817 2.7913 2.4731 2.6105 2.2632 2.0851 1.4029 1.7869 1.2981 1.9918 1.6792 0.7873 1.6415 1.0051 1.5460 0.6331 1.4415 1.6827 0.8658 1.3060 0.8318 1.4063 1.4504 1.7167 1.4034 1.5202 0.8288 1.3849 0.8677 0.9870 
5.1074 4.5896 4.5514 4.2294 4.0462 3.6005 3.1774 2.7416 3.0352 2.4496 3.0059 2.5466 2.9769 2.8190 2.8275 2.8511 2.4504 2.7519 2.6394 2.5641 2.6376 2.1497 2.5109 1.8749 2.3772 1.9375 2.2822 2.5198 2.7904 2.7601 2.7366 2.2218 1.7073 
4.3842 3.8365 3.0427 3.4115 3.0065 2.6164 2.4998 2.4723 2.3703 2.3933 1.3627 2.2137 2.3060 1.9979 2.2292 2.1413 2.0428 2.0587 2.0558 1.8016 1.9728 1.8373 0.8866 1.8219 1.6520 1.6785 1.5554 1.5580 1.7667 1.9148 1.3147 1.5726 0.9898 
4.6770 4.7207 4.1262 4.0322 3.6476 3.6164 3.2555 3.0909 3.0232 3.0386 2.9790 2.8447 2.9666 2.8038 2.5969 2.6613 2.5330 2.5879 2.4645 2.5507 2.6274 2.4324 2.4845 2.4618 2.3696 2.3237 2.3640 2.5387 2.4149 2.5323 2.3696 2.4213 1.3555 
4.9923 4.0941 3.2226 3.2113 3.1259 2.2655 2.3165 2.2978 2.2941 2.4115 2.4389 2.5344 2.4181 1.9413 1.4876 2.0114 2.2400 1.9432 1.3475 1.7193 2.0739 2.1299 1.9444 1.8405 1.5769 1.4713 1.3724 1.1916 1.8874 1.7657 1.4237 1.7294 1.6088 
4.6354 3.0295 2.6047 2.1756 1.9681 1.8588 1.6383 1.3091 2.2145 2.2376 1.4389 2.0205 1.8572 1.4520 1.8995 0.3534 1.5397 0.3264 1.7535 1.2664 1.5141 1.6318 0.9276 1.6439 1.5207 0.5309 0.7724 0.8153 0.6821 0.7231 0.9050 0.7556 1.2827 
4.9483 4.0373 3.3598 3.1744 2.9047 2.5954 2.4532 2.6162 2.1882 2.0987 1.9901 2.2479 2.0391 1.3363 2.1066 1.7815 1.5132 1.6829 1.9648 1.0824 1.7512 1.8587 1.5038 1.5162 1.4984 1.8545 1.5113 1.5173 1.6045 1.7150 1.5190 1.6343 1.5666 
3.4914 3.5062 3.0374 2.5592 2.5145 2.6049 2.3573 2.3580 2.4681 1.8707 2.1142 1.9685 1.8775 2.1249 1.6356 2.1097 2.0145 2.0435 1.4776 1.9111 1.5315 1.5608 1.6320 1.2988 1.8178 1.5123 1.3940 1.5308 1.2989 1.0676 1.2777 1.1891 0.1059 
4.1179 3.1364 2.8424 1.9981 1.9340 2.0553 1.9614 2.1178 1.6085 1.2765 1.8144 1.9044 1.0601 1.8880 2.2599 1.9031 0.9481 1.8427 2.0781 1.6400 0.7704 1.4943 1.3142 0.6874 0.9264 1.3435 1.0222 0.9754 0.7006 0.5102 1.0057 0.7812 0.7734 
4.2040 3.5906 3.1926 2.8176 2.3767 2.4314 2.4108 2.1842 1.8306 1.8069 1.8931 1.5603 1.2981 1.4845 1.6001 1.5321 0.7783 1.4683 1.4509 1.2892 0.9506 1.1884 1.3975 1.2123 1.1141 1.3893 1.4635 1.3551 1.0866 1.3290 1.3995 1.2646 0.8271 
4.4739 3.5174 2.9298 2.4586 2.1163 1.7858 2.3642 2.0558 2.0958 1.8899 1.7813 0.0304 1.5893 1.2363 1.9442 1.1067 1.3011 1.0161 1.8234 0.9721 1.3110 -0.3432 1.2948 1.3158 1.4212 1.2987 1.4048 0.7167 0.8733 0.9608 1.0822 1.1056 1.0528 
3.7315 3.3852 2.9307 2.5244 1.8654 1.3681 2.3238 1.8223 2.5234 2.3468 2.0925 1.9244 1.6926 1.3821 2.0878 2.2513 1.7132 2.1554 1.9503 1.1500 1.3733 1.5112 1.6130 1.7459 1.8607 0.9817 1.3723 0.2865 0.5888 1.0188 1.1011 0.9949 0.3456 
4.1672 3.6898 2.7313 2.7581 2.9048 2.6645 2.3625 1.8596 1.9378 1.5619 1.9689 1.7401 1.5628 2.0317 1.2086 1.4372 1.5514 1.3694 1.0154 1.8337 1.2888 1.3428 1.4790 0.9768 1.2889 1.0155 1.3994 1.5865 1.6103 1.3089 0.9142 1.3728 0.8383 
3.5009 2.9715 2.3669 2.8983 2.6875 1.3946 2.5573 2.4596 1.8133 2.0839 1.9925 1.6488 1.7441 1.5020 1.6116 1.5495 2.0998 1.4889 1.4600 1.3012 1.4141 1.2848 1.5050 1.5091 1.0966 1.6522 1.6310 0.3308 1.4323 1.3923 0.5120 0.6986 0.2181 
2.5052 2.9618 2.7821 3.2164 3.4693 3.5300 3.6103 3.5595 3.4821 3.2429 2.9805 2.7420 2.4594 2.7679 2.5663 2.3580 2.4288 2.2585 2.4278 2.5266 2.1315 2.3718 2.4852 2.6533 2.7880 2.7649 2.6777 2.4528 2.1927 1.7693 0.9730 0.6900 -1.0874 
3.7018 3.3768 3.5514 3.5276 3.7626 2.9552 3.5551 2.7837 1.9758 2.1958 2.0123 2.4125 2.8073 1.8539 1.9788 1.9054 -0.3806 1.8465 1.8527 1.5907 2.4802 1.9964 1.5155 1.6004 1.3091 1.9701 2.6098 1.8884 2.5106 2.0274 1.7761 1.1030 0.3400 
3.8646 4.0655 4.4509 4.1100 3.9838 4.1177 3.6629 3.6104 3.4742 2.4133 2.2229 3.0888 2.9743 2.5840 2.2980 2.4394 2.9408 2.3824 2.1146 2.3804 2.6357 2.6887 1.7559 1.8431 2.7753 2.8359 2.7403 3.0403 2.6999 2.6055 2.6112 1.8045 0.6423 
4.3497 3.6449 4.0705 4.2101 3.6300 4.1191 3.1202 2.7240 2.4997 2.1535 1.9286 2.5033 2.8331 1.9300 2.9407 2.9327 -0.0134 2.8604 2.7792 1.7101 2.5007 2.0938 1.4238 1.5467 1.8290 1.9202 2.2376 3.0456 2.3810 2.7292 2.3173 1.3885 0.9504 
3.2304 3.5238 3.0647 2.9073 3.6555 3.2967 2.5128 1.7468 2.1979 2.0627 1.6746 1.2737 1.0427 1.8868 1.5789 2.1297 2.2401 2.0543 1.4328 1.6453 0.7688 0.8451 1.1945 1.4911 1.5103 0.9319 1.5662 2.2132 2.4208 1.4275 1.2957 1.2811 -0.1466 
3.0028 3.3554 3.2979 2.9526 2.7406 2.6929 3.2423 3.5648 3.0403 1.6728 3.0379 3.1485 3.1251 3.1114 2.4844 3.0085 2.5995 2.9469 2.3612 2.9125 2.8396 2.7728 2.5503 1.0704 2.3809 2.7714 2.3585 1.6216 1.4663 1.4470 1.4949 1.0801 -0.7115 
4.7297 3.6362 3.4449 3.5200 3.3137 3.3125 2.4076 3.3475 2.3974 2.6932 1.8541 2.5193 3.5532 4.0467 3.3342 2.7949 2.2818 2.7064 3.1490 3.8010 3.2342 2.1159 1.3645 2.1038 1.7002 2.5270 1.4375 2.2327 2.0416 2.0181 1.5926 1.2465 1.3643 
3.6644 2.2928 2.8709 2.0470 2.7843 2.9677 2.5788 3.0622 3.0615 2.4072 3.0788 3.3066 3.4511 3.1140 3.5033 2.5058 1.2658 2.4369 3.3537 2.9156 3.1060 2.9236 2.5904 1.8347 2.3948 2.2899 1.6552 1.8958 1.5151 0.5752 1.0314 -0.0783 0.2505 
4.3781 3.1370 2.6478 3.0127 2.6660 3.1193 3.2545 3.0687 3.2554 2.0600 2.5568 3.5071 3.3336 2.8642 3.0046 3.5826 3.4352 3.5175 2.8893 2.5888 3.0131 3.0959 2.0560 1.4844 2.5660 2.3013 2.3648 2.0443 1.4117 1.5196 0.8784 0.7601 0.9896 
1.5948 1.7560 2.3617 2.0357 2.9175 2.2330 2.6352 2.1046 1.4806 2.9037 2.3685 3.6564 3.0324 3.6103 3.2430 2.7301 2.9848 2.6433 3.0878 3.4124 2.7165 3.2618 1.8775 2.3141 0.8126 1.3292 1.7346 1.1763 1.6259 0.5862 0.5134 -0.5173 -1.7724 
3.6665 2.9688 2.3566 2.0497 1.6133 2.4577 2.7334 2.4684 1.9804 2.4176 2.8266 1.9595 2.9716 2.4041 2.2942 2.9294 3.1489 2.8599 2.1125 2.1417 2.6334 1.5595 2.3581 1.8424 1.3232 1.6587 1.8325 1.3925 0.3721 0.5479 0.4894 0.5772 0.3104 
4.1575 2.9194 2.4184 2.7616 2.2949 2.8855 2.1672 2.2539 2.2669 2.7078 2.7828 2.4622 1.4856 0.0244 2.5837 2.4122 0.9146 2.3507 2.4450 -0.2011 1.1855 2.0503 2.3122 2.1194 1.5542 1.4486 1.2737 1.8034 0.9989 1.2957 0.5724 0.4254 0.7896 
3.6648 2.2811 3.0024 2.8280 1.8594 2.4333 2.4670 1.5725 1.0844 1.3923 2.5544 2.1467 2.8657 2.2395 2.0862 2.1816 1.0009 2.0928 1.9475 1.9894 2.5218 1.7877 2.0568 0.8262 0.4070 0.8087 1.5204 1.3557 0.5614 1.3310 1.2148 -0.2201 0.2721 
0.6997 2.7611 2.9388 2.5577 2.9351 2.4870 2.1444 1.6818 1.2374 2.5220 2.9542 1.8358 2.9140 2.4153 2.9907 2.8974 2.8054 2.7965 2.8607 2.1550 2.5689 1.4169 2.4585 1.9431 0.5135 0.8744 1.2564 1.4067 1.6631 1.0720 1.1426 0.4398 -2.5501 
3.6325 2.8451 2.2929 2.4629 1.1992 2.6279 3.0642 2.7023 2.0375 2.1165 1.5759 1.9601 2.1915 2.1346 2.4152 2.9134 1.9928 2.8275 2.2641 1.9168 1.8914 1.5425 1.1013 1.5329 1.3624 1.9104 2.1310 1.5598 -0.1107 0.9713 0.4589 0.4426 0.3035 
3.9295 3.4942 2.9294 1.2106 2.3523 2.4048 1.9796 3.0029 3.1031 2.3008 2.1965 1.8885 2.4482 3.1987 2.0831 1.8344 2.2015 1.7450 1.9420 2.9848 2.1231 1.4691 1.7275 1.6944 2.4322 2.2043 1.0585 1.3250 1.0598 -0.2956 1.0956 1.1457 0.5349 
4.1663 3.4770 2.5389 1.8292 1.3777 2.4844 2.4214 2.4259 1.8353 2.0873 2.6990 1.9832 3.0133 2.7288 1.6268 1.9659 1.8223 1.9038 1.4674 2.4952 2.6912 1.5684 2.2248 1.5126 1.1162 1.6039 1.4793 1.4081 0.1261 0.3393 0.7606 1.0783 0.8186 
4.3613 3.5333 3.0821 2.9115 1.7730 2.4764 1.8624 2.2164 0.7443 2.6569 3.0178 2.9529 3.0934 3.0240 2.0565 2.3667 1.2131 2.2746 1.9232 2.8031 2.7970 2.5357 2.5262 2.0735 0.0214 1.4130 0.9193 1.3995 0.4964 1.4005 1.3014 1.1580 0.9684 
4.1344 3.4448 3.4891 2.9933 2.6034 2.0351 2.7350 2.8691 2.4476 2.4979 2.0340 1.0104 2.0083 2.0504 2.3949 1.5129 1.8268 1.4403 2.2242 1.8505 1.7078 0.6472 1.5348 1.9212 1.7832 2.0348 1.8366 0.9628 1.3683 1.4905 1.6716 1.0255 0.7671 
3.9269 2.6076 2.3799 1.5397 2.0614 1.6661 1.3930 1.6900 1.1630 2.6301 1.2895 2.4075 1.4045 2.2713 2.1432 1.9390 2.1946 1.8771 1.9903 2.0210 1.0616 1.9892 0.7775 2.0537 0.4571 0.8750 0.4428 0.6082 0.8354 0.1362 0.5771 0.2294 0.5194 
3.0105 1.9464 2.2079 1.6662 0.6347 1.9165 2.3308 2.3576 2.1497 2.5285 1.0517 1.2277 1.7510 2.4869 1.8427 1.7376 1.2011 1.6387 1.6635 2.2687 1.4219 0.8189 0.5646 1.9489 1.4702 1.5124 1.3797 0.8473 -0.6362 0.2053 0.4079 -0.4262 -0.3309 
3.5290 2.9918 1.5963 1.8068 0.9348 2.0591 1.5190 1.9023 1.3114 2.0087 1.4213 1.8563 1.5397 1.5919 2.0823 1.9880 1.9241 1.9206 1.9473 1.3761 1.2747 1.4335 0.9424 1.4267 0.6103 1.0899 0.6145 0.9871 -0.3302 0.3156 -0.2029 0.6736 0.2307 
3.0194 2.6909 0.3236 1.3865 2.3661 2.2599 2.6660 2.2417 2.4200 2.4434 1.3631 2.2181 1.8614 1.1697 0.7844 1.0205 1.1633 0.9508 0.6268 0.9152 1.5137 1.8429 0.8846 1.8665 1.7421 1.4286 1.7801 1.1912 1.0846 -0.0879 -1.4177 0.3737 -0.2771 
4.0022 2.9835 1.8427 2.3827 0.2809 2.3317 2.3252 1.7331 2.0010 1.8210 1.4976 1.6012 1.1232 1.5990 1.6092 1.5060 1.6447 1.4331 1.4568 1.3836 0.8215 1.2360 1.0006 1.2228 1.3361 0.9134 1.3771 1.2633 -1.0599 0.8787 0.0056 0.5936 0.6273 
2.9383 1.9697 1.9172 1.9841 2.0277 0.6160 2.0184 2.3405 2.6088 1.7349 2.1814 2.4703 1.7213 1.6381 2.0677 1.5734 0.2140 1.5049 1.9330 1.4143 1.3922 2.0558 1.7096 1.1345 1.9420 1.5064 1.0990 -0.4544 0.7903 0.5079 0.1201 -0.3120 -0.4714 
-0.0043 2.8404 2.7201 2.5116 1.8177 1.6390 2.4035 1.8626 1.3473 1.9392 2.4914 2.3730 1.9779 1.2778 1.6153 0.5599 -0.6822 0.4692 1.4668 0.9937 1.6656 1.9444 2.0006 1.3697 0.6602 1.0228 1.4577 0.5721 0.4887 1.0152 0.9272 0.5129 -2.4391 
2.2071 2.6685 2.5937 2.2635 2.4264 1.7818 2.0544 1.8219 1.5088 2.0529 1.6630 1.3682 1.5605 0.9001 0.8319 0.6419 -0.0652 0.5553 0.6845 0.6971 1.2885 0.9645 1.1838 1.4819 0.8367 0.9763 1.1422 0.6909 1.1689 0.7940 0.8129 0.3745 -1.2435 
2.5126 2.1093 2.4895 1.7316 1.7401 2.0800 1.1637 0.6500 2.2956 1.5101 0.8375 1.9136 0.9574 -0.1933 1.6892 1.1551 0.4486 1.0591 1.5175 -0.3857 0.6576 1.5041 0.3499 0.9283 1.5797 -0.1770 0.2415 0.9991 0.4497 0.2489 0.7227 -0.1674 -0.7639 
1.8833 2.5989 1.8906 2.2123 1.7301 2.0140 1.1125 0.9483 1.4379 1.8772 1.7898 1.3934 1.4076 1.5163 1.5158 1.2740 -2.0181 1.1706 1.3803 1.3174 1.0893 0.9785 1.2997 1.3061 0.7794 0.1892 0.2098 0.9374 0.4510 0.7562 0.0691 0.3099 -1.1887 
3.6231 3.1250 2.5909 2.8265 2.6158 1.3093 1.8624 1.4494 1.9408 1.6304 1.8794 0.8169 1.1093 1.9499 0.9997 1.5931 1.1089 1.5140 0.8768 1.7327 0.8194 0.3961 1.3838 1.0441 1.2889 0.6725 0.9130 0.2281 1.3796 1.3406 0.8073 0.7903 0.2528 
1.7651 2.4125 2.7526 2.5514 1.8427 0.6900 2.1960 1.8598 1.5946 1.7838 2.0444 1.7544 1.3995 0.9946 1.8263 1.3370 1.6094 1.2791 1.6374 0.7947 1.0779 1.3458 1.5476 1.1880 0.9159 1.0229 1.2998 -0.4147 0.5497 1.0597 0.9496 0.1126 -1.3483 
1.3542 1.1383 1.0120 1.5225 1.4502 1.8413 1.0027 1.7122 1.6841 1.8994 1.9895 1.5383 1.5522 1.0781 0.3208 1.3878 0.8743 1.3257 0.2056 0.8544 1.2855 1.1660 1.5000 1.3286 0.9790 0.9007 0.0993 0.7644 0.2316 0.0585 -0.7507 -1.2083 -2.2451 
3.5441 1.9431 2.2126 2.2683 1.7345 2.3455 1.4025 1.6063 2.2430 2.1429 1.3230 1.8471 1.7098 1.8307 1.9385 1.1511 1.1536 1.0535 1.8177 1.5569 1.3844 1.4265 0.8189 1.5528 1.5350 0.8285 0.4603 1.2738 0.4498 0.7812 0.4323 -0.4259 0.2001 
3.4504 3.0171 2.3686 2.5963 1.7407 2.1012 1.6448 1.7673 2.1389 2.0348 1.9386 1.5144 1.2181 1.5126 1.0240 0.5672 0.8266 0.4757 0.8804 1.3132 0.8870 1.1274 1.4449 1.4518 1.4606 0.9473 0.7494 1.0225 0.4698 1.1239 0.5430 0.7091 0.1179 
2.1011 2.3735 2.6138 3.0278 2.7519 2.9048 4.0244 3.6800 3.4876 3.5685 2.7325 3.2802 3.4792 3.4411 3.6060 3.4582 3.0410 3.3746 3.4762 3.1621 3.1339 2.9118 2.2552 2.9898 2.8002 2.9193 3.0788 1.8408 1.4902 1.5323 0.8373 0.0536 -1.0848 
3.3998 2.0780 2.4743 3.6071 3.5411 3.4450 3.0676 3.2537 2.5978 3.4481 2.7366 3.4856 3.6216 1.9802 3.0416 3.6657 2.5920 3.5937 2.9209 1.8070 3.3209 3.0683 2.2610 2.8640 1.9424 2.4619 2.1462 2.3672 2.3049 2.1155 0.6899 -0.2456 -0.1040 
3.5080 2.5505 3.1102 3.5047 2.8568 2.1032 2.6695 3.1095 3.5064 2.8108 2.9637 2.9971 3.5679 3.2019 3.5902 2.5875 2.4318 2.5102 3.4621 2.9858 3.2514 2.5870 2.4687 2.2069 2.8333 2.3345 1.7953 1.0154 1.5460 2.0013 1.3417 0.2118 0.0700 
3.7182 2.0338 2.7463 2.4259 2.1362 2.8860 2.5492 2.9935 2.9067 3.2601 3.3837 3.1303 2.7508 3.1072 3.3921 2.8722 0.7565 2.7683 3.2012 2.9111 2.4415 2.7432 2.9052 2.6698 2.1974 2.1864 1.6122 1.8180 0.8841 0.9235 0.9328 -0.2854 0.3422 
2.5121 2.9146 2.8489 2.7811 2.9677 2.7034 2.6877 2.9584 2.9466 2.3765 3.1213 2.2151 3.0838 2.8848 2.6716 2.4966 2.4427 2.4299 2.5268 2.5987 2.7862 1.8385 2.6237 1.7969 2.2570 2.1386 1.7908 1.6223 1.7130 1.3123 1.0119 0.5964 -0.8031 
3.6440 2.0398 2.5246 2.5351 2.1516 2.2188 2.6331 1.9396 2.2769 2.7231 2.6509 2.5642 2.2385 2.4646 1.4995 2.4621 1.4468 2.3993 1.3695 2.2370 1.9178 2.1675 2.1695 2.1328 1.5696 1.1521 1.7282 1.1743 0.8925 1.0239 0.7422 -0.3798 0.2327 
3.1272 2.7589 2.6204 2.6464 2.7760 2.5822 2.3072 2.5279 2.3723 1.8789 2.3992 2.2180 2.7340 2.9497 2.5018 2.0423 1.9203 1.9677 2.3755 2.6937 2.4329 1.8434 1.9010 1.3054 1.6532 1.7595 1.3614 1.5022 1.5071 1.2088 0.8361 0.4291 -0.2368 
1.8202 2.9563 2.2687 0.0537 1.8401 2.0663 2.1777 2.3879 2.1556 2.5699 2.5380 2.3944 1.5421 2.4191 2.0960 2.6100 1.7139 2.5488 1.9484 2.1743 1.2635 1.9685 2.0506 1.9940 1.4628 1.5562 1.2903 0.9921 0.5788 -1.2811 0.4292 0.6787 -1.3334 
4.3729 3.5202 3.0137 3.0037 2.9812 2.8611 2.4963 2.4722 2.5788 2.6082 1.7544 2.5887 2.5957 2.6954 1.7531 1.6033 2.4483 1.5287 1.5595 2.4709 2.3273 2.2008 1.2822 2.0354 1.9079 1.6808 1.5474 1.7880 1.7428 1.5092 1.2491 1.1351 0.9899 
3.7244 3.1327 2.0831 2.4501 2.0804 2.4002 2.4238 1.9974 1.7699 2.0196 2.4501 2.2697 2.2641 2.6127 1.9542 1.4736 1.4558 1.4020 1.8277 2.4128 1.9415 1.8711 1.9593 1.4349 1.0593 1.2292 1.4783 1.3289 0.8408 0.9558 0.2964 0.7945 0.3512 
0.1668 2.2637 2.3969 1.4544 1.8278 1.7760 2.2344 1.9791 2.3910 1.7141 2.5205 2.5178 2.1405 1.0097 0.6710 1.6357 1.5726 1.5486 0.4857 0.8081 1.8538 2.1093 2.0345 1.1196 1.6908 1.1839 1.3221 0.7086 0.5370 -0.0373 0.5750 -0.0681 -2.6448 
2.5832 3.0463 2.7910 2.5632 2.4141 2.3068 2.7172 2.5405 2.4880 2.4984 1.7326 2.0343 1.7614 1.0846 2.3622 1.1672 0.5364 1.0604 2.1707 0.8430 1.4277 1.6347 1.2605 1.9215 1.8317 1.7745 1.8246 1.2410 1.1451 1.0753 0.9673 0.7576 -1.0883 
3.9755 3.3102 2.5818 3.3554 1.6238 3.3655 3.4511 3.1347 2.9893 3.3834 3.1323 2.5115 3.0087 2.6656 2.3550 2.5892 3.0120 2.5198 2.1556 2.4494 2.6841 2.1096 2.6420 2.7910 2.3237 2.3775 2.4930 2.2930 0.3441 1.8683 0.7970 0.9182 0.5202 
3.7632 2.4794 1.6397 3.0439 3.4761 3.1987 3.2853 2.8687 3.2285 2.9795 3.1942 3.5534 2.9455 2.6735 2.5258 2.7180 3.2699 2.6319 2.3934 2.4534 2.5952 3.1363 2.7162 2.4062 2.5497 2.0271 2.3856 2.1209 2.2077 1.5538 -0.1889 0.0688 0.4152 
4.1407 3.4165 2.9098 3.0510 2.9472 2.3430 2.9174 2.7720 3.5637 3.4917 3.3723 2.4800 2.6223 2.5461 2.0476 3.2532 3.6646 3.1704 1.9192 2.3564 2.3633 2.0610 2.8982 2.9196 2.9091 1.9685 1.9661 1.2510 1.6719 1.5652 1.0770 1.0221 0.8189 
4.0343 3.2099 2.3183 2.4194 2.9158 2.6402 3.0771 3.0073 2.6956 2.9734 2.8180 3.2575 2.9829 2.1722 2.6445 2.7815 2.5664 2.6887 2.5051 1.9409 2.6460 2.8986 2.3452 2.4014 2.0130 2.2049 2.1489 1.5732 1.6320 0.9167 0.4730 0.8412 0.6561 
4.0007 3.0649 2.6397 3.0227 2.3878 2.2279 2.7245 2.7803 1.4755 2.4771 2.7125 0.7758 1.2958 2.8914 2.5333 2.7770 3.1683 2.6896 2.4012 2.6102 0.9445 0.3937 2.2355 1.9054 0.8213 1.9710 1.8332 1.1682 1.1052 1.5236 0.8502 0.7046 0.6074 
4.0303 2.9822 2.5793 2.3049 2.8901 2.1902 2.4101 2.9218 2.9375 3.0985 1.4275 2.5445 3.0215 2.5099 1.9004 3.0456 3.1556 2.9820 1.7616 2.3057 2.6982 2.1432 0.9032 2.5161 2.2434 2.0865 1.4634 1.1261 1.5911 0.8293 0.8066 0.5971 0.6775 
3.7768 3.2686 2.8635 2.3724 2.3885 2.7433 2.5955 1.9654 2.4192 2.4954 0.9659 2.4413 1.9863 1.8632 2.6831 1.5197 0.3468 1.4616 2.5339 1.6122 1.6882 2.0279 0.5179 1.9161 1.7403 1.1894 1.6840 1.6689 1.1111 0.8646 1.0104 0.9236 0.4321 
3.4548 3.1777 2.9378 2.1578 2.0992 1.9291 2.3672 2.6787 3.0166 2.8179 2.0928 1.6093 2.4338 2.9507 -1.4364 1.8488 1.8538 1.7765 -2.2959 2.6934 2.1030 1.2370 1.6101 2.2233 2.3637 1.9011 1.4070 0.8527 0.8574 0.6901 1.1068 0.8594 0.0064 
3.7013 2.4839 2.3572 2.0516 1.8362 2.5883 2.7041 2.3638 2.4728 2.4503 2.7758 1.3154 1.3805 2.8952 2.5860 1.5175 2.3933 1.4610 2.4430 2.6102 1.0708 0.8829 2.3010 1.8814 1.8203 1.5174 1.8189 1.5134 0.5449 0.5788 0.5020 0.0400 0.3463 
3.6798 3.1319 2.6785 2.1974 2.9487 1.5706 2.0327 1.9385 2.3603 2.5419 2.4940 2.5970 1.8290 1.4887 2.4016 2.4963 1.5283 2.4304 2.2412 1.2904 1.4693 2.2181 2.0086 1.9595 1.6443 1.1369 1.1117 0.5026 1.6804 0.7615 0.8834 0.8060 0.3325 
3.5315 2.8132 0.8789 2.4755 2.1720 2.0046 1.5974 2.5088 2.7214 2.7961 1.8464 2.3424 2.5102 2.4644 1.7827 2.1091 2.0487 2.0437 1.5861 2.2330 2.2032 1.9176 1.3444 2.2027 2.0343 1.7261 0.7302 0.9203 0.9182 0.9762 -0.8647 0.4268 0.2015 
3.5174 2.5926 2.2410 2.1170 2.4695 2.4989 2.1219 1.2793 1.8670 2.2422 2.0105 1.9442 2.2820 2.6320 2.3771 2.3712 2.4720 2.2853 2.1933 2.4264 1.9528 1.5333 1.5150 1.6498 1.1765 0.4355 1.2308 1.4223 1.2294 0.6509 0.3935 0.2093 0.0950 
2.7973 1.8416 1.8397 1.2689 2.0298 1.6583 1.3477 1.7278 1.7023 2.1128 1.0441 1.2863 1.4164 2.1913 1.7663 0.5727 1.0421 0.4882 1.5774 1.9583 1.1079 0.8576 0.5566 1.5246 0.9950 0.9159 0.4052 0.5715 0.8030 -0.2176 -0.0426 -0.3279 -0.6529 
4.0661 3.1507 2.6300 1.8564 1.9969 1.9124 2.5175 2.1894 1.9529 2.0601 1.6605 2.4359 2.1593 2.1463 1.6714 2.1856 1.4901 2.0963 1.5145 1.9257 1.8672 2.0273 1.1892 1.4939 1.3000 1.3918 1.5829 0.8349 0.7630 0.3384 0.8397 0.7930 0.7254 
3.2272 2.6572 2.0367 1.8866 2.1484 1.7211 1.8751 1.5321 1.9073 1.7529 2.1981 2.0222 1.3135 1.9754 1.7202 1.8938 1.5926 1.8351 1.5408 1.7723 0.9708 1.6240 1.7223 1.1623 1.2353 0.7815 0.9295 0.6372 0.9036 0.3935 0.2736 0.3264 -0.0927 
3.6139 2.3996 2.4039 1.5642 2.4018 2.5938 1.9191 1.5987 2.1724 1.9608 2.1427 1.7881 1.7101 1.1861 1.7479 1.7155 0.1392 1.6201 1.5650 0.9307 1.3915 1.3634 1.6703 1.3815 1.4893 0.8190 0.9723 1.5175 1.1393 0.1145 0.5796 -0.0503 0.2309 
3.8534 2.0524 2.9635 2.4494 1.9065 1.7532 2.0090 2.6703 2.1990 1.6789 1.9254 1.9582 1.3117 1.9778 1.1755 1.8829 0.9412 1.8264 0.9881 1.7749 0.9714 1.5422 1.4350 1.0885 1.5070 1.8931 1.0880 0.6790 0.6562 0.9491 1.1520 -0.4915 0.4538 
3.7095 2.7114 2.0246 1.5730 1.8207 2.0021 1.1756 1.6380 2.0293 2.0735 2.1739 2.3251 1.8018 1.2946 0.9982 1.2357 0.8658 1.1404 0.8599 1.0191 1.4521 1.9065 1.6978 1.5047 1.3560 0.8428 0.2557 0.9217 0.5066 0.0949 0.2326 0.3024 0.3421 
3.5205 2.9154 2.1009 0.4568 2.0787 2.4096 2.2816 1.4968 2.1013 1.4201 2.0519 2.2787 2.1884 1.8171 1.4509 1.8496 1.8410 1.7781 1.3173 1.5299 1.8883 1.8771 1.5650 0.8344 1.4301 0.7370 1.3450 1.3360 0.8443 -1.0429 0.3266 0.5196 0.2063 
3.2197 2.3634 3.0140 1.8653 1.5770 0.4347 1.8712 1.8388 2.3749 2.2701 2.2312 1.6771 1.4275 1.4488 2.0611 2.0903 1.8600 2.0242 1.9292 1.2519 1.1145 1.2999 1.7567 1.6770 1.6628 1.0003 0.9244 -0.5976 0.3316 0.3533 1.2396 0.0292 -0.1453 
