2.4573 2.2942 1.9031 1.0435 1.1206 0.6529 0.7286 1.6169 1.3986 1.9050 1.9533 1.3418 1.0016 0.9314 0.8559 1.1592 -1.2758 1.0626 0.7244 0.7293 0.7170 0.9516 1.4942 1.3515 0.7620 0.8300 -0.1605 -0.3893 -0.1147 -0.3662 0.1926 0.0765 -0.7687 
1.9121 0.8868 0.1594 0.7039 0.4000 0.7082 0.6703 0.1141 0.3959 0.3957 1.0778 0.7453 0.2885 0.8011 0.1668 -0.7811 0.2794 -0.8397 0.0044 0.6031 -0.0094 0.3524 0.6276 -0.1503 -0.2499 -0.6729 -0.2418 -0.3232 -0.7635 -0.7304 -1.6306 -1.3934 -1.3352 
2.2967 1.7753 1.2417 0.8735 1.6303 1.3189 1.7334 0.9134 0.7582 1.3135 1.4234 1.2096 1.3742 -0.0421 0.7742 1.2861 1.1282 1.2271 0.6579 -0.2644 1.0957 0.8068 0.9628 0.7612 0.1161 0.1847 0.8222 0.2995 0.3940 -0.5489 -0.4581 -0.4728 -0.8787 
2.0413 0.8677 -0.2093 0.3638 0.8602 0.1973 0.9548 0.8131 -0.2971 0.3844 -0.3957 0.1944 -0.1077 -0.4169 0.1989 -0.1300 -0.8678 -0.1939 0.0517 -0.6733 -0.3663 -0.2016 -0.8695 -0.1633 -0.9500 0.0705 0.1043 -0.8245 -0.3202 -1.0321 -1.8702 -1.3917 -1.1902 
2.3136 2.2274 2.0421 1.9070 1.7518 1.5143 1.3225 1.2096 1.1064 0.4272 1.2555 1.0042 0.9302 0.8162 0.3128 0.3838 -0.0803 0.3233 0.1821 0.6285 0.6685 0.6590 0.7811 -0.1223 0.4206 0.4087 0.4264 0.4836 0.5498 0.4924 0.3194 -0.0306 -0.9531 
3.0223 1.9542 1.9055 1.7455 0.4893 0.8582 1.0155 0.8587 0.7754 0.5943 0.3245 0.8563 0.6034 0.7875 1.2100 1.0717 0.2415 0.9808 1.0517 0.5840 0.2809 0.4764 -0.1501 0.0240 0.1494 0.1276 0.1536 -0.1774 -0.7159 0.3080 0.1975 -0.3383 -0.2080 
1.7200 1.1166 1.0858 1.1630 1.2943 0.7605 1.0601 1.1473 0.8275 0.3571 0.7955 0.9527 1.2004 -0.0309 1.1275 0.3615 1.1399 0.3018 0.9432 -0.2401 0.8721 0.6101 0.3273 -0.1965 0.1880 0.3453 0.1837 -0.2714 0.1378 -0.2808 -0.6776 -1.1036 -1.6377 
2.1726 1.9824 1.8528 1.1978 1.7767 -0.2376 1.4313 1.5647 1.3637 1.4065 1.2336 1.0826 1.2648 0.7052 0.3657 0.5595 0.8194 0.4730 0.2378 0.4585 0.9473 0.7074 0.7558 0.8601 0.7252 0.7916 0.5831 -1.3216 0.5935 -0.2442 0.1502 -0.2475 -1.1795 
1.8125 1.5458 1.4940 1.1552 1.6025 1.2633 0.7348 0.4252 0.9013 0.5950 0.4962 0.3054 0.9306 1.0109 0.8948 1.1492 0.8845 1.0520 0.7655 0.7870 0.6717 -0.0772 0.0440 0.0305 0.2646 -0.3154 -0.1797 0.2259 0.3704 -0.2819 -0.2129 -0.6690 -1.3017 
0.6628 1.3507 1.2819 0.8105 1.1053 0.8869 1.5095 0.3205 1.1106 0.5054 0.3424 0.7248 0.2768 0.0149 0.3705 0.7242 -0.9794 0.6688 0.2427 -0.2137 -0.0220 0.3246 -0.1294 -0.0715 0.4240 -0.4562 0.6587 -0.1224 -0.1335 -0.6346 -0.4144 -0.8105 -2.6525 
2.8199 1.9547 1.5155 0.8910 1.9009 1.7320 1.3897 1.2174 0.2000 1.3850 1.1534 0.5411 0.2436 0.8684 1.2719 1.3740 1.3310 1.3046 1.1523 0.6781 -0.0721 0.1730 0.6776 0.8304 -0.4572 0.4197 0.5180 0.6990 0.7172 -0.4591 -0.2076 -0.3017 -0.3666 
2.0525 1.9032 1.0961 1.4933 1.5646 0.8799 1.5940 0.4375 0.3246 0.4826 0.4860 0.7522 -0.3018 0.4711 0.5385 0.2058 -2.3193 0.1506 0.3674 0.2565 -0.6334 0.3589 0.0355 -0.0838 -0.3113 -0.3182 0.7089 -0.1523 0.3536 0.1096 -0.6310 -0.3139 -1.1516 
1.5532 1.8214 1.1094 1.1359 -1.5952 0.6118 0.8731 1.1060 1.0285 0.2172 0.5385 0.5179 0.5554 0.6668 0.6387 0.2664 -1.1816 0.2048 0.4533 0.4031 0.2486 0.1575 0.0859 -0.3223 0.3616 0.3158 -0.0015 -0.4271 -2.7116 -0.3080 -0.6206 -0.3391 -1.7792 
1.1551 0.3640 1.3989 0.7862 0.8727 0.6925 0.5339 1.1301 -0.1435 0.8807 0.7331 -0.9650 -0.1584 0.7561 -0.2046 -0.0792 0.2776 -0.1564 -0.3191 0.5365 -0.4096 -1.3662 0.2550 0.3325 -0.7473 0.3418 -0.3599 -0.3169 -0.3234 -0.6673 -0.2942 -1.7645 -1.9777 
2.1838 2.2418 1.9395 2.0039 1.8783 1.5519 0.8458 1.0455 1.1764 0.8809 0.8285 1.2905 0.7325 -0.1095 0.6792 0.6728 0.2991 0.5927 0.5125 -0.3099 0.4079 0.8925 0.3590 0.3320 0.4857 0.2758 -0.0449 0.5175 0.6970 0.6208 0.2374 0.0066 -1.1603 
2.2583 1.4214 1.5218 0.4680 0.5944 0.7208 0.8422 1.1483 1.6138 1.3716 1.2481 -0.0544 0.5561 0.3449 1.1661 0.9761 1.2062 0.8929 0.9791 0.1591 0.2464 -0.4057 0.7736 0.8149 0.9284 0.3511 -0.0393 -0.3182 -0.6306 -0.9173 -0.2035 -0.8252 -0.9660 
1.5552 1.7415 0.9575 1.3605 0.8155 0.9727 0.7139 0.3485 0.9941 0.7936 0.7483 0.8862 1.1240 1.3982 0.7361 1.2261 1.1488 1.1735 0.5976 1.2098 0.7986 0.5334 0.2750 0.2472 0.3402 -0.3723 -0.1907 -0.0629 -0.3685 -0.0698 -0.8194 -0.4206 -1.8559 
1.7009 1.7894 1.6336 0.7719 1.3658 1.5024 1.1814 0.7990 0.9443 1.2548 0.8307 0.9730 0.7119 0.7741 0.6919 1.0399 0.7532 0.9530 0.5296 0.5666 0.3855 0.6237 0.3619 0.7048 0.2979 0.0495 0.2619 0.4751 0.1851 -0.6679 -0.1189 -0.4259 -1.6394 
2.1654 0.2138 1.3055 1.2854 1.5593 1.3762 1.1686 1.4561 0.8009 1.1958 1.1808 0.7993 1.1722 1.1793 1.1833 1.2118 -0.3873 1.1505 1.0059 0.9145 0.8360 0.4077 0.7016 0.6496 0.1684 0.7158 0.2411 0.3551 0.3441 -0.1393 -0.4040 -1.7027 -1.0890 
3.0121 2.2915 1.9248 1.2652 0.8289 0.8657 1.6946 1.7301 1.2072 1.2871 1.7747 1.2038 0.9099 1.3171 -0.1017 0.5545 1.0035 0.4662 -0.2395 1.1174 0.6604 0.7953 1.3018 0.7385 0.5507 0.9326 0.7824 -0.1606 -0.3479 -0.1627 0.2209 0.0217 -0.2072 
1.9041 1.6256 1.2983 1.3867 1.6599 1.2936 1.0042 0.7666 1.0796 1.2118 1.0586 0.5986 0.0393 0.4028 0.0624 -0.2796 0.1359 -0.3331 -0.1151 0.2051 -0.2719 0.2059 0.6067 0.6654 0.3963 0.0068 0.1474 0.2605 0.4171 -0.0217 -0.3862 -0.6444 -1.3127 
2.4397 0.7329 1.5586 1.2683 1.6220 0.8836 1.4349 0.8873 1.0517 1.0932 1.3325 0.1658 1.1519 1.2490 0.6165 0.5793 0.6885 0.4861 0.4329 1.0177 0.8170 -0.2526 0.8638 0.5165 0.3713 0.1562 0.5746 -0.1542 0.3861 -0.1846 -0.1797 -1.6841 -0.7909 
2.1375 1.2459 0.2144 1.1455 0.2806 1.1054 0.6912 0.2926 0.9717 0.4581 0.8727 0.5811 0.6139 0.2295 0.0460 -0.0055 -0.0278 -0.0950 -0.1218 0.0077 0.2864 0.1926 0.4025 -0.1066 0.3158 -0.4371 -0.2244 0.0792 -0.8777 -0.2893 -1.6064 -0.8893 -1.0880 
2.4365 0.8565 1.0679 0.4573 0.6313 0.1505 0.8494 1.1332 0.9945 0.2974 0.9032 0.4563 0.5791 0.4336 -0.2488 1.1843 0.0321 1.1010 -0.3913 0.2278 0.2679 0.1169 0.4414 -0.2509 0.3360 0.3392 -0.0318 -0.8788 -0.5971 -0.9044 -0.6673 -1.6314 -0.8003 
2.9114 2.4472 1.7722 1.7958 0.9956 1.6532 1.8578 1.1188 0.4245 0.9492 0.7165 1.3079 1.4192 1.2686 0.3748 -0.3689 0.7307 -0.4478 0.2433 1.0434 1.1691 0.9178 0.2440 0.3826 -0.2038 0.3228 0.9664 0.6287 -0.2066 0.3616 0.0417 0.2220 -0.3069 
2.3590 1.5992 1.8300 1.0339 1.1240 0.5140 0.6529 0.2637 1.1492 -0.1619 -0.9728 0.1666 0.1320 0.4427 0.6745 0.6032 -0.6543 0.5085 0.5079 0.2301 -0.1984 -0.2315 -1.4592 -0.7417 0.4595 -0.4910 -0.2635 -0.5257 -0.1205 -0.3625 0.1412 -0.6171 -0.8217 
3.2444 2.4970 1.8906 1.6763 1.5957 0.2330 1.2160 1.1788 1.2608 0.8162 0.3298 -0.0687 1.2630 -0.1183 1.0140 0.0574 0.0860 -0.0280 0.8618 -0.3082 0.9471 -0.3986 -0.1492 0.2636 0.6243 0.3720 0.3057 -0.7874 0.3651 0.2329 0.1803 0.2478 0.0086 
-0.5098 1.7788 1.2292 1.6303 1.1596 1.2550 1.3311 0.4688 1.3015 0.9696 1.0677 1.1816 1.2114 1.1667 0.5375 0.5106 0.9188 0.4233 0.3629 0.8932 0.8809 0.7739 0.6225 0.4089 0.6724 -0.2893 0.4310 0.2319 -0.0993 0.2080 -0.5182 -0.3839 -3.8774 
2.1970 1.0974 0.7090 0.8352 0.3009 0.5100 0.7108 0.8792 0.0970 0.0883 0.9137 0.7344 0.6954 1.1926 0.7031 0.1228 -0.4136 0.0229 0.5505 0.9343 0.3615 0.3460 0.4549 -0.4839 -0.6109 0.1553 -0.1986 -0.5248 -0.8721 -0.5906 -1.0592 -1.0216 -1.0593 
1.4266 2.3732 2.1586 1.5696 1.9866 0.1558 1.6869 1.7282 1.8839 0.9023 0.9068 0.4213 1.6161 1.4503 0.8273 0.2729 0.9458 0.2111 0.6993 1.2463 1.2996 0.0602 0.4514 0.3439 1.2406 0.9366 0.7686 -0.8750 0.7929 0.1701 0.4099 0.1942 -1.7020 
2.5268 1.3226 1.3856 1.4007 0.3145 1.0287 1.1913 1.2300 0.8642 1.2374 1.0978 1.3992 0.6358 1.1507 0.8574 0.0950 1.5052 0.0077 0.7246 0.8820 0.2925 1.0355 0.6498 0.6863 0.2174 0.4432 0.2742 -0.0083 -0.8619 -0.0183 -0.3249 -1.0540 -0.7462 
2.8368 2.4758 0.7823 1.2336 1.6322 1.2658 1.7940 1.3504 1.2043 1.1456 0.1500 1.0028 0.6740 1.0536 0.1727 0.4943 -2.2173 0.4087 0.0025 0.8212 0.3408 0.6574 -0.3263 0.5741 0.5339 0.6125 0.8884 0.2409 0.3909 -0.1908 -0.9757 0.2527 -0.3309 
2.7145 1.7674 1.9575 1.2267 0.4099 1.5142 1.3987 1.3921 1.7019 1.3715 1.4446 0.2851 0.5511 1.2640 1.3657 0.7958 0.1628 0.7289 1.2343 1.0432 0.2475 -0.1200 0.9856 0.8151 1.0200 0.6661 0.5313 0.4895 -0.7882 -0.2154 0.2549 -0.5232 -0.5145 
2.7485 1.6779 1.4312 1.7644 1.4950 1.8042 1.6559 1.2871 0.7066 -0.4661 0.5224 0.8504 1.3064 0.6265 0.2567 0.1523 -0.6858 0.0685 0.1437 0.3618 1.0061 0.4703 0.0683 -1.0227 0.0475 0.5261 0.7450 0.7767 0.2939 0.3286 -0.3108 -0.6144 -0.5588 
2.0002 2.3010 2.0098 1.6369 0.8622 0.8763 1.1410 0.0298 0.7689 1.2128 1.3854 0.8198 0.9764 1.1936 1.2902 0.9264 0.7148 0.8597 1.1739 0.9340 0.7005 0.4273 0.9068 0.6698 0.1480 -0.7764 0.2320 -0.1467 -0.3394 0.2003 0.2914 0.1185 -1.2505 
-0.3188 1.3945 1.0550 0.8311 1.2433 0.8763 1.2630 0.8817 1.0278 0.8579 0.6211 1.3382 0.7895 0.3494 0.8355 0.8638 0.8795 0.7923 0.7085 0.1548 0.4903 0.9504 0.1520 0.3049 0.3590 0.1620 0.3599 -0.1570 0.0536 -0.6116 -0.6686 -0.8157 -3.4138 
0.2557 1.9413 2.1019 1.4557 0.5842 1.1078 1.2846 0.2469 1.3282 1.2448 0.8897 0.1441 0.2626 0.7517 1.2584 1.1768 0.5889 1.0861 1.1324 0.5310 -0.0315 -0.2633 0.4236 0.6950 0.6958 -0.4899 0.3816 0.0870 -0.6697 0.0359 0.3602 -0.2224 -2.4628 
1.1561 1.1692 1.2001 1.2398 0.9372 0.6841 1.3632 1.2545 1.1383 0.4965 0.5038 1.0374 0.9279 0.6022 0.6745 0.8775 1.2581 0.8127 0.5032 0.3545 0.6685 0.6770 0.0524 -0.0719 0.4466 0.4823 0.4771 -0.3350 -0.2550 -0.1861 -0.5333 -1.0640 -2.0247 
2.6931 2.2269 1.4310 1.0532 1.1245 1.5415 1.3133 0.8514 0.7154 0.8678 1.3256 1.3054 0.8131 1.1121 0.5675 0.7797 1.1761 0.7198 0.3865 0.8645 0.5205 0.9098 0.8591 0.3148 0.0600 0.1198 0.4123 0.5148 -0.1081 -0.3492 -0.2799 -0.0459 -0.5506 
0.0544 0.9302 1.6102 1.4933 0.0841 0.6602 0.9400 1.2892 1.4900 0.0180 1.0591 0.3472 1.1428 0.9839 0.3293 0.7339 1.0141 0.6780 0.1995 0.7666 0.8134 -0.0263 0.6070 -0.5241 0.8361 0.5309 0.0876 -0.3639 -1.1743 0.1022 -0.1293 -1.3054 -3.9388 
2.7148 2.0367 1.7490 1.9726 1.0238 -0.5162 1.6528 0.8258 0.5461 0.5465 -0.4365 0.3460 1.0094 0.5574 -0.7646 0.7773 -0.0958 0.7137 -0.8553 0.3165 0.7220 -0.0237 -0.8876 -0.0228 -0.1382 0.0730 0.7458 -1.6265 -0.1945 0.5824 0.0438 -0.2175 -0.4914 
2.2520 2.0364 2.1281 1.8709 1.6447 1.0762 1.2870 0.8930 0.8423 1.1054 0.8950 0.0310 0.9741 1.1848 0.4485 0.5869 0.3966 0.4931 0.3046 0.9202 0.7003 -0.3366 0.4327 0.5389 0.1990 0.1641 0.3863 0.0356 0.3990 0.4492 0.3715 -0.1803 -0.9533 
1.6626 2.8465 1.9240 1.3510 1.5055 1.5022 1.5566 1.5943 1.8232 1.3910 1.2548 1.1106 1.2058 -0.5615 1.5298 1.2348 0.4048 1.1783 1.3806 -0.7134 0.8751 0.7227 0.7787 0.8360 1.1957 0.8109 0.6919 0.4886 0.3245 -0.1211 0.1971 0.6768 -1.3169 
2.5214 2.3095 1.9700 2.2553 1.7339 0.9589 0.9558 0.3653 1.4526 1.2093 0.1707 0.5811 0.1963 -0.2766 0.8331 0.3361 0.6817 0.2652 0.7043 -0.4681 -0.1293 0.2003 -0.3076 0.6599 0.8083 -0.3654 0.1084 -0.0628 0.5136 0.8179 0.2647 0.1085 -0.6679 
1.4116 0.9952 1.3883 1.6673 1.7218 1.3692 1.2613 0.5607 0.2691 0.3220 0.1874 1.4221 1.1020 1.3534 0.6090 1.5764 1.3370 1.4886 0.4277 1.1708 0.7823 1.0679 -0.2862 -0.2293 -0.3551 -0.2273 0.3601 0.3399 0.4945 0.2305 -0.3222 -1.2553 -1.8839 
2.3496 1.8816 1.7085 2.0496 2.1162 1.1642 1.0277 1.1331 0.3511 0.8935 1.4873 0.9260 1.2573 0.8351 0.9756 1.0969 0.2419 1.0034 0.8346 0.6424 0.9418 0.5673 1.0328 0.3538 -0.3030 0.3422 0.1566 0.1384 0.8827 0.6663 -0.0338 -0.3442 -0.8615 
-0.1760 1.4204 0.8007 0.4930 1.6023 1.2121 1.3862 1.2219 1.2029 1.2883 0.4509 1.1871 1.0356 1.3020 0.6635 0.8300 -0.4900 0.7622 0.4775 1.0962 0.7353 0.7801 -0.0234 0.7377 0.5275 0.4339 0.5063 0.1911 0.3747 -0.8886 -0.9180 -0.7868 -3.1222 
2.0977 1.9986 1.9310 2.1708 1.7414 0.5451 -0.3356 0.7576 -0.0359 -0.5986 1.0868 1.2342 0.0285 0.6569 -0.3782 0.7878 0.7229 0.7256 -0.5503 0.3866 -0.2868 0.8368 0.6408 -1.1658 -0.6954 -0.0064 -1.2515 -0.4850 0.5282 0.7322 0.2352 -0.2128 -1.0512 
1.2771 0.9970 1.1906 1.8798 1.5089 1.2237 -0.0670 -0.1197 1.0591 0.8189 1.3594 1.3675 0.7412 1.0325 1.2784 0.5473 0.6937 0.4499 1.1621 0.8079 0.4215 0.9820 0.8839 0.2755 0.3793 -0.8154 -0.9779 0.1910 0.3077 0.4649 -0.5676 -1.1374 -2.1076 
1.2751 1.8267 1.2776 1.9787 1.3555 1.2234 1.7483 0.6796 1.4068 1.2065 0.8537 1.2593 0.9837 0.7866 1.0073 0.7196 0.7228 0.6710 0.8515 0.5852 0.7021 0.8702 0.3747 0.6612 0.7705 -0.1040 0.8447 0.1987 0.1908 0.5919 -0.3608 -0.3344 -1.9710 
2.2673 2.1172 1.7279 2.1385 1.2055 1.5640 1.4043 0.6922 1.3682 1.4335 1.3920 0.7614 -0.1500 1.3697 1.3532 1.1357 0.8426 1.0390 1.2235 1.1822 -0.3948 0.3628 0.9188 0.8799 0.7279 -0.1095 0.5380 0.5349 -0.0053 0.7105 0.0221 -0.1462 -0.9131 
2.9357 1.8697 1.5454 2.0979 1.9690 1.7426 1.3756 1.3128 1.1938 1.1650 0.6105 0.3554 0.7585 0.7083 0.6757 1.0633 0.9353 0.9755 0.4980 0.4707 0.4429 -0.0108 0.1480 0.5891 0.5196 0.5684 0.4815 0.7155 0.7794 0.6903 -0.1630 -0.4206 -0.2895 
1.8976 1.5439 1.2183 1.3365 1.3870 0.9116 1.4265 -0.6775 0.1616 0.8015 1.0959 -0.1670 0.7041 1.0046 0.2319 0.8140 0.6763 0.7519 0.1111 0.7808 0.3786 -0.5557 0.6417 0.2518 -0.5191 -1.3856 0.5664 -0.1187 0.2043 -0.0860 -0.5048 -0.6966 -1.2453 
2.7158 2.6290 2.2417 2.1050 1.3752 1.2421 1.3912 0.7432 0.6142 1.5138 1.0886 1.1936 1.2431 0.6633 1.1018 0.1627 0.8773 0.0710 0.9210 0.4117 0.9175 0.7898 0.6323 0.9519 -0.0661 -0.0295 0.5155 0.2050 0.1913 0.7016 0.4972 0.3887 -0.4313 
0.3686 -0.3541 1.7759 1.1387 1.4084 0.7935 1.3856 0.6846 0.6921 0.6789 0.5954 0.9934 0.7582 0.8208 1.0146 0.1289 0.6977 0.0245 0.8629 0.6319 0.4465 0.6506 0.1430 0.1315 0.0286 -0.1227 0.5062 -0.2454 0.2332 -0.3044 0.0721 -2.8097 -2.5854 
2.7233 2.3597 1.9026 1.2514 1.5132 0.9368 1.0025 1.5633 1.4748 1.0653 0.6617 0.6483 0.6911 0.6571 1.2723 1.1543 0.6203 1.0569 1.1535 0.3885 0.3607 0.2379 0.1811 0.4951 0.8233 0.7921 0.1490 -0.1031 0.3099 -0.1682 0.1906 0.1508 -0.5438 
2.4655 0.8764 1.6869 1.6206 1.2197 1.0921 1.2077 0.8895 1.1712 1.1931 1.1954 0.4086 0.9058 0.8116 0.7365 0.8934 0.8170 0.8310 0.6043 0.6158 0.6566 0.0597 0.7181 0.6469 0.4765 0.1621 0.2909 0.0802 -0.0087 0.2132 -0.0995 -1.7414 -0.7993 
2.7853 1.9967 1.8154 0.8581 1.3807 1.2351 0.8712 1.5188 1.5388 0.9888 1.1925 0.8285 1.0158 0.5121 0.6789 0.7558 -1.2171 0.6959 0.5170 0.2776 0.7274 0.4426 0.7124 0.4186 0.8746 0.7641 -0.0130 0.1959 0.2034 -0.5046 0.1326 -0.2493 -0.4246 
2.4195 0.0225 0.7993 0.6259 0.7733 0.8609 1.2823 0.8908 0.6841 0.4976 -0.6316 -0.0670 0.9939 0.7024 0.3153 0.3675 -3.0474 0.3079 0.1850 0.4618 0.7088 -0.3906 -1.0842 -0.0684 0.0140 0.1692 0.3806 -0.1829 -0.4230 -0.8619 -0.8905 -2.5850 -0.8369 
2.5951 2.0808 2.0805 1.8179 1.3600 1.6842 1.5729 1.3465 1.3470 1.2312 0.9043 0.4721 1.3067 1.4659 1.0972 -0.2726 0.8239 -0.3367 0.9165 1.2589 1.0096 0.1233 0.4461 0.6827 0.7084 0.6140 0.6932 0.6565 0.1747 0.3820 0.3483 -0.1786 -0.6637 
2.0032 1.7941 -0.3092 1.1084 0.8815 1.2226 0.6542 0.4272 1.0492 0.5613 0.8753 0.8407 0.7230 0.9944 0.3556 0.1650 0.4972 0.0889 0.2164 0.7786 0.3926 0.4556 0.4081 -0.0135 0.3747 -0.3285 -0.2680 0.1897 -0.2926 -0.2999 -2.6569 -0.3489 -1.3249 
1.8423 0.8469 0.9854 0.2100 1.1689 -0.1569 0.0463 0.8711 0.4753 0.2622 -0.3485 -0.1003 0.0365 0.4697 -0.3510 -0.3269 0.2155 -0.3792 -0.5197 0.2522 -0.2677 -0.4524 -0.8235 -0.2887 -0.1776 0.1420 -0.8431 -1.1671 -0.0768 -1.1923 -0.7279 -1.3945 -1.3561 
2.7422 2.4267 1.9126 1.3299 0.3550 1.1484 1.3936 1.4758 0.5157 1.3595 1.5695 1.3812 0.2173 1.1824 0.8120 0.3150 -0.6458 0.2444 0.6866 0.9178 -0.1029 1.0011 1.1188 0.8066 -0.1527 0.7276 0.5222 0.1241 -0.8380 -0.1053 0.2053 0.2118 -0.5123 
0.7484 0.7736 1.9184 1.8667 0.7469 1.0510 1.2412 0.3441 0.7181 1.5976 0.8024 0.8842 1.3170 0.8393 0.7879 0.1587 0.7357 0.0875 0.6677 0.6546 1.0196 0.5299 0.3334 1.0286 0.0834 -0.3857 0.3379 0.0274 -0.4570 0.4371 0.2308 -1.3898 -2.3644 
1.2143 1.2619 1.3275 0.7785 0.6998 0.7011 0.4995 0.1962 -0.2115 0.8208 0.5758 0.4143 -0.0503 0.6099 0.5624 0.7345 -0.2460 0.6760 0.3866 0.3575 -0.3335 0.0558 0.1280 0.2683 -0.8423 -0.5913 -0.3623 -0.3326 -0.5194 -0.6385 -0.3637 -0.9457 -1.9473 
2.9588 2.5675 1.7620 1.7054 1.4419 1.5304 0.8716 0.7534 0.3300 0.9435 -0.5010 1.0133 0.8668 0.1426 0.9700 -0.5209 0.8871 -0.5812 0.8261 -0.1161 0.5866 0.6646 -0.9900 0.3835 -0.3178 -0.0107 -0.0206 0.4974 0.2655 0.2516 0.0675 0.3198 -0.2181 
2.6201 1.8263 1.5931 1.8070 1.5789 -0.1277 1.4893 1.5024 1.4627 1.5199 1.0671 0.8830 0.2039 0.6216 0.7577 1.2028 0.8056 1.1369 0.6377 0.3611 -0.1163 0.5192 0.6199 0.9532 0.8156 0.7472 0.6442 -1.1521 0.3560 0.3735 -0.1381 -0.3904 -0.5603 
0.7148 1.3259 1.4457 1.0642 1.2378 0.7285 1.3466 1.2081 1.0046 0.1562 0.8676 0.7482 -0.3258 -0.0592 -0.1072 -0.3294 -0.2827 -0.3774 -0.2434 -0.2676 -0.6587 0.3536 0.3947 -0.4168 0.3452 0.4102 0.4575 -0.2934 0.0374 -0.3361 -0.2717 -0.8393 -3.0550 
2.7542 1.7524 1.4400 1.0395 0.8473 0.8692 0.8081 1.0322 -0.2002 0.9973 0.8219 -0.7617 0.6531 0.6001 0.2541 0.4435 0.8092 0.3680 0.1444 0.3526 0.3154 -1.1522 0.3552 0.4313 -0.8254 0.2648 -0.0854 -0.1738 -0.3423 -0.3357 -0.2985 -0.3484 -0.4792 
2.9219 2.3641 1.9774 1.4705 1.7791 0.8956 0.9598 1.3210 0.4462 1.3743 0.9890 1.0821 0.8809 1.2174 0.1588 1.2201 1.2159 1.1665 -0.0257 0.9699 0.6302 0.7017 0.5332 0.8199 -0.2117 0.5758 0.1038 -0.1328 0.5925 0.0923 0.2616 0.1502 -0.2828 
1.4779 1.5615 1.1126 0.6605 1.2190 0.8780 -0.8553 0.0166 0.2536 0.3983 -0.0989 0.7251 1.0351 1.1926 0.9325 0.7522 -0.3091 0.6920 0.7954 0.9331 0.7391 0.3317 -0.5582 -0.1537 -0.3724 -0.7568 -1.7548 -0.1528 0.0074 -0.7737 -0.6368 -0.6711 -1.5607 
2.8116 1.9254 1.1753 0.9444 0.3278 1.3979 0.7097 0.7430 1.8039 2.0107 1.4424 1.7413 0.9071 0.8812 0.5733 1.3427 1.7058 1.2767 0.3893 0.6896 0.6546 1.3400 0.9917 1.4438 1.1799 -0.0153 -0.2100 0.3678 -0.8721 -0.4553 -0.5971 -0.3195 -0.3637 
2.7634 3.5794 4.1785 3.7578 3.5636 3.0058 3.4982 3.9678 3.8469 3.4405 3.8361 4.0171 3.7703 3.5593 4.2581 4.0916 2.6639 4.0051 4.0721 3.3476 3.4386 3.6646 3.3638 2.8887 3.2137 3.2420 2.6390 1.9775 2.3696 2.3018 2.4346 1.3790 -0.4138 
1.4891 2.3480 3.1828 2.8317 1.9401 2.3668 2.6722 2.7668 3.0223 3.4599 3.7202 3.3806 2.4206 3.3683 3.8534 4.0591 2.9460 3.9783 3.7367 3.1678 2.1347 2.9850 3.2549 2.9056 2.3806 1.9887 1.7724 1.3584 0.7324 1.4122 1.4153 0.0768 -1.3333 
3.2268 2.6148 1.2896 2.5887 2.3486 2.3961 1.7260 2.3580 1.9293 2.4276 3.1825 2.9393 2.6313 2.7458 2.6046 2.4287 -1.4155 2.3620 2.4383 2.4865 2.3226 2.5701 2.7242 1.8774 1.2898 1.6048 0.8392 1.3595 1.1766 1.1979 -0.3210 0.3646 0.0695 
2.2361 2.3668 1.7950 1.7898 2.0159 1.3986 0.9485 2.0679 1.5647 2.4600 2.7724 3.1173 2.0176 2.5928 1.1277 2.2521 1.1704 2.1985 0.9417 2.3625 1.7332 2.7493 2.3002 1.9078 0.8795 1.3009 0.1005 0.3648 0.8189 0.3571 0.1193 0.1601 -1.1135 
2.3973 2.2123 2.0960 0.9976 1.8077 1.1400 2.0514 1.6842 1.8360 2.2947 1.9337 1.8651 1.5629 1.6158 2.2657 2.0760 1.3766 1.9861 2.1242 1.3769 1.2610 1.4806 1.4688 1.7455 1.2019 0.8729 1.1923 0.1417 0.6540 -0.3633 0.3421 -0.0039 -0.7118 
2.4725 2.2986 1.7601 1.4424 1.9666 1.8259 1.3844 1.8772 2.1010 2.3468 2.0947 2.5396 1.8442 1.4696 1.9442 2.3437 2.0940 2.2800 1.8145 1.2644 1.5454 2.1976 1.6469 1.7924 1.4216 1.1479 0.4911 0.7917 0.7802 0.0616 0.0376 0.0956 -0.7104 
3.0395 2.2360 2.3041 1.5859 1.7999 0.5001 0.1736 1.0926 1.2911 1.1871 0.8781 1.7905 0.9808 1.4892 1.6424 0.3954 0.7300 0.3312 1.4590 1.2785 0.7047 1.3956 0.4001 0.6267 0.6621 0.3030 -0.7199 -0.5613 0.6198 0.1811 0.6044 -0.0523 -0.1537 
2.1185 1.2400 1.4333 1.3959 0.8604 -0.4163 1.3483 0.6333 0.6941 0.4461 1.3379 1.4361 0.7921 1.5556 1.7407 1.4666 0.2188 1.3930 1.5930 1.3250 0.4887 1.0867 0.8688 -0.1252 0.0296 -0.1553 0.4586 -1.4374 -0.3072 -0.0299 -0.2461 -1.0852 -1.1893 
1.8564 1.5675 1.5295 1.0613 1.3498 0.7572 1.2043 1.4121 1.2980 1.4180 1.7484 1.0718 0.3078 1.2223 0.7044 1.7302 1.4580 1.6723 0.5388 0.9816 0.0242 0.6979 1.2728 0.8713 0.6716 0.6849 0.2964 -0.2827 0.1772 -0.3544 -0.1985 -0.6694 -1.4185 
0.6658 1.3014 1.3873 1.2408 0.7409 0.8320 -0.7564 1.0595 1.2115 0.4861 0.8796 0.7488 1.0514 1.2809 -0.1475 1.2670 -1.3584 1.2098 -0.2869 1.0622 0.7511 0.3571 0.4204 -0.0797 0.5440 0.2930 -1.6504 -0.2063 -0.4444 -0.1949 -0.2977 -0.8679 -2.7046 
2.4060 2.1918 2.0064 1.2763 0.9432 0.4828 0.3234 1.3868 1.4730 1.4778 0.3553 0.7749 1.1448 0.8280 1.2592 0.7326 0.4662 0.6752 1.1315 0.6422 0.8123 0.3790 -0.1086 0.9143 0.8221 0.6612 -0.5710 -0.5548 -0.2556 -0.1604 0.2887 -0.0638 -0.7530 
2.1201 0.9765 1.4331 0.7079 1.1336 0.7871 0.7732 0.7489 0.1351 0.7552 0.6273 0.7150 1.0363 1.1825 0.9119 0.5082 0.3167 0.4227 0.7808 0.9136 0.7421 0.3194 0.1512 0.2052 -0.5830 -0.0324 -0.1245 -0.2405 -0.1110 -0.7024 -0.2647 -1.2834 -1.0556 
2.2919 1.3328 1.2059 0.9337 0.5828 0.1653 -0.4730 0.8953 -0.2987 0.6854 -0.7719 1.0395 0.3775 0.7719 0.3659 0.4936 0.1568 0.4070 0.2316 0.5592 0.1300 0.6799 -1.2282 0.1381 -0.9632 0.1690 -1.3747 -0.8555 -0.6382 -0.4656 -0.5160 -0.8035 -0.8839 
3.2582 1.9068 2.1273 1.6377 1.2881 1.4422 1.5673 1.0138 0.6819 1.0347 1.0757 1.4000 1.5477 1.5621 0.6501 0.8646 -1.6595 0.7942 0.4677 1.3303 1.2525 1.0390 0.6264 0.4734 0.0129 0.2531 0.6910 0.4141 0.1070 0.1980 0.3635 -0.4583 -0.0068 
2.4740 1.7936 1.4116 1.0113 0.9063 1.4194 0.2464 0.6976 1.4373 1.0375 1.0544 0.6039 0.6009 0.7001 1.1671 1.0646 0.6893 0.9733 0.9804 0.4585 0.2775 0.2094 0.6017 0.4697 0.7947 -0.0864 -0.6687 0.3887 -0.2732 -0.3628 -0.2894 -0.4219 -0.7174 
3.3097 2.2753 1.3404 1.3003 0.8134 1.1923 1.2548 1.3512 1.4241 1.4773 1.3028 1.0662 1.1586 1.1799 0.7683 -0.1546 -2.1307 -0.2163 0.6532 0.9151 0.8232 0.6945 0.8321 0.9135 0.7822 0.6137 0.3537 0.1575 -0.3696 -0.1473 -0.3747 -0.0467 0.1027 
1.5592 -0.2035 0.4794 0.7061 0.6406 -0.3241 0.8402 0.5103 0.1046 0.1726 0.5798 -0.0739 0.3840 -0.1744 -0.7852 -0.4938 -0.8611 -0.5795 -0.9007 -0.3631 0.1333 -0.4344 0.1294 -0.3702 -0.5938 -0.2546 -0.0456 -1.3268 -0.6003 -0.7316 -1.2655 -2.1715 -1.7122 
2.9057 2.2652 1.7553 2.1583 1.7285 1.7895 1.6634 1.6725 -0.8615 1.3941 1.2287 0.4573 -0.5867 0.9744 1.3457 0.5567 0.3264 0.4616 1.2183 0.7631 -0.8715 0.1151 0.7495 0.8465 -1.4457 0.8684 0.7535 0.7621 0.5059 0.7259 0.0202 -0.0180 -0.3259 
2.9181 2.2162 2.2484 1.5235 1.2305 0.8685 1.1816 1.0037 0.7300 0.7358 0.3403 1.5794 0.9608 0.6799 1.0351 1.0648 1.0237 0.9736 0.8758 0.4281 0.6875 1.2092 -0.1416 0.1836 0.0807 0.2428 0.2657 -0.1604 0.0195 0.1203 0.4957 -0.0937 -0.3453 
2.9366 2.2533 2.0820 1.3906 1.1768 0.5190 1.7177 1.5180 -0.3883 0.8667 1.4562 0.8337 0.0380 0.7920 1.3255 0.8707 1.3106 0.8027 1.2023 0.5934 -0.2662 0.4452 0.9988 0.3138 -1.0606 0.7573 0.8076 -0.4960 -0.0618 -0.0335 0.3504 -0.0290 -0.2670 
3.2356 3.0356 3.9834 3.3431 2.9662 2.9547 2.8954 2.6533 2.4228 2.4293 2.4201 2.1874 2.2668 2.6701 2.6328 2.0073 2.3916 1.9294 2.4536 2.4212 1.9369 1.7829 1.9452 1.8795 1.7820 1.8647 2.0026 1.9268 1.7821 1.9082 2.2938 0.8549 0.1389 
2.4210 3.5742 3.2644 2.8075 2.8051 2.8824 2.5099 1.2004 3.4234 3.5113 3.9786 3.8624 4.1028 4.2047 2.8252 1.5981 2.8682 1.5143 2.6958 3.9569 3.8161 3.4640 3.5155 2.9563 2.7825 0.5250 1.6314 1.8457 1.6363 1.3665 1.5833 1.3426 0.0144 
2.9603 3.8649 3.3907 3.0647 2.7982 2.3709 2.1834 2.0443 2.5677 2.5809 3.4574 2.5375 3.0145 3.3535 2.8049 1.8669 1.7168 1.7956 2.6678 3.1467 2.7425 2.2003 2.9901 2.0259 1.9077 1.2898 1.2725 1.3429 1.6088 1.6831 1.7011 1.6894 -0.3895 
3.9415 2.9279 2.9550 2.4827 2.3636 2.2967 2.6874 2.8146 1.1406 2.5240 3.3161 2.8564 3.3140 2.7592 2.7704 2.1295 1.0339 2.0430 2.6223 2.5066 2.9916 2.4625 2.8435 1.9714 0.4919 2.0434 1.7827 1.2724 1.1933 1.0999 1.2578 0.6714 0.7457 
2.2317 2.9729 2.2581 0.8922 1.3444 1.3217 1.5321 2.0132 0.9791 2.4408 2.5501 1.2254 2.2707 2.3250 1.9717 0.8417 1.0877 0.7851 1.8328 2.1189 1.9455 0.8170 2.0944 1.8963 0.3501 1.2563 0.6705 0.3085 0.1505 -0.6006 0.5092 0.8007 -1.5289 
1.8952 1.7815 1.8455 1.7439 1.2246 1.2053 1.6885 1.1861 1.5380 1.8027 1.7102 1.6485 2.3324 1.7421 1.3719 1.6905 0.4349 1.5979 1.2506 1.5092 2.0285 1.2487 1.2322 1.2508 0.8745 0.3825 0.7788 0.1844 0.0079 0.3216 0.1920 -0.4781 -1.8952 
3.9345 2.6640 1.7453 2.0917 1.8280 1.8154 1.9106 1.7751 1.8341 1.7971 1.3944 -0.1411 1.8691 2.0547 2.1687 1.1862 0.5699 1.0962 1.9808 1.8312 1.5892 -0.5309 0.9210 1.2467 1.2053 1.0075 1.0415 0.7867 0.6586 0.6816 -0.0544 0.2814 0.7154 
