3.8392 2.9772 2.2541 1.4371 1.7671 1.2876 1.0615 1.2932 0.4044 1.2592 1.0590 1.4858 0.4857 0.9206 0.8879 0.8798 0.3534 0.8121 0.7457 0.6845 0.1768 1.0262 0.5190 0.5980 -0.3539 0.3660 0.0446 0.0756 0.3521 -0.2466 0.2511 0.3222 0.0542 
3.0443 1.6937 1.4474 1.2559 -1.0679 0.8357 1.0247 0.8972 1.0333 1.2640 0.9392 1.5812 1.1415 0.9068 0.6247 -0.1898 -0.3533 -0.2712 0.4289 0.6601 0.8140 1.1343 0.3921 0.5929 0.2915 0.0193 -0.0092 -0.3690 -2.8365 -0.4141 -0.4675 -1.0305 -0.8380 
3.8371 2.8309 2.2842 2.0954 1.5949 1.5787 1.4780 1.1444 1.2363 1.1497 0.7984 0.2758 0.4205 -0.6107 0.8406 -0.1192 -1.6160 -0.1892 0.6736 -0.8801 0.1123 -0.1830 0.2373 0.4865 0.4380 0.2584 0.4199 0.3672 0.2077 0.4182 0.2802 0.1943 0.0784 
2.8406 1.1663 0.3866 1.3768 1.7308 0.0545 1.6227 0.3899 0.5041 0.5488 0.8605 1.0276 0.6810 0.3104 -0.0847 -2.4786 0.0556 -2.5698 -0.2484 0.0748 0.3111 0.5961 0.3077 -0.1221 -0.2633 -0.4988 0.5893 -1.1481 0.3383 -0.3306 -1.6399 -1.2346 -0.9278 
3.8299 2.7045 2.2875 2.2842 1.0318 0.7349 1.8932 1.2065 -0.3260 1.2987 1.4190 0.9172 0.0190 0.9698 0.8289 -0.8408 0.7642 -0.9300 0.6572 0.7512 -0.3276 0.4542 0.8606 0.6342 -1.0539 0.3065 0.8449 -0.4715 -0.3436 0.6536 0.2778 0.0065 0.0140 
3.4401 2.9101 2.1514 1.1406 1.4136 0.7816 1.7991 1.1417 0.9624 0.7511 0.8774 0.6113 1.3019 1.0530 0.1594 0.4742 1.2662 0.4073 -0.0531 0.8255 0.9290 0.1846 0.3278 0.0718 0.2225 0.2492 0.7913 -0.4140 0.0028 -0.4704 0.1666 0.2932 -0.3259 
3.2110 2.7165 1.9131 0.2945 1.1889 0.8707 1.0326 0.3266 0.1795 0.4807 0.5382 0.3984 1.6019 1.4845 1.0637 1.5071 1.6508 1.4365 0.9108 1.2246 1.2759 -0.0348 0.0027 -0.1719 -0.6194 -0.5590 0.0168 -0.3313 -0.2190 -1.3538 -0.1589 0.1275 -0.5621 
3.2568 2.7661 1.7277 2.0694 1.2795 1.4374 1.3269 1.5382 1.9736 1.9939 0.7316 1.4183 0.7640 1.4220 1.4681 1.2734 1.5811 1.1690 1.3144 1.1362 0.3618 0.9490 0.1770 1.3445 1.1629 0.6659 0.2660 0.2332 -0.1755 0.3936 -0.2895 0.1730 -0.5213 
1.5731 2.7266 1.6031 2.0529 1.5837 1.8321 1.9514 1.5027 0.8155 1.8959 -1.3948 0.6611 0.2603 0.5694 0.8902 0.5476 0.0755 0.4493 0.7520 0.3154 -0.1155 0.2181 -2.0175 1.2296 0.0404 0.6056 0.8852 0.6212 0.2088 0.3739 -0.3896 0.1653 -2.8454 
2.6161 1.8079 1.7254 0.8169 1.0712 1.0307 0.9420 0.7403 1.1115 0.3541 0.3796 0.9176 0.8049 -0.2748 -0.2511 1.0663 0.8926 0.9928 -0.3887 -0.5152 0.4214 0.4514 -0.1739 -0.2935 0.3553 -0.2027 -0.0996 -0.1769 -0.3138 -0.8972 -0.2747 -0.7875 -1.0701 
1.5013 1.9179 1.5953 1.7380 1.5903 0.7289 1.0183 1.3372 -0.2131 1.3917 1.5195 1.1038 0.9393 1.4174 1.1032 0.8640 0.4938 0.7973 0.9397 1.1263 0.5948 0.6927 0.9702 0.7479 -0.9728 0.4018 -0.0056 -0.4765 0.2090 0.1137 -0.3935 -0.7029 -2.1563 
0.8298 0.2915 1.5067 1.5153 1.3519 0.9583 1.2148 1.4969 1.1143 1.5257 1.1788 1.5625 1.1256 0.8113 0.8422 0.8521 1.0854 0.7841 0.6827 0.5108 0.8109 1.1062 0.6477 0.8804 0.3563 0.6061 0.1951 -0.2384 -0.1083 -0.1465 -0.4655 -2.1960 -3.1808 
0.9030 1.4817 1.7827 1.9455 1.5707 1.3174 1.4964 1.0684 0.6699 1.4855 1.3044 0.7642 0.9941 -0.9706 0.4903 0.5017 0.9479 0.4200 0.3313 -1.2481 0.6634 0.2825 0.7690 0.8425 -0.1253 0.2094 0.4361 0.1173 0.1895 0.2564 -0.2201 -1.0641 -2.6029 
2.7397 2.0493 1.5906 1.6879 1.1976 0.7742 1.7974 0.6116 0.0656 0.6900 0.1164 1.0943 0.8758 1.3052 1.2457 0.4434 0.5358 0.3687 1.0432 1.0145 0.5049 0.6862 -0.4213 0.0241 -0.7357 -0.2895 0.7873 -0.4199 -0.2188 0.0648 -0.3998 -0.5311 -0.9493 
2.6494 1.7577 1.4501 1.0184 1.0212 1.3391 0.9779 0.7544 0.7115 1.0545 1.2403 0.9620 0.9071 0.5652 0.6634 0.1506 0.3179 0.0236 0.4521 0.3103 0.5549 0.5052 0.7062 0.4169 -0.0826 -0.1872 -0.0760 0.1261 -0.3591 -0.6286 -0.5927 -0.9181 -1.1867 
2.9023 2.4190 2.1383 1.3836 1.0542 0.9967 0.0478 1.6265 1.4760 1.7289 0.9270 1.2373 0.9430 1.3819 0.8589 -0.5642 0.9889 -0.6670 0.6991 1.0731 0.5932 0.8062 0.3759 1.0708 0.7327 0.7773 -1.0257 -0.2072 -0.3237 -0.3165 0.1599 -0.1987 -0.8196 
1.3389 1.4954 1.6514 -0.1541 0.8594 1.5037 0.2016 0.4722 1.3796 0.9628 1.3344 1.2063 1.1975 0.4839 0.6293 0.3490 -0.5359 0.2664 0.4333 0.2435 0.8540 0.7880 0.7867 0.3161 0.5756 -0.3801 -0.8657 0.2966 -0.5115 -1.8535 -0.3376 -1.0461 -2.3182 
2.6213 2.1908 1.9018 1.2384 0.5430 1.2601 1.8127 1.7385 1.0236 1.4885 0.0381 0.4296 0.8132 0.9544 0.7658 0.5376 0.7856 0.4458 0.5450 0.7344 0.4292 -0.0122 -0.4541 0.8444 0.2765 0.8558 0.7977 0.0738 -0.8293 -0.4027 -0.1610 -0.3895 -1.1379 
3.3212 2.8559 2.1163 1.8116 0.8716 0.8959 1.7683 0.8622 1.1379 1.3522 0.8864 1.7036 1.5712 1.0432 0.8286 1.4403 1.6278 1.3785 0.6580 0.8179 1.2321 1.2950 0.3387 0.6801 0.3797 -0.0613 0.7726 -0.3143 -0.5031 0.1728 0.1420 0.2567 -0.4062 
2.8915 1.6517 1.8401 1.5919 1.5180 1.9271 2.0621 0.7270 1.5933 1.2028 0.8123 1.3036 0.9559 0.5950 1.1654 -0.9496 0.7686 -1.0150 0.9913 0.3353 0.6131 0.8455 0.2603 0.5364 0.8438 -0.1865 1.0056 0.7311 0.1355 -0.0753 -0.1871 -0.9743 -0.8386 
3.1843 2.6902 1.9432 1.9893 2.1243 1.0769 0.4217 1.4869 2.0008 2.0079 1.1513 1.5383 1.7397 1.1548 -0.1286 0.7201 -0.4861 0.6096 -0.2891 0.8990 1.4176 1.0812 0.6119 1.3689 1.2110 0.5949 -0.5840 -0.1410 0.7559 0.3070 -0.1455 0.0815 -0.6602 
2.6419 2.3195 2.2189 0.9041 0.7598 1.0780 1.3618 1.1209 0.9918 1.0290 0.3064 1.5008 1.3980 1.1008 0.1587 0.8174 0.7992 0.7522 -0.0624 0.8604 1.0136 1.0347 -0.2381 0.3854 0.2405 0.2504 0.2839 -0.1200 -0.6951 -0.7900 0.2255 -0.2768 -1.1618 
1.8988 2.0055 1.4615 0.3048 0.9482 0.6432 1.3832 0.8007 1.4214 0.3218 1.3860 0.7002 0.6070 1.6062 1.0449 1.0732 -0.4878 0.9979 0.8937 1.3843 0.2674 0.2350 0.8278 -0.3237 0.6428 -0.1354 0.3142 -0.5688 -0.4230 -1.3872 -0.5491 -0.6305 -1.8669 
1.5240 1.7926 1.5858 1.9927 1.3882 1.5541 0.9373 1.4861 1.6266 1.9415 1.2025 0.7890 -0.3830 0.3938 0.9228 1.1881 1.0997 1.0876 0.7838 0.1760 -0.7709 0.3125 0.6676 1.2739 0.8751 0.5891 -0.1129 0.3452 -0.0540 0.3040 -0.4010 -0.8069 -2.5951 
3.2679 2.1842 2.2609 1.6882 1.9450 1.5740 1.5889 1.3764 0.9122 1.1409 0.8577 1.1569 1.1714 1.2184 1.3396 0.8749 -0.5144 0.8045 1.1244 0.9522 0.8370 0.7562 0.3028 0.4843 0.1698 0.4217 0.5553 0.3636 0.5054 0.0552 0.2651 -0.4951 -0.4929 
3.6914 2.6099 2.3750 2.4498 1.4654 1.1161 1.6691 1.6339 0.2545 1.2847 -0.0478 0.6249 1.3886 0.7123 0.8994 0.7448 1.0487 0.6429 0.7652 0.4169 1.0006 0.1996 -0.5794 0.6174 -0.5190 0.7840 0.6673 -0.0683 0.0597 0.8033 0.3690 -0.1137 -0.0963 
2.8656 0.0074 1.1229 -0.2078 0.2768 -0.4413 1.6581 1.4472 -0.5164 -0.1971 0.7001 1.3495 0.9545 1.4232 0.8268 0.5322 0.8250 0.4321 0.6442 1.1379 0.6035 0.8748 0.1731 -0.8465 -1.3333 0.5289 0.6519 -1.6118 -1.1019 -1.9752 -0.8341 -1.9960 -0.9158 
3.5124 2.8099 2.2534 2.2816 1.2051 0.9171 1.3511 1.3108 1.4676 1.0011 1.6298 1.4236 0.3874 0.9508 1.0746 -0.0955 -0.2144 -0.1849 0.9170 0.7303 0.0497 0.9536 1.0813 0.3544 0.7207 0.3893 0.2766 -0.2889 -0.2186 0.6563 0.2529 0.2050 -0.2520 
3.6638 2.5847 1.8564 1.8189 0.6889 1.5588 1.5482 1.2349 1.5332 1.2692 1.4757 1.6360 1.3975 1.0130 1.4886 1.5567 0.2084 1.4800 1.3516 0.7861 1.0145 1.2129 0.9230 0.6047 0.7931 0.3281 0.4929 0.3489 -0.7297 0.1806 -0.2064 -0.1696 -0.1684 
3.4946 2.7791 1.0493 0.9286 0.7197 1.0200 1.4490 1.7629 1.7280 1.7047 1.4654 0.1721 1.5209 0.9875 1.3677 1.1785 -0.6631 1.0753 1.1503 0.7695 1.1678 -0.3295 0.9131 1.0457 0.9678 0.8767 0.4002 -0.1874 -0.7366 -0.7489 -0.9364 0.1780 -0.2354 
3.6248 2.8408 1.9070 1.6782 2.1822 1.3133 2.1227 1.1388 0.9544 1.1800 1.4919 1.1738 0.6320 0.3461 0.6989 1.4128 0.7192 1.3368 0.4892 0.1164 0.2747 0.7672 0.9393 0.5198 0.2121 0.2704 1.0648 0.1338 0.8051 0.0598 -0.1749 0.2204 -0.1790 
2.9223 2.4161 1.5359 2.0332 2.2411 1.8995 0.7020 1.0506 1.9219 2.0174 0.8346 1.8811 1.1550 0.8851 0.2170 0.8207 0.6058 0.7614 0.0132 0.6310 0.8197 1.4336 0.3000 1.3771 1.1208 0.2069 -0.3550 0.6912 0.8636 0.3571 -0.4131 -0.2181 -0.7989 
3.7679 2.7192 1.6746 1.7152 1.3880 1.2943 1.4060 1.5709 0.9102 1.5808 1.3296 1.6156 1.3830 1.0326 0.9501 0.3296 -1.1045 0.2526 0.8070 0.8103 0.9981 1.1713 0.7878 0.9308 0.1733 0.6980 0.3340 0.0769 -0.0659 0.0783 -0.3433 0.0599 -0.0527 
3.5579 3.1994 2.4444 1.4622 1.7158 1.6692 1.3201 0.3544 2.0162 2.0709 1.1380 1.3552 0.6358 1.0797 -0.0131 1.0436 0.3507 0.9723 -0.1826 0.8458 0.2804 0.8769 0.5997 1.4273 1.2389 -0.4847 0.2584 0.4606 0.3261 -0.2204 0.3999 0.5416 -0.2161 
2.3500 -0.6260 0.4054 -0.7616 -0.0254 0.0217 1.0165 0.5584 1.3277 0.5753 0.4169 -0.0266 -0.3182 0.7643 -0.1774 0.5371 -1.9719 0.4358 -0.3406 0.4420 -0.6849 -0.4277 -0.1374 -0.0917 0.5207 -0.3235 -0.0216 -1.1895 -1.4652 -2.2246 -1.5502 -3.4619 -1.4617 
2.5274 1.8291 2.0710 2.0255 0.9439 1.3824 0.5188 0.0494 -0.7851 -0.8504 0.2513 0.6802 -0.0979 0.8079 0.0423 -0.5567 -0.2141 -0.6655 -0.1625 0.5131 -0.4063 0.2284 -0.3002 -1.4978 -1.5383 -0.8538 -0.4816 0.1762 -0.4233 0.3358 0.0846 -0.8049 -1.2331 
3.0795 1.4973 1.6114 1.3278 2.0186 0.5741 1.6805 0.4179 1.4140 0.4605 1.2496 1.5648 0.8690 1.1863 0.3940 1.4537 1.1766 1.3886 0.2468 0.9242 0.4968 1.1132 0.7239 -0.1780 0.6405 -0.4373 0.6755 -0.6745 0.5893 -0.3716 -0.4082 -0.9066 -0.7407 
2.9996 2.1144 0.4203 1.6587 1.2188 1.7027 1.6404 0.4933 1.6898 1.6218 0.5933 1.1444 0.8984 1.4384 1.5389 1.2875 0.4908 1.1765 1.3972 1.1635 0.5403 0.7434 0.0662 0.9693 0.9358 -0.3732 0.6282 0.4975 -0.2108 0.0104 -1.5043 -0.5465 -0.8041 
2.2604 0.7773 0.9354 0.7934 0.4019 0.7098 0.8907 -0.2660 0.9925 1.0408 0.8191 0.8032 0.6464 0.0335 -0.1577 -0.9608 0.5823 -1.0343 -0.3071 -0.2385 0.2838 0.3317 0.2558 0.4020 0.2449 -1.0965 -0.1695 -0.4962 -0.9607 -0.8906 -1.0152 -2.0135 -1.5630 
2.6903 1.5586 1.8237 0.6879 0.2357 0.3005 -0.3848 1.2266 -0.3937 0.1719 -0.5483 0.9759 0.7083 0.4207 -0.4545 0.6108 -0.7436 0.5084 -0.6483 0.1949 0.3282 0.5279 -1.0827 -0.4819 -1.1963 0.3227 -1.4563 -0.9103 -1.1440 -0.9730 -0.1889 -0.9619 -1.0138 
2.7219 2.3034 1.8284 1.1319 1.5962 1.3711 0.8503 0.9928 1.7447 1.9706 1.8839 1.4935 1.1958 1.2789 1.4362 0.8793 0.0375 0.8088 1.2639 0.9949 0.8533 1.0292 1.3555 1.3039 0.9813 0.1519 -0.2079 0.1617 0.2164 -0.4750 -0.2116 -0.3013 -1.0460 
2.2154 1.4900 1.1952 1.3896 0.9242 1.2356 0.7792 0.8797 1.5541 1.0573 1.0914 1.0256 1.3985 1.1261 0.5657 1.3748 -0.8462 1.2684 0.3982 0.8787 1.0154 0.5837 0.5521 0.4187 0.8141 -0.0077 -0.2898 0.0309 -0.4367 -0.3023 -0.8644 -1.0145 -1.6519 
3.3070 2.5972 1.5733 0.8833 2.0413 0.6817 1.9062 1.4537 1.3745 0.8846 1.1813 1.6325 1.7702 1.5768 1.1234 1.3827 -1.7637 1.2791 0.9511 1.3619 1.4368 1.2091 0.6591 0.2372 0.5761 0.5358 0.8542 -0.5335 0.6287 -0.7771 -0.4211 -0.0812 -0.4236 
3.5067 2.6075 1.1835 -0.4635 1.7507 1.8548 1.5684 1.8759 1.4119 0.6652 0.9178 0.3309 0.6267 1.0682 1.4150 1.1080 0.9694 1.0228 1.2254 0.8367 0.2792 -0.1394 0.3634 -0.0140 0.6293 0.9580 0.5208 0.6526 0.3459 -2.2202 -0.8689 -0.1047 -0.2634 
3.5370 2.4857 2.0247 0.8899 1.4510 1.3813 0.8529 0.9056 1.0180 0.0372 0.6435 1.5992 1.0059 1.4510 1.4187 0.8120 1.4471 0.7444 1.2359 1.1765 0.6825 1.1524 0.1162 -0.6300 0.2610 0.0216 -0.1875 0.1788 0.0352 -0.7830 0.0021 -0.1971 -0.1996 
3.6857 2.7977 1.9653 1.4955 1.9578 2.1179 1.6153 1.1199 1.8300 1.0927 0.8108 1.0931 0.7137 -0.4776 0.9390 0.9293 -2.1722 0.8545 0.7986 -0.7805 0.3317 0.6788 0.2558 0.4310 1.0348 0.2471 0.5813 0.9122 0.5030 -0.1678 -0.1044 0.1724 -0.1486 
3.4140 2.8097 2.3300 0.2770 1.5340 1.8133 1.9827 0.2669 1.8726 0.3759 0.5937 1.5062 1.8168 1.5786 1.3642 1.1731 -0.2892 1.0670 1.1475 1.3588 1.4683 1.0431 0.0532 -0.2990 1.0722 -0.6423 0.9117 0.6168 0.1695 -1.3992 0.3212 0.2017 -0.3576 
3.4223 2.1386 1.5207 2.2164 0.8098 1.1693 1.7087 1.4141 1.9034 0.9641 1.3227 0.9672 1.1460 1.4226 1.8451 1.1556 0.7765 1.0530 1.6429 1.1337 0.8202 0.5173 0.7813 0.3192 1.0967 0.4870 0.7083 -0.0374 -0.6703 0.5432 -0.4915 -0.6001 -0.3593 
3.6112 2.5268 1.5307 2.0578 1.7542 0.8917 -0.1964 1.3732 2.0194 1.3215 0.4215 0.9276 1.0562 1.2000 1.5249 0.2169 -0.4174 0.1570 1.3857 0.9345 0.7643 0.4652 -0.1302 0.6484 1.2393 0.4266 -1.2103 -0.3151 0.3453 0.3757 -0.4651 -0.2096 -0.1864 
2.5975 2.1525 1.9760 1.4970 2.1123 1.8670 2.3357 2.0827 1.1551 0.8528 0.8036 1.4556 0.3006 -1.2581 0.9333 0.5036 -4.3666 0.4210 0.7909 -1.4688 -0.0669 0.9970 0.2397 0.2131 0.3854 1.1778 1.3393 0.6814 0.7390 -0.1784 -0.0862 -0.4346 -1.2741 
2.6543 2.3407 2.0745 0.3673 2.2485 1.5931 1.6330 1.4019 1.4903 1.4459 0.9864 1.5046 0.4680 1.9850 1.6639 1.4728 1.3364 1.4056 1.5082 1.6753 0.1589 1.0374 0.4262 0.8084 0.7579 0.4546 0.6208 0.3760 0.8706 -1.2839 0.0710 -0.2809 -1.1786 
3.1922 1.9883 2.1600 2.1070 2.4355 1.5093 1.6855 1.7309 1.6239 2.0971 1.5280 1.3190 -1.6449 1.5920 1.6533 1.0307 1.0032 0.9575 1.5018 1.3746 -2.1174 0.8539 0.9767 1.4544 0.8719 0.8582 0.6819 0.2849 1.0181 0.4231 0.1839 -0.8377 -0.6959 
2.6849 1.4881 1.1794 1.3969 2.1356 1.9931 2.1827 1.6132 1.5511 0.7176 1.7369 1.7834 1.6553 -0.2870 1.6387 1.3276 -0.6493 1.2157 1.4908 -0.5509 1.3619 1.3750 1.2044 0.0536 0.8089 0.7543 1.1412 0.7785 0.7726 -0.2696 -0.8365 -1.2367 -1.0858 
1.7794 1.6269 1.6654 1.4077 1.7042 1.6179 1.7856 1.5062 -0.4807 1.8164 1.4858 0.8518 1.1036 1.1765 0.9207 1.4929 -0.2486 1.4224 0.7788 0.9187 0.7936 0.3885 0.9309 1.1569 -1.3299 0.6117 0.7802 0.4185 0.3146 -0.2948 -0.3282 -0.9392 -2.0744 
1.6115 2.4613 2.5106 2.2692 0.9755 0.8730 0.4745 1.5383 1.5230 1.1898 1.4774 -0.4926 1.5130 0.9743 1.2358 1.1923 1.0443 1.0922 1.0337 0.7639 1.1539 -0.9207 0.9231 0.5315 0.7863 0.6660 -0.5442 -0.3294 -0.4168 0.6296 0.4546 -0.1514 -1.8033 
2.6413 2.0067 2.2391 2.2795 2.4299 2.2681 1.7429 0.7841 1.0493 1.4331 1.7577 0.8989 1.1413 1.7274 1.4116 0.8701 1.4514 0.8048 1.2153 1.4834 0.8222 0.4295 1.2253 0.7938 0.2984 -0.1616 0.7413 1.0592 1.0177 0.6502 0.2634 -0.6564 -0.9886 
0.8826 2.2280 2.5777 0.2339 1.5800 2.1739 1.6249 0.9979 1.7198 0.9734 1.6452 2.1082 2.0795 1.6839 0.4830 1.4708 0.6113 1.4043 0.3425 1.4468 1.7116 1.6428 1.1149 0.3284 0.9605 0.1438 0.5927 0.9716 0.2045 -1.5102 0.5111 -0.3272 -3.3938 
2.8978 2.3234 2.5892 1.9998 1.9708 1.5047 1.3828 1.6196 1.6721 1.5826 1.6464 1.3127 1.4376 1.4255 1.1147 1.6169 1.5830 1.5359 0.9497 1.1421 1.0498 0.8533 1.1061 0.9291 0.9246 0.7686 0.3087 0.2981 0.5110 0.3127 0.5276 -0.2782 -0.9039 
2.6597 1.6182 2.1660 1.5297 1.5858 2.1263 1.4579 0.2681 2.1753 0.1761 1.5391 1.2347 0.5487 1.0266 1.6068 1.2216 1.1192 1.1149 1.4513 0.8075 0.2174 0.8031 0.9918 -0.4366 1.4295 -0.6543 0.3998 0.9241 0.2099 -0.1417 0.1822 -0.8981 -1.0821 
3.5438 2.7458 2.7344 2.3561 1.3277 1.5411 2.2302 1.9902 0.2416 1.2295 1.9247 1.1820 1.9723 1.6581 1.4337 0.3726 -1.1696 0.2892 1.2590 1.4325 1.5779 0.7703 1.3836 0.5646 -0.5512 1.0347 1.2050 0.3303 -0.1524 0.7257 0.7673 0.1688 -0.1659 
3.4218 2.5084 2.3397 1.4362 1.7903 2.0429 1.7071 1.8567 1.4666 1.2538 1.4658 0.7743 1.4887 1.0765 0.5879 -0.9357 0.2071 -0.9808 0.4154 0.8402 1.1227 0.2898 0.9098 0.5930 0.7281 0.9411 0.7231 0.8377 0.3689 -0.2388 0.3340 -0.1690 -0.3058 
2.3127 3.0485 2.9236 2.6957 2.5743 2.1235 2.3340 0.1681 1.5006 0.9698 1.1866 1.0935 1.5751 1.5505 1.0092 0.7564 1.3710 0.6427 0.8500 1.3208 1.2356 0.6906 0.6510 0.3159 0.7716 -0.7962 1.3391 0.9132 1.1237 1.0114 0.9181 0.4287 -1.9634 
3.0573 2.9028 2.7300 2.4630 2.4691 2.5287 1.2658 1.6832 0.6580 0.8310 1.4961 2.1137 2.1046 1.4100 1.0132 0.7924 0.6501 0.7064 0.8548 1.1098 1.7408 1.6494 0.9493 0.1989 -0.1351 0.8280 0.2304 1.3194 1.0352 0.8090 0.7533 0.3094 -0.8843 
3.6601 3.4004 3.2001 2.6261 2.7497 2.4262 1.4876 2.1710 1.6529 2.8639 2.0543 0.8504 1.6373 2.0680 2.1160 2.0350 1.2440 1.9706 1.9800 1.8017 1.3435 0.3814 1.4940 2.2256 0.9157 1.3100 0.4318 1.2147 1.3813 0.9389 1.1441 0.8091 -0.1686 
4.2723 3.6230 3.5783 2.9947 1.4630 1.6240 2.6472 2.8856 2.2633 2.5251 2.5958 1.5929 1.6247 2.1452 2.1361 1.5753 2.0155 1.4927 1.9964 1.9150 1.3015 1.1470 2.0382 1.8539 1.5134 2.0260 1.5952 0.4037 0.1023 1.3591 1.5700 0.9825 0.4999 
4.0547 2.8746 3.0920 3.2663 3.2647 2.2752 1.6291 2.3515 1.8127 1.9649 2.1681 1.9746 1.4163 1.4313 2.2296 2.1180 1.7501 2.0446 2.0738 1.1530 1.0274 1.4894 1.6230 1.3061 1.0241 1.4693 0.6258 1.0579 1.8603 1.5941 1.0529 0.2333 0.3336 
3.9470 3.2026 2.8028 2.0018 1.7705 1.3166 1.4971 2.2275 2.4560 2.0156 1.3559 1.7635 1.0341 1.4375 2.2353 1.4817 0.8112 1.4099 2.0816 1.1638 0.7263 1.3611 0.8020 1.3718 1.6571 1.3805 0.4212 0.1298 0.3786 0.3104 0.8114 0.5549 0.2576 
4.1676 3.2626 2.2901 2.1082 2.0363 2.0669 2.0095 1.6829 1.9202 2.3623 2.0644 2.0082 1.3319 1.4843 1.5310 1.7086 -0.1062 1.6261 1.3927 1.2225 0.9443 1.5346 1.5106 1.7020 1.1156 0.8221 0.9443 0.8563 0.6288 0.4281 0.2821 0.5930 0.4040 
3.5571 2.6179 1.6285 2.7476 2.5094 1.4919 1.1535 2.1090 1.9704 1.9717 2.1374 1.9887 1.1132 1.8243 1.7700 0.8303 1.0067 0.7530 1.5934 1.5598 0.7864 1.5121 1.5910 1.3087 1.1520 1.2224 0.1775 0.2869 1.0603 1.0811 -0.3388 0.0855 -0.1854 
1.8061 0.8006 1.2801 2.3842 1.3905 1.4529 1.9376 2.2338 1.4551 1.1951 1.5641 1.7485 1.6672 0.9340 0.9646 0.2417 0.8385 0.1820 0.8160 0.6974 1.3718 1.3439 1.0202 0.5322 0.6944 1.3844 0.8740 0.2527 -0.0656 0.7650 -0.7299 -1.6886 -1.9982 
2.3368 1.6992 0.6003 2.5484 2.8734 2.2035 1.5640 1.9331 2.1801 1.6189 1.3959 1.3015 0.9495 1.4747 0.9980 0.9117 0.6099 0.8375 0.8405 1.2159 0.6090 0.8402 0.8363 0.9670 1.4330 1.0015 0.5197 0.9857 1.4898 0.8748 -1.4471 -0.8837 -1.4193 
2.7400 2.1373 2.6798 2.6011 1.8056 1.6092 2.1877 1.8782 1.1972 0.9648 0.7986 1.9908 1.2882 -0.1720 0.9674 1.1663 1.0200 1.0658 0.8195 -0.4010 0.9144 1.5128 0.2498 0.3105 0.4212 0.9568 1.1537 0.3964 0.3938 0.9049 0.6878 -0.4187 -0.9662 
-1.5560 0.8064 1.2586 2.1826 2.9818 2.6348 2.5932 1.8778 1.6410 1.2274 1.0301 1.2163 1.2786 1.5751 1.4995 0.4259 1.5726 0.3467 1.3612 1.3625 0.9100 0.7897 0.4804 0.5609 0.8903 0.9564 1.5183 1.4266 1.5778 0.5360 -0.7732 -1.8323 -4.5547 
2.5768 1.6040 1.8872 1.4531 2.3644 1.9498 2.2030 1.9292 1.8154 1.7298 1.5823 2.0928 0.8162 1.4548 1.5705 1.1877 0.9764 1.0863 1.4230 1.1860 0.4235 1.6297 1.0277 1.0662 1.0283 0.9953 1.1739 0.7289 0.9706 -0.2387 -0.1733 -0.9001 -1.2925 
3.4589 2.5289 2.2350 2.6706 2.9165 2.5299 2.0733 1.2738 2.0202 1.6121 1.0332 -0.3906 0.9422 0.1652 0.9625 0.9759 0.4992 0.8924 0.8204 -0.1450 0.5949 -0.8783 0.4951 0.9558 1.2430 0.3628 1.0195 1.3242 1.5241 1.0006 0.2402 -0.1917 -0.3281 
2.6383 1.5200 1.0440 1.5538 2.1326 1.7648 1.5228 -0.7852 0.6345 1.4318 0.9694 1.2705 2.0309 1.5807 1.3195 1.6558 1.1358 1.5832 1.1079 1.3626 1.6430 0.8273 0.4189 0.7924 -0.1576 -1.6319 0.4627 0.5685 0.7649 -0.0974 -0.9313 -1.1266 -1.1408 
3.3982 2.7817 2.2144 2.6082 2.5777 2.0764 1.1155 1.3477 1.2560 0.5098 1.0068 0.4157 1.8666 1.2712 1.0424 1.1680 0.7659 1.0678 0.8908 0.9876 1.5037 -0.0325 0.4458 -0.1581 0.4569 0.4135 0.1133 0.8648 1.1189 0.9264 0.2262 0.1878 -0.3434 
3.4161 1.8264 1.4558 2.0494 1.9822 1.4473 2.0520 1.0713 1.9145 1.4024 0.7098 1.0652 0.7259 1.1240 1.6057 0.8869 1.4513 0.8190 1.4502 0.8800 0.3419 0.6455 0.1742 0.7578 1.1084 0.2093 0.9948 0.2421 0.5209 0.3836 -0.4993 -0.8891 -0.3477 
3.1283 1.8180 1.8961 1.7236 2.5440 2.0182 1.7811 1.0988 1.8345 1.6330 0.8866 1.4864 2.0028 1.6640 1.0245 0.2877 -1.5130 0.2160 0.8661 1.4346 1.6211 1.0276 0.3376 0.9874 1.0421 0.2349 0.7797 0.8067 1.0911 0.1026 -0.1357 -0.7637 -0.6657 
3.4128 2.1034 1.6255 2.3037 1.6158 1.6292 1.5555 1.4375 1.6046 1.1184 0.9382 1.7652 1.5502 0.9142 0.9599 0.1919 -0.3018 0.1120 0.8120 0.6738 1.2028 1.3652 0.3908 0.4540 0.8553 0.5190 0.5003 0.4224 0.2173 0.6717 -0.3971 -0.6419 -0.3689 
3.2955 2.0536 2.1663 1.6042 2.5716 2.0573 1.3192 1.5541 0.8478 0.4831 0.9559 0.7673 1.1685 1.2668 0.7554 1.3000 0.9400 1.1922 0.5334 0.9874 0.8357 0.2821 0.4162 -0.1614 0.0988 0.6845 0.2606 0.8489 1.1092 -0.0404 0.1786 -0.7566 -0.5042 
3.6680 2.3353 1.4699 1.7309 1.8870 1.9026 1.6893 1.9471 1.5436 1.1388 1.2839 1.6444 1.8024 1.4896 0.8910 1.5597 1.4421 1.4806 0.7642 1.2267 1.4601 1.2261 0.7630 0.4799 0.8026 1.0098 0.6952 0.6864 0.4510 0.1012 -0.5436 -0.3520 -0.1295 
3.2717 1.9742 0.7794 1.9851 2.4245 2.0022 2.0873 1.7705 1.5340 1.3140 -0.1398 1.4374 1.0992 0.8549 -0.4032 0.8491 0.9824 0.7849 -0.5617 0.5895 0.7858 0.9748 -0.7266 0.6562 0.7903 0.8873 1.0287 0.7974 1.0070 0.2947 -1.2389 -0.7914 -0.4854 
3.2300 2.8526 2.2333 2.0648 2.1349 2.2106 0.2610 1.5647 1.3009 1.1060 -0.2983 0.1332 1.0187 1.0552 1.2679 0.7449 1.5433 0.6409 1.0590 0.8321 0.6991 -0.3404 -0.8657 0.4496 0.4976 0.6980 -0.8017 0.9991 0.7757 0.3836 0.2437 0.2616 -0.5334 
2.7299 2.4991 2.6655 2.4944 2.0595 1.1299 1.7605 1.9197 1.6077 1.7211 0.8386 1.0373 0.2429 0.7252 1.5606 0.7201 -1.0654 0.6031 1.4144 0.4257 -0.1432 0.6178 0.2763 1.0655 0.8484 0.9935 0.7717 -0.0890 0.6487 0.8306 0.6570 -0.1275 -1.1119 
3.3400 2.1604 1.3245 1.9272 1.5237 2.3393 2.1888 1.9956 0.1361 1.3679 0.4657 1.2558 0.4255 1.2522 -0.3220 1.3487 1.7549 1.2435 -0.4339 0.9742 0.1211 0.8174 -0.0852 0.7038 -0.6941 1.0495 1.1481 1.1390 0.1627 0.2407 -0.7212 -0.5334 -0.4285 
3.6871 2.7640 1.5404 2.3896 2.5052 1.8605 1.0873 0.7925 1.1321 0.3462 1.1793 1.5871 0.0496 1.1768 1.2398 1.6195 1.0803 1.5352 1.0424 0.9162 -0.3222 1.1383 0.6533 -0.2993 0.3720 -0.1539 0.0911 0.6523 1.0534 0.7712 -0.4695 0.1369 -0.1309 
3.2163 -0.0443 1.8491 1.9503 2.5754 2.6073 1.9217 -0.2902 0.8131 1.0307 1.3305 0.9194 1.0975 1.4015 1.3812 0.8842 0.0369 0.8118 1.1675 1.1025 0.7936 0.4570 0.7829 0.3895 0.0266 -1.1441 0.8574 1.4003 1.1216 0.2620 -0.1992 -1.8061 -0.5852 
2.2945 2.3462 2.4324 2.3230 2.2540 1.3908 1.4669 1.0760 0.2263 0.6377 0.9799 0.4401 1.6017 1.1283 0.8049 0.4207 -0.8021 0.3445 0.6093 0.8824 1.2742 0.0329 0.4237 -0.0238 -0.5284 0.2163 0.4113 0.1836 0.8703 0.7006 0.4039 -0.2361 -1.5737 
2.5984 2.1535 2.0467 1.3822 1.1670 1.5595 0.8444 1.5463 1.4297 1.0114 1.5121 1.4445 1.5774 1.0731 -0.1234 0.6535 -0.3020 0.5522 -0.2799 0.8452 1.2385 0.9817 0.9614 0.3618 0.6588 0.6775 -0.2202 0.3537 -0.2460 -0.2951 0.0282 -0.4160 -1.1758 
3.2124 2.7571 2.0669 1.8346 1.8481 2.1827 2.1743 1.5003 1.9962 1.4119 1.2000 1.6343 -0.1824 0.9266 1.3614 1.6283 -0.2308 1.5495 1.1460 0.6950 -0.5054 1.2078 0.6706 0.7730 1.1999 0.6071 1.1318 0.9780 0.4237 0.1868 0.0490 0.1811 -0.5021 
2.7673 2.6603 2.9643 2.2189 1.6253 1.3626 1.2311 1.6347 0.7141 0.1934 0.9937 1.6784 1.4143 0.6358 -0.3241 0.9021 1.0294 0.8339 -0.4729 0.3681 1.0271 1.2656 0.4351 -0.4668 -0.1076 0.7873 0.2023 0.1593 0.2392 0.5492 0.9504 0.0441 -1.0785 
1.1903 0.6817 2.2938 2.6215 2.2287 2.3498 2.5780 2.0043 1.4518 1.4820 0.5443 1.5765 1.3604 0.0488 0.5513 0.8309 0.5312 0.7670 0.3822 -0.2356 0.9641 1.1252 0.0320 0.8367 0.7062 1.0579 1.5022 1.1498 0.8373 0.9367 0.3089 -1.9485 -2.7879 
0.8913 0.8675 1.4269 1.7240 2.0701 1.2448 1.2690 1.4274 1.6345 1.1852 0.1958 0.8802 0.5669 1.3894 1.3265 0.5325 -0.1204 0.4325 1.1095 1.0840 0.2396 0.4200 -0.3867 0.5269 0.8876 0.5067 0.2242 0.0642 0.6690 0.1244 -0.5974 -1.6172 -3.1077 
2.8658 1.9230 2.1323 2.0905 1.6416 1.0405 1.3058 1.9802 1.5728 1.6454 1.1758 1.1462 1.5144 1.4036 0.2268 0.1629 -0.6719 0.0534 0.0457 1.1025 1.1583 0.7492 0.6396 1.0084 0.8246 1.0320 0.2583 -0.1698 0.2623 0.4166 0.1664 -0.7420 -0.8499 
3.1012 2.3723 1.6247 1.7731 1.4399 2.1607 1.4442 0.3688 1.8420 2.0355 -0.1780 1.0614 1.4516 1.6425 1.1291 0.9997 -0.0855 0.9184 0.9583 1.4219 1.0708 0.6494 -0.7529 1.3935 1.0506 -0.4944 0.3781 0.9553 0.0486 0.1427 -0.3479 -0.2650 -0.6579 
3.5689 2.6277 2.3372 1.3288 1.7073 1.6016 2.1986 1.9142 1.8232 2.0622 2.0279 0.7812 1.4362 1.6176 1.1019 1.2160 -0.9067 1.1106 0.9411 1.3913 1.0532 0.2916 1.4694 1.4201 1.0336 0.9881 1.1627 0.3985 0.3130 -0.3330 0.3241 -0.0646 -0.1885 
2.7330 1.1978 2.5379 1.7453 1.1510 1.5772 -0.1390 1.0402 1.9312 0.0334 0.8089 0.7312 1.0901 1.2382 -0.5544 0.0582 -2.2504 -0.0340 -0.7562 0.9600 0.7881 0.2499 0.2524 -0.6842 1.1228 0.1988 -1.1164 0.3702 -0.2430 0.0927 0.4940 -1.2767 -1.0461 
2.4774 2.1898 1.2173 2.5243 2.4648 1.3781 2.0253 1.4731 1.5591 1.5146 1.6331 1.2617 0.8329 1.3217 1.1878 1.2118 0.9866 1.1087 1.0106 1.0234 0.4510 0.8169 1.0874 0.8700 0.8166 0.5650 0.9630 0.1716 1.0272 0.8546 -0.8260 -0.3811 -1.2102 
