1.3038 1.9042 1.3679 1.4583 1.5101 0.6813 1.4079 1.6328 0.8075 0.7124 0.2141 -0.3631 0.6933 0.4425 0.2822 1.1213 -1.0830 1.0355 0.1292 0.2310 0.3406 -0.8106 -0.3252 0.0831 0.0497 0.8201 0.3976 -0.4881 0.2093 -0.1309 -0.6068 -0.5973 -2.0387 
3.1560 2.5431 0.2710 1.0360 1.8609 1.1891 1.7162 1.1565 1.4015 0.6861 1.4580 1.5194 1.5691 1.6881 1.4347 0.8670 1.6506 0.8042 1.2757 1.4576 1.2514 1.0847 0.9310 0.0605 0.6589 0.3104 0.7716 0.0413 0.4896 -0.5471 -1.5767 0.0074 -0.3847 
4.3610 4.4983 3.1929 3.1507 3.1070 2.7810 2.5632 2.4485 2.3264 1.9628 2.0821 2.3470 1.9991 2.0310 1.7720 2.0145 1.7605 1.9536 1.5993 1.7788 1.6312 1.9518 1.5607 1.3505 1.5940 1.5653 1.5514 1.6353 1.7245 1.5763 1.3561 2.0460 0.9228 
4.4639 4.0394 3.2801 3.3039 3.3556 2.9701 2.7678 2.7911 2.6066 2.4268 2.4310 2.5305 2.3074 2.5079 1.8469 2.0426 2.0437 1.9771 1.6490 2.2021 1.9935 2.0773 1.9277 1.7937 1.8944 1.9769 1.8052 1.8174 2.0402 1.7238 1.3862 1.5414 0.8780 
4.3145 3.4799 3.7355 3.6055 2.5904 2.5856 1.8261 2.0449 1.6279 1.5968 0.5893 1.0369 1.6703 1.1798 0.9373 1.3655 1.4525 1.2660 0.8035 0.9325 1.3787 0.6324 0.0871 0.9764 0.9131 1.1865 0.8365 1.4345 1.2305 2.0018 1.8344 0.9861 0.7319 
4.5751 3.0898 2.7960 3.2411 3.5149 3.1262 2.7099 2.2340 2.5365 2.4752 1.7555 1.8182 1.9334 1.6220 1.9357 1.9856 2.1693 1.9218 1.7306 1.4119 1.5565 1.4033 1.2468 1.8377 1.7822 1.4101 1.7153 1.9725 2.1623 1.6502 0.8667 0.3939 0.9788 
4.9405 4.3174 3.8356 3.3353 3.6306 2.2501 2.6722 1.4145 2.0546 2.0603 1.9278 1.7476 2.1272 1.6376 2.0745 1.9594 0.2397 1.8739 1.9443 1.4267 1.8056 1.3657 1.3961 1.4484 1.3616 0.5351 1.6755 1.1295 2.2479 1.7745 1.9388 1.7948 1.3504 
3.8514 2.3368 2.1251 2.0351 1.4976 1.3843 1.6919 1.7199 1.7036 1.4038 1.7661 0.4367 1.6088 1.1254 1.1097 0.8623 0.2301 0.8013 0.9565 0.8910 1.3159 -0.0019 1.2599 0.7936 0.9787 0.8778 0.7514 0.2399 0.2172 0.4556 0.2972 -0.0774 0.2309 
3.3085 3.4145 2.9227 2.6977 2.4688 2.3324 2.0503 0.6321 1.6884 2.0150 2.0872 1.8577 0.8615 1.7183 1.1686 1.6359 0.9427 1.5642 1.0146 1.4800 0.5016 1.4228 1.5656 1.4047 0.9753 -0.2191 1.0358 1.1855 1.0874 1.1116 1.0090 0.9586 -0.2034 
4.3055 2.9240 2.5085 1.6290 1.3569 1.0366 1.4255 1.1079 1.1888 1.3095 1.3179 1.5563 1.4058 1.7967 1.1828 1.8853 0.7539 1.7790 1.0126 1.5366 1.0346 1.1241 0.7973 0.6676 0.4424 0.2666 0.4034 -0.1286 -0.0624 0.0541 0.5165 0.3047 0.7022 
1.7279 0.9603 1.1728 1.4450 1.9345 0.7491 1.4102 1.0992 1.0354 0.1930 1.0887 0.8894 0.8593 -0.1964 0.4515 -0.1224 0.2027 -0.2001 0.3025 -0.4169 0.4950 0.4526 0.5799 -0.4470 0.3201 0.2719 0.4006 -0.4020 0.5461 -0.1472 -0.7370 -1.4614 -1.8181 
4.5260 4.5074 3.7957 3.3154 3.2162 2.7141 3.1256 2.6445 2.5687 2.5586 2.3644 2.5513 2.2228 2.3912 2.2483 1.9425 2.0305 1.8443 2.0940 2.1293 1.9397 2.1009 1.8616 1.9499 1.8338 1.7965 2.1109 1.5610 1.9058 1.7256 1.9003 2.0439 0.9275 
2.8172 2.3736 1.3789 1.9356 1.6255 1.4657 1.2982 0.7303 1.3165 1.5389 1.5522 -0.2141 1.3628 1.0563 1.2089 0.1140 1.0287 0.0228 1.0273 0.8430 0.9802 -0.6649 1.0263 0.9211 0.5441 -0.1552 0.2987 0.3187 0.3081 0.3308 -0.4163 -0.0298 -0.8522 
4.7221 3.8840 3.2775 2.8313 2.6099 2.4764 2.5713 2.2802 1.7619 2.0645 2.1010 1.7608 2.0259 1.9524 1.5547 1.6389 1.6844 1.5700 1.4127 1.6584 1.6698 1.3707 1.5778 1.4510 1.0264 1.4445 1.5617 1.3273 1.2811 1.2741 1.3770 1.3806 1.0816 
5.4404 4.4487 3.8864 3.4668 3.1931 3.1125 2.7570 2.8476 2.6148 2.6460 2.5656 2.1428 2.3200 2.2625 2.4905 2.2680 1.9893 2.1848 2.2842 2.0332 2.0023 1.7146 2.0342 2.0302 1.9081 2.0143 1.7757 1.9609 1.8628 1.9115 1.9722 1.9321 1.8166 
3.8288 2.5374 2.1866 1.8816 1.9668 0.9548 2.0126 0.0937 0.3595 0.7299 1.2715 0.8698 0.5679 1.5285 0.9962 1.2682 0.8534 1.1621 0.8448 1.3061 0.2655 0.4220 0.7663 0.1062 -0.3389 -0.7626 1.0069 -0.1851 0.5994 0.2775 0.2704 -0.1226 0.2405 
4.2020 3.1895 2.6727 2.0323 1.9658 2.1693 1.6995 1.6159 1.5240 1.0120 1.6650 1.5614 1.1923 1.1403 1.2137 -0.0667 1.4799 -0.1273 1.0332 0.9043 0.8668 1.1311 1.1538 0.3898 0.8165 0.8082 0.7466 1.0187 0.5958 0.4231 0.7747 0.6244 0.5509 
4.1392 2.6879 2.1216 2.2945 1.9957 1.9154 1.3361 1.7243 1.0609 0.9863 1.7241 2.0148 1.8789 1.6760 0.2686 -0.4045 0.8827 -0.5070 0.0944 1.4503 1.5168 1.5755 1.2167 0.3651 0.3454 0.8823 0.3143 0.7611 0.6372 0.7386 0.2080 0.0705 0.5082 
3.9915 3.3210 2.5835 2.3273 1.8208 2.0679 1.3793 1.5683 1.5405 0.9410 1.5606 1.4155 1.1815 1.4328 1.2812 0.2086 1.2968 0.1166 1.0799 1.1714 0.8596 0.9695 1.0335 0.3283 0.8299 0.7542 0.3521 0.9188 0.4546 0.7813 0.6429 0.8241 0.3952 
4.4116 3.4796 2.9080 2.7532 2.0418 1.9981 2.3470 1.5881 1.5660 1.0449 1.5741 1.3884 0.9528 0.3703 1.1427 0.4646 0.8039 0.3987 0.9812 0.1398 0.6196 0.9347 1.0420 0.4342 0.8546 0.7763 1.3835 0.8520 0.7223 1.1724 0.9703 0.9279 0.8225 
3.8974 2.7559 2.4148 0.5707 1.5385 1.7242 1.7663 1.6618 1.3385 1.7879 1.2317 1.4143 1.4762 1.6359 1.7824 1.4695 -0.0666 1.4037 1.6053 1.4203 1.1260 0.9692 0.7233 1.1557 0.5673 0.8379 0.8012 0.5646 0.2149 -1.1419 0.4517 0.2097 0.3031 
4.3178 3.4227 3.1423 2.5377 2.3074 2.1853 1.9644 2.2162 1.9394 -0.2840 1.7696 1.7110 1.9154 1.7583 1.2937 1.3804 0.9290 1.2938 1.0925 1.5102 1.5434 1.3262 1.2647 -0.9077 1.1701 1.4021 0.9461 1.0332 0.9665 0.9165 1.1916 0.8919 0.6986 
4.2569 3.1460 2.5928 2.3375 1.8587 1.9503 1.7248 1.1590 1.1429 1.5433 1.1088 0.9929 1.5389 1.5275 1.2848 1.0237 1.0698 0.9435 1.0853 1.3079 1.2117 0.5637 0.5980 0.9239 0.4121 0.3128 0.7764 0.7988 0.4749 0.7855 0.6528 0.5477 0.6262 
3.7759 2.6175 2.1323 1.6638 0.4077 1.0470 1.2277 1.7499 0.5970 1.3944 0.0401 0.5356 1.2203 1.2945 0.9507 1.1946 0.8579 1.1030 0.8157 1.0162 0.8831 0.1368 -0.4758 0.7884 -0.1255 0.9025 0.2441 -0.1186 -0.9336 0.1003 0.2210 0.0084 0.1824 
3.4388 2.4647 2.0599 1.1031 1.7641 0.7701 1.0531 0.9552 0.7495 0.8566 0.7810 -1.3995 1.2926 1.1153 0.9365 1.1032 -2.0574 1.0273 0.8016 0.8854 0.9323 -1.7929 0.2397 0.2390 -0.0386 0.1068 0.0738 -0.4195 0.4071 -0.4630 0.1264 -0.1407 -0.1913 
3.8890 2.9287 2.4877 2.3218 0.3645 0.2744 -0.3006 1.5653 0.7718 1.0377 0.9651 1.4945 1.7690 1.1834 0.8307 0.7908 1.2529 0.6947 0.6516 0.9366 1.4424 1.0558 0.4442 0.4331 -0.0040 0.7411 -1.3825 -0.8499 -0.9277 0.7819 0.5118 0.3706 0.2901 
4.0089 2.5774 1.7332 2.4970 2.0509 1.3606 1.7221 1.6245 1.6469 1.0069 0.8455 1.4968 1.1941 0.4745 1.1870 0.3147 -0.7843 0.2475 1.0216 0.2536 0.8691 1.0585 0.3219 0.3903 0.9328 0.8160 0.7772 0.2096 0.7241 0.8770 -0.1919 -0.0152 0.4179 
4.4804 3.7032 3.2771 2.7765 1.7522 2.5975 2.0801 2.2930 1.7908 2.1826 2.2150 1.8055 1.3796 1.5250 1.1884 1.1416 1.0008 1.0490 1.0193 1.3040 1.0091 1.3952 1.7022 1.5682 1.0375 1.4533 1.0754 1.4467 0.4260 1.2081 1.3880 1.1446 0.9051 
4.6956 3.5195 2.9745 3.1192 2.1112 1.9226 2.1329 1.8197 2.1659 1.4351 1.1587 1.7597 1.6007 0.8769 0.8633 1.5350 1.1877 1.4608 0.7077 0.6238 1.2919 1.3670 0.6486 0.8206 1.4471 0.9514 1.1366 0.7711 0.8007 1.5062 1.0312 0.9456 1.0862 
3.4077 1.9289 0.9622 1.0522 1.9627 1.9485 1.6074 1.8592 1.4746 1.5553 1.8546 0.6547 0.9344 0.8875 0.9999 0.3058 0.4591 0.2383 0.8559 0.6434 0.6031 0.2370 1.3459 0.9380 0.7726 0.9756 0.6234 0.7941 0.6192 -0.3698 -1.1063 -0.7149 -0.2766 
-0.9054 0.6242 1.8217 1.2249 1.2593 1.4622 1.6019 1.0727 1.1896 0.3576 0.8468 1.1955 0.2947 1.3827 0.6568 1.4172 1.0274 1.3583 0.4609 1.0938 -0.0681 0.7992 0.3205 -0.2642 0.4508 0.2573 0.6159 0.3139 -0.1107 -0.3564 -0.1119 -1.9369 -3.2152 
3.4338 2.2586 2.1798 1.2159 1.1276 1.4180 0.4636 0.6616 1.4573 -1.0284 0.9597 1.3443 0.5937 0.9540 1.5449 1.4425 -0.4330 1.3790 1.4062 0.7339 0.2769 0.8898 0.4393 -1.7203 0.7505 -0.2060 -0.5019 0.2662 -0.2075 -0.3535 0.2713 -0.3000 -0.1754 
3.7778 2.7752 1.9717 1.7376 1.5496 1.3888 0.8303 1.4415 1.5518 1.1385 0.8377 1.2269 1.9132 1.8712 0.9771 -0.1172 -0.8554 -0.1963 0.8351 1.5942 1.5407 0.8217 0.3049 0.5069 0.8418 0.5723 -0.1933 0.2351 0.2348 0.1930 0.0087 0.2621 0.2101 
3.6719 2.6418 1.9503 1.4477 0.9862 1.0733 1.3888 1.3884 1.2956 1.1872 0.7553 0.7540 0.9367 0.1623 0.5548 0.7070 -0.0519 0.6056 0.4002 -0.1176 0.6053 0.3039 0.2277 0.5525 0.5245 0.4948 0.3686 -0.0729 -0.3319 -0.1603 -0.0388 0.0850 0.0213 
3.8352 2.5370 1.6623 1.8251 1.4753 0.7268 1.3784 1.2786 -0.6622 1.7574 0.2506 0.6158 1.2761 1.2550 0.0393 -0.3258 1.3198 -0.3853 -0.1374 0.9878 0.9229 0.2261 -0.2966 1.1302 -1.4112 0.4087 0.3645 -0.4377 0.1536 0.2444 -0.2648 -0.0785 0.2638 
3.2427 2.2288 2.2930 2.1948 0.8849 1.8263 1.4562 1.2045 1.3058 1.4057 0.8110 1.4145 1.1128 1.3028 1.3656 1.5016 0.4574 1.4309 1.1643 1.0258 0.8169 0.9678 0.2832 0.7960 0.5420 0.3557 0.4505 0.6835 -0.4730 0.6324 0.3704 -0.2936 -0.3416 
3.5425 2.2766 2.1892 1.2887 1.6993 1.5158 0.7769 1.6379 0.2749 -1.4540 1.5528 0.7237 1.1219 0.8665 0.7063 0.7335 0.5447 0.6297 0.5097 0.6059 0.8206 0.2817 1.0288 -2.0755 -0.4503 0.8224 -0.2514 0.3601 0.3660 -0.3017 0.2855 -0.2949 -0.1106 
3.2116 2.6050 2.1855 1.9208 2.5432 1.3940 1.0464 1.8061 1.4414 1.1417 -0.5876 0.1973 -0.0752 0.2587 0.9080 0.3063 -0.0862 0.2430 0.7809 -0.0136 -0.3641 -0.2666 -1.1352 0.5139 0.7190 0.9450 0.0791 0.2430 1.1823 0.3087 0.2612 0.0841 -0.4803 
3.7158 2.3471 1.4562 2.6295 2.6704 2.3927 2.3229 1.9523 1.9333 1.7427 0.4622 1.1876 1.6779 1.3467 1.1900 0.7895 1.3387 0.6951 1.0213 1.0449 1.3838 0.7950 -0.0533 1.1132 1.1600 1.0499 1.3672 1.2351 1.3646 1.0303 -0.6003 -0.2760 0.0858 
3.0453 2.5090 1.4037 2.2698 2.2377 1.9369 1.5599 0.7915 0.4754 0.7814 0.8621 1.4321 1.3803 0.9634 -0.6496 1.1136 0.1152 1.0327 -0.8015 0.7505 1.0092 0.9911 0.3306 0.1542 -0.2438 -0.1063 0.5572 0.7889 0.9117 0.7336 -0.5713 -0.0256 -0.5105 
2.6714 1.8485 0.6843 2.2277 2.3290 1.7529 1.1113 0.6557 0.6480 1.0321 0.9309 0.6474 0.7511 1.2685 0.4299 0.2928 -0.3306 0.2362 0.2864 0.9952 0.3847 0.2387 0.4008 0.4204 -0.0975 -0.2039 0.1482 0.5976 0.9882 0.6804 -1.2621 -0.6543 -0.8612 
2.4826 2.1829 1.2646 1.2499 1.5745 1.5966 1.8963 1.4864 0.7923 1.0118 0.6670 1.0014 0.6294 0.3546 0.4286 0.3569 -0.5122 0.2886 0.2819 0.1236 0.2998 0.5733 0.1658 0.3925 0.0235 0.6307 0.8842 0.4500 0.2609 -0.3171 -0.6979 -0.2829 -1.0886 
2.4540 2.5249 1.8741 0.7891 1.2870 -0.1351 1.4480 1.5213 1.7884 1.8239 1.1010 0.8870 1.3783 1.4471 1.0282 0.4519 -0.9817 0.3755 0.8782 1.1897 1.0092 0.4521 0.5845 1.1898 1.0363 0.6827 0.4443 -1.2483 -0.0944 -0.7898 -0.1128 -0.0099 -1.3505 
0.8607 2.4342 2.1496 1.6082 1.7233 0.9912 1.1931 1.4500 1.4631 1.4195 1.1116 0.8264 1.6451 1.4726 1.4283 1.3889 0.9571 1.3042 1.2692 1.2271 1.3644 0.3845 0.5990 0.8124 0.7585 0.5807 0.2196 -0.1552 0.3857 0.0111 0.2543 -0.0280 -2.8306 
2.9274 2.5209 1.3792 -0.1747 0.2925 0.1698 1.8200 1.8934 1.4486 0.4251 1.4240 1.6070 1.0320 1.4868 0.9663 1.2961 0.9584 1.1939 0.8236 1.2513 0.7313 1.1950 0.8949 -0.1848 0.7297 1.0046 0.8404 -0.9999 -1.0676 -1.8336 -0.5942 -0.0104 -0.6018 
2.3281 1.9739 2.1632 1.8144 1.2127 0.2754 1.3135 0.9829 0.4507 1.5325 1.9396 1.7912 1.0695 1.0956 1.2496 1.3211 0.1972 1.2135 1.0569 0.8702 0.7859 1.3859 1.4048 0.9185 -0.2682 0.1577 0.3039 -0.8536 -0.1450 0.2402 0.2670 -0.5367 -1.3111 
1.4065 0.6434 1.4771 0.7841 1.1658 1.6397 0.8183 1.3361 1.3935 1.5277 0.8164 0.2006 -1.3674 0.6331 1.0276 1.7280 1.6430 1.6367 0.8819 0.3761 -1.6869 -0.2625 0.2792 0.9108 0.6495 0.4442 -0.2066 0.4970 -0.1748 -0.8501 -0.3721 -1.7133 -2.4809 
2.6964 2.1022 1.5130 0.3779 0.4917 1.1246 1.9855 1.9004 1.0473 0.4326 0.5068 1.8597 1.4053 1.4729 1.2471 1.2432 0.4113 1.1432 1.0501 1.2338 1.0333 1.4295 0.0105 -0.1799 0.3304 1.0118 0.9759 -0.0273 -0.8119 -1.2628 -0.3567 -0.3740 -0.8877 
3.2967 2.8992 2.2603 1.4352 1.8589 1.4290 1.7198 -0.4187 1.6385 1.0296 1.3865 1.4853 -0.5928 1.1960 0.8375 0.7384 0.6894 0.6299 0.6737 0.9411 -0.8675 1.0400 0.8532 0.4100 0.9258 -1.3761 0.7713 0.2842 0.4782 -0.1659 0.3546 0.3993 -0.2557 
-2.8270 0.3179 1.4628 1.3422 0.3739 1.0476 0.8375 0.8112 0.8833 0.5173 0.0816 1.4386 1.0554 0.1247 1.1926 0.7584 0.3696 0.6476 1.0228 -0.1294 0.7682 1.0010 -0.3860 -0.1136 0.1869 -0.0909 -0.1822 -0.0902 -0.9395 -0.2653 -0.4048 -1.9630 -3.3517 
0.4272 2.1551 1.7508 1.5893 1.4511 1.3919 1.6933 1.4222 1.4581 1.4228 0.9339 0.6034 1.2941 1.2856 0.8183 -0.1742 -0.7014 -0.2403 0.6319 1.0127 0.9384 0.2199 0.4103 0.8118 0.7472 0.5407 0.7386 0.2386 0.1085 -0.0080 -0.1893 -0.3046 -2.9440 
0.4061 1.2796 1.3851 1.3283 1.4766 0.7926 1.5166 1.6106 1.0244 1.0658 1.4740 0.5060 1.0760 0.9379 0.8453 0.7191 0.9302 0.6134 0.6780 0.7147 0.7900 0.1097 0.9498 0.4522 0.2967 0.7998 0.5240 -0.3536 0.1487 -0.2674 -0.5421 -1.2223 -3.1115 
2.0982 2.0698 2.0895 1.9272 0.3335 0.6216 1.2334 1.4387 1.6713 1.2143 0.5001 1.3882 1.6016 1.0804 1.6361 1.5791 1.4009 1.5013 1.4915 0.8613 1.2944 0.9395 -0.0186 0.5788 0.9503 0.5708 0.2536 -0.5138 -0.9936 0.3050 0.2157 -0.3846 -1.4985 
3.2433 2.6828 2.1412 1.3744 1.6838 1.7240 1.3760 1.6994 1.1598 1.4532 1.4602 1.0519 1.3994 0.5838 0.7529 0.7368 -0.4035 0.6314 0.5409 0.3475 1.0301 0.6618 0.9289 0.8442 0.4233 0.8657 0.3645 0.5781 0.3557 -0.2236 0.2375 0.2099 -0.3463 
-0.0127 1.4805 1.7023 1.9369 1.6253 1.8144 0.8660 -0.8212 1.4628 1.3786 1.4498 1.4645 0.5507 0.3064 1.3644 1.2941 1.5006 1.1902 1.1625 0.0536 0.2414 1.0279 0.9208 0.7640 0.7582 -1.7392 -0.1440 0.6653 0.3087 0.3232 -0.2102 -0.9359 -3.2673 
3.6690 2.4992 2.1490 2.0843 0.6874 1.8890 1.5863 0.4875 0.7697 1.5090 1.4798 1.0231 0.9471 1.2232 -0.1717 1.3373 0.8876 1.2303 -0.3115 0.9637 0.6125 0.6022 0.9530 0.8947 -0.0087 -0.3234 0.5930 0.7412 -0.6854 0.4816 0.2516 -0.1248 0.0435 
3.4788 2.5050 1.9600 1.7298 1.5205 1.4748 1.2852 1.0661 0.8791 0.1067 1.2878 1.3917 -0.2227 0.7098 1.0730 -0.3617 -0.0195 -0.4805 0.9259 0.4394 -0.5462 0.9403 0.7854 -0.5272 0.1713 0.2493 0.2852 0.3224 0.2166 0.1737 -0.0176 -0.1151 -0.1489 
3.5899 2.7995 2.3519 1.5769 1.8905 1.1498 0.9576 0.8237 1.0089 1.6133 1.1933 1.6620 1.5740 0.9921 1.2155 0.9551 0.4074 0.8816 1.0341 0.7877 1.2570 1.2688 0.6897 1.0026 0.2953 -0.0648 -0.0489 0.0051 0.5065 -0.0163 0.4098 0.2922 -0.0616 
3.2848 2.4097 2.1637 1.9947 1.5333 2.1810 1.3777 0.8758 1.0098 1.1079 1.0975 1.0183 0.9970 1.1447 0.9550 0.3929 1.0723 0.3261 0.8176 0.9057 0.6729 0.6001 0.5802 0.4825 0.2925 0.0148 0.3540 1.0335 0.2185 0.4000 0.2653 -0.1576 -0.2947 
2.4685 2.0020 2.2443 1.4035 2.3323 2.0435 0.7324 0.8877 0.3774 0.8997 1.4229 1.2515 1.1954 0.9203 1.3179 0.9710 1.4011 0.8991 1.1128 0.6911 0.8665 0.8363 0.8895 0.2929 -0.3218 0.0363 -0.2677 0.8901 0.9914 -0.1926 0.3406 -0.5263 -1.1280 
2.2388 1.5140 1.8361 0.9978 2.0621 2.0935 1.4333 1.0442 0.9796 0.8154 -0.2662 1.5364 1.4875 0.0902 0.7257 1.0436 -1.2391 0.9762 0.5281 -0.1785 1.1407 1.1061 -0.7994 0.2063 0.2634 0.2461 0.4306 0.9380 0.7626 -0.6097 -0.1051 -0.9100 -1.3119 
2.6319 1.7829 2.3790 2.1297 2.0676 1.9474 1.3500 1.4154 1.1209 0.2807 0.5273 -0.0877 1.4556 0.2540 1.0393 1.0405 0.8306 0.9722 0.8960 -0.0310 1.1004 -0.4911 0.0199 -0.3270 0.3959 0.5356 0.3266 0.7940 0.7662 0.5187 0.4411 -0.6904 -1.0335 
2.1993 2.0764 1.6102 1.6279 0.7519 1.9105 1.3794 1.4107 1.4399 0.9065 0.9143 1.3277 0.2113 1.4495 0.3665 1.2201 -2.3294 1.1236 0.2301 1.1939 -0.1553 0.8780 0.3885 0.2904 0.7163 0.5295 0.3550 0.7679 -0.6030 0.0728 -0.3026 -0.3211 -1.3910 
3.2369 2.4968 2.0384 1.7147 2.0022 1.3869 1.4203 1.4245 0.9832 0.7963 1.4849 1.1755 -0.2454 0.8780 1.2573 0.7132 0.2660 0.6051 1.0625 0.6252 -0.6098 0.7852 0.9618 0.1803 0.2657 0.5469 0.4135 0.2497 0.6538 0.1920 0.1195 -0.0785 -0.3392 
1.4002 1.7510 1.1569 1.4326 -0.1748 1.3234 0.9058 1.5687 2.1055 1.9483 1.2800 1.7576 1.4941 1.7331 1.6052 0.7394 0.7897 0.6302 1.4560 1.4919 1.1502 1.3686 0.7779 1.3224 1.4001 0.7576 -0.1089 0.1735 -1.4254 -0.1638 -0.7855 -0.7087 -2.0246 
3.1090 2.7393 2.0363 1.7677 1.6463 1.4788 1.4409 0.2793 1.2770 0.9402 0.8351 0.2935 0.9047 0.9887 1.3812 1.3971 1.1294 1.3216 1.1920 0.7817 0.5610 -0.1521 0.3047 0.3183 0.5143 -0.6143 0.4348 0.3226 0.3367 0.2098 0.1205 0.2663 -0.5114 
3.2702 2.2390 1.2653 0.4789 1.9387 1.4828 1.1804 0.4964 1.4110 1.5147 1.3860 1.5890 1.6257 1.1288 1.4448 0.5512 0.4113 0.4615 1.2940 0.8931 1.3430 1.1630 0.8534 0.8948 0.6807 -0.3161 0.2192 0.3358 0.5495 -1.0070 -0.6909 -0.3009 -0.3242 
2.0151 1.9756 1.2453 1.4915 0.8291 1.5640 0.8692 1.4321 0.7589 1.4716 0.6962 0.8831 1.2236 1.3561 0.4611 0.8142 1.0957 0.7337 0.3203 1.0533 0.8871 0.4480 0.1798 0.8581 -0.0292 0.5611 -0.1409 0.4173 -0.5539 -0.1093 -0.6942 -0.4651 -1.5015 
2.3845 1.6852 1.3885 1.4251 1.4026 0.4532 1.1878 1.5100 1.8877 1.7713 1.3459 1.2774 1.6984 1.3637 0.6587 1.2761 0.8266 1.1748 0.4622 1.0635 1.3958 0.8525 0.8127 1.1385 1.1190 0.6759 0.2257 -0.6939 0.0374 -0.1623 -0.5790 -0.8103 -1.2112 
2.6883 1.8881 1.1983 1.5084 0.6244 0.7972 1.2348 1.0286 1.4491 1.3818 1.1282 0.2360 -0.1385 -0.1883 -0.2919 -0.0493 0.2637 -0.1397 -0.4494 -0.3945 -0.4503 -0.2275 0.6201 0.7648 0.7354 0.2223 0.2507 -0.3525 -0.7027 -0.1061 -0.7033 -0.6965 -0.8955 
1.4470 1.4743 1.3789 1.3423 1.4115 0.3625 0.4535 1.3893 1.4251 1.4529 0.8416 1.4334 1.2061 0.8461 1.2762 1.2603 1.0842 1.1614 1.0782 0.5868 0.8752 0.9920 0.3015 0.8403 0.6933 0.5024 -0.5384 -0.7857 0.0641 -0.2687 -0.5948 -0.9280 -2.3495 
2.9020 2.0829 1.4090 1.5652 1.7101 0.8051 0.8172 1.8247 1.3934 0.3688 0.7797 -0.1976 0.4912 1.4495 0.7961 -1.4160 -0.0999 -1.4582 0.5927 1.1952 0.2144 -0.6296 0.2445 -0.2533 0.6441 0.9563 -0.1961 -0.3492 0.3727 -0.0151 -0.5220 -0.3775 -0.6611 
2.0581 0.5369 1.5670 1.1946 1.1118 1.6118 1.2798 1.4901 1.5440 0.2199 0.9571 -0.7176 1.6093 1.5045 0.4694 1.2181 -2.8859 1.1197 0.3250 1.2737 1.3182 -1.1018 0.4344 -0.3970 0.8330 0.6417 0.2833 0.4609 -0.1970 -0.3501 -0.3239 -1.8885 -1.4854 
1.8008 2.1365 1.7618 1.6436 1.2487 0.8985 1.7359 1.5463 1.5245 1.9451 1.6153 -0.0955 1.1688 1.3144 1.0041 1.0769 -0.2153 1.0062 0.8601 1.0285 0.8530 -0.4958 1.0973 1.3200 0.8185 0.7216 0.7882 -0.2412 -0.1218 0.0908 -0.1628 -0.3246 -1.9674 
2.9607 2.4555 2.3170 1.7119 2.0238 1.6399 1.9074 1.7407 1.4917 1.3179 0.1773 1.4723 0.7588 1.5569 1.6206 1.2995 1.2041 1.1929 1.4777 1.3531 0.3902 1.0318 -0.3358 0.6830 0.7895 0.8960 0.8911 0.4904 0.7007 0.1391 0.4033 -0.0906 -0.6572 
2.5238 2.0230 0.4869 0.4595 1.9864 1.0397 1.9050 1.4243 1.1888 1.8361 1.4642 1.0276 0.6749 1.5706 1.4092 1.3842 -0.0320 1.2987 1.2345 1.3637 0.3355 0.6089 0.9336 1.2047 0.4478 0.5569 0.8864 -0.0998 0.6329 -1.0458 -1.3763 -0.4885 -1.1263 
2.2494 1.6813 1.2462 1.6207 1.4745 1.7644 1.6940 0.1723 0.4167 1.6987 0.6450 0.9012 0.4553 0.6262 0.9675 0.8176 0.0920 0.7372 0.8279 0.3792 0.1506 0.4596 0.1275 1.0742 -0.3144 -0.7581 0.7419 0.6266 0.1421 0.0710 -0.6774 -0.7793 -1.2955 
2.6612 1.3864 1.5519 1.6681 1.0799 1.0433 1.3775 0.7768 1.3924 1.2672 0.2021 -0.5438 1.2108 -0.1451 0.1081 0.4563 -1.0744 0.3797 -0.0858 -0.3674 0.8801 -0.9131 -0.3258 0.6258 0.6483 -0.1283 0.3606 -0.1140 -0.2434 0.1308 -0.3384 -1.0304 -0.8996 
2.0475 1.1788 1.2219 1.1345 0.5729 0.8704 0.4185 0.2610 -0.0326 1.0318 -0.1872 0.8213 0.6171 0.3136 -0.2506 0.0593 -0.2405 -0.0397 -0.3772 0.0613 0.2925 0.3723 -0.7077 0.4151 -0.7399 -0.6142 -0.5687 -0.2826 -0.7515 -0.4135 -0.6973 -1.2772 -1.4713 
1.3929 1.8145 1.5067 2.0049 2.0000 0.3279 1.5436 1.6380 0.4148 1.4617 1.3426 1.5044 0.5852 0.7217 1.3691 1.0137 0.2934 0.9338 1.1674 0.4493 0.2615 1.0614 0.8113 0.8501 -0.2947 0.8234 0.5553 -0.8655 0.6532 0.4143 -0.3712 -0.6666 -2.0667 
2.5291 1.7880 1.6832 -0.3721 1.5877 1.7145 2.0339 1.2408 0.3560 1.3397 1.1263 1.5823 0.0819 1.1627 1.5785 0.1644 -0.0237 0.0493 1.4303 0.9213 -0.2720 1.1576 0.6171 0.7061 -0.3420 0.3674 1.0275 0.5788 0.2671 -1.9673 -0.2055 -0.6647 -1.0425 
1.5552 1.3239 1.6124 1.6512 2.0148 1.1631 0.8643 1.4354 0.7630 1.3696 1.3937 1.1274 1.0505 1.3230 1.2246 0.6746 -1.2071 0.5695 1.0370 1.0329 0.7736 0.7401 0.8597 0.7467 -0.0085 0.5628 -0.1403 0.0078 0.6785 0.1022 -0.2821 -1.1753 -1.9638 
2.0917 2.1247 1.7370 2.1858 1.7119 1.6243 0.9240 1.7701 1.5275 1.5970 0.9131 1.0638 1.0490 0.5200 1.1621 1.0933 0.4616 1.0188 0.9990 0.2981 0.7717 0.6638 0.3876 0.9766 0.8191 0.9175 -0.0912 0.4782 0.3700 0.6198 -0.1605 -0.3130 -1.3670 
2.7853 1.1788 1.6248 1.2757 1.5319 0.2252 0.1333 1.2672 0.9606 0.2508 0.7312 1.1972 0.7510 0.3553 0.7724 1.4391 0.3155 1.3773 0.5679 0.1273 0.3818 0.7993 0.2220 -0.3658 0.2498 0.3977 -0.8748 -0.9306 0.2291 -0.3237 -0.2321 -1.1966 -0.8313 
3.0736 2.0330 1.0994 1.6641 2.0838 1.8455 0.9057 1.1829 0.9110 0.7749 -0.4124 1.6134 -0.1297 1.5083 -0.1560 0.4036 -0.3027 0.3303 -0.3121 1.2806 -0.4100 1.2105 -0.9254 0.1268 0.2144 0.3387 -0.1050 0.6862 0.7843 0.1372 -0.8098 -0.4784 -0.5359 
1.7480 -0.1101 1.2817 1.5410 1.4173 0.7175 1.2447 0.9974 -0.0565 0.6672 1.1556 0.5500 0.7027 0.2230 0.5360 0.8857 0.0200 0.8210 0.3812 -0.0667 0.3477 0.1603 0.6483 0.0379 -0.7863 0.1785 0.2621 -0.4268 0.0684 -0.0519 -0.6616 -2.6287 -1.8423 
1.9351 1.0047 1.1806 1.4024 1.3621 0.5239 1.3110 1.7039 1.4007 0.8097 0.8722 0.7626 0.9196 0.4408 1.3204 1.2625 1.0431 1.1593 1.1163 0.2355 0.5761 0.3134 0.3415 0.1933 0.6549 0.8711 0.3015 -0.6114 -0.0323 -0.1903 -0.7147 -1.5551 -1.8369 
3.7065 2.6486 2.1345 1.7971 1.4839 1.5544 1.6509 0.9789 0.8369 1.3219 1.3640 0.3994 0.8340 0.7641 0.9652 -0.6091 0.7481 -0.6796 0.8249 0.4618 0.4641 -0.0226 0.8263 0.6820 0.1096 0.1485 0.6903 0.4073 0.1792 0.2333 0.2390 0.1136 0.1063 
3.2734 2.7033 2.0061 1.7941 1.0197 0.8382 1.4390 0.1945 1.1878 1.5958 0.9039 1.4547 -0.2404 0.6745 0.4169 -0.1594 0.2627 -0.2380 0.2725 0.4098 -0.5819 1.0155 0.3896 0.9740 0.4518 -0.7222 0.4339 -0.3089 -0.3056 0.2321 0.0786 0.2366 -0.2758 
0.7602 1.5675 1.3706 0.8498 1.5606 0.8754 1.2611 1.0948 0.9761 1.3597 1.0736 1.2399 0.3303 0.9738 0.7838 1.4103 -0.2898 1.3475 0.5795 0.7656 -0.0272 0.8266 0.5574 0.7286 0.2619 0.2730 0.2654 -0.2647 0.2482 -0.7341 -0.5973 -0.8800 -2.5238 
3.5261 3.0490 2.2381 2.0699 2.2185 2.1045 2.2729 1.9868 1.9016 1.9868 1.0941 1.7500 0.8799 0.1137 1.0154 0.6511 0.5780 0.5482 0.8677 -0.1559 0.5200 1.3629 0.5829 1.3765 1.1302 1.1010 1.3233 0.9561 0.8994 0.4674 0.3344 0.4936 -0.0904 
3.1593 2.6628 2.2500 2.3928 1.6244 1.9495 1.8458 1.6935 1.3067 1.3805 1.5337 1.3643 1.2743 1.2487 0.8188 1.1572 1.2798 1.0653 0.6330 0.9839 0.9208 0.9059 1.0118 0.7696 0.5323 0.8630 0.8496 0.8025 0.3012 0.8200 0.3539 0.1861 -0.4240 
2.2568 2.3282 1.8809 1.9078 1.9967 1.9385 1.2875 1.8229 1.6096 1.7566 1.1400 1.4061 0.7490 0.7356 0.4756 0.4770 0.2488 0.4120 0.3325 0.4532 0.3804 0.9576 0.6181 1.1250 0.8945 0.9564 0.2758 0.7928 0.6448 0.3038 -0.0686 -0.1566 -1.3792 
2.1816 2.1050 1.5987 1.4681 1.4805 0.9010 0.6149 1.0473 0.6351 0.3717 0.1172 0.9830 1.4887 1.4963 0.8223 1.1321 1.3507 1.0440 0.6408 1.2625 1.1460 0.5562 -0.3855 -0.2397 -0.1183 0.2408 -0.3586 -0.2390 0.1726 -0.1337 -0.2827 -0.3614 -1.4884 
3.4969 2.9043 2.1915 1.8688 1.9816 2.0565 0.6945 1.4390 0.8332 0.7534 1.4386 0.5374 1.0765 0.7611 0.7247 1.1155 0.9062 1.0342 0.5216 0.4621 0.7916 0.1568 0.9102 0.1088 0.0933 0.5676 -0.2941 0.9048 0.6313 0.2663 0.2953 0.3879 -0.1181 
3.6953 2.4598 2.0793 1.1660 1.7643 1.5973 1.4747 1.7378 1.3772 0.9497 0.9596 0.9345 0.9730 -0.1302 1.5591 1.4022 1.0286 1.3297 1.4164 -0.3483 0.6451 0.4951 0.4418 0.3367 0.6156 0.8935 0.4645 0.4420 0.4166 -0.4080 0.1726 -0.1682 0.0736 
2.8681 2.4234 1.2023 0.6119 1.5126 0.9903 1.1920 1.0940 0.5293 1.2744 1.4639 0.8057 1.3973 1.7205 0.7186 1.5678 1.4585 1.4932 0.5042 1.4820 1.0301 0.3601 0.9347 0.6415 -0.1861 0.2698 0.2259 -0.1496 0.2106 -0.9070 -0.7552 -0.0757 -0.6529 
3.4565 2.2591 1.6731 1.2319 1.4721 1.2423 1.4389 1.4235 0.7983 2.2401 2.0460 1.3913 0.8072 -0.0551 1.0577 0.6905 1.7234 0.5942 0.9152 -0.2821 0.4370 0.9379 1.5180 1.6166 0.0334 0.5451 0.4308 0.0843 0.1674 -0.3294 -0.2478 -0.2996 -0.1417 
0.9539 1.2123 1.6768 1.2079 1.5697 -0.3099 1.5361 1.4434 0.7240 0.9401 1.1939 1.1233 1.2046 1.6264 0.6501 0.9855 0.2151 0.9096 0.4577 1.4151 0.8706 0.7424 0.6878 0.3269 -0.0581 0.5785 0.5384 -1.5438 0.2568 -0.3417 -0.2241 -1.2643 -2.6486 
