4.1015 3.4519 2.8652 3.0725 2.8847 2.5696 2.2101 2.2295 1.8913 1.4514 1.7377 1.3422 0.9729 1.8294 1.7648 1.1287 1.5062 1.0178 1.6046 1.6002 0.6578 0.9252 1.2179 0.8361 1.1932 1.3591 1.2297 1.4424 1.5656 1.5413 0.9845 1.0048 0.6592 
2.6024 3.2242 1.8764 0.2707 2.5066 2.3670 1.7676 2.2321 1.8814 1.8211 1.5353 2.1650 1.7968 0.6742 1.7727 1.5912 1.6114 1.4928 1.6131 0.4387 1.4423 1.7545 1.0567 1.2191 1.1927 1.3713 0.7881 1.2343 1.2193 -1.7310 0.0056 0.8307 -1.2111 
3.5748 3.4787 2.5162 2.3498 2.2928 2.0125 2.0666 1.7706 1.9121 2.3101 1.1661 1.3888 1.8104 0.4966 0.9233 1.4420 1.1681 1.3719 0.7693 0.2245 1.4666 0.9967 0.6401 1.7149 1.2170 0.9097 1.1425 0.8872 0.9562 0.7920 0.6491 1.0695 0.1631 
2.0100 2.9559 2.3160 2.5670 2.2809 0.8906 1.9568 1.4026 1.1802 1.9163 2.2730 2.1334 1.8967 1.4498 0.8307 0.8440 0.9891 0.7767 0.6886 1.2265 1.5832 1.7346 1.7511 1.3147 0.4401 0.6118 1.0195 -0.2134 0.9294 1.0514 0.4331 0.5779 -1.0775 
3.0421 2.3293 1.7310 2.2972 2.4602 1.9541 1.8652 2.2187 1.9563 0.7714 1.3274 1.8970 1.5070 0.8642 0.9926 1.3868 0.8557 1.3185 0.8182 0.6613 1.1977 1.4815 0.8141 0.1869 1.2554 1.3561 0.8871 0.8470 1.1815 0.7467 -0.2435 0.0108 -0.6273 
2.5247 3.1366 2.5861 2.3159 1.9229 1.5238 2.2036 1.9367 1.8361 1.0974 0.6031 1.5458 1.8303 0.7329 1.3333 1.0424 0.8455 0.9358 1.1970 0.5080 1.4940 1.1599 0.0878 0.4688 1.1537 1.1422 1.2252 0.4085 0.6357 0.7423 0.7142 0.7495 -0.7830 
1.8780 3.6414 2.0603 1.9433 0.4135 1.5560 1.2802 0.5362 1.4727 0.9064 1.3811 1.4144 1.9461 1.4732 1.7611 1.7326 1.3523 1.6524 1.5998 1.2433 1.6580 1.0294 0.8697 0.2995 0.7664 -0.3083 0.2998 0.4399 -0.9682 0.4042 0.1545 1.2624 -1.2166 
3.8525 3.4548 2.4015 1.9155 1.5959 2.5591 2.5075 1.9662 1.1122 1.6130 0.3206 1.9570 1.2234 1.8102 1.7184 1.0765 0.6577 0.9691 1.5269 1.5673 0.8824 1.5645 -0.1462 0.9907 0.3751 1.1712 1.5500 1.4418 0.2679 0.3749 0.5227 1.0094 0.3376 
3.0326 3.2814 2.5187 1.6163 1.8798 1.9090 1.2608 2.0444 1.9554 1.4329 1.1573 1.4986 1.7720 1.8175 1.1879 0.3230 0.3608 0.2555 1.0069 1.5798 1.4162 1.1339 0.6302 0.8205 1.2600 1.2361 0.2749 0.7751 0.6209 0.0363 0.6461 0.8878 -0.4598 
3.2348 3.1860 2.8044 2.8382 1.5828 1.6709 1.7283 2.4759 1.7271 2.3461 1.9866 1.2346 2.0360 1.7814 1.2964 1.6596 1.5853 1.5578 1.1678 1.5247 1.7418 0.8122 1.4831 1.7482 0.9848 1.6800 0.7277 0.5635 0.2338 1.2579 0.9033 0.7617 -0.2727 
3.0159 2.4211 2.6951 1.9459 2.4306 1.7305 1.2135 1.2212 2.0368 0.6008 1.8746 1.4656 1.6463 0.2410 1.7084 1.7094 0.9775 1.6097 1.5110 0.0221 1.2935 1.0892 1.3649 0.0287 1.3280 0.3858 0.2349 0.6010 1.1565 0.4154 0.8169 0.0568 -0.4265 
3.0383 3.3913 2.9441 2.8366 2.8441 2.2759 2.3219 2.0261 2.2996 1.8879 1.4418 1.4726 0.7969 1.9553 1.4774 1.9285 -0.4324 1.8502 1.3261 1.7515 0.5031 1.0983 0.9430 1.2792 1.5705 1.2170 1.3371 1.1544 1.5015 1.2543 1.0809 0.9806 -0.4107 
4.3725 4.0793 4.2963 3.7136 4.6572 5.1954 2.9525 3.1042 1.9631 3.0252 2.7329 2.9788 2.9748 1.7038 2.3550 3.2043 2.6638 3.1131 2.2080 1.4366 2.6401 2.5556 2.2527 2.4246 1.2495 2.3244 1.9336 4.0734 3.3890 2.2464 2.4131 1.7222 0.9494 
4.8062 3.6499 3.0729 2.6273 3.2538 2.3824 1.9787 1.7225 1.3111 2.1178 1.7426 1.1829 1.6639 1.7557 1.4988 1.7523 2.0548 1.6880 1.3439 1.4880 1.3051 0.7439 1.2200 1.4992 0.6182 0.8407 1.0481 1.2634 1.9338 1.1200 1.2164 1.1880 1.3214 
0.3604 3.0835 3.4376 2.9654 2.9485 3.0216 2.1793 2.0951 2.0045 1.7813 1.7111 1.6539 1.3234 1.2137 1.4113 0.7373 0.6910 0.6599 1.2683 0.9580 1.0141 1.2187 1.1928 1.1787 1.3026 1.2673 1.2034 1.8991 1.6716 1.3928 1.5463 0.7115 -1.7526 
4.8721 3.7969 2.6984 2.8400 2.1053 1.7142 2.6819 1.7457 2.3409 1.8058 1.1502 2.3484 1.6945 2.3261 1.2582 0.7957 0.6323 0.7129 1.1216 2.0630 1.3332 1.9211 0.6267 1.2096 1.6389 0.8834 1.7359 0.5894 0.8025 1.2544 0.8309 1.3426 1.3831 
5.0163 4.6530 4.6222 5.1684 5.1164 4.5484 3.7910 2.8945 3.2534 2.1476 2.2070 2.8287 2.6609 2.0438 2.3227 2.3982 2.5650 2.3335 2.1637 1.8197 2.3431 2.3845 1.7176 1.5574 2.5164 2.0573 2.8501 3.4225 3.7822 3.6144 2.7932 2.2609 1.5130 
5.1054 3.5956 3.2319 2.9374 2.7503 2.8400 1.3431 1.4348 1.7176 1.4690 1.2871 0.6521 1.6913 1.7734 1.9522 1.7823 -0.0633 1.7188 1.8169 1.5320 1.3412 0.2246 0.8100 0.8870 0.9658 0.6110 0.2795 1.7180 1.4057 1.4029 1.2881 1.3300 1.5662 
4.9871 4.9903 4.2906 3.9424 3.9457 3.5237 3.4181 3.3405 3.3546 3.3913 3.1462 2.9862 2.8618 2.9008 2.6982 2.8106 2.7482 2.7077 2.5141 2.6437 2.5047 2.5581 2.6464 2.7726 2.6032 2.4774 2.4246 2.4007 2.5916 2.3678 2.4256 2.5377 1.4798 
4.5701 3.8687 3.5532 3.0022 1.7738 3.1565 2.9353 2.4345 2.3924 2.1443 2.3861 2.3232 2.6052 2.4633 2.3468 1.9206 1.7855 1.8448 2.1953 2.2632 2.3080 1.8870 1.8729 1.5264 1.7105 1.6173 1.9506 2.0355 0.5078 1.4396 1.7076 1.3795 1.0329 
4.2482 3.3166 2.5569 2.4812 2.3149 1.9475 2.5173 1.6241 2.3440 1.9115 2.0493 1.8115 1.8903 1.1559 2.2276 1.4228 0.7142 1.3482 2.0280 0.8971 1.5750 1.3796 1.5629 1.3004 1.6528 0.7420 1.5813 0.8486 1.0359 0.9234 0.7470 1.0024 0.7251 
4.1413 3.4364 2.5590 2.4317 2.6288 1.7527 2.4810 1.6753 2.2743 2.1967 1.9048 1.6884 2.0970 1.8532 1.9113 1.6572 1.9795 1.5560 1.7694 1.6346 1.7827 1.2417 1.3891 1.5769 1.5277 0.7935 1.5193 0.6363 1.3211 0.8736 0.7024 0.9367 0.6509 
4.5747 2.7032 2.6456 2.3351 2.6565 1.6450 1.6968 2.2014 0.9457 1.8405 2.1416 1.8909 1.7909 1.5667 1.1408 1.7096 0.5654 1.6079 0.9497 1.3210 1.4423 1.4737 1.6522 1.2405 0.2357 1.3410 0.6923 0.5452 1.3471 0.7597 0.7331 0.2625 1.0655 
4.3707 3.1083 2.8710 2.8134 2.3694 1.7870 0.6544 1.6686 1.7178 0.0596 1.4720 1.4211 0.4213 1.7080 1.6532 2.1069 1.7332 2.0119 1.4552 1.4117 0.0893 1.0268 0.9710 -0.5210 0.9805 0.7941 -0.3527 0.6656 1.0528 1.2387 1.0223 0.6809 0.8369 
4.4906 3.4033 2.7654 2.8282 2.4877 1.8153 2.2370 -0.3459 1.7037 1.1208 1.6659 1.1909 1.2387 1.1696 1.4119 1.3426 1.7370 1.2680 1.2734 0.8943 0.9020 0.7588 1.1600 0.5066 0.9364 -1.0345 1.2392 0.6926 1.2039 1.2509 0.8413 0.8493 0.9467 
4.1085 3.3587 2.1627 1.2474 2.3707 2.2887 2.1131 1.7624 1.9494 1.7553 1.0342 1.5741 1.3386 1.4308 0.0261 1.6266 0.8209 1.5283 -0.1552 1.2135 1.0301 1.1745 0.5358 1.1569 1.2537 0.9060 1.1667 1.1622 1.0916 -0.3726 0.2633 0.9097 0.6588 
4.3671 3.5028 3.5953 3.5165 3.4348 2.3276 2.5993 1.9408 2.7841 1.5720 1.7616 2.6276 2.5661 1.3782 2.3031 2.0876 2.3138 2.0077 2.1211 1.1824 2.2860 2.2644 1.2593 0.9311 2.0230 1.1577 1.6801 1.1987 2.0979 1.9476 1.7390 1.0025 0.7986 
3.8368 3.4983 2.9054 2.3580 2.2506 2.4170 1.9717 2.0421 1.2475 1.7915 0.8879 0.7249 1.7423 1.3320 1.8294 1.3673 0.5899 1.2870 1.7047 1.1378 1.3844 0.2949 0.3910 1.1909 0.5609 1.2293 1.0218 1.2943 0.9040 0.7983 1.0163 1.0993 0.3899 
3.7695 2.8940 2.5851 1.9441 2.4240 1.9407 0.8997 1.2720 1.3401 1.5686 1.7130 1.5566 1.2009 1.3965 -0.3898 1.3402 0.3008 1.2669 -0.5084 1.1890 0.8435 1.1672 1.1911 0.9451 0.6479 0.4482 -0.0356 0.8155 1.1488 0.4291 0.7235 0.4703 0.2985 
4.2098 3.8298 3.0580 2.1911 1.8985 2.1588 0.5976 1.1544 1.7874 2.2597 2.0744 1.9674 0.6921 2.3708 1.4462 0.8525 0.5799 0.7814 1.2951 2.1300 0.3419 1.5771 1.5789 1.6404 1.0853 0.2793 -0.4004 1.0377 0.6176 0.6471 1.1891 1.3774 0.7282 
2.7981 2.8446 0.8277 2.2006 0.9628 1.5939 2.5094 1.7212 2.4587 0.6029 0.5226 1.8319 1.6945 2.0360 1.2040 1.6671 1.7573 1.5663 1.0384 1.8086 1.3293 1.3984 0.0248 -0.0417 1.7641 0.8301 1.5622 0.4618 -0.3493 0.6440 -1.0831 0.3907 -0.5384 
3.9057 2.3049 3.9803 3.5904 3.4098 3.0065 4.2011 4.0253 3.4188 2.7592 3.5437 2.7338 0.5049 2.0842 2.6891 2.9683 2.9194 2.9009 2.5121 1.8449 0.1253 2.3177 3.0327 2.1519 2.6761 3.1690 3.2593 1.8905 2.0807 2.0248 2.0876 -0.1735 0.3879 
5.2351 4.5607 4.3405 3.3679 4.0791 3.1515 4.0344 3.4360 3.2544 3.3962 3.2430 3.0075 3.0377 2.7116 2.6685 2.6333 2.3545 2.5402 2.5028 2.4528 2.7307 2.5808 2.7506 2.7809 2.5170 2.5677 3.0529 2.0535 2.7955 1.8283 2.4570 2.0750 1.7512 
4.6324 3.9220 3.3512 3.4029 2.8077 3.0041 2.8697 2.3294 2.2238 2.2723 2.2570 2.3790 2.3713 2.0717 1.8049 2.0786 2.0764 1.9872 1.6671 1.8360 2.0282 1.9481 1.7398 1.6604 1.4650 1.4785 1.8744 1.8867 1.4407 1.8291 1.4204 1.4083 1.1462 
3.5865 3.5005 3.1123 2.5345 1.9353 2.3378 2.2750 1.4874 1.9740 1.2839 2.2222 0.6459 2.0419 1.7455 1.4931 1.1068 1.8178 1.0111 1.3335 1.4739 1.7464 0.1796 1.7187 0.6864 1.2803 0.6529 1.2770 1.2145 0.6576 1.0111 1.2770 1.1005 0.2235 
4.5417 4.1434 3.8496 3.5053 3.5635 3.1401 2.4075 2.1207 2.3422 1.6643 2.2280 2.2112 2.3487 1.7949 2.3365 2.3444 1.7222 2.2832 2.1816 1.5518 1.9963 1.7841 1.7214 1.0465 1.6370 1.2795 1.4235 2.0115 2.2859 1.9459 1.9484 1.7332 0.9947 
2.9965 3.6246 3.2755 3.0654 2.9533 3.5851 4.1199 4.1601 3.8346 3.0093 3.3929 2.9914 2.0736 2.8694 2.2200 2.5997 2.6854 2.5152 2.0186 2.5958 1.7714 2.5614 2.8702 2.4056 3.0891 3.3622 3.1455 2.4713 1.6618 1.5315 1.3837 1.2347 -0.3036 
2.9402 2.5643 3.0668 1.7170 2.8290 2.0227 2.4314 2.0779 1.9730 1.9242 1.8980 1.2607 1.9130 1.7556 1.2703 1.7197 1.6554 1.6358 1.1481 1.4922 1.6064 0.8247 1.3806 1.3194 1.2819 1.2525 1.4505 0.8831 1.4703 0.1557 1.2144 0.1797 -0.4510 
3.4831 2.9447 2.2361 2.2678 2.3507 1.7338 1.6226 1.2346 1.7993 1.3057 0.9575 1.2530 1.3865 0.8567 1.7322 1.3777 -0.1482 1.3007 1.5489 0.6357 1.1006 0.8257 0.4589 0.6988 1.1091 0.3960 0.6526 0.6074 1.0444 0.6974 0.3281 0.6023 0.0387 
2.8388 3.1183 3.0405 3.1093 2.2171 1.8117 0.8856 1.7438 1.3467 2.1273 2.0638 1.2983 0.8549 1.7352 1.5775 1.5284 0.7613 1.4331 1.3968 1.4535 0.5708 0.8761 1.5635 1.5130 0.6594 0.8742 -0.0689 0.6797 0.8609 1.5866 1.2112 0.7206 -0.5128 
4.3735 3.6512 2.7042 1.3818 0.3274 1.5703 1.7378 2.3768 2.0167 1.2226 1.2291 1.3703 1.8056 0.8390 0.1977 1.3514 1.6329 1.2803 0.0558 0.6332 1.4610 0.9591 0.7110 0.6281 1.3100 1.5404 0.7526 0.4625 -0.9494 -0.1734 0.8124 1.2362 0.8872 
4.1924 3.9263 3.0000 2.7260 2.2944 2.8958 2.4441 2.2769 2.1962 2.5156 1.6137 2.1979 1.8765 1.4916 1.0060 1.4331 0.9779 1.3598 0.8303 1.2554 1.5563 1.7742 1.1238 1.9205 1.4509 1.3942 1.4700 1.7739 0.9603 1.1785 1.1601 1.4347 0.6860 
2.5489 2.5849 3.0913 2.6357 2.2510 1.2654 0.6015 1.0737 1.5054 1.8261 1.8714 1.3746 1.8849 1.7028 1.6015 0.1472 1.3810 0.0831 1.4110 1.4017 1.5690 0.9562 1.3616 1.2242 0.7885 0.2316 -0.4175 0.1294 0.8816 1.1050 1.2434 0.1855 -0.6825 
3.5607 3.6578 3.1939 2.3254 2.4907 1.3558 2.0937 1.2111 1.2000 1.3063 1.9382 0.2994 2.2165 2.3072 2.2692 1.1191 0.5392 1.0015 2.0663 2.0343 1.8641 -0.1173 1.4184 0.7027 0.4828 0.3608 1.1544 0.2599 1.2004 0.7437 1.3127 1.2562 0.0219 
4.1809 2.4629 2.6550 2.5734 2.3694 2.0095 2.3171 2.1101 1.9205 1.3918 2.3221 1.6877 1.4365 1.8918 1.4977 0.7574 0.9327 0.6807 1.3420 1.6903 1.1562 1.2439 1.8037 0.7937 1.2181 1.2701 1.3242 0.8714 1.0611 1.0333 0.7435 -0.2833 0.6526 
3.0214 3.0653 3.0906 2.3259 1.6224 2.5690 0.2457 1.2333 1.9106 0.7999 1.2038 1.7771 1.9511 1.5130 -1.1688 1.8243 1.2611 1.7602 -1.4194 1.2728 1.6677 1.3478 0.6874 0.1793 1.2125 0.3934 -0.6720 1.4478 0.3008 0.7472 1.2386 0.6695 -0.5803 
2.8742 3.2587 3.4335 2.6413 2.9011 2.5049 1.9419 2.2766 2.2635 2.1570 1.1044 1.7926 1.3790 1.5643 -0.2196 1.4403 0.2659 1.3702 -0.3408 1.3139 1.0740 1.3646 0.6038 1.5347 1.5015 1.3963 0.9700 1.3806 1.5920 1.1345 1.5420 0.8372 -0.7186 
4.1071 3.0545 2.9304 2.5251 1.9527 2.4143 1.7184 2.0166 1.1310 2.2812 2.3642 2.1998 2.4474 1.8412 1.5305 1.5162 1.7499 1.4262 1.3659 1.6099 2.1320 1.7729 1.8506 1.6751 0.3932 1.2080 0.7145 1.2942 0.6758 0.9958 1.0816 0.5998 0.6436 
3.3052 2.5205 2.6556 2.0197 2.4656 1.3888 1.7956 2.0672 1.8552 2.4370 1.7061 1.0125 1.8738 1.2010 1.6591 1.8287 2.1443 1.7651 1.4602 0.9294 1.5549 0.6126 1.1812 1.8341 1.1694 1.2431 0.8151 0.2511 1.1844 0.4893 0.7528 0.2319 -0.3015 
4.1926 3.6173 2.0661 2.5602 2.2952 1.1249 1.4628 2.2548 2.1335 2.3875 1.4867 1.3641 1.5626 1.0217 1.6343 1.7260 1.7456 1.6406 1.4377 0.7627 1.2377 0.9408 0.9998 1.7857 1.3922 1.3822 0.5405 -0.0422 0.9563 1.0427 0.2289 1.1933 0.7337 
2.0747 3.6381 3.0076 2.1184 2.0180 2.6909 1.0330 2.1202 1.9497 2.3193 1.5545 2.3329 1.7330 1.7034 1.4858 1.8607 2.1723 1.7932 1.3307 1.4046 1.3759 1.9001 1.0619 1.7236 1.2540 1.2833 0.0410 1.5682 0.7346 0.6006 1.1476 1.2545 -0.8703 
3.3898 2.9534 2.5343 1.9943 1.8271 1.7793 2.0693 1.4493 1.9002 1.0584 1.3852 1.3238 1.2712 1.2530 1.7507 1.3118 0.3266 1.2383 1.5846 1.0043 0.9415 0.8996 0.8770 0.4520 1.2049 0.6468 1.1413 0.6608 0.5485 0.4510 0.7228 0.6074 -0.2484 
2.5542 2.3639 2.2583 2.3638 1.7077 2.1745 1.8034 1.3814 1.8715 1.2459 1.2489 1.4645 1.3269 0.9172 0.1366 0.8368 0.4437 0.7716 0.0219 0.6844 1.0033 1.0950 0.7439 0.6422 1.1773 0.5907 0.8217 1.0596 0.3501 0.7899 0.3544 0.0269 -1.1902 
3.0941 3.0293 3.5743 2.8664 2.2092 2.9355 2.6407 2.8781 3.1729 3.2166 2.5414 2.8277 2.2037 1.9084 2.1422 1.4707 1.5659 1.3891 1.9545 1.7082 1.8506 2.3805 2.0369 2.6014 2.4624 2.0184 1.7054 1.8152 0.8467 1.2662 1.7363 0.7079 -0.4827 
3.9580 2.9503 3.1264 0.9049 3.4006 3.2524 2.9460 3.0119 2.5685 2.2664 2.3471 2.0274 1.4993 2.0944 1.9879 1.7575 1.4782 1.6999 1.8454 1.8490 1.1878 1.6454 1.8320 1.6487 1.8603 2.2058 1.9540 2.1296 2.0621 -0.4742 1.2538 0.6304 0.3107 
4.8188 3.8610 3.9696 3.9087 3.9604 3.4868 3.0731 3.1999 3.4752 2.2629 2.7212 1.9930 1.3789 1.2274 2.5593 2.2775 -0.8191 2.1881 2.4121 0.9855 1.0843 1.6049 2.2239 1.6559 2.7778 2.3706 2.1146 2.3755 2.6063 2.3516 2.0709 1.3963 1.3571 
3.4564 0.5842 3.1988 2.4081 3.0730 2.8794 2.6836 1.8923 2.0165 2.3508 1.4243 -0.1648 1.7314 1.1948 2.2253 2.0392 2.1372 1.9525 2.0268 0.9321 1.3714 -0.4756 0.9176 1.7526 1.3174 1.0762 1.7365 1.7574 1.7858 0.8801 1.3224 -1.9007 -0.0055 
2.5948 3.4822 3.3032 2.6799 2.3924 2.2023 2.0497 2.9351 2.4539 2.0989 1.7794 2.4087 2.1940 2.4708 2.1511 0.9467 1.1502 0.8482 1.9598 2.2690 1.8466 1.9775 1.2680 1.4803 1.7579 2.0986 1.1402 1.0862 1.1042 1.1576 1.3885 1.0937 -0.5127 
4.0880 3.4588 3.3744 2.5837 3.1228 2.7647 1.8920 0.6162 1.9003 1.8876 1.2895 2.1628 2.2361 2.1390 0.9656 0.1529 0.6680 0.0877 0.7957 1.8853 1.8748 1.7553 0.7854 1.2854 1.2041 -0.2864 0.9172 1.6352 1.8294 1.0574 1.4410 0.9958 0.5772 
1.1264 3.3307 2.2407 2.5568 1.7570 2.2875 2.1274 2.4130 2.3828 2.5192 2.4279 1.0286 2.1916 1.6540 1.6889 1.4301 1.7079 1.3611 1.4848 1.3772 1.8431 0.6168 1.9164 1.9233 1.7047 1.5959 1.1812 1.1726 0.4045 1.0310 0.4323 0.8984 -1.2405 
1.7510 2.9861 3.0930 2.8553 2.4118 2.3721 2.4448 2.4539 -0.7062 2.3412 1.8732 1.1477 0.5092 1.7100 1.9764 1.8154 1.7353 1.7500 1.8374 1.4230 0.1719 0.7090 1.3683 1.7407 -1.3517 1.6409 1.4752 1.2584 1.1168 1.2735 1.2698 0.6062 -0.8859 
4.6537 4.1839 4.1468 3.6588 4.0213 4.3686 2.9172 4.8346 5.2783 5.1938 4.5557 3.8208 3.9003 1.7788 3.4074 2.1409 3.3164 2.0354 3.2164 1.5309 3.5450 3.4242 4.0328 4.5931 4.5824 4.0288 1.9315 3.2454 2.7222 2.1221 2.3014 1.7568 1.1417 
3.3855 2.5476 3.4700 2.7898 3.8036 4.2929 4.2350 2.8369 2.5491 0.6021 3.0911 2.9335 2.3433 1.1507 1.9316 1.0628 1.9490 0.9501 1.7861 0.8340 1.9818 2.5061 2.5923 -0.2184 1.8504 1.9423 3.2982 3.1742 2.4932 1.1925 1.5959 0.2619 -0.1803 
0.5374 3.7471 3.0988 2.9700 2.7582 3.0030 2.6561 2.5817 2.6172 2.0110 1.6026 2.0520 1.7509 1.7596 1.9907 2.1246 0.6413 2.0284 1.8491 1.5011 1.3894 1.6747 1.0842 1.3994 1.8988 1.7744 1.7194 1.8829 1.4201 1.4184 1.2574 1.3696 -1.4909 
3.9166 3.0106 3.2423 3.1025 3.0591 2.8518 1.9398 1.7909 2.5235 1.9947 1.7555 1.7137 1.5910 1.3730 1.1903 0.7376 0.0987 0.6717 1.0147 1.1658 1.2539 1.2668 1.2415 1.3867 1.8310 0.9438 0.9790 1.7230 1.7729 1.5713 1.3780 0.5780 0.4387 
3.6454 3.3327 2.4198 2.3324 3.1688 2.5139 2.9311 2.4810 1.5957 0.8274 0.8115 0.4435 1.3089 1.2089 1.2226 0.1566 0.9150 0.0969 1.0745 0.9487 0.9839 0.0526 0.2809 0.2242 0.8508 1.6848 1.9468 1.3871 1.8687 0.7853 0.5779 0.9335 0.1877 
3.4723 3.8846 3.0294 2.5945 2.9042 1.8048 2.3117 1.5044 2.1805 2.4113 1.7399 1.8844 1.8516 1.8740 2.0718 1.8987 2.2694 1.8285 1.9105 1.6649 1.5260 1.4628 1.2190 1.8096 1.4408 0.6846 1.3179 0.6747 1.5998 1.0660 1.1814 1.4366 -0.0218 
3.3949 3.2081 2.9996 2.4405 1.8675 2.2694 1.8683 1.7730 2.2947 1.7165 0.7550 1.4492 1.7225 2.0841 1.8755 1.2316 0.0484 1.1682 1.7398 1.8427 1.3649 1.0733 0.2400 1.1038 1.5591 0.9199 0.8999 1.1457 0.5814 0.8838 1.1545 0.8020 -0.0325 
3.4327 3.5441 3.1393 2.3588 2.9375 2.0469 2.8110 2.7067 1.9459 2.2932 2.2508 1.1109 1.5183 1.8197 1.9120 0.8351 1.5845 0.7579 1.7708 1.5834 1.2105 0.6630 1.7322 1.6994 1.2420 1.8596 1.8178 0.9131 1.6548 0.7826 1.2798 1.1570 -0.1455 
4.5138 3.8333 3.1112 2.1677 2.7256 2.4819 2.5041 2.1972 2.1973 2.4681 1.6665 1.9418 1.8262 1.7642 1.3838 1.3945 1.9313 1.3359 1.2366 1.5000 1.4868 1.5367 1.1517 1.8634 1.4532 1.3397 1.5514 1.3560 1.3929 0.6226 1.2540 1.3617 0.9842 
4.2026 2.7777 2.2960 0.4583 -0.0076 1.6138 2.2306 1.1591 1.6663 1.9993 1.5564 1.9294 1.9950 1.1806 1.2479 1.2576 -3.0704 1.1908 1.1132 0.8973 1.7146 1.5154 1.0670 1.3905 0.9123 0.2852 1.2369 0.5053 -1.4643 -1.0788 0.4242 0.3129 0.7248 
3.4309 3.0509 2.0547 2.0127 2.9993 2.4384 2.0684 -0.5168 1.3499 1.6842 1.7619 1.5408 1.8330 1.7375 0.1570 0.9371 1.3170 0.8470 0.0211 1.4586 1.4983 1.1566 1.2411 1.0608 0.6613 -1.2449 1.1326 1.3060 1.7267 0.5500 0.1246 0.7069 -0.0923 
4.1919 3.3126 2.4076 2.8093 1.7554 2.5783 1.6915 2.6911 1.8175 1.8516 2.4539 2.2437 -0.1626 1.9192 1.9679 1.3988 0.8682 1.3295 1.8270 1.7159 -0.4806 1.8013 1.9445 1.2501 1.1453 1.8536 0.6915 1.4597 0.4200 1.2236 0.5299 0.7822 0.6722 
2.6234 3.3190 2.7283 1.9417 2.5862 2.4989 1.7505 1.2115 1.6515 1.2167 0.7327 1.1601 0.8115 0.5703 1.3388 1.2614 0.6995 1.1948 1.1991 0.2700 0.5180 0.7112 0.2224 0.6182 0.8987 0.3513 0.7472 1.3739 1.2906 0.3945 0.8246 0.8983 -0.7610 
4.5509 4.0590 3.3711 3.1367 2.8344 1.8649 2.6346 2.8412 2.0765 2.2236 2.3145 1.8439 2.3789 1.8652 1.3575 -0.2306 0.7028 -0.3060 1.2093 1.6514 2.0360 1.4202 1.7931 1.6041 1.3615 1.9559 1.7115 0.7449 1.4788 1.6267 1.4384 1.6334 1.0371 
4.4147 2.9552 1.4556 2.2054 1.2812 2.3529 1.0109 1.9120 1.3748 1.7254 1.7857 1.5069 1.2413 0.7014 1.7923 1.2662 1.6498 1.1944 1.6533 0.4941 0.8887 1.1405 1.2744 1.1313 0.6918 1.1287 0.0688 1.2427 0.0270 0.6440 -0.5599 0.5814 0.8724 
2.3974 3.3971 2.7509 2.7070 1.3888 2.2424 1.9387 1.3768 1.1743 0.8140 0.2492 1.7279 0.7090 1.3140 1.4909 0.6953 1.7387 0.6348 1.3349 1.1155 0.3735 1.2894 -0.2134 0.2289 0.4287 0.5800 0.9603 1.1156 0.1277 1.1655 0.8377 0.9738 -0.8667 
3.4562 2.8794 2.7122 2.9088 1.8867 1.7479 1.6662 2.2473 2.3997 1.2942 1.2336 1.9659 1.2646 1.6931 1.2650 1.2010 0.3066 1.1406 1.1406 1.3981 0.9219 1.5773 0.7214 0.6863 1.7154 1.3785 0.6809 0.6235 0.6015 1.3457 0.8265 0.4006 -0.0513 
3.3367 3.6570 2.7163 2.7066 2.1225 2.0245 2.2360 1.6011 1.8408 2.1380 1.7022 0.6467 1.6233 1.7410 1.6048 1.0645 1.8252 0.9794 1.4092 1.4667 1.2797 0.2346 1.1749 1.5205 1.1624 0.7423 1.2436 0.9139 0.7907 1.1812 0.7985 1.2648 -0.2361 
4.2846 3.9695 2.8460 2.4522 1.9275 2.0533 1.6717 1.4721 1.9737 2.2790 0.5517 1.4530 2.0128 1.6027 1.1261 0.8195 0.1120 0.7428 0.9214 1.3413 1.7273 1.0769 0.0233 1.6720 1.2758 0.6576 0.6897 0.9243 0.6351 0.8998 0.8949 1.4917 0.7868 
4.6445 3.4662 2.8599 2.3073 1.9440 2.5538 2.3068 2.0158 2.1028 1.4194 1.2235 1.5163 1.9842 1.7321 1.1028 1.4226 1.9709 1.3542 0.9027 1.4525 1.7089 1.1411 0.7124 0.8174 1.3836 1.2107 1.3149 1.4270 0.6787 0.7071 0.9976 0.9507 1.1586 
2.8662 3.4347 2.7893 2.8500 2.9137 2.7301 0.7655 2.1116 2.4510 2.0938 1.9498 1.9551 1.9701 1.7010 1.3031 1.4404 1.7434 1.3727 1.1756 1.3986 1.6977 1.5636 1.4438 1.4726 1.7582 1.2786 -0.1841 1.6046 1.6148 1.2741 0.8869 0.9931 -0.9158 
3.6012 3.2749 2.0696 2.4899 0.2056 1.6036 1.8445 2.0518 1.7039 1.7345 1.3834 1.7179 1.8979 1.7366 1.5024 0.9196 1.6123 0.8302 1.3423 1.4565 1.5832 1.2762 0.8654 1.1403 0.9454 1.2330 0.8609 0.4852 -0.9996 0.9343 0.2261 0.8390 0.2011 
4.4076 3.8701 3.6854 3.0487 3.0587 2.4041 2.6638 2.7359 1.2471 2.0461 2.2814 2.4470 1.5031 2.3920 1.7354 1.7822 1.6501 1.7216 1.5500 2.1608 1.2043 2.0228 1.7602 1.4339 0.5664 1.8822 1.7245 1.2847 1.7650 1.5068 1.8209 1.3909 0.8493 
4.1714 3.8761 3.2377 1.7222 2.5249 1.9500 1.9049 2.2234 1.9035 1.8248 1.2551 2.0198 1.7919 1.6259 1.7917 1.1610 1.1981 1.0798 1.6444 1.3635 1.4377 1.6413 0.7368 1.2239 1.2056 1.3572 0.9441 0.8229 1.2419 0.1152 1.3434 1.4042 0.6727 
3.4979 2.7426 2.3499 0.5298 1.8052 2.3497 1.7779 1.4202 1.3075 1.3962 1.7545 1.0361 1.8104 1.6381 1.4107 1.8092 1.1139 1.7457 1.2745 1.3640 1.4706 0.6374 1.2350 0.8093 0.6157 0.6323 0.7903 1.2294 0.5383 -0.9176 0.5006 0.3482 0.0369 
3.4018 3.2011 2.9884 1.7618 1.9714 1.6616 0.6871 1.2543 1.8885 1.2163 1.6084 1.2947 1.8874 1.0271 0.8207 1.6463 -2.2039 1.5463 0.6674 0.7700 1.5732 0.8590 1.1218 0.6174 1.1949 0.4280 -0.3026 0.5255 0.6819 0.1998 1.1482 0.7760 -0.0836 
4.2807 3.6299 1.7973 2.1443 1.4010 1.9388 1.9411 2.0536 1.6347 0.6953 1.3959 0.8926 2.1677 1.8985 0.9869 1.3810 0.7624 1.3029 0.8234 1.6925 1.8309 0.5022 0.8929 0.1091 0.8839 1.2353 0.9877 0.8185 0.1081 0.6145 -0.1264 1.2032 0.8103 
4.2380 3.8269 3.4462 2.9860 2.6686 2.2856 2.1583 1.8430 1.7840 1.9676 2.2805 2.0312 1.8781 1.9452 1.7366 1.6644 0.7075 1.5575 1.5555 1.7358 1.5578 1.6506 1.7585 1.3765 1.0898 1.0143 1.1948 1.1669 1.3500 1.4228 1.5598 1.3735 0.7441 
4.6475 3.9309 2.8775 3.0878 2.2531 2.1910 2.2720 2.3811 2.1479 2.3609 2.0315 2.2743 2.3144 1.7490 1.9917 0.7858 1.7586 0.7165 1.8455 1.4773 1.9521 1.8296 1.5306 1.7639 1.4033 1.5474 1.2714 1.0765 0.8812 1.5688 0.9791 1.4246 1.1874 
2.9401 3.4908 2.8939 2.3219 2.3678 2.6751 2.3930 2.4840 2.2497 2.3308 1.9677 2.2671 0.9055 1.6920 0.3257 1.5252 1.1343 1.4339 0.1783 1.3936 0.6094 1.8159 1.4674 1.7323 1.4992 1.6884 1.4044 1.5630 1.0687 0.7607 1.0002 1.0931 -0.8247 
3.9167 3.5394 2.4775 2.5392 2.9273 2.4961 1.8851 1.9774 1.8446 1.8225 0.5112 2.2144 2.0625 1.2190 1.3748 1.5266 1.3241 1.4344 1.2279 0.9625 1.7565 1.7860 0.0377 1.2224 1.1603 1.1821 0.9120 1.3709 1.6325 1.0236 0.6342 1.1403 0.4236 
3.7227 2.4862 2.7608 1.8523 1.4833 2.3616 2.5027 1.3328 0.2072 0.8228 1.2849 1.7514 1.9233 1.8359 1.0414 -0.3021 0.9723 -0.3697 0.8442 1.6059 1.6177 1.3165 0.7769 0.2207 -0.5063 0.5261 1.5374 1.2460 0.1858 0.2682 0.8599 0.0297 0.2599 
3.7253 3.8948 3.0941 2.6691 3.0547 2.6461 2.2940 2.0174 1.8205 1.8205 2.5080 1.9135 0.9575 1.9671 2.0137 1.3256 0.3443 1.2524 1.8632 1.7591 0.6481 1.4972 1.9940 1.2241 1.1442 1.2096 1.2964 1.5199 1.7658 1.1479 1.2338 1.4285 0.1456 
2.7295 3.4144 2.7592 2.2400 2.2396 1.6573 1.9039 1.9543 1.6446 1.7698 1.9091 1.1158 2.0169 1.3388 1.6569 0.5812 1.2826 0.4891 1.4586 1.1312 1.7314 0.6727 1.3899 1.1718 0.8955 1.1635 0.9352 0.5533 0.8757 0.6897 0.8229 0.9893 -0.6414 
4.1931 2.9345 2.5045 2.7073 2.0071 1.5812 1.3929 2.2627 1.9401 2.0516 2.0243 1.9264 1.7670 1.1531 0.7018 0.9757 -0.9701 0.8854 0.5685 0.8558 1.4066 1.5186 1.5282 1.4385 1.2329 1.3811 0.4379 0.4810 0.6965 1.1631 0.6617 0.5218 0.6948 
4.8135 3.1180 2.9504 2.4572 2.2825 2.2757 2.5117 1.6827 1.3839 0.9859 2.0525 1.8154 1.8461 1.0087 0.1624 1.2714 1.8278 1.2001 0.0573 0.7646 1.5186 1.3854 1.5540 0.3640 0.6827 0.8016 1.5567 1.1480 0.9270 0.9116 1.0570 0.4666 1.2959 
5.4574 4.3667 3.5235 3.2605 2.7723 2.7606 2.2638 2.3575 1.4406 2.0822 2.4653 1.8851 1.8208 1.7603 2.0672 1.6818 1.0273 1.5878 1.9083 1.4904 1.4814 1.4658 1.9494 1.4623 0.7340 1.5098 1.2590 1.6347 1.4183 1.7293 1.6586 1.8551 1.9424 
2.8681 4.2432 3.7696 3.4634 3.5074 3.0019 2.7266 2.5582 2.5729 2.6900 2.7489 2.7910 2.5163 2.3766 2.4486 2.4177 2.4142 2.3489 2.3127 2.1381 2.2360 2.3558 2.2629 2.0734 1.8743 1.7568 1.7625 1.8781 2.2228 1.9111 1.8942 1.8599 -0.8182 
