2.5362 2.0370 2.3387 1.9347 2.1236 1.9698 1.2087 0.3594 0.9909 0.4560 -0.6483 1.2753 1.6660 0.8876 1.2303 1.2261 -2.0263 1.1178 1.0158 0.6440 1.3545 0.8047 -1.1563 -0.2247 0.2160 -0.5138 0.1401 0.7218 0.7110 0.2026 0.2668 -0.6577 -1.4081 
3.6541 2.6272 2.1129 1.5766 2.0262 1.0368 1.4718 1.3926 0.9760 1.0523 -0.3164 0.8495 -0.1931 0.9328 0.9806 0.8308 1.3556 0.7618 0.8161 0.7065 -0.4986 0.3657 -0.9055 0.3686 0.1974 0.4192 0.3783 -0.2276 0.5572 -0.1344 0.0489 -0.1740 -0.2614 
2.8622 2.5522 1.8478 1.6020 1.2771 1.5662 1.0899 -1.3160 1.5274 0.2637 0.5885 0.8040 0.1006 -0.5428 0.9394 -0.0685 -0.1555 -0.1724 0.7847 -0.8791 -0.2910 0.3196 0.0393 -0.4186 0.7637 -2.1289 0.0582 0.3188 -0.2330 -0.1042 -0.2612 -0.1855 -0.9586 
1.9442 2.2411 1.1752 0.7765 1.3863 1.0880 1.4907 0.8683 1.3806 1.6297 0.5901 1.6726 1.2755 0.8159 0.7774 1.2910 0.8975 1.1743 0.5966 0.5429 0.8804 1.2490 0.0532 0.9670 0.5728 -0.0288 0.3988 -0.1610 -0.0787 -0.9771 -0.9230 -0.4207 -1.7029 
2.0912 1.5907 1.7371 1.5215 2.4672 1.9912 0.8684 1.3863 1.3313 1.3484 1.3908 1.3807 1.4915 1.6171 1.1993 1.0248 -0.0688 0.9506 0.9925 1.3883 1.1223 0.8939 0.8116 0.6693 0.4894 0.4229 -0.2293 0.7400 0.9887 -0.1780 -0.3619 -1.0466 -1.9354 
3.6169 2.6641 2.2140 1.7646 2.0436 0.7663 1.2599 1.7940 1.8650 2.1076 1.6037 1.0806 1.6259 0.6111 1.4711 1.0826 0.8545 0.9904 1.3297 0.3115 1.3213 0.6451 1.0283 1.4404 1.0404 0.8695 0.1801 -0.4867 0.5859 0.1009 0.1445 -0.0973 -0.2859 
3.3471 2.3523 2.0223 1.6948 2.2115 1.3746 1.2901 1.9578 1.5470 1.8067 -0.1073 0.2732 1.2806 0.8466 1.5593 0.9893 0.3384 0.9101 1.4042 0.5924 0.8876 -0.2018 -0.7049 1.1232 0.7800 0.9828 0.1924 0.1180 0.7786 -0.0052 -0.1120 -0.3882 -0.5926 
3.3896 2.4745 2.2290 1.9014 2.2054 2.5163 2.2210 -0.5037 0.9692 1.7226 1.3516 0.6097 0.8576 1.1835 0.1393 0.4606 0.9056 0.3685 -0.0612 0.9051 0.4870 0.1551 0.7683 1.0438 0.1884 -1.5081 1.1475 1.2722 0.7798 0.1624 0.1743 -0.3088 -0.4786 
2.7025 2.2443 1.9310 0.1536 1.6243 1.6756 1.2943 0.4606 0.0689 1.1847 0.7745 0.1934 1.1215 1.4114 1.5457 1.2792 1.3322 1.1653 1.3929 1.1216 0.7843 -0.2791 0.1942 0.4999 -0.7839 -0.4327 0.1920 0.4304 0.2034 -1.5451 -0.2102 -0.4332 -1.1833 
3.5172 2.7605 2.4828 1.9486 1.0148 1.9525 1.0628 -0.2607 0.7996 1.5097 1.0842 1.1950 1.5372 1.8300 1.0380 1.5138 1.8574 1.4413 0.8688 1.5471 1.1883 0.7593 0.5247 0.8452 0.0206 -1.1511 0.0513 0.7041 -0.3793 0.1911 0.3720 0.0769 -0.3413 
3.9113 3.0309 2.4087 2.0995 0.0648 1.2527 1.0996 0.8555 1.2152 0.0435 1.2236 0.9997 0.7257 0.9439 0.8117 1.0587 -1.8357 0.9802 0.6440 0.7230 0.3177 0.5678 0.6829 -0.6785 0.3977 -0.0621 0.0851 0.0153 -1.4612 0.3642 0.3073 0.2819 0.0247 
3.0064 1.8701 1.1475 1.7384 2.0930 1.1398 0.2344 1.4924 1.4098 1.6025 -0.0814 1.2607 0.9221 0.5659 -0.4628 -0.3789 -0.4153 -0.4452 -0.6398 0.2895 0.5659 0.7909 -0.6097 0.9276 0.6225 0.5812 -0.8443 -0.1325 0.6659 0.0958 -0.9142 -0.9655 -0.9478 
3.3204 2.3366 2.0351 2.2342 1.5084 1.4018 0.9895 1.1722 0.2223 1.3136 1.5811 1.4801 2.0726 1.9586 1.4093 1.3789 -1.0242 1.2980 1.2262 1.6277 1.6897 0.9954 1.0017 0.6275 -0.5276 0.2418 -0.0553 0.1533 0.0931 0.5287 -0.0636 -0.4052 -0.5829 
1.3209 1.7257 0.9894 0.9881 0.8057 1.8547 0.9613 0.6686 0.8823 1.0000 0.4286 1.0225 -0.1865 0.1618 0.8210 0.2075 0.9472 0.1477 0.6609 -0.1171 -0.5135 0.5956 -0.1385 0.3447 0.1188 -0.3022 -0.0935 0.6047 -0.6141 -0.7254 -1.0490 -0.9294 -2.4160 
2.6753 2.2324 1.7139 2.0122 1.6317 1.6844 2.1542 1.5745 1.0122 2.0125 0.9916 -0.0811 0.7709 0.9513 0.6661 0.5635 -2.0612 0.4551 0.4519 0.7239 0.3698 -0.5044 0.4211 1.3519 0.2438 0.6839 1.0713 0.4446 0.1997 0.2725 -0.3552 -0.4622 -1.2629 
2.1319 2.0458 2.0035 1.8656 1.4740 1.4164 1.8039 1.8590 1.3563 0.9876 0.2193 1.0977 1.2664 0.9232 0.8591 -0.6979 0.0370 -0.8151 0.7186 0.6943 0.8791 0.6814 -0.3520 0.3192 0.5237 0.9132 0.7537 0.1721 0.0479 0.1485 -0.1086 -0.6353 -1.7650 
2.1098 1.5947 1.6850 1.5533 1.4232 1.5017 1.4910 1.0114 0.9335 0.4771 1.6388 1.0999 -0.3363 1.2714 1.5215 1.7212 1.0208 1.6227 1.3768 0.9708 -0.7239 0.6706 1.0840 -0.1846 0.1556 0.1328 0.4018 0.2606 -0.0465 -0.1526 -0.4034 -1.0460 -1.6777 
2.4223 2.5988 2.6162 2.1654 1.8141 0.5408 1.5803 0.7306 1.4393 1.1301 0.3233 0.9288 0.7638 0.6580 1.0686 0.3566 0.7349 0.2606 0.9035 0.3558 0.3688 0.4601 -0.2439 0.4451 0.6634 -0.2616 0.5067 -0.7470 0.3404 0.4322 0.5038 -0.1099 -1.5008 
2.8455 1.2720 -0.3163 1.6330 0.0991 0.4816 1.4489 -0.2785 0.8506 1.2366 1.3803 0.7497 0.6328 0.5936 0.4385 0.6921 0.3678 0.5782 0.2739 0.3026 0.2548 0.2678 0.7975 0.5627 0.0827 -1.1519 0.3590 -0.7804 -1.3501 -0.0773 -2.0814 -1.1959 -1.0843 
2.6810 1.5376 1.7480 1.5794 -0.2627 1.0937 1.4028 0.3844 1.6726 1.3642 1.4009 1.3410 0.6455 1.8813 1.0706 1.1423 0.9578 1.0395 0.8990 1.5856 0.2675 0.8401 0.8282 0.6871 0.8955 -0.4998 0.3077 -0.1493 -1.6606 -0.1492 -0.3219 -1.2261 -1.1897 
2.3557 1.8800 1.4701 1.5534 1.2772 -0.5264 0.3525 0.9961 0.8861 1.0299 0.8909 1.2773 1.3138 0.5561 0.5419 -0.4836 0.1160 -0.5543 0.3528 0.2793 0.9113 0.8030 0.3234 0.3617 0.1284 0.1193 -0.7228 -1.7540 -0.2240 -0.1748 -0.5554 -0.8841 -1.5517 
2.6023 1.9702 1.5992 1.2962 1.1729 1.2630 0.9850 0.3006 1.0629 1.3752 2.0586 1.3663 1.3170 1.1729 0.9932 0.7334 0.3346 0.6353 0.8378 0.8944 0.9163 0.8712 1.4846 0.7213 0.2808 -0.5993 -0.0642 0.0153 -0.2969 -0.4315 -0.4671 -0.7369 -1.2007 
3.3623 3.2321 1.7077 1.9815 1.8405 0.5753 1.3143 0.2445 0.5430 1.5553 0.6543 1.2401 0.6858 0.4835 -1.0928 0.2989 -0.0807 0.2174 -1.2720 0.2229 0.2789 0.7790 0.0990 0.8867 -0.2531 -0.6747 0.2155 -0.6408 0.3567 0.2352 -0.4029 0.5011 -0.4632 
2.7798 2.3377 2.0690 1.4349 1.5686 2.0103 2.0782 1.6108 1.0541 1.0836 1.2346 1.2622 1.3968 1.1589 0.2671 0.8393 0.1936 0.7681 0.1191 0.8865 0.9953 0.7933 0.6891 0.4030 0.2670 0.7308 0.9856 0.7656 0.1448 -0.2985 -0.0184 -0.3626 -1.1392 
1.5312 1.4741 0.7763 1.5325 0.6932 0.1417 0.9355 0.9714 1.1792 1.0937 0.9922 0.9533 0.4294 0.1935 -0.2532 0.2310 0.7162 0.1561 -0.4072 -0.0785 0.1150 0.4873 0.4299 0.4126 0.3666 0.0943 -0.1411 -1.0938 -0.8056 -0.1902 -1.3591 -1.1716 -2.1437 
-0.6438 2.1775 2.2025 2.0739 0.9082 1.8477 2.0468 0.9421 -0.1805 1.5499 1.1577 1.7491 1.4565 2.0128 1.2912 0.7391 0.9786 0.6380 1.0641 1.7097 1.0776 1.3360 0.6083 0.8797 -0.9348 0.0355 0.9531 0.6064 -0.4758 0.3392 0.1540 -0.4614 -4.5850 
3.2273 2.1731 0.6603 1.5131 1.8234 1.8512 1.5361 1.3910 1.0598 0.7175 0.6701 1.3792 0.5974 -0.3404 1.3363 1.3075 1.0811 1.1887 1.1098 -0.5484 0.2209 0.8923 0.1128 0.0342 0.2732 0.4213 0.4497 0.6145 0.3551 -0.1940 -1.5494 -0.5647 -0.7300 
1.1440 2.1853 2.2234 1.0734 0.2209 0.9479 1.6462 2.1009 1.6410 0.4507 1.1699 1.4622 0.4592 -0.3441 1.1821 0.0871 -0.7597 -0.0330 0.9872 -0.5658 0.1298 0.9856 0.6260 -0.2234 0.8635 1.1773 0.6132 -0.2885 -1.2040 -0.6291 0.1571 -0.4390 -2.7620 
0.7511 2.0838 2.4737 2.3410 2.2781 1.5736 1.6055 1.6178 1.5817 1.5206 1.4586 1.3993 1.5278 1.2037 0.8936 1.5914 1.6056 1.5092 0.7509 0.9157 1.1710 0.9129 0.8901 0.8497 0.8064 0.7443 0.5385 0.3286 0.8453 0.6729 0.3863 -0.5330 -4.3967 
3.6717 3.2511 2.4009 2.4516 2.0036 1.8247 1.9691 1.3004 0.5358 0.5580 1.7173 1.0544 1.4512 0.3035 1.5065 -0.1943 0.7838 -0.2682 1.3624 0.0554 1.0671 0.6383 1.1663 -0.1260 -0.2591 0.3348 0.8556 0.5819 0.5280 0.7559 0.3139 0.5232 -0.2076 
2.1990 3.4491 2.8288 2.8539 2.2054 1.9245 2.0651 1.7963 1.6722 1.9797 1.6282 1.0413 -0.1346 1.7293 1.3498 -0.5685 -0.5179 -0.6737 1.1233 1.4728 -0.4485 0.6079 1.0676 1.3042 0.8905 0.8692 0.9749 0.6954 0.7643 1.1439 0.7709 0.7970 -2.0718 
4.2014 3.9551 3.2150 2.8094 2.6522 2.5403 1.8273 1.8931 1.9441 2.3130 1.6663 0.7655 1.6915 0.9872 1.5183 2.0564 2.1876 1.9901 1.3744 0.7562 1.3728 0.3014 1.1035 1.6318 1.1102 0.9407 0.7709 1.2889 1.1921 1.0929 1.0751 1.2830 0.3424 
3.7128 3.2278 2.7054 2.1340 1.5881 1.9718 1.8689 1.4228 1.5684 1.8739 0.2911 1.3515 1.4477 0.1128 1.4144 0.9208 -0.4256 0.8374 1.2394 -0.1743 1.0596 0.8576 -0.2716 1.1849 0.7972 0.4809 0.7880 0.7311 0.1622 0.3902 0.6594 0.4754 -0.1440 
3.8645 2.6060 1.4854 1.7072 1.3952 -0.0472 1.8561 1.3736 0.4782 1.4843 1.6618 0.6852 1.1029 1.2668 0.6850 0.7863 -0.4681 0.7224 0.4667 0.9650 0.7690 0.1957 1.1075 0.8216 -0.3120 0.3915 0.7832 -1.1656 -0.0793 0.0594 -0.5311 -0.1486 -0.0413 
3.5983 2.9691 2.6802 2.3641 2.1335 1.6521 1.0981 1.4168 1.2681 1.5307 1.0446 1.7339 1.7911 1.5404 1.9259 1.3134 0.4662 1.1980 1.7022 1.3095 1.4345 1.3214 0.4944 0.8592 0.4339 0.4680 0.0540 0.4039 0.7148 0.7023 0.5974 0.2630 -0.2714 
4.0020 3.3904 2.9960 2.5889 0.7419 1.9813 0.9938 1.2958 1.5924 1.2504 1.3983 1.6035 1.2999 1.8708 1.4357 1.1257 1.3655 1.0221 1.2731 1.5773 0.9029 1.1418 0.8264 0.5626 0.8098 0.3442 -0.0396 0.7333 -0.8178 0.8287 0.9181 0.7164 0.1483 
3.7817 2.9307 2.6999 2.4024 2.1404 1.5970 0.2448 1.6068 0.5338 1.4497 0.3048 1.3201 0.9946 0.3391 1.4549 -1.8783 0.9206 -2.2739 1.3043 0.1113 0.6828 0.8303 -0.2516 0.7860 -0.2604 0.7267 -0.8232 0.3419 0.7265 0.7291 0.6300 0.2298 -0.1007 
3.8000 3.2980 2.7260 1.7016 2.4377 1.6487 1.0991 1.3124 1.8186 1.8427 1.3510 1.4066 -0.1056 1.1515 1.2101 1.2419 0.9861 1.1311 1.0009 0.8862 -0.4647 0.9190 0.7785 1.1504 1.0017 0.3557 0.0832 0.3870 0.9759 0.0128 0.6748 0.5936 -0.0877 
4.2718 3.0589 2.6923 2.2732 2.3433 2.0549 1.0315 1.0105 1.5021 1.6056 0.6259 1.1263 0.8401 1.3782 1.3239 0.8825 0.4734 0.8050 1.0993 1.0716 0.4596 0.7154 0.0601 0.9359 0.7452 0.1353 -0.0184 0.8106 0.9001 0.5818 0.6064 0.2577 0.3582 
4.1695 2.9233 2.3687 2.3537 2.1088 1.6273 -0.4004 1.3123 1.6184 1.6136 0.7065 0.9771 0.6168 1.2939 1.4629 1.4181 0.7679 1.3519 1.3160 0.9860 0.2345 0.5219 0.1265 0.9505 0.8465 0.3450 -1.4759 0.3798 0.6809 0.6725 0.2845 0.1842 0.3075 
3.4739 2.5501 1.7690 1.6510 1.5294 1.9547 1.8924 1.1596 1.6102 1.5695 1.5649 0.1233 1.3002 1.5209 0.1077 0.7834 0.0053 0.7181 -0.1320 1.2826 0.9046 -0.3605 0.9903 0.9000 0.8305 0.2417 0.8037 0.7105 0.1161 -0.0283 -0.3193 -0.2314 -0.3803 
3.5553 3.1206 2.3021 2.1532 2.1179 1.3882 1.9123 1.3935 0.4511 1.4393 0.4674 0.7695 0.5849 1.3187 0.5072 0.7935 1.1801 0.7272 0.3290 0.9954 0.2103 0.2875 -0.0747 0.7748 -0.3380 0.4279 0.8217 0.1389 0.7027 0.4462 0.2228 0.3811 -0.3163 
2.0311 1.4363 1.5953 1.7574 1.6506 2.0033 1.2617 1.9678 1.6445 1.6122 1.4091 1.4295 0.7213 0.3095 0.4285 0.3267 -2.7447 0.2489 0.2564 0.0967 0.3095 0.9575 0.8359 0.9438 0.8645 0.9883 0.1726 0.7567 0.2137 0.0978 -0.4514 -1.1140 -2.0281 
3.1371 2.5645 2.1168 2.1182 1.4991 1.5912 1.5057 0.7910 1.7448 1.3929 0.9887 0.9431 0.6266 1.3812 1.0060 1.4003 1.3902 1.3331 0.8524 1.0747 0.2427 0.4701 0.4269 0.7303 0.9509 -0.1696 0.4218 0.3386 0.0689 0.3786 0.0602 -0.2144 -0.8232 
2.2587 0.8831 1.6106 0.9182 1.2666 0.7652 1.0802 1.3863 0.8796 1.6218 0.9461 1.4221 0.7266 1.2061 0.6256 0.9801 0.8106 0.8951 0.4106 0.9229 0.3190 0.9422 0.3686 0.9641 0.1220 0.4196 0.0571 -0.4904 -0.2199 -0.8116 -0.4442 -1.8680 -1.5858 
3.4871 2.5962 1.9357 1.4598 1.4785 1.6389 1.8346 1.0232 0.8908 0.7429 1.3566 1.2215 1.5873 1.5070 1.3750 1.3920 0.9903 1.3159 1.1743 1.2592 1.2502 0.7720 0.7779 0.0795 0.1259 0.1411 0.7714 0.4006 0.0584 -0.2691 -0.1734 -0.2135 -0.4163 
2.8227 2.7447 2.5613 2.4675 0.5889 2.0352 1.7148 1.6061 2.0018 0.5899 1.2022 1.4254 1.3512 0.2976 1.1236 0.1889 0.3038 0.1187 0.9457 0.0574 0.9448 0.9495 0.6534 -0.0795 1.1854 0.7287 0.6786 0.7907 -0.8600 0.7566 0.4366 0.1031 -0.9342 
0.9192 1.5246 1.6470 1.2187 1.9941 1.2501 1.7437 1.3692 1.6044 1.2849 0.4835 0.8137 1.4292 1.1685 0.7804 0.2937 -0.5602 0.2148 0.5874 0.8958 1.0391 0.3504 -0.0659 0.5878 0.8205 0.4017 0.7189 0.0192 0.5171 -0.4831 -0.4334 -1.1418 -4.1970 
1.6274 2.1846 2.2278 1.5616 1.6138 1.6193 0.9251 0.8028 1.5334 1.1520 0.9476 1.0598 0.3376 0.9124 0.8528 0.9170 0.8243 0.8377 0.7185 0.6877 0.0030 0.6324 0.3668 0.4630 0.7655 -0.1406 -0.1648 0.3712 0.1825 -0.1565 0.1824 -0.4780 -2.0890 
3.1814 2.1020 1.8478 2.2045 2.0487 0.7855 1.6858 1.4030 1.0605 1.8181 1.1818 1.3551 1.4632 1.1492 1.0770 1.6660 0.7227 1.5872 0.9124 0.8744 1.0859 0.8625 0.6384 1.1325 0.2834 0.4413 0.6496 -0.4481 0.5898 0.4785 -0.2745 -0.6448 -0.8554 
2.3068 2.6266 2.0703 2.0233 2.0370 0.5858 1.1456 1.6433 0.9637 -0.7179 0.5140 0.8018 1.2343 1.8022 1.1298 0.7986 -1.3711 0.7307 0.9484 1.5256 0.8593 0.3277 -0.0396 -1.4020 0.1816 0.7609 0.1082 -0.6733 0.5743 0.2817 0.0095 -0.0892 -1.6780 
3.1114 2.6415 2.5264 2.1958 2.0369 1.8654 1.5335 1.2607 1.7677 0.8367 1.1842 0.9739 1.3800 1.3562 0.9936 1.3881 0.2474 1.3113 0.8374 1.0341 0.9856 0.5092 0.6389 0.1769 0.9693 0.3129 0.4574 0.6109 0.5800 0.4698 0.4085 -0.0964 -0.8273 
2.6416 2.0371 1.6177 0.7988 1.3788 0.8207 1.4551 1.5061 1.7252 1.7652 1.2427 1.6150 1.4655 1.1754 0.6130 -0.7903 0.7229 -0.8746 0.4003 0.8986 1.0859 1.1727 0.6987 1.0808 0.9370 0.5989 0.3645 -0.4301 -0.0963 -0.9290 -0.4466 -0.6881 -1.2318 
0.6525 2.0869 1.2461 2.0903 0.9499 1.5759 1.2549 0.7090 0.2779 0.4181 0.5877 0.8417 0.1108 1.0481 0.3598 0.8536 1.1642 0.7825 0.1991 0.8049 -0.2941 0.3652 0.0373 -0.2594 -0.4878 -0.2619 0.1742 0.3291 -0.4894 0.3596 -0.8078 -0.5301 -3.2096 
2.4803 1.6475 2.4249 1.9331 1.4332 1.6547 1.1242 1.2451 1.1910 1.3340 0.9882 1.0109 1.2778 1.1609 1.4843 1.1298 1.4338 1.0279 1.3466 0.8889 0.8941 0.5783 0.4228 0.6399 0.3697 0.2979 0.0922 0.4101 -0.0085 0.1854 0.3314 -1.0244 -1.5095 
2.2618 2.1202 0.7337 1.4476 2.3898 1.9425 1.1647 1.0386 1.8403 1.1165 1.1796 1.0860 0.4181 -0.3567 1.1227 0.6719 -2.7544 0.5521 0.9469 -0.6153 0.1093 0.6630 0.6358 0.4277 1.0157 0.1562 0.1147 0.6889 0.9364 -0.2622 -1.3942 -0.5447 -1.6493 
2.3437 2.1384 1.5842 1.0853 0.4846 0.7618 1.3807 1.2072 1.4938 0.9606 0.4569 1.5260 0.1725 0.9291 0.4976 0.0938 0.3449 -0.0187 0.3166 0.7037 -0.2318 1.0558 -0.1054 0.2772 0.7368 0.2720 0.2753 -0.4849 -0.9650 -0.5345 -0.4686 -0.5167 -1.9008 
3.3306 2.4290 2.2770 1.5860 2.0578 1.5579 1.8251 0.1203 2.0797 0.9915 1.5481 1.6126 1.4947 1.0175 0.2867 1.0243 0.9623 0.9518 0.1309 0.7840 1.1258 1.1653 0.9836 0.3192 1.3166 -0.9039 0.7687 0.3039 0.6178 -0.1574 0.2256 -0.3223 -0.5066 
1.8328 0.1141 1.0316 1.7743 1.5252 -0.5559 2.0268 1.5714 1.4818 0.9111 0.3645 1.5464 1.3798 0.6282 1.0440 1.6434 0.0853 1.5682 0.8849 0.3359 0.9816 1.0798 -0.2027 0.2455 0.7225 0.6869 0.9297 -1.7177 0.1084 0.1016 -1.0158 -2.4415 -2.0531 
2.5767 2.6964 2.2241 1.4602 1.4361 1.3631 1.3669 1.8257 1.4460 1.2166 1.4162 1.8513 1.8337 1.9698 1.3103 1.2455 -0.2678 1.1337 1.0835 1.6415 1.4653 1.3969 0.8413 0.5369 0.6701 0.8926 0.2553 0.1228 -0.0187 -0.2575 0.1486 0.0275 -1.5086 
3.8559 3.0266 2.2209 2.4838 2.2311 1.8378 1.2163 1.4799 1.2761 0.2059 1.1874 0.4516 0.8120 1.0371 1.1969 0.4667 0.1075 0.3692 0.9938 0.7976 0.4226 0.0198 0.6379 -0.4750 0.4403 0.5642 0.1522 0.5828 0.7930 0.7782 0.1733 0.3051 -0.0387 
1.6147 0.6491 0.9910 1.7264 1.4688 0.9792 0.7800 1.5734 1.5512 1.2325 1.1905 1.4896 1.0283 0.6467 0.9127 0.8765 0.4861 0.7991 0.7650 0.3449 0.7210 1.0083 0.6450 0.5456 0.7792 0.6915 -0.3188 -0.2674 0.0395 0.0514 -1.0469 -2.1637 -2.3431 
3.2016 2.8636 3.0334 2.0903 0.5004 1.4509 0.9802 1.4480 0.9807 0.5226 1.2653 1.9798 1.6007 1.7665 1.3864 0.5259 -1.0198 0.4215 1.1874 1.4984 1.2661 1.4857 0.7243 -0.1507 0.1983 0.5144 -0.0870 0.1967 -0.9065 0.3387 0.9484 0.2176 -0.6707 
3.7668 3.0702 1.8734 2.4360 1.4487 1.4617 1.5351 1.3059 1.7263 1.1362 0.2708 1.0230 0.7901 1.4347 1.1642 0.8648 0.4047 0.7889 0.9753 1.1576 0.4054 0.5951 -0.3135 0.4540 0.9369 0.3491 0.4492 0.2182 -0.0084 0.7489 -0.2680 0.3321 -0.1775 
-0.4187 2.4737 2.5662 1.4395 2.0101 1.2178 1.3380 1.6199 1.4161 1.0892 0.7415 0.7058 2.0391 1.3998 1.7864 1.0974 0.8622 0.9991 1.6002 1.1016 1.6428 0.2219 0.1589 0.4082 0.6261 0.7457 0.2247 -0.0376 0.5403 -0.3105 0.4382 -0.2290 -3.2350 
0.9110 2.0066 2.4178 1.7403 1.9011 1.8014 0.9419 0.3081 1.0138 1.3770 1.1521 1.4478 1.7414 1.4900 1.4457 1.0322 0.3361 0.9513 1.2920 1.2329 1.4041 0.9808 0.5991 0.7210 0.2436 -0.5762 -0.1295 0.5495 0.4059 0.0831 0.3389 -0.6065 -3.3841 
2.3712 0.7856 1.4951 -0.1155 1.3804 0.2685 1.0959 0.7527 -1.2011 -0.1158 -0.1508 0.3736 0.3323 0.7733 0.4535 0.3778 -1.6688 0.3112 0.2866 0.4718 -0.0156 -0.0586 -0.7040 -0.7927 -2.0562 -0.2169 0.0750 -0.9987 -0.1001 -1.8625 -0.5157 -1.7736 -1.5776 
0.4835 1.4798 1.3159 1.4577 0.7925 1.0571 0.9818 1.4914 1.1070 0.9181 -0.7097 0.6127 0.6650 0.2086 -0.6827 -0.5778 0.4259 -0.6787 -0.8869 -0.0625 0.2752 0.1503 -1.2117 0.2437 0.3188 0.5731 -0.0779 -0.1863 -0.6709 -0.2693 -0.7943 -1.1510 -4.1428 
2.4942 0.9163 1.3867 0.8414 -0.6726 0.1305 0.8953 1.0270 0.9276 0.9949 -0.4920 1.0146 0.7737 1.0502 0.1627 0.7897 0.1345 0.7238 0.0002 0.8081 0.3709 0.5839 -1.0738 0.3385 0.1553 0.1378 -0.1842 -1.1161 -2.1453 -0.8869 -0.7019 -1.6324 -1.4162 
1.4359 2.7788 2.0843 2.0031 1.6513 1.6521 0.7941 1.1801 1.4066 1.6483 1.5839 0.9821 -0.5237 0.9254 1.0767 1.6331 0.4113 1.5588 0.9125 0.6986 -0.9305 0.5234 1.0037 0.9858 0.6062 0.2529 -0.2904 0.3987 0.2247 0.2524 0.0152 0.1342 -1.9819 
3.0251 2.1098 2.1903 1.2458 2.1691 1.6200 1.9893 -0.5649 2.1348 1.9039 0.1798 0.9141 0.9570 1.3042 0.9174 0.8273 0.7115 0.7584 0.7638 0.9893 0.6175 0.4439 -0.3856 1.2101 1.3736 -1.5551 0.8822 0.3720 0.7506 -0.4920 0.1451 -0.6367 -0.8764 
3.3623 2.4934 1.3898 0.6981 1.5734 1.9987 0.8927 1.4767 1.6158 -0.1935 1.0592 1.1059 -0.3134 1.2275 1.3222 0.5086 0.7942 0.4041 1.0939 0.9410 -0.6718 0.6906 0.5124 -0.8687 0.8413 0.5500 -0.1638 0.7519 0.1591 -1.0888 -0.6680 -0.2667 -0.5078 
2.5662 1.8330 1.5851 1.9406 0.6408 1.6442 0.6265 1.3988 1.3214 1.3117 1.5240 -0.2704 1.3179 1.2712 0.9276 1.1361 0.8895 1.0319 0.7775 0.9697 0.9163 -0.7331 0.9566 0.6242 0.4775 0.4422 -0.4693 0.3967 -0.8539 0.1913 -0.4617 -0.9332 -1.4241 
0.8952 0.7325 1.2092 1.7025 1.6128 1.8380 1.5209 1.7121 1.4190 1.2160 -0.2869 0.8298 0.2064 1.4226 1.1705 1.6026 1.3300 1.5166 0.9830 1.1385 -0.1643 0.3568 -0.8820 0.5295 0.6312 0.8082 0.4323 0.5949 0.1871 0.0283 -0.8875 -2.0540 -3.3722 
2.3584 0.8106 1.6561 1.4752 1.3035 1.6390 0.1258 1.3164 0.8789 1.2582 0.9362 0.9830 1.1787 0.3403 0.0795 0.1873 0.0797 0.1173 -0.1426 0.1078 0.8191 0.5320 0.3633 0.5707 0.1169 0.3534 -0.9871 0.3895 -0.1852 -0.2597 -0.3917 -1.9446 -1.5153 
3.3066 2.4835 2.2118 1.2108 1.5486 1.5980 1.7160 1.4898 1.5778 1.1390 1.1922 1.4809 -0.0812 0.9541 1.6802 1.3818 -0.3240 1.2986 1.5150 0.7302 -0.4272 0.9964 0.6461 0.4603 0.8000 0.5708 0.6861 0.3521 0.1313 -0.4944 0.1507 -0.2670 -0.6031 
2.6589 2.0377 2.0829 2.0400 1.4642 1.0282 1.4910 2.0075 1.9627 2.0767 1.3880 0.4279 1.0620 0.8353 0.8504 0.3491 -2.3431 0.2620 0.7083 0.5674 0.7458 -0.0044 0.8081 1.4117 1.1208 1.0432 0.4043 -0.2210 0.0266 0.3051 0.0190 -0.6786 -1.2606 
2.5566 1.4720 1.1636 1.4745 1.2915 1.3417 1.1376 1.4544 1.3476 1.2439 0.4518 0.5619 0.7480 1.2559 1.0888 1.0908 0.7778 0.9942 0.9176 0.9615 0.3543 0.1243 -0.1070 0.5537 0.5106 0.5228 0.1051 0.0966 -0.2071 -0.2569 -0.9275 -1.2836 -1.3867 
3.4003 2.3370 1.7514 1.4513 2.1053 1.6435 1.7284 1.4497 1.6741 2.0432 0.9854 0.9149 0.7079 1.6170 0.8051 1.6502 1.3618 1.5746 0.6511 1.3881 0.2923 0.4485 0.4052 1.3810 0.8948 0.5173 0.7025 0.3946 0.6845 -0.2622 -0.3418 -0.4051 -0.4662 
3.4871 1.3555 1.8547 2.2591 2.0079 0.1522 1.6123 1.2826 1.2648 1.4822 1.3835 1.6744 1.4019 1.4801 1.0054 0.9859 -2.1932 0.9044 0.8522 1.2223 1.0020 1.2468 0.8102 0.8143 0.4347 0.3236 0.5510 -1.0842 0.5196 0.5638 -0.2779 -1.6824 -0.4193 
2.3838 2.0697 2.2355 1.3078 1.3712 1.6792 1.9238 1.1813 1.0379 1.2462 0.7896 0.8674 2.0051 1.7230 0.7303 0.5165 0.7883 0.4129 0.5052 1.4651 1.6088 0.3966 0.2096 0.5606 0.2605 0.2503 0.8229 0.4358 -0.0981 -0.4545 0.1784 -0.6128 -1.5390 
2.8336 2.4591 2.4279 2.2252 1.5806 0.7708 1.0204 1.6281 0.3169 1.8286 0.3738 0.8937 1.0878 0.3651 0.7383 0.9329 0.6989 0.8526 0.5248 0.1391 0.7576 0.4224 -0.1920 1.1415 -0.4310 0.7492 -0.0023 -0.4795 0.1447 0.5050 0.3436 -0.2681 -1.0696 
3.4422 2.8198 2.0468 1.3370 2.2037 1.6801 2.0331 1.2427 0.1900 1.1361 1.0665 0.7867 1.6190 1.4557 0.5779 0.2095 -1.5398 0.1357 0.3710 1.1835 1.3106 0.3121 0.5115 0.4564 -0.5838 0.2880 0.9349 0.4483 0.7737 -0.3766 -0.0428 0.1327 -0.4172 
2.6830 2.0676 2.0204 1.5226 1.8779 2.1916 1.7077 0.1277 1.3195 1.2065 0.1560 0.1995 0.7184 1.1676 0.8081 0.8239 -1.3241 0.7535 0.6423 0.8938 0.3146 -0.2768 -0.4241 0.5204 0.4834 -0.8320 0.6724 0.9452 0.3919 -0.2153 -0.0731 -0.6302 -1.1274 
2.1171 1.4818 2.0458 2.1712 1.0633 0.9692 1.5924 1.1411 0.6493 0.9411 -0.5550 0.1034 0.1261 -0.2928 0.5921 0.5891 0.5264 0.4807 0.3824 -0.5157 -0.2741 -0.3896 -1.1635 0.2741 -0.1951 0.2117 0.5230 -0.2578 -0.3982 0.4445 -0.0088 -1.1331 -1.7368 
1.4941 1.9027 2.0866 2.1399 1.8680 2.1724 1.9320 0.6936 1.7108 1.6941 0.7135 1.7411 1.6069 0.9535 0.3686 0.6331 0.9136 0.5270 0.2094 0.7253 1.2755 1.3261 0.1454 1.0104 0.9265 -0.2593 0.8261 0.9290 0.3794 0.4092 0.0339 -0.8159 -2.2599 
0.9891 1.3252 1.6778 1.7502 1.3701 1.5129 1.2306 0.7748 0.9563 1.3841 0.8520 0.4057 0.6356 1.2455 0.5686 0.8784 0.2893 0.8019 0.3650 0.9497 0.2446 -0.0327 0.2736 0.7219 0.1775 -0.1979 0.1546 0.2626 -0.1188 0.0709 -0.3799 -1.3780 -2.6385 
2.8250 1.8160 2.0769 1.8960 0.8043 1.6207 1.3959 0.8510 0.7580 1.1794 0.0168 1.6097 1.2610 0.9089 1.1035 0.6166 1.0508 0.5136 0.9275 0.6857 0.8713 1.1643 -0.5099 0.4990 -0.0340 -0.0637 0.2955 0.3705 -0.6749 0.1525 0.0225 -1.0117 -1.0942 
2.2556 2.6002 1.1761 -1.1151 1.6109 1.3843 1.2346 0.5531 0.4269 1.1664 1.3885 0.8842 0.8243 1.4339 1.4716 1.3746 0.4744 1.2859 1.3297 1.1561 0.4412 0.4130 0.8100 0.4823 -0.3508 -0.3674 0.1583 0.1386 0.1834 -2.7153 -0.9621 -0.1316 -1.6053 
2.7558 0.7213 0.5684 2.1941 1.7684 -0.8809 1.4930 1.4622 2.0223 1.6207 1.4299 0.6656 0.2630 1.1170 -0.1419 1.0814 0.1025 0.9913 -0.3335 0.8574 -0.0888 0.1852 0.8539 0.9573 1.2238 0.5364 0.4095 -1.9961 0.3037 0.4902 -1.4486 -1.7406 -1.1474 
0.8469 0.9253 0.9885 0.6908 0.2252 0.1319 0.1551 0.3706 1.1803 0.9782 -0.2351 0.3972 0.2639 -0.5262 0.5716 0.2033 0.2140 0.1338 0.3675 -0.8499 -0.0985 -0.0309 -0.7813 0.3024 0.3685 -0.5072 -0.9500 -1.1177 -1.2191 -1.0249 -1.0609 -1.7803 -3.3895 
2.9145 2.3555 1.1980 0.4815 2.0659 1.6118 1.2427 1.4971 0.6655 -0.3840 1.1338 1.3261 1.5804 1.7493 0.1347 1.5392 0.7186 1.4597 -0.0408 1.4851 1.2426 0.8330 0.5870 -1.0395 -0.1764 0.5813 0.1689 0.3613 0.6286 -1.1595 -0.9107 -0.3548 -0.9478 
1.6048 1.5382 1.5657 1.3885 1.0306 1.4046 0.8295 1.6053 -0.9358 1.0671 0.7453 0.5662 1.0652 1.1888 0.3750 1.4160 -0.8898 1.3495 0.2230 0.9084 0.7468 0.1284 0.1637 0.3904 -1.7374 0.7247 -0.2613 0.1570 -0.3983 -0.3504 -0.4891 -1.1154 -2.3418 
0.9599 1.5193 1.9524 1.3388 1.1031 0.3492 1.3543 0.9567 1.6552 0.9472 1.0399 0.9203 0.7940 0.6980 0.3352 0.5976 0.6094 0.4878 0.1725 0.3714 0.3970 0.4459 0.4907 0.2766 0.8761 0.0789 0.2512 -0.9165 -0.3523 -0.4181 -0.1588 -1.1239 -2.9750 
2.1783 2.2419 0.9235 0.8112 0.3718 0.1475 1.4894 1.0163 0.7886 1.1165 0.0373 1.4725 1.1045 -0.3016 0.2225 0.6657 0.4391 0.5541 0.0829 -0.5416 0.7710 0.9924 -0.5139 0.4308 0.0050 0.1357 0.3994 -1.1077 -1.0692 -0.9245 -1.1926 -0.3968 -1.5692 
1.8026 1.3059 0.9875 1.1483 0.3699 1.2426 1.3232 1.0494 0.8598 1.9284 0.2306 1.6399 1.1597 0.9705 1.2662 0.7306 0.7941 0.6241 1.0482 0.7408 0.8030 1.2124 -0.3472 1.2375 0.1025 0.1588 0.2156 0.0043 -1.0761 -0.5237 -1.0509 -1.3826 -2.0373 
3.6826 2.9182 2.7188 0.9755 1.8871 1.3837 0.2607 1.4224 1.0771 0.7747 0.9627 0.8610 1.1813 0.3702 0.8091 0.1293 -0.0919 0.0453 0.6455 0.1372 0.8201 0.3775 0.3822 0.1106 0.2884 0.4692 -0.8152 0.1325 0.3830 -0.7271 0.6471 0.2127 -0.2614 
2.8821 1.1093 1.7738 1.4515 1.9706 1.5412 0.2169 0.7383 0.5232 1.4376 -0.0201 1.5165 1.1020 1.1494 0.2982 1.3188 1.1515 1.2081 0.1436 0.8793 0.7650 1.0433 -0.5957 0.7749 -0.2694 -0.2469 -0.8510 0.2895 0.4748 -0.2731 -0.3237 -1.7774 -0.9967 
2.5687 2.0946 0.0357 1.6674 1.7828 1.7845 1.4759 0.1350 1.0639 1.7212 1.6149 1.6148 1.4859 1.0847 1.2597 1.5443 1.6982 1.4647 1.0490 0.8334 1.1156 1.1737 1.0500 1.0387 0.2925 -0.8614 0.3822 0.5350 0.3220 -0.0210 -1.9044 -0.6017 -1.3840 
