6.1674 5.5457 6.7256 5.6121 5.8708 5.2139 5.0195 5.1620 5.1479 5.6150 3.6840 5.0942 4.6070 4.9372 3.9769 4.3397 4.6158 4.2320 3.8318 4.6300 4.3041 4.6540 3.1535 5.0027 4.4360 4.3439 4.0209 4.0434 4.5431 3.9689 4.8088 3.1771 2.7400 
5.5716 6.2843 6.5810 5.9480 6.5143 5.7683 5.7707 5.2846 5.6147 4.9343 5.1461 4.6526 4.1611 4.2953 3.3269 3.4087 3.9617 3.3414 3.1804 4.0204 3.8470 4.2556 4.6173 4.2924 4.9092 4.4454 4.8031 4.6215 5.1659 4.3948 4.6274 3.8516 2.1658 
3.8196 6.9767 6.9877 5.6799 6.1264 6.0134 5.5409 5.6938 5.1950 5.5942 4.5261 5.1069 4.6102 5.1222 5.4476 5.2090 5.1897 5.1412 5.2475 4.9125 4.3067 4.6728 3.9958 4.9850 4.4793 4.8683 4.5221 4.8637 4.7602 4.0992 5.0751 4.5400 1.7399 
6.3696 6.8108 6.4925 5.6346 5.7515 4.8725 5.6171 5.6421 5.3416 5.2395 4.5256 4.9877 4.4764 4.5964 4.8866 4.7604 4.3929 4.6638 4.6861 4.3812 4.1321 4.5411 4.0049 4.6212 4.6074 4.7893 4.6090 3.7489 4.4242 4.0338 4.5570 4.3706 2.5991 
5.5687 6.3297 5.8272 5.0372 5.7262 5.2017 4.9812 5.5700 5.7568 5.4387 4.8464 3.3826 3.3748 4.6057 2.8700 4.1398 4.3899 4.0544 2.6903 4.3919 3.0652 2.9515 4.3411 4.7993 5.0385 4.6934 3.9714 4.0481 4.4165 3.4350 3.9096 3.8681 1.1458 
3.4483 6.5394 5.5777 5.8469 5.8842 5.5219 5.1536 5.5936 4.7799 4.3613 5.1747 5.5376 5.2097 5.2180 4.9630 4.6137 4.3911 4.5420 4.7700 5.0023 4.9331 5.0841 4.6476 3.7216 4.0360 4.7205 4.1719 4.3684 4.5461 4.3231 3.6304 4.0413 1.8071 
5.5914 6.5038 6.8146 6.4680 5.8069 5.5161 4.1287 5.6556 5.5838 4.7285 4.5748 5.4072 4.2367 4.9842 4.9602 4.4252 3.0523 4.3615 4.7649 4.7061 3.9138 4.9882 4.0516 4.0938 4.8545 4.8187 3.2253 4.3639 4.4850 4.9267 4.9382 4.0366 1.6200 
4.7107 6.8456 5.5773 6.6012 5.3572 5.7602 5.8098 5.3107 5.5975 5.1532 5.3944 5.2690 4.9539 5.3200 4.1126 4.4350 1.0008 4.3746 3.9482 5.0768 4.5835 4.8774 4.8934 4.5345 4.8821 4.4687 4.8524 4.6101 4.0394 5.0145 3.6705 4.3950 2.3174 
5.5815 6.4105 6.5546 4.9799 4.4063 5.9360 5.9311 5.0255 5.5196 5.4245 6.1539 5.6773 5.4026 4.7253 4.6045 4.7598 4.9033 4.6652 4.4538 4.4816 5.0590 5.2382 5.6241 4.8027 4.7475 4.1544 4.9672 4.7885 3.0433 3.3752 4.6073 3.9688 1.3261 
5.4365 6.0681 5.9249 5.7199 5.5170 5.0241 5.4740 5.7675 5.8687 5.1333 2.6811 5.0827 5.0908 4.7888 3.9524 3.7222 1.9202 3.6172 3.8176 4.5293 4.7555 4.6416 2.2737 4.5188 5.1399 4.9635 4.4649 3.8664 4.1440 4.1278 3.9819 3.5618 1.3400 
6.1986 6.5105 6.2488 6.1096 5.4419 5.5270 5.6136 5.7919 5.7659 4.8952 5.1109 4.2221 4.8589 4.8677 4.7902 3.2046 2.9320 3.1399 4.6096 4.5997 4.5036 3.8224 4.5851 4.2698 5.0487 4.9844 4.6106 4.3812 4.0914 4.5028 4.3659 4.0162 2.4169 
6.0019 6.3671 6.2128 6.4044 5.7647 5.7676 5.0836 5.9038 5.3803 5.1812 5.7357 4.8602 5.0930 4.9904 4.6646 5.1036 3.7800 5.0315 4.5167 4.7125 4.7604 4.4234 5.2028 4.5636 4.6219 5.0579 4.0880 4.6168 4.4484 4.8505 4.3327 3.9082 2.1877 
5.6053 6.2550 5.2098 4.6087 5.5762 6.3130 6.2275 4.9293 5.5693 5.6222 5.0320 4.7045 4.3770 4.4703 4.9615 4.8547 4.2426 4.7516 4.7697 4.2228 3.9989 4.3130 4.5052 5.0088 4.8355 4.0258 5.2178 5.1673 4.2453 3.0411 3.2854 3.8081 1.5262 
5.9417 6.7282 6.6046 6.3492 6.0193 5.4167 5.2424 5.7129 5.6021 5.0062 5.7364 4.1558 3.8158 2.8022 4.2876 4.7229 5.2024 4.6327 4.0865 2.5637 3.4396 3.7661 5.2018 4.4023 4.8835 4.8915 4.2992 4.2763 4.6371 4.7877 4.6316 4.2615 1.5946 
4.2109 5.5965 5.5662 6.2440 4.1367 4.6742 5.5942 5.4916 5.1311 4.9932 4.7607 4.9581 5.1505 4.9401 4.4918 4.1166 1.9223 4.0369 4.3639 4.6347 4.8335 4.5057 4.2564 4.3843 4.4175 4.6026 4.5894 3.5399 2.7432 4.6473 3.6706 3.1351 -0.4560 
5.0192 6.0041 5.9342 6.1681 5.6748 4.9139 4.7388 5.2332 3.6896 4.9774 5.0967 5.0382 4.9964 4.5935 4.6350 4.4133 4.6551 4.3403 4.4946 4.3829 4.6259 4.6007 4.5783 4.3709 2.9079 4.4211 3.7788 3.7371 4.3615 4.5613 4.0406 3.4832 0.4413 
3.7092 5.9746 6.4646 6.5238 4.1788 6.1199 5.1078 5.4274 5.2304 4.9483 5.2205 4.5456 4.6167 4.5790 4.8375 3.9779 3.5385 3.9025 4.6402 4.3745 4.3236 4.1237 4.7090 4.3109 4.5152 4.5571 4.0952 4.9723 2.9431 4.9621 4.5561 3.5049 0.2127 
6.2306 6.7228 6.2385 6.2434 5.7763 5.4206 5.4496 5.1967 6.0249 5.5325 4.6476 2.8564 3.6018 5.0979 3.8136 3.7906 3.0658 3.6868 3.6003 4.8769 3.3061 2.3804 4.1238 4.9066 5.2614 4.3961 4.4503 4.2788 4.4571 4.6501 4.3262 4.2549 2.4460 
5.7715 7.0142 6.3408 5.6387 4.6078 5.0459 5.4779 5.0150 5.8149 4.9607 5.7048 5.0749 4.9264 4.9527 4.9873 4.6208 3.5095 4.5534 4.8129 4.6571 4.5554 4.6274 5.1837 4.3516 5.0968 4.1496 4.4613 3.8889 3.2813 4.0299 4.4245 4.5416 -0.5027 
6.0815 6.6946 6.1234 5.7916 5.5141 5.4638 5.3628 5.0729 5.0039 5.0191 4.4842 4.5602 4.0420 5.0281 4.1010 3.3490 4.1674 3.2806 3.9462 4.7724 3.7506 4.1311 3.9632 4.4078 4.2774 4.2268 4.3988 4.3130 4.1291 4.2290 4.1539 4.1884 1.9522 
5.8272 6.2900 5.8748 5.9538 5.9153 5.4564 5.7350 5.6467 4.3756 4.9862 4.8441 5.0166 4.4726 5.4307 5.1726 3.8143 2.6964 3.7054 5.0216 5.1628 4.1265 4.5726 4.3452 4.3805 3.6196 4.8003 4.7478 4.3055 4.5649 4.3900 3.9586 3.8536 2.3462 
5.1221 6.0725 6.1037 5.7840 5.5245 5.6312 5.0359 4.2123 3.4691 4.4194 5.0880 4.6257 4.9792 4.7405 4.5482 3.6781 4.2806 3.5833 4.4083 4.4960 4.6130 4.2312 4.5651 3.8144 2.7582 3.3607 4.0300 4.4815 4.1586 4.2144 4.1563 3.5593 0.8080 
6.1183 5.6521 5.1585 6.2907 4.8521 4.5286 5.3646 5.0977 4.4213 5.0506 5.2653 4.6870 5.0709 4.8835 3.8501 4.0750 3.7963 4.0054 3.6899 4.6036 4.7314 4.2911 4.7561 4.4372 3.6902 4.2613 4.3956 3.3969 3.4511 4.7113 3.2605 3.1509 2.3184 
5.0730 6.6297 6.8756 6.8520 6.0069 5.5781 4.4756 4.6857 5.2312 4.8784 4.9885 5.1957 5.0405 3.7984 4.2030 4.6107 4.4909 4.5348 4.0333 3.4963 4.6827 4.7994 4.4580 4.2401 4.5178 3.8621 3.4643 4.4259 4.6194 5.2599 4.9895 4.1417 1.7748 
6.4709 7.0344 6.1390 6.3312 6.2138 5.5947 5.1651 4.9481 4.9913 5.5385 5.2256 5.1148 4.3840 4.0709 3.9248 4.2891 4.0204 4.1874 3.7961 3.8569 4.0105 4.6786 4.7120 4.9257 4.2651 4.0420 4.1771 4.4414 4.9037 4.7627 4.1833 4.5562 2.5371 
5.7659 6.3613 6.0484 6.1459 6.0331 5.4674 5.2340 5.3511 5.1735 5.2936 4.4452 4.8063 4.3675 4.0880 4.4682 4.3277 4.0222 4.2125 4.3271 3.8719 3.9997 4.4015 3.9209 4.6685 4.4532 4.4961 4.2698 4.3050 4.6460 4.5448 4.0604 3.9242 2.4947 
5.5499 6.1356 4.9963 5.2964 5.3785 5.6826 5.2321 5.2280 5.2800 5.3525 4.7255 3.4655 3.9764 4.5382 3.7774 3.9657 2.2997 3.8905 3.5694 4.3289 3.6676 3.0484 4.2099 4.7153 4.5558 4.4121 4.2594 4.5414 4.0387 3.7970 3.1084 3.5876 1.1176 
6.2974 6.9240 6.7397 6.2834 6.0897 5.8618 5.8208 4.7954 5.2466 5.7830 5.5345 4.9707 5.2410 5.5342 4.1702 4.0232 3.4990 3.9424 4.0061 5.2403 4.9548 4.5223 4.9987 5.1765 4.5312 3.9382 4.8654 4.7150 4.6979 4.6959 4.8175 4.4773 2.3083 
4.9024 6.6885 6.7724 6.2541 6.0298 5.7641 5.2042 4.9693 5.0926 5.5465 5.4520 4.9932 4.6144 4.3225 5.3279 4.7820 5.0928 4.6828 5.1620 4.0386 4.3140 4.5481 4.9432 4.9408 4.3881 4.0723 4.2399 4.6125 4.6539 4.6534 4.8733 4.2140 0.9753 
6.1306 6.7368 4.7857 5.6111 5.9570 5.9197 5.3812 5.5624 5.0235 3.8753 4.5291 5.1901 4.7040 4.8976 5.2414 4.3652 3.0784 4.2459 5.0915 4.6147 4.3978 4.7841 4.0112 3.2557 4.3026 4.6834 4.4066 4.7773 4.6053 3.9941 3.0032 4.2438 2.1534 
5.0417 5.5624 6.1175 5.8744 5.1395 6.0234 6.1032 5.4657 5.9287 5.1016 5.2143 4.9028 4.9741 3.8517 4.7170 4.6688 4.9930 4.5992 4.5589 3.5618 4.6098 4.4530 4.7011 4.4859 5.1866 4.5813 5.0827 4.8802 3.8411 4.3226 4.1804 3.0628 1.1338 
5.0725 5.7915 6.2228 5.5199 5.5083 5.2032 4.1920 5.3692 4.8661 4.5640 5.1849 3.4089 3.3540 5.0071 3.8662 2.8337 3.5121 2.7612 3.7025 4.7419 3.0209 3.0041 4.6587 3.9356 4.0893 4.5132 3.2222 4.0515 4.1235 3.9073 4.3383 3.3718 1.6399 
5.8661 5.7289 6.1747 6.1877 4.9983 5.0504 5.5724 5.2710 4.8345 5.4465 5.6514 4.5430 4.8626 4.6575 5.0009 4.7179 4.5386 4.6263 4.8342 4.4424 4.5098 4.1010 5.1251 4.8178 4.0820 4.4376 4.5654 3.9033 3.6366 4.5928 4.2715 3.2803 2.3201 
5.7518 6.7418 6.7499 6.3349 6.2351 6.0664 5.0930 5.0966 5.8420 5.5735 4.7537 5.1911 4.4495 4.1098 4.6139 4.7543 1.9795 4.6572 4.4664 3.8891 4.0818 4.7814 4.2352 4.9627 5.1204 4.2711 4.0806 4.9144 4.9395 4.7525 4.8357 4.2909 1.6148 
3.3543 5.6108 5.9348 5.5304 5.4177 5.4528 5.3080 5.5783 5.1518 4.3636 5.5556 5.0139 4.8857 4.9873 4.8604 4.6175 3.1064 4.5452 4.6593 4.7142 4.5204 4.5713 5.0267 3.7214 4.4346 4.7018 4.3639 4.3050 4.0503 3.9095 4.0250 3.0933 1.2330 
6.1888 6.9274 6.6613 6.4311 5.8822 5.5407 4.6342 5.9109 5.6050 5.0596 5.6012 4.8089 4.4569 4.6670 2.7973 4.0997 3.5895 4.0259 2.6458 4.4410 4.1087 4.4027 5.0713 4.4467 4.8870 5.0653 3.6741 4.3898 4.5432 4.8911 4.6878 4.4757 2.0918 
4.7285 6.8696 6.1935 6.1281 4.6608 5.4116 4.9674 5.4048 5.1878 4.6260 4.9761 5.0952 5.0761 5.0411 4.9987 4.5287 4.7822 4.4619 4.8337 4.7935 4.7358 4.6539 4.4468 4.0181 4.4672 4.5368 3.9356 4.2581 3.3582 4.5185 4.2567 4.4212 1.6588 
5.9414 6.4915 6.2897 5.8123 5.8655 4.5657 5.7079 5.3297 5.5673 5.9642 5.8360 5.0451 4.8804 4.0925 3.4041 3.9108 3.6845 3.8536 3.2515 3.8605 4.5186 4.6106 5.3254 5.3339 4.8259 4.4893 4.7065 3.4543 4.5302 4.2314 4.4064 4.0063 2.1624 
3.5050 5.6642 5.6890 4.8535 5.0402 3.7553 5.2350 5.2156 4.4757 5.3055 5.0487 5.0338 4.7752 4.6792 3.6989 4.3121 3.7249 4.2051 3.4935 4.4518 4.4554 4.5985 4.5136 4.6809 3.7804 4.4049 4.2826 2.6083 3.7007 3.2966 3.8046 3.2340 0.9786 
6.2663 6.9814 6.0858 5.2832 5.9525 5.2222 5.2076 4.5058 5.0522 5.5608 5.1896 5.2772 5.2778 4.4410 2.8435 4.3202 4.0781 4.2154 2.6936 4.1765 4.9760 4.8894 4.6651 4.9520 4.3627 3.6509 4.2406 4.0826 4.6082 3.7204 4.1132 4.5202 2.6491 
6.7637 7.1359 6.1380 5.6793 5.6231 5.3903 5.6600 5.6510 5.3747 4.8673 5.0468 4.5453 4.0345 3.3624 3.8303 4.1714 3.3087 4.0817 3.6387 3.1440 3.7198 4.1079 4.5243 4.2242 4.6179 4.8079 4.6564 4.2535 4.3136 4.0839 4.1794 4.6279 3.0510 
5.7708 6.3659 5.8750 5.8455 5.1844 5.1843 5.1856 4.5363 4.2985 5.2883 4.9501 4.9073 4.6221 5.1874 4.5581 3.0590 2.4403 2.9892 4.4165 4.9736 4.3348 4.4622 4.4120 4.6647 3.5301 3.6987 4.1975 4.0416 3.8743 4.2941 3.9668 3.8836 1.5551 
5.8759 6.0157 4.0365 5.5933 6.1467 6.1643 5.8155 5.7007 6.0205 5.6760 5.1766 5.4047 4.8486 4.6299 4.3805 4.9102 4.2059 4.8042 4.1851 4.4179 4.4975 4.9870 4.6450 5.0585 5.2551 4.8764 4.8558 5.0160 4.8086 3.9896 2.0788 3.4957 2.1627 
5.0027 5.8457 6.6578 6.3813 6.0494 5.3909 5.2392 5.4513 5.5623 3.9760 5.2140 4.6426 3.3842 4.8880 4.7405 4.4974 4.4104 4.4300 4.5753 4.6090 3.0586 4.2519 4.7002 3.3771 4.8197 4.5742 4.2772 4.2449 4.6576 4.8275 4.6962 3.4229 1.5536 
5.0758 6.2868 5.1697 5.6992 5.5745 5.6645 5.5282 5.6253 5.4436 5.0090 4.7548 5.0299 4.4841 5.2017 5.1834 4.9607 5.1268 4.8750 5.0322 4.9945 4.1240 4.5990 4.2477 4.3928 4.6758 4.7753 4.5017 4.5209 4.2391 4.1192 3.2535 3.8415 1.8915 
5.0067 5.6077 6.0160 5.9668 5.1191 5.3928 5.2817 5.8182 5.2190 5.4164 5.5471 4.6246 5.2018 4.5829 3.8987 4.0751 3.5947 4.0077 3.7599 4.3690 4.9215 4.2105 5.0136 4.7887 4.4987 4.9998 4.3381 4.2497 3.8240 4.3995 4.0606 3.2019 1.5851 
5.3105 5.9316 6.9269 6.4295 6.1104 5.7691 5.6148 5.4923 5.4150 5.6612 5.8268 5.0971 4.1416 5.0309 4.9570 5.0440 4.9829 4.9798 4.7600 4.7806 3.8231 4.6566 5.3141 5.0510 4.6630 4.5950 4.6066 4.6214 4.7374 4.8785 5.0453 3.4660 2.1830 
4.6531 6.1640 6.6225 6.2127 5.9360 5.5814 4.9798 5.2172 5.3281 2.1518 5.2948 5.5917 5.2998 5.0895 4.5307 4.4266 4.4378 4.3667 4.3948 4.8585 4.9908 5.1490 4.7897 1.1827 4.5932 4.4011 3.9837 4.4272 4.5862 4.6150 4.6719 3.7239 1.5038 
3.9086 6.1863 6.1190 5.7266 5.5130 4.9592 5.4315 5.5194 5.4044 4.5316 5.4837 5.2956 5.0515 5.3857 5.0964 4.2899 3.6354 4.1867 4.9604 5.1262 4.7031 4.9101 4.9630 3.9302 4.6411 4.6188 4.4415 3.8083 4.1196 4.1308 4.1906 3.7379 1.0094 
3.2397 6.2867 3.8020 5.2550 5.7673 5.1982 5.4537 5.1207 4.8451 5.3264 5.5359 4.6096 4.8271 4.0351 5.0041 4.6577 4.9758 4.5860 4.8406 3.8210 4.4827 4.1911 5.0013 4.7011 4.0788 4.2893 4.4496 4.0394 4.4533 3.7463 2.1026 3.8327 0.9534 
5.4450 6.1885 6.1133 6.1623 5.8228 5.3942 5.7847 4.6209 3.9045 5.1944 2.4223 4.7307 5.0543 3.5041 4.6148 3.8494 3.9211 3.7786 4.4693 3.2881 4.7059 4.3546 1.9018 4.5868 3.2186 3.8096 4.8255 4.2422 4.4941 4.5682 4.1713 3.7340 1.2898 
6.6360 6.8466 6.3958 5.6674 5.5838 5.8138 5.2764 5.2544 4.9029 5.5376 4.6390 5.0803 4.9452 4.9710 4.8351 4.8238 5.0052 4.7229 4.6430 4.6867 4.5667 4.6407 4.1320 4.9225 4.1382 4.4256 4.3383 4.6596 4.2549 4.0841 4.4793 4.4082 3.0441 
5.3459 5.8233 6.1826 6.1715 5.4631 5.0214 5.3021 5.1981 4.6932 5.6195 5.5304 4.8449 4.4593 4.7873 4.6790 4.0414 3.3987 3.9650 4.5230 4.5372 4.0977 4.4183 4.9961 5.0100 3.9843 4.3929 4.3510 3.8813 4.0808 4.5681 4.2907 3.3653 1.8745 
6.1124 6.4573 5.1687 4.2635 5.8553 4.2904 5.6578 5.7823 5.2791 4.4259 5.8425 4.9283 4.8475 4.5059 4.2205 4.1796 3.8129 4.0791 4.0374 4.2757 4.4966 4.4660 5.3358 3.8032 4.5486 4.9713 4.6594 3.2181 4.5324 2.5834 3.3114 3.9735 2.5717 
3.4135 6.4795 5.4093 6.4882 6.7480 6.0222 5.6076 5.7116 4.9231 4.4563 5.4477 5.0315 4.3596 4.0932 1.5999 4.0449 4.7451 3.9798 1.4891 3.8685 3.9812 4.6010 4.9436 3.8363 4.1455 4.8920 4.6003 4.8664 5.4109 4.9531 3.4253 4.0139 1.3631 
5.2717 5.2501 5.8462 5.6066 6.3767 6.4361 6.0321 5.1929 5.1035 5.1546 5.5158 5.4265 4.9497 4.0075 2.6835 3.5135 4.0397 3.4501 2.4839 3.7996 4.5751 4.9998 4.9813 4.5381 4.3987 4.3829 5.0246 5.2880 5.0617 4.0105 3.9502 2.7268 1.5132 
5.9449 5.7909 6.0703 6.8096 5.7821 5.7113 4.2919 5.6027 4.6931 5.3956 5.3241 4.8347 3.7950 4.9887 4.7814 4.3956 2.2906 4.3113 4.6083 4.7135 3.4260 4.4119 4.8189 4.7614 3.9817 4.7356 3.2804 4.5573 4.4645 5.2117 4.1357 3.3553 2.3415 
6.0940 5.9506 4.5089 6.1091 5.6847 4.9901 5.7954 5.2973 5.4477 4.9699 3.0585 4.1744 5.0621 4.8501 3.7133 3.1241 3.7383 3.0234 3.5126 4.5792 4.7181 3.7873 2.5614 4.3598 4.6844 4.4562 4.8358 3.8267 4.3737 4.5027 2.7477 3.4637 2.6271 
3.8369 6.2459 6.5279 4.4484 5.9173 5.7180 6.0983 5.3537 5.7705 5.3916 5.6504 4.7280 4.4766 4.8301 4.4058 4.6268 3.9282 4.5609 4.2240 4.5670 4.1244 4.3537 5.1248 4.7589 5.0602 4.5005 5.0748 4.5748 4.5749 2.7482 4.5992 3.8238 0.6870 
5.7569 6.7020 6.2071 6.0000 6.2277 6.2899 6.2711 6.1373 5.6617 4.5821 4.0429 5.0185 4.7686 2.7647 5.1399 4.8095 4.4798 4.7073 4.9991 2.6391 4.4458 4.5826 3.5264 3.9562 4.9596 5.2510 5.2740 5.1425 4.9275 4.4215 4.2810 4.2276 1.5684 
6.5566 6.6054 6.4460 6.2518 5.3480 5.1458 5.4046 5.6085 4.8996 5.1852 5.3804 5.0492 4.3686 5.1110 4.8565 4.8936 4.4318 4.7875 4.6575 4.8917 3.9866 4.6125 4.8722 4.5707 4.1134 4.7458 4.4251 4.0030 3.9933 4.6485 4.5360 4.0824 2.9180 
6.2672 6.7181 6.1126 5.6178 5.6580 5.2193 5.8016 4.8116 3.4166 4.7602 4.6121 3.3701 4.5875 2.9434 4.4676 4.4550 2.9872 4.3896 4.3314 2.7410 4.2786 2.9350 4.0892 4.1243 2.7135 3.9373 4.8435 4.0861 4.3635 4.0354 4.1487 4.2258 2.3165 
4.4068 6.3345 5.8729 6.0726 5.9064 4.6745 5.1847 5.5409 4.9269 5.3930 4.6330 4.5525 4.6606 5.0060 4.5181 4.5719 4.3816 4.4954 4.3826 4.7373 4.3765 4.1179 4.1329 4.7614 4.1462 4.6449 4.2008 3.5395 4.5584 4.4705 3.9472 3.8869 1.8563 
5.3003 6.2776 6.5249 5.6513 4.6082 2.9512 5.6077 5.4508 4.3691 5.8696 5.1580 4.5928 5.1514 3.0991 4.2215 3.9973 3.2553 3.9211 4.0401 2.8088 4.8336 4.1707 4.6203 5.2435 3.6227 4.5707 4.6096 1.7474 3.2919 4.0573 4.5863 3.8486 2.2021 
6.1931 6.9290 6.6980 4.8890 5.5331 4.3361 5.6876 5.5173 6.0713 5.7576 4.9452 4.6274 5.0105 5.1937 4.7304 5.1696 3.4579 5.0912 4.5688 4.9827 4.6455 4.2211 4.4156 5.1343 5.3005 4.6152 4.6901 3.1778 4.1624 3.3066 4.7283 4.4918 2.9175 
5.0615 6.3948 6.6967 5.7667 5.5219 4.4029 4.2278 5.2300 5.0279 4.8550 5.4593 4.7750 4.6107 4.9564 4.6493 4.6659 3.4735 4.5950 4.4998 4.6640 4.3003 4.3775 4.9481 4.2325 4.3084 4.4176 3.2370 3.2798 4.1374 4.1893 4.7563 3.9464 -1.2975 
5.8429 6.0424 6.3182 6.2007 4.4826 4.8605 5.3571 5.9059 4.9085 5.1836 5.7256 5.2801 5.1415 4.5962 3.9034 3.8833 3.4103 3.8214 3.7657 4.3830 4.8206 4.8894 5.1946 4.5704 4.1248 5.0596 4.3955 3.7259 3.1528 4.6053 4.4254 3.5508 2.3622 
6.3259 6.5332 6.1768 5.8293 6.0980 5.2003 3.5182 5.5659 5.6839 5.0746 5.5338 4.9940 4.0364 4.4056 4.9472 4.5260 4.6552 4.4534 4.7442 4.1298 3.7301 4.5448 4.9998 4.4641 4.9774 4.6865 2.5241 4.0445 4.7176 4.2967 4.2409 4.0421 2.6756 
5.7767 5.6795 5.6666 5.3928 5.2796 5.0031 5.2963 5.2345 4.5060 4.3764 4.5925 4.4835 4.4046 4.9992 4.6717 3.2412 3.5879 3.1754 4.5169 4.7298 4.0427 4.0422 4.0528 3.7613 3.7995 4.4162 4.3584 3.8552 3.9518 3.8267 3.7903 3.2422 2.2554 
5.5376 4.6621 6.6474 5.0617 5.7088 5.5119 5.5994 5.2545 5.6147 4.8839 5.2980 4.4236 4.1451 4.8335 3.9207 3.8710 3.4076 3.8095 3.7910 4.5657 3.8409 3.9732 4.7873 4.2443 4.9055 4.4411 4.5913 4.3687 4.3993 3.4575 4.6853 2.4248 2.0975 
5.1267 6.8672 6.7139 6.6356 6.3969 5.8190 5.1857 3.8148 4.9725 4.9413 5.0908 5.3629 4.6528 4.4011 3.8382 4.1172 3.7422 4.0355 3.6567 4.1241 4.3642 4.9653 4.5702 4.3010 4.2235 2.9573 4.1955 4.6678 5.0737 5.0325 4.7675 4.4282 1.1797 
6.1039 6.1808 5.6512 6.3976 5.6496 4.7439 5.3100 5.7535 5.7428 4.8948 4.5360 5.0251 5.3541 4.8892 4.0668 4.4254 4.0497 4.3695 3.9187 4.6084 5.0264 4.5868 4.0144 4.2569 5.0249 4.9441 4.3679 3.5791 4.3289 4.8502 3.7341 3.7537 2.6653 
6.1602 6.6881 5.7612 6.1017 3.8480 5.7353 5.4937 5.4653 5.0893 5.5064 5.5170 5.4285 4.9285 3.9857 4.6229 4.4460 4.0547 4.3838 4.4815 3.7736 4.5516 4.9985 4.9857 4.8669 4.3827 4.5854 4.4725 4.5937 2.6011 4.4909 3.8546 4.1605 2.0541 
5.7967 6.5336 6.8708 6.3707 5.9200 6.1016 5.4000 4.4581 4.6091 5.2586 5.2476 3.9778 4.4689 2.6473 3.6531 4.3882 3.8478 4.3038 3.4654 2.3503 4.1175 3.5428 4.7368 4.6317 3.8926 3.6168 4.4121 4.9540 4.5818 4.8025 4.9804 4.0557 1.8418 
5.7992 6.1302 4.7595 5.9501 5.0295 4.8657 5.0894 5.1514 5.2436 5.2303 5.7162 5.2094 3.9161 4.9577 4.7347 4.5775 4.4833 4.4992 4.5770 4.6635 3.5633 4.8069 5.1894 4.6159 4.5262 4.3390 4.0963 3.7321 3.6672 4.3964 2.7969 3.6384 2.0862 
6.6833 7.1961 6.2329 6.4915 5.1849 6.0205 5.6078 4.7950 5.2106 5.3891 5.0454 4.9212 5.1137 4.1211 4.8648 4.1828 3.4580 4.0852 4.6621 3.8949 4.7817 4.4685 4.5219 4.7534 4.5012 3.9362 4.6060 4.8723 3.8734 4.9451 4.3044 4.6765 2.7293 
6.0304 6.3323 6.1382 5.6398 4.9781 4.6885 5.8028 5.7300 5.1440 5.7082 5.6087 5.5784 5.1206 4.8630 3.0289 2.7063 3.1439 2.6589 2.8888 4.5900 4.7988 5.1339 5.0822 5.0909 4.4294 4.9099 4.8455 3.4952 3.5975 4.0159 4.2402 3.8322 1.9418 
5.7660 6.2632 6.2939 5.2574 5.4252 5.2898 5.2817 5.9074 5.5158 5.3403 4.4691 4.9951 5.0901 4.5317 3.8110 3.4877 3.6458 3.4149 3.6240 4.3060 4.7520 4.5531 3.9499 4.7033 4.7468 5.0603 4.3496 4.1405 4.0505 3.6875 4.3984 3.8335 2.1341 
6.5514 6.7926 6.1319 4.3471 5.5282 5.5729 4.8780 4.9589 4.4361 4.6487 4.6111 5.0155 5.0329 4.6081 3.2795 5.0621 3.4526 4.9960 3.0954 4.3895 4.6780 4.5766 4.0908 4.0422 3.7062 4.0527 3.8924 4.4269 4.1502 2.7601 4.1993 4.3379 2.8197 
4.9403 5.0080 6.7447 6.6585 6.3540 5.9766 6.1820 5.0710 5.0697 3.2026 4.9061 4.4933 4.8845 4.5054 4.9966 4.4932 4.9002 4.4279 4.8284 4.2834 4.5247 4.0449 4.3877 2.6138 4.3716 4.2104 5.1795 4.8262 5.0354 5.0417 4.8450 2.7124 1.7423 
5.6565 6.6462 6.4868 6.3411 6.1719 5.8239 5.2889 5.4234 5.5259 5.5886 5.3114 5.7594 4.9122 4.7855 3.7467 4.5984 4.5894 4.5182 3.5471 4.5281 4.5353 5.3417 4.8032 4.9797 4.7608 4.5543 4.3354 4.6702 4.8361 4.7802 4.5636 4.1466 1.5595 
5.0533 6.3759 6.3635 6.1088 5.6029 3.9645 5.1823 4.8955 5.5313 5.5336 5.0053 5.2970 5.4742 5.0962 4.3617 4.0537 3.5554 3.9851 4.1523 4.8688 5.1076 4.9119 4.4824 4.9108 4.7729 4.0132 4.2084 2.8585 4.2617 4.4989 4.4698 3.9386 0.7580 
5.6616 6.1896 6.1695 6.1676 4.4217 5.5043 5.0167 5.8048 5.2637 5.7652 4.9419 5.2639 4.7668 3.9466 4.7732 4.4426 4.6983 4.3795 4.5997 3.7349 4.4391 4.8713 4.4024 5.1525 4.5424 4.9894 4.0126 4.3579 3.0375 4.5664 4.2538 3.7492 2.3322 
5.8743 6.1309 6.5117 6.3103 6.1910 5.1792 4.9220 5.5115 5.7802 4.6116 5.1552 4.6647 4.9631 4.1152 4.5272 4.8733 4.0843 4.7697 4.3946 3.8959 4.5986 4.2533 4.6223 3.9791 5.0690 4.6141 3.9205 4.0095 4.8618 4.7470 4.5896 3.6900 2.3738 
5.6786 6.7120 6.4545 6.4045 6.1506 5.0592 5.6242 5.5158 4.9533 3.4142 4.5062 4.4050 4.3044 4.9632 4.6485 1.6421 4.4471 1.6372 4.4982 4.6791 3.9426 3.9516 3.9857 2.8070 4.1843 4.6174 4.6139 3.8914 4.7895 4.8616 4.5455 4.2212 1.1615 
5.3590 6.0959 6.1883 6.4324 5.9133 4.4231 5.7575 6.0752 4.4517 4.9918 4.5953 4.9608 5.1758 4.3416 3.7665 4.5169 3.8819 4.4434 3.5540 4.0446 4.8666 4.5056 4.0577 4.3861 3.7145 5.1783 4.7801 3.2313 4.5684 4.8874 4.3102 3.5972 1.6658 
6.1939 6.7732 6.1547 5.3123 5.6655 4.9447 5.2768 5.0790 4.8480 5.0467 5.5354 4.8749 4.7983 4.8053 4.3856 4.5161 3.9533 4.4464 4.1921 4.5449 4.4678 4.4343 5.0028 4.4363 4.0807 4.2395 4.3278 3.7970 4.3662 3.7682 4.2080 4.3367 2.6391 
5.4225 6.1914 6.5109 6.1594 5.9599 5.8374 5.3921 4.4558 5.0585 4.7230 4.0616 4.5870 4.7538 4.6757 4.2695 3.2278 3.9063 3.1521 4.0667 4.4541 4.4332 4.1699 3.5389 4.0908 4.3656 3.6062 4.4109 4.6891 4.6103 4.5490 4.5876 3.7603 1.4051 
4.1956 6.4952 6.6745 6.7095 6.7214 5.8564 5.3299 5.3899 5.2883 5.7173 5.7157 3.6598 4.6383 3.6805 4.8968 4.5450 4.5354 4.4724 4.6938 3.4254 4.3565 3.2645 5.1877 5.1012 4.5577 4.5326 4.3769 4.6956 5.3695 5.1084 4.7166 4.0337 0.8789 
3.8638 5.6284 6.0049 5.4164 5.0072 5.6579 4.9538 4.6137 5.2343 5.6295 5.7400 4.9745 4.6130 4.8304 4.5440 4.6176 3.1062 4.5461 4.4093 4.5630 4.3131 4.5266 5.2041 5.0179 4.5260 3.7971 3.9238 4.5146 3.6620 3.8395 4.0580 3.2087 -0.4199 
6.1657 6.1549 5.9181 5.8846 4.7645 5.5105 4.7844 5.7625 4.9709 2.2210 5.2283 4.9598 3.9057 4.7557 4.0363 3.1729 3.8277 3.0434 3.8847 4.5088 3.5789 4.5035 4.7203 1.5795 4.2137 4.9521 3.8323 4.3634 3.3924 4.3444 3.9918 3.6775 2.5079 
2.9451 6.1161 6.7333 6.2304 6.1345 5.0137 5.1047 5.4559 5.0676 5.0831 4.7885 4.6007 4.8624 3.4573 3.4544 3.0280 2.6491 2.9345 3.3053 3.2368 4.5065 4.1801 4.2870 4.4648 4.3672 4.5791 4.1002 3.8719 4.7709 4.6341 4.8154 3.6682 0.4548 
4.4802 5.7695 5.6751 5.1990 5.8515 5.1633 5.4158 5.7644 5.5747 5.6595 5.2695 5.1238 5.7905 5.7735 5.4084 5.3714 4.8446 5.2720 5.2130 5.5632 5.5130 4.6984 4.7548 5.0451 4.8410 4.9568 4.4260 4.0159 4.5253 3.6476 3.8029 3.3115 -0.3327 
5.0961 6.4352 6.0190 5.8653 6.2156 6.0371 6.1688 5.6032 5.2983 5.1969 4.8987 4.6228 4.4945 4.4671 4.9025 4.6361 3.6181 4.5660 4.6999 4.2169 4.1503 4.2266 4.3785 4.5889 4.5710 4.7284 5.1634 4.8909 4.9187 4.3030 4.0641 3.9821 0.7619 
5.6880 5.1950 5.8584 5.7656 5.0636 3.4140 5.3389 4.8964 4.1316 3.7378 5.2180 4.3815 4.2899 4.9546 4.8733 4.6128 4.5241 4.5381 4.6733 4.6609 3.9390 3.9213 4.7060 3.1112 3.4048 4.0097 4.3838 2.3004 3.7344 4.2224 3.9412 2.6280 1.8797 
5.5685 5.9443 5.5634 6.2516 4.3524 5.6980 6.0255 5.7274 5.1241 5.5335 4.9551 5.0336 4.5728 4.7537 4.6189 4.4834 4.5885 4.4216 4.4699 4.5116 4.2477 4.5978 4.4186 4.9175 4.4044 4.9122 5.0244 4.5596 3.0126 4.6621 3.6726 3.4623 1.9180 
5.4065 6.1511 6.3261 5.0206 5.6528 4.8973 5.6061 5.6317 5.5991 5.3616 5.7775 5.5573 4.9677 4.8865 4.4749 3.9451 3.0860 3.8669 4.3452 4.6043 4.6049 5.1073 5.2662 4.7326 4.8805 4.7759 4.6063 3.7192 4.3500 3.4020 4.4307 3.6782 1.6638 
6.1124 6.6623 6.5722 6.1167 5.6127 4.2666 4.5708 5.3656 5.7137 5.6236 5.5180 4.6090 5.1312 3.6117 4.1924 4.5742 4.2689 4.4983 4.0208 3.3655 4.8060 4.2033 4.9808 5.0108 5.0038 4.5121 3.5779 3.1110 4.2834 4.5012 4.6178 4.1646 2.6274 
5.1942 6.1083 6.0571 4.9496 5.8368 5.5152 5.8712 5.6677 4.9642 4.6105 4.9315 4.7355 5.2569 4.9226 4.7790 4.5948 4.2008 4.5184 4.6077 4.6266 4.9661 4.3615 4.3991 3.9913 4.2025 4.8222 4.9248 4.3728 4.5055 3.3779 4.0733 3.6235 0.8027 
