4.1064 3.7708 3.0330 3.1453 2.8313 2.0793 3.0914 2.7040 2.6982 2.6656 1.7018 3.0176 2.1724 2.5238 2.1939 2.2665 1.5610 2.1980 2.0645 2.2872 1.8938 2.6306 1.2514 2.1292 2.0823 2.0040 2.2215 1.0784 1.6653 1.7768 1.3711 1.6241 1.0474 
4.1889 3.5229 2.8818 3.1759 3.1076 1.6059 0.8632 1.8981 2.5138 2.0559 2.3959 1.6729 2.2220 1.7842 2.1217 1.9420 0.5272 1.8505 2.0054 1.5839 1.9849 1.2949 1.9641 1.5280 1.8665 1.1457 -0.0044 0.6043 1.9776 1.8249 1.2091 1.3138 1.0966 
4.5199 3.6689 2.9625 3.0831 2.2089 2.8779 2.3787 2.5405 2.2353 2.1852 2.3922 2.0944 1.2881 1.8417 1.9882 0.6646 1.4433 0.5966 1.8095 1.6275 1.0322 1.7114 1.9609 1.6481 1.6208 1.7811 1.5355 1.8849 1.0667 1.7044 1.2349 1.4987 1.4014 
4.1895 2.6219 2.9188 2.0516 2.3939 2.5612 2.6747 2.6826 2.2847 2.0365 1.3209 2.5607 2.8593 2.5423 2.5428 2.3556 2.0999 2.2711 2.4041 2.3098 2.5707 2.1831 0.8964 1.5076 1.6551 1.9811 1.8184 1.5663 1.2104 0.6249 1.2090 0.6399 1.1012 
4.3653 3.6555 3.5482 3.3616 3.0751 2.5670 2.1687 2.0815 2.5658 2.4308 2.4415 2.0832 2.3425 2.7548 0.7069 1.3858 2.2057 1.3048 0.5645 2.5597 2.0631 1.7053 1.9974 1.8846 1.9529 1.3451 1.3141 1.5723 1.9338 2.0088 1.9042 1.4982 1.2543 
3.1647 1.2506 2.3003 1.5580 0.9431 2.1528 1.0156 1.5404 2.0217 1.0989 1.3649 1.6159 1.9082 2.0593 1.0146 1.9141 2.0073 1.8353 0.8907 1.8298 1.6061 1.2355 0.9202 0.5770 1.3839 0.7571 0.1457 1.1578 -0.1253 0.1892 0.6808 -0.9052 0.0133 
4.5464 3.8910 3.5039 2.8986 2.0938 2.2652 2.8493 2.8810 2.7625 1.9193 2.0173 1.5384 2.6493 1.7073 1.7486 1.0811 -0.0898 1.0288 1.6195 1.5159 2.3725 1.1632 1.5607 1.3639 2.1382 2.1362 2.0158 1.2823 0.9774 1.5375 1.8192 1.6914 1.4440 
4.4987 3.8448 3.2934 3.5197 3.2251 2.8870 3.0564 2.9676 2.5336 2.3200 3.0493 2.5286 2.5781 2.1564 2.1534 1.5293 2.2617 1.4751 2.0300 1.9815 2.2737 2.1401 2.5936 1.7828 1.8934 2.1976 2.1880 1.9037 2.0854 2.1378 1.6338 1.6646 1.3706 
3.8497 3.1997 3.6029 2.8992 2.7452 2.9223 2.9117 2.5125 2.8699 2.5303 2.7064 2.7555 2.1133 2.2489 2.5442 2.4487 1.3546 2.3549 2.4083 2.0556 1.8206 2.4166 2.2636 2.0046 2.2162 1.7429 2.0497 1.9349 1.6001 1.5272 1.9769 1.0686 0.7104 
2.2619 3.5531 3.4683 3.4530 3.2631 3.1579 3.3810 2.8666 2.7858 2.7278 2.7612 2.2586 2.3532 2.0551 2.2262 2.0371 1.7972 1.9893 2.0983 1.8200 2.0706 1.9088 2.3195 2.2006 2.1563 2.1226 2.5314 2.1719 2.1182 2.0690 1.7765 1.4451 -0.4268 
4.6042 5.3359 4.6725 4.4159 4.0590 3.8357 3.9331 3.7593 3.5707 3.5837 3.5531 3.5779 3.4718 3.3566 3.0845 3.0189 3.1302 2.9599 2.9715 3.1327 3.1464 3.1971 3.0976 3.0549 2.9635 3.0451 3.0616 2.8458 2.9164 3.0416 3.0260 3.2022 1.6783 
5.5690 5.0561 4.4405 4.0395 3.6034 3.5299 3.2274 2.7558 3.2580 3.0507 2.2696 2.2702 3.1962 2.9410 2.8145 2.0550 1.3395 1.9897 2.6678 2.6951 2.9436 1.9446 1.8078 2.5245 2.6326 2.0624 2.3859 2.5367 2.4830 2.6581 2.7524 2.9152 2.5417 
3.3296 5.3619 4.6300 4.1705 4.0252 4.1035 3.6997 3.6461 3.6902 3.4812 2.9239 3.0553 3.0127 3.2553 3.0685 3.0266 2.5737 2.9721 2.9433 3.0606 2.6964 2.6780 2.4858 2.9297 3.0705 2.9382 2.8634 3.1129 2.8617 2.8106 3.0013 3.2284 -0.4695 
5.1066 5.5142 4.5751 4.4605 4.0502 3.9348 3.6947 3.5357 3.5104 3.4973 3.4953 3.4677 3.4332 3.0790 3.1833 3.0608 3.1062 3.0055 3.0548 2.8681 3.1197 3.0734 3.0344 2.9648 2.8644 2.7774 2.8536 2.9394 2.8925 3.0603 2.8970 3.3784 2.2369 
5.4920 6.1108 5.4610 5.0395 4.7399 4.6282 4.5235 4.3378 4.2187 4.0982 4.0014 4.0854 4.1039 3.9979 3.8433 3.8904 3.7503 3.8030 3.6902 3.7494 3.8136 3.7025 3.5419 3.5667 3.6009 3.5981 3.6511 3.6366 3.5936 3.6611 3.7476 4.0072 2.2944 
5.8014 5.7967 5.1399 4.7225 4.5714 4.4271 4.2485 4.1926 4.0360 4.0019 4.0168 3.9042 3.7977 3.8170 3.5680 3.6920 3.6256 3.6292 3.4487 3.6031 3.5279 3.5334 3.5590 3.4781 3.4103 3.4958 3.4281 3.4363 3.4412 3.3796 3.5134 3.6612 2.7635 
5.6214 5.6185 4.7353 4.5074 4.1930 4.1378 3.7701 3.7521 3.7732 3.5382 3.4814 3.5480 3.2471 3.3687 3.3754 3.3841 3.5123 3.2981 3.2095 3.1443 2.9980 3.1674 3.0213 3.0115 3.1459 3.0399 2.9537 3.1446 3.0604 3.1207 3.0839 3.5055 2.5622 
6.3038 6.0412 5.1525 4.8219 4.5773 4.3905 4.1862 4.0871 4.0244 4.0393 3.8983 3.8016 3.8140 3.6601 3.6170 3.6658 3.6055 3.5991 3.5008 3.4807 3.5390 3.4711 3.4651 3.5123 3.3933 3.3563 3.3409 3.3968 3.4472 3.4850 3.5208 3.9067 3.2617 
6.0958 6.0270 5.1847 4.8401 4.6476 4.5190 4.2178 4.2043 4.0856 3.9494 3.8099 3.7981 3.8162 3.7116 3.6939 3.6886 3.6736 3.6227 3.5686 3.5270 3.5404 3.4688 3.3729 3.3984 3.4821 3.5060 3.3882 3.5265 3.5146 3.4939 3.5557 3.8917 3.0707 
5.4622 5.4911 4.5339 4.0003 3.5060 3.7493 2.8320 2.5689 2.6651 2.7087 2.9780 2.6876 2.8599 2.8134 1.3784 2.5966 2.2454 2.5367 1.3354 2.5972 2.5678 2.3299 2.5153 2.1989 2.0674 1.8269 1.9506 2.7414 2.3312 2.5841 2.8639 3.3382 2.5004 
5.9827 6.0065 4.9055 4.6267 4.4937 4.0657 4.0934 3.9773 3.9059 3.7440 3.6808 3.6203 3.6362 3.7155 3.5473 3.4514 3.4882 3.3602 3.4135 3.5301 3.3572 3.2454 3.2218 3.2039 3.2443 3.1987 3.2284 3.0718 3.3073 3.2587 3.2072 3.8653 2.9904 
3.9871 5.8165 5.1860 4.8943 4.6399 4.5398 4.4730 4.2417 4.2277 4.1185 4.0302 4.0307 3.9822 3.8713 3.8202 3.7623 3.6660 3.6920 3.6750 3.6447 3.6599 3.6479 3.5736 3.5855 3.6091 3.5312 3.5882 3.5484 3.5080 3.5248 3.5456 3.6875 1.5455 
3.6763 5.3470 4.4606 4.4117 4.2217 4.0788 3.9521 3.7721 3.6984 3.7055 3.6757 3.6159 3.3932 3.4945 3.2202 3.3498 2.9281 3.2651 3.0949 3.2421 3.0927 3.2374 3.2160 3.1808 3.0846 3.0523 3.0730 3.0855 3.0795 3.0378 2.7470 3.1988 -0.6688 
6.0021 5.9091 4.7258 4.3633 4.0004 4.0046 3.8825 3.8073 3.6418 3.4751 3.3688 3.3103 3.2306 3.2558 3.2388 3.1454 3.0468 3.0814 3.1088 3.0606 2.9867 2.9811 2.9287 2.9254 3.0285 3.0764 3.0308 3.0138 2.8190 3.0050 3.0701 3.7347 2.9859 
5.6790 5.6586 4.9303 4.6382 4.4792 4.2145 4.0060 4.0159 3.8267 3.7079 3.7090 3.6309 3.5735 3.5296 3.4964 3.3970 3.4405 3.3100 3.3293 3.2965 3.2715 3.2572 3.2640 3.1849 3.1902 3.2509 3.1291 3.2226 3.2880 3.2680 3.2407 3.5381 2.6450 
5.0961 5.1561 3.8408 3.3359 3.5883 3.0020 1.1908 2.5753 2.9274 2.8837 2.9049 2.5281 2.0461 1.6878 2.5942 2.3658 2.7739 2.2770 2.4769 1.4823 1.7102 2.1509 2.4727 2.3292 2.2534 1.8175 0.5519 1.9945 2.4284 1.9276 2.1225 3.0358 2.1865 
6.0074 5.5830 4.6398 4.0869 3.9496 3.4835 3.5546 3.5566 3.2985 3.4395 3.2211 3.2246 3.0074 3.2581 2.9888 2.9768 2.5607 2.8840 2.8137 3.0621 2.6921 2.8828 2.7768 2.8913 2.6662 2.8072 2.6875 2.4867 2.7491 2.6971 3.0011 3.4832 2.9993 
6.0982 5.7850 4.8017 4.3707 4.1495 3.9940 3.9727 3.6998 3.5229 3.5409 3.5451 3.4860 3.3102 2.8903 3.1537 3.0391 3.4297 2.9866 3.0306 2.6592 3.0373 3.0909 3.0883 3.0124 2.8828 3.0011 3.0845 2.9971 3.0108 3.0030 3.1307 3.6588 3.0979 
5.8015 5.6846 4.8598 4.5753 4.1814 4.0073 3.7030 3.7642 3.5405 3.4972 3.4681 3.1928 3.1719 3.3460 3.1976 2.9446 3.0694 2.8543 3.0724 3.1260 2.9011 2.8327 3.0091 2.9655 2.9138 3.0460 2.8657 3.0109 3.0322 3.1891 3.1677 3.5699 2.8379 
5.3487 5.0031 4.6848 4.1511 3.9733 3.8075 3.3876 2.9325 3.3711 3.1964 3.2292 3.0422 3.0732 2.7383 3.0351 3.0364 2.7952 2.9842 2.8941 2.5467 2.7715 2.6590 2.7866 2.6669 2.7161 2.1763 2.5302 2.8159 2.7704 2.7799 3.0479 2.8706 2.3046 
5.7917 5.3964 4.4887 4.1882 3.8957 3.4725 3.4943 3.4769 3.3362 3.3013 2.9252 3.3414 3.3435 3.1781 3.0444 2.9662 2.9774 2.8761 2.9057 2.9944 3.0593 2.9980 2.4923 2.7564 2.6969 2.6980 2.6161 2.4708 2.7062 2.8243 2.8007 3.2441 2.7608 
5.6843 6.0082 5.3860 4.9078 4.6081 4.5321 4.3402 4.2825 4.2204 4.0463 3.9962 3.9973 3.9571 3.9155 3.8150 3.8050 3.7254 3.7235 3.6709 3.6776 3.6351 3.6062 3.5355 3.5177 3.6020 3.5580 3.5023 3.5377 3.4793 3.5263 3.6894 3.8757 2.7970 
5.9084 5.3841 4.8041 4.3765 4.2625 4.0877 3.9293 3.8251 3.6860 3.5840 3.4321 3.4804 3.4851 3.4215 3.2398 2.9966 3.2304 2.9194 3.1101 3.1822 3.1628 3.0855 2.9898 3.0542 3.0654 3.0895 3.0586 3.0989 3.1174 3.0186 3.1582 3.2561 2.8306 
5.1810 4.9460 4.0011 3.8142 3.6862 3.6762 3.5163 3.4693 3.5600 3.4075 3.4880 3.2623 3.1901 2.8391 2.9834 2.8957 2.5207 2.8050 2.8086 2.6175 2.9254 2.9230 3.0265 2.8646 2.9499 2.6974 2.6428 2.6936 2.5474 2.4946 2.3566 2.8336 2.1008 
5.1892 5.9917 5.1949 4.8507 4.6400 4.4754 4.2682 4.2056 4.1499 3.9749 4.0118 4.0096 3.7922 3.7749 3.7635 3.7481 3.6579 3.6856 3.6286 3.5733 3.5236 3.6220 3.5529 3.4271 3.5339 3.5062 3.4479 3.4811 3.5069 3.4974 3.5502 3.8460 1.9603 
4.6666 5.0757 4.4768 4.1466 3.9290 3.5976 3.3109 3.2708 3.4106 3.0176 3.1392 3.1047 2.5449 2.3388 2.9656 2.9905 2.0647 2.9062 2.7879 2.1230 2.2315 2.7216 2.6900 2.4917 2.7489 2.5515 2.4926 2.5999 2.7337 2.7726 2.7719 2.9731 1.5140 
6.2165 5.9207 5.1792 4.6867 4.3279 4.2960 3.9415 4.0538 3.9683 3.7631 3.6961 3.6216 3.7597 3.5980 3.6147 3.5195 3.3180 3.4592 3.4996 3.3975 3.5034 3.2460 3.2507 3.2209 3.2984 3.3098 3.0649 3.3076 3.1644 3.3275 3.5409 3.7347 3.1738 
6.1521 5.9659 4.8990 4.3058 4.0112 3.5513 3.7465 3.5003 3.1950 3.3705 3.0906 3.0830 2.8885 3.0116 2.8328 2.2772 2.2235 2.2054 2.6790 2.7631 2.5828 2.6985 2.6357 2.8245 2.5641 2.7265 2.9128 2.5533 2.8274 2.9666 3.1943 3.7890 3.1452 
5.6873 5.6868 5.1340 4.8004 4.5488 4.4627 4.1916 4.1274 4.0638 4.0653 3.8576 3.8077 3.8377 3.6821 3.6942 3.6274 3.6129 3.5649 3.5689 3.4967 3.5541 3.4782 3.4211 3.5367 3.4568 3.4129 3.3556 3.4731 3.3997 3.4745 3.5082 3.5735 2.6618 
6.4500 6.0690 5.2955 4.8845 4.6442 4.5735 4.5134 4.3797 4.2163 4.0889 4.0906 4.0480 3.9763 3.8731 3.7955 3.9018 3.7569 3.8132 3.6563 3.6454 3.6519 3.6691 3.6386 3.5585 3.5998 3.6298 3.6395 3.5839 3.5126 3.5220 3.6404 3.9435 3.3744 
6.0107 5.5088 4.0335 3.5627 3.6182 3.2323 2.4178 0.5909 2.6851 1.3764 2.0324 2.0910 1.6785 1.9455 1.5667 1.8431 1.8855 1.7508 1.4139 1.6946 1.3937 1.7026 1.5880 0.8253 2.0639 -0.0930 1.5474 2.2210 2.4880 2.1632 2.4016 3.3678 3.0023 
4.5596 5.2736 5.1185 4.7608 4.5110 4.3875 4.2296 4.1781 4.0886 4.0376 3.9716 3.7423 3.6965 3.6957 3.8245 3.7488 3.6399 3.6858 3.6791 3.5145 3.4470 3.4036 3.5090 3.5111 3.4856 3.4789 3.4061 3.3997 3.3377 3.4292 3.4928 3.1575 1.3296 
5.1524 5.2014 3.6699 3.5217 3.3926 3.1850 3.0421 3.1022 3.2927 3.2698 3.3836 2.8601 3.1072 3.0234 3.1218 2.9241 2.7705 2.8338 3.0054 2.7830 2.8154 2.5080 2.9484 2.7266 2.6612 2.3678 2.1653 2.1844 2.2004 2.1125 1.9677 3.0705 2.0112 
5.2715 5.8826 5.0483 4.6513 4.5366 4.3925 4.1909 4.0544 3.9869 3.9873 3.7526 3.8470 3.7840 3.7138 3.6723 3.5750 3.5187 3.5182 3.5445 3.5288 3.5191 3.4994 3.3132 3.4505 3.3278 3.3074 3.3514 3.4009 3.3776 3.2784 3.3729 3.7202 2.0306 
5.5916 5.6531 5.0646 4.6653 4.4940 4.2167 4.0553 4.1206 4.0373 3.9936 3.8259 3.7696 3.6903 3.6313 3.5247 3.6523 3.5439 3.5878 3.3782 3.4462 3.4314 3.4344 3.3896 3.4641 3.4130 3.4055 3.1907 3.2253 3.3143 3.2988 3.4284 3.5615 2.5596 
5.2074 5.6737 5.1716 4.8708 4.6482 4.4900 4.4563 4.2280 4.1837 4.1141 4.1276 4.0489 3.9264 3.7397 3.8357 3.7918 3.6977 3.7110 3.6874 3.5474 3.6138 3.6694 3.6781 3.5829 3.5634 3.5217 3.5758 3.4998 3.5160 3.5147 3.5340 3.5769 2.1988 
5.9772 6.1026 5.4762 5.1637 4.9914 4.6940 4.6175 4.5184 4.4598 4.3074 4.2401 4.1709 4.1300 4.0931 4.0991 3.9837 3.9738 3.9006 3.9854 3.8926 3.8493 3.8052 3.7992 3.7634 3.7919 3.7567 3.7558 3.7016 3.8094 3.7973 3.7850 3.9946 2.8616 
5.9470 5.5982 4.7572 4.5746 4.4238 4.1157 4.0437 3.9332 3.7387 3.5640 3.6138 3.5799 3.5182 3.5143 3.3357 3.4184 3.5903 3.3305 3.1900 3.2726 3.1990 3.1991 3.1638 3.0343 3.1188 3.1694 3.1756 3.1259 3.2307 3.1969 3.1128 3.4805 2.8582 
5.4662 5.5580 4.8857 4.3169 4.2089 4.0882 3.6465 3.7788 3.5110 3.5333 3.4731 3.4681 3.2278 3.1822 3.2917 3.1210 3.1900 3.0588 3.1527 2.9986 2.9840 3.0738 3.0119 3.0063 2.8693 3.0555 2.7910 3.0939 3.0722 2.9822 3.1980 3.4805 2.4275 
5.9613 5.4642 4.6806 3.8167 3.6384 3.2561 2.6943 2.4122 1.8907 1.6976 2.5071 2.4837 2.1202 1.5951 2.4893 2.2642 0.1084 2.2009 2.3096 1.3852 1.8255 2.0840 2.0450 1.1446 1.2267 1.6501 1.8301 2.2591 2.5017 2.4706 3.0356 3.2717 2.8966 
6.0414 5.1334 4.2556 4.0381 3.8139 3.4088 2.6937 2.4333 1.0950 2.3814 1.7180 1.8970 2.7795 2.8308 2.6977 1.9053 1.6982 1.8307 2.5726 2.6166 2.5164 1.5156 1.3216 1.8185 0.5959 1.6490 1.8736 2.4326 2.6655 2.6705 2.6145 2.9798 2.9756 
5.6765 5.5905 4.6935 4.4924 4.3228 4.1922 3.6505 3.8358 3.7609 3.5733 3.5344 3.5361 3.2333 3.4488 3.4526 3.3620 3.1941 3.2753 3.2756 3.1982 2.9895 3.1511 3.0785 3.0431 3.1371 3.0981 2.7957 3.1996 3.1642 3.1051 3.0680 3.4834 2.6596 
6.0770 6.3451 5.6487 5.2766 5.0498 4.8950 4.7265 4.6723 4.5777 4.4697 4.4682 4.3591 4.3459 4.1899 4.1890 4.1250 4.1375 4.0626 4.0625 4.0065 4.0584 4.0055 4.0061 3.9209 3.9762 3.9739 3.9019 3.9038 3.9047 3.9438 4.0116 4.1941 3.0250 
6.2968 6.4285 5.7954 5.4624 5.2127 5.0804 4.9262 4.8981 4.7379 4.6566 4.5896 4.5477 4.4997 4.4585 4.3895 4.3764 4.2718 4.2892 4.2201 4.1973 4.1843 4.1698 4.1374 4.1220 4.1165 4.1422 4.0554 4.0893 4.0744 4.0682 4.1354 4.2576 3.1957 
6.4319 6.2729 5.4717 5.0956 4.9087 4.7725 4.6135 4.5368 4.4579 4.3128 4.2367 4.1737 4.1205 4.0947 4.0312 4.0479 3.9987 3.9939 3.8912 3.8949 3.8374 3.8085 3.7955 3.7693 3.7903 3.7845 3.7512 3.7838 3.7204 3.7209 3.7866 4.1376 3.4085 
6.2143 6.3670 5.6707 5.3144 5.1310 5.0013 4.8599 4.6955 4.6358 4.5536 4.4932 4.4524 4.3915 4.2412 4.2705 4.2014 4.2146 4.1432 4.1339 4.0477 4.0890 4.0619 4.0331 4.0253 4.0229 3.9985 4.0143 4.0102 4.0012 3.9807 4.0302 4.2080 3.1657 
6.4872 6.4982 5.8169 5.5149 5.2388 5.0994 5.0080 4.7843 4.7757 4.6703 4.6127 4.5717 4.4974 4.4801 4.3493 4.3306 4.3422 4.2474 4.1909 4.2229 4.1828 4.1907 4.1622 4.1350 4.1481 4.0597 4.1336 4.1086 4.0948 4.1320 4.1571 4.3517 3.4239 
6.0575 6.0490 5.1919 4.8049 4.5997 4.5132 4.3980 4.2468 4.2188 4.1482 3.9917 3.9862 3.9380 3.8112 3.7734 3.8296 3.7313 3.7469 3.6379 3.5990 3.6226 3.5933 3.5310 3.6139 3.6019 3.5364 3.5393 3.5237 3.4789 3.4767 3.5617 3.9335 3.0522 
5.9685 5.1105 4.2025 4.2705 4.0116 4.0117 4.0548 3.8116 3.6099 3.4629 3.5249 3.4657 3.4385 3.2148 3.2583 3.1702 2.9456 3.1029 3.1261 3.0301 3.1237 3.0730 3.0672 2.9124 3.0036 3.0803 3.1901 3.0214 2.8399 2.9402 2.5644 2.9544 2.8645 
4.9953 5.1768 3.4234 3.6911 2.4799 3.1280 3.0119 2.6229 2.6196 2.7260 2.7438 2.2169 2.7778 2.9356 2.4903 2.3378 1.8660 2.2477 2.3027 2.6949 2.5188 1.8999 2.3003 2.2029 2.0128 1.9108 2.1417 2.1240 1.2155 2.3208 1.7055 3.0581 2.0433 
6.0051 5.7105 5.0168 4.8072 4.5377 4.0713 4.0818 3.9171 3.8953 3.9489 3.6719 3.7155 3.8042 3.8259 3.6356 3.5949 3.6414 3.5361 3.5151 3.6105 3.5328 3.3750 3.2112 3.4003 3.2383 3.1582 3.2100 3.0774 3.3802 3.4783 3.3505 3.5810 2.9584 
5.6796 5.3441 4.6872 4.2651 4.1668 3.6999 3.7701 3.5270 3.1621 3.3157 3.3011 3.1155 3.3891 3.3206 3.0489 3.0848 2.9902 3.0272 2.9130 3.1071 3.0907 2.7390 2.8642 2.7742 2.5479 2.7598 2.9510 2.7105 3.0285 2.9304 3.0512 3.1842 2.6283 
5.3229 5.6856 5.1222 4.7818 4.5870 4.4969 4.3112 4.3184 4.1088 4.1034 4.0210 4.0144 3.9356 3.8397 3.7674 3.7317 3.6170 3.6702 3.6323 3.6204 3.6202 3.6285 3.5630 3.5728 3.5014 3.5850 3.4891 3.5054 3.4603 3.4540 3.4911 3.5921 2.3381 
5.0716 5.7190 5.0567 4.8683 4.6718 4.4629 4.3189 4.2277 4.0852 4.0034 3.9457 3.9267 3.7406 3.8328 3.6894 3.6255 3.5385 3.5632 3.5604 3.6160 3.4909 3.5471 3.4957 3.4782 3.4826 3.5211 3.4917 3.4703 3.5322 3.5116 3.4135 3.6046 1.9200 
5.1959 5.2427 4.4248 3.8365 3.6113 3.5202 3.4798 3.2473 3.5601 3.1300 3.0343 3.0510 2.5235 2.4748 1.6990 2.8409 2.4417 2.7563 1.5641 2.2153 2.2069 2.6726 2.5774 2.5969 2.9462 2.5364 2.5913 2.5252 2.4753 2.4788 2.7044 3.1208 2.2658 
6.3273 5.7135 4.9966 4.4909 4.3000 4.1615 3.9871 3.7770 3.6499 3.6027 3.5778 3.4521 3.5113 3.2706 3.2963 3.2728 3.3000 3.1996 3.1564 3.0699 3.1946 3.0649 3.1236 3.0735 3.0344 3.0581 3.1024 3.1719 3.1473 3.1026 3.3247 3.5722 3.2649 
6.6491 6.1101 5.0318 4.5508 4.1862 4.0086 3.9078 3.4935 3.3350 3.1335 3.2036 3.2693 3.1385 2.9832 2.3705 2.6094 2.1416 2.5495 2.2073 2.7214 2.8566 2.9331 2.7581 2.6007 2.6943 2.7105 3.0447 3.0133 3.0453 3.1675 3.3643 3.9953 3.6151 
6.4808 6.1205 5.1780 4.7819 4.5166 4.5009 4.3316 4.1306 3.9545 3.7782 3.7878 3.8053 3.6894 3.5679 3.6622 3.6752 3.5702 3.6090 3.5361 3.3574 3.4279 3.4758 3.3498 3.2363 3.2862 3.4127 3.4988 3.5103 3.3483 3.4495 3.5382 3.9986 3.4468 
5.5796 5.7510 4.5400 3.5765 3.5284 3.4919 3.3023 2.5689 3.0733 2.0231 1.5601 2.0586 2.6664 2.8793 2.6311 2.3988 0.9891 2.3305 2.5218 2.6519 2.3653 1.6175 1.0012 1.3808 2.4403 1.7487 2.4461 2.4681 2.2946 2.1269 2.7900 3.6240 2.6741 
5.1307 5.8027 5.0745 4.5977 4.2755 4.0542 4.0694 3.8142 3.8797 3.6426 3.6037 3.4703 3.4786 3.4851 3.3217 3.3334 3.3910 3.2508 3.1770 3.2277 3.1542 3.0746 3.1509 3.1086 3.2220 3.0832 3.1987 3.0632 3.1221 3.2099 3.4302 3.6776 2.0720 
5.4291 5.6573 4.8382 4.4183 4.0983 3.7854 3.7985 3.7903 3.6491 3.6349 3.4806 3.2382 3.2968 3.3079 3.0722 3.2573 3.0229 3.1918 2.9525 3.0978 3.0283 2.8963 3.0179 3.1004 3.0335 3.0639 2.9789 2.7877 2.9622 3.0338 3.1484 3.5455 2.5114 
6.0263 5.6134 4.8792 4.4560 4.1291 4.0153 3.9758 3.7528 3.6993 3.6167 3.5691 3.3107 3.3871 3.4006 3.2666 3.1939 3.2537 3.1289 3.1314 3.1671 3.0883 2.9794 3.1139 3.0845 3.0852 3.0402 3.0899 3.0231 2.9980 3.0637 3.1963 3.5153 3.0102 
6.1373 5.8068 4.6962 4.1214 3.9943 3.8958 3.7570 3.5278 3.6300 3.6095 3.4902 3.1704 3.3560 3.4868 3.2130 3.0538 3.0275 3.0006 3.0873 3.2302 3.0684 2.8028 3.0287 3.0782 3.0206 2.7678 2.9394 2.9108 2.8071 2.7421 3.0529 3.6566 3.1099 
5.8428 5.9537 5.2440 4.7869 4.5164 4.4773 4.3054 4.1426 4.0829 3.9571 3.9073 3.7777 3.9113 3.7889 3.7942 3.5827 3.6269 3.5246 3.6536 3.5828 3.6035 3.4435 3.4742 3.4061 3.4801 3.4308 3.4826 3.4839 3.3441 3.4432 3.5845 3.7903 2.8983 
6.3605 5.7594 4.8012 4.0697 3.8046 3.3989 3.1457 3.4038 3.3202 3.1869 2.9649 2.6556 2.3783 2.5915 2.6747 2.7481 1.7054 2.6862 2.5485 2.3852 2.0832 2.2825 2.5073 2.6477 2.6840 2.6448 2.2854 2.3882 2.6458 2.6804 3.1431 3.6240 3.3088 
5.6929 5.4865 4.6877 4.2884 3.9310 4.0053 3.6839 3.5054 3.5353 3.3942 3.2995 3.1693 3.0439 3.2657 2.9595 2.9864 2.3513 2.8990 2.7800 3.0668 2.7302 2.8002 2.8608 2.8471 2.9069 2.7339 2.8301 3.0124 2.7351 2.9453 3.0407 3.3369 2.6980 
3.4310 5.9893 5.5010 5.1437 4.9595 4.7513 4.6718 4.5155 4.3630 4.3839 4.3495 4.1974 4.1331 4.1281 4.0978 4.0429 3.9913 3.9891 3.9847 3.9430 3.8531 3.8518 3.9144 3.8376 3.7080 3.7524 3.8204 3.7606 3.7595 3.7728 3.8196 3.8499 1.1237 
5.8912 5.6113 4.9908 4.5109 4.2908 4.1392 4.0337 3.7926 3.8405 3.8383 3.6206 3.7506 3.6646 3.4845 3.4714 3.1697 3.1360 3.1021 3.2913 3.2251 3.3922 3.4130 3.1691 3.2927 3.1959 3.0664 3.1613 3.1463 3.1349 3.1186 3.2987 3.5084 2.8758 
6.1392 5.8602 4.9007 4.6413 4.4040 3.9656 3.8244 3.9482 3.8132 3.6948 3.4132 3.3315 3.4630 3.2884 3.2659 3.2507 3.1301 3.1881 3.1313 3.0837 3.1406 2.9919 2.9795 3.1653 3.1778 3.1780 2.9933 2.9640 3.2069 3.2599 3.1996 3.7073 3.1382 
6.4709 6.1246 5.0280 4.5075 4.3222 4.1730 4.0107 3.9186 3.7564 3.7706 3.6948 3.5586 3.4947 3.4076 3.1437 3.3906 3.3714 3.3050 3.0242 3.1701 3.1751 3.1802 3.2447 3.2286 3.1333 3.1595 3.1328 3.1814 3.1630 3.1174 3.3590 4.0035 3.4521 
6.4349 6.0567 5.1918 4.8824 4.4785 4.2302 4.1892 4.0410 3.9547 3.8958 3.7988 3.7919 3.6907 3.7108 3.6558 3.6174 3.6876 3.5565 3.5315 3.5273 3.4322 3.4608 3.3622 3.3484 3.2880 3.2882 3.3486 3.2390 3.2820 3.5187 3.5544 3.9225 3.3517 
6.5473 6.0856 5.0529 4.5182 4.3260 4.2113 4.0930 4.0002 3.9348 3.6727 3.6619 3.6423 3.5162 3.3779 3.4235 3.4766 3.2380 3.3832 3.2530 3.1482 3.1975 3.2686 3.2026 3.1352 3.2699 3.2276 3.2269 3.2175 3.1758 3.1277 3.4147 3.9703 3.5319 
6.3922 6.1675 5.2618 4.9134 4.5738 4.3936 4.2043 4.1888 4.1410 3.8854 3.8290 3.8519 3.7933 3.9085 3.8510 3.7083 3.6333 3.6492 3.6936 3.6732 3.5270 3.5037 3.3938 3.3374 3.5277 3.4894 3.3788 3.4021 3.4361 3.5367 3.6179 4.0402 3.3698 
6.1707 6.1105 5.4744 5.1435 5.0080 4.7329 4.6102 4.5471 4.4901 4.3235 4.2530 4.2248 4.2087 4.2158 4.0735 4.0644 4.0463 4.0085 3.9582 4.0296 3.9674 3.8853 3.8132 3.7792 3.8377 3.7983 3.7480 3.7405 3.8380 3.7738 3.7825 3.9965 3.0961 
4.6997 5.2299 4.5977 4.2001 4.0710 3.7578 3.9916 3.6558 3.5289 3.5511 3.3048 3.2796 3.3371 3.4731 3.2223 3.2489 3.2569 3.1871 3.0958 3.2107 3.0556 2.9458 2.8677 3.0232 2.8966 2.9473 3.1107 2.7675 2.9294 2.8529 2.9479 3.1073 1.3829 
4.7496 5.0616 4.3401 4.1841 3.8382 3.6161 3.8480 3.6595 3.5831 3.3986 3.4850 3.3768 3.2961 3.3128 3.2020 3.0587 3.0699 3.0040 3.0788 3.1021 3.0280 3.0187 3.0241 2.8516 2.9812 2.9551 3.0102 2.6259 2.6718 2.8206 2.6553 2.9415 1.5113 
6.1323 5.6030 5.0355 4.6300 4.3020 4.3661 4.0819 4.0739 3.8266 3.8429 3.7629 3.7808 3.6991 3.5416 3.4888 3.5090 3.5266 3.4443 3.3176 3.3140 3.4544 3.4476 3.3242 3.2971 3.1910 3.3353 3.2091 3.3750 3.1468 3.2516 3.3760 3.4695 3.0552 
4.5351 4.8856 4.3506 3.8686 4.0152 3.3921 3.4468 3.5725 3.3659 3.2434 3.2900 3.1808 2.9528 2.7659 2.5905 2.5292 2.8752 2.4681 2.4857 2.5645 2.6322 2.8121 2.8533 2.7042 2.7157 2.8280 2.5799 2.3895 2.8459 2.5175 2.6973 2.7611 1.4301 
5.7454 5.4692 4.1998 3.9730 3.1824 3.1556 3.4074 3.4273 3.3286 3.2966 3.1273 2.8048 2.9615 2.6106 2.8731 3.2752 3.3053 3.2008 2.7110 2.4154 2.6410 2.4778 2.6742 2.7554 2.6928 2.6702 2.5481 2.1772 2.0328 2.5745 2.5381 3.3316 2.7106 
6.0614 5.5050 4.6865 4.3008 3.9352 3.8954 3.8858 3.8330 3.7266 3.5294 3.5381 3.3993 3.2930 3.2150 3.3601 3.1944 3.0688 3.1290 3.2002 3.0301 3.0263 3.0323 3.0813 3.0038 3.1090 3.0991 3.0351 2.9111 2.7520 2.9761 3.0538 3.3771 3.0238 
5.6730 6.0979 5.4879 5.0195 4.9021 4.7316 4.6347 4.5210 4.3631 4.3369 4.1623 4.1325 4.0778 4.0266 3.9062 3.9044 3.9574 3.8161 3.7351 3.7924 3.7790 3.7588 3.7015 3.7921 3.7074 3.7606 3.7759 3.7419 3.7150 3.6369 3.8038 3.9975 2.6098 
5.5146 5.6958 5.1876 4.9678 4.6760 4.5137 4.4656 4.2302 4.1867 4.1040 4.0935 3.9934 3.9574 3.7681 3.8591 3.7381 3.6616 3.6766 3.6970 3.5681 3.6352 3.6024 3.6410 3.5730 3.5684 3.5234 3.5811 3.5228 3.5363 3.5745 3.5582 3.5840 2.4478 
6.2331 6.2277 5.5955 5.2622 5.0577 4.9717 4.7342 4.6641 4.5648 4.5051 4.3626 4.2893 4.2842 4.2050 4.1405 4.0957 4.0110 4.0356 4.0184 4.0215 4.0180 3.9573 3.9282 3.9798 3.9596 3.9642 3.9105 3.9799 3.9188 3.9283 3.9758 4.1035 3.1875 
5.1765 5.8095 5.1718 4.7970 4.5959 4.5091 4.4104 4.1867 4.1877 4.0108 3.8990 3.8168 3.8921 3.7831 3.7488 3.7852 3.6669 3.7057 3.6170 3.5793 3.5910 3.4824 3.4668 3.4844 3.5699 3.4871 3.5463 3.5179 3.4758 3.4632 3.5337 3.6820 2.0966 
3.6584 5.7491 5.1528 4.8447 4.6210 4.3503 4.2698 4.1778 4.0049 3.9974 3.9133 3.7929 3.7315 3.8121 3.6810 3.6861 3.5618 3.6176 3.5515 3.6010 3.4852 3.4620 3.4785 3.4699 3.3591 3.4781 3.4511 3.3589 3.4919 3.4994 3.5145 3.6378 -1.1967 
5.4209 5.1209 4.0577 3.7436 3.5077 3.3458 3.6445 3.0311 3.1203 2.9428 2.7268 2.8395 2.4959 2.8453 2.7122 2.8514 2.7063 2.7638 2.5959 2.6243 2.1839 2.4985 2.2887 2.3854 2.5131 2.2637 2.7858 2.3676 2.3442 2.3926 2.4260 3.0473 2.3123 
5.5081 5.6531 5.1647 4.7951 4.6534 4.4905 4.3243 4.2364 4.2216 4.1309 4.0205 3.9471 3.9463 3.7536 3.6988 3.5856 3.6460 3.5280 3.5758 3.5566 3.6279 3.5601 3.5619 3.5979 3.6040 3.5286 3.4942 3.4995 3.5178 3.4650 3.5257 3.5354 2.3768 
4.7629 5.3403 4.8910 4.6143 4.2936 4.2020 3.9614 3.8727 3.9208 3.7213 3.5890 3.5893 3.4891 3.5818 3.6033 3.4771 3.4561 3.3851 3.4898 3.3747 3.1704 3.2047 3.1363 3.1921 3.2592 3.1245 3.0791 3.2109 3.1368 3.2378 3.1998 3.1959 1.5214 
6.0042 5.5768 4.7322 4.2357 4.0908 4.0052 3.9830 3.6715 3.6887 3.6434 3.5323 3.5720 3.4541 3.4283 3.3960 3.3901 3.1926 3.3010 3.2280 3.1888 3.1334 3.1943 3.0749 3.1100 3.0709 2.9715 3.1001 3.0171 2.9652 2.9024 3.0835 3.4506 2.9588 
