4.8863 5.1368 2.5782 3.8000 3.4323 3.2174 4.3390 3.4408 4.0038 2.7829 2.8920 3.2760 2.8912 3.2944 2.7681 2.0025 2.5581 1.9103 2.6144 3.0559 2.5907 2.8167 2.3801 2.1222 3.2730 2.5880 3.2780 2.0220 2.0771 2.1512 0.4037 2.5963 1.3801 
5.0113 4.3882 4.4246 4.7542 4.3864 4.2467 4.6486 4.8768 3.7368 3.5164 3.3893 3.4102 3.1743 1.3513 2.5968 2.8876 3.0893 2.8034 2.4200 1.0207 2.7958 2.9970 2.8353 2.8692 2.9193 3.9599 3.6674 3.0565 2.9802 3.1510 2.4624 1.7840 1.3108 
5.4331 5.2506 4.6473 5.0591 5.1068 5.0533 4.5661 3.3728 2.5815 4.1408 4.1948 3.3698 3.2063 3.4009 2.7080 1.9502 3.1791 1.8400 2.5668 3.1799 2.8285 2.9180 3.6723 3.4933 1.7837 2.5168 3.5395 3.8616 3.7574 3.4048 2.6890 2.6922 1.6691 
5.1131 5.2130 4.5012 4.3767 4.5791 4.6836 3.8574 3.6940 3.6400 3.3618 3.5254 3.2548 3.0326 3.7527 3.4078 2.3843 1.5186 2.2778 3.2563 3.4498 2.6762 2.8055 3.0042 2.7182 2.8572 2.7761 2.8086 3.4890 3.2209 2.7065 2.5623 2.7079 1.4682 
5.0301 4.9826 4.5842 3.8686 4.0963 3.0038 3.9240 3.6729 3.8621 3.9481 3.8713 3.2040 3.1964 3.6908 2.7199 3.1437 1.3897 3.0326 2.5812 3.3947 2.8148 2.7421 3.3261 3.3059 3.1418 2.7555 2.8908 1.7742 2.7069 2.2099 2.6056 2.4210 1.4692 
5.3928 4.8424 4.3909 4.5912 3.7592 4.8996 4.4495 4.0650 4.3909 3.6024 3.4480 2.5322 2.2270 2.7759 2.9196 2.2646 2.3396 2.1930 2.7508 2.5577 1.9473 2.0533 2.9126 2.9502 3.6314 3.2115 3.4014 3.7150 2.3414 2.9655 2.3983 2.2059 1.6540 
2.4804 4.5394 4.2392 4.4464 4.9165 4.8912 4.6882 4.7251 3.2710 4.0202 3.6996 2.5953 3.5370 3.5331 2.2700 2.9912 1.2398 2.8925 2.1204 3.2798 3.2100 2.1354 3.1593 3.3910 2.5377 3.8506 3.7071 3.6989 3.4836 2.8057 2.2094 2.0150 -0.6975 
5.1485 5.0579 4.5523 3.3931 4.9615 4.5032 3.5080 3.2624 4.0437 3.2865 3.6041 2.5909 2.9370 2.7628 3.3867 3.1745 3.4076 3.0887 3.2309 2.5573 2.6045 2.1235 3.0914 2.6381 3.2979 2.4022 2.5465 3.3020 3.5564 1.8892 2.5769 2.5490 1.5735 
4.6260 4.8490 3.5083 3.9493 3.8544 3.4115 3.6294 3.6779 4.1414 4.2510 3.6572 3.0798 3.3306 1.5552 2.7093 2.9428 2.5853 2.8415 2.5738 1.3582 2.9963 2.6260 3.1325 3.5904 3.3821 2.7738 2.6090 2.2152 2.4783 2.3259 1.4327 2.3096 0.8857 
2.1682 5.1828 4.5542 4.3367 4.9179 2.5697 4.3720 4.6510 4.4212 3.4765 3.4018 3.3982 3.1933 3.7912 3.4464 3.0340 1.4076 2.9282 3.2887 3.5103 2.8083 2.9757 2.8596 2.8345 3.6745 3.8026 3.3223 1.4155 3.4806 2.6714 2.5644 2.6463 0.0852 
1.2613 5.0470 4.6725 4.7023 4.5943 4.3534 4.8337 4.0730 3.7881 3.3992 3.8298 3.1943 2.7959 2.6056 3.0729 2.8038 3.1281 2.7302 2.8633 2.3260 2.4768 2.7341 3.2826 2.7699 3.0207 3.2116 3.8048 3.1665 3.2262 3.1205 2.6869 2.5355 -0.6159 
5.8806 5.4826 3.6403 3.0110 4.1505 3.7114 4.3468 3.6131 3.8222 3.3142 3.3816 3.2479 3.0135 2.5866 2.9979 2.1630 0.4907 2.0826 2.8038 2.3030 2.6655 2.7955 2.8231 2.6742 3.0726 2.7207 3.2932 2.5188 2.7669 1.3520 1.5059 2.8791 2.2817 
4.9305 4.9411 4.1980 4.3976 4.6707 4.1961 4.0057 3.1425 3.9263 3.9943 3.8579 2.4301 3.4411 1.3653 2.8078 2.9714 2.8366 2.8757 2.6588 1.0564 3.1467 1.9969 3.3124 3.3585 3.1957 2.2102 3.0030 3.0089 3.3040 2.7216 2.2047 2.4019 1.2242 
5.5325 5.1576 2.8862 3.9018 4.2111 4.6562 4.7150 4.0899 3.8866 3.5785 2.7636 2.7390 3.6339 2.7238 2.0584 2.8005 2.6481 2.7208 1.9101 2.4831 3.2736 2.3029 2.2071 2.9248 3.1621 3.2242 3.7350 3.4724 2.8074 2.2375 1.0112 2.6091 1.9586 
5.5550 4.4738 4.5040 2.4689 4.0809 4.7932 4.9589 4.8987 3.8430 3.6891 2.9077 2.6189 2.5969 2.6071 2.9839 2.8881 2.6349 2.8008 2.8020 2.3262 2.2127 2.1575 2.3782 3.0345 3.1051 3.9751 3.9053 3.6160 2.6954 0.9177 2.5567 1.8551 1.8399 
5.7020 5.5817 4.6207 3.9945 4.8086 3.6195 4.2147 4.6958 4.8035 4.2578 3.6123 3.3965 2.2534 2.0192 1.4145 2.0131 2.6561 1.9651 1.2534 1.7219 1.9419 2.9606 3.0852 3.5995 4.0181 3.8318 3.1938 2.4623 3.3980 2.3327 2.6402 3.0088 2.1111 
5.5956 4.4543 4.3062 4.7305 4.6990 2.8291 4.5492 4.4800 4.4158 4.3159 2.6310 2.6474 3.2097 2.8009 2.5121 3.0154 2.3044 2.9121 2.3004 2.5802 2.8317 2.2001 2.0760 3.6562 3.6712 3.6038 3.5318 1.6533 3.3088 3.1442 2.2930 1.8506 1.9397 
5.1827 5.0035 4.5327 5.0597 5.1398 2.7858 3.9789 4.5786 4.5462 4.2235 3.9969 3.8721 3.7380 3.4103 3.7711 3.5913 2.8998 3.4881 3.5810 3.1897 3.3494 3.4112 3.4582 3.5670 3.8080 3.7391 2.9538 1.5459 3.7742 3.4053 2.5557 2.4013 1.2740 
4.3945 4.2789 4.2767 4.5160 5.0304 4.1632 4.5852 4.2735 4.1015 4.3176 3.8325 3.9930 3.3562 1.9918 3.0804 3.2370 3.1890 3.1713 2.8737 1.7098 3.0213 3.5660 3.2853 3.6580 3.3506 3.3543 3.5758 2.9544 3.6582 2.8839 2.2390 1.6734 0.8037 
5.5385 5.5081 4.4410 4.3388 4.7392 3.3668 2.7161 4.4184 4.0298 3.5056 3.6451 3.3822 3.4519 2.0916 1.4522 3.4178 3.7289 3.3501 1.3083 1.8291 3.1537 2.9347 3.1334 2.8516 3.2851 3.5255 1.6954 2.1346 3.3556 2.6381 2.5046 2.8980 1.9167 
4.9435 4.5149 2.9765 4.5236 4.2783 4.7683 2.6932 4.0335 4.2686 3.1289 3.6203 2.4693 3.1630 3.2379 1.3232 3.1867 1.9488 3.1124 1.1074 2.9755 2.7831 2.0180 3.0989 2.4786 3.4712 3.1916 1.5974 3.5852 2.8512 2.8677 1.0034 2.0197 1.0276 
5.1593 4.7245 4.3703 4.2764 4.3351 4.1432 4.4899 4.5786 3.2601 4.0006 3.5273 3.4765 3.1563 2.7961 2.6315 2.9954 2.6170 2.8909 2.4735 2.5771 2.7673 3.0734 3.0027 3.3689 2.5428 3.7377 3.4590 2.9595 2.8954 2.6257 2.3524 2.1341 1.4577 
3.5270 2.5010 3.9330 4.5757 3.9941 4.0419 4.6728 3.4914 3.6214 2.6291 3.0794 3.1956 3.6200 2.4135 2.5667 2.7597 3.1836 2.6865 2.3649 2.1485 3.2631 2.7383 2.5540 1.9980 2.8286 2.6157 3.6890 2.8638 2.6281 2.9413 1.9856 -0.1476 -0.1010 
0.8270 4.9269 4.2742 4.6182 3.2787 4.5042 2.0403 4.1307 3.9512 3.4060 3.6419 1.6735 2.4439 2.0853 2.6358 3.0927 2.5351 2.9823 2.4827 1.8336 2.0797 1.2308 3.1226 2.7730 3.2120 3.2580 1.0870 3.3175 1.8915 2.9959 2.2564 2.3373 -0.7303 
5.5837 5.5662 4.8784 4.3070 4.5255 3.0590 4.7357 4.3118 2.4622 3.2236 3.2696 1.7672 2.7366 2.8084 2.0101 1.9528 1.9229 1.8241 1.8243 2.5878 2.4061 1.3887 2.7275 2.5980 1.6453 3.3864 3.7497 1.8402 3.1626 2.6247 2.8251 2.9907 2.0253 
5.2670 4.7130 2.9542 3.2331 4.6698 3.8853 4.7202 4.2443 3.2566 1.7697 3.8858 3.5796 3.4461 3.3283 2.5798 1.8167 2.9593 1.7157 2.3885 3.1038 3.1505 3.1647 3.3455 1.1155 2.5311 3.3345 3.7380 2.7129 3.2963 1.5271 1.0426 2.1258 1.6002 
3.4518 4.7283 4.3650 3.0996 4.0758 4.4253 4.5769 4.2019 3.9390 3.5250 3.4050 3.1147 2.5765 3.2513 2.9097 2.8196 1.4417 2.7517 2.7405 2.9985 2.1921 2.6484 2.8734 2.8753 3.2038 3.3001 3.5583 3.2385 2.7103 1.4162 2.3466 2.1908 0.1364 
5.0633 5.1561 4.3957 2.2604 4.2883 4.1646 3.8580 4.3313 4.5017 3.3578 4.1511 3.8380 3.1282 2.9714 3.0406 2.9409 3.0134 2.8402 2.8422 2.7096 2.7376 3.3842 3.6274 2.7240 3.7695 3.4018 2.8072 2.9736 2.8620 0.7554 2.3846 2.6068 1.2887 
3.7760 5.4441 4.9614 4.5944 4.7833 4.1083 4.9338 4.1570 3.0370 3.6525 2.9741 3.1009 2.7738 2.8528 2.9616 3.3077 2.4585 3.2357 2.7904 2.6210 2.4501 2.6383 2.4455 2.9942 2.2525 3.2690 3.8734 2.9182 3.3854 2.9779 2.9339 2.8609 -1.3589 
4.6959 5.4146 3.2061 4.4805 3.4538 2.4081 3.9918 3.1687 2.7150 2.9441 3.1860 2.6830 3.6533 3.2678 2.9631 3.1452 2.8107 3.0372 2.7880 3.0178 3.2884 2.2313 2.6404 2.2925 1.9971 2.2358 2.9844 1.2072 2.0653 2.8196 0.9674 2.8163 0.8064 
4.5555 4.6325 4.6455 4.8249 2.8732 3.8614 4.1859 4.0206 4.2295 3.2097 2.6958 3.2818 3.4557 3.6418 3.0039 2.8614 2.2492 2.7897 2.8076 3.3646 3.1581 2.8250 2.1598 2.5895 3.4418 3.1797 3.1740 2.6685 1.5157 3.1855 2.6763 2.0779 0.7133 
4.3176 5.0913 4.2674 5.1135 4.7683 5.1481 4.9527 4.8914 4.5483 3.8369 2.7087 1.2866 3.1219 2.2156 2.6459 2.4874 2.5911 2.3911 2.4938 2.0034 2.7366 0.9158 2.1772 3.2004 3.8078 3.9742 3.8967 3.9595 3.3683 3.4669 2.2285 2.5694 0.9209 
4.5893 4.9817 4.5876 4.0815 2.9174 4.0360 3.9415 4.0756 4.1469 3.9295 3.2081 3.4413 3.2420 3.4364 1.9297 3.1737 3.1989 3.0897 1.7319 3.2079 2.8739 3.0257 2.6731 3.2840 3.3836 3.2280 2.9179 2.8670 1.4777 2.4475 2.6027 2.4267 1.1785 
4.7095 4.7530 4.5467 4.9903 4.7791 5.1737 4.4003 2.1162 3.6608 3.8014 3.0282 2.6693 3.1999 2.5732 2.3503 1.7704 2.5830 1.6651 2.1684 2.2913 2.8189 2.2059 2.5219 3.1688 2.8764 1.2209 3.3520 3.9852 3.3883 3.3219 2.6018 2.1947 1.1936 
5.7710 4.7775 3.9926 4.5915 4.6702 4.6203 4.3451 3.7430 3.9964 3.4171 3.7770 3.8847 3.4013 2.2815 2.9805 2.9877 1.7214 2.8843 2.7990 2.0511 3.0953 3.4265 3.2278 2.7906 3.2566 2.8099 3.2815 3.4330 3.2979 2.9707 2.0632 2.1925 2.0948 
5.3875 4.2390 3.9763 4.3857 4.3710 4.4734 4.0838 4.4045 3.2417 3.2517 4.2524 4.3672 3.0977 4.0902 3.2885 3.2404 3.1685 3.1735 3.1527 3.8489 2.7248 3.9003 3.7357 2.6178 2.5009 3.5020 3.0917 3.2816 2.9714 2.7209 2.0174 1.7067 1.7051 
4.0726 4.4905 4.2692 5.0136 5.2395 4.5549 4.5087 3.3861 3.4442 3.6522 2.3261 3.1885 2.9522 3.5280 2.9893 2.6429 1.6096 2.5771 2.8029 3.2769 2.6187 2.7255 1.7803 2.9906 2.7117 2.5374 3.4752 3.3639 3.8678 3.3698 2.2157 1.9925 0.1768 
4.6433 5.3755 5.0307 4.9599 5.2884 4.9707 4.3629 4.2094 4.0863 2.7230 3.9715 4.0068 3.6872 3.4021 3.3082 3.3399 3.2564 3.2619 3.1710 3.1792 3.3100 3.5898 3.4277 2.0557 3.3308 3.3116 3.3126 3.7773 3.9113 3.3068 3.0600 2.8042 0.7842 
3.9964 5.5891 5.1939 5.0235 4.6533 4.8180 3.7769 4.7388 3.9770 3.0937 3.1771 2.8824 3.5054 3.2826 2.7733 2.7002 2.5438 2.6316 2.6222 3.0415 3.1866 2.4790 2.6237 2.4318 3.2314 3.8601 2.7174 3.6256 3.2811 3.3714 3.2410 3.0467 0.1034 
4.4364 5.3324 4.6061 4.7024 4.6040 4.2582 4.4384 3.7456 3.7462 3.7731 3.2766 3.4143 3.8116 2.3426 3.3816 3.2801 3.3896 3.2101 3.2265 2.1005 3.4340 3.0015 2.7382 3.1450 2.9563 2.8069 3.3965 3.0590 3.2488 3.0912 2.6631 2.7658 0.5489 
5.4790 5.4115 4.8924 3.3044 4.6266 4.4838 4.3580 4.2180 3.9056 2.8911 3.9951 3.8333 3.7807 3.2083 2.6563 3.4147 3.0477 3.3459 2.5143 2.9243 3.4004 3.3807 3.4529 2.2419 3.1716 3.3209 3.3048 3.2911 3.2628 1.6143 2.8454 2.8102 1.7085 
5.7681 5.1994 4.6602 4.4349 4.5683 2.6360 4.5613 4.5173 4.0592 3.7885 3.3924 3.2457 2.8045 2.7185 2.9103 3.0369 2.5900 2.9309 2.7494 2.4917 2.5021 2.7965 2.8435 3.1571 3.3132 3.6558 3.5387 1.5262 3.2105 2.7710 2.7014 2.6483 2.1195 
3.1603 4.6789 3.9619 4.6698 4.6232 4.1526 3.7421 3.5411 2.4860 3.1026 3.4626 2.5798 3.4613 3.2641 2.9245 2.8670 2.2131 2.7910 2.7601 3.0143 3.1613 2.1069 2.9306 2.4529 1.6880 2.6744 2.6826 2.9656 3.2536 3.0767 1.9984 2.1124 -0.9533 
4.6622 4.9972 4.1685 4.3335 4.5810 5.1305 3.9771 4.1675 4.2309 3.6560 2.2239 2.7483 2.0668 2.1433 3.2167 2.7437 3.1477 2.6693 3.0551 1.9434 1.6892 2.3094 1.7026 2.9935 3.4456 3.2817 2.9433 3.9407 3.2148 2.6754 2.1468 2.4525 1.1707 
4.2036 3.9515 3.6910 4.4144 4.4608 3.7920 3.9245 3.9085 3.5749 2.8461 3.1177 2.0672 2.2402 2.8002 2.3463 3.0375 2.6125 2.9319 2.1826 2.5764 1.9586 1.6171 2.5713 2.2031 2.8008 3.0539 2.8867 2.6091 3.0987 2.7683 1.6854 1.3898 0.5372 
5.2349 5.0108 3.7889 3.5797 3.4901 4.3443 2.2205 3.7396 4.2588 4.0539 2.8029 3.0510 2.7591 2.6476 2.6392 2.4960 0.7953 2.3874 2.4888 2.3851 2.4305 2.6098 2.2597 3.4040 3.4706 2.8029 1.2820 3.1553 2.1137 1.9714 1.7672 2.4624 1.6488 
5.1658 4.5017 4.0431 4.6899 4.8028 4.8096 4.7843 3.8834 4.0073 3.3021 3.7842 2.9680 2.5059 3.2365 2.7245 2.5786 2.9396 2.4963 2.5781 2.9705 2.1327 2.5531 3.2342 2.6684 3.2702 3.0146 3.7728 3.6269 3.3960 3.0968 2.0871 1.9644 1.5286 
5.0076 4.5211 3.8907 3.7932 4.0151 3.9969 4.0719 4.3850 4.6702 4.3239 3.3914 3.7274 3.2108 3.2803 2.5629 2.1705 2.9255 2.0962 2.3512 3.0368 2.8362 3.2509 2.8457 3.6602 3.9223 3.4733 3.0929 2.8078 2.6481 2.1399 1.9407 1.9759 1.3523 
5.5472 4.8486 3.3919 4.5700 4.5226 4.3066 4.2491 4.0876 3.3786 3.8623 3.1937 3.7514 3.8981 3.6650 3.0806 3.2703 3.4043 3.2009 2.8793 3.3783 3.5529 3.2815 2.6418 3.2280 2.6379 3.2215 3.2196 3.1074 3.1731 2.9337 1.3660 2.2131 1.8404 
3.4707 5.0169 4.4947 4.4119 4.6332 4.6671 2.9634 3.9692 3.2844 3.3878 3.0533 2.6808 3.6445 2.5909 2.9154 3.1292 2.0311 3.0160 2.7500 2.2971 3.2815 2.2150 2.5326 2.7457 2.5627 3.1302 1.9834 3.4738 3.2711 2.7569 2.5428 2.5043 -0.2540 
4.9386 3.9951 4.1342 4.2671 4.6245 4.9319 3.9721 3.9070 3.7752 3.2218 2.9443 3.3900 3.2597 3.3715 2.8086 2.2042 2.6979 2.1351 2.6573 3.1535 2.9031 2.9529 2.4212 2.5955 3.0048 3.0389 2.9322 3.7423 3.2673 2.6198 2.1567 1.4950 1.2358 
3.3630 5.0946 2.8706 4.2908 4.4038 4.4308 4.8769 3.7594 4.5506 3.9347 3.1196 3.8651 3.8306 3.4504 2.7024 3.2655 2.9691 3.1959 2.5679 3.2201 3.4604 3.4063 2.5688 3.2978 3.8113 2.8283 3.8305 3.2471 2.9954 2.6317 0.4820 2.5696 -0.3607 
3.4992 4.4011 3.9573 2.0316 4.6607 4.2926 4.5883 4.2915 3.9043 4.3718 4.2912 3.9380 3.1221 3.0174 2.8154 2.4861 0.7395 2.3689 2.6723 2.7415 2.7315 3.4902 3.7538 3.7424 3.1782 3.3715 3.5782 3.1038 3.2923 0.3429 1.9885 1.8188 -0.6327 
4.8442 4.9886 4.0886 4.2114 3.6263 4.5857 4.6201 4.5844 3.4878 2.7387 3.0265 3.2981 2.8905 3.3754 3.6089 3.2140 2.6583 3.1497 3.4092 3.1613 2.5756 2.8517 2.5098 2.1152 2.7382 3.7417 3.6283 3.3989 2.2360 2.5841 2.1101 2.4877 1.1080 
4.6609 5.5143 5.0094 4.2644 4.7866 4.6515 4.3970 3.1308 4.8015 4.3721 4.2173 3.9393 3.8060 4.2389 3.9460 3.8453 3.5795 3.7781 3.7970 3.9595 3.4289 3.4916 3.6962 3.7400 4.0168 2.2277 3.3498 3.4608 3.3935 2.5960 3.0214 2.9118 0.7449 
5.7755 5.4607 3.8426 4.6003 4.4909 4.2155 4.6194 4.1410 4.1503 3.7999 3.7070 3.6614 3.5998 3.4439 2.7349 2.8285 3.1483 2.7594 2.5902 3.2124 3.2538 3.2143 3.1617 3.1670 3.3910 3.2577 3.6333 3.0114 3.1455 2.9945 1.9538 2.8444 2.1459 
1.9763 5.1859 4.3426 4.4773 4.5752 3.2523 4.4495 3.7983 4.3718 3.7314 3.5871 3.6036 3.1605 3.2317 3.5200 2.9473 3.1834 2.8468 3.3527 2.9735 2.7725 3.1773 3.0740 3.0693 3.6035 2.8761 3.4048 2.0738 3.2062 2.8261 2.2893 2.6460 0.1054 
4.8509 5.1816 4.4550 4.9410 5.1908 4.3619 4.4264 3.9219 4.1953 4.1528 3.8284 3.6522 1.9585 3.6660 3.5384 3.3485 3.3535 3.2702 3.3684 3.3819 1.6000 3.2068 3.2799 3.5007 3.4109 3.0638 3.3902 3.1625 3.8293 3.2809 2.4624 2.6369 0.9315 
5.6300 4.4079 3.9060 4.3971 4.6431 3.7608 4.5418 4.0382 4.2575 3.2738 3.5820 3.6372 3.4065 3.2431 3.4992 3.1111 1.2231 2.9982 3.3391 2.9791 3.1048 3.2002 3.0686 2.6286 3.4674 3.1928 3.5110 2.5637 3.2715 2.7365 1.9767 1.8314 1.9575 
4.2462 5.2054 3.8067 3.3593 4.1621 3.3871 3.7366 4.3714 4.4348 3.9582 3.4729 3.3956 3.3175 2.6337 2.1615 2.6617 0.5536 2.5894 2.0222 2.3530 2.9733 2.9579 2.9532 3.3120 3.7088 3.4455 2.6820 2.2016 2.7743 1.7533 1.7405 2.6838 0.8196 
5.1029 4.2226 3.6339 4.0773 4.4314 4.8772 4.8282 3.8180 3.8097 3.4201 3.3761 2.2079 2.8840 3.1481 2.1917 2.6777 2.7012 2.6103 2.0417 2.8380 2.5782 1.7738 2.8244 2.7944 3.0619 2.9071 3.8004 3.6888 3.0789 2.4650 1.6326 1.6170 1.4775 
5.2295 5.3176 4.2700 4.2339 4.6502 5.2164 4.4507 4.1712 4.3085 4.3961 4.1549 4.2157 4.2843 3.9010 4.0075 3.1374 3.3145 3.0283 3.8586 3.6682 3.9071 3.7854 3.6327 3.7637 3.5171 3.2755 3.4084 4.0269 3.2935 2.6185 2.2542 2.7594 1.5833 
5.8097 5.0736 3.7445 4.3961 4.8141 4.9585 4.3543 3.2283 4.0507 3.7432 3.4329 2.1458 2.6672 3.3770 2.7098 1.2366 2.1589 1.1451 2.5697 3.1581 2.3105 1.6960 2.9049 3.0909 3.3088 2.3200 3.2975 3.7677 3.4018 2.7333 1.6270 2.4769 2.0941 
5.7887 5.7495 5.0161 3.8974 3.9936 4.9568 4.9774 4.1874 3.4240 3.8463 4.1285 4.1413 2.8721 4.1891 3.3955 2.7164 2.5123 2.6408 3.2339 3.9217 2.5652 3.7402 3.6069 3.2185 2.6635 3.2934 3.9286 3.7742 2.6089 2.2519 3.0320 3.2060 2.1171 
5.3761 5.1803 4.4539 4.4512 4.5620 4.5260 4.3646 3.8040 3.2762 1.8214 2.6727 2.5090 1.7736 3.1266 3.2019 3.1669 3.0694 3.0794 3.0287 2.8168 1.4501 2.0522 2.1210 1.1943 2.5604 2.8871 3.3132 3.3344 3.1990 2.7993 2.4795 2.6298 1.6820 
4.4994 5.0000 3.7837 4.6075 4.6262 3.9926 3.8653 2.7620 3.9043 3.5224 3.4287 3.0112 2.3092 3.4553 3.2126 2.9025 2.8141 2.8093 3.0407 3.2240 1.9942 2.5862 2.9015 2.8704 3.1733 1.9396 2.8113 2.8016 3.2641 2.9863 1.8329 2.4264 1.1608 
4.3926 5.7119 4.9754 4.5094 4.1525 4.6188 3.9622 3.6389 4.5045 3.5479 3.5870 3.1656 2.9944 2.9296 3.1699 0.8027 2.8568 0.7563 2.9737 2.6776 2.6474 2.6967 3.0624 2.8846 3.7735 2.7493 2.9439 3.4238 2.7675 2.8592 2.9496 3.1877 0.2632 
4.7837 5.0271 4.1687 4.6768 4.8483 2.6755 4.3425 2.5499 4.0464 3.6002 3.2401 3.3508 2.2987 3.0166 1.7977 3.2828 2.9094 3.2127 1.6157 2.7475 1.9748 2.9113 2.6910 2.9457 3.3061 1.6014 3.2842 1.5142 3.4173 3.0790 2.1769 2.4847 1.0828 
2.3298 4.5187 4.3097 5.1539 5.1018 4.9847 4.9124 4.3460 4.2819 3.4590 3.7928 2.8179 3.1244 2.9104 2.9081 2.3786 3.1865 2.2602 2.7459 2.6624 2.7390 2.4135 3.2424 2.8091 3.4885 3.4055 3.8541 3.7968 3.7494 3.5209 2.2524 2.0094 -1.8930 
5.6082 5.2363 4.4095 3.8987 4.3673 4.5220 4.1027 4.3429 3.0940 3.4236 3.1748 2.3389 3.4817 2.5905 2.3551 2.4955 2.0095 2.3862 2.1850 2.2971 3.1733 1.9522 2.6211 2.7926 2.3014 3.4059 3.1149 3.3382 2.9496 2.2463 2.4246 2.6963 2.0076 
3.7457 4.4123 3.8731 4.4372 5.3445 5.1422 4.4016 3.7572 3.9442 3.2719 3.1812 3.7567 3.7382 3.8449 2.6134 1.8788 2.2451 1.7730 2.4401 3.5867 3.3487 3.2859 2.6344 2.6369 3.2053 2.8264 3.3578 3.9514 3.9539 2.8017 1.8338 1.9157 -0.5091 
3.0293 5.0449 4.6138 4.0896 4.9728 4.8692 4.8941 3.8553 3.8331 3.6597 3.9960 3.6565 2.3843 2.1907 3.0908 2.9767 2.3066 2.8764 2.8865 1.9842 2.0482 3.2116 3.4600 3.0131 3.1034 2.9652 3.8396 3.6747 3.5673 2.4936 2.6549 2.5581 -1.2080 
4.7108 4.4533 3.8775 3.5583 4.5713 4.7291 3.9182 3.7206 3.3288 3.1691 2.7990 3.3919 3.1246 3.3980 3.7367 3.5870 3.1793 3.4858 3.5224 3.1780 2.7387 2.9534 2.2591 2.5343 2.5913 2.7979 2.8773 3.5477 3.1970 1.9935 1.9008 1.9135 1.0214 
5.2655 5.6035 4.6354 5.0782 5.0052 4.2440 3.6359 3.8390 4.0012 3.5648 2.9524 2.8038 3.3607 3.4305 3.2984 2.7145 2.6416 2.6406 3.1627 3.2038 3.0362 2.3907 2.4109 2.9184 3.2670 2.9407 2.6200 3.0550 3.6140 3.4196 2.6770 3.0562 1.5855 
5.5435 5.1231 4.4737 5.0994 4.6970 3.3518 3.4387 3.8731 4.2044 3.7488 3.7236 3.2215 3.2612 3.2851 3.6124 2.2523 2.6516 2.1657 3.4126 3.0491 2.9047 2.7607 3.1752 3.1007 3.4175 2.9968 2.4354 2.1221 3.3169 3.4444 2.5571 2.5742 1.8238 
5.5872 5.0945 4.4060 3.9920 3.9536 4.4777 4.3319 3.8709 3.8320 2.4494 4.0247 3.7360 3.4223 3.3236 2.9557 2.5721 1.6633 2.4838 2.7802 3.0992 3.1332 3.2596 3.4950 1.8114 3.0947 2.9899 3.2709 3.2889 2.5988 2.3674 2.4074 2.5472 1.9191 
4.7729 3.7687 3.4628 4.0380 4.1557 4.2921 4.5342 4.4626 3.8796 3.8223 3.8816 2.6606 3.5457 3.2876 2.5246 2.9929 -1.9999 2.8928 2.3105 3.0436 3.2146 2.2144 3.3358 3.1904 3.1540 3.5825 3.5074 3.1064 2.7624 2.4391 1.4817 1.2195 1.0830 
4.3488 4.3507 3.4618 3.7977 4.2791 3.7836 4.4901 4.0358 3.0449 3.4731 3.9744 2.4802 2.6257 3.1935 3.1650 3.3161 2.5487 3.2406 2.9721 2.9080 2.2470 2.0184 3.4211 2.8335 2.2420 3.1919 3.4496 2.6061 2.8529 2.1292 1.5112 1.7592 0.7508 
4.8786 4.7337 4.4995 3.6000 4.5942 4.4792 4.5337 4.0217 3.7689 3.7101 3.1994 2.3190 3.2203 3.0999 2.8524 3.2136 2.9765 3.1508 2.6967 2.7998 2.8514 1.8965 2.6585 3.0525 2.9908 3.1782 3.5025 3.2858 3.2352 1.9933 2.5306 2.1687 0.9653 
4.9334 4.4992 4.3667 3.2536 4.7595 4.5444 4.2029 3.9978 3.5595 2.1293 2.7736 3.2733 3.2861 3.7563 3.8265 3.5835 3.4530 3.4804 3.6725 3.4539 2.9408 2.8115 2.2223 1.4901 2.7934 3.1593 3.1862 3.3551 3.3720 1.6038 2.3459 1.9597 1.3651 
2.2214 5.2369 4.9149 4.6875 5.1674 4.6983 4.3266 3.9855 4.1976 3.7566 2.9983 2.8047 3.2498 3.4890 2.3070 3.1512 3.6420 3.0512 2.1371 3.2462 2.8881 2.3915 2.4789 3.1100 3.4084 3.1493 3.2656 3.5007 3.8036 3.0937 2.8744 2.7025 -0.4279 
5.3676 4.5416 3.1596 3.1775 4.0122 4.0845 3.0934 3.5732 3.7337 3.4425 3.7630 3.2504 2.1344 2.3082 3.2685 2.8434 2.8030 2.7618 3.1401 2.0605 1.7827 2.7903 3.2113 2.8019 2.9353 2.6965 2.0439 2.8946 2.6550 1.4918 1.0127 2.0716 1.6377 
5.3277 5.1182 4.5739 4.2477 4.8080 4.6930 4.6186 4.4660 4.0415 3.9352 2.9810 1.7049 2.2904 2.9626 3.1592 2.7499 1.2705 2.6732 2.9563 2.7006 1.9806 1.2726 2.4409 3.2961 3.3003 3.5844 3.6219 3.5031 3.3981 2.6138 2.6094 2.6017 1.7108 
5.9108 5.4479 4.3374 4.3301 4.2690 4.9799 2.6983 3.4798 3.8894 4.0174 3.3348 3.8978 3.5696 3.7731 3.5496 3.5396 3.1529 3.4415 3.3754 3.4787 3.2323 3.4448 2.7900 3.3882 3.1648 2.6217 1.6783 3.7896 2.8578 2.6573 2.3003 2.8176 2.2177 
4.8392 4.3253 4.0495 3.8015 4.7011 3.6842 3.1513 4.2024 4.0603 3.7179 2.6629 3.2019 2.8838 3.3223 3.2143 2.5798 1.5120 2.4905 3.0501 3.1033 2.5736 2.7447 2.1152 3.0593 3.3109 3.3100 2.0934 2.4708 3.3226 2.1266 2.0914 1.7122 1.1940 
5.4217 4.6641 4.3783 4.4616 3.5080 4.3886 4.1134 3.3783 3.6598 2.4577 3.6809 3.2446 2.3118 2.6510 2.6609 2.7352 3.0041 2.6589 2.5183 2.3923 1.9897 2.7911 3.1527 1.7960 2.8674 2.5405 3.1384 3.2016 2.1368 2.7986 2.3884 2.1006 1.7430 
5.2545 5.1161 4.9451 4.6870 4.6333 4.7621 4.4873 4.4076 4.2467 3.0042 3.5490 3.1967 2.7546 3.1495 3.1805 2.9394 2.6407 2.8396 2.9907 2.8411 2.4332 2.7328 3.0246 2.3479 3.4519 3.5021 3.4532 3.5715 3.2689 3.0749 2.9169 2.6056 1.6393 
4.9779 5.4564 4.9709 5.0301 5.4775 5.1548 4.8284 3.8931 3.8710 4.0405 3.6572 3.7584 3.0568 4.1313 3.8640 3.0047 3.6080 2.8973 3.7294 3.8798 2.6970 3.2897 3.1417 3.3996 3.1487 3.0168 3.8016 3.9617 4.0492 3.3919 2.9657 2.8837 1.4098 
5.6290 5.3845 4.7575 4.5866 5.2082 4.2543 4.4291 3.7250 4.4249 4.0558 4.2473 3.7596 2.9296 3.5704 3.5977 3.6531 3.3352 3.5480 3.4021 3.3117 2.6019 3.2847 3.7283 3.4066 3.6871 2.7924 3.3882 3.0955 3.8425 2.9843 2.7687 2.7966 1.9472 
4.4237 5.4723 4.7272 4.5166 4.9729 4.0533 4.1822 3.5853 4.1329 3.7662 2.1635 3.3986 2.9740 3.2627 3.0704 2.9815 2.9109 2.8850 2.8551 3.0143 2.6410 2.9733 1.6493 3.1336 3.3741 2.7105 3.1811 2.8602 3.5655 2.8754 2.7292 2.9006 0.7936 
5.1650 4.5622 3.4396 5.1448 4.9963 5.4171 5.0429 4.5858 3.4778 4.5784 3.7627 3.8278 3.8013 4.2659 4.1716 3.8126 3.9461 3.7485 3.9899 3.9809 3.4209 3.3749 3.2061 3.9367 2.7089 3.7457 3.9963 4.2294 3.6105 3.5079 1.5275 1.9933 1.4807 
5.3131 4.5368 4.2427 4.6992 4.4297 4.1392 4.6892 4.4336 3.9650 3.7061 3.4257 2.5913 2.9776 2.3356 2.6585 3.2984 2.6746 3.2278 2.5297 2.0956 2.6320 2.1218 2.8890 3.0514 3.2181 3.5406 3.7129 2.9534 3.0518 3.0954 2.2138 2.0669 1.6096 
4.2397 5.0316 4.3997 4.9388 4.7132 4.8669 4.9725 3.8995 3.9563 3.1595 3.4045 2.8262 2.5884 2.4458 2.0924 3.2007 2.5768 3.1401 1.9526 2.1814 2.2048 2.4337 2.8647 2.4942 3.2155 3.0324 3.9276 3.6730 3.3322 3.2657 2.4266 2.5327 0.9388 
5.5306 5.1899 4.3851 5.0432 4.2752 3.9270 3.5063 3.2644 3.9923 3.3954 3.2233 3.2693 3.2823 3.4411 3.3004 1.7890 1.2263 1.6709 3.1612 3.2158 2.9286 2.8102 2.6726 2.7578 3.2495 2.3882 2.5275 2.7347 2.8624 3.3910 2.4035 2.6398 1.8356 
5.8014 5.9569 5.0194 4.9221 4.6589 4.4901 4.7247 4.3227 3.4118 2.8281 3.2927 3.9747 3.7416 4.0006 3.4058 3.9199 3.5609 3.8442 3.2616 3.7832 3.3543 3.5400 2.7599 2.2044 2.6607 3.3923 3.7410 3.3118 3.2770 3.2606 3.0291 3.3871 2.1107 
1.4701 3.9311 3.2010 4.4127 4.3701 4.0832 3.4550 2.5494 4.3392 3.9759 3.7718 3.4426 3.3124 3.3202 2.6192 2.5019 2.5778 2.3891 2.4289 3.1048 2.9592 3.0295 3.2247 3.3307 3.5514 1.6361 2.4689 2.8921 2.9504 2.7646 1.1559 1.4125 -1.5041 
5.8826 5.5598 4.6900 4.4659 4.1755 5.0053 4.0205 4.3105 4.5597 3.3584 2.9382 2.7241 2.7361 3.1075 2.6986 2.0883 1.8705 2.0233 2.5610 2.8050 2.3958 2.2667 2.4038 2.7056 3.8172 3.3919 3.0143 3.8167 2.7968 2.8043 2.7156 2.9503 2.2085 
3.7445 5.0813 4.6229 4.0167 4.8118 5.0173 4.2520 4.5398 4.1258 4.0375 2.1225 3.1926 2.7304 3.7230 2.8655 2.4002 3.1900 2.3028 2.7065 3.4085 2.4063 2.7274 1.5915 3.3976 3.3690 3.6901 3.2187 3.8257 3.4050 2.3717 2.6525 2.5616 -0.9300 
3.3453 3.8757 3.3097 2.8656 4.9132 5.0295 4.6055 4.5968 4.5176 3.8081 2.5842 3.1707 3.6031 2.9018 3.0664 3.6435 2.3361 3.5401 2.8628 2.6581 3.2533 2.7093 2.0497 3.1737 3.7844 3.7640 3.6066 3.8391 3.4825 1.3455 1.3373 1.3773 -0.4685 
