5.9162 5.5619 4.6142 4.2557 4.0153 3.5613 2.9303 3.2428 2.8083 3.3090 3.0840 2.5980 2.8610 3.0122 3.0757 2.2064 1.6351 2.1563 2.8993 2.7836 2.5994 2.2063 2.6377 2.7597 2.1751 2.4848 2.0895 2.5411 2.8181 2.8307 2.8535 3.3256 2.7042 
6.3819 6.0297 5.1518 4.7145 4.5018 4.3526 4.3285 4.0312 3.8742 3.8965 3.8148 3.7727 3.6827 3.6617 3.3270 3.4585 3.6862 3.3793 3.1994 3.3921 3.3583 3.3777 3.3511 3.3568 3.2367 3.2690 3.4426 3.3351 3.3126 3.2899 3.4099 3.8208 3.2596 
5.5364 5.6017 4.6038 3.8618 3.7753 2.6732 3.3802 2.8069 2.4873 2.8415 2.3628 2.4377 3.0125 2.0751 2.2014 2.4019 2.5760 2.3402 2.0626 1.8217 2.7120 2.0747 1.8812 2.2765 1.8052 2.0495 2.5070 1.6052 2.5794 2.4152 2.8395 3.3792 2.5029 
5.7853 5.9456 4.8831 4.2585 4.1219 3.8971 3.2279 3.4524 3.5071 3.1452 3.0698 3.2924 2.8533 2.9764 1.4262 2.7227 2.8918 2.6814 1.4157 2.7413 2.5675 2.8986 2.6269 2.5733 2.8509 2.7357 2.2849 2.8540 2.8756 2.8208 3.1835 3.7701 2.7812 
5.0173 5.6275 4.9431 4.5360 4.5578 4.2331 3.8731 3.8765 3.7319 3.4419 3.2566 3.4070 3.1263 3.3164 3.3448 3.3121 3.2869 3.2469 3.2133 3.1311 2.7962 3.0568 2.7906 2.8854 3.0957 3.1563 3.0004 3.2108 3.3548 3.1529 3.2335 3.3935 1.4136 
6.3855 6.2185 5.4514 5.2295 4.9322 4.8008 4.6986 4.4976 4.5198 4.3723 4.2789 4.2783 4.2048 4.0617 4.1294 3.9354 3.9282 3.8714 3.9477 3.8289 3.8782 3.8841 3.8133 3.8211 3.8681 3.7503 3.7940 3.7821 3.7603 3.8070 3.7689 3.9775 3.2539 
5.4631 5.8311 5.1874 4.8534 4.6416 4.4299 4.3041 4.3964 3.9933 4.0014 3.9640 3.9566 3.8137 3.7470 3.3819 3.6220 3.6596 3.5291 3.2552 3.5247 3.5226 3.6124 3.5120 3.4421 3.3418 3.6790 3.4147 3.4071 3.4107 3.4379 3.4231 3.6738 2.4784 
5.2219 5.1434 5.0671 4.4856 4.3588 4.1648 4.1663 3.8598 3.9207 3.8774 3.6728 3.5830 3.4129 3.2261 3.4837 3.5663 3.7613 3.4803 3.3374 3.0022 3.1595 3.2023 3.1968 3.3315 3.2836 3.1412 3.2591 3.1459 3.1943 3.1207 3.3624 2.9303 2.1452 
5.8900 6.2009 5.6068 5.2838 5.1270 4.9064 4.7516 4.6366 4.4975 4.4017 4.3010 4.3309 4.2668 4.1488 4.1296 4.2214 4.1954 4.1687 3.9493 3.8838 3.9559 3.9474 3.8357 3.8628 3.8481 3.8519 3.8583 3.8855 3.9038 3.8698 3.8798 3.9681 2.7025 
5.3661 5.8629 4.8979 4.8703 4.6092 4.3683 4.3015 4.0989 3.9676 4.0369 3.9192 3.8751 3.7301 3.6725 3.6828 3.6199 3.6620 3.5266 3.5158 3.4124 3.4081 3.5045 3.4636 3.4778 3.3220 3.3193 3.4099 3.3490 3.3841 3.4642 3.2200 3.6963 2.2267 
6.2527 6.4843 5.8896 5.5262 5.2651 5.1506 5.0240 4.9007 4.8013 4.7212 4.6873 4.5210 4.4902 4.4686 4.4303 4.4622 4.4327 4.3897 4.2981 4.2626 4.2153 4.1752 4.2127 4.1802 4.1800 4.1819 4.1770 4.1316 4.0789 4.1521 4.2034 4.2997 2.9831 
5.7131 6.0008 5.5115 5.0411 4.8837 4.7192 4.7688 4.4258 4.4498 4.3154 4.2327 4.2215 4.1405 4.0181 4.1021 4.0196 3.8809 3.9338 3.9255 3.7963 3.8125 3.8271 3.7630 3.7681 3.8100 3.7003 3.8766 3.7026 3.7137 3.6686 3.8148 3.8228 2.5894 
6.3950 6.6153 5.7753 5.5400 5.3035 5.1174 4.9723 4.8541 4.8222 4.7578 4.6911 4.5651 4.5600 4.4328 4.4663 4.4300 4.3474 4.3671 4.3276 4.2368 4.2615 4.2009 4.2169 4.2149 4.1973 4.1253 4.1288 4.0990 4.1397 4.1704 4.0753 4.3966 3.2527 
5.2901 5.5408 5.0468 4.8336 4.5326 4.4542 4.3251 4.0985 4.0340 4.0268 4.0612 3.9948 3.9035 3.7434 3.7791 3.8475 3.7487 3.7802 3.6643 3.5206 3.6562 3.6562 3.6179 3.4679 3.3709 3.3206 3.4417 3.4390 3.3426 3.4284 3.3534 3.3789 2.0387 
5.2526 6.3774 5.8012 5.4233 5.2715 5.0507 4.8616 4.8194 4.6946 4.6851 4.6243 4.5466 4.4015 4.3420 4.2991 4.3156 4.2389 4.2521 4.1819 4.1581 4.1505 4.1901 4.1731 4.1267 4.0180 4.0760 3.9799 4.0292 4.0876 4.0333 4.1014 4.2075 1.3271 
5.4055 6.2047 5.3743 5.1005 4.7791 4.6337 4.4135 4.4148 4.3638 4.2641 4.1862 4.0710 3.8823 4.0843 3.9150 3.8904 3.8502 3.8317 3.7826 3.8465 3.6269 3.6996 3.7117 3.7202 3.7283 3.6954 3.5595 3.6188 3.6089 3.6997 3.6928 4.0039 2.2354 
5.6491 5.5610 4.8328 4.6615 4.1712 4.2315 3.8447 4.1675 3.9421 3.8636 3.6633 3.5138 3.6986 3.7388 3.4082 3.2192 3.4006 3.1649 3.2736 3.5122 3.3718 3.1614 3.1903 3.3106 3.3020 3.3686 2.9713 3.2132 2.9565 3.2357 3.1607 3.3960 2.4384 
4.6412 6.2490 5.6121 5.2563 5.1641 4.9299 4.8238 4.7293 4.6232 4.4733 4.4042 4.3398 4.2894 4.2433 4.2412 4.1982 4.0130 4.1286 4.1053 4.0145 3.9867 3.9565 3.9484 3.9151 3.9413 3.9451 3.9332 3.9094 3.9321 3.8315 3.8777 4.0507 2.0228 
5.2013 5.3444 4.5971 4.2987 3.9707 3.8183 3.9990 4.1881 3.8583 3.6613 3.6574 3.5683 3.3920 3.3691 3.3916 3.3293 3.3294 3.2621 3.2633 3.1794 3.1456 3.1931 3.1821 3.0990 3.2211 3.3893 3.1577 2.7957 2.7854 2.8752 2.8698 3.1717 1.9967 
5.8698 5.5580 4.2961 4.0758 3.2126 3.7317 3.2787 2.5565 2.9018 2.3680 2.0286 1.4489 2.2146 1.7373 3.1392 3.0840 2.2988 2.9918 2.9542 1.5266 1.8881 1.0830 1.5841 1.8285 2.2621 1.7719 2.3763 2.7071 2.0053 2.6625 2.5999 3.3667 2.7769 
5.0880 5.2276 4.8632 4.4366 4.3000 4.2946 4.1275 4.1000 3.6963 3.6610 3.7446 3.7773 3.6015 3.6651 3.2892 3.4137 3.3331 3.3497 3.1702 3.3986 3.2835 3.3829 3.2771 3.1033 3.0356 3.3224 3.2290 3.2761 3.1446 3.0507 3.1778 3.0097 1.7704 
5.2896 5.3852 4.2620 2.7020 3.3537 3.3133 3.2677 1.7316 2.9355 3.1002 3.0100 2.5693 2.9764 2.7743 2.5997 2.3408 2.3691 2.2630 2.4167 2.5862 2.6896 2.1794 2.5543 2.5364 2.2986 1.0700 2.3579 2.3006 2.1868 1.4172 2.4973 3.2076 2.2263 
4.5594 5.2322 4.9345 4.6149 4.2348 4.2778 4.1038 3.8271 3.7372 3.5172 3.8656 3.7407 3.5390 3.4291 3.2392 3.2577 3.2999 3.1993 3.1131 3.2285 3.2375 3.3518 3.3947 2.9582 3.1081 3.0907 3.2158 3.2597 3.0522 3.2027 3.2706 3.0455 1.6323 
3.1828 6.3052 5.6725 5.3385 5.1238 4.9062 4.7002 4.6849 4.5266 4.4582 4.4316 4.3225 4.2420 4.1787 4.1719 4.0087 4.0975 3.9240 3.9898 3.9146 3.9222 3.9356 3.9775 3.9012 3.8725 3.8830 3.7931 3.8851 3.8981 3.9199 3.9199 4.1464 1.2126 
5.6249 5.8550 5.3774 4.9954 4.6835 4.5957 4.4746 4.2569 4.1043 4.1851 3.9558 3.9167 3.8940 3.8767 3.8089 3.8503 3.7459 3.7822 3.6873 3.6872 3.6449 3.5663 3.5024 3.6374 3.4232 3.4909 3.6317 3.5785 3.4518 3.6223 3.6939 3.7005 2.5633 
5.6726 5.4607 4.4822 2.7456 3.4799 2.8630 2.7136 3.1379 2.1110 2.4750 2.6944 2.0965 1.3481 1.9109 2.7164 2.2204 2.0587 2.1587 2.5788 1.6931 1.0923 1.6795 2.2132 1.9074 1.3693 2.3375 1.8377 1.8503 2.2745 1.4268 2.7465 3.2755 2.5929 
5.9631 5.7040 4.7076 4.3272 4.2047 4.0946 3.5252 3.8526 3.1587 3.3379 3.0879 3.3288 3.1973 3.3604 2.8809 2.9534 3.0666 2.8716 2.7509 3.1688 2.8681 2.9472 2.6392 2.7860 2.4758 3.1279 2.6631 3.0724 2.9913 2.9057 2.9601 3.4810 2.8671 
5.4343 6.0154 5.4114 5.0607 4.9003 4.5731 4.4929 4.3912 4.2980 4.2533 4.2204 4.1422 3.9952 3.8697 3.9227 3.8808 3.6831 3.8167 3.7898 3.6790 3.7139 3.7429 3.7495 3.7092 3.6752 3.6728 3.6521 3.5530 3.7281 3.6763 3.7233 3.8283 2.1797 
6.0302 5.4205 4.2017 3.4275 3.7050 3.2058 3.5039 2.9239 3.0419 2.8423 2.3142 2.3703 2.4946 2.7144 1.8891 2.6451 3.1254 2.5562 1.7535 2.4901 2.1996 2.0012 1.8535 2.2907 2.3673 2.1883 2.6514 2.1862 2.5060 2.0485 2.4569 3.2153 2.8554 
3.8015 5.2876 4.8411 4.5120 4.3856 4.3134 3.9513 3.8401 3.8897 3.8435 3.8221 3.7566 3.5871 3.5319 3.3768 3.5484 3.2889 3.4599 3.2509 3.3030 3.2722 3.3665 3.3602 3.2935 3.2603 3.1162 3.1039 3.2944 3.2163 3.1467 3.1770 3.1447 0.8211 
5.3400 5.3952 4.7930 4.5678 3.9920 3.6832 3.8696 3.9777 3.6922 3.6199 3.3086 3.3939 3.2946 3.3095 3.4285 3.0137 3.0706 2.9250 3.2930 3.1204 3.0009 3.0411 2.8452 3.0538 3.0285 3.2320 2.9966 2.6626 2.7953 3.1742 3.0917 3.2047 2.0681 
5.8343 5.6061 4.5685 4.0469 3.6703 3.2748 3.3630 3.6886 3.3340 2.9818 2.8630 2.6628 2.9977 2.8215 2.9431 3.0402 2.6588 2.9527 2.8015 2.6393 2.7097 2.2624 2.4047 2.4216 2.6983 2.8954 2.4904 2.2492 2.4429 2.6498 2.8235 3.3841 2.7555 
6.0304 5.7106 5.3040 4.8861 4.7497 4.7451 4.5879 4.4956 4.3208 4.1974 4.1809 4.0261 3.9849 3.9446 3.9454 3.8796 3.8658 3.8152 3.8078 3.7424 3.7077 3.6735 3.7067 3.6575 3.6934 3.7487 3.7103 3.7258 3.5634 3.4785 3.6161 3.4567 2.8128 
6.0189 5.4479 4.7538 4.4290 4.3799 4.1822 4.0537 3.6884 3.6851 3.6215 3.5395 3.4569 3.2960 3.4173 3.3865 3.2725 3.2036 3.2098 3.2594 3.2185 3.0101 3.1122 3.0915 3.0563 3.0195 2.8935 3.1852 3.1633 3.2078 3.0651 3.0900 3.3138 2.8551 
6.0422 5.9229 4.7583 4.3934 4.0756 3.6965 3.5217 3.3446 3.4654 3.4994 3.4751 3.2136 3.3606 3.3821 3.1529 3.3483 3.3734 3.2793 2.9712 3.1922 3.0824 2.8169 3.0196 2.9337 2.8111 2.6079 2.6551 2.6623 2.8471 2.9699 3.0053 3.7448 3.0052 
6.0143 5.6289 4.8825 4.2967 3.8580 3.8090 3.8232 3.4313 3.6225 3.3625 3.4277 3.2565 3.2303 3.3187 3.2077 2.9683 2.5981 2.8846 3.0620 3.1339 2.9135 2.8624 2.9743 2.8090 2.9405 2.6959 2.9380 2.7895 2.6873 2.8664 3.1944 3.4199 2.8910 
5.6333 5.4497 4.7927 4.2205 3.9233 3.9380 3.7337 3.7002 3.2648 3.3053 3.2043 3.2357 2.9615 3.1514 3.1576 3.2884 3.0835 3.2264 2.9853 2.8879 2.6846 2.8509 2.7338 2.7550 2.6471 2.9118 2.8360 2.9224 2.7480 2.8007 3.1325 3.2657 2.5768 
5.9166 5.4071 3.9797 3.4936 3.1746 2.0859 3.4333 2.8588 1.7769 2.3363 2.7875 2.9998 2.7241 2.7967 2.2296 1.3302 2.2657 1.2746 2.1070 2.6053 2.4091 2.6498 2.3281 1.7910 1.1555 2.1391 2.5883 1.0534 1.9391 2.1244 2.2469 3.2220 2.8054 
4.8662 5.7094 4.7528 4.5141 4.2424 4.0396 4.0913 3.7771 3.9344 3.5986 3.5341 3.6346 3.5907 3.6856 3.6729 3.1590 2.9590 3.0685 3.4981 3.4313 3.2777 3.2349 3.0894 3.0357 3.2927 3.0348 3.2081 3.0240 3.0533 3.1437 3.0725 3.5114 1.6921 
5.7413 4.8002 4.9896 4.6054 4.3990 4.3202 4.1961 3.8627 3.8699 3.6709 3.8341 3.6475 3.4421 3.4522 3.6227 3.4034 3.3682 3.3412 3.4408 3.2461 3.1763 3.2425 3.3672 3.1189 3.2321 3.1444 3.2914 3.3023 3.2309 3.1991 3.2899 2.5581 2.5422 
5.7249 5.8758 5.2904 4.7384 4.6116 4.3976 4.1906 4.1834 4.0818 3.8456 3.8849 3.8653 3.9226 3.7308 3.7901 3.7201 3.7032 3.6664 3.6723 3.5016 3.6684 3.4906 3.4289 3.2954 3.4039 3.3846 3.2832 3.3777 3.3885 3.3187 3.5954 3.7039 2.5408 
5.9558 5.8937 4.8585 4.2222 3.9673 3.7901 3.2240 2.9071 3.1616 3.2739 2.4290 2.0382 2.3798 2.6375 2.5626 0.7735 1.6609 0.7098 2.3624 2.3638 2.1212 1.6779 1.9296 2.7223 2.4993 2.1988 2.2984 2.7514 2.7633 2.7798 3.1534 3.7139 2.8779 
5.0521 5.1127 4.0666 2.7956 3.6591 3.7784 2.8855 3.1252 2.9950 2.2730 2.7100 2.3088 2.3448 2.5436 2.7104 2.1025 2.1047 2.0112 2.5800 2.3128 2.0937 1.9390 2.2444 1.7256 2.3434 2.3377 2.0420 2.7551 2.4193 1.4830 2.3004 2.8942 2.0395 
5.9016 5.6988 4.6938 3.7857 3.5499 3.3111 3.2554 2.4856 2.7374 2.5033 2.2232 1.8628 0.1023 2.6706 2.3443 2.1469 1.3891 2.0492 2.2055 2.4132 -0.1650 1.4918 1.7412 1.9221 2.1247 1.7032 2.3538 2.2680 2.3335 2.3439 2.9299 3.4521 2.7994 
5.5343 5.2997 4.7692 4.3933 4.2808 3.9300 3.8837 3.4076 3.2597 3.3399 3.1185 3.2442 3.3364 3.3015 3.4279 3.3168 2.8677 3.2507 3.2919 3.1097 3.0553 2.8545 2.6544 2.7888 2.6390 2.6814 3.0242 2.9121 3.1133 3.0055 3.0500 3.1058 2.2529 
4.7473 5.6621 4.8311 4.5339 4.2859 4.1706 4.1374 3.8517 3.4896 3.4445 3.6067 3.4624 3.5628 3.4199 3.1722 3.1924 3.4078 3.1389 3.0050 3.2202 3.2559 3.1209 3.1545 2.8887 2.8370 3.1262 3.2358 3.1497 3.1259 3.1586 3.1597 3.4468 1.6629 
5.6290 5.6318 4.9248 4.5516 4.3494 4.2030 4.1448 3.8079 3.9737 3.7613 3.7626 3.8942 3.6592 3.3720 3.4493 3.4842 3.5625 3.4016 3.3102 3.1843 3.3229 3.5408 3.2967 3.2174 3.3286 3.0682 3.2441 3.1810 3.1864 3.1645 3.2519 3.4022 2.4922 
4.7077 6.0904 5.4912 5.1425 4.7934 4.7006 4.6775 4.4764 4.3573 4.2115 4.2051 4.1450 3.9842 4.1778 4.1063 3.9620 3.9153 3.8835 3.9280 3.9146 3.7073 3.7449 3.7327 3.6709 3.7223 3.7345 3.7664 3.6796 3.6270 3.7208 3.7831 3.8810 -1.2862 
6.4833 5.8285 4.9081 4.3387 3.7237 3.4722 3.7830 3.7481 3.2075 3.4442 3.2550 3.0956 3.1578 3.0577 2.8713 2.8698 2.4434 2.8107 2.7418 2.8220 2.8275 2.7054 2.7889 2.8885 2.5623 2.9854 2.8907 2.4704 2.5267 2.9255 3.2301 3.6355 3.3479 
6.4360 5.9267 4.9978 4.4077 4.1789 2.9142 3.6583 3.5408 3.5799 2.8069 2.3293 2.1454 2.0186 2.8212 2.3293 1.9278 2.7044 1.8406 2.1991 2.6375 1.7104 1.7371 1.8512 2.2566 2.8984 2.7707 2.7440 1.8569 2.9395 3.0166 3.2873 3.7427 3.3258 
5.9712 5.4422 4.3781 3.6699 2.9528 3.4219 3.3734 3.5997 3.0088 3.4146 3.2441 3.0902 2.9719 2.4982 2.9030 2.4905 2.6974 2.4021 2.7687 2.2788 2.6898 2.7023 2.7766 2.8618 2.3476 2.8197 2.5171 2.4071 1.8103 2.2225 2.6947 3.2932 2.8447 
5.5062 5.9817 5.0679 4.6867 4.4097 4.3654 4.2143 3.9776 4.0202 3.8750 3.7588 3.8021 3.8126 3.6937 3.4849 3.5658 3.5132 3.4746 3.3384 3.4437 3.5220 3.4134 3.2940 3.3262 3.3634 3.2344 3.3166 3.3453 3.2435 3.2510 3.3516 3.8060 2.4231 
5.8027 5.7313 4.8047 4.5404 4.4814 4.0358 4.1562 3.8799 3.8275 3.8300 3.8667 3.5611 3.4191 3.2163 3.3879 3.3742 3.5487 3.3151 3.2614 2.9835 3.1601 3.1905 3.3933 3.2818 3.1966 3.1634 3.2481 3.0191 3.2964 3.1636 3.1309 3.5096 2.6781 
6.2082 5.5650 4.7178 3.4246 3.6455 3.3735 2.9205 3.0392 1.4042 2.9408 2.0467 1.0755 2.4844 2.1471 2.4089 2.7576 2.3740 2.6971 2.2747 1.8914 2.1964 0.6763 1.5935 2.3883 0.7098 2.2777 2.0730 2.3593 2.4246 2.0457 2.9890 3.3342 3.0194 
3.5527 4.6028 3.7762 3.2160 3.9877 3.5388 3.1797 2.7219 2.8532 2.8605 3.1478 2.1753 2.7842 2.0135 2.5563 2.3419 1.8380 2.2696 2.3905 1.7586 2.4881 1.7825 2.6743 2.3187 2.2311 1.9722 2.2919 2.4941 2.8014 1.8850 2.1363 2.3871 -0.0454 
6.4340 6.3283 5.7326 5.3803 5.1596 4.9359 4.8431 4.7404 4.6538 4.5074 4.4733 4.4079 4.3834 4.3486 4.3268 4.1835 4.1767 4.1015 4.2038 4.1669 4.1117 4.0542 4.0218 3.9485 3.9681 3.9624 3.9584 3.9154 3.9295 3.9710 3.9952 4.1509 3.2392 
6.6493 6.5772 5.9118 5.5955 5.3598 5.2145 5.1173 4.9350 4.8769 4.7755 4.7188 4.6647 4.5608 4.4844 4.5513 4.4509 4.3230 4.3843 4.3903 4.2738 4.2619 4.2614 4.2469 4.2309 4.2411 4.2099 4.2335 4.1944 4.1971 4.2013 4.2246 4.3708 3.4569 
6.5748 6.8297 6.1991 5.8536 5.6424 5.4122 5.2908 5.2257 5.1846 5.0538 4.9591 4.8922 4.8570 4.7671 4.7018 4.6986 4.6629 4.6210 4.5335 4.5439 4.5732 4.5179 4.5059 4.4933 4.4966 4.4365 4.3944 4.3922 4.4179 4.4393 4.4542 4.6701 3.4085 
6.2395 6.7211 5.9523 5.6449 5.3762 5.2310 5.1656 5.0154 4.8929 4.8228 4.7982 4.7126 4.6966 4.6114 4.5436 4.4522 4.3947 4.3849 4.3867 4.3688 4.3691 4.3129 4.3329 4.2761 4.2540 4.2662 4.2634 4.2117 4.2093 4.2307 4.2692 4.4956 3.1009 
6.4789 6.8157 6.0965 5.7591 5.5715 5.3901 5.2869 5.1150 5.0009 4.9062 4.8354 4.7953 4.7480 4.6787 4.6569 4.6427 4.6157 4.5494 4.4738 4.4089 4.4266 4.4005 4.3727 4.3657 4.3538 4.3376 4.3917 4.3711 4.3739 4.3399 4.3799 4.6498 3.3393 
5.7976 6.7295 6.0926 5.7498 5.5066 5.3943 5.2664 5.1452 4.9916 4.9187 4.8287 4.7923 4.7608 4.7375 4.6595 4.5521 4.5882 4.4649 4.4751 4.5005 4.4441 4.3972 4.3653 4.3790 4.3453 4.3603 4.3759 4.3751 4.3225 4.3266 4.3805 4.5164 2.6384 
5.6658 6.3935 5.8166 5.4340 5.2145 5.0446 4.8225 4.8262 4.7324 4.6757 4.6178 4.4693 4.4093 4.3954 4.3004 4.2734 4.2346 4.2140 4.1833 4.2084 4.1617 4.1248 4.1700 4.1100 4.0831 4.0864 3.9346 4.0232 4.0012 4.0500 4.1389 4.2271 2.4214 
6.1191 6.2372 5.3881 5.0938 4.8770 4.6995 4.5776 4.3896 4.2952 4.2776 4.2385 4.2541 4.1226 4.0089 3.9973 3.8950 3.8893 3.8348 3.8512 3.7881 3.8003 3.8665 3.7699 3.7332 3.6739 3.6719 3.7039 3.6799 3.7083 3.7000 3.7061 4.0244 3.0066 
6.7277 6.2918 5.2696 4.6408 4.2380 3.9079 3.8632 3.6546 3.5975 3.6259 3.2307 3.2736 3.2620 3.3389 3.2298 2.9678 3.2022 2.8926 3.0943 3.1534 2.9597 2.8774 2.7654 3.0553 2.9108 2.8557 2.9863 2.8806 3.0368 3.2148 3.5554 4.0911 3.6031 
6.5309 5.8851 4.9155 4.5541 4.0280 3.7369 2.4583 3.2052 2.8823 2.7597 2.2945 2.0588 2.5041 2.5229 2.3270 2.7853 2.8915 2.7216 2.1988 2.2884 2.2093 1.6769 1.8316 2.2124 2.2462 2.4250 1.5804 2.7116 2.8292 3.1652 3.2384 3.6969 3.3862 
6.3950 6.4162 5.5328 5.0700 4.7811 4.6803 4.4211 4.3803 4.2506 4.1970 4.1815 4.0660 3.8735 3.9863 3.9950 3.8485 3.7098 3.7804 3.8483 3.7726 3.6021 3.6968 3.7067 3.6565 3.6174 3.6587 3.5674 3.6577 3.6017 3.6755 3.8024 4.2436 3.3491 
6.4261 6.2998 5.2636 4.7550 4.6274 4.3084 4.2831 4.0181 3.9781 3.9792 3.9821 3.8828 3.6829 3.5304 3.5918 3.6156 3.4844 3.5222 3.4136 3.3010 3.3574 3.5216 3.5290 3.4179 3.3266 3.2567 3.3797 3.2781 3.3862 3.3140 3.5158 4.1216 3.3674 
6.7776 6.2876 5.4324 4.9418 4.6592 4.6225 4.4623 4.2677 4.2135 3.9960 3.9709 3.8905 3.8114 3.8282 3.7555 3.6850 3.6900 3.6138 3.6345 3.6429 3.5202 3.5355 3.5187 3.4384 3.5569 3.5058 3.6182 3.6060 3.4290 3.5598 3.7498 4.0741 3.6590 
5.9242 5.9155 5.2072 4.7598 4.3257 4.4263 4.2801 4.2246 3.8840 3.9494 3.7950 3.5562 3.5817 3.6660 3.6700 3.5279 3.5067 3.4409 3.4929 3.4010 3.2678 3.1865 3.3294 3.3919 3.2505 3.4422 3.3801 3.4032 3.1588 3.3307 3.4544 3.7407 2.8713 
6.3165 6.1071 5.4114 5.0613 4.8670 4.6034 4.4101 4.2835 4.2290 4.2543 4.1765 4.1127 4.0540 3.8893 3.9333 3.8856 3.7289 3.8255 3.7986 3.7019 3.7532 3.7245 3.7014 3.7099 3.5824 3.5292 3.5542 3.5794 3.6971 3.6739 3.7206 3.8963 3.2326 
5.6922 5.7587 5.2075 4.7103 4.7388 4.4089 4.3713 4.2581 3.9067 3.9231 3.8076 3.7170 3.7686 3.6995 3.5966 3.4793 3.6636 3.3955 3.4194 3.4521 3.4642 3.3219 3.3446 3.3718 3.2707 3.4925 3.4954 3.3891 3.5449 3.2839 3.4622 3.5576 2.4241 
4.6179 6.0499 5.2414 4.8787 4.7757 4.5758 4.3817 4.2245 4.1247 3.9748 3.9798 3.7977 3.9540 3.9052 3.8592 3.7620 3.6682 3.7029 3.7278 3.7130 3.6887 3.4090 3.5293 3.4151 3.4412 3.4455 3.5035 3.5558 3.6044 3.4720 3.5135 3.8659 1.2052 
5.7220 5.8495 5.0364 4.5478 4.5941 4.3801 4.1946 4.0259 3.7469 3.8026 3.7551 3.6709 3.7144 3.4532 3.5936 3.4869 3.3005 3.4031 3.4157 3.2457 3.3877 3.2664 3.2875 3.2547 3.1181 3.2656 3.2879 3.3576 3.3728 3.1560 3.3079 3.6867 2.6913 
5.5991 6.2358 5.6868 5.2985 5.1475 4.8855 4.7924 4.6401 4.5461 4.4112 4.4275 4.3955 4.2669 4.2949 4.3070 4.2007 4.2544 4.1341 4.1880 4.0915 3.9564 4.0383 3.9735 3.8720 3.8807 3.8532 3.8963 3.8655 3.9192 3.8791 3.9368 4.0395 2.6085 
6.6403 5.9221 5.0422 4.6166 4.2822 3.9813 4.0039 3.7992 3.6581 3.4981 3.6586 3.4706 3.1453 2.9279 3.0688 2.9042 2.6867 2.8415 2.8914 2.7255 2.8088 3.1287 3.1828 2.9410 2.9706 3.0547 3.1586 2.9593 3.1226 3.2054 3.3352 3.7169 3.4669 
3.0409 5.5438 5.1540 4.8358 4.5367 4.2658 4.2723 4.1989 3.9135 3.9766 3.8314 3.9447 3.8621 3.7036 3.6553 3.6474 3.6063 3.5510 3.4698 3.4589 3.5853 3.5987 3.3659 3.4188 3.2772 3.4055 3.3748 3.2446 3.3385 3.4176 3.4078 3.3540 0.6030 
5.5453 5.6492 4.4989 3.8651 3.7186 3.2663 3.4125 2.7251 2.4671 2.7739 3.1804 2.7663 2.8345 2.6373 2.8282 1.3514 2.8050 1.3816 2.6897 2.3562 2.5533 2.3896 2.7063 2.2456 1.8645 1.9254 2.5382 2.2273 2.5006 2.4587 2.7589 3.4212 2.5315 
6.2454 5.7844 4.7098 4.2814 4.1723 3.3022 3.3733 3.5326 2.6963 2.4384 2.5942 2.7177 2.5289 2.6994 2.6625 2.4205 1.2349 2.3424 2.4862 2.4729 2.2125 2.3321 2.1241 1.8786 2.0654 2.7595 2.5159 2.2513 2.9376 2.8566 2.9791 3.5832 3.1416 
6.7089 6.4063 5.7242 5.3607 5.1862 4.9017 4.7869 4.7609 4.6714 4.5307 4.3869 4.3548 4.3083 4.2595 4.2327 4.1823 4.1390 4.0998 4.0920 4.0385 4.0121 3.9754 3.9191 3.9707 3.9833 3.9932 3.8909 3.8807 3.9521 3.9490 3.9907 4.2162 3.5147 
5.5631 6.1765 5.4522 5.1909 4.9976 4.8392 4.7005 4.4499 4.3532 4.2249 3.9693 4.0648 4.1026 4.0790 3.9431 3.8836 3.7346 3.8218 3.8064 3.8414 3.7864 3.6965 3.5175 3.6822 3.7200 3.7158 3.7941 3.8181 3.8096 3.7522 3.7504 3.9535 2.6557 
5.9970 5.7213 5.2199 4.7257 4.6415 4.4519 4.2935 4.0453 3.9965 3.9270 3.9433 3.7822 3.7377 3.6916 3.5638 3.6005 3.6616 3.5085 3.3899 3.4424 3.4201 3.3883 3.4907 3.3739 3.3471 3.2792 3.4012 3.4305 3.4168 3.3034 3.4982 3.5383 2.8614 
5.0965 6.0918 5.4315 5.1056 4.7875 4.7910 4.4733 4.3662 4.3218 4.2997 4.2797 4.1794 3.9150 4.0037 3.9661 3.9733 3.9262 3.8911 3.8253 3.7849 3.6634 3.7738 3.8131 3.7529 3.6944 3.6437 3.6282 3.7705 3.6167 3.6991 3.7379 3.8806 1.3698 
6.5509 6.3323 5.7474 5.2821 4.9664 4.9036 4.7198 4.5679 4.4287 4.3654 4.2406 4.2118 4.1968 4.1447 4.1714 4.1536 4.0534 4.0582 3.9896 3.8824 3.8729 3.8147 3.7712 3.8144 3.7918 3.8005 3.8181 3.8826 3.7865 3.8650 4.0232 4.1814 3.4440 
6.2514 5.7616 4.8763 4.5375 4.3499 4.1757 4.1749 3.8861 3.7744 3.7725 3.6769 3.2507 3.3624 3.6691 3.3827 3.3481 3.2824 3.2793 3.2555 3.4061 3.0955 2.8576 3.2018 3.2283 3.1531 3.1690 3.2665 3.1569 3.1824 3.1612 3.2007 3.6072 3.1289 
5.8176 6.0211 5.2712 4.7774 4.4212 4.3423 4.2961 4.3059 4.0560 3.8686 3.8678 3.8847 3.7290 3.5861 3.5910 3.6382 3.6505 3.5447 3.4144 3.3433 3.4082 3.5270 3.3953 3.3178 3.3802 3.5610 3.4049 3.3220 3.2481 3.3644 3.5516 3.8548 2.7287 
6.0516 6.1353 5.3902 4.9040 4.8048 4.5909 4.4862 4.4311 4.3023 4.1104 4.0632 3.9321 3.8757 4.0079 3.9299 3.8604 3.7389 3.7910 3.7956 3.7882 3.6086 3.5838 3.6163 3.5464 3.6779 3.7035 3.6442 3.5684 3.6441 3.5037 3.6900 3.8943 2.7584 
5.7154 5.5804 4.3628 3.7047 2.8792 3.3248 1.1719 1.8052 2.4713 1.5374 2.6122 2.1375 1.9112 2.5227 1.8356 2.3481 2.5966 2.2784 1.6941 2.2875 1.6397 1.7453 2.1443 0.9376 1.8027 1.0163 0.4102 2.2920 1.7370 2.2656 2.6415 3.3746 2.6518 
4.9964 6.2188 5.7367 5.4327 5.1965 5.0095 4.8330 4.8074 4.7973 4.6007 4.5440 4.4647 4.4037 4.3560 4.2866 4.2923 4.3080 4.2313 4.1724 4.1721 4.1539 4.1203 4.0961 4.0373 4.1770 4.0608 3.9471 3.9911 3.9695 4.0515 4.0113 4.0050 1.5217 
5.4070 5.6240 5.1187 4.8470 4.4075 4.5982 4.1713 4.2216 4.0385 3.8546 3.8318 3.9032 3.8274 3.8351 3.7707 3.6564 3.7508 3.5625 3.6573 3.6522 3.5423 3.5513 3.3668 3.3034 3.3716 3.4404 3.2602 3.5778 3.2429 3.4347 3.3882 3.4013 2.2552 
6.4117 6.4043 5.7114 5.3730 5.1897 4.8989 4.8387 4.6820 4.7126 4.6092 4.5279 4.4508 4.3828 4.2754 4.2963 4.2371 4.1999 4.1821 4.1798 4.0621 4.1101 4.1036 4.0792 4.0457 4.0505 3.8806 3.9530 3.8780 3.9555 3.9639 3.9664 4.2218 3.2432 
5.9017 6.1326 5.2567 4.8052 4.6486 4.4340 4.3948 4.1519 4.0100 3.8836 3.9237 3.9474 4.0068 3.7052 3.6806 3.8411 3.8141 3.7743 3.5123 3.4622 3.7219 3.6027 3.4689 3.3429 3.3557 3.3580 3.5356 3.4126 3.4136 3.3770 3.5187 3.9185 2.8712 
5.6612 5.6625 5.1744 4.8600 4.4661 4.4749 4.1457 4.2263 4.1780 4.0394 3.8811 3.8750 3.8754 3.7449 3.8465 3.6593 3.7380 3.5665 3.7172 3.5237 3.6081 3.5052 3.4202 3.4787 3.4995 3.4502 3.2426 3.4575 3.2886 3.4542 3.4417 3.4813 2.4589 
5.7823 4.7728 4.2395 3.0079 2.9132 2.6685 3.2080 3.1459 2.6290 2.7331 2.8872 2.7650 3.0737 3.1892 2.3611 1.9112 2.2709 1.8299 2.2180 2.9409 2.7650 2.3787 2.4342 2.1978 1.9628 2.3481 2.3282 1.6848 1.7661 1.6842 2.5682 2.5473 2.6241 
6.3022 6.1246 5.3862 5.0669 4.8046 4.6437 4.5160 4.4547 4.2803 4.2349 4.2255 4.1379 4.0615 3.8383 3.9086 3.8593 3.8767 3.7904 3.7786 3.6564 3.7586 3.7401 3.7553 3.6928 3.6610 3.7202 3.6683 3.6251 3.6472 3.6789 3.7004 3.8865 3.1535 
3.8836 5.0021 3.5772 3.2539 3.3134 2.4776 3.3948 2.6059 2.5707 1.7882 2.1688 2.0855 1.7456 1.3250 2.4302 2.2841 2.0696 2.2250 2.3056 1.1743 1.4804 1.6604 1.7313 1.1818 1.8494 1.7855 2.5249 1.4012 2.1371 1.7910 1.8148 2.8320 -1.4395 
5.2284 5.6955 4.7430 4.1917 4.2430 3.9563 3.9832 3.7693 3.7220 3.6817 3.7231 3.6591 3.6437 3.7550 3.5793 3.5345 3.3799 3.4479 3.4033 3.5365 3.3149 3.2518 3.2546 3.1424 3.0813 3.0143 3.1456 2.9401 3.0621 2.7595 3.0115 3.4651 2.0148 
5.9301 5.8894 5.2978 4.8800 4.6929 4.6116 4.3571 4.3906 4.2826 4.2040 3.9761 4.0209 3.8810 3.8851 3.7876 3.8023 3.7648 3.7389 3.6710 3.6987 3.6223 3.6708 3.5254 3.6632 3.6632 3.6719 3.4780 3.5916 3.4699 3.4705 3.6027 3.7045 2.7266 
5.9229 5.4696 4.7715 4.3279 3.9840 3.3988 3.6326 3.6281 3.1077 3.3160 3.2058 3.3178 3.2134 3.1601 3.2095 2.8582 2.3926 2.7922 3.0653 2.9017 2.8869 2.9374 2.7331 2.7688 2.4257 2.8378 2.7313 2.3770 2.7948 2.9092 3.0773 3.2913 2.8111 
6.7174 6.2913 5.0336 4.7308 4.5597 4.3932 4.2018 3.9852 4.0734 3.8411 3.8316 3.6710 3.4607 3.5488 3.6811 3.0799 3.4457 2.9881 3.5111 3.3172 3.1874 3.2667 3.3646 3.2919 3.3969 3.2391 3.2956 3.3735 3.3626 3.3105 3.3100 4.0890 3.5788 
