2.7981 3.6556 2.9812 3.5604 2.7796 3.4420 3.0551 3.3256 3.5623 3.2288 2.8633 2.2306 1.8574 1.5518 2.4789 2.1070 -0.9509 2.0019 2.3301 1.2596 1.5630 1.7691 2.3230 2.5836 2.8367 2.4200 2.0782 2.2649 1.3390 1.9479 1.0965 1.1734 -2.2533 
5.4240 4.5387 3.2249 2.9326 3.4518 3.4911 2.7454 3.4142 3.1501 3.4650 2.6154 2.9735 2.7526 2.9198 2.2851 2.3045 1.9490 2.2374 2.1338 2.6857 2.3726 2.5312 2.1045 2.8377 2.4039 2.5116 1.7223 2.3153 2.0972 1.3144 1.2521 1.9114 1.8013 
2.5789 3.5382 3.0827 3.5630 1.9153 3.6082 2.8731 3.4441 3.4680 2.6340 3.1856 2.4375 1.8472 3.0312 2.3195 2.3281 0.4792 2.2587 2.1837 2.8170 1.5325 2.0094 2.6716 1.9792 2.7505 2.5581 1.8473 2.4375 0.5535 1.9409 1.1434 1.0462 -0.6940 
4.0827 3.8206 2.7947 2.1428 2.4127 3.2597 2.9770 2.5937 3.1552 2.7801 2.8955 2.5280 2.2883 2.6315 3.0154 2.9620 2.7952 2.8870 2.8662 2.3620 1.9364 2.1314 2.3605 2.1377 2.4124 1.7292 1.9635 2.0981 1.0907 0.5192 0.8150 1.3235 0.4705 
4.7189 5.0018 4.2071 3.6351 2.4862 3.5714 3.5989 2.8313 2.7941 3.3324 3.4873 2.7853 2.8580 2.2772 2.3408 2.8526 0.4911 2.7884 2.2084 2.0102 2.4914 2.3141 2.9521 2.6812 2.0327 1.9203 2.5914 2.4010 1.1846 2.0348 2.2667 2.4500 1.0757 
4.7516 4.3682 3.5348 3.0235 1.9996 2.9237 2.8975 2.9220 3.3644 2.2388 2.7159 1.2722 1.5555 2.4333 2.1467 2.3116 2.0545 2.2439 1.9346 2.2138 1.1954 0.8264 2.1948 1.6101 2.5805 2.0627 1.8600 1.7545 0.6289 1.4045 1.6058 1.8532 1.1773 
3.0543 4.1321 2.8944 3.3251 3.4174 3.5803 3.8861 3.2649 3.3120 2.7253 3.1861 3.1782 2.5587 2.4321 2.0682 3.0225 2.4805 2.9427 1.8765 2.2071 2.2367 2.7779 2.6714 2.0618 2.5237 2.3634 2.8599 2.4172 2.0502 1.6910 1.0089 1.6610 -1.3710 
4.5773 2.5897 3.3949 3.2658 3.6663 2.2922 3.2375 2.8422 3.3654 2.7141 1.7111 1.9735 1.1829 3.5299 2.9704 3.2370 2.6237 3.1339 2.8246 3.3063 0.8875 1.5821 1.1709 2.0621 2.5793 1.9460 2.2361 1.1419 2.3159 1.6498 1.4012 0.4189 0.8676 
3.7775 3.6762 3.2182 1.7364 2.5238 3.5597 3.7881 2.8658 3.2262 2.6004 2.3866 2.7411 2.2469 2.0606 1.9837 1.3441 1.7027 1.2642 1.8175 1.7927 1.8638 2.2851 1.8527 1.9579 2.4527 1.9806 2.7998 2.3945 1.1526 0.1031 1.2455 1.1712 0.2843 
2.9025 4.1297 3.7395 3.9879 4.5692 3.4782 4.5903 3.6205 3.4126 3.2626 2.4478 3.9816 3.3726 3.4285 3.2707 2.7915 3.3609 2.7029 3.0663 3.1565 2.9875 3.5216 1.9336 2.6100 2.6597 2.7860 3.5589 2.3173 3.1748 2.3718 1.7765 1.6429 -0.3374 
5.1203 4.9075 4.3266 4.1469 3.8819 3.3883 3.1328 3.5028 2.4687 2.7090 2.7125 3.6210 3.0982 2.8502 2.9309 2.8988 3.3196 2.8294 2.7945 2.5865 2.7937 3.2124 2.2015 2.0559 1.7292 2.6418 2.1752 2.2131 2.4706 2.5285 2.3716 2.3739 1.4161 
4.1664 3.3129 3.2343 2.2720 3.0018 3.5390 3.1200 2.8518 3.6040 3.0216 3.2961 3.3778 2.2519 1.1908 0.3470 1.9193 1.2601 1.8474 0.1029 0.9974 1.8753 2.9118 2.7765 2.3901 2.8701 1.9860 2.1373 2.3740 1.6766 0.6095 1.2721 0.6461 0.4394 
5.2236 4.5681 3.5062 2.8480 2.9290 2.3982 1.9673 1.3827 2.2893 2.7134 2.3199 2.8539 3.2449 2.7358 2.7919 2.1046 2.0144 1.9978 2.5949 2.4370 2.8950 2.4081 1.7852 2.0682 1.5653 0.5165 1.0203 1.2423 1.5969 1.2222 1.5853 1.9886 1.6322 
5.0667 3.9292 3.4252 3.7467 3.6487 3.4779 3.2141 2.4298 2.7943 3.4523 2.9227 2.8307 0.7880 2.7784 1.6188 1.8895 2.3420 1.8193 1.4063 2.4738 0.4476 2.3759 2.3878 2.8277 2.0267 1.5992 2.2195 2.3073 2.2986 2.1731 1.4541 1.3861 1.4091 
2.5535 3.6325 3.0428 2.5519 2.1358 3.3356 3.7757 3.4718 3.6905 3.7001 2.4409 2.4880 2.5476 2.5312 2.0040 2.7112 2.4816 2.6050 1.8379 2.2947 2.2348 2.0852 1.9037 3.0576 2.9550 2.5970 2.7970 2.1659 0.6823 0.9674 1.0841 1.1495 -1.0731 
0.2025 3.6508 2.2268 2.8241 2.5288 3.4860 2.6598 3.1793 2.4994 2.4177 2.9535 2.3333 2.7316 1.8589 1.8334 2.2757 1.4634 2.2112 1.6828 1.6460 2.3582 1.8785 2.4230 1.7929 1.7632 2.3133 1.6469 2.3123 1.1953 1.1730 0.1115 1.1400 -1.0108 
5.1470 3.6204 2.3678 0.9257 3.5876 2.9585 2.7532 2.7972 2.1013 3.3147 2.9187 2.9859 2.5230 2.3899 2.4099 3.1088 2.4323 3.0270 2.2666 2.1819 2.2176 2.5466 2.3816 2.6660 1.3295 1.8766 1.7216 1.7848 2.2465 -0.7278 0.4537 1.1208 1.4793 
4.6303 3.9950 3.1333 3.3088 3.4339 4.1375 3.8462 3.1725 3.5098 3.1444 3.3993 3.0309 3.0722 3.2144 2.9125 2.8075 2.8748 2.7281 2.7787 2.9504 2.7822 2.6176 2.8546 2.5105 2.7919 2.3145 2.8326 2.9676 2.0784 1.6878 1.1708 1.4426 1.0442 
3.0375 4.7570 4.6542 4.7104 4.5454 3.7246 4.1199 3.2460 3.9731 2.9443 3.3674 0.2975 2.8211 2.4003 2.9278 2.8243 2.6569 2.7577 2.7922 2.1860 2.4440 -0.1562 2.8208 2.3146 3.2004 2.3725 3.0960 2.5702 3.1321 3.0933 2.7086 2.2846 -0.5695 
4.8441 4.4163 3.6238 4.2170 3.8376 3.3624 3.2039 2.6739 2.8307 2.9917 2.3204 3.0074 2.0123 3.0935 1.0431 2.3717 0.7699 2.2955 0.7966 2.8621 1.6926 2.5779 1.7759 2.3673 2.0813 1.8013 2.2116 2.1961 2.4384 2.6350 1.7162 1.8496 1.2589 
4.2391 4.0899 2.7044 2.3812 3.5321 3.2084 3.1324 3.6277 3.5364 1.9963 3.0142 2.9981 2.4828 2.9247 2.4932 2.3194 2.5910 2.2536 2.3347 2.6946 2.1882 2.5679 2.4727 1.3247 2.8150 2.8041 2.1746 2.0293 2.2019 0.7948 0.6718 1.5972 0.6354 
4.4846 4.2276 3.3907 3.0748 2.9269 2.9001 2.9560 3.4748 3.2615 1.9842 2.2133 2.4161 1.7988 2.7120 2.2931 1.6030 2.0344 1.5028 2.1458 2.4316 1.4739 1.9823 1.6735 1.3545 2.4813 2.6021 1.9341 1.7362 1.5985 1.4993 1.3716 1.7227 0.9535 
3.8287 3.9827 3.6484 3.6828 3.7611 3.5538 2.2742 3.1887 3.1799 2.2502 2.2715 2.1832 2.3961 1.7473 1.3672 2.3878 0.6648 2.3116 1.2409 1.4951 2.0612 1.7157 1.7332 1.6398 2.4247 2.3289 1.2620 2.3746 2.3883 2.1002 1.7226 1.5007 0.1485 
5.0246 3.5574 3.4694 2.5561 3.4330 2.2289 3.5871 3.6167 3.4526 2.4469 2.4997 2.2265 1.9658 2.3981 2.5689 2.4314 1.2303 2.3480 2.4034 2.1891 1.6487 1.7717 1.9802 1.8207 2.7224 2.7910 2.5859 1.0574 2.0613 0.9989 1.5397 1.0176 1.3575 
4.6144 4.1544 3.2348 3.5239 3.2361 2.7789 2.3410 2.8842 2.9267 3.0411 3.2594 2.7857 2.9238 2.2899 1.6884 1.2803 2.6350 1.2291 1.5430 2.0284 2.5813 2.3199 2.7475 2.4217 2.2121 2.0128 1.3169 1.6011 1.8455 1.8927 1.2588 1.6585 1.0682 
3.8582 3.5752 3.2227 3.2762 4.0501 3.8682 3.4663 2.5054 2.8327 1.0742 1.6728 2.6848 2.3911 2.7390 2.1916 2.3296 2.2637 2.2603 1.9768 2.4417 2.0640 2.2489 1.1442 0.4699 2.0883 1.6661 2.4373 2.6933 2.7014 1.6707 1.2634 1.0523 0.1035 
5.1253 4.3335 3.7616 3.8207 3.8771 3.4444 2.3709 2.2931 2.4454 2.6989 2.2596 2.3620 1.7143 1.8591 2.1733 0.4343 0.9067 0.3148 1.9606 1.6457 1.3503 1.9210 1.7148 2.0525 1.7213 1.4117 1.3472 2.2668 2.4698 2.2229 1.8088 1.7696 1.4672 
3.3619 4.4770 3.7355 3.7727 2.6294 3.9193 3.9563 3.4673 3.0646 2.2150 2.3196 2.6979 3.2050 3.2336 2.7504 2.3913 1.2909 2.3093 2.5404 2.9650 2.8705 2.2615 1.7802 1.5708 2.3330 2.5862 2.9111 2.7570 1.2785 2.1939 1.7973 1.9485 -0.2877 
4.7164 4.0573 3.1092 1.8027 3.4784 3.3578 2.4668 2.8354 3.2885 3.1913 2.8506 2.5872 2.5981 2.4122 2.3352 2.7424 1.8496 2.6331 2.2036 2.1960 2.2663 2.1945 2.3062 2.5485 2.5072 1.9471 1.4700 2.1860 2.1399 0.2287 1.1533 1.5020 1.0755 
4.5634 3.2685 2.6655 2.9736 3.4037 3.3541 3.3107 2.2862 3.2999 0.7592 2.2951 2.7247 2.9400 3.1106 2.3284 2.8848 2.9964 2.8210 2.1897 2.8756 2.6038 2.2752 1.7526 0.0568 2.5175 1.3718 2.2857 2.1834 2.0260 1.3487 0.7036 0.6785 0.8909 
4.3849 3.6914 3.1861 3.2130 3.6873 3.4497 2.9741 3.0295 1.6868 3.1485 2.3962 1.8892 2.3991 3.0675 2.3782 2.4298 2.6239 2.3524 2.2313 2.8445 2.0798 1.4905 1.8538 2.5082 0.9556 2.2052 1.9499 2.2778 2.3308 1.6375 1.2458 1.2105 0.7598 
4.6020 2.9536 3.5902 3.4972 1.2412 3.4859 3.2146 3.1524 3.4678 2.9336 2.1943 2.8071 2.5274 2.6401 2.8432 3.0908 2.1968 3.0152 2.6843 2.3777 2.2217 2.3462 1.6459 2.2989 2.7511 2.3002 2.2241 2.3177 -0.1263 1.8561 1.6600 0.6581 0.8928 
3.6065 4.0728 3.3973 3.6835 3.4781 3.4328 3.6405 3.4287 3.5578 2.6350 2.4139 2.9014 2.3543 2.6381 2.5342 1.3964 2.5178 1.3014 2.3671 2.3700 2.0151 2.4469 1.8801 1.9895 2.8318 2.5353 2.6615 2.2646 2.1320 2.1038 1.3977 1.6100 0.0853 
4.8120 4.3875 3.6154 3.6950 3.1163 3.1973 3.0938 2.8137 3.0263 2.5026 3.1670 0.7162 2.9796 3.1874 2.8396 2.2815 2.2475 2.2093 2.6769 2.9291 2.6552 0.4404 2.6559 1.8530 2.3030 1.8860 2.1327 2.0262 1.7640 2.1151 1.6751 1.8263 1.1669 
4.9870 4.1157 3.7031 3.6763 3.1341 3.7429 1.9507 2.8169 3.1334 3.2544 2.9294 2.8263 2.9497 2.6036 2.6630 0.4871 2.3738 0.4431 2.4644 2.3472 2.6147 2.3726 2.3938 2.6083 2.3916 1.9182 0.9672 2.5719 1.7743 2.0864 1.7494 1.5496 1.2854 
5.2077 4.5271 4.1821 3.8413 2.8118 2.8059 2.8962 2.4165 2.6645 3.0167 2.9216 1.6421 2.1843 0.7494 2.1806 2.3389 2.5233 2.2670 1.9627 0.4950 1.7966 1.1813 2.3858 2.3865 1.8847 1.5904 1.8626 1.6309 1.4060 2.2290 2.2422 1.8967 1.5487 
4.2170 4.2627 3.6123 2.9651 2.9033 3.0015 3.3911 2.2641 3.8781 3.5038 2.9053 2.8882 2.7631 2.5264 1.7542 2.0254 2.9911 1.9393 1.6219 2.2869 2.3809 2.4368 2.3758 2.8725 3.0988 1.4048 2.3524 1.8394 1.5540 1.3486 1.6714 1.7722 0.6838 
1.8124 4.6963 4.1138 3.3649 4.0012 3.9633 4.0343 3.6120 3.2980 3.2806 3.4099 2.8960 2.1755 3.5173 2.7555 1.7614 1.5654 1.6834 2.5334 3.2896 1.8070 2.4398 2.8686 2.6312 2.5151 2.7859 3.0086 2.7946 2.6244 1.7411 2.1835 2.2199 -1.4991 
4.7505 4.0197 2.8388 3.0672 3.3801 3.3134 3.3987 2.6414 3.0845 2.5806 2.7384 2.7572 2.4894 2.8602 2.7741 1.6653 0.6613 1.6040 2.5625 2.5978 2.1992 2.2928 2.2052 1.9382 2.3463 1.7531 2.3654 2.1435 1.9734 1.5083 0.8431 1.4147 1.0882 
4.4940 3.3845 2.6825 2.8105 3.6550 3.1302 1.9422 2.3415 2.5867 1.9608 2.4514 1.1511 2.4412 2.6413 2.6884 2.6012 2.6404 2.5036 2.4848 2.3764 2.1452 0.7179 1.9270 1.3071 1.8452 1.4854 0.9614 1.9540 2.3103 1.1768 0.6865 0.8065 0.8288 
4.9559 4.5364 3.8068 3.3658 3.2152 2.6729 3.3410 3.3708 3.4330 2.7561 0.9052 2.4280 2.7972 3.2830 2.8590 3.0234 2.2822 2.9449 2.7028 3.0049 2.4213 2.0033 0.3900 2.0997 2.6925 2.4519 2.2997 1.5229 1.8352 1.7081 1.8297 1.9421 1.3044 
0.0831 2.4916 3.4335 3.2813 3.9515 3.3853 2.6506 2.4459 2.8472 1.7750 1.0259 2.5203 0.5225 2.7581 1.8233 2.8934 3.0060 2.8268 1.6877 2.4509 0.2367 2.1281 0.4695 1.1453 2.1077 1.6236 1.6478 2.2078 2.5413 1.6852 1.4669 0.1047 -1.9159 
3.6728 3.5532 2.6115 3.3694 4.0548 3.6699 4.2092 3.7228 3.6115 2.2239 3.3837 3.3971 3.2014 2.9613 3.1796 3.2910 3.0345 3.1839 3.0090 2.7481 2.8643 2.9355 2.8402 1.6089 2.8763 2.8676 3.2283 2.5028 2.7116 1.7252 0.6737 1.0505 0.1901 
3.4508 4.2725 4.1240 3.9299 2.8042 4.0143 3.7821 2.7748 2.8803 2.4611 3.1039 2.8179 3.2775 3.0580 3.0887 2.8432 2.4650 2.7786 2.9339 2.8377 2.9171 2.3612 2.5878 1.8360 2.1761 1.8475 2.7946 2.8478 1.3676 2.2919 2.2124 1.8021 -0.3470 
2.4363 4.0862 2.9837 2.4933 3.0264 3.8394 3.1813 3.4528 3.3582 3.2018 3.3990 2.2265 2.8458 3.0246 2.6151 2.8562 3.1440 2.7955 2.4368 2.8050 2.4801 1.7626 2.8556 2.5591 2.5710 2.5736 2.2034 2.6746 1.7009 0.9288 1.0755 1.6200 -1.1047 
3.4287 4.5407 4.1012 3.8368 3.5224 3.4849 2.8730 3.1675 3.5070 3.2845 2.2544 2.4962 3.1169 3.4016 2.5731 2.4614 2.4899 2.3921 2.4003 3.1137 2.8120 2.0931 1.7069 2.6344 2.7927 2.3008 1.8555 2.3109 2.1853 2.2313 2.1715 1.9867 0.1631 
3.7256 4.1170 3.6154 3.5965 2.7195 3.6364 3.4368 0.9857 2.9015 3.5737 3.3560 1.7291 2.9191 2.5349 1.6413 1.2628 1.2507 1.1705 1.4826 2.3000 2.5706 1.2698 2.8062 2.9429 2.1878 0.1368 2.4045 2.4667 1.3421 1.9675 1.6745 1.6212 -0.1010 
4.5651 3.5183 2.7057 3.0438 1.3129 2.8823 1.9994 0.8336 3.2966 2.7027 1.6243 1.8007 2.2948 2.8098 2.2232 2.6556 -0.1192 2.5562 2.0288 2.5228 1.9417 1.3531 1.0840 2.0461 2.5153 -0.0684 1.0291 1.7134 -0.0117 1.4459 0.6796 1.0528 0.9374 
3.0145 3.8790 2.9523 3.1006 3.0324 2.3208 3.3702 3.2722 3.0659 2.6069 1.6661 1.9343 1.7193 2.2500 2.1893 2.8217 0.4131 2.7543 1.9772 1.9809 1.3540 1.5222 1.1221 1.9506 2.3377 2.3724 2.3308 1.1210 1.6831 1.5309 1.0135 1.3207 -0.1760 
2.2304 4.5649 3.5302 3.3294 1.7671 2.2615 2.8560 3.0775 3.2619 2.2062 2.1997 2.5700 2.2164 3.0343 2.7791 3.4232 2.8280 3.3624 2.5749 2.8212 1.8449 2.1787 1.6633 1.5708 2.4848 2.2442 1.8294 1.0817 0.3706 1.6852 1.5670 2.0256 -0.4369 
5.1490 4.4677 3.3852 3.8875 3.6465 3.5032 3.5766 2.5649 3.1921 3.2710 2.1937 3.4331 2.2130 1.7508 1.9140 2.8509 2.9037 2.7888 1.7607 1.5203 1.8292 2.9827 1.6469 2.6230 2.4382 1.7015 2.5605 2.3312 2.2970 2.2642 1.4279 1.9318 1.5502 
4.2437 4.7400 4.3599 3.8743 3.4665 3.5509 3.6157 3.0627 3.3964 3.2908 2.2770 2.7049 2.6783 2.9620 2.8488 3.0264 1.9169 2.9513 2.6993 2.7425 2.3261 2.2698 1.7225 2.6368 2.6315 2.2396 2.6190 2.3846 2.1320 2.2461 2.4065 2.2514 0.6560 
4.3144 4.6662 4.1227 3.5192 4.0026 3.8761 3.4628 2.8965 2.9866 2.6065 1.8525 2.3116 1.6015 3.0229 2.9053 2.9058 0.1197 2.8361 2.7741 2.8045 1.2269 1.8595 1.3236 1.9624 2.2586 2.0308 2.4317 2.7045 2.6232 1.8968 2.1956 2.1860 0.6047 
4.7088 4.0055 3.6481 2.6623 3.0831 3.4168 3.6020 3.4671 3.0323 2.6063 1.7250 1.8527 2.3870 2.4999 1.8480 1.7469 -0.2624 1.6740 1.6950 2.2713 2.0673 1.4176 1.2035 1.9582 2.3057 2.5930 2.5971 2.2439 1.7318 1.0355 1.6991 1.4009 1.0378 
3.8494 4.3586 3.8751 2.5023 3.5387 2.7343 3.1319 3.3063 3.2397 0.7213 1.7128 2.1863 1.7708 2.0551 2.7286 2.3886 0.1445 2.3107 2.5221 1.7880 1.4342 1.7164 1.1828 0.0766 2.4604 2.4047 2.1684 1.5722 2.2048 0.9085 1.8698 1.8309 0.0005 
3.8214 3.1463 3.5103 2.9697 3.3783 3.0215 3.0327 2.9814 2.8526 2.2014 2.4509 2.6009 2.2190 2.7747 2.3284 3.0277 2.6278 2.9537 2.1955 2.4658 1.8464 2.1991 1.9368 1.5749 2.1070 2.1517 2.0496 1.8496 1.9751 1.3424 1.5823 0.7110 0.1308 
2.8037 2.9032 3.2784 2.1123 3.4532 3.6534 1.7569 2.5183 3.2313 3.0000 3.4322 3.0661 2.9639 2.9725 1.0027 1.4479 2.0233 1.3357 0.7665 2.7582 2.6347 2.6594 2.8935 2.3686 2.4568 1.6767 0.6909 2.4805 2.1065 0.4766 1.2799 0.4386 -0.7333 
2.8389 3.7521 3.4329 3.6299 3.5934 3.5529 2.6068 2.4630 2.6210 2.9415 2.4350 2.9504 1.6993 2.6725 2.5095 2.5629 0.6742 2.4663 2.3535 2.3997 1.3180 2.5085 1.8851 2.3139 1.8588 1.6374 1.6228 2.3787 2.2486 2.0396 1.4775 1.2554 -0.7345 
3.3874 3.7523 3.0107 3.3613 2.9092 2.7006 3.5489 3.2829 3.2622 2.7804 3.0277 2.2913 1.6499 2.9909 0.4220 2.8716 2.2315 2.8072 0.1633 2.7774 1.2704 1.8534 2.4893 2.1433 2.4878 2.3897 2.5383 1.5182 1.5423 1.7029 1.0165 1.2349 -0.9054 
5.0283 4.4308 3.8483 2.8052 3.3143 3.6103 3.3824 1.3805 3.6129 3.1681 2.8669 2.0799 2.8489 2.8151 2.1734 2.3404 2.5025 2.2707 1.9588 2.5273 2.4821 1.6459 2.3291 2.5211 2.8836 0.4741 2.3369 2.4391 1.9037 1.1761 1.8554 1.8511 1.3610 
5.3777 5.0471 4.1122 3.7997 3.7734 3.9862 3.6956 3.4218 2.9625 2.0474 1.9588 2.2808 2.6829 2.4707 2.2090 2.3664 1.7082 2.2976 2.0123 2.2450 2.3275 1.8328 1.4423 1.4018 2.2360 2.5233 2.7178 2.8166 2.3969 2.2138 2.1829 2.4646 1.7511 
5.1264 4.7172 4.1280 3.7440 3.5717 4.0342 4.1655 3.7333 3.2381 3.2300 2.9663 2.9008 2.7690 2.0632 2.8012 1.7278 1.2697 1.6568 2.6085 1.7983 2.3829 2.4462 2.4341 2.5839 2.4609 2.8734 3.1563 2.8640 2.2377 2.1622 2.2002 2.2022 1.4044 
4.2632 2.4437 3.1071 3.8358 3.3761 2.7883 3.3595 3.0816 2.4673 2.7716 3.0319 2.6846 1.8646 2.5669 1.3246 2.2075 2.0199 2.1176 1.1683 2.3198 1.5579 2.2465 2.5045 2.1311 1.7371 2.2408 2.3167 1.6251 1.9652 2.2298 1.1503 0.0863 0.5758 
5.4882 4.6329 4.0102 4.3770 3.2028 3.4399 4.3351 2.6916 3.4800 3.8014 3.8664 3.9963 3.2388 1.8586 3.3954 2.0495 3.0329 1.9325 3.2100 1.6345 2.8862 3.5420 3.3579 3.1556 2.7575 1.7654 3.3641 2.2785 1.7977 2.7868 2.0676 2.1779 1.8565 
5.4704 5.0846 4.4105 4.4268 4.3170 4.0134 3.4118 2.7895 2.2842 3.4275 3.8642 3.3397 3.3275 3.4414 2.6791 2.9148 3.5135 2.8505 2.4815 3.1726 2.9555 2.8732 3.3589 2.8006 1.5832 1.8645 2.3686 2.8396 2.9521 2.8293 2.4483 2.5863 1.8320 
4.4814 4.3320 4.5478 4.4659 3.8038 3.8855 4.2078 4.1588 3.9269 2.6386 3.1615 2.3973 2.8833 2.1993 2.0262 1.8520 1.6577 1.7783 1.8456 1.8895 2.5303 1.9623 2.6441 1.9800 3.1346 3.3245 3.2229 2.7206 2.4175 2.8396 2.5605 1.7955 0.7407 
4.6203 5.0277 4.7136 4.5987 3.8895 4.1180 3.3588 3.8695 2.9215 3.9540 4.1218 2.3327 3.6072 3.5053 3.0472 2.9369 3.0266 2.8719 2.8950 3.2704 3.3026 1.8850 3.5866 3.3178 2.2194 2.9732 2.3022 2.9423 2.5085 2.9597 2.8039 2.4856 1.0924 
5.8570 5.2779 4.7690 4.9050 4.9290 5.0329 4.0909 4.4050 4.0520 4.8341 3.9874 4.6942 3.6846 3.6187 3.2515 3.3795 2.7673 3.2890 3.0508 3.4012 3.3867 4.2466 3.4380 4.2028 3.3398 3.5232 3.0662 3.8593 3.5610 3.3430 2.8243 2.7595 2.2119 
5.9341 4.5431 2.9823 3.4285 3.6966 3.6487 3.9829 3.5737 3.9517 3.6143 2.8743 2.6047 2.9100 2.9587 3.0404 1.8492 0.9295 1.7685 2.8904 2.7428 2.5656 2.2021 2.3370 2.9848 3.1731 2.7450 2.9484 2.4716 2.3442 1.8311 1.1459 1.9403 2.2837 
5.1447 3.7942 2.7708 3.4774 3.3727 2.3937 2.2603 2.8625 3.7192 3.6190 2.7924 3.3581 2.8256 2.3699 1.2702 1.7025 2.5931 1.6356 1.1240 2.1505 2.4458 2.8892 2.2481 2.9942 2.9780 1.9905 1.2134 1.2348 1.9575 1.8520 0.8646 1.2145 1.4596 
5.3142 4.6970 4.1607 4.0896 3.0559 3.6104 3.0870 2.5903 3.0249 2.5053 3.3928 2.8277 2.1872 2.4407 2.6891 3.0299 1.8256 2.9567 2.4918 2.2236 1.8055 2.3692 2.8509 1.8618 2.2952 1.7318 2.1092 2.4383 1.7079 2.4521 2.2239 2.1678 1.6625 
4.6487 4.1146 3.4013 3.2567 4.0008 3.4146 2.6987 3.3989 2.3193 2.9451 3.0460 3.2357 2.1949 1.8557 2.4272 2.4465 2.3224 2.3780 2.2729 1.6444 1.8158 2.8131 2.5232 2.3188 1.5984 2.4893 1.6860 2.2367 2.6207 1.6638 1.4104 1.5969 1.0148 
4.9797 4.0114 3.6133 3.0024 3.3796 3.2958 3.3130 2.1496 2.9083 2.1584 1.7580 1.1017 1.5279 2.2601 2.5460 1.2368 2.6060 1.1771 2.3823 1.9966 1.1666 0.6676 1.2299 1.5074 2.1943 1.2512 2.2819 2.1294 1.9903 1.3957 1.6690 1.3743 1.2523 
5.0731 3.8040 3.6402 2.9874 3.6160 1.6805 2.3544 3.3660 3.3328 3.2631 3.0753 2.8921 2.8320 2.5148 2.5845 2.2608 2.0406 2.1971 2.4140 2.2813 2.4559 2.4411 2.5506 2.6187 2.5439 2.4469 1.3369 0.4975 2.2765 1.3689 1.7032 1.1577 1.3703 
5.1376 4.3909 3.4931 2.4380 3.5172 2.2390 3.5061 3.2101 1.5808 2.8960 1.9108 2.9564 2.8332 1.2989 2.9580 3.0339 1.7926 2.9631 2.8183 1.0907 2.4565 2.5140 1.4081 2.2691 0.8027 2.3297 2.4843 1.0686 2.1943 0.8115 1.5839 1.8533 1.5109 
1.8627 4.0330 3.3194 3.3953 1.8860 3.5491 3.8872 3.3621 3.3078 3.2390 1.0762 2.7304 2.0579 3.4731 2.8771 3.0957 1.7700 3.0199 2.7322 3.2246 1.7180 2.2753 0.5556 2.5902 2.5244 2.4401 2.8620 2.3818 0.4869 1.7585 1.2811 1.5449 -4.5750 
3.9305 4.4271 3.7317 3.9162 3.0166 3.2734 3.3837 2.1451 2.7758 2.9359 2.9866 3.1300 2.8824 2.8732 2.8987 2.9990 1.7726 2.9205 2.7667 2.6180 2.5273 2.7358 2.4471 2.3081 1.9927 1.2270 2.3417 2.1088 1.6576 2.2781 1.7747 1.8759 0.1889 
4.0326 3.8531 3.6591 2.3616 3.2905 3.3857 3.6624 3.1365 3.2286 3.0348 0.7877 2.3767 2.2209 2.1389 1.7924 3.2343 2.3932 3.1332 1.6570 1.8515 1.8481 1.9307 0.2198 2.4121 2.4561 2.2812 2.6874 2.2179 1.8844 0.7305 1.7184 1.3119 0.4773 
4.4538 4.4510 3.8790 3.2441 3.0791 3.5058 3.0313 2.7995 2.9042 3.0275 1.6199 2.9092 2.3764 2.8299 2.9133 2.9267 2.8929 2.8557 2.7828 2.5528 2.0442 2.4536 1.0699 2.3990 2.1924 1.8877 2.0375 2.3357 1.7211 1.6412 1.8742 1.9187 0.9030 
4.7837 4.4868 3.4615 3.2316 3.6797 3.7975 2.9675 3.0265 3.1688 2.3130 2.5213 1.2362 1.8675 1.8387 2.5590 3.0099 3.0088 2.9322 2.3976 1.6266 1.5919 0.7657 2.0018 1.6712 2.4214 2.1971 1.9501 2.6272 2.3363 1.6671 1.4733 1.9981 1.1351 
4.5704 4.4595 3.6204 3.7824 3.6460 2.5204 3.3989 2.9604 2.6268 2.4352 3.0184 2.8655 2.3552 2.6151 2.2367 1.9052 1.1309 1.8255 2.0589 2.3542 2.0188 2.4183 2.4790 1.8131 1.8559 2.1182 2.3647 1.3466 2.2983 2.1990 1.6969 1.8761 0.8455 
3.8592 4.3216 3.6713 3.5353 3.3776 3.0876 2.4341 2.5714 3.0301 3.1849 2.7773 2.5005 1.5180 2.7606 2.4399 2.6849 2.4488 2.5787 2.2911 2.4504 1.1573 2.1007 2.2301 2.5444 2.3029 1.7064 1.4168 1.8997 1.9744 1.9205 1.6984 1.7849 -0.4557 
4.1732 4.0250 3.5794 2.5734 2.2728 2.9426 3.0541 1.1723 3.3368 2.8455 2.9250 2.7055 2.6964 2.1993 2.5133 2.2767 1.8787 2.2113 2.3603 1.9006 2.3328 2.2596 2.3940 2.2232 2.5484 0.2691 2.0660 1.7803 0.8597 1.0330 1.6261 1.4956 0.2622 
3.4972 4.6261 5.3744 5.2739 5.1752 5.1798 4.2094 4.1446 2.9916 3.2590 1.6238 3.8760 2.6386 3.6109 4.3181 2.9473 4.1764 2.8557 4.1542 3.3925 2.2829 3.4380 1.1406 2.5934 2.2543 3.2905 3.2305 4.0068 3.7955 3.6404 3.4435 2.1614 -1.4885 
3.9768 4.4067 4.2363 4.5444 4.3971 3.9036 3.3635 3.0153 3.4932 3.6750 2.2973 2.6644 2.8955 3.1405 2.6979 2.8298 1.8283 2.7673 2.4898 2.8989 2.5378 2.2409 1.7625 3.0352 2.7858 2.1953 2.3195 2.7357 3.0135 2.9023 2.2912 1.9325 -0.0613 
5.6296 5.3417 4.6892 4.0632 4.1342 4.4332 4.2891 4.1651 3.6578 4.0652 2.9995 3.1130 3.8758 3.2098 2.9927 3.2702 3.3523 3.1708 2.8404 2.9455 3.5129 2.7134 2.4509 3.4392 2.9273 3.3291 3.3235 3.2663 2.7967 2.4364 2.7740 2.8216 1.9244 
6.4034 5.9071 5.0733 4.7963 5.6500 4.0393 4.4810 4.5619 4.8839 4.0193 4.6544 4.2036 3.6634 3.9578 4.2546 3.5263 3.6078 3.4541 4.1004 3.6575 3.3737 3.7803 4.1196 3.4093 4.1414 3.6557 3.4476 2.8568 4.2413 3.2402 3.0706 3.3893 2.7891 
6.0399 4.7724 3.9698 4.2114 3.5138 3.9999 2.6423 3.8896 3.7433 3.0404 3.4670 3.3756 3.4221 3.5106 3.2420 2.8743 1.5133 2.8100 3.0473 3.2804 3.0481 2.9126 2.9297 2.4177 2.9926 2.9866 1.6453 2.8251 2.1748 2.6045 1.9212 2.1553 2.3692 
5.5152 3.9848 3.4372 3.7414 3.9659 3.5765 3.7357 3.6973 2.8270 3.6433 3.8653 2.9557 2.8376 2.9056 2.0751 2.7604 0.1496 2.6543 1.9032 2.6547 2.4639 2.5094 3.3517 3.0245 2.0830 2.8453 2.7666 2.4298 2.5542 2.1973 1.5996 1.6339 1.8161 
4.3846 3.6006 3.2136 3.7349 3.6208 3.5910 3.0977 2.9076 2.7951 1.8580 2.8680 1.8062 2.4104 2.1968 0.4347 2.3976 2.5168 2.3252 0.2288 1.8981 2.0908 1.3610 2.3260 1.2518 2.0152 2.0547 2.1262 2.4193 2.2734 2.1762 1.2022 1.0734 0.5583 
5.8153 4.6534 4.0187 3.0457 4.0604 4.0257 2.8724 3.5321 3.7623 2.9828 2.6971 2.6667 2.4229 2.9380 2.4784 2.4476 2.5715 2.3780 2.3266 2.7106 2.1051 2.2377 2.1849 2.3475 3.0100 2.6872 1.8498 2.8503 2.7200 1.4128 2.0564 2.0654 2.2013 
4.8894 4.1374 3.3403 2.6775 3.7404 3.6094 3.1051 2.8045 3.4087 2.2937 2.5612 1.8882 2.4570 2.9296 1.8479 2.6522 2.2906 2.5521 1.6928 2.7000 2.1759 1.4923 2.0406 1.6763 2.6493 1.9071 2.1271 2.4355 2.3801 1.0733 1.3256 1.6033 1.2249 
5.2581 4.4025 3.8061 3.6911 3.9802 2.8994 2.4560 2.7595 2.9811 2.9111 2.2806 2.3123 2.4982 2.7896 2.2371 2.2163 1.7674 2.1336 2.0619 2.4873 2.2057 1.8573 1.7452 2.2854 2.2571 1.8465 1.4902 1.7233 2.5880 2.1157 1.8280 1.7994 1.6114 
5.2346 4.2338 3.8364 3.2337 2.9770 3.3774 3.0810 2.8643 2.8651 3.0191 2.1649 2.3949 1.7603 1.7374 2.0286 2.9332 1.4328 2.8609 1.8516 1.4959 1.4215 1.9575 1.6203 2.3822 2.1343 1.9847 2.1066 2.2051 1.6420 1.6339 1.8551 1.6934 1.6257 
5.1241 2.0254 2.3873 2.3883 3.5762 2.5508 3.0091 2.7600 3.0494 3.4774 3.4839 2.7821 2.9536 1.8309 2.7295 2.7750 2.6328 2.6704 2.5233 1.6151 2.6200 2.3162 2.9459 2.8508 2.3267 1.8402 2.0030 1.3751 2.2356 0.7427 0.3741 -0.2582 1.3960 
3.0362 3.9948 3.1620 3.4091 3.3540 2.7092 3.4221 2.7714 2.5979 2.4245 2.5689 1.8528 2.4837 2.9111 2.9059 2.6744 1.6064 2.5671 2.7745 2.6791 2.1971 1.4550 2.0601 1.8019 1.8519 1.8428 2.3945 1.5115 1.9540 1.7721 1.2688 1.5173 -2.2895 
2.8221 4.0019 3.0027 3.3790 3.5945 3.9788 3.9968 3.1918 3.2389 2.8575 2.8971 1.6591 2.5698 2.3431 2.2743 2.9014 2.3895 2.8306 2.1342 2.1257 2.2447 1.2289 2.3582 2.2397 2.4560 2.3159 2.9619 2.8122 2.2525 1.7683 1.1013 1.5207 -0.4764 
5.0250 5.1603 4.1736 3.9583 3.7510 3.0841 3.8451 3.4718 3.0806 2.7295 1.9845 3.2171 2.9661 3.1582 3.0230 3.0122 2.9698 2.9303 2.8715 2.9130 2.6337 2.8057 1.4389 2.0931 2.3463 2.5893 2.8377 1.9344 2.3766 2.3174 2.2386 2.6157 1.3645 
4.7109 4.3917 3.7241 3.5284 3.2834 3.1143 3.6193 3.2234 2.2696 3.3649 2.1585 2.4486 2.8212 3.1637 2.8781 3.2531 3.0361 3.1508 2.7352 2.9147 2.4459 2.0402 1.6157 2.7237 1.5440 2.3375 2.6301 1.9664 1.8743 1.8963 1.7575 1.8458 1.0856 
