4.3838 4.8856 3.9373 3.4894 5.0372 5.0890 4.7399 4.0493 4.1247 3.2962 2.8902 3.4377 3.7039 3.4510 2.9923 3.5465 3.3856 3.4549 2.8156 3.2349 3.3385 3.0194 2.3705 2.6625 3.3834 3.2146 3.7668 3.9164 3.6722 1.9395 2.0006 2.3284 0.8554 
4.2047 5.1818 3.8826 3.1886 4.9617 4.6611 3.8526 4.1421 4.3832 3.8143 4.1677 3.8101 3.7576 3.7764 3.4558 3.4311 3.2079 3.3518 3.3078 3.4696 3.3736 3.3471 3.6519 3.1848 3.6167 3.2787 2.8350 3.4863 3.5506 1.4617 1.9149 2.6733 0.8878 
4.5055 5.1652 4.4427 4.1714 5.0894 4.6213 4.3294 4.0467 4.0162 3.4833 2.9990 2.8722 3.1814 2.8173 2.4768 2.3547 2.8842 2.2650 2.2804 2.5993 2.7991 2.4679 2.4776 2.8482 3.2799 3.2150 3.2942 3.4413 3.7545 2.6018 2.4668 2.6695 1.0194 
5.6767 5.5981 4.3742 4.6209 5.2359 4.7406 4.1956 4.0784 3.6234 4.3203 3.3470 3.8088 4.0779 3.2185 3.2975 2.6390 2.8182 2.5676 3.1597 2.9227 3.7826 3.3472 2.8120 3.6657 2.8568 3.2369 3.2068 3.5522 3.8885 3.0493 2.3459 3.0509 2.0614 
5.7044 5.0398 4.5890 5.0570 5.1952 4.0057 3.8328 4.2279 2.8170 3.4508 3.9014 2.3751 2.7686 3.1969 2.2679 2.4387 2.8524 2.3363 2.1299 2.8937 2.4369 1.9840 3.3614 2.8276 2.0833 3.3455 2.7942 2.8045 3.8396 3.4331 2.6706 2.4771 2.1041 
5.4250 4.7554 2.8210 3.3040 3.9133 4.1207 4.7166 3.5999 4.3951 4.2448 3.9395 3.8716 3.7233 3.8150 3.2237 3.0009 2.1308 2.9034 3.0328 3.5288 3.3519 3.4243 3.4053 3.5973 3.6306 2.7423 3.7468 2.9503 2.5674 1.6650 0.7713 2.2562 1.7859 
5.9281 5.2589 4.6259 4.6509 5.0467 4.1218 4.8381 2.7787 4.1697 3.8683 3.1914 3.0768 3.2290 2.3354 3.0172 3.0512 2.6396 2.9482 2.8429 2.1098 2.8480 2.6475 2.6370 3.2409 3.4217 1.8682 3.8298 2.9524 3.6844 3.0620 2.6872 2.7070 2.2505 
3.6235 4.5608 4.0290 3.7930 3.8049 4.2766 3.8183 3.8052 3.8212 2.1232 3.2978 2.8167 3.0994 3.1797 3.0937 1.8238 3.1863 1.7391 2.8875 2.8749 2.7414 2.3929 2.7547 1.4668 3.0643 2.8948 2.7868 3.0986 2.4069 2.1505 2.0779 2.0613 0.1535 
4.4373 4.8152 4.4495 4.9360 4.0752 4.7843 4.7600 2.9349 4.0531 3.7863 3.3389 2.9806 3.5564 3.4223 3.2096 3.3056 3.3534 3.2386 3.0168 3.2040 3.2388 2.5926 2.7975 3.1496 3.3262 2.0626 3.7813 3.6128 2.7010 3.2825 2.4978 2.2608 1.0263 
5.2005 5.2444 4.6676 4.4904 3.2391 4.1532 4.4063 3.7948 3.9271 3.7496 4.2209 3.7671 2.2577 3.8890 3.7026 2.8870 2.1129 2.8119 3.4958 3.6426 1.9500 3.2938 3.7063 3.0922 3.2052 2.8859 3.3629 2.9889 1.8625 2.8481 2.7124 2.7226 1.4993 
4.4533 3.9651 3.9958 4.4103 4.6915 4.3311 4.4827 4.1856 3.5450 3.2177 2.7379 2.7387 3.3395 2.8006 3.2436 3.2403 3.3752 3.1798 3.0749 2.5915 3.0005 2.2886 2.1991 2.5876 2.7998 3.3077 3.4557 3.1409 3.3311 2.7878 2.0707 1.4003 0.6008 
4.3885 4.9871 4.8344 5.1603 5.2672 5.5069 4.9838 4.9516 4.1437 3.9338 2.9754 2.8275 1.6461 2.0353 1.7105 2.5483 3.0959 2.4418 1.5634 1.7359 1.3209 2.3946 2.4589 3.3027 3.3943 4.0255 3.9441 4.3273 3.9145 3.5395 2.8512 2.4450 0.9406 
5.2087 4.9728 4.5112 3.6196 4.2920 4.1962 4.6227 4.5979 4.0060 3.2710 3.4509 3.5918 3.4252 3.0371 2.5316 2.0498 3.2018 1.9794 2.3221 2.7693 3.1068 3.1880 2.9285 2.6371 3.2671 3.7670 3.6433 3.0241 2.8836 2.0140 2.5703 2.4040 1.6456 
5.3912 5.5343 4.4632 3.5088 5.3831 5.0376 4.6208 4.4118 3.3833 3.7928 3.5269 3.8339 3.8085 3.8071 3.6766 3.6786 3.2986 3.5729 3.4748 3.5182 3.4328 3.3794 3.0096 3.1616 2.6510 3.5058 3.6354 3.8539 4.0063 2.0052 2.4964 2.9417 1.6548 
5.4744 4.9160 3.7908 3.9264 4.6049 4.2542 4.8088 4.0157 3.7610 3.2014 3.0814 3.2665 3.4162 2.1002 3.2623 3.1630 3.2807 3.0574 3.1050 1.8237 3.0967 2.8213 2.5608 2.5630 2.9661 3.1797 3.8120 3.0796 3.2533 2.2851 1.7756 2.3379 1.8675 
5.0897 5.3968 4.9618 5.1750 5.3248 4.5973 4.7982 4.4424 3.7549 3.6234 3.3702 3.4605 2.0469 2.9151 3.6809 3.8551 3.8242 3.7917 3.4782 2.6877 1.6718 3.0605 2.8368 2.9753 2.9560 3.5533 3.8086 3.4158 3.9539 3.5401 2.9693 2.8319 1.1851 
5.5813 5.0174 4.1361 3.3400 5.2639 5.0303 3.9740 2.8464 4.1492 4.1905 4.0659 3.1880 3.3778 3.1903 3.6379 2.5028 1.6746 2.3874 3.4428 2.8800 3.0515 2.7133 3.5389 3.5461 3.4029 2.0091 2.9593 3.8498 3.9121 1.7527 2.1541 2.4588 1.9549 
5.6587 5.2406 4.5692 4.2234 4.6483 4.7856 3.1842 2.8526 3.9358 3.7960 3.6367 3.0846 3.2078 2.3544 3.0907 2.8613 1.9359 2.7892 2.8912 2.1125 2.8289 2.6509 3.1155 3.1761 3.2158 2.0242 2.1161 3.6110 3.3006 2.6020 2.6270 2.7569 2.0705 
5.4339 5.0278 4.4421 3.8619 4.5175 4.4520 4.5314 3.8892 3.6362 2.8141 1.1460 2.8399 2.7063 2.6178 2.6343 2.0181 2.7384 1.9259 2.4515 2.3253 2.3458 2.4103 0.5895 2.1720 2.8650 3.0053 3.5057 3.2794 3.1856 2.2335 2.4726 2.4701 1.7802 
5.4411 4.8937 4.2064 4.5235 4.5253 4.1080 3.7449 3.0127 3.7687 3.3561 3.1239 1.5752 1.5657 2.5301 2.8395 2.5264 -0.0913 2.4201 2.6844 2.2479 1.2341 1.1209 2.5994 2.7213 2.9799 2.1501 2.6936 2.9374 3.1875 2.8924 2.2413 2.3467 1.8077 
2.3812 4.4351 3.8136 4.4838 4.6991 4.5605 3.9472 4.4579 3.2368 2.5702 3.9055 3.9383 2.9130 3.0627 2.7313 2.6639 2.5831 2.6009 2.5991 2.7898 2.6114 3.4891 3.3693 1.9388 2.4619 3.5712 2.9472 3.3800 3.3420 2.8483 1.8003 1.9299 -1.0838 
5.6971 5.6082 5.0006 4.7942 4.1147 3.9591 3.4585 4.1375 2.6762 3.9374 3.8852 3.5204 3.1911 2.6288 3.2051 3.3469 3.1260 3.2731 3.0162 2.3441 2.8042 3.1179 3.3440 3.3090 1.9011 3.2818 2.4539 2.7908 2.7328 3.2015 3.0147 3.0686 2.0582 
3.2381 4.6303 4.6002 4.9771 5.0671 4.9333 3.8164 4.3192 4.2472 3.9132 3.2491 3.7692 2.8955 2.9073 3.2517 2.7943 3.1165 2.7149 3.0856 2.6796 2.6007 3.2977 2.7117 3.2783 3.4669 3.4155 2.7720 3.7562 3.7194 3.3337 2.6485 2.1410 -0.0558 
3.2050 4.7487 4.4341 4.1375 4.6344 3.8840 4.9356 4.5300 3.9273 3.4365 2.7747 3.0034 3.9665 3.9543 3.4807 3.6076 3.5117 3.5079 3.3294 3.7323 3.6404 2.5998 2.2439 2.8136 3.2072 3.6726 3.8905 2.6979 3.2887 2.5139 2.4650 2.2367 0.1051 
4.7030 4.2273 3.8809 4.5895 5.4115 4.6865 4.5638 4.7096 4.2465 4.2274 3.7157 3.3859 3.9373 4.0653 2.2239 3.2274 2.0417 3.1523 2.0474 3.8401 3.6039 2.9557 3.1960 3.5811 3.4745 3.8583 3.5401 3.5147 4.0179 3.0090 1.9676 1.7083 1.0251 
3.6976 5.1415 4.2447 4.6728 4.9811 4.4911 4.2280 4.2714 4.0918 4.1242 4.1970 3.9511 3.8214 4.0779 3.5468 1.1561 3.2061 1.0246 3.3777 3.8504 3.4428 3.5033 3.6791 3.4872 3.3581 3.3683 3.2282 3.3192 3.5776 3.0992 2.2595 2.6509 -0.1824 
5.5427 4.8551 3.9069 3.6879 4.3593 4.5565 5.0338 4.5104 4.0611 4.0178 3.2978 3.5383 3.7137 3.3986 2.8369 3.3217 3.3715 3.2526 2.6837 3.1843 3.3442 3.1453 2.7616 3.3817 3.3276 3.6482 4.0051 3.3838 2.9459 2.0487 1.9980 2.2560 1.8602 
5.8084 5.0269 4.4844 4.5090 5.1341 4.1932 4.0767 4.3867 3.6683 3.6411 3.9478 3.5668 2.3298 3.6513 3.4934 3.7239 2.5907 3.6145 3.3411 3.3828 2.0190 3.1733 3.4157 2.9938 2.8823 3.4694 3.1021 2.9984 3.7949 2.8779 2.5878 2.4931 2.2148 
5.1117 5.3147 5.0237 4.5509 4.1386 4.2508 4.9742 4.3710 3.8153 4.0718 3.7810 3.0799 2.8085 3.3776 2.9331 3.5559 3.4196 3.4597 2.7754 3.1658 2.4886 2.6471 3.2345 3.4366 3.0575 3.4414 3.9295 3.0906 2.7732 2.8987 3.0515 2.7750 1.3054 
3.7684 2.8809 3.9944 4.3662 3.2465 4.4271 4.5018 3.8027 3.8297 3.7998 3.7859 2.6673 3.5019 2.9911 2.6129 2.4167 3.1841 2.3218 2.4155 2.7362 3.2023 2.2149 3.2384 3.1784 3.0832 2.8755 3.4731 3.2532 1.8602 2.7134 2.0591 0.3168 0.0041 
3.3224 5.6022 4.9190 4.5327 4.9231 4.7848 4.3745 3.2915 4.4936 3.8802 4.1349 4.0488 4.0310 3.7255 3.3082 3.8092 3.4115 3.7322 3.1805 3.4325 3.7388 3.6447 3.6166 3.2576 3.7797 2.4350 3.3265 3.6051 3.5069 2.8939 2.8921 3.0762 -0.3317 
5.6448 5.6743 5.0327 4.4685 4.5892 3.7951 4.1962 4.5596 3.4871 3.6648 3.9054 3.7645 3.7919 3.0057 2.8395 3.6732 3.6906 3.5703 2.6862 2.7536 3.4142 3.2932 3.3705 3.0118 2.7516 3.7164 3.2105 2.6140 3.2352 2.8406 3.0496 3.1703 1.9539 
2.5912 4.4486 4.1713 3.5199 4.5888 4.4539 4.0455 4.0838 4.2348 3.3474 3.8572 2.2804 3.2480 3.3784 2.4581 2.5328 3.1940 2.4342 2.2581 3.1692 2.8694 1.8573 3.3156 2.7147 3.4560 3.2432 3.0680 3.2747 3.2413 1.9842 2.2122 1.9479 -0.8263 
5.7924 4.8512 4.3923 4.0643 5.4359 4.2134 4.4111 4.1589 4.6002 4.0571 3.1249 3.7776 3.8459 3.4518 3.8577 3.5765 3.6987 3.4800 3.7042 3.2388 3.4746 3.3128 2.5946 3.4292 3.8658 3.3037 3.3764 3.0201 4.0308 2.4918 2.4324 2.2517 2.1812 
3.3098 4.6330 3.3531 4.2962 4.0217 4.3597 4.3810 1.2371 4.0991 3.6463 3.6936 3.9893 2.9178 1.8480 3.0432 2.7760 0.6719 2.7034 2.8508 1.5987 2.6122 3.5511 3.1820 2.9920 3.3609 0.1485 3.3358 3.1855 2.6788 2.6559 1.4519 2.1315 -0.3287 
3.6310 4.2013 3.6626 4.1600 4.2172 4.0190 3.5206 4.3996 4.8133 4.2942 3.7883 3.8041 3.5732 3.6696 2.8191 1.3023 1.5510 1.1612 2.6630 3.3933 3.2477 3.3411 3.2448 3.6373 4.0381 3.4940 2.5568 2.8408 2.8369 2.5854 1.6992 1.6803 -0.1611 
5.6445 5.6015 4.4804 4.4168 5.3362 4.0481 4.5888 4.0030 4.3680 3.2358 3.7990 3.4939 2.7026 3.3255 2.5388 3.0768 3.1863 2.9719 2.3317 3.0856 2.3496 3.0877 3.2541 2.6028 3.5823 3.1629 3.5774 2.8507 3.9654 2.7906 2.5278 3.0537 1.9848 
5.1902 4.9796 4.5610 3.1838 3.7437 2.7150 4.0915 2.3717 3.8244 3.4271 3.1265 3.3900 3.1766 2.3022 3.0479 3.0242 3.1235 2.9235 2.8537 2.0788 2.7905 2.9504 2.6050 2.7847 3.0772 1.4694 3.1160 1.5624 2.3380 1.5506 2.6159 2.3979 1.5258 
2.7750 4.7703 4.3135 3.8120 4.2803 4.7655 4.5235 4.3934 4.5288 4.0922 3.4509 3.3895 3.6885 2.8275 3.2479 3.3866 2.8263 3.3096 3.0845 2.6050 3.3277 2.9456 2.9342 3.4481 3.8063 3.4806 3.4917 3.5954 2.8580 2.1746 2.2817 2.2496 -0.1387 
5.4774 5.1674 4.0786 4.3592 4.6014 4.5867 5.0319 4.3890 3.0545 2.0871 2.6166 3.4040 3.5659 3.0157 3.4600 3.2107 3.3800 3.1261 3.3126 2.7584 3.2428 2.9698 2.0781 1.4681 2.2778 3.4650 4.0040 3.4153 3.2508 2.6990 2.1496 2.6309 1.7491 
5.0027 5.1355 3.9215 4.6821 5.3212 5.2209 5.1165 3.2414 4.4089 4.4320 3.9286 3.4711 3.5102 3.2356 3.5721 3.2095 3.2842 3.1268 3.4020 2.9522 3.2118 3.0528 3.3924 3.8047 3.6572 2.3900 4.0896 4.0464 3.9561 3.1050 1.9686 2.6307 1.3356 
4.8594 4.3662 4.4158 4.5237 4.8658 4.2097 4.1566 4.2623 3.2678 2.6828 3.3908 3.4988 3.2263 3.7568 3.3797 2.4012 2.1817 2.3098 3.2347 3.4475 2.8503 3.0980 2.8504 2.0618 2.5273 3.3708 3.1843 3.0153 3.4533 2.9020 2.3931 1.7542 1.0557 
5.7376 5.2084 4.9413 5.0451 5.2499 5.1399 3.2301 4.2713 4.1706 2.6326 3.7730 3.2881 3.3193 2.8246 3.3369 3.1375 2.9345 3.0298 3.2036 2.6133 2.9599 2.8443 3.2279 2.0092 3.4217 3.3720 2.1930 3.9602 3.9007 3.4092 2.9439 2.6749 2.1326 
3.5421 4.3893 2.7691 3.5013 5.0254 4.5867 4.7420 3.6925 4.3105 3.4063 3.3459 3.8727 3.2812 3.4826 3.5250 2.4363 1.4471 2.3313 3.3628 3.2591 2.9103 3.4285 2.8044 2.7691 3.5238 2.7834 3.7720 3.4082 3.6554 1.9846 0.8276 1.8400 0.2630 
5.8822 4.3549 4.3888 4.3407 4.9256 4.8463 5.0982 4.0121 3.4723 3.8633 4.0125 3.2933 3.3690 3.5495 2.8400 1.6979 -2.6003 1.6255 2.6858 3.3050 3.0381 2.8428 3.4662 3.2402 2.7475 3.1747 4.0701 3.6745 3.5079 2.6676 2.3692 1.6186 2.2115 
4.0210 4.9931 4.0600 3.6908 3.8771 4.7383 4.7054 3.6113 3.9516 4.4273 3.3315 2.1265 2.9428 3.5069 2.9906 0.7885 2.7431 0.6892 2.8161 3.2745 2.6348 1.6678 2.7893 3.8022 3.2287 2.7310 3.7391 3.5578 2.5446 2.0738 2.0908 2.4721 0.5768 
5.3270 5.1364 3.8338 3.9049 4.1867 4.8295 4.4486 2.9092 2.5781 4.0517 3.3518 3.6526 3.8680 3.3569 3.0777 2.5748 3.0983 2.4662 2.8737 3.1294 3.5025 3.2265 2.8161 3.4286 1.7407 2.0601 3.4132 3.6613 2.8105 2.2709 1.8948 2.6435 1.7457 
5.5365 5.2530 4.0248 4.2881 4.6372 4.5522 5.1334 4.6122 4.3689 3.8798 4.4303 4.1581 3.0745 4.0180 3.5088 3.6609 3.7172 3.5584 3.3531 3.7980 2.7241 3.7654 3.8903 3.2558 3.5836 3.7805 4.1104 3.3852 3.2901 2.6608 2.0927 2.7059 1.7897 
5.0304 5.2217 4.4110 4.4906 4.0211 3.2439 2.8565 3.9323 2.4450 2.2076 2.8821 1.9635 2.4753 3.2158 2.3734 1.4818 2.2252 1.4204 2.2074 2.9258 2.1217 1.5209 2.3498 1.5887 1.6705 3.0774 1.8868 2.0781 2.6663 2.8453 2.4283 2.7276 1.5114 
5.2217 5.2652 4.9601 4.6990 4.4062 4.0003 4.6978 4.6173 4.9913 4.4317 4.3172 3.4698 3.3545 3.4742 2.6865 2.3066 2.9902 2.2362 2.5315 3.2518 3.0160 3.0625 3.7852 3.8075 4.2285 3.7914 3.7238 2.8312 3.0127 3.1069 2.9506 2.7548 1.7136 
5.8288 5.2640 4.2137 3.8216 4.7320 4.3257 4.4594 4.2494 4.2202 3.9426 3.1476 3.2089 1.7992 2.1668 2.2302 2.4881 0.6191 2.3888 2.0843 1.9297 1.4955 2.7485 2.6140 3.3054 3.4498 3.3506 3.4334 3.1441 3.3656 2.2091 2.2182 2.7202 2.1962 
5.0532 5.7411 5.1345 4.5351 5.3449 3.4525 3.8673 4.3295 3.9151 2.1313 2.9409 3.4661 3.2640 3.4483 2.6487 3.1226 2.5955 3.0168 2.4718 3.2311 2.8939 3.0614 2.4340 1.5156 3.1976 3.4200 2.8326 2.3306 3.9672 2.9141 3.2049 3.2390 1.4170 
4.8337 5.1773 4.9831 4.6444 5.0540 4.5744 4.2697 2.8670 2.9726 3.4892 3.2459 3.4700 3.3689 3.7446 3.6285 3.6549 3.5173 3.5532 3.4400 3.4409 3.0411 3.0622 2.7070 2.8523 2.2286 2.0332 3.2491 3.3908 3.7013 3.0379 2.9923 2.6620 0.9763 
5.9600 5.5649 5.0822 4.9538 4.7541 3.4962 3.8387 4.4926 4.0876 3.9506 3.3039 2.6795 3.0848 3.6849 3.6134 2.7824 3.4418 2.7078 3.4318 3.4108 2.7227 2.2168 2.7721 3.3196 3.3458 3.6237 2.8167 2.3346 3.3799 3.2966 3.1518 2.9809 2.2623 
4.7412 4.2084 4.0177 4.7448 5.3288 4.5835 4.4436 3.4154 3.2846 4.0208 3.3030 3.5893 3.3999 1.8898 3.0690 2.1952 0.5206 2.1148 2.8654 1.5894 3.0719 3.1898 2.7654 3.3930 2.5477 2.5960 3.4127 3.3907 3.9612 3.1835 2.0903 1.6529 1.1244 
3.3351 4.7129 4.9393 4.4796 4.4822 3.7843 3.9603 3.5551 3.8436 3.8703 3.9618 3.8984 3.0125 3.3999 3.2800 3.4363 -1.9343 3.3596 3.1363 3.1875 2.6686 3.4432 3.4281 3.2451 3.1087 2.6970 2.9441 2.6101 3.1325 2.8380 2.9256 2.1949 0.2624 
3.2476 4.8050 4.4437 3.1606 3.0788 4.8646 4.9216 4.6943 4.3804 3.5642 3.4498 3.6786 2.8225 3.3154 3.2177 3.1245 2.7247 3.0150 3.0329 3.0744 2.4955 3.2408 2.9211 2.9298 3.5960 3.8456 3.8792 3.6978 1.6908 1.5402 2.4794 2.2653 -0.0270 
5.0434 4.9703 3.8436 2.7075 5.1343 4.4587 4.9874 4.2236 4.4662 3.9384 1.9386 2.2687 3.6149 3.3366 2.8595 2.3607 -0.6740 2.2628 2.7106 3.1034 3.2763 1.8805 1.4466 3.3052 3.7432 3.3410 3.9459 3.2892 3.7976 1.2245 1.8900 2.3995 1.5552 
4.4879 5.0144 4.4695 4.8399 4.6153 3.6514 4.3892 3.7713 4.1055 3.4324 4.2738 4.0782 3.8514 3.8138 3.2940 3.7561 3.7502 3.6475 3.1556 3.5280 3.4823 3.6724 3.7590 2.7979 3.3699 2.8386 3.3448 2.4989 3.2597 3.2289 2.5338 2.4995 1.0209 
4.9363 4.9705 4.1198 4.5071 4.6808 4.9416 4.1392 4.0638 4.3213 2.6179 3.6898 2.6377 3.3368 3.2477 3.2952 2.0426 2.5030 1.9490 3.1559 2.9739 2.9977 2.1667 3.1782 2.0030 3.5319 3.2329 3.1626 3.7627 3.3269 2.8764 2.1350 2.4118 1.2971 
5.5074 5.7344 4.8783 3.8614 5.3706 5.2667 4.4808 3.5632 4.3314 4.4468 4.0305 3.2967 4.2703 3.1837 3.4711 3.3524 2.9486 3.2800 3.3213 2.8747 3.9103 2.8530 3.4997 3.8217 3.5409 2.6837 3.4542 4.0819 3.9969 2.2146 2.8805 3.2225 1.7577 
5.0179 4.5925 3.7425 4.6163 5.0079 4.3164 5.2643 4.9396 4.2410 2.7883 3.7807 3.4500 3.3805 2.5481 2.9179 2.5895 3.0427 2.4758 2.7596 2.2472 3.0525 3.0411 3.2338 2.1336 3.4550 4.0197 4.2909 3.1428 3.6313 2.9985 1.7327 2.0554 1.4142 
4.9533 4.3310 3.5707 4.4758 5.1134 4.9844 4.9324 5.0223 4.2010 3.4311 3.3785 3.6707 3.4830 3.2570 3.3834 3.6727 2.8033 3.5670 3.2396 2.9918 3.1889 3.2399 2.8466 2.7971 3.4347 4.1293 3.8852 3.8044 3.7784 2.8394 1.5806 1.6701 1.0595 
5.0444 4.5830 3.4438 4.5532 5.2783 4.8282 4.4911 3.9300 3.9577 3.2226 3.3226 3.9279 4.1737 3.8193 3.3302 2.9031 2.8695 2.8261 3.1969 3.5351 3.8439 3.4750 2.7895 2.5908 3.2327 3.0835 3.4529 3.6407 3.9208 2.9612 1.4939 2.0182 1.1022 
5.6005 5.1297 4.3987 4.8546 5.0907 5.0207 3.8583 4.7774 3.4702 3.3783 3.9585 3.2404 3.5285 3.6800 2.7562 2.9147 2.7883 2.8379 2.6143 3.4033 3.2201 2.7733 3.4252 2.7489 2.7253 3.9046 2.8436 3.8411 3.7625 3.2376 2.4281 2.6038 1.9537 
3.1724 3.9746 3.2106 3.8538 4.4589 4.7941 4.0638 4.5919 3.8493 3.8015 4.0282 3.5445 3.5096 4.1527 3.8054 3.7857 2.8932 3.6888 3.6169 3.9065 3.2105 3.1479 3.4996 3.1820 3.1061 3.7614 3.0716 3.6207 3.1011 2.2442 1.2408 1.4622 0.0637 
5.5435 5.4691 4.5826 3.9779 4.2633 4.1375 4.0143 4.3581 3.5922 3.6287 3.4523 2.9303 3.6769 3.3878 3.1573 2.8498 1.0871 2.7776 2.9457 3.1730 3.3191 2.5473 2.9236 2.9870 2.8304 3.4347 3.0069 2.9723 2.8516 2.3791 2.6204 2.8950 1.9356 
4.4146 4.6234 3.7751 4.8065 4.9066 2.8517 4.4211 5.0636 4.6514 4.1143 4.3895 3.6906 3.8821 3.7248 3.1631 2.3239 2.1881 2.2382 2.9551 3.4313 3.5258 3.2490 3.8442 3.4752 3.9148 4.1883 3.3858 1.7382 3.4862 3.2140 1.7959 2.1158 0.7821 
5.8624 5.9327 5.4371 5.2012 5.4549 5.4106 4.9866 3.8799 3.6088 2.9864 3.9764 3.3328 3.7884 2.9676 2.7896 3.3073 1.6832 3.2388 2.6463 2.7159 3.4109 2.8735 3.4374 2.3478 2.8464 2.9956 3.9425 4.2314 4.0473 3.5920 3.4410 3.3944 2.2105 
5.0678 4.7702 3.7187 4.9507 5.1189 5.4774 4.7903 3.4364 4.1183 4.0569 3.3339 2.7853 3.2997 3.8232 3.4527 2.2653 2.3909 2.1955 3.3030 3.5428 2.9494 2.3445 2.7956 3.4295 3.3782 2.5978 3.7945 4.3023 3.7867 3.3024 1.6993 2.2483 1.5181 
5.7217 5.2071 4.0850 4.3784 4.5262 4.1690 4.7506 4.5690 4.3109 3.4524 3.8188 2.8458 2.7957 3.1071 2.2504 3.2503 3.5315 3.1916 2.0927 2.8253 2.4690 2.4231 3.2735 2.8353 3.5180 3.7289 3.7784 2.9959 3.1898 2.7327 2.1220 2.6761 2.1099 
5.3603 4.7313 4.6890 3.2217 3.3019 5.0458 3.8386 4.3818 4.7614 3.9492 1.9362 3.5424 2.2753 3.2584 2.0175 2.7683 1.8807 2.6941 1.8154 2.9909 2.0013 3.1506 1.4136 3.3136 4.0075 3.4670 2.7817 3.8710 1.9738 1.6488 2.7356 2.1813 1.6959 
4.4620 4.7321 4.4418 4.8290 5.2567 4.4154 4.1899 3.7037 3.8029 3.9679 3.9046 3.1494 2.5468 2.8492 2.6053 3.0359 2.9472 2.9396 2.4026 2.6303 2.1751 2.6859 3.3645 3.3359 3.0352 2.7999 3.2077 3.2320 3.9011 3.2271 2.4756 2.2075 0.9215 
5.4888 5.1028 4.0199 3.3376 3.9990 4.0699 4.4964 3.7642 4.9409 4.2130 4.1143 4.0412 3.5196 3.0397 3.8195 3.9178 3.4943 3.8459 3.6437 2.7701 3.2129 3.6283 3.5930 3.5664 4.1481 2.8543 3.4662 2.9015 2.6552 1.6941 2.0541 2.5665 1.6911 
5.5441 3.8778 4.1257 4.1191 4.7189 5.0047 4.6738 3.5840 4.3241 4.2321 3.7652 3.3318 2.8257 3.3978 3.2061 2.9570 3.2184 2.8631 3.0109 3.1838 2.5182 2.8850 3.2154 3.5847 3.5361 2.7109 3.6904 3.8318 3.3445 2.5319 2.1748 1.0822 1.8017 
4.7398 5.0043 4.3156 4.6940 4.7111 3.0930 2.0901 4.4852 4.3123 3.1858 3.5728 3.0276 2.0322 3.0592 3.1297 3.4051 3.5179 3.3273 2.9202 2.7918 1.6433 2.6143 3.0506 2.5479 3.5199 3.6191 1.0865 1.8947 3.3412 3.1175 2.3041 2.4837 1.2342 
4.2790 5.0464 4.7512 3.6185 4.6043 4.4550 4.8427 4.4584 3.4132 3.7248 1.6095 3.0367 3.4825 3.6333 3.0521 3.3712 0.3805 3.2949 2.8535 3.3669 3.1891 2.6283 1.0389 3.0696 2.6638 3.5780 3.8288 3.2871 3.2525 2.0193 2.7816 2.5549 0.4667 
4.8051 5.3342 4.6628 3.1198 1.5941 4.7358 4.6840 5.0057 4.4014 4.1228 4.4388 3.9635 4.2035 3.9748 3.8586 3.7443 3.2689 3.6347 3.7047 3.7623 3.8655 3.5176 3.8973 3.4833 3.6335 4.1031 3.7094 3.5635 0.4442 1.5302 2.7011 2.7992 0.9635 
5.2827 5.4263 5.0379 4.5592 5.3156 5.0264 3.5672 2.6638 4.0969 4.0434 3.8586 3.1519 3.7190 3.9831 3.9923 3.5386 3.3764 3.4449 3.8433 3.7718 3.3487 2.6898 3.3172 3.4173 3.3544 1.6994 2.5725 3.8434 3.9497 2.9191 3.0799 2.8532 1.5112 
3.1066 4.6234 3.1104 3.7663 4.4111 4.2360 4.5317 4.7151 4.1667 3.9367 3.9839 3.5622 2.8821 1.9456 2.6179 2.6776 2.0161 2.6150 2.4238 1.6631 2.5953 3.1621 3.4413 3.3054 3.4122 3.8593 3.5118 3.0629 3.0284 2.1239 1.1146 2.1130 -0.4748 
5.8736 5.2115 3.0347 3.2008 5.1431 5.0506 4.5231 4.7358 4.5130 4.3937 3.9621 3.4289 1.9404 3.5863 3.8862 3.3800 2.9172 3.3038 3.7487 3.3346 1.5683 2.9993 3.4287 3.7707 3.7925 3.8744 3.4870 3.8720 3.8049 1.4962 1.1778 2.6728 2.2469 
4.4090 4.8426 4.1105 2.7387 4.2418 4.4587 4.2834 4.4245 3.7821 3.5353 3.4054 2.0073 3.3984 3.1864 2.7023 2.9112 2.9901 2.8408 2.5649 2.8746 3.0727 1.5586 2.8553 2.8877 2.9943 3.5263 3.2621 3.2809 2.8511 1.1082 2.1291 2.3018 0.9005 
5.2780 4.9505 4.1425 3.9434 5.1621 4.1140 4.2296 2.8155 3.3169 3.5130 3.4407 2.0312 3.3127 2.2574 2.7554 3.1411 2.1735 3.0349 2.6204 2.0443 2.9595 1.5748 2.9118 2.8647 2.5925 2.0018 3.2262 2.9136 3.8179 2.3499 2.1479 2.3191 1.5595 
3.7825 4.5524 4.0191 4.5753 4.3957 4.1975 3.2181 3.3378 3.7895 3.1256 3.5165 3.1500 3.6774 3.4365 3.2415 3.2837 3.2376 3.2180 3.0706 3.2172 3.3193 2.6856 2.9940 2.4632 3.0070 2.4947 2.1762 3.0124 2.9999 2.9410 2.0985 2.0323 -0.5552 
3.5560 4.6157 4.2467 4.4759 4.8330 4.3316 4.6799 4.2012 4.9221 4.2421 3.6225 3.5760 2.8823 3.0240 2.2635 2.2640 0.4866 2.1946 2.1154 2.7618 2.5937 3.1792 3.1070 3.5870 4.1329 3.3298 3.7025 3.1627 3.4328 2.8493 2.2610 2.1400 -0.5684 
5.4678 3.8026 3.7521 3.6824 5.1975 4.8321 3.2853 3.4798 3.4384 3.0265 2.9367 2.3878 3.4416 2.2211 2.8142 2.7167 3.2179 2.6515 2.6652 2.0045 3.1448 2.0120 2.4067 2.3899 2.7042 2.6412 2.2546 3.6515 3.8476 2.0921 1.7441 1.0917 1.7865 
5.0757 4.9317 4.3318 4.3989 4.5738 4.3976 4.0510 3.8857 3.4436 3.8278 2.6124 3.0628 2.7288 3.1711 3.4525 1.7192 2.6999 1.6586 3.3049 2.8681 2.3786 2.6432 2.0504 3.2084 2.7162 3.0137 3.0670 3.2153 3.2303 2.7436 2.2943 2.3363 1.4038 
5.4205 5.6767 5.1428 5.1023 5.1116 5.2130 3.9564 3.6682 3.5763 2.7939 2.3549 2.9575 2.7998 3.1192 2.9096 3.3058 2.8667 3.2359 2.7624 2.8354 2.4685 2.5671 1.8284 2.1612 2.8284 2.7744 2.9346 4.0340 3.7795 3.4665 3.2043 3.1789 1.6149 
4.9080 5.5182 4.5899 4.0629 5.2468 4.5412 3.8134 3.8325 3.5604 4.0331 3.9587 3.3437 3.4826 3.0798 2.9700 2.9480 3.3831 2.8516 2.8020 2.8058 3.1894 2.8939 3.4235 3.4152 2.8265 2.9156 2.7990 3.3502 3.8999 2.4618 2.6489 2.9626 1.3321 
4.5299 4.6441 4.6540 4.7965 5.8599 4.9476 5.0650 4.5319 4.7506 4.2307 4.2474 4.0657 3.3212 3.0444 3.6587 3.5433 3.5393 3.4500 3.4598 2.7741 2.9764 3.6590 3.7329 3.5822 3.9998 3.6770 4.0302 3.7551 4.5032 3.2199 2.7222 2.1189 0.8859 
5.0271 1.0303 4.2221 4.6898 4.6819 4.7050 3.4637 4.1516 3.6879 3.6584 2.2527 3.5218 3.0220 3.1561 3.2077 0.6637 3.2070 0.5996 3.0091 2.8529 2.6871 3.1225 1.7184 3.0074 2.8990 3.2879 2.5228 3.5320 3.3223 3.0947 2.2524 -0.4118 1.3524 
4.6630 4.3711 4.1261 4.3654 5.0281 4.3699 4.0041 4.3617 3.9993 3.9827 3.6499 3.3795 3.0397 3.6280 3.5727 2.9612 3.2624 2.8628 3.4031 3.3644 2.6984 2.9381 3.1311 3.3475 3.2617 3.4396 2.9758 3.2085 3.6631 2.6916 2.1852 1.7942 0.9428 
5.3797 5.2686 4.6336 4.8671 5.5063 4.9680 4.2284 4.4734 3.3973 3.8064 3.5227 3.2170 3.0115 3.0886 3.2820 3.7013 3.7016 3.5952 3.1388 2.8105 2.6731 2.7554 3.0021 3.1829 2.6634 3.5930 3.2314 3.7846 4.0893 3.2462 2.6869 2.7268 1.5583 
4.6471 4.4714 3.5342 4.0284 5.2246 4.9801 3.7974 4.5669 4.3710 3.6762 3.4432 3.1415 3.1997 2.3416 3.2679 3.1075 3.4027 3.0012 3.1186 2.0964 2.8195 2.6848 2.9146 3.0205 3.5873 3.7285 2.7697 3.7998 3.8804 2.4390 1.5693 1.9831 1.0767 
4.4248 4.2074 4.0454 4.5301 5.2489 4.5876 5.0979 4.6701 4.4518 3.9588 3.6148 3.6689 3.5835 3.9137 3.5810 3.5164 3.3106 3.4341 3.4092 3.6771 3.2566 3.2360 3.0977 3.3239 3.7214 3.8279 4.0691 3.4118 3.8964 2.9209 2.0964 1.6033 0.4873 
5.0800 4.9103 4.7549 3.9938 4.4653 3.9191 3.1617 4.2040 2.8787 2.7813 2.8536 3.5472 3.8740 3.7122 3.6146 2.7142 3.2688 2.6447 3.4331 3.4261 3.5133 3.1570 2.3276 2.1524 2.1452 3.3291 2.1209 2.7334 3.0946 2.3378 2.7766 2.4300 1.3809 
4.7231 4.9805 4.1146 4.4251 5.1254 4.3663 5.1001 3.7700 4.0035 4.0569 3.9884 3.5162 3.6243 1.6977 3.0580 3.4450 3.2810 3.3774 2.8593 1.4850 3.2830 3.1159 3.4430 3.4310 3.2696 2.8420 4.0684 3.2053 3.7844 2.7995 2.1563 2.4423 1.2402 
5.4799 5.3637 4.5227 3.5582 4.5902 4.7752 4.3834 4.6808 4.2863 3.8317 3.2143 2.8469 3.4189 3.4737 3.9120 3.6653 3.1596 3.5613 3.7787 3.2526 3.1046 2.4310 2.6704 3.2043 3.4997 3.8366 3.3344 3.6005 3.2448 1.9125 2.5819 2.8150 1.7504 
5.6420 5.2455 4.1344 4.6497 5.5597 5.2265 5.1649 4.9339 3.8509 3.7532 4.2363 4.4547 4.1549 3.9169 3.7752 3.9504 2.9878 3.8747 3.5703 3.6754 3.8330 4.0053 3.7223 3.1022 3.0927 4.0179 4.1501 4.0495 4.1587 3.0686 2.1525 2.7205 2.0552 
