1.2989 3.3397 3.2118 3.4069 2.8353 2.4383 3.0357 2.8482 2.8137 1.8041 2.2526 2.6315 1.3604 2.6694 2.1565 2.0571 1.2693 1.9549 1.9398 2.3983 1.0299 2.2189 1.7026 1.1553 2.0280 1.9225 2.0187 1.2477 1.4267 1.7237 1.2066 0.7245 -1.9536 
4.0250 3.0323 1.3308 2.2659 3.7864 2.7350 2.4827 2.1669 2.2007 2.8927 1.9288 1.0386 1.6985 1.7471 0.9189 2.6428 2.5994 2.5453 0.7401 1.5183 1.3321 0.5618 1.3887 2.2613 1.3906 1.2588 1.5023 1.5110 2.3933 0.6149 -0.5954 0.4323 0.2902 
4.7997 4.7830 3.7376 3.7557 3.7838 3.7423 3.1776 3.4533 2.6807 2.4578 2.7276 3.3420 2.8662 2.8484 2.9538 2.7967 2.2957 2.6861 2.8153 2.5637 2.4872 2.8835 2.2065 1.8271 1.8801 2.5386 2.1994 2.5459 2.3940 2.1581 1.7373 2.2319 1.0589 
4.9363 4.1552 3.2215 2.8474 2.9942 2.5917 2.8822 2.7734 1.9907 3.3739 2.4489 2.0851 2.9570 2.7031 2.7318 3.0410 2.9769 2.9601 2.5268 2.4184 2.6146 1.6427 1.8912 2.7158 1.2316 1.8469 1.8331 1.3874 1.6399 1.1625 1.2243 1.5954 1.2451 
3.6263 4.0489 3.3484 3.4424 3.7563 4.0881 4.0837 3.6465 3.8541 3.3744 2.5609 2.2973 2.0035 2.9784 2.2393 2.2183 2.8801 2.1290 2.0528 2.7553 1.6776 1.8440 2.0253 2.7126 3.0662 2.8045 3.0393 2.8956 2.3678 1.7713 1.3008 1.4707 0.1974 
3.3942 3.4015 3.1209 2.4401 3.5814 3.4352 3.1757 2.5305 1.8859 1.9631 2.4008 2.1921 2.2243 2.3062 1.6678 1.2145 0.9913 1.1331 1.4999 2.0486 1.8426 1.7103 1.8562 1.3202 1.1396 1.6716 2.1884 2.2404 2.2244 0.8679 1.1473 0.8113 -0.2159 
3.1161 4.1026 3.7584 4.0709 4.0832 3.8315 3.4687 3.4954 1.8479 2.5540 2.5132 2.7885 2.4203 1.4029 1.9287 2.2891 1.8331 2.2241 1.7761 1.1378 2.0858 2.3140 1.9803 1.9073 1.0863 2.5979 2.4214 2.6408 2.6988 2.4131 1.7643 1.5727 -0.1779 
5.2857 4.6193 3.2364 3.4095 4.0753 3.3205 3.5799 3.1571 2.8386 2.0709 3.1769 2.9498 3.0354 2.3813 1.8670 2.3362 2.0783 2.2663 1.7162 2.1537 2.7129 2.4899 2.6528 1.4136 2.0627 2.2870 2.5443 2.1309 2.6861 1.7520 1.2180 1.9773 1.6085 
4.0366 4.2625 3.4690 3.5182 3.4177 2.5633 2.7870 2.5382 2.9172 2.3700 2.5530 2.8618 1.2181 2.2398 2.1017 2.8714 1.7493 2.8079 1.9032 1.9500 0.9030 2.4020 2.0321 1.7188 2.1980 1.6800 1.7197 1.3695 2.0078 1.8508 1.4735 1.7602 0.2715 
3.4867 3.6543 3.0028 2.8034 3.6227 3.4445 2.7911 2.2731 1.9308 2.8071 2.3826 2.4620 2.7260 2.5772 2.1801 2.4632 1.8590 2.3970 1.9511 2.3264 2.3561 2.0450 1.8470 2.1627 1.1973 1.3646 1.7271 2.2491 2.2583 1.1286 1.0189 1.1514 -0.4180 
4.4949 4.4698 4.0970 3.7851 2.5471 3.7542 2.5171 2.7780 3.0821 3.0261 2.9837 2.8967 3.2296 1.8310 2.3749 1.8562 2.3015 1.7758 2.2322 1.6050 2.8867 2.4452 2.4397 2.3830 2.3406 1.8527 1.5186 2.5606 1.1703 2.1795 2.1134 1.8638 0.6886 
3.6489 4.2762 3.9517 3.3500 2.7730 3.0117 3.0900 3.2499 2.9646 2.2625 1.6434 1.6034 2.4625 2.2997 2.4290 2.6471 2.8131 2.5469 2.2787 2.0398 2.1677 1.1260 1.0861 1.6283 2.2307 2.3539 2.1063 1.8162 1.3370 1.6736 1.9027 1.7354 -0.1876 
4.7388 4.6409 3.8185 3.1280 3.3452 3.8168 3.0999 2.7999 2.1729 1.5039 2.2447 1.4173 2.5580 1.1536 2.2337 0.9013 0.5341 0.8021 2.0420 0.9061 2.2412 1.0179 1.6904 0.8311 1.3809 1.8582 2.0937 2.6227 1.9235 1.5189 1.8164 2.0502 1.0777 
3.2223 3.4604 3.3758 2.9634 3.0954 3.0226 3.3326 2.4113 2.6116 2.8697 2.9336 2.4471 2.6875 2.9196 2.7239 2.3797 2.4864 2.3041 2.5153 2.6700 2.3278 2.0168 2.3874 2.2373 1.8526 1.5656 2.2886 1.8287 1.7158 1.3233 1.3084 0.8997 -0.7227 
3.9052 3.9333 3.2768 3.6341 3.7338 3.7793 2.9328 3.2586 2.1578 1.7155 2.7269 2.0830 1.7544 1.8566 1.5594 2.0605 2.4446 1.9596 1.3507 1.6356 1.4055 1.6433 2.2034 1.0879 1.3511 2.3609 1.8910 2.5841 2.3552 1.9885 1.2496 1.3059 0.0279 
4.5953 3.3007 3.0859 3.5405 3.6855 3.6478 2.0994 2.3620 2.1218 2.3510 2.1427 2.1782 2.5218 1.5221 1.8022 1.5374 1.0766 1.4294 1.6518 1.2429 2.2185 1.7104 1.6112 1.7147 1.3211 1.4886 1.0893 2.4506 2.3181 1.8914 1.1195 0.6165 0.8361 
2.9830 4.3176 3.5307 3.4129 2.6246 3.5903 3.4130 1.9322 2.8842 3.0502 1.9825 2.2658 2.6245 2.2879 2.6850 2.3501 2.1515 2.2754 2.4849 2.0248 2.2861 1.8075 1.4557 2.4082 2.1469 1.0564 2.3503 2.4002 1.2268 1.7395 1.5465 1.7692 -1.2426 
4.7600 4.2920 3.5834 3.4088 3.0642 2.9056 2.2858 3.4036 2.4586 2.4080 1.1592 1.9195 1.6740 2.6550 1.9347 2.4232 2.8144 2.3465 1.7746 2.3896 1.2835 1.5138 0.6104 1.7651 1.7051 2.4657 1.2562 1.6997 1.7126 1.7264 1.6275 1.7234 1.0841 
4.4270 3.7995 3.2855 3.4053 3.7019 3.4064 3.1145 2.8425 2.9405 2.8363 2.2926 2.3743 2.4271 2.6756 1.5434 1.3179 1.0065 1.2498 1.3247 2.3979 2.1016 1.9200 1.7531 2.2003 2.2154 1.9186 2.1324 2.2098 2.3278 1.7295 1.2638 1.2547 0.7439 
2.1965 3.1938 3.6600 3.2938 2.3283 3.7843 3.5728 2.9412 3.0117 3.1538 1.8868 2.7271 2.2255 2.1214 1.4925 1.6633 2.0176 1.5688 1.2627 1.8428 1.8240 2.2745 1.3285 2.4939 2.2701 2.0742 2.5308 2.6008 1.0099 1.6621 1.7231 0.6857 -2.4444 
4.4067 3.3939 3.5240 2.3543 3.0975 3.3376 2.9383 2.7412 2.8911 2.1330 2.7975 2.1234 1.6689 1.3471 1.4063 1.9419 0.6315 1.8584 1.2417 1.1140 1.2893 1.6690 2.2407 1.4595 2.1523 1.8198 1.8928 2.1514 1.7227 0.6664 1.5668 0.7149 0.6973 
3.3461 3.4211 2.8731 2.6297 3.7557 3.4778 2.6902 2.4682 3.1368 2.7937 2.4811 2.3099 2.5956 1.6197 0.3703 1.0004 2.1483 0.8971 0.1590 1.3201 2.2657 1.8556 1.9521 2.1270 2.3878 1.6264 1.6725 2.2868 2.3694 0.9690 0.8105 0.7950 -0.7387 
5.0273 4.5618 4.1015 3.6634 3.6362 3.3538 3.1401 3.0962 3.0424 2.5913 2.3417 2.3180 2.2394 1.5768 2.3237 2.0813 2.2242 1.9757 2.1890 1.2748 1.8549 1.8628 1.7896 1.9335 2.2954 2.2484 2.1524 2.1543 2.2713 2.0278 2.1315 1.9143 1.2895 
4.1760 4.0347 3.8507 3.0705 3.5242 3.6803 3.3678 3.2751 2.8198 2.9095 2.8873 2.5676 2.4569 1.0802 2.3672 2.3232 2.3325 2.2568 2.2275 0.7807 2.1481 2.1663 2.3393 2.2730 2.0452 2.3703 2.3125 2.4912 2.1609 1.4098 1.8508 1.5142 0.4922 
4.1623 3.3956 3.3076 3.4740 4.1177 4.1606 2.9234 2.2159 1.2049 2.4406 2.2010 1.7859 2.7717 1.9474 0.5129 2.5123 2.7369 2.4398 0.3916 1.7052 2.3852 1.3474 1.6436 1.7988 0.4802 1.2851 1.8654 2.9645 2.7582 1.8314 1.2832 0.7643 0.5201 
3.9807 2.9278 1.9382 3.2911 4.0582 3.7536 2.9154 3.0301 3.7806 3.4005 2.5594 1.5777 2.3195 1.1480 1.7519 2.5739 1.8968 2.4772 1.6172 0.8927 1.9599 1.1030 2.0256 2.7450 3.0224 2.1960 1.8612 2.5539 2.6621 1.6638 -0.1092 0.4687 0.2227 
4.0953 4.2970 3.9855 3.3685 3.8937 2.5096 3.4862 3.2358 3.4412 3.6523 3.7725 3.6357 3.6478 3.3906 3.4906 3.3987 3.0723 3.2917 3.3398 3.0745 3.3325 3.1972 3.2447 3.0151 2.6774 2.3389 2.4471 1.3039 2.4669 1.7064 1.9191 1.7369 0.1302 
5.0790 4.8105 3.6592 3.8875 4.2480 3.9506 4.1923 2.9499 2.7626 3.0592 3.3321 4.0245 3.6299 2.8799 2.5273 2.7203 3.0851 2.6153 2.3713 2.6076 3.3020 3.5563 2.8075 2.4255 1.9598 2.0712 3.1580 2.7583 2.8785 2.2492 1.6962 2.2499 1.3669 
4.4722 3.6986 4.2265 4.1035 4.2493 4.1870 3.6253 4.2544 4.7193 4.4504 4.3989 4.1743 3.8161 3.7717 3.5380 3.4662 3.5710 3.4043 3.4006 3.5255 3.4756 3.7198 3.8748 3.7889 3.9956 3.4173 2.6142 2.9868 2.8862 2.4462 2.2707 1.1646 0.7809 
4.4100 4.3705 3.5209 4.0201 4.0045 3.0570 3.9922 3.5710 3.7660 3.8383 3.4266 2.6690 2.8656 3.4163 3.6823 3.0697 2.4606 2.9940 3.5326 3.1142 2.4821 2.2387 2.8706 3.1809 3.0089 2.7141 2.9300 1.8533 2.5695 2.3510 1.5110 1.8016 0.7488 
2.5351 3.6422 3.8093 3.4431 3.6418 3.2795 2.9138 3.5981 2.9292 3.0153 2.9609 2.7862 3.2525 3.2850 2.2258 2.8348 1.2472 2.7592 2.0098 3.0086 2.9058 2.3107 2.4186 2.3732 2.2064 2.7476 1.8635 2.0670 2.2698 1.7631 1.8193 1.1114 -1.2679 
4.3154 4.5310 3.9424 3.5670 3.4256 3.2167 2.3879 2.8057 3.0619 3.3083 1.5919 3.5096 3.6646 3.2751 3.4936 2.6616 -0.0720 2.5508 3.3448 3.0007 3.3695 3.0542 1.0588 2.6533 2.3223 1.8612 1.3654 2.0151 2.0002 1.9038 1.8993 1.9228 0.5868 
4.7175 4.7030 3.5130 3.1909 4.0843 3.7471 3.6515 2.9633 3.4589 2.8198 3.4695 3.4952 3.1384 2.2481 4.1204 2.5758 2.4549 2.4638 3.9883 1.9781 2.8288 3.0416 2.9201 2.1991 2.7028 2.0958 2.6423 2.5466 2.7015 1.6198 1.4815 2.1562 1.0797 
4.9401 3.4063 3.5080 3.7192 3.9818 3.7954 3.8818 3.6445 3.4256 4.1563 4.1451 3.7854 3.5130 2.2086 2.3404 3.3824 1.1642 3.2695 2.2007 1.9115 3.1483 3.3827 3.6018 3.5185 2.6523 2.7988 2.8575 2.5994 2.5399 2.1217 1.5116 0.9898 1.2285 
3.1850 4.1690 3.5025 2.7488 4.0575 4.0078 3.6087 3.5975 3.9185 4.0042 4.4421 4.0190 3.8094 3.7161 4.1206 3.7994 0.4153 3.6997 3.9879 3.4844 3.4754 3.5436 3.9193 3.3570 3.1281 2.7370 2.5767 2.8138 2.6650 1.0649 1.5240 1.6327 -0.9252 
2.3743 2.3982 2.9954 3.2235 4.2083 4.1618 3.0689 2.0366 3.4913 2.5601 3.3761 3.0597 3.4557 3.6974 4.1045 2.9213 3.9127 2.8530 3.9642 3.4699 3.0739 2.6354 2.8245 1.8991 2.7514 1.1662 2.0552 2.9644 2.8473 1.6228 1.0446 -0.1403 -1.2035 
4.7880 4.8057 4.0911 3.9663 3.6451 2.4911 3.7601 3.1615 3.7159 3.7983 2.8077 3.6067 3.7547 3.2357 3.9311 3.6203 3.5447 3.5412 3.7208 2.9802 3.4373 3.1645 2.2620 3.1428 2.9693 2.3051 2.7771 1.3276 2.2648 2.3025 2.0960 2.2539 1.0448 
5.2491 4.7026 3.8410 3.5852 2.5019 3.8708 4.0726 3.9483 4.0112 3.0808 3.3997 3.6487 3.5373 2.8874 3.6943 3.5509 3.5012 3.4770 3.5428 2.6267 3.1908 3.2133 2.8483 2.4429 3.2210 3.0316 3.0265 2.6835 1.1380 1.9299 1.8304 2.1167 1.5455 
4.2773 3.6805 2.3764 2.6028 3.4602 3.8392 2.8759 3.2454 3.0648 3.2007 3.5120 3.9127 3.4814 4.4663 4.0540 3.7883 4.0157 3.6918 3.8760 4.1938 3.1155 3.4642 2.9707 2.5432 2.3287 2.3559 1.8260 2.6443 2.0733 1.0144 0.2188 1.1594 0.4485 
3.4401 4.2827 3.4137 2.9625 3.4135 4.0582 4.1219 3.5696 4.0195 4.1565 3.4961 3.7378 2.9775 2.5786 2.9603 2.8525 3.5813 2.7843 2.8188 2.3318 2.6331 3.3322 2.9462 3.5169 3.2360 2.6985 3.0712 2.8732 1.9673 1.3540 1.3165 1.7529 -0.0038 
2.9247 2.5063 3.4393 3.5927 4.1118 3.9973 3.4246 3.7907 2.4278 3.8330 3.9090 3.7277 2.7796 3.6407 2.6130 3.5733 1.9358 3.4997 2.4361 3.4198 2.3781 3.3161 3.3889 3.1821 1.6661 2.9141 2.3676 2.8012 2.7453 1.9495 1.4345 0.0059 -0.7345 
4.6117 4.7678 4.2027 4.2122 2.9804 3.3834 3.7398 2.3112 4.1101 3.9947 3.4176 3.9338 4.1716 3.5548 3.0798 3.8823 2.9830 3.7779 2.9400 3.3203 3.8299 3.4774 2.8612 3.3349 3.3920 1.3930 2.7481 2.1945 1.6337 2.5590 2.2385 2.2280 0.8210 
4.7964 4.4870 4.0993 4.2108 3.7164 3.4142 4.1081 3.2298 3.7183 3.6533 3.7430 2.2732 3.1389 2.4961 3.6147 3.1911 2.4657 3.0852 3.4643 2.2744 2.8282 1.7872 3.2116 3.0230 2.9669 2.3319 3.0594 2.2327 2.3382 2.5698 2.1418 1.8719 1.1108 
4.3153 2.9501 3.5751 3.5027 3.9660 4.2079 3.6577 3.8012 3.3870 3.2523 3.3413 3.0550 3.5236 3.6457 3.3938 3.0353 3.4120 2.9589 3.1743 3.4225 3.1673 2.6272 2.8095 2.5891 2.5890 2.9189 2.6491 3.0157 2.5287 1.8429 1.6158 0.4590 0.5351 
4.0109 3.6430 2.9591 2.5981 3.9081 4.1421 3.0068 3.8797 3.6672 2.8660 3.6972 3.5332 3.7548 3.5151 3.2290 2.8922 2.3607 2.8247 3.0493 3.2626 3.4375 3.0771 3.1621 2.2304 2.9251 2.9759 2.0043 2.9445 2.4893 1.0276 1.0025 1.0664 0.3253 
3.8751 3.5485 3.7460 2.5325 4.2318 2.8564 1.1886 3.4348 3.1423 3.5481 3.0721 2.8556 2.6262 3.6595 3.1196 1.4243 2.7250 1.3590 2.9551 3.4420 2.2959 2.3918 2.5390 2.9087 2.3914 2.5135 0.1199 1.6412 2.8631 0.9846 1.7756 1.0670 0.0830 
2.9917 4.6427 4.0523 3.5717 4.0849 2.7820 3.0494 3.5766 2.8172 3.3720 3.2664 3.3640 3.7970 3.4927 0.8793 3.6286 2.8126 3.5481 0.7527 3.2286 3.4659 2.8988 2.7421 2.7120 2.0418 2.7143 2.0264 1.6079 2.6996 1.9020 2.0354 2.0770 -1.6556 
4.7751 4.5383 2.8325 3.1217 4.1249 3.6530 3.6215 3.1422 3.3819 2.7476 3.1699 3.6331 3.4945 3.3738 2.9961 2.8072 3.2079 2.7032 2.8457 3.0628 3.1228 3.1922 2.6500 2.0833 2.5758 2.2850 2.5929 2.4573 2.7664 1.5227 0.7319 1.9117 1.1189 
3.6566 4.0097 2.8068 2.2332 3.1087 3.4651 2.5647 3.2982 2.5440 3.6504 2.3874 1.1196 3.0487 3.0178 3.6068 2.2355 2.7410 2.1766 3.4569 2.8056 2.7358 0.6598 1.8318 3.0116 1.8098 2.3961 1.5876 2.2675 1.7382 0.6023 0.8795 1.4492 -0.2747 
4.4904 4.4374 3.8994 2.7857 3.7069 2.4120 2.9370 3.4675 3.6901 3.7061 3.1446 2.8461 3.2156 3.0327 2.8242 3.1761 2.4252 3.0791 2.6282 2.8094 2.8780 2.3884 2.6042 3.0591 2.9500 2.5660 1.9075 1.1849 2.3322 1.1360 1.8716 1.8568 0.7948 
4.6618 3.4676 3.5252 3.6116 3.4828 3.7816 3.6387 3.0283 3.6920 3.0574 2.5865 -0.6897 2.4008 2.5207 1.7238 2.3000 2.2829 2.2303 1.5659 2.2829 2.0750 -1.0842 2.0623 2.4189 2.9499 2.1847 2.6114 2.5857 2.0875 1.9599 1.5284 0.7581 0.8750 
3.0795 4.4720 4.0199 3.1804 3.4640 2.9479 3.4957 3.5487 2.4885 2.9362 2.4236 3.2433 2.7276 3.3522 2.6596 2.0934 0.5992 1.9883 2.4605 3.0529 2.3572 2.8242 1.8782 2.2968 1.7645 2.6762 2.4528 1.7470 2.0624 1.5610 1.9935 1.8953 -0.5894 
4.5349 4.6145 3.5335 3.9251 3.3929 4.0690 3.6296 3.0563 2.9792 3.3140 3.3725 2.8218 2.8643 2.6469 1.8811 1.6077 2.3066 1.5201 1.7317 2.3766 2.4839 2.3486 2.8233 2.6604 2.2422 2.2221 2.6004 2.8762 1.9503 2.2662 1.5994 1.9987 0.7914 
4.0285 3.3923 3.6006 3.4665 3.9942 3.8599 4.0836 2.4740 2.8128 2.9479 2.9359 2.5653 2.1625 1.7265 -0.1119 2.0631 2.4599 1.9594 -0.2649 1.4763 1.7786 2.1650 2.3919 2.3078 2.0259 1.6208 3.0391 2.6686 2.5604 1.8010 1.6553 0.8533 0.2928 
4.4951 3.7599 3.1729 3.4536 4.0976 3.9065 2.4544 3.1206 3.2375 2.7296 3.2736 3.4172 3.4073 2.7163 2.6986 2.1985 2.3701 2.0793 2.4949 2.4287 3.0198 2.9467 2.7583 2.0771 2.4585 2.2700 1.4275 2.7093 2.7242 1.7994 1.1842 1.1853 0.8156 
4.5744 3.3056 3.2707 3.3467 3.4865 3.4158 3.1048 3.0366 2.3487 1.9716 2.8399 2.8741 2.3502 2.9771 2.4604 2.2156 1.7347 2.1245 2.3056 2.7539 2.0025 2.4150 2.2892 1.3372 1.6117 2.1943 2.1297 2.2248 2.0940 1.6957 1.2559 0.6235 0.7608 
2.8053 3.9455 3.6156 1.8098 3.8346 3.5680 3.5132 3.2108 2.9143 3.1968 2.5895 2.7440 2.8241 2.4582 2.2405 2.0328 1.3569 1.9291 2.0563 2.2360 2.4424 2.2872 2.0650 2.5456 2.1823 2.3220 2.4641 2.3747 2.4370 0.1278 1.6369 1.3440 -0.4581 
5.1125 4.7629 3.9605 3.5492 4.4028 3.3783 3.6582 3.6470 2.5097 1.5874 2.2144 2.7114 2.5754 2.5052 2.6397 2.0122 1.1248 1.9091 2.4535 2.2799 2.2525 2.2687 1.6669 0.9604 1.7689 2.7986 2.6628 2.1459 3.0091 1.8972 1.9433 2.2144 1.4219 
3.9171 3.5068 3.1797 2.3283 3.9924 3.7694 4.0848 3.0458 2.5444 2.8640 2.3198 2.7126 2.8448 2.4945 1.0473 3.0495 2.5299 2.9699 0.9032 2.2680 2.4604 2.2654 1.7794 2.2306 1.7852 2.1936 3.0439 2.5754 2.5581 0.6790 1.1667 0.9683 0.2761 
3.5790 3.9660 2.9187 3.5192 4.4569 4.0049 3.8479 3.1314 2.4539 2.5809 2.0131 1.9204 2.3813 1.6601 2.3786 1.3598 1.0834 1.2606 2.2369 1.3783 2.0478 1.5110 1.4946 1.9342 1.7151 2.2694 2.8363 2.8057 3.0496 1.8662 0.9492 1.3571 0.0703 
4.3557 4.0051 3.4295 2.3498 3.7637 3.3426 3.4366 3.0503 2.9259 2.1843 2.2242 1.7598 1.8825 2.3844 1.7412 2.1497 0.4345 2.0403 1.6065 2.1627 1.5891 1.3119 1.6645 1.5052 2.1970 2.2092 2.3898 2.1306 2.3786 0.6661 1.4377 1.3808 0.7107 
4.1585 4.0461 3.7746 3.8212 4.5950 4.1455 3.6509 3.0521 2.8221 2.7533 3.0580 2.4602 2.2699 3.0392 2.4893 2.7474 3.1959 2.6401 2.3354 2.8172 1.8878 2.0340 2.5188 2.0860 2.0314 2.2066 2.6345 2.9449 3.1597 2.2242 1.7709 1.4438 0.2972 
4.3013 3.6951 3.4322 3.6384 3.7837 3.7137 4.1113 3.5820 3.1090 2.7961 2.9033 2.2544 2.8257 2.5432 2.4573 2.2684 2.6706 2.2063 2.3062 2.3041 2.4473 1.7879 2.3544 2.1410 2.3589 2.7173 3.0611 2.5283 2.3922 1.9976 1.4358 1.1090 0.6562 
4.5950 3.5248 3.4988 3.4768 4.3970 4.2163 3.8465 3.9325 3.6086 3.4979 2.7142 2.3543 2.4125 1.9595 2.8173 2.0389 2.2098 1.9419 2.6196 1.7127 2.0748 1.9023 2.1983 2.8595 2.8677 3.0176 2.8338 3.0203 3.0053 1.8315 1.5083 0.8805 0.8162 
2.8331 3.1127 3.9115 2.5754 4.2523 4.1895 3.2960 2.4854 2.3378 3.0120 2.6723 2.8367 2.6066 2.9043 2.3586 2.2765 2.7929 2.2142 2.2180 2.6477 2.2738 2.3718 2.1485 2.3688 1.6139 1.6431 2.2615 2.9918 2.8893 1.0352 1.8952 0.6220 -1.1574 
3.8414 3.3675 3.0897 3.4026 3.5983 3.3525 3.5718 3.0620 2.7839 2.9013 2.1109 2.5853 2.1582 2.2791 2.4605 2.0963 2.1344 1.9886 2.3150 2.0149 1.7757 2.1803 1.5964 2.2592 1.9817 2.2206 2.5364 2.1655 2.2341 1.7394 1.1344 0.7360 0.2598 
3.9112 4.2316 3.6262 4.0322 4.1495 4.0636 3.4810 3.0544 2.6266 3.0494 3.3923 2.8430 2.0556 1.7464 2.1200 2.0458 2.7993 1.9471 1.9130 1.5054 1.7033 2.3724 2.8356 2.4116 1.8549 2.2092 2.4308 2.8699 2.7958 2.3769 1.6672 1.7027 0.2759 
4.9175 4.8958 4.3936 3.6975 4.2401 3.3543 3.8422 3.5709 3.5938 2.8646 2.7847 2.9977 2.2697 2.5950 2.5741 2.3424 2.5364 2.2679 2.4085 2.3416 1.8903 2.5501 2.2350 2.2245 2.8555 2.7002 2.8347 2.1697 2.8675 2.0890 2.3942 2.3349 1.1463 
2.8940 4.4418 3.5197 3.1183 2.9854 2.6445 3.2185 2.6453 1.3467 2.7023 1.8509 1.6069 2.8576 2.7035 1.1368 1.0741 1.4020 1.0016 1.0080 2.4192 2.4788 1.1189 1.2978 2.0410 0.6078 1.7512 2.2196 1.4686 1.6367 1.4835 1.5435 1.8692 -0.4674 
4.1856 3.8545 2.9042 2.4835 2.1070 3.4507 3.8767 3.3615 2.8778 3.1295 1.6240 2.5606 2.7330 2.1320 2.9323 2.8290 -0.1421 2.7429 2.8003 1.8470 2.3564 2.1659 1.0554 2.4801 2.1362 2.4316 2.8539 2.2609 0.7598 0.8066 0.8555 1.2660 0.6014 
4.4409 4.7680 4.2532 3.9729 3.6452 3.0281 2.9684 3.0475 2.8055 2.1450 2.7589 2.8230 1.9618 2.0203 2.5287 2.1018 1.4061 1.9879 2.3717 1.7688 1.6476 2.3468 2.2226 1.4516 2.0095 2.1973 1.9515 1.8304 2.2627 2.2972 2.2887 2.2323 0.7101 
3.2718 4.5123 4.0389 2.8620 3.4936 3.7578 3.9365 3.3770 3.4872 3.3357 2.7031 2.7285 2.7794 2.9341 3.0426 3.4563 3.1143 3.3940 2.8895 2.6895 2.3918 2.2757 2.1752 2.6737 2.7446 2.4492 2.8870 2.5724 2.1210 1.1610 2.0155 1.9172 -0.8976 
4.5477 4.4444 3.5204 3.5716 3.6530 3.4169 3.6749 2.3868 2.8240 2.5135 2.1210 2.8253 1.5322 2.5557 2.8243 2.4600 -0.5396 2.3846 2.6294 2.3136 1.1623 2.3554 1.5928 1.8643 2.0427 1.5220 2.6745 2.2302 2.2780 1.9175 1.5254 1.8555 0.9520 
3.1817 4.0396 3.1629 3.7553 4.0272 3.9293 3.6852 3.1643 3.8173 3.6111 3.5058 2.5070 3.1139 2.9720 2.8610 1.9972 1.9829 1.8915 2.6902 2.7423 2.8138 2.0996 2.9580 2.9670 3.0511 2.2967 2.6913 2.7341 2.6063 2.1612 1.1190 1.4409 -1.7241 
3.3904 3.8142 3.5527 3.6897 4.0327 3.5008 3.8962 3.9861 3.4720 1.9695 2.3806 2.4637 2.3748 2.5920 2.3337 3.1583 2.8941 3.0628 2.2042 2.3374 2.0353 2.0487 1.8407 1.3192 2.7175 3.0508 2.8662 2.3052 2.6180 2.0836 1.5977 1.2593 -0.1664 
5.0059 4.2638 3.2933 2.2452 3.5567 2.8889 3.0848 2.9300 2.4410 2.5994 3.1266 1.7930 1.4808 2.3686 1.7691 2.0737 1.6791 1.9713 1.6290 2.1391 1.1219 1.3383 2.5961 1.9498 1.6911 2.0522 2.0856 1.6933 2.2034 0.5678 1.2618 1.7038 1.3139 
4.7064 4.2087 3.5473 3.8763 4.6603 4.1327 3.1296 3.3421 2.7691 3.0291 2.9294 2.6120 3.0340 2.5429 1.8050 2.3839 2.1384 2.3091 1.6555 2.3037 2.7107 2.2023 2.3865 2.3797 1.9740 2.4216 2.1378 2.9320 3.2657 2.2524 1.6195 1.6453 1.0779 
2.2926 2.5199 2.2991 2.3436 3.3510 3.0637 3.7594 2.5180 3.6116 2.9625 2.3722 2.4304 2.6012 1.4807 1.6375 2.8148 2.6800 2.7249 1.4326 1.1820 2.2687 1.9868 1.8371 2.3166 2.8692 1.6699 2.7769 1.8941 1.9235 0.7601 0.4195 0.0783 -2.3317 
4.6116 4.1815 4.1198 4.2476 3.8106 3.9122 1.9064 2.7351 3.1595 2.3181 2.4509 2.3072 1.8641 2.3565 1.4715 2.4054 2.4703 2.3286 1.2841 2.1248 1.5619 1.8518 1.9022 1.6859 2.4040 1.8200 0.9446 2.7130 2.4112 2.6091 2.1871 1.6546 0.9774 
4.6878 4.2552 3.6549 3.5325 2.6040 3.4361 3.4228 2.3906 2.8761 3.1619 3.0481 2.5879 1.8173 1.8663 1.8731 1.2211 1.1674 1.1462 1.7267 1.6480 1.4882 2.1910 2.4941 2.5122 2.1162 1.5149 2.3747 2.2404 1.2008 1.8596 1.6924 1.6983 1.0671 
4.1580 3.8092 2.4940 2.9688 3.4248 4.0080 4.1358 3.4941 3.6609 3.4098 2.7854 0.4887 2.3224 2.7653 2.9677 2.9052 3.0077 2.8381 2.8270 2.4620 1.9569 -0.0320 2.2355 2.7591 2.9246 2.6030 3.0896 2.8153 1.9933 1.3207 0.5576 1.2792 0.4006 
3.3086 4.5736 4.0674 3.5054 2.9318 2.4109 3.5118 3.7705 3.4580 3.3846 2.9105 1.5574 2.9956 3.3581 2.8128 2.4535 1.2872 2.3769 2.6034 3.0552 2.6662 1.0929 2.3597 2.7224 2.6949 2.9007 2.4650 1.2357 1.5951 1.8403 2.0676 1.9593 -1.2793 
4.0363 4.1325 3.4843 3.5875 3.7384 3.6004 2.8864 2.8962 2.3051 2.5364 3.0667 2.5206 2.7662 2.7180 2.9186 1.8626 0.0643 1.7826 2.7813 2.4348 2.3833 2.1114 2.5356 1.8836 1.5628 2.0050 1.8354 2.4091 2.3558 1.9377 1.5025 1.6011 0.3299 
4.8405 4.6923 3.6765 3.6577 3.6579 4.0987 4.1337 3.7699 3.3504 2.9936 2.2527 2.6544 2.3782 1.2210 2.1482 2.3440 1.4179 2.2706 1.9391 1.0073 2.0345 2.2318 1.7031 2.3489 2.5479 2.8950 3.0848 2.9079 2.2976 2.0315 1.7287 2.1292 1.1770 
4.6923 4.1360 3.4112 3.1116 4.0744 3.3513 3.3428 2.6795 2.2740 2.4184 2.1372 2.3032 2.4375 2.1260 2.3514 1.7164 2.4091 1.6600 2.2145 1.8470 2.1118 1.8516 1.5979 1.7785 1.5552 1.7871 2.2938 2.1512 2.6840 1.5254 1.3845 1.6242 1.0424 
4.8175 3.5398 3.7289 3.6366 3.9125 4.1178 4.0964 4.0254 3.5407 1.4690 2.4543 2.8983 2.2735 1.9798 2.2736 2.1924 2.2590 2.0861 2.1061 1.7348 1.8938 2.4455 1.9205 0.8635 2.8087 3.0983 3.0532 2.9258 2.4823 1.9815 1.7281 0.8802 1.0510 
4.9676 4.2442 3.5141 3.0127 3.9933 3.2381 3.8497 4.0100 4.0579 3.1953 2.6712 2.9311 2.2857 1.7077 2.4516 2.8411 -0.1718 2.7643 2.3037 1.4423 1.9041 2.4655 2.1444 2.5307 3.2983 3.0789 2.8412 2.0606 2.5531 1.4357 1.5509 1.6743 1.2885 
4.7212 4.0485 2.7090 3.4270 3.8811 3.5607 2.9444 2.8524 3.1106 3.1019 1.9990 2.4245 1.6435 2.2975 2.5276 1.9822 1.9429 1.8829 2.3678 2.0378 1.2629 1.9820 1.4722 2.4591 2.3648 1.9315 1.8969 2.3676 2.4598 1.7680 0.6545 1.4361 1.0552 
3.4651 2.2062 3.3353 3.3929 2.0519 3.6254 2.3406 3.4569 3.4109 2.9750 2.2750 2.3625 3.0065 2.7480 2.3929 0.7946 2.7656 0.7508 2.2482 2.4526 2.6764 1.9083 1.7269 2.3311 2.6191 2.5454 1.2922 2.4309 0.7097 1.7108 1.3387 -0.2235 -0.4269 
3.7031 4.6464 4.0690 2.1391 4.1195 3.6015 3.0481 3.4428 3.6024 2.5580 2.6267 2.3495 2.4492 2.3865 2.0294 1.1915 0.4878 1.0976 1.8422 2.1726 2.1260 1.8820 2.1126 1.8834 2.8634 2.5301 2.0293 2.3988 2.7557 0.5664 2.0451 2.0684 -0.6510 
4.6675 4.5806 3.8065 3.0527 4.0044 2.9285 3.2892 3.6994 3.1340 3.4185 3.3545 2.7747 2.2642 2.6572 2.3228 1.0249 1.6457 0.9464 2.1875 2.3857 1.8875 2.3010 2.8133 2.7841 2.3782 2.8493 2.2659 1.7159 2.5773 1.3903 1.7938 1.9934 1.0574 
4.0718 4.6219 2.1959 3.8213 4.1193 3.8255 3.2273 2.5757 2.9977 2.3118 3.1842 2.5938 2.7016 2.5377 1.8810 2.1009 1.4288 1.9967 1.7290 2.2956 2.3421 2.1897 2.6588 1.6888 2.2619 1.7014 2.2243 2.6259 2.7530 2.2203 0.3254 2.0366 0.5999 
4.4315 2.5766 3.6471 3.8024 3.5757 3.3591 1.8797 3.4036 3.2905 2.4555 2.5434 1.2279 2.2432 2.0194 2.3822 2.4375 2.0718 2.3551 2.2387 1.7652 1.8601 0.7954 2.0146 1.8113 2.4938 2.4687 0.8387 2.1649 2.2164 2.2006 1.6843 0.2086 0.6887 
2.5299 4.6737 3.6081 2.9809 3.4354 3.4173 3.6215 2.7722 3.0861 2.8954 2.9082 2.6333 1.3259 1.7737 2.2268 2.2751 0.6553 2.2084 2.0335 1.5513 1.0212 2.2164 2.3603 2.2588 2.3467 1.8447 2.5930 2.2254 2.0318 1.3163 1.6056 2.1342 -1.8566 
1.9552 3.5489 3.1664 3.8313 4.3004 3.4651 3.4331 2.8602 3.2614 2.3017 2.9609 3.3076 2.6465 2.1367 1.3758 2.1068 1.0913 2.0036 1.1997 1.8517 2.2986 2.8615 2.4212 1.6600 2.4714 1.9539 2.3773 2.2651 2.9250 2.2264 1.2075 1.0142 -1.4115 
4.0599 4.6615 3.7294 3.5405 3.6246 4.4717 4.2249 3.7184 3.4530 2.0495 2.4514 2.6256 2.8622 2.1775 2.6990 1.9315 1.4283 1.8479 2.4943 1.8680 2.4771 2.2188 1.8994 1.3852 2.6825 2.8619 3.1945 3.2851 2.2595 1.8713 1.7478 2.1070 0.3700 
4.4127 5.0281 4.2401 3.8482 4.3914 3.6578 3.4322 3.1304 3.6280 3.2128 2.6157 2.2865 1.6537 1.0690 2.0250 1.7632 1.9275 1.6863 1.8493 0.7673 1.2779 1.8255 2.0885 2.5556 2.8833 2.2749 2.3741 2.4605 2.9978 2.2330 2.2501 2.4506 0.5220 
5.4563 5.2336 4.5596 4.0214 2.9646 4.3340 3.8308 3.0090 3.5688 3.2622 2.9938 2.9745 2.3627 3.0505 2.9707 3.0941 2.7114 3.0224 2.8278 2.8306 2.0131 2.5227 2.4499 2.6060 2.8351 2.1864 2.8222 3.1439 1.6299 2.3504 2.5104 2.6303 1.7365 
2.1782 4.1717 3.7336 3.6797 3.9457 3.3552 2.8342 3.6292 3.1147 2.6024 3.0451 3.1392 2.6658 1.8441 1.2885 1.3158 1.0068 1.2408 1.1392 1.6178 2.3115 2.7352 2.4923 1.9573 2.3741 2.7841 1.7915 2.1496 2.5115 2.0665 1.7376 1.6368 -0.6707 
