5.4812 3.5554 3.3112 2.5328 3.5280 0.7700 1.9247 1.7336 1.6431 0.5530 1.0296 2.5667 2.4198 2.3310 1.6943 1.5850 -0.4558 1.5221 1.5503 2.0846 2.0895 2.1609 0.5087 -0.0495 0.8538 0.8856 0.9368 -0.3404 2.1482 0.8737 1.2200 0.7575 1.6572 
2.7709 3.2087 3.2579 3.0952 3.1611 3.2176 3.1727 3.2589 2.8936 2.4321 1.8632 2.3299 2.5265 3.0635 1.9925 1.9617 -1.7520 1.8578 1.8034 2.8369 2.1974 1.8711 1.3239 1.7882 2.1459 2.3348 2.1662 1.9910 1.7353 1.4507 1.1952 0.5721 -1.3744 
3.4544 3.9549 3.0636 2.7784 0.4967 3.1370 3.1798 3.0728 2.9659 2.3884 2.5026 1.9557 2.9110 3.2211 2.5109 2.1873 2.5179 2.1010 2.3450 2.9508 2.5491 1.5469 1.9559 1.7301 2.2103 2.2049 2.1668 1.9164 -0.8149 1.0546 1.0167 1.2826 -0.1149 
3.2769 4.6165 3.6433 3.0457 3.1517 3.1078 2.5870 3.0760 2.9201 1.2384 1.9852 1.7977 2.6571 2.9864 2.9314 2.3682 2.3034 2.2965 2.7865 2.7700 2.2962 1.3527 1.4653 0.6139 2.1663 2.2075 1.5810 1.8745 1.7431 1.3753 1.6305 1.9878 -0.9566 
4.0916 4.0869 3.4975 2.6198 3.7242 3.5629 3.8042 3.5479 3.0536 2.8154 2.6491 1.8539 2.4172 2.4066 2.3255 2.2255 1.8755 2.1593 2.1845 2.1786 2.0951 1.4283 2.1077 2.1685 2.2962 2.6495 2.7866 2.3339 2.3169 0.9644 1.4779 1.4475 0.2399 
5.4864 4.6990 2.9853 3.2027 2.8552 3.1193 2.9718 2.1944 1.1146 2.2516 2.1176 2.4404 2.5258 1.7487 2.2562 1.8974 1.2644 1.8098 2.1023 1.5220 2.2008 2.0212 1.5621 1.6039 0.3804 1.2389 1.9133 1.8949 1.4374 1.5537 0.9521 2.0227 1.7052 
5.1035 4.4679 3.7605 3.8344 2.9285 2.0066 2.8563 3.3803 2.5131 2.7412 2.3613 2.3371 3.1983 2.3430 2.3151 1.4832 2.6443 1.3898 2.1722 2.1134 2.8542 1.8832 1.8044 2.0669 1.7358 2.4201 1.7958 0.7593 1.5376 2.1761 1.7238 1.7830 1.2756 
5.2404 4.9539 4.2057 3.7730 3.3959 2.8757 3.3658 3.6198 3.3240 3.1356 2.8748 3.4240 2.4019 3.2125 3.1047 3.3528 2.8506 3.2398 2.9435 2.9467 2.0646 2.9426 2.3177 2.4684 2.4997 2.7575 2.2875 1.6463 1.9223 2.1292 2.1963 2.3191 1.4381 
5.2764 3.8320 3.3847 2.4348 1.6610 2.3073 3.4253 3.0499 3.4658 2.6413 2.2110 1.9904 2.4168 1.2974 1.4337 1.5614 1.4380 1.4560 1.2199 1.0475 2.0855 1.5722 1.6439 1.9601 2.7012 2.1916 2.3401 1.1158 0.2826 0.8098 1.3024 1.0675 1.4357 
5.3487 5.2240 4.6391 4.2460 4.0047 2.9864 3.8998 3.6853 3.4313 3.0441 2.8852 3.3803 3.2213 3.5794 3.1453 2.2589 2.4750 2.1940 2.9706 3.3549 2.8683 2.8921 2.3285 2.3982 2.6335 2.8189 2.8452 1.7312 2.5315 2.5598 2.5620 2.5301 1.5586 
5.4235 4.5219 3.7957 3.3233 2.6007 3.5482 2.2803 2.8088 3.2113 2.1897 2.2952 3.0907 1.5515 2.5940 -0.2850 2.1823 1.2425 2.0848 -0.4023 2.3246 1.1400 2.6696 1.7415 1.5377 2.4194 1.8638 1.2116 2.3243 1.1909 1.6215 1.7499 1.8020 1.6246 
5.4357 4.1374 3.0524 3.1155 2.5187 3.6725 2.7367 2.8957 3.1964 2.8334 2.5537 2.9574 2.1575 2.2319 2.0748 2.4700 1.2404 2.3917 1.8664 1.9529 1.7521 2.4963 2.0191 2.1873 2.4130 1.9904 1.6487 2.4515 1.0885 1.4616 1.0170 1.4159 1.6329 
4.6967 4.3572 3.8511 4.0524 4.0484 3.4508 2.9936 2.8898 2.9286 2.5984 2.4327 2.5970 1.1664 0.0217 2.1132 2.8825 3.0149 2.8165 1.8920 -0.1765 0.8175 2.1735 1.8894 1.9210 2.1858 1.9730 1.9465 2.2247 2.6048 2.3465 1.7953 1.7005 0.8151 
5.3392 3.6846 3.1602 3.0908 3.6541 3.0253 3.4481 3.6082 3.4147 1.6818 3.2582 3.0308 3.2538 2.2374 2.3084 2.4378 1.4111 2.3686 2.1681 1.9443 2.8894 2.5870 2.7256 1.0293 2.6074 2.7394 2.3737 1.8000 2.2558 1.4668 1.1330 1.0615 1.5597 
4.1760 4.1186 3.2554 3.4081 3.8709 3.3589 3.6492 4.0592 2.5726 2.8132 2.9676 3.6138 3.2220 2.3541 2.8262 3.3752 2.6928 3.2611 2.6480 2.1424 2.8651 3.1617 2.4210 2.1610 1.7643 3.1261 2.6218 2.1235 2.4218 1.7017 1.1825 1.5185 0.4776 
5.1367 4.7678 4.0046 4.0820 3.2149 3.5881 3.0179 3.6797 3.5338 2.2072 2.1626 2.1148 2.7466 2.5645 2.4488 1.8206 3.0097 1.7611 2.2938 2.3046 2.3551 1.6330 1.6013 1.5499 2.7850 2.8145 1.9626 2.3694 1.7712 2.3803 1.9341 2.1575 1.3291 
5.3476 4.3823 3.5266 3.2251 4.0411 3.4506 4.0172 2.4974 1.6339 2.8031 1.2013 2.9767 2.8596 2.5399 2.5062 2.9878 1.8650 2.9069 2.3446 2.2840 2.4748 2.5211 0.6209 2.1564 0.8858 1.6103 2.9296 2.2316 2.5929 1.5775 1.5024 1.6906 1.5645 
2.7750 2.9865 2.8045 1.8812 3.8403 3.6795 3.4561 1.6676 2.8941 2.3970 0.8777 2.8175 2.7596 2.3661 0.3337 1.7947 1.9648 1.7117 0.1134 2.1493 2.3544 2.3440 0.3489 1.7304 2.1550 0.7587 2.3784 2.4539 2.4099 0.2976 0.7230 0.3841 -1.3809 
2.8200 4.1328 3.4497 3.2445 3.3166 3.6795 2.8788 1.8054 1.7392 0.9650 3.3553 2.3292 2.7819 3.1460 2.1672 2.7900 1.7519 2.6920 1.9496 2.8939 2.3893 1.8532 2.7977 0.3362 0.9907 0.9252 1.8069 2.4556 1.8526 1.5845 1.4068 1.5513 -0.7034 
2.1789 3.1860 1.7793 3.0234 2.9571 2.3691 2.7243 2.6990 2.1184 2.7514 2.1751 3.0625 2.8149 2.8810 2.8033 2.7254 1.8773 2.6111 2.6045 2.6146 2.4233 2.6392 1.6120 2.0733 1.2901 1.7606 1.6546 1.1370 1.5639 1.3426 -0.3791 0.5824 -2.1023 
3.9972 4.2397 3.4281 3.6393 3.6227 2.8178 2.9449 2.7277 2.9095 2.5683 2.3212 2.2116 2.2275 2.8528 2.7962 2.2607 2.6471 2.1932 2.5920 2.5766 1.8354 1.7291 1.7601 1.8891 2.1686 1.7859 1.8819 1.5996 2.2162 1.9494 1.3234 1.6093 -0.1325 
4.7531 3.3874 2.7830 2.6110 3.7044 3.1410 2.5988 3.4548 3.2739 1.7962 2.1106 2.2673 2.1992 2.0763 2.7984 1.6855 1.4124 1.6046 2.5961 1.7961 1.8080 1.8038 1.5668 1.1426 2.4602 2.5290 1.5712 1.9153 2.2952 0.9392 0.6481 0.5425 0.9326 
4.6192 3.5683 2.6548 2.8704 4.0110 3.6130 3.0479 2.2103 3.3318 3.4173 2.4714 2.9213 2.9911 1.9174 2.0736 1.3140 2.0339 1.2218 1.8542 1.6691 2.6507 2.4479 1.9251 2.7698 2.5157 1.2664 2.0245 2.3827 2.5453 1.2093 0.5876 1.0123 0.7855 
4.3243 4.6354 3.8404 3.8432 3.2294 3.7518 3.2786 3.4183 3.1658 3.4542 3.0154 2.6447 2.6494 3.2101 1.9745 1.9773 1.3156 1.8766 1.8003 2.9396 2.2891 2.1990 2.4421 2.8060 2.3875 2.4618 2.2281 2.5314 1.7926 2.1835 1.7876 1.9947 0.6646 
5.1416 4.7930 4.2674 3.8957 3.3973 3.4843 3.7462 3.3901 3.2870 1.2691 2.2784 2.6908 2.2893 3.2194 1.7032 2.5319 3.0809 2.4398 1.5588 2.9483 1.9371 2.2315 1.7190 0.6319 2.4711 2.4268 2.7360 2.2643 1.9234 2.2080 2.2510 2.1745 1.2769 
5.4832 4.7646 4.1666 4.1657 3.4707 2.1907 2.9531 3.2220 3.5212 2.4172 3.4503 2.9721 3.2335 3.0324 2.3133 2.3269 3.3190 2.2546 2.1715 2.8041 2.8767 2.5116 2.8848 1.7511 2.7751 2.3078 1.8878 0.9557 2.0388 2.4648 2.1450 2.1076 1.6449 
4.9394 4.7453 4.0418 3.7103 3.4052 3.5790 3.9791 3.5016 2.9356 3.0518 2.9877 2.9497 3.1091 2.9815 2.9802 2.4795 0.1537 2.3995 2.8272 2.7657 2.7944 2.4833 2.4292 2.3966 2.1950 2.5777 2.8924 2.3627 1.9678 2.0567 2.0027 2.1403 1.2128 
5.8469 5.2515 4.1973 3.8083 3.7535 3.4843 2.8232 2.9108 2.5560 2.4587 2.2155 2.7764 2.2757 2.6869 2.1929 2.3924 2.8288 2.3145 1.9896 2.3970 1.9040 2.2879 1.6537 1.8038 1.7720 1.9991 1.7458 2.2532 2.3355 2.1649 2.1816 2.5562 2.0480 
5.8300 4.8022 3.9431 3.3231 2.8317 2.9231 3.0935 3.4689 3.7263 3.2069 2.5117 2.2742 1.9901 3.2093 2.9248 2.9549 1.4589 2.8774 2.7841 2.9429 1.6457 1.8098 1.9615 2.5340 2.9580 2.5428 2.0759 1.7107 1.3980 1.6255 1.8492 2.1503 1.9896 
2.6228 3.6126 3.5306 3.4140 3.7414 2.1851 2.9940 2.2290 3.4306 3.4318 2.9721 3.0129 2.4709 2.8501 2.1657 2.8326 1.0716 2.7693 1.9533 2.5689 2.1666 2.5574 2.4124 2.7832 2.6407 1.3199 1.9412 0.9492 2.3240 1.7124 1.5213 1.0141 -0.8799 
2.6100 4.2313 3.1511 3.3288 3.4634 3.6568 3.6401 1.3356 2.7345 2.3840 2.8342 1.8103 3.0678 3.1799 2.5005 2.7724 2.2237 2.6591 2.3342 2.9199 2.7741 1.3514 2.2743 1.7096 1.9195 0.5246 2.5865 2.4422 2.0529 1.6339 1.0422 1.6430 -1.7648 
4.3250 5.1165 4.1297 3.6860 3.3350 3.5574 3.3712 2.9239 1.7010 2.7455 2.2435 2.8221 2.4708 2.8072 0.1467 2.1322 2.7129 2.0202 -0.0951 2.4993 2.1768 2.3405 1.6728 2.0691 0.9978 2.0107 2.2793 2.3347 1.8666 2.0425 2.1218 2.4708 0.8461 
5.8310 5.2300 4.1761 3.8135 2.9600 3.6494 3.4382 2.9863 3.1017 2.9150 2.2158 3.4090 2.4176 2.8441 2.7472 2.4174 2.6362 2.3393 2.5215 2.5643 2.0764 2.9267 1.6537 2.2613 2.3365 2.1083 2.3596 2.4280 1.5584 2.1660 2.1637 2.5142 1.9915 
3.6465 4.1296 3.2259 0.6778 3.3552 3.1280 1.2530 2.3899 2.8303 2.5630 1.1407 2.4750 2.6830 2.8942 2.9969 3.0271 2.5874 2.9434 2.8439 2.6381 2.3062 2.0562 0.5551 1.8913 2.0579 1.5090 0.2012 1.8977 1.8858 -1.0180 1.1375 1.5481 -0.0545 
4.0948 4.6935 4.3236 3.6769 3.9219 2.8927 3.4874 3.6770 3.1716 2.7944 1.8164 1.7236 2.8595 3.1689 3.0098 2.9509 2.6378 2.8736 2.8541 2.9115 2.4784 1.2566 1.2627 2.1325 2.3930 2.8104 2.4197 1.6553 2.4515 2.0046 2.2862 2.0631 -0.0895 
4.2726 4.1007 3.6177 3.2624 4.0241 3.4272 2.6311 2.8095 3.0434 3.0085 2.7738 2.0693 2.5197 2.5088 1.4595 2.2254 2.1832 2.1603 1.2496 2.2623 2.2020 1.6126 2.1991 2.3498 2.2842 1.8670 1.5856 2.1996 2.5663 1.5985 1.5918 1.4637 0.4171 
4.9014 4.0040 3.3960 2.5807 3.2409 3.3622 3.0277 3.2677 2.9563 0.7995 2.9944 2.6376 2.0509 2.7593 1.6249 2.8094 -0.2395 2.7265 1.4695 2.4349 1.6889 2.1959 2.4302 0.0582 2.2012 2.3448 1.9730 2.1451 1.8025 0.9384 1.3162 1.2606 1.1283 
4.1508 3.0841 2.3333 3.0432 3.0324 2.2896 1.9600 2.9779 2.6702 2.3595 1.6173 2.8447 2.9673 3.1004 2.4213 2.8498 2.4663 2.7844 2.2650 2.8608 2.6226 2.3742 1.0685 1.7009 1.8536 2.1045 0.9499 1.0607 1.6275 1.3815 0.3609 0.5196 0.3887 
4.9321 4.1946 2.9960 2.2458 2.8261 3.2290 3.6487 2.8972 2.6120 3.1853 2.6884 2.2522 2.5916 3.0448 2.5176 2.1597 2.1122 2.0463 2.3471 2.8221 2.2477 1.7827 2.1500 2.5161 1.8116 1.9870 2.6112 2.0155 1.3972 0.5467 0.9849 1.5800 1.1778 
5.4605 5.0643 4.2960 4.1023 2.3622 3.0412 3.0003 2.1996 3.0700 2.5058 2.6993 2.5680 2.0454 2.4215 1.8920 2.8606 1.9631 2.7930 1.7066 2.1896 1.6819 2.1517 2.1647 1.8359 2.3080 1.2791 1.9398 1.8149 0.9759 2.4020 2.2710 2.4047 1.6964 
2.6128 3.9118 3.1147 3.2941 2.8196 2.7805 3.2644 2.9785 3.4532 2.9343 2.6192 2.5619 2.8108 3.2380 2.8677 2.7284 3.0754 2.6154 2.7100 2.9624 2.4216 2.1589 2.0788 2.2757 2.6768 2.1167 2.2151 1.5508 1.3922 1.6028 1.0771 1.2517 -1.7113 
4.7698 3.5351 3.0522 2.8811 3.5600 3.1067 3.4041 2.3371 1.6546 2.2043 2.8709 2.7821 2.2600 2.7566 0.3936 2.4990 3.1169 2.4202 0.2010 2.4340 1.8723 2.2952 2.3107 1.5604 0.8819 1.4535 2.3160 1.8985 2.1689 1.2001 1.0428 0.8499 0.9837 
4.9979 4.2689 2.8204 3.2257 2.9321 3.4694 3.3816 2.7014 3.1406 2.4142 2.7418 2.3070 2.1753 2.4322 2.7828 1.8909 -0.4804 1.8057 2.5689 2.2114 1.7814 1.8335 2.1841 1.7478 2.3680 1.7630 2.2868 2.2472 1.5582 1.5615 0.7763 1.6496 1.2466 
4.6571 4.2068 3.7676 3.0001 3.7143 3.8283 3.6312 3.0430 2.0960 2.9428 2.2074 2.7425 2.9255 2.9397 0.3790 2.8228 1.5659 2.7519 0.0547 2.7035 2.5652 2.2692 1.6350 2.2905 1.2625 2.1792 2.5894 2.5969 2.3073 1.3535 1.7490 1.6481 0.8391 
4.0107 3.9210 3.3932 3.0139 2.8995 2.8860 2.0659 2.9654 2.4047 1.6686 2.3806 1.5888 1.2850 2.8275 2.2254 2.3590 2.7057 2.2859 2.0401 2.5391 0.9866 1.1065 1.8198 1.0289 1.6322 2.0936 1.0054 1.6556 1.4849 1.3153 1.2841 1.2538 0.3345 
3.2159 4.3857 3.7368 3.4142 2.8831 2.2984 2.7145 1.4432 2.2423 2.3449 2.4083 1.9909 1.6440 2.5913 1.3191 1.7783 0.4128 1.7044 1.1195 2.3299 1.2841 1.5597 1.8297 1.6748 1.4784 0.4491 1.6413 1.0771 1.4718 1.6901 1.6715 1.7496 -3.1963 
4.4539 3.8537 2.9493 3.0984 3.5186 2.2060 3.6340 3.5013 3.1311 2.6664 2.3563 2.3865 3.0797 2.6175 2.9304 2.7832 2.3353 2.6782 2.7886 2.3455 2.7781 1.9400 1.8042 1.9877 2.3551 2.5864 2.5906 0.9448 2.1270 1.4745 0.9654 1.2253 0.6526 
3.9388 4.1298 2.8979 2.9224 3.0513 2.1142 2.4381 2.2245 3.0980 3.1343 2.9154 2.8429 3.5198 2.8125 2.8416 1.7070 0.5517 1.6259 2.6674 2.5043 3.1554 2.3792 2.3496 2.4655 2.3407 1.3102 1.3852 0.9239 1.6442 1.2646 0.9059 1.5395 0.3922 
4.1930 3.6557 3.0302 3.6404 3.6741 3.3332 3.3936 2.8482 2.9005 0.9221 2.2240 1.9675 2.3357 3.0087 2.7859 2.7692 2.7720 2.6506 2.5767 2.7823 1.9944 1.5481 1.6593 0.2415 2.1598 1.9081 2.3039 2.1064 2.2715 1.9660 1.0380 1.0216 0.4344 
5.6101 4.4385 3.3919 3.0036 2.8764 3.7030 3.3197 2.8842 1.6218 0.9660 2.1815 0.6818 1.5324 1.5774 1.6378 2.5852 2.5510 2.4873 1.4847 1.2640 1.1161 0.3024 1.6233 0.3241 0.8673 1.9732 2.2471 2.4791 1.4368 1.2922 1.2731 1.7104 1.7922 
4.2252 3.8369 3.2557 3.5174 3.3052 3.6028 2.7815 2.5520 2.7658 2.9764 2.9377 2.8754 2.5640 2.3242 1.9416 2.2072 1.1262 2.1357 1.7692 2.0845 2.2261 2.4090 2.3789 2.3181 1.9470 1.6505 1.6813 2.3812 1.8309 1.8193 1.2009 1.2033 0.4807 
4.9045 4.7549 4.1947 3.7539 3.0937 2.6353 2.8628 3.2919 3.6250 3.4187 2.7808 2.4190 3.2511 3.0903 2.1089 2.5459 3.1217 2.4544 1.8808 2.8524 2.8927 1.9697 2.2104 2.7699 2.8633 2.3613 1.7996 1.4052 1.6786 2.1017 2.1804 2.1453 1.0866 
5.0097 4.6570 4.2273 3.5955 3.5565 3.3596 3.1402 3.3409 2.9435 2.4241 2.5959 3.1200 3.0408 2.9944 2.4932 2.5554 2.2252 2.4560 2.3303 2.7735 2.7341 2.7035 2.0612 1.7692 2.1927 2.3928 2.1275 2.1284 2.1620 1.8877 2.1933 1.9692 1.0735 
5.5240 5.0668 4.1440 3.8302 3.5495 3.9987 1.1826 3.4538 3.2084 3.3775 3.3991 2.8920 3.2080 2.1544 2.8410 3.3639 2.9492 3.2508 2.6736 1.8178 2.8617 2.4213 2.8317 2.6986 2.4210 2.5166 0.2773 2.7747 2.1568 2.1798 2.1122 2.3963 1.7313 
5.3028 4.6676 3.9086 2.3588 3.5089 3.7280 2.8874 3.1834 2.8828 2.6387 3.2684 3.0072 2.5973 2.1731 2.8613 2.8341 1.9334 2.7675 2.7059 1.8453 2.2488 2.5510 2.7369 1.9768 2.1233 2.2816 1.8130 2.5048 2.1240 0.5928 1.8332 1.9870 1.5579 
5.0964 4.0806 3.1691 2.9016 2.8974 3.0280 3.1044 2.4492 3.1045 2.7249 2.2675 2.1785 2.8394 2.8354 1.4005 2.8918 2.5773 2.8214 1.2160 2.5447 2.4507 1.6971 1.7120 2.0416 2.3392 1.5900 2.0856 1.8043 1.5011 1.2203 1.1343 1.4091 1.2690 
2.7793 4.0791 3.2710 3.0118 2.8507 2.8628 3.0640 2.6479 2.4593 2.8994 2.4115 3.4267 3.4472 2.9734 3.1578 3.2105 2.4196 3.1055 2.9871 2.7527 3.0531 2.9504 1.8445 2.2474 1.6960 1.7213 2.0449 1.6294 1.4341 1.3165 1.1792 1.4609 -0.5415 
3.4560 4.2495 3.2521 2.7408 2.8411 3.2155 2.4237 1.7984 1.5779 1.5763 2.3296 2.5753 2.5976 2.2225 2.6163 2.2093 2.4530 2.1376 2.4206 1.9448 2.2450 2.1635 1.7769 0.9380 0.7865 0.9212 1.3613 1.9984 1.3857 1.0240 1.1885 1.6448 -0.2384 
4.7613 4.7002 4.2321 4.2933 3.6350 3.9452 3.4874 1.3427 2.7276 3.1869 2.5617 2.3563 2.3161 1.8192 2.5232 -0.2466 0.3952 -0.3904 2.3557 1.5986 1.9554 1.8945 2.0176 2.5145 1.9085 0.4073 2.4115 2.7203 2.2246 2.6363 2.2167 2.0816 0.9906 
0.9938 4.1691 3.1377 3.5816 2.2151 2.8952 3.6871 2.9376 2.8138 2.2349 2.6063 2.2876 2.9223 2.1670 2.9392 2.8982 0.3743 2.8256 2.7970 1.8616 2.5591 1.8189 2.0746 1.5737 2.0233 2.0347 2.6705 1.6770 0.8227 1.8852 1.1108 1.5762 -1.9024 
5.2876 4.8434 3.4890 2.8899 2.9894 2.3648 2.3620 2.7953 2.8418 2.7859 2.0299 2.3125 2.1328 2.4605 2.7935 2.4650 0.5781 2.3876 2.5899 2.2328 1.7468 1.8477 1.4818 2.1123 2.0689 1.8383 1.3225 1.1474 1.5859 1.1792 1.4211 2.2189 1.5682 
4.6893 4.2990 3.4915 3.4285 3.9926 3.3258 2.6999 2.5789 3.3623 2.8619 2.7593 3.0426 -0.1649 2.2372 2.1981 3.0451 2.7846 2.9749 2.0154 1.9646 -0.4656 2.6084 2.1945 2.2115 2.5409 1.6868 1.6221 2.0966 2.5161 1.7427 1.4441 1.6752 0.9405 
1.3943 4.8695 4.0940 3.4424 3.4541 3.6012 1.8550 2.4796 3.3193 3.0074 3.3254 0.4829 2.4813 2.9838 2.6217 2.4286 3.0027 2.3547 2.4273 2.7623 2.1754 0.0906 2.7794 2.3502 2.5022 1.6099 0.7985 2.3730 2.0315 1.7211 2.0509 2.2681 -2.0753 
4.7333 4.5525 3.9581 3.5610 3.8551 4.1185 3.5913 3.2935 3.0365 3.1606 2.9898 2.5139 3.5282 2.9292 2.2774 3.1270 1.6493 3.0377 2.1485 2.6792 3.1667 2.1006 2.4278 2.4913 2.2755 2.3607 2.5286 2.8938 2.4199 1.8633 1.8698 1.8650 0.9692 
5.0732 4.7278 3.4740 3.6591 3.3968 3.0859 3.8972 3.1040 3.4026 2.9150 2.4404 2.8987 2.8100 2.7111 2.3447 2.0831 1.0838 1.9727 2.1966 2.4131 2.4185 2.4265 1.8977 2.2658 2.5879 2.2181 2.8435 1.8756 1.9256 2.0091 1.4436 2.0948 1.2642 
3.9335 4.5092 3.8038 2.9681 2.9832 1.8773 2.4752 3.3516 3.5367 2.1141 3.2226 2.5563 2.3306 3.1578 2.9580 2.3151 2.4870 2.2409 2.8096 2.9039 1.9832 2.1365 2.6878 1.4147 2.7894 2.4083 1.4754 0.6724 1.5839 1.2858 1.7527 1.8521 0.1416 
5.1381 4.8694 4.0396 4.0488 3.7275 2.3668 3.4518 3.0640 2.0026 3.2002 3.3651 2.2728 3.3511 2.8056 1.0435 2.1675 2.7063 2.0644 0.9177 2.4966 2.9583 1.8061 2.8007 2.5324 1.2276 2.1957 2.3774 1.1399 2.3105 2.3429 1.9653 2.2398 1.2749 
4.2685 4.0151 3.4459 2.8739 2.6419 2.8609 2.8574 2.8339 3.2263 2.1134 2.8282 2.7560 0.1387 2.4465 1.6548 2.3028 3.0011 2.2351 1.4998 2.2199 -0.1853 2.2700 2.2620 1.4479 2.4267 1.9003 1.7856 1.6335 1.2045 1.1486 1.3867 1.3416 0.5952 
1.4097 1.6565 1.6467 3.1936 2.8175 2.7840 3.4227 2.8290 1.3462 2.3286 2.9474 1.6131 2.3323 2.7735 2.8153 3.2593 2.7576 3.1520 2.6276 2.4525 1.9832 1.1322 2.3903 1.6780 0.5533 1.8900 2.3408 1.5611 1.3624 1.5567 -0.3899 -0.8112 -3.4169 
4.9969 4.3010 3.4288 3.5974 3.2829 2.7599 3.2084 2.2395 2.4286 2.8068 2.6489 2.3725 2.4063 2.9554 2.6261 2.7688 2.8532 2.6546 2.4286 2.7254 2.0880 1.9131 2.1140 2.1603 1.6755 1.2943 2.1847 1.5299 1.8190 1.9102 1.3813 1.6809 1.2297 
4.3234 4.5306 3.2874 3.7806 4.0543 4.0857 3.4901 3.0562 3.0943 2.7892 2.4578 0.4200 2.0022 2.3590 2.0105 2.7020 1.1313 2.5919 1.8152 2.1307 1.6562 -0.1151 1.8992 2.1165 2.3277 2.1866 2.4138 2.8620 2.6162 2.1594 1.2324 1.8653 0.5936 
3.8708 4.1218 3.1589 2.2512 3.4243 3.4123 3.3828 2.9503 2.8066 2.8799 2.4880 2.6862 2.4752 2.8395 2.4254 2.1865 1.2575 2.0993 2.2662 2.5563 2.1709 2.2304 1.9502 2.2275 2.0072 2.0606 2.2893 2.1911 1.9803 0.4892 1.1095 1.5253 -0.0070 
4.2672 4.4143 2.8580 3.2657 2.5466 3.0868 3.3436 3.1576 2.2238 1.8163 2.8612 2.7185 2.9555 2.6315 3.0656 3.0004 0.9892 2.9175 2.9119 2.3519 2.6059 2.2473 2.2999 1.1504 1.4607 2.2604 2.2660 1.8678 1.1269 1.5877 0.7686 1.7996 0.5898 
5.2604 4.4623 3.3940 2.0813 2.2693 3.0967 2.5399 3.0215 3.3722 2.8779 3.4624 2.9540 2.6791 2.7613 2.1967 2.3373 0.3523 2.2594 2.0066 2.4359 2.3022 2.4860 2.8983 2.2281 2.5506 2.1637 1.5139 1.8742 0.9113 0.4363 1.2980 1.8162 1.4918 
5.0012 4.5155 3.8327 2.6716 3.5962 3.3288 2.2243 3.2454 3.5244 2.6654 3.0348 1.9494 2.3884 3.2016 2.1639 2.9173 2.9386 2.8446 1.9586 2.9345 2.0627 1.5333 2.4730 1.9924 2.7791 2.3310 1.1819 2.0995 2.2018 0.9878 1.7855 1.8187 1.2050 
3.6018 4.2261 3.5109 3.5224 2.9911 3.8608 2.9918 3.4518 3.5184 3.6564 3.1722 2.8753 1.4421 2.9563 2.0586 2.4484 1.9110 2.3736 1.8415 2.7281 1.0730 2.4136 2.6318 3.0097 2.7756 2.5129 1.9427 2.6316 1.5892 1.8110 1.4190 1.6282 -0.8673 
5.2481 3.9535 3.1199 3.0279 2.5218 3.6636 2.8439 2.3717 3.3882 2.7904 3.1025 2.8296 2.8138 2.2565 2.7843 0.6849 2.2021 0.5646 2.5694 1.9734 2.4234 2.3517 2.5605 2.1470 2.5715 1.5446 1.7543 2.4537 1.0669 1.3535 1.1645 1.3350 1.3950 
4.3122 4.3224 3.9650 3.9014 2.5175 3.4498 3.3884 3.9831 3.1593 2.8485 2.8292 1.9092 2.9700 1.6236 2.0785 2.3240 2.1018 2.2450 1.8727 1.3210 2.6249 1.4932 2.2684 2.1926 2.3773 3.0305 2.3018 2.2280 1.1235 2.2136 1.8730 1.6972 0.4308 
4.3515 3.1652 1.9351 3.2119 3.2570 1.9686 3.1604 0.8984 2.5372 2.8458 2.4495 3.0467 0.9341 2.9798 2.4759 2.7209 2.2633 2.6079 2.3116 2.7585 0.5705 2.6202 1.8985 2.1982 1.7560 0.0196 2.1529 0.7823 1.8086 1.5640 -0.0868 0.5220 0.5765 
5.1921 4.6549 3.7348 3.4833 0.4895 3.2451 2.5107 1.9346 3.1204 3.1294 2.8732 2.3367 2.9459 1.1119 2.7236 2.3654 2.3347 2.2827 2.5087 0.8779 2.5936 1.8794 2.3112 2.4613 2.3541 1.0474 1.5045 2.0265 -0.7750 1.7741 1.6787 1.9510 1.3043 
3.8107 4.1454 3.3581 3.1502 3.6029 2.6176 2.9277 3.0221 1.9367 2.5796 3.1857 2.8185 2.6881 2.3952 1.7205 2.7233 2.5355 2.6150 1.5831 2.1720 2.3095 2.3439 2.6462 1.9220 1.1674 2.1604 1.8554 1.4079 2.1976 1.4783 1.2076 1.5730 -0.4953 
4.7544 4.9701 4.2551 3.6564 2.2689 2.1769 2.4310 2.9189 2.7926 2.4227 2.3604 3.0949 2.8039 3.1506 2.8497 3.1463 2.1157 3.0478 2.6848 2.8979 2.4178 2.6802 1.8096 1.7714 1.9759 2.0188 1.4122 0.9521 0.8009 1.9811 2.2235 2.3461 0.9785 
3.1097 3.4576 3.0730 2.4227 3.7468 3.8736 3.7992 3.4826 3.4786 2.8263 2.6857 2.6854 3.4389 3.2080 2.2586 2.0953 2.6269 1.9834 2.0967 2.9387 3.0444 2.2281 2.1533 2.1723 2.7135 2.5662 2.7840 2.6466 2.3358 0.7694 1.0270 0.8384 -1.0954 
5.1961 5.1293 4.2792 3.9231 4.1613 3.6258 3.9386 3.7083 3.8960 3.6082 3.0331 3.1433 3.0290 1.9029 2.6786 3.0567 3.2007 2.9873 2.4682 1.6661 2.6995 2.7330 2.4724 2.9454 3.0854 2.8304 2.8669 2.4012 2.7759 2.2234 2.2610 2.4461 1.3266 
4.7826 4.3713 3.7219 3.2338 2.6549 3.5192 3.6268 2.3546 3.0218 3.1112 3.2236 3.0353 1.5248 2.9550 3.3964 3.0801 2.7550 3.0035 3.1855 2.7269 1.1510 2.5920 2.6881 2.4487 2.2607 1.5091 2.5733 2.3043 1.2343 1.5698 1.7073 1.7258 1.0158 
5.0200 4.6167 3.5903 3.6731 3.3328 3.0408 3.0320 2.7518 2.8718 3.3604 2.5517 2.7979 2.2537 2.1904 2.0107 2.1948 1.4488 2.1117 1.8174 1.8852 1.8724 2.3119 2.0120 2.6820 2.1167 1.8041 1.9943 1.8169 1.8488 2.0220 1.5694 1.9054 1.1914 
0.3159 3.5049 2.7244 2.7842 3.6611 3.4821 3.0191 2.8283 1.7776 2.8787 3.0596 3.0656 2.9890 2.8336 1.6349 3.1685 3.1389 3.0710 1.4546 2.5448 2.6504 2.6425 2.5145 2.2273 1.0132 1.8825 1.9722 2.2546 2.2627 1.0727 0.5814 0.9363 -1.5378 
3.6544 4.2640 3.8184 3.6806 2.6357 3.4825 3.3278 3.2391 2.8021 3.3049 2.3490 2.3206 1.7791 2.6319 2.9697 2.6661 2.7290 2.5587 2.8191 2.3581 1.4380 1.8470 1.8045 2.6247 2.0058 2.3190 2.2562 2.2637 1.1714 2.0213 1.7669 1.6504 -0.3864 
4.3679 3.4415 3.0366 2.9371 3.4954 3.6437 3.0231 2.5664 3.7260 2.8920 2.7076 1.8697 2.9669 2.9152 1.9374 2.9762 1.7205 2.8979 1.7571 2.6661 2.6217 1.4602 2.1652 2.2337 2.9573 1.6803 1.9662 2.4182 2.0911 1.2340 1.0155 0.8789 0.5775 
3.6198 3.6003 3.5962 3.2954 4.0061 4.0499 4.0894 2.8105 2.2915 3.1531 3.0309 3.0513 3.1296 2.8587 3.2859 2.5790 2.0708 2.4767 3.0771 2.5788 2.8100 2.6241 2.4638 2.4827 1.5523 1.8469 3.0168 2.8272 2.5380 1.6162 1.5832 0.9795 -0.2753 
4.0724 4.1915 3.0830 3.4071 3.6359 3.8826 3.7720 2.4346 2.8361 2.3764 2.4373 1.6574 3.0765 1.9517 1.6384 2.6850 1.1475 2.5754 1.4935 1.6849 2.7765 1.1993 1.8895 1.7199 2.0600 1.5675 2.7634 2.6585 2.2349 1.6896 1.0560 1.6141 0.3434 
4.7315 4.3271 3.4369 2.8590 2.8540 2.8479 2.7665 1.2868 1.9450 1.7241 2.1859 2.4217 2.2743 2.5148 2.7954 2.2829 2.1901 2.2108 2.5900 2.2697 1.9023 1.9820 1.6191 1.0620 1.1650 0.4347 1.6780 1.6183 1.4525 1.1267 1.3517 1.6984 1.0214 
4.8487 4.2592 3.3631 3.6681 1.4109 3.2772 2.5959 3.2705 2.4409 2.5714 1.4147 2.5975 1.8492 2.1919 2.4479 1.0416 2.7917 0.9835 2.2944 1.8886 1.5499 2.1766 0.8684 1.9026 1.6860 2.3466 1.5681 2.0499 -0.0381 2.0006 1.2411 1.6045 0.9987 
4.5031 3.6981 2.4257 1.0888 3.3577 2.8799 2.7767 3.6738 3.2477 2.4674 2.3171 2.7804 3.0529 3.0467 2.6849 2.7768 2.4744 2.6665 2.4745 2.8223 2.7549 2.2910 1.7640 1.8139 2.4320 2.8109 1.6983 1.6504 1.8966 -0.4279 0.3960 1.0631 0.7360 
5.4375 4.8203 3.7158 2.9298 3.7572 3.1113 3.5014 2.2474 2.2017 2.6641 2.6377 2.7027 2.9384 2.7259 1.7773 2.2832 2.1611 2.2141 1.6182 2.4200 2.5841 2.2416 2.0959 1.9981 1.3994 1.2964 2.4272 1.8902 2.3388 1.2288 1.6825 2.2017 1.6911 
5.3963 4.7891 3.8479 3.6693 3.4112 2.7969 3.7508 3.3703 2.7973 2.9089 2.8953 2.0543 3.0354 2.4823 2.0574 2.7022 2.2686 2.5907 1.8590 2.2403 2.7213 1.5911 2.3343 2.2561 1.9785 2.4199 2.7444 1.5545 1.9542 2.0210 1.7967 2.2012 1.6481 
4.6243 4.0210 2.7716 3.1844 3.3954 2.3615 3.1469 3.4029 3.0000 3.1805 2.6079 2.8551 2.4737 2.1606 2.7153 1.0009 1.3757 0.9344 2.4986 1.8401 2.1707 2.3853 2.0669 2.5096 2.2414 2.4416 2.1456 1.1562 1.9250 1.5462 0.6221 1.2988 0.7276 
4.5238 4.0982 3.0367 2.1483 3.5573 3.0580 3.0422 3.4284 2.8124 1.4990 1.0523 2.7147 2.7850 2.8166 2.6254 1.0720 2.5345 1.0249 2.4293 2.5183 2.3862 2.2434 0.4588 0.8230 2.0110 2.4796 2.0185 1.8293 2.1695 0.4646 0.9897 1.4297 0.5555 
4.4208 3.7779 3.3214 3.3571 2.8190 3.2565 3.3854 2.2365 2.7839 3.3237 3.1079 3.0914 2.5117 1.9012 2.2116 2.0070 0.2782 1.9077 2.0245 1.6505 2.1903 2.6688 2.5597 2.6446 1.9885 1.2748 2.2902 2.0543 1.3572 1.6331 1.1901 1.1877 0.4425 
