1.6165 4.0635 3.8485 3.8357 2.2003 2.8247 2.8530 1.9453 2.0874 1.9388 0.3871 0.4416 1.0414 2.0344 1.5061 1.5328 1.5728 1.4670 1.3423 1.7370 0.7112 -0.0320 -0.1869 1.3220 1.3471 1.0930 1.8854 1.6926 0.8841 2.2529 1.9399 1.6096 -0.6352 
3.8445 3.4474 3.4754 3.8180 3.5466 3.2150 2.9508 3.1557 2.9847 2.5974 1.7310 2.6156 2.0800 1.5692 2.0358 1.2659 1.5503 1.1660 1.8367 1.3288 1.7085 2.1649 1.2082 1.9608 2.2560 2.2660 2.0165 2.0723 2.2161 2.2320 1.5791 1.0659 0.2812 
3.9194 3.7990 3.3926 4.6536 4.4130 3.7049 4.3434 3.4187 3.3550 3.0436 1.7129 2.0771 2.5105 2.7482 2.2470 1.6697 1.1028 1.6015 2.1005 2.5241 2.1604 1.6343 1.2080 2.4120 2.6514 2.6075 3.3311 2.5696 3.0864 3.1226 1.5082 1.3464 0.2389 
4.9353 4.6675 4.3484 4.1689 3.6953 3.4528 4.0141 3.1777 3.0456 3.2978 2.7047 2.9180 2.8545 2.7534 2.7022 1.8538 1.7703 1.7560 2.5658 2.5330 2.5721 2.5315 2.1802 2.6872 2.2902 2.2731 3.0589 2.3094 2.3189 2.6149 2.4073 2.2107 1.4890 
4.1848 3.8312 4.1248 2.8433 4.1194 3.8159 3.2415 2.7598 3.6195 2.6310 2.5538 2.0875 2.1453 2.8423 2.7141 1.9332 2.0931 1.8260 2.5813 2.6300 1.8049 1.6420 2.0419 2.0257 2.8657 1.9418 2.2386 2.6680 2.7904 1.2157 2.2218 1.3642 0.6706 
4.0450 4.1126 3.0032 4.3224 4.1886 3.2970 3.1797 2.8522 2.3030 2.8427 2.5791 2.7265 0.7661 2.3174 2.1501 1.4642 1.4838 1.3725 2.0235 2.0985 0.4415 2.2831 2.0537 2.2314 1.5892 2.0463 2.1649 2.1519 2.8404 2.7228 1.0669 1.6406 0.3845 
4.1725 4.6873 4.3402 4.3670 4.4962 3.7739 3.8445 4.1988 3.3060 3.0401 1.8468 2.8619 1.9782 2.6716 2.1472 2.0878 2.2823 2.0379 2.0269 2.4123 1.6219 2.4709 1.3737 2.4201 2.6125 3.3365 2.8436 2.6163 3.1936 2.7610 2.4101 2.2412 0.9008 
4.4192 4.2723 3.4717 3.7755 3.8564 3.4114 3.7910 3.7068 3.0580 2.6375 2.6376 1.4545 2.2625 2.8106 1.9376 2.0377 2.6458 1.9401 1.7427 2.6039 1.9545 0.9964 2.1069 2.0307 2.2917 2.8220 2.7853 2.2624 2.5593 2.1680 1.6144 1.7519 0.9401 
3.5369 3.5777 4.1386 3.9098 4.5496 3.9203 3.7128 3.0565 3.0894 2.4456 2.7589 3.4272 3.1907 2.9595 3.0754 2.2743 2.4241 2.1960 2.8803 2.7215 2.8230 3.0310 2.2454 1.8282 2.3299 2.1919 2.7026 2.7719 3.2380 2.3315 2.2292 1.1516 0.0356 
4.3950 4.5807 4.2967 3.4201 3.6875 3.0819 2.9483 2.6577 3.4181 3.2843 2.3641 2.7751 2.3543 2.2936 3.0415 3.1069 2.9443 3.0038 2.8529 2.0823 2.0577 2.3453 1.8567 2.6743 2.7068 1.7806 1.9906 1.9219 2.3067 1.8863 2.3217 2.1434 0.7448 
-0.4412 3.8415 2.2790 4.1787 3.3109 3.3642 3.6551 2.6624 3.2177 2.4386 2.1331 2.8603 2.3370 1.5998 2.2471 1.7277 -0.5561 1.6623 2.0993 1.3763 2.0441 2.4656 1.6050 1.8005 2.4867 1.7717 2.6683 2.2241 1.9921 2.6272 0.4099 1.4278 -1.7709 
3.8398 4.1443 3.6773 4.3210 4.0127 3.4744 3.7741 3.4045 3.2024 2.1534 2.5246 2.9515 2.6995 2.6461 2.4994 2.8964 2.9311 2.8269 2.3136 2.3678 2.3560 2.5659 2.0295 1.5390 2.4545 2.5977 2.7627 2.3308 2.7016 2.7186 1.7616 1.6674 0.1525 
3.6095 3.3675 3.7582 3.9939 3.5894 2.9346 2.6581 2.4326 2.8034 1.7171 2.0936 2.2940 2.2613 2.5820 2.5443 1.6033 0.3093 1.5309 2.3416 2.2810 1.9653 1.8932 1.5764 1.1030 2.0974 1.5836 1.6493 1.7886 2.2457 2.4472 1.8058 0.9477 0.0755 
3.1418 4.0935 3.9128 3.3247 3.7027 2.7164 3.7316 1.7873 2.4094 2.2372 2.8779 3.2397 2.6720 2.2326 2.0344 1.7836 1.5511 1.7046 1.8294 2.0256 2.3097 2.8003 2.3708 1.6156 1.6751 0.9886 2.7129 1.5906 2.3258 1.7509 2.0403 1.6371 -1.5088 
4.1455 4.1852 3.9436 3.7868 2.8381 3.0406 2.7665 2.8263 1.8505 2.8579 2.4149 1.9472 2.2418 1.5926 1.7390 2.1565 2.2806 2.0913 1.5920 1.3667 1.9260 1.5219 1.9067 2.2565 1.1106 2.0188 1.7676 1.8915 1.5194 2.1844 2.0666 1.7069 0.5804 
1.7913 2.9259 3.9516 2.9326 3.3133 2.8962 2.3328 2.7127 1.3808 2.2800 1.9534 1.8377 1.8340 2.2687 1.4952 1.9279 0.9898 1.8261 1.3077 2.0560 1.5172 1.4576 1.4545 1.6733 0.5976 1.8572 1.4083 1.7436 2.0330 1.4248 2.0613 0.5691 -3.2537 
3.7709 3.7384 3.9983 2.9114 3.5845 3.2561 3.1548 2.5963 2.3946 2.4991 2.2526 1.8662 1.3662 2.1435 2.0898 1.5869 1.2284 1.5210 1.9237 1.9031 1.0222 1.4668 1.7230 1.8721 1.6691 1.6977 2.1391 2.1136 2.2444 1.3572 2.1171 1.2680 0.3098 
3.8108 3.5204 4.1324 3.7252 2.7055 3.0481 2.9537 2.8749 2.8511 2.7574 2.5036 1.9786 2.1758 2.3675 1.9710 1.1282 0.9117 1.0540 1.7709 2.1363 1.8388 1.5358 2.0046 2.1458 2.1460 2.0653 2.0146 1.9042 1.3503 2.1230 2.2218 1.1023 0.2761 
3.1903 3.6421 3.6027 3.3747 2.2463 2.9510 3.3497 3.1440 2.4835 2.9243 1.9031 2.1383 2.7018 2.8001 1.6376 2.2439 -0.8109 2.1669 1.4891 2.5965 2.3522 1.7010 1.4062 2.3019 1.7135 2.2580 2.3595 1.8251 0.9605 1.7817 1.6972 1.1680 -0.3723 
4.5477 4.0365 3.8904 3.8051 2.9600 2.5602 2.6665 3.2495 2.0460 2.7726 2.2864 1.3350 2.1429 1.9456 1.1579 1.5880 0.7524 1.5215 1.0101 1.6791 1.7951 0.9233 1.7713 2.1564 1.3062 2.3834 1.6658 1.4271 1.6168 2.2103 2.0236 1.5790 1.0067 
3.3001 3.8597 3.2461 3.4082 3.2092 3.4175 2.8399 2.3932 2.2223 2.5459 1.1358 1.9401 1.7967 2.2685 1.2671 2.6042 1.5300 2.5044 1.1063 2.0561 1.4922 1.5172 0.6322 1.9133 1.5149 1.5603 1.8613 2.2738 1.8517 1.8481 1.3355 1.4613 -0.2238 
2.3118 3.9263 4.2393 3.8978 3.7629 3.0517 3.1569 2.7368 1.7285 2.0299 2.3940 2.1449 1.6622 2.3332 1.6432 1.5167 0.3865 1.4546 1.5012 2.1128 1.3622 1.7044 1.8853 1.4148 1.0166 1.8893 2.1477 1.9099 2.4002 2.3016 2.2946 1.4887 -0.3797 
3.2429 3.2855 3.9642 3.1507 3.7833 3.6031 3.1863 2.2802 2.5206 2.1245 2.3121 1.5114 0.9482 0.8861 2.1399 2.0924 1.9762 2.0299 2.0137 0.5777 0.5971 1.0565 1.8058 1.5175 1.7590 1.4767 2.1694 2.4634 2.4323 1.5472 2.0801 0.9091 -0.2261 
2.9927 3.6493 3.7991 3.5289 3.3037 3.3378 2.2176 2.1838 2.3588 2.1793 2.3329 1.5844 1.4343 2.1312 1.6146 2.0382 1.8856 1.9487 1.4761 1.8919 1.0577 1.1318 1.8300 1.5706 1.6473 1.3596 1.2031 2.2002 2.0055 1.9752 1.8760 1.1649 -0.1442 
3.6808 4.1271 3.8544 3.5884 3.7205 3.9962 3.6408 3.2239 2.6502 3.1028 2.7906 2.7050 2.3238 1.8959 2.5464 2.7001 0.9525 2.6351 2.3479 1.6387 2.0392 2.2684 2.2708 2.4715 1.9194 2.3465 2.6573 2.8555 2.3450 2.0444 1.9953 1.6581 0.1510 
4.4496 4.1346 3.4606 4.0892 3.5722 3.5127 3.6955 3.0252 2.9436 2.5801 2.6273 2.6943 2.5484 2.3710 2.3653 2.9491 2.6565 2.8585 2.2120 2.1396 2.1869 2.2611 2.0998 1.9482 2.2201 2.1651 2.6969 2.3761 2.2310 2.5622 1.5813 1.6666 0.9652 
4.1840 3.8135 3.3950 3.5127 2.9728 3.0270 2.6546 1.7369 1.4344 1.3554 1.7743 2.3206 1.5348 1.4667 1.8011 2.1780 2.3765 2.1079 1.6424 1.1614 1.1702 1.9245 1.2699 0.7308 0.6527 0.9209 1.6539 1.8847 1.6362 1.9708 1.5159 1.3523 0.7115 
3.7787 3.8424 4.0755 3.8982 3.6252 3.3619 3.2393 2.3058 2.6112 2.6776 2.3721 2.3722 1.7891 1.7794 1.8953 1.7236 1.4067 1.6555 1.7077 1.5527 1.4876 1.9892 1.8659 2.0699 1.8529 1.4889 2.2362 2.2230 2.2707 2.3060 2.1786 1.3812 -0.0152 
4.6345 4.1712 3.9309 3.0257 2.8642 3.4073 3.0328 2.5445 2.1368 2.3334 2.6368 2.5559 2.2734 2.7937 2.2991 1.6260 0.6441 1.5496 2.1522 2.5882 1.9854 2.1136 2.1110 1.7143 1.4419 1.6572 2.0626 2.2656 1.5683 1.4672 2.0510 1.7010 1.1283 
4.3143 4.0549 3.7196 3.5460 3.1227 2.6433 2.9551 2.0603 2.3927 3.0257 2.3938 2.1336 0.8368 2.4874 1.6940 1.6125 1.6322 1.5436 1.5418 2.2257 0.4989 1.6989 1.8881 2.3970 1.6714 1.1589 2.0132 1.5033 1.7433 2.0105 1.7674 1.5862 0.6678 
4.8137 4.2346 3.9363 3.8108 3.4161 2.1074 1.6509 2.7503 3.2613 1.9876 2.1696 1.5879 1.8995 1.5759 1.5947 1.5438 0.5112 1.4787 1.4642 1.3362 1.5656 1.1443 1.6515 1.3419 2.5526 1.9220 0.6821 0.9504 2.1011 2.2188 2.0608 1.7050 1.2234 
3.4900 3.0558 2.4146 1.5983 2.1825 2.7911 3.5205 3.3695 3.4491 2.7502 -0.0323 0.5993 2.4905 1.8102 1.5020 1.6959 -0.2217 1.6144 1.3236 1.5700 2.1504 0.1628 -0.5614 2.1361 2.7363 2.5534 2.5818 1.6665 0.8951 0.0347 0.5031 0.5472 -0.1310 
4.5182 3.9642 4.2160 3.0890 2.7249 1.8800 3.3294 2.5629 3.3355 3.2017 2.6518 2.3038 1.1933 2.1376 1.1365 1.9651 1.1843 1.8577 1.0109 1.8905 0.9195 1.9031 2.1241 2.5943 2.6362 1.6722 2.3371 0.8090 1.4396 1.4912 2.2786 1.5209 1.0196 
4.1452 3.9800 3.6316 3.4236 3.2256 3.1984 3.2662 3.2405 3.7874 3.3649 2.2152 2.8829 2.6154 1.6682 1.7990 2.1627 1.1363 2.0946 1.6413 1.4647 2.2460 2.4913 1.6977 2.7467 3.0510 2.3644 2.2687 2.0572 1.8873 1.8724 1.6990 1.5329 0.6297 
3.6870 3.8409 3.8595 2.3804 3.0918 2.9989 1.8311 2.6379 3.6971 3.7694 2.9384 2.3887 2.8538 2.8700 2.2257 2.6240 2.2134 2.5403 2.0837 2.6562 2.5766 2.0040 2.4318 3.1633 2.9316 1.7669 0.8806 1.8573 1.7259 0.8262 1.9697 1.4276 0.2728 
0.8217 3.5435 3.7248 3.7011 3.6582 2.0585 3.0186 2.7600 3.3632 3.2804 2.2699 2.3638 2.1019 1.4724 1.2148 1.5298 1.0931 1.4627 1.0472 1.1797 1.7341 1.9831 1.7470 2.6720 2.6553 1.9337 2.0545 0.9269 2.2885 2.1101 1.7849 1.0692 -1.8547 
4.8158 3.6483 2.6639 3.4226 3.1777 2.7442 3.0103 2.9862 2.8492 3.5410 2.9393 1.5079 2.5924 2.5453 1.6558 2.2982 1.6743 2.2257 1.5092 2.2668 2.2194 1.0611 2.4311 2.9176 2.1445 2.1417 2.0541 1.5981 1.7928 1.8714 0.7564 1.1077 1.2330 
3.9940 3.4599 2.6007 1.7235 3.6494 3.2512 1.6980 3.0244 3.2536 3.0963 1.8524 2.5270 2.8619 1.8919 2.2619 2.0885 0.9810 2.0269 2.1125 1.6326 2.5816 2.0995 1.3541 2.4651 2.5396 2.1735 0.6650 2.1045 2.2900 0.3037 0.6907 1.0058 0.5435 
4.4867 3.9827 3.7190 2.6860 3.1704 3.1930 3.5530 3.3925 3.1767 3.9220 3.1516 2.6281 1.4890 2.4671 2.0498 1.7236 1.6726 1.6495 1.8550 2.2086 1.1300 2.1729 2.6228 3.3087 2.4224 2.5859 2.6061 2.0484 1.7974 1.0713 1.7835 1.5241 1.0378 
3.1522 4.2479 3.4189 1.8540 2.9883 3.4557 2.8595 3.0029 2.9430 1.6907 2.2460 2.1604 2.6660 2.3608 0.4096 1.5370 -1.5130 1.4727 0.2422 2.1286 2.3027 1.7230 1.7178 1.0652 2.2209 2.1523 1.9155 2.3092 1.6770 0.3235 1.5089 1.7752 -0.3377 
2.6037 4.0541 4.0998 3.4997 3.2857 3.3112 3.5302 3.3156 3.6328 3.8549 2.9427 2.2501 0.6579 1.3264 1.8757 2.1330 2.1044 2.0675 1.7020 1.0657 0.3609 1.8233 2.4334 3.2445 2.8799 2.4758 2.5870 2.1714 1.9750 1.9390 2.1948 1.6217 -0.4108 
3.0650 3.3164 3.0130 3.0958 2.7049 2.8627 1.5081 2.6719 3.0380 3.1357 2.7747 2.7267 2.5981 2.3677 2.1893 2.0846 1.6425 2.0270 2.0525 2.1338 2.2231 2.2837 2.2547 2.5034 2.2872 1.8048 0.4738 1.7203 1.3828 1.5293 1.0784 0.9028 -0.6219 
3.0536 3.7280 2.9686 2.5249 3.1912 2.7828 3.2195 3.2260 1.8860 3.1938 3.1994 2.3756 2.2140 2.6414 1.4045 1.9316 2.5759 1.8288 1.2047 2.3619 1.9017 1.9789 2.6687 2.5917 1.1184 2.3436 2.2163 1.6525 1.8319 0.9717 1.0653 1.2477 -0.4639 
3.6985 4.2923 3.7823 3.3714 3.2420 2.6818 1.8302 3.1109 2.8998 2.8685 2.2071 2.6213 2.3767 2.0921 2.5213 2.4641 1.6690 2.3630 2.3250 1.8245 2.0735 2.1708 1.6938 2.2645 2.1841 2.2341 0.9005 1.5295 1.9086 1.7931 1.8372 1.8035 -0.0290 
2.8543 3.8899 3.1872 2.0121 2.9185 2.7176 2.9549 2.9339 2.2659 2.0301 2.4304 1.5757 2.2261 -0.0108 2.0465 2.0283 1.9317 1.9207 1.8610 -0.2480 1.9116 1.1516 1.9337 1.3929 1.5426 2.1097 2.0110 1.5674 1.5911 0.3292 1.3164 1.4520 -2.0326 
3.9249 4.1985 3.8533 3.3864 3.8404 3.4907 3.8949 3.5021 3.2966 2.7239 2.1988 2.2804 1.5710 1.7711 2.4216 2.5815 2.1687 2.4743 2.2556 1.5445 1.2193 1.8834 1.6842 2.1094 2.6016 2.6737 2.9013 2.3529 2.5185 1.7901 1.9741 1.7047 0.6595 
4.4430 4.1029 3.5664 2.9279 3.1300 2.7508 3.4558 3.0884 2.3442 2.2739 2.0503 2.6334 2.3125 2.5306 2.2266 1.1554 1.7005 1.0825 2.0821 2.2541 2.0341 2.1856 1.5239 1.6718 1.6328 2.2103 2.5091 1.6180 1.7488 1.3956 1.6485 1.6243 0.8900 
4.2922 4.0084 3.3716 3.0220 2.4032 3.0899 3.6910 3.4251 2.6159 2.7997 2.1159 2.3175 1.9215 1.9443 1.9603 1.9733 0.3029 1.8709 1.7555 1.6782 1.5767 1.9262 1.5868 2.1816 1.8699 2.6201 2.6909 1.9604 1.0629 1.4701 1.5055 1.5529 0.7347 
4.6370 4.3279 4.1318 3.8833 3.9027 3.7713 2.9220 3.9199 3.2391 3.2463 2.3130 2.3763 2.4436 1.8628 2.6679 2.1422 1.6928 2.0729 2.5112 1.6025 2.1187 1.9939 1.8037 2.6380 2.5216 3.0986 1.9786 2.6259 2.6082 2.2820 2.2130 1.8140 0.9894 
4.3025 4.5553 4.3177 4.2715 4.3209 3.6654 3.7641 3.2261 3.1747 2.8552 2.4535 2.7971 2.4111 2.5976 2.9442 1.9259 2.3126 1.8202 2.7865 2.2959 2.0920 2.3674 1.9450 2.2476 2.4035 2.3508 2.7506 2.5196 2.9414 2.6829 2.3481 2.1196 0.9248 
4.0178 4.1838 3.7438 3.6433 3.8227 4.3364 4.2568 2.8470 2.1746 2.6888 1.8013 3.0243 2.1802 0.6919 2.8209 2.7455 1.9944 2.6733 2.6783 0.4874 1.8331 2.6248 1.3348 2.0740 1.4815 2.0379 3.2535 3.1968 2.5075 2.0992 1.8430 1.7040 0.7324 
3.8830 4.2557 2.8680 2.6009 3.8707 3.4186 3.6764 2.8898 1.8449 0.9599 1.7636 2.2306 2.2856 2.2801 1.4384 2.0422 -0.3260 1.9507 1.2358 2.0694 2.0045 1.8041 1.2640 0.3643 1.1108 2.0726 2.6796 2.2795 2.5740 0.9788 0.9606 1.7746 0.4598 
2.9723 4.4969 4.3740 4.4056 4.1126 3.5295 3.8077 3.0495 2.5422 2.7210 2.7507 2.8494 2.3733 2.6981 1.4631 1.0688 0.3300 0.9969 1.2584 2.4499 2.0677 2.4440 2.2357 2.1154 1.7824 2.1843 2.8031 2.3827 2.7767 2.8248 2.4583 2.0689 0.1721 
4.0198 3.9303 4.3545 2.9306 3.9468 3.4211 3.3825 3.2234 2.6711 1.2430 1.1419 1.3649 2.3384 1.7345 2.1493 1.7930 1.8431 1.7063 2.0212 1.5163 2.0476 0.9540 0.6373 0.6284 1.9460 2.3411 2.4041 2.2788 2.6444 1.4427 2.4075 1.5680 0.4236 
4.3354 3.7662 4.0387 4.5572 3.6367 3.2880 3.0229 1.5412 2.2132 2.6052 2.3063 1.8651 1.5042 2.4802 2.1639 1.4985 0.9593 1.4252 2.0315 2.2204 1.1272 1.4744 1.7941 1.9816 1.5172 0.6835 2.0576 2.1342 2.2827 2.9921 2.1537 1.3251 0.8751 
3.1053 3.3497 3.5635 4.4514 4.4786 3.6291 2.7707 2.7225 3.0811 1.6950 2.8253 2.5939 2.9275 2.4007 3.0494 2.6884 2.6094 2.6253 2.8577 2.1658 2.6299 2.1405 2.2968 1.1005 2.3246 1.8757 1.7645 2.4792 3.1816 2.8689 1.6633 0.9061 -0.2648 
4.6309 4.7618 3.5040 4.3064 3.7741 3.4253 3.7665 3.2775 2.5343 2.2964 1.8150 1.8454 1.6138 1.5136 2.4677 2.0334 -1.5344 1.9297 2.2801 1.2467 1.2853 1.4602 1.3057 1.6949 1.7663 2.4216 2.7523 2.2936 2.3995 2.7017 1.6525 2.2758 1.1243 
4.0005 4.0066 3.9964 3.1776 4.3150 3.3862 3.7701 3.2608 2.3924 2.6567 2.6289 2.1375 2.6553 2.8323 2.3824 2.6465 2.7537 2.5844 2.2188 2.6203 2.2932 1.7006 2.0993 2.0565 1.6586 2.4057 2.7557 2.2374 2.9372 1.6220 2.1127 1.5878 0.4943 
4.4242 3.4899 4.0067 3.8215 3.3902 3.4160 4.0033 3.1831 2.2709 2.8200 2.8341 2.4176 2.6985 2.7409 2.7434 2.6662 1.7170 2.6067 2.6124 2.5109 2.3432 2.0278 2.2985 2.1996 1.5490 2.2786 3.0431 2.2844 2.0978 2.2091 2.1347 1.0115 0.8154 
4.1863 4.0092 4.2772 4.3706 4.3555 3.6741 4.1339 3.4051 3.1218 2.5071 2.4346 2.0603 2.1485 2.2859 2.1291 2.4850 2.2462 2.3844 1.9909 2.0746 1.8047 1.6071 1.9303 1.8754 2.3612 2.5951 3.1820 2.5272 3.0014 2.7857 2.3203 1.6176 0.6798 
5.0361 5.1868 4.6365 4.4432 4.4834 3.9689 3.9513 1.9636 3.3425 1.2004 3.2180 2.9320 2.7178 2.8962 2.7414 2.5605 2.8671 2.4572 2.6100 2.6774 2.3765 2.5451 2.6914 0.5713 2.6390 1.0687 2.9655 2.8146 3.1909 2.8455 2.7396 2.7378 1.3993 
3.9450 3.4543 4.0124 4.3591 3.7796 3.5408 2.9164 2.7141 3.4516 3.4321 2.2821 3.0274 2.8561 2.8458 2.4662 2.5588 2.4218 2.4543 2.2783 2.6348 2.5752 2.6267 1.7925 2.8269 2.7439 1.8685 1.9573 2.3998 2.4176 2.7642 2.1393 1.0251 0.5016 
3.4396 4.1039 4.4250 4.4723 3.9482 2.5236 3.7746 3.9046 2.9237 2.3519 1.2651 2.3176 2.2733 1.6032 1.7912 1.6184 1.3702 1.5455 1.6306 1.3753 1.9710 1.9345 0.7972 1.7145 2.1929 3.0723 2.7715 1.3317 2.6391 2.8860 2.5410 1.6608 0.0448 
4.3231 4.5333 4.3399 4.2708 4.3952 4.1112 4.2377 3.4153 2.6360 2.7979 2.9637 2.7300 2.7796 2.8827 2.6309 0.3126 0.7449 0.2366 2.4441 2.6660 2.4576 2.2860 2.4597 2.1851 1.8835 2.6080 3.2440 2.9691 3.0699 2.6811 2.4039 2.0957 0.7880 
3.8698 3.9226 2.9600 4.5265 3.8383 2.8129 3.2030 2.4308 2.1225 1.7938 1.4910 2.1030 0.8189 1.2921 0.8591 1.4250 -1.8057 1.3067 0.6786 1.0482 0.4525 1.6616 0.9544 1.1662 1.4283 1.5813 2.1950 1.6692 2.4997 2.9553 1.1084 1.5083 0.3928 
2.8998 4.7753 4.2971 4.5650 3.5537 2.0192 3.9738 2.1678 2.7432 2.2235 1.8592 2.3984 1.2105 2.3036 2.6341 2.6893 2.6104 2.6267 2.4537 2.0929 0.8973 2.0192 1.3475 1.5992 2.0431 1.2640 2.9937 0.9134 2.2490 3.0001 2.3594 2.3051 -1.4170 
3.5600 3.7190 4.0678 4.2895 3.8451 3.7869 3.5551 2.1159 2.6693 2.1719 2.1963 2.0970 1.3399 1.3911 1.7637 -0.2014 1.4539 -0.4305 1.6109 1.1282 0.9784 1.6479 1.6835 1.5570 1.9409 1.2073 2.6027 2.6456 2.5199 2.6952 2.1933 1.2347 0.1384 
4.3436 3.8329 3.8831 4.2344 4.0050 4.0116 3.3084 3.1415 2.0363 2.4220 2.2381 2.6091 2.0064 1.7734 2.0573 1.4122 2.0347 1.3161 1.8724 1.5479 1.6326 2.1557 1.7091 1.8003 1.2604 2.2576 2.3031 2.8743 2.6977 2.6542 2.0357 1.3392 0.7995 
3.7411 3.9401 4.0351 2.4438 3.6296 4.0374 3.8216 3.4402 2.2753 2.1207 2.4587 2.6894 2.7031 2.3155 2.3238 2.0864 1.1253 2.0243 2.1731 2.0947 2.3474 2.2514 1.9652 1.4982 1.5473 2.6270 2.8187 2.9079 2.2685 0.9033 2.1548 1.5039 0.4287 
4.3058 4.1036 3.4822 4.3444 2.0034 1.4486 3.5242 2.7807 2.6918 1.6509 2.6163 2.7597 2.3248 2.1535 2.0290 2.0292 2.1745 1.9237 1.8297 1.9177 2.0348 2.3267 2.0847 1.0479 1.9877 1.9485 2.5841 0.1234 0.7599 2.7460 1.5831 1.6533 0.7230 
3.9620 3.3175 3.5169 2.9505 3.6600 4.1581 3.8347 2.5035 1.7929 1.8300 1.6500 2.3666 1.4920 2.0671 1.9690 2.1511 2.3731 2.0846 1.7703 1.7892 1.1298 1.9805 1.1281 1.2044 1.0744 1.6255 2.8342 3.0206 2.2967 1.3702 1.6135 0.9722 0.3706 
4.1430 3.4829 4.2937 3.9537 3.7645 3.4219 3.6861 3.0167 2.8560 2.6173 2.6887 1.1286 2.1726 2.6136 2.4111 2.1311 0.9012 2.0660 2.2450 2.3194 1.8393 0.7077 2.1618 2.0057 2.1490 2.1608 2.6859 2.2811 2.4055 2.3838 2.3383 1.0342 0.6475 
3.5545 3.9193 4.0530 3.1743 3.7910 3.7897 3.4202 3.2755 2.6563 2.1109 2.6005 2.3723 1.7057 1.8455 -0.3116 1.4735 1.9507 1.3989 -0.5703 1.6032 1.4300 1.9900 2.0670 1.5034 1.9316 2.4206 2.4531 2.6425 2.4556 1.5572 2.1605 1.4981 -0.0080 
5.0285 4.3982 4.3855 3.9962 3.5735 3.7474 3.8281 3.3803 2.8851 1.7587 2.5029 2.6847 2.6392 1.4507 2.0346 0.6766 1.3922 0.6146 1.8340 1.1587 2.2734 2.2497 2.0052 1.1312 2.1683 2.5698 2.8285 2.6057 2.2328 2.4358 2.4806 1.9223 1.5207 
2.3040 3.3164 4.1002 4.3218 1.8403 3.8416 3.0278 2.7347 2.2813 2.5687 2.3960 2.1670 1.5625 1.8039 1.9635 2.3403 2.1433 2.2672 1.7696 1.5674 1.2159 1.7236 1.8885 1.9435 1.5747 1.9003 2.0542 2.6982 0.4231 2.7163 2.2193 0.8598 -1.8437 
3.0331 3.8427 4.5005 3.4230 3.4611 3.1749 3.2745 3.1042 3.3219 2.2153 2.6337 2.6064 2.3014 1.6934 2.3281 2.6175 1.1450 2.5287 2.1802 1.4830 2.0248 2.1530 2.1052 1.5934 2.6235 2.2283 2.2731 2.0303 2.1437 1.8269 2.6232 1.4452 -0.1397 
4.3873 3.7486 2.9647 4.3386 4.0858 2.8457 3.4616 3.1228 2.9049 1.6949 2.1773 2.4189 2.2791 1.6985 0.4361 1.1870 1.5256 1.1130 0.3129 1.4821 1.9903 2.0328 1.6624 1.0740 2.1853 2.2474 2.5149 1.6932 2.7569 2.7447 1.0494 1.2323 0.9221 
3.7294 3.7191 2.7990 4.0247 4.1663 3.5096 3.1848 3.5487 2.7982 2.5682 2.6370 1.8222 1.8451 2.1611 2.0318 1.4879 1.6971 1.4167 1.8261 1.9300 1.5266 1.4485 2.1064 1.9432 2.0880 2.7077 2.1722 2.3569 2.8241 2.4937 0.9358 1.2070 0.3613 
4.3975 4.4970 4.3535 4.2649 3.2976 3.7014 3.7173 2.8172 2.8171 1.9052 2.2746 3.0501 2.3736 2.0409 2.1140 2.2875 2.0938 2.2173 1.9699 1.7462 2.0668 2.6392 1.7564 1.2825 2.1022 2.0182 2.7019 2.5683 2.0189 2.6739 2.4297 2.0618 0.9953 
2.1777 3.7287 2.7192 3.8117 3.7439 3.7106 3.9425 3.7851 3.0433 2.3518 1.9665 1.6269 2.0513 1.5743 2.1815 2.3690 2.6605 2.2802 2.0481 1.3390 1.6901 1.1952 1.4616 1.7246 2.2855 2.8998 2.9575 2.5658 2.3673 2.2270 0.8841 1.1860 -2.4429 
4.2994 3.7912 3.6573 4.4337 3.9083 3.5113 3.0616 3.0162 2.5675 1.7081 1.5969 2.0229 1.6493 2.1613 1.3420 2.5099 2.5230 2.4103 1.1610 1.9271 1.3319 1.5686 1.0794 1.0997 1.7945 2.1648 2.0799 2.3736 2.6065 2.8474 1.7377 1.2805 0.7695 
4.1621 3.6327 3.2782 3.8474 3.7858 3.7932 3.4089 3.0690 2.0678 2.3012 2.2538 1.8022 1.6704 1.3005 1.4752 -0.6234 1.2654 -0.8137 1.2915 1.0545 1.3503 1.4050 1.7212 1.6947 1.3395 2.2067 2.4210 2.6506 2.4516 2.2558 1.4390 1.1309 0.6843 
3.7894 4.5487 4.0654 3.2622 4.0284 3.4036 3.6290 2.8869 2.4619 2.6530 2.3806 1.8661 2.1525 1.3457 1.9979 2.0365 1.5435 1.9425 1.7942 1.0782 1.8137 1.4736 1.8798 2.0472 1.7094 2.0666 2.6498 2.2581 2.7171 1.6997 2.1528 2.1168 0.3103 
3.8705 4.3682 2.8408 3.9362 3.9029 3.6971 2.6445 2.3483 2.3334 2.0353 2.6873 2.7553 2.3937 1.0780 1.7451 1.5776 2.4110 1.5128 1.6014 0.8390 2.0821 2.3204 2.1663 1.4165 1.6203 1.5206 1.6455 2.5456 2.6079 2.3625 0.9837 1.9006 0.2262 
3.2806 3.7990 3.8070 4.2770 3.9914 3.4166 2.8194 3.0429 2.9531 1.7318 2.2549 2.0086 2.2743 1.4787 2.2600 1.9579 2.1801 1.8535 2.1111 1.1909 1.9820 1.5583 1.7253 1.1273 2.2299 2.1844 1.8400 2.2710 2.6771 2.6835 1.8861 1.3376 -0.9419 
4.1775 3.7525 4.1563 3.7877 3.3915 3.4318 3.0266 2.6291 2.6010 2.6558 1.9832 2.4850 2.2475 1.1007 1.9754 2.2492 2.4281 2.1751 1.7782 0.9144 1.9288 2.0713 1.4814 2.0460 1.8429 1.7429 2.0725 2.2879 2.0803 2.1865 2.2494 1.2511 0.6400 
0.9658 3.0324 3.3366 3.8883 3.9161 3.5358 3.4111 2.9137 2.4434 2.3394 1.9008 1.6456 2.0851 2.2595 -0.1030 2.1077 0.5443 2.0445 -0.2012 2.0448 1.7223 1.2123 1.3928 1.7129 1.7025 2.0866 2.4374 2.3919 2.6166 2.3086 1.4585 0.5497 -2.4115 
0.3440 3.0688 2.9862 2.4231 2.8382 2.7934 2.9307 2.7747 2.3265 1.1275 2.3122 2.4307 1.1852 1.6338 1.8725 1.1881 1.9943 1.1139 1.6976 1.4222 0.8989 2.0391 1.8066 0.5150 1.6067 1.9459 1.9983 1.6447 1.5304 0.8595 1.1110 0.5399 -1.1012 
4.2157 3.7044 3.2489 3.7787 3.7968 3.2638 2.2685 2.2727 1.0573 2.2650 1.8164 2.3022 1.5244 1.2540 1.0771 1.3217 0.1895 1.2281 0.9370 1.0052 1.1492 1.9085 1.3123 1.6561 0.3662 1.4658 1.2868 2.1204 2.4508 2.1839 1.3448 1.1528 0.6003 
3.8482 4.1733 3.9274 3.9583 3.4208 3.3844 3.4186 3.2955 2.8763 2.8538 2.2345 2.4715 2.3796 2.2936 2.1106 2.2564 0.3987 2.1776 1.9648 2.0810 2.0777 2.0628 1.7094 2.2475 2.1722 2.4461 2.4530 2.2416 2.1042 2.3813 2.0506 1.7089 0.4516 
3.7616 2.9213 2.9571 3.2026 2.4790 3.4607 3.2738 3.3782 3.1890 2.0759 1.5036 0.8134 2.0804 1.4509 2.0310 1.5427 1.4849 1.4786 1.8243 1.1487 1.7099 0.3983 0.9858 1.4664 2.4266 2.5646 2.2715 2.3247 1.1351 1.6035 1.0606 0.4758 0.2166 
3.8119 3.2935 3.0084 3.1537 2.8129 3.1210 2.8468 2.8066 2.8413 2.0971 0.1799 0.7453 1.8540 1.5668 1.1181 1.3942 1.1125 1.2873 0.9716 1.3214 1.5345 0.3376 -0.3432 1.4881 2.1261 1.9998 1.8719 1.9867 1.5235 1.5452 1.0731 0.9170 0.2632 
3.9790 3.8387 2.6459 3.6480 3.9802 2.8934 2.7241 3.3921 3.1117 2.9737 2.2756 1.9748 1.3649 1.5964 2.3935 2.5118 2.5040 2.4092 2.2346 1.3634 1.0155 1.5351 1.7585 2.3447 2.3478 2.5850 1.7335 1.7350 2.6670 2.0840 0.7479 1.3693 0.3887 
3.8335 3.8242 3.6806 3.7501 3.6668 3.4159 2.8456 2.4417 2.4988 2.9324 2.7267 2.6177 2.0822 2.0583 2.1602 2.4021 2.5731 2.3086 2.0337 1.7730 1.7151 2.1649 2.2030 2.3109 1.7456 1.6006 1.8675 2.2732 2.2983 2.1464 1.7341 1.3795 0.3139 
3.9687 3.2174 3.7310 3.2372 3.2186 2.7640 2.7868 1.9556 2.2079 2.4735 2.6772 2.0629 2.3955 2.3431 1.2570 1.1833 0.6980 1.1184 1.0889 2.1180 2.0863 1.6142 2.1496 1.8478 1.4978 1.0697 1.7959 1.6130 1.8748 1.6410 1.7745 0.6922 0.3849 
3.7343 2.4380 2.7847 3.1015 3.1194 2.9940 1.5633 2.0657 2.2187 2.5838 1.6970 1.0535 1.2243 1.7068 2.0132 1.4983 0.9127 1.4263 1.8084 1.4961 0.9203 0.6222 1.1615 1.9508 1.5142 1.1807 0.5601 1.8518 1.7447 1.5290 0.8985 -0.1210 0.1299 
3.4254 2.1294 3.0322 2.9199 3.1887 3.4476 2.5095 2.6334 2.3927 1.6054 2.3110 2.1210 1.1827 1.4025 -0.5306 1.1876 1.5180 1.1231 -0.7478 1.1214 0.8886 1.6796 1.8074 0.9825 1.6613 1.7439 1.5150 2.3121 1.8276 1.3905 1.1194 -0.4389 -0.2264 
2.8407 3.2723 3.1894 3.0957 3.5262 2.9068 3.4632 2.8402 2.4205 2.0915 3.0626 2.4484 1.9996 1.2029 1.2879 1.8801 0.3291 1.7826 1.1236 0.9743 1.6297 2.0465 2.5636 1.4905 1.6900 2.0291 2.5125 1.7787 2.2022 1.5123 1.2656 0.8533 -0.7252 
4.3491 3.7933 3.8723 2.5092 3.3972 3.3116 2.3586 2.5537 1.3184 1.6414 3.0149 2.5991 2.2694 1.3748 2.4147 2.2855 1.8488 2.2177 2.2490 1.1029 1.9667 2.1407 2.5148 1.0308 0.5601 1.6783 1.4089 2.1654 2.0879 0.9551 1.9852 1.2759 0.7430 
