2.6959 2.0318 1.6500 2.2262 1.8454 1.4055 2.0046 1.6368 0.3189 1.2965 0.9509 -0.3810 1.0075 1.2007 0.3734 0.5602 0.7098 0.4498 0.1883 0.8723 0.6667 -0.8354 0.3965 0.6356 -0.4789 0.7158 0.9194 0.1727 0.3392 0.5570 -0.4236 -0.6540 -1.1960 
0.4310 1.3833 1.5902 1.6524 1.8661 1.3499 1.2745 0.9811 0.9840 0.7226 0.9080 0.6648 1.0591 1.0965 1.0035 1.4044 1.2675 1.3269 0.8250 0.8105 0.6969 0.1864 0.3527 0.0579 0.1991 0.0668 0.1841 0.1000 0.3777 -0.0181 -0.4748 -1.2430 -3.1280 
1.6032 1.4878 2.2141 1.9602 1.2881 1.2911 1.5902 1.2956 -0.6271 0.1705 -0.4893 0.7955 0.6195 1.0773 0.9848 1.1083 0.1642 0.9971 0.8107 0.7945 0.2251 0.3271 -1.0437 -0.5022 -1.4424 0.3454 0.5659 0.0488 -0.1714 0.2313 0.1490 -1.1135 -2.1942 
-0.0836 0.1418 1.6143 1.3397 1.2133 0.3558 0.7625 1.2291 1.2792 -0.7785 0.7577 -0.1036 0.8075 -0.2079 0.7604 0.8292 0.8258 0.7435 0.6168 -0.4743 0.4586 -0.5759 0.1966 -1.5011 0.4803 0.2502 -0.3054 -0.8930 -0.3018 -0.3843 -0.4496 -2.4402 -3.6764 
1.1786 2.2175 0.3007 1.6239 1.5209 1.2477 1.2842 1.6664 1.4327 1.7497 0.6827 0.8682 0.9251 0.5102 0.0315 0.7764 -1.0002 0.6985 -0.1583 0.2180 0.6100 0.4306 0.0964 1.0628 0.6542 0.7465 0.1848 0.0089 0.1009 -0.0341 -1.8408 -0.4388 -2.8894 
2.5367 2.9092 1.8890 1.9545 1.6676 1.2530 0.2511 0.3659 1.2754 1.4867 0.7378 0.9706 0.1627 0.8698 0.8625 0.6643 0.7225 0.5950 0.7095 0.6385 -0.2044 0.5578 0.1649 0.8256 0.4830 -0.5379 -0.7910 0.0056 0.2017 0.2327 -0.2425 0.2256 -1.4030 
2.1830 2.3720 1.7990 0.5175 1.8363 1.2574 0.7810 0.8918 0.3722 0.8562 0.5687 1.0872 0.0574 -0.3167 0.7636 0.5915 0.3788 0.4800 0.6162 -0.5566 -0.3416 0.6354 -0.0012 0.1917 -0.4225 0.0088 -0.2904 0.0082 0.3379 -1.1781 -0.3369 -0.3416 -1.6176 
3.1106 1.9205 1.2112 0.6078 -0.3426 -0.0241 0.1275 -0.2989 0.7123 -0.4242 1.2328 0.8532 0.1057 0.9316 0.5883 0.2963 -2.7915 0.2187 0.3578 0.6872 -0.2511 0.3925 0.6567 -1.0959 -0.0418 -1.2038 -0.9411 -1.2506 -1.8299 -1.1020 -0.9870 -0.6237 -0.7954 
2.5373 2.0874 1.8118 1.6228 1.9475 1.3633 1.3505 1.5696 1.3367 1.5763 1.0614 1.0607 0.4154 0.2353 0.7674 0.2309 -0.4890 0.1482 0.6210 0.0032 0.0695 0.6202 0.5209 0.8996 0.5797 0.6738 0.2529 0.1118 0.5104 -0.0687 -0.3225 -0.6099 -1.4858 
3.3140 2.2454 1.9759 1.8586 1.8799 -0.1289 0.9163 0.6283 0.7246 0.9086 0.3298 -0.0278 0.3379 0.9102 0.7267 -0.3564 -0.7248 -0.4497 0.5832 0.6759 0.0142 -0.5234 -0.2303 0.2345 -0.0293 -0.3340 -0.1264 -1.3904 0.3970 0.1207 -0.0560 -0.4656 -0.5265 
2.0653 2.0752 2.0447 1.2310 0.9473 1.3960 1.3210 1.7008 1.3395 0.7456 1.3368 1.3355 0.6140 0.3736 0.7433 -0.1276 0.7199 -0.2227 0.6008 0.1133 0.2161 0.8587 0.7684 0.0842 0.5782 0.7660 0.2357 0.1505 -0.4886 -0.5253 0.0024 -0.5885 -1.9418 
2.9589 2.4614 1.3661 0.8631 1.4157 1.0370 0.6731 1.0201 1.1275 0.9839 0.7324 0.8453 0.7138 1.2910 1.0073 0.3667 0.0479 0.2707 0.8240 1.0039 0.3446 0.3836 0.1615 0.2982 0.3049 0.0965 -0.4050 -0.2229 0.0031 -0.8302 -0.6933 -0.2845 -0.8855 
1.9476 1.2888 1.0696 1.2292 1.6976 1.1490 -0.5533 1.1390 0.9277 0.8779 1.2049 0.7758 0.2673 1.3309 0.8654 1.0248 1.0977 0.9223 0.7071 1.0661 -0.0282 0.3033 0.6265 0.2238 0.1414 0.1908 -1.6655 -0.1048 0.2308 -0.4946 -1.0236 -1.3078 -1.8967 
3.5141 2.4987 1.5037 0.9579 1.3624 1.8837 2.1880 1.7010 0.9108 1.3249 1.0115 0.5082 0.9209 1.3207 0.8556 -0.0040 0.1725 -0.0801 0.6901 1.0498 0.6097 0.0459 0.4574 0.6616 0.1324 0.7623 1.1584 0.6423 -0.0434 -0.7139 -0.5499 -0.2797 -0.3630 
2.0501 2.2914 1.8860 1.3394 0.1591 1.6530 1.3339 1.1834 1.5985 1.4465 1.3256 0.8538 0.8110 0.2694 0.6604 1.1659 1.3197 1.0541 0.4874 0.0345 0.4677 0.3953 0.7540 0.7748 0.8104 0.2293 0.2384 0.4133 -1.2409 -0.3882 -0.2318 -0.3968 -1.9777 
3.1422 2.6303 2.3509 1.8843 1.4638 1.7384 1.6381 1.8028 1.5705 1.3342 0.7311 0.9128 1.1143 -0.4894 0.7907 1.2301 1.8881 1.1377 0.6407 -0.7493 0.7345 0.4910 0.1589 0.6664 0.7858 0.8403 0.6065 0.4959 0.0527 0.1357 0.2464 -0.0255 -0.7078 
-0.2517 1.9351 1.9486 0.4629 0.6691 0.7358 -0.6064 0.0663 0.5622 -0.1503 0.8890 -0.8765 0.2357 0.4558 1.3424 1.3018 1.2623 1.2354 1.2000 0.1787 -0.0840 -1.3066 0.3340 -0.8239 -0.2724 -0.8737 -1.7092 -0.5062 -0.7864 -1.2621 -0.1231 -0.7045 -3.1259 
1.6344 1.4865 1.5872 1.3409 1.2503 1.2109 1.4288 0.8420 0.6437 1.2717 0.2427 0.6932 0.9505 1.0389 0.5823 0.8982 1.0727 0.8231 0.3580 0.7631 0.6284 0.2233 -0.3221 0.6122 -0.1631 -0.0341 0.3501 -0.0287 -0.2254 -0.3896 -0.4790 -1.1990 -2.3379 
1.3687 2.2210 1.9372 1.3076 0.1360 1.1121 1.8391 1.8644 1.6397 1.5774 1.1701 0.8230 -1.4896 -0.3541 0.5455 0.3083 -1.6035 0.2256 0.3261 -0.5842 -1.8370 0.3570 0.6069 0.8981 0.8424 0.8932 0.7310 -0.1148 -1.3032 -0.4211 -0.1380 -0.4402 -2.7594 
2.8871 2.4005 1.1893 1.1626 1.0496 0.3239 1.3737 1.2702 0.5708 1.0679 1.3813 1.3800 1.2243 1.2728 0.3005 0.1511 -0.9569 0.0713 0.1305 0.9757 0.8209 0.9024 0.8157 0.3887 -0.2688 0.3105 0.2891 -0.9132 -0.4160 -0.5560 -0.9671 -0.3317 -0.9458 
3.4671 1.7072 1.4927 -0.0024 1.5150 1.9538 1.7452 2.0221 1.2621 1.1364 1.3367 0.7800 0.0709 1.3149 0.8291 0.0922 0.4310 0.0274 0.6689 1.0418 -0.3072 0.3100 0.7667 0.4512 0.4519 1.1210 0.6660 0.7073 0.0875 -1.8313 -0.5887 -1.2211 -0.4490 
2.3346 2.4097 1.7191 1.3264 1.3530 1.2310 1.3477 1.2838 1.1779 1.2200 0.6921 -0.1105 1.2171 -0.3575 -0.0006 0.2452 0.0262 0.1702 -0.1991 -0.5878 0.8103 -0.5832 0.1182 0.5366 0.3406 0.3352 0.2498 -0.0088 -0.0635 -0.4024 -0.3931 -0.3261 -1.6110 
3.7631 2.7673 1.9059 2.0540 1.1778 1.4674 0.7710 1.0110 -0.0098 0.2374 -0.2487 0.6198 0.6567 0.6469 1.2136 -0.4890 0.6469 -0.5651 0.9874 0.3487 0.2620 0.1314 -0.7791 -0.4320 -0.8422 0.0938 -0.3212 0.2183 -0.3430 0.3285 -0.2128 0.0464 -0.1326 
3.2205 2.0283 2.2152 2.1468 1.7033 1.4158 1.2951 1.3913 0.7047 1.2848 0.4670 0.3960 0.7412 1.0066 0.6983 0.2919 0.3803 0.2178 0.5481 0.7421 0.3794 -0.0257 -0.0864 0.6264 -0.0739 0.4941 0.2092 0.1791 0.2332 0.4531 0.1441 -0.7922 -0.6734 
3.2488 2.5912 1.9881 1.9013 1.8301 1.7369 0.2085 0.1111 1.0457 0.4824 1.4264 1.2803 1.4546 0.7331 1.1829 1.6071 0.9097 1.5068 0.9609 0.4795 1.1140 0.7980 0.8568 -0.1973 0.2337 -0.8220 -0.9173 0.4881 0.3345 0.1611 -0.0772 -0.1331 -0.6443 
2.4139 0.3408 1.5556 1.4676 0.9057 1.1298 1.0465 0.5764 0.7618 0.8572 0.7320 1.4093 0.7627 0.3600 0.7188 0.1573 0.8875 0.0801 0.5763 0.1021 0.3984 0.9410 0.1608 0.1909 0.0004 -0.3875 -0.0009 -0.1188 -0.5223 -0.2507 -0.4883 -2.4960 -1.5308 
3.8666 2.7706 2.0007 2.0863 1.5995 1.4445 0.8647 1.5773 0.8959 1.1463 0.8094 0.6273 0.7466 0.7215 0.9379 0.4313 1.1582 0.3318 0.7710 0.4675 0.3817 0.1374 0.2398 0.4603 0.1169 0.6752 -0.1912 0.1930 0.1515 0.3647 -0.0565 0.0374 0.0002 
3.0949 0.9243 1.7433 1.6151 1.0237 0.8925 0.5041 1.3057 -0.8297 0.9829 1.1390 0.4981 0.2546 1.3515 0.2969 0.5771 1.1023 0.4705 0.1274 1.0967 -0.0418 0.0320 0.5904 0.3002 -1.6689 0.3631 -0.5567 -0.3444 -0.4111 -0.0379 -0.3897 -2.2620 -0.8861 
3.4412 2.4248 1.9034 0.9234 0.2039 1.3141 0.9259 1.8883 1.5659 0.6152 1.3607 1.7831 1.0008 1.2896 0.3729 0.4457 1.3163 0.3400 0.1942 1.0010 0.6605 1.3039 0.7933 -0.0409 0.7802 0.9272 -0.1214 0.0706 -1.1699 -0.7804 -0.2089 -0.3882 -0.4612 
1.9617 1.6877 2.0250 1.4594 1.8458 1.4718 1.2159 1.0302 0.3417 0.9737 1.0228 0.6567 0.2866 0.8224 1.2587 1.3827 1.4151 1.3061 1.0676 0.5964 -0.0202 0.1727 0.4764 0.2980 -0.4503 0.1070 0.1035 0.2243 0.3509 -0.2678 -0.0073 -0.9611 -1.8865 
3.2325 1.1632 1.3497 1.8782 0.1033 1.2955 1.3596 1.2741 1.8672 1.2824 1.2168 -0.4380 0.0780 0.4603 1.1134 1.0426 1.2467 0.9378 0.9029 0.1796 -0.3050 -0.8884 0.6369 0.6175 1.0526 0.3156 0.2737 0.0540 -1.3563 0.1433 -0.7184 -1.7373 -0.6309 
2.9384 1.8544 0.2920 1.2333 0.2630 1.0225 0.8255 1.0773 1.2681 1.1098 1.3234 1.3082 0.0827 0.7700 1.1357 0.8004 0.7118 0.7176 0.9194 0.5386 -0.2926 0.8289 0.7588 0.4149 0.4781 0.1345 -0.2325 -0.2082 -1.1366 -0.5264 -1.7567 -0.9303 -0.9715 
2.5250 2.1538 1.8418 1.0370 0.3448 -0.3928 -0.3536 0.7901 0.9436 1.1906 1.2099 1.4964 1.3327 0.7333 0.1923 0.7051 -0.5764 0.6348 0.0392 0.4763 0.9509 1.0646 0.6311 0.5008 0.1620 -0.0966 -1.3925 -1.6304 -1.1129 -0.6566 -0.2939 -0.5260 -1.3597 
2.5665 1.8075 1.9708 1.6307 1.0395 0.4930 1.7239 1.4670 1.0194 1.8036 0.7146 1.1468 1.5797 0.7332 -0.0146 -0.4979 0.4713 -0.5515 -0.2290 0.4622 1.2542 0.6789 0.1389 1.1163 0.2189 0.5861 0.6548 -0.7016 -0.4288 -0.0367 -0.0659 -0.9622 -1.2971 
3.1082 2.2392 1.7093 0.7422 0.2328 1.5836 1.5086 -0.4039 1.6039 1.5050 1.3139 1.4438 0.9330 1.2550 0.2110 0.0948 -1.7969 0.0188 0.0459 0.9488 0.6123 0.9863 0.7379 0.8482 0.8177 -1.2500 0.4693 0.3424 -1.1897 -0.9742 -0.3914 -0.5045 -0.8755 
2.3717 1.8827 2.1870 1.8579 1.5065 1.4716 1.3896 0.7917 0.5602 1.0804 0.6776 0.5616 0.8585 0.7490 0.6441 -0.7710 -2.4697 -0.8960 0.4554 0.5023 0.5360 0.0751 0.1025 0.3942 -0.2723 -0.1094 0.3048 0.2298 0.0798 0.1098 0.1225 -0.8432 -1.5881 
2.6543 0.7926 1.2121 1.1503 1.5349 1.8472 1.9441 1.6985 1.6437 1.2856 1.1797 -0.3882 0.9163 0.2036 0.9061 -0.0990 0.5289 -0.2108 0.7486 -0.0238 0.6021 -0.8467 0.6163 0.6177 0.8465 0.7658 0.8575 0.6057 0.1049 -0.5843 -0.9426 -2.2233 -1.2389 
2.6888 1.3111 1.9072 1.7493 0.7903 1.8080 1.1108 1.0047 0.1649 0.8371 1.7220 1.5489 1.3967 1.6441 0.5017 -0.1195 -0.6227 -0.2342 0.2756 1.3744 1.0422 1.1227 1.1802 0.1729 -0.6123 0.0925 0.0293 0.5696 -0.6299 0.0394 -0.1825 -1.3006 -1.1816 
3.3878 2.6627 2.4079 1.9776 1.2665 1.6870 1.8177 0.9532 0.7182 1.2628 1.2072 0.0676 1.2546 1.4398 0.0224 0.8069 0.7185 0.7254 -0.1821 1.2141 0.8590 -0.3901 0.6257 0.6026 -0.0297 0.0443 0.7112 0.4473 -0.2063 0.2467 0.2894 -0.0146 -0.4383 
1.8355 1.3041 1.5462 0.9129 0.4293 0.6736 -0.1133 -0.6838 -0.2352 0.0859 -0.9397 0.6435 -0.2070 -0.3808 -0.8669 -0.0228 -0.5073 -0.1299 -1.0603 -0.6111 -0.5621 0.1586 -1.4508 -0.5784 -1.0188 -1.6409 -1.2047 -0.5699 -1.0528 -0.7701 -0.5158 -1.3782 -2.0855 
3.0002 2.5584 2.3993 1.5877 0.9686 -0.3808 1.7080 0.1871 0.3731 1.0273 -0.0050 0.7485 0.3020 1.1076 0.2160 0.7429 0.2886 0.6656 0.0588 0.8196 -0.0131 0.2737 -0.5782 0.3465 -0.4247 -0.6882 0.6479 -1.5643 -0.4599 -0.0911 0.2647 -0.1497 -1.0103 
2.7332 2.0052 1.3246 1.4827 0.6047 1.1448 0.1075 0.9603 0.9062 0.3762 0.1978 0.4904 1.0659 0.1767 -0.3939 -0.6424 -0.5660 -0.7490 -0.5585 -0.0495 0.7028 0.0294 -0.3775 -0.2976 0.1316 0.0546 -0.9581 -0.1019 -0.8921 -0.2070 -0.7690 -0.6264 -1.0889 
2.4260 2.0962 1.8463 1.0952 1.6299 1.0754 1.1649 0.9985 0.8603 0.6650 0.3659 1.2251 0.5910 0.5727 0.2932 0.3914 0.2756 0.2811 0.1303 0.2490 0.1755 0.7325 -0.1944 0.0097 0.0793 0.0914 0.0642 -0.1672 0.1885 -0.6431 -0.2656 -0.5202 -1.4694 
2.3269 1.3525 0.9465 1.5362 1.3723 0.9146 0.9337 0.3664 0.9340 0.4091 0.7061 0.8611 0.6066 1.3721 0.7131 1.0907 0.4377 0.9823 0.5686 1.1242 0.2075 0.4140 0.1382 -0.2760 0.1535 -0.5455 -0.0974 -0.3274 -0.0401 -0.1385 -1.1229 -1.2360 -1.6259 
3.2011 2.2999 1.6569 1.3659 0.3668 1.4724 2.0213 0.9853 -0.0099 -0.7574 0.5469 1.0385 0.6207 1.4786 1.2001 1.4488 1.9403 1.3673 0.9709 1.2474 0.2216 0.6090 -0.0106 -1.4674 -0.8284 0.0668 0.9399 0.2323 -1.0807 -0.3700 -0.4274 -0.4515 -0.6442 
3.3615 3.0474 1.7018 1.7582 2.0260 1.8314 1.3940 1.3422 0.5069 1.2165 1.5820 1.2441 0.8102 0.8130 1.3116 1.2674 -0.8229 1.1940 1.1539 0.5909 0.4618 0.7524 1.0312 0.5323 -0.3056 0.4144 0.3063 0.5856 0.6142 0.0342 -0.4103 0.2915 -0.5211 
3.3149 2.6369 2.3594 1.3564 1.5831 1.7630 1.3269 0.9973 1.6215 0.9932 0.1125 1.2143 0.5224 0.0159 0.0233 0.4086 0.5222 0.2991 -0.1583 -0.2839 0.1289 0.7180 -0.4514 0.3064 0.8300 0.0894 0.2338 0.5205 0.1452 -0.3975 0.2467 -0.0414 -0.5412 
2.7741 1.9516 0.2712 1.2686 0.0286 1.4943 1.4450 0.8615 0.2606 0.2021 0.7135 -1.5293 0.0606 -0.1696 0.9710 0.9069 -0.4506 0.8277 0.8008 -0.4554 -0.3243 -1.9668 0.1428 -0.4669 -0.5152 -0.0181 0.3778 0.2508 -1.3561 -0.4802 -1.6983 -0.6305 -1.0740 
2.1917 0.8507 1.4295 1.0160 0.6613 0.2500 0.7487 0.5528 1.1511 0.5848 0.9265 0.8541 0.8641 0.6241 -0.7845 0.1379 -2.4406 0.0615 -0.9797 0.3116 0.5493 0.3992 0.3752 -0.1091 0.3195 -0.4026 -0.3449 -0.9947 -0.7946 -0.6636 -0.6179 -1.7800 -1.6816 
3.3326 2.0393 1.5882 1.8605 1.8935 1.1387 1.7335 0.1012 1.8233 1.7964 1.4836 1.3035 1.5845 1.3974 1.3438 1.2145 -1.4871 1.0982 1.2012 1.1612 1.2579 0.8250 0.9158 1.1079 0.9867 -0.8046 0.6602 -0.0956 0.4223 0.1267 -0.4949 -0.7075 -0.5303 
3.3769 2.0558 1.0978 0.2317 0.1943 0.8432 1.5647 0.7890 0.8686 0.8156 1.3240 1.7102 0.7905 1.1835 1.4373 0.3297 0.7388 0.2419 1.2795 0.8658 0.4362 1.2613 0.7562 0.1430 0.0995 -0.1150 0.5356 -0.3839 -1.1947 -1.5399 -0.9931 -0.6450 -0.4826 
3.5013 2.3841 0.1547 1.4910 1.5986 1.4705 1.8848 1.1142 1.3611 0.1065 0.8224 1.0712 0.7561 0.8237 -0.4558 0.2513 0.1403 0.1898 -0.6183 0.5928 0.3887 0.6294 0.2417 -0.5574 0.6027 0.1707 0.7888 0.2306 0.1522 -0.2090 -1.9121 -0.3867 -0.3805 
3.4331 2.7465 1.7042 1.7811 1.3727 0.0715 1.2661 0.8805 1.4561 1.3323 -0.1921 0.8063 0.5537 1.1499 1.2252 0.6349 -0.5365 0.5624 1.0057 0.8507 0.1540 0.3397 -0.7213 0.6662 0.6829 0.0015 0.1689 -1.2141 -0.0366 0.0567 -0.3958 0.0588 -0.4267 
1.8082 0.7291 0.8183 0.2141 1.0760 1.4500 0.3215 1.2291 -0.5444 1.2461 0.4902 0.7006 0.8999 0.3984 0.8262 0.0846 0.9914 0.0192 0.6690 0.1302 0.5928 0.2294 -0.0537 0.5890 -1.2748 0.2517 -0.6960 0.2029 -0.3867 -1.4368 -1.2411 -1.8858 -2.2588 
1.7003 1.2826 1.2500 1.0054 0.1369 1.2416 0.5902 0.0485 0.5397 0.1051 1.0883 0.0877 0.6365 -0.0408 0.1022 0.5882 0.0508 0.4733 -0.0410 -0.3718 0.2384 -0.3846 0.5445 -0.5689 -0.2880 -0.8923 -0.5197 -0.0030 -1.2890 -0.6698 -0.8559 -1.4551 -2.2616 
-0.3083 1.8389 2.0885 1.9749 1.6744 1.3307 1.2027 0.7928 -0.7642 0.8596 1.2846 0.7312 -0.1420 0.3903 0.5276 0.2816 0.3400 0.2064 0.3079 0.1265 -0.5199 0.2458 0.7109 0.1968 -1.6180 -0.1034 0.0928 0.0851 0.2129 0.2429 0.0337 -0.8415 -4.3541 
-1.2075 1.5203 1.4763 1.3709 0.1866 0.9751 0.9369 0.8856 0.8343 0.0372 0.1903 0.2851 -0.0118 -0.3074 0.4346 0.5842 0.3726 0.4649 0.2413 -0.5588 -0.4165 -0.1357 -0.3873 -0.6106 0.0640 -0.0054 -0.0662 -0.2839 -1.1764 -0.3803 -0.5452 -1.1735 -3.1614 
3.1153 2.4636 2.5129 1.8803 0.5678 0.9932 1.6437 1.4895 1.6390 0.2754 1.7494 1.4770 1.3098 1.1341 -0.3799 0.8005 0.3864 0.7210 -0.5291 0.8355 0.9197 1.0228 1.2070 -0.4127 0.8459 0.6140 0.6080 -0.2486 -0.9294 0.1331 0.4080 -0.3033 -0.8577 
2.2657 1.4645 1.4401 0.6572 1.2128 0.2889 0.9638 0.8071 1.3175 0.5429 -0.8361 1.0266 0.4593 0.6676 -0.9552 -0.0875 0.4427 -0.2125 -1.1292 0.3853 0.0846 0.6056 -1.3561 -0.1477 0.5481 -0.0824 -0.0605 -0.9603 -0.2988 -1.0493 -0.6042 -1.2412 -1.6605 
1.5658 2.0413 1.7076 0.3143 0.2320 1.2374 1.2441 0.8686 0.4578 0.7269 1.0828 0.7753 -0.1313 0.0383 1.2283 -0.1255 0.2565 -0.2313 1.0122 -0.2321 -0.5064 0.2955 0.5426 0.0607 -0.3692 -0.0018 0.1359 -0.0066 -1.1925 -1.2767 -0.4055 -0.5938 -2.2091 
2.4573 2.1309 2.2496 1.8742 1.4767 1.5298 1.4309 1.5745 1.4821 1.4859 1.2871 1.2170 0.8579 0.3133 0.4028 0.8830 -0.0272 0.8096 0.2252 0.0655 0.5303 0.7202 0.7141 0.8226 0.7053 0.6744 0.3526 0.2817 0.0508 0.1267 0.1760 -0.5212 -1.4296 
2.0757 0.1447 0.5340 1.2734 1.7826 1.4269 1.0684 0.7905 1.0226 0.7098 0.7835 1.2205 -0.4877 0.6641 -0.1626 -0.2552 1.0246 -0.3518 -0.3682 0.3748 -0.8469 0.7238 0.2195 0.0445 0.2245 -0.0964 0.0118 0.1794 0.2874 -0.4579 -1.5800 -2.3269 -1.8126 
2.9675 0.8859 1.4461 1.4796 1.2158 1.5525 1.5361 -0.4385 1.4825 1.1268 1.6628 0.0121 0.8598 1.2815 1.3426 1.0845 0.6048 0.9766 1.1989 0.9914 0.5333 -0.4604 1.1122 0.4484 0.7079 -1.4120 0.5034 0.3105 -0.2954 -0.2197 -0.6283 -2.1635 -0.9741 
2.3467 1.0461 0.7684 0.8693 -0.0129 1.3160 0.2954 -0.6536 1.1664 0.9199 0.4867 0.9531 0.8534 0.6083 0.6969 0.9288 0.6568 0.8488 0.5452 0.2899 0.5215 0.5318 -0.0561 0.2436 0.3348 -1.6233 -0.7497 0.0720 -1.5314 -0.8124 -1.2959 -1.6577 -1.5436 
1.6296 0.6404 1.2649 0.8774 0.8253 0.3868 0.3824 0.2081 -0.2817 -1.2578 0.1620 0.2332 0.4376 0.2029 0.1422 0.1747 -2.4793 0.0885 -0.0023 -0.0180 0.0809 -0.2291 -0.3962 -2.0466 -1.0441 -0.6975 -0.6575 -0.8540 -0.6094 -0.8015 -0.8133 -2.0516 -2.1889 
2.1952 2.0929 1.8620 1.4906 -0.3820 1.3865 0.8213 0.8852 -0.4159 1.2344 0.2434 0.7398 0.3066 -0.0552 0.8660 1.1057 0.8587 0.9972 0.7112 -0.3782 -0.0075 0.2529 -0.3129 0.5633 -1.1879 0.0090 -0.2629 0.1429 -1.6928 -0.2177 -0.2489 -0.5240 -1.6516 
2.8219 1.9316 2.1723 1.0057 1.1507 0.2593 0.0154 -0.5780 1.2119 0.0214 0.6380 1.2392 0.8099 0.7097 0.8937 0.9935 0.5457 0.8925 0.7371 0.4409 0.4637 0.7500 0.0606 -0.6433 0.3729 -1.4787 -1.1051 -0.9649 -0.3458 -0.6991 0.1163 -0.7459 -1.0382 
1.1774 1.0638 1.4488 1.1518 1.3339 1.1531 0.9140 0.7907 0.9956 0.3862 -0.0132 0.4236 0.9640 0.7447 1.0402 0.6666 0.2305 0.5955 0.8514 0.4899 0.6349 -0.0013 -0.5841 -0.2963 0.2030 -0.1071 -0.1316 -0.0994 -0.1091 -0.5616 -0.6027 -1.4945 -3.1163 
1.8414 -0.1012 1.2274 0.6172 0.9620 0.7267 0.0622 -0.4400 -0.2395 -0.3618 -1.0883 0.1082 0.1311 -0.0289 -0.4349 -0.5195 -0.8808 -0.5902 -0.5936 -0.3576 -0.2321 -0.3716 -1.6506 -1.0238 -1.0272 -1.3312 -1.0299 -0.5205 -0.4783 -1.1306 -0.8861 -2.9349 -2.0701 
1.5296 1.5385 1.6804 0.8489 0.2188 0.8736 0.8706 0.3468 0.3239 0.8742 1.0345 0.9751 1.2247 1.2630 0.8751 1.3034 1.2402 1.2378 0.7210 0.9586 0.8215 0.5619 0.4892 0.2203 -0.4589 -0.5687 -0.1893 -0.3612 -1.1566 -0.9275 -0.4356 -1.0730 -2.8325 
1.8266 1.6939 1.4518 1.4123 0.8173 0.8287 0.0650 0.4345 0.1590 0.0823 0.3745 1.2314 0.6683 1.0513 0.7108 0.2083 -0.0307 0.1244 0.5612 0.7740 0.2853 0.7378 -0.1704 -0.5891 -0.6133 -0.4973 -1.0243 -0.4122 -0.6192 -0.2981 -0.6121 -0.9707 -1.9809 
0.8731 1.0407 0.7629 0.5985 0.9229 0.0295 0.4376 0.6046 0.0902 0.5261 -0.2066 0.6227 0.1237 0.5614 0.8383 0.5960 0.5749 0.4795 0.6802 0.2408 -0.2390 0.1305 -0.7720 -0.1607 -0.6640 -0.3729 -0.6152 -1.2128 -0.5127 -1.1733 -1.2555 -1.6979 -3.3209 
2.5046 0.7963 1.4253 0.7967 1.1064 1.5318 1.8770 1.0887 1.0499 0.4627 0.6928 1.5467 1.2537 1.1112 -0.0136 0.7450 0.3482 0.6709 -0.2281 0.8232 0.8551 1.1240 0.1217 -0.2367 0.2359 0.1443 0.7768 0.2986 -0.3696 -0.9213 -0.6234 -1.8704 -1.4775 
1.9030 1.2557 1.2968 1.1053 1.5389 0.1392 0.6718 1.4026 0.0881 1.3377 1.7838 1.3898 1.1127 1.0434 1.0021 1.0739 -0.3182 0.9643 0.8273 0.7675 0.7339 0.9123 1.2280 0.6731 -0.6799 0.5035 -0.4079 -1.1190 0.1048 -0.5835 -0.7869 -1.4386 -1.9777 
1.6515 0.9185 1.8185 0.0256 1.5384 0.4679 1.4550 1.3932 0.8206 0.2792 0.8628 1.4324 0.6826 0.6389 1.1685 0.8157 0.1840 0.7321 0.9487 0.3437 0.2876 0.9680 0.2996 -0.3842 0.0412 0.4862 0.3905 -0.8013 0.1094 -1.7836 -0.2996 -1.7847 -2.1075 
1.6660 2.0806 0.8887 0.6344 0.9830 0.7888 -0.2044 0.8578 -1.7549 0.6619 -0.2959 -0.3925 0.0412 1.3723 1.0769 0.5079 0.5244 0.3940 0.8728 1.1227 -0.3513 -0.8314 -0.8480 -0.0007 -2.4402 -0.0204 -1.2731 -0.4501 -0.4616 -1.1025 -1.1899 -0.5636 -2.0380 
3.2891 2.5776 2.1135 1.4420 1.1759 1.9029 0.6621 0.5588 1.4096 1.3946 0.1552 1.3463 0.7136 0.4784 0.6858 1.1396 -0.5252 1.0271 0.5274 0.1895 0.3310 0.8660 -0.3921 0.7253 0.6421 -0.3948 -0.4516 0.6599 -0.3325 -0.2765 0.0638 -0.1312 -0.5633 
1.4918 1.0312 1.5202 0.6662 0.8111 0.9671 1.3141 1.3003 0.6192 0.6170 0.4132 0.7598 0.7108 0.0531 -0.1616 -0.7596 -0.1344 -0.8663 -0.3654 -0.2340 0.3321 0.2814 -0.1163 -0.0442 -0.1856 0.3461 0.2338 -0.2868 -0.6028 -1.0836 -0.5361 -1.5442 -2.4345 
3.1161 2.0508 1.2172 1.1361 0.8038 1.3818 0.9676 1.7098 1.2733 0.4506 1.2350 1.3419 1.3754 0.7888 0.3128 -0.4114 1.2341 -0.4953 0.1526 0.5608 1.0115 0.8631 0.6539 -0.2220 0.4703 0.7741 -0.0524 0.1398 -0.6234 -0.5745 -0.8834 -0.6187 -0.7606 
2.6606 1.7057 0.9055 1.7806 0.6891 0.9129 0.8689 0.3973 0.6176 1.5275 1.6145 1.4682 1.5924 0.4949 1.3843 1.2224 0.9355 1.1122 1.2412 0.1999 1.2615 1.0103 1.0621 0.8620 -0.1820 -0.5242 -0.1762 -0.3279 -0.7388 0.0513 -1.1389 -1.0586 -1.2080 
1.4312 0.4792 1.3792 1.0351 1.5199 1.7641 1.1187 0.9631 0.8231 1.6214 1.1141 0.7621 0.8202 1.1034 1.2490 0.5137 -1.6511 0.3988 1.0474 0.8167 0.4720 0.2917 0.5649 0.9415 0.0554 0.0612 0.0364 0.5203 0.0923 -0.6226 -0.6527 -2.2590 -2.3157 
2.1803 1.7912 1.6856 1.3374 1.2839 0.9285 1.2409 0.6953 0.5007 -0.4508 0.9295 1.1186 0.6362 1.0631 0.7199 0.5914 0.6093 0.4757 0.5767 0.7850 0.2378 0.6557 0.3809 -1.1353 -0.3289 -0.2407 0.1368 -0.3148 -0.1756 -0.3899 -0.4072 -0.9550 -1.6907 
3.0788 2.3727 1.4016 1.6747 1.3924 1.4532 1.7321 0.5780 0.7425 1.1063 1.5081 1.5012 0.1404 0.7170 0.9288 0.8686 0.2085 0.7967 0.7644 0.4549 -0.2089 1.0667 0.9540 0.4246 -0.0137 -0.3991 0.6582 0.2142 -0.0223 -0.0112 -0.6314 -0.3830 -0.8579 
3.6580 2.2395 1.2770 1.2889 1.5412 0.6667 0.7913 0.0972 0.7924 0.7542 1.1791 0.8970 0.7316 0.6967 0.9564 1.0371 1.0236 0.9327 0.7888 0.4320 0.3678 0.4709 0.6191 0.0930 0.0363 -0.7947 -0.2755 -0.5610 0.1190 -0.4347 -0.8742 -0.5830 -0.3145 
0.6228 0.0040 0.9686 1.0090 0.8557 1.5340 0.5103 1.1478 1.2729 0.6960 1.2139 0.1735 0.4873 0.0045 0.2767 1.0823 -0.2238 0.9725 0.1262 -0.2919 0.1120 -0.2965 0.6336 0.0311 0.4723 0.1981 -0.5811 0.2903 -0.5582 -0.6756 -1.0781 -2.6908 -3.0736 
2.1070 1.2628 1.4871 1.7733 1.0605 0.9367 1.2121 1.2518 1.1072 1.0202 1.1840 1.0088 1.0068 0.0119 0.4753 0.6178 1.1384 0.5257 0.2615 -0.3074 0.6630 0.5871 0.6164 0.3313 0.2870 0.2752 0.1076 -0.3177 -0.3862 0.0543 -0.5391 -1.2413 -1.8772 
3.6488 2.7580 2.0135 1.5914 1.8852 1.6461 1.9159 1.6552 1.4191 0.6445 1.5075 0.6091 -0.3651 1.0000 1.2123 0.7152 1.0210 0.6429 0.9838 0.7384 -0.6623 0.1135 0.9526 -0.0203 0.6501 0.7320 0.8222 0.4124 0.4090 -0.0769 -0.0300 0.0545 -0.2615 
1.5633 0.1749 0.8589 0.2578 1.1917 1.3290 1.2975 1.2970 1.1817 0.7731 0.7255 0.7850 1.0007 1.2499 0.7113 1.3322 0.3425 1.2611 0.5659 0.9405 0.6620 0.3140 0.1568 0.1025 0.3487 0.3486 0.2109 0.0834 -0.2991 -1.4333 -1.1917 -2.7135 -2.3931 
3.1777 2.5952 2.1265 2.1155 1.2892 0.6681 1.2101 1.2659 0.7528 1.3785 0.2310 1.5917 1.4519 0.7110 1.4419 1.1042 1.1938 0.9944 1.2847 0.4569 1.1079 1.1755 -0.3392 0.7105 -0.0028 0.3034 0.1001 -0.5743 -0.1749 0.4231 0.0725 -0.1028 -0.7273 
3.7276 2.8557 2.0495 1.2473 1.4827 -0.1389 1.8682 0.0516 1.4769 1.3452 0.9562 0.7447 1.6281 -0.3751 1.2948 1.8389 1.5175 1.7260 1.1283 -0.5959 1.2846 0.2697 0.4091 0.6763 0.7006 -0.8793 0.7664 -1.3396 0.0547 -0.4831 -0.0030 0.1412 -0.1488 
1.3551 2.1056 1.2107 1.1225 1.7501 0.9850 1.0383 1.0241 0.0652 0.5987 0.6069 0.7125 1.2237 1.0273 1.6267 0.6862 1.2149 0.6139 1.4486 0.7649 0.8199 0.2387 0.0283 -0.0849 -0.7148 0.0995 -0.0134 -0.2383 0.2572 -0.5731 -0.9316 -0.5469 -2.6976 
1.9250 0.8506 1.2468 0.6310 0.4959 1.0146 -0.2757 -0.2441 0.3554 -0.2815 -0.3554 0.0316 0.3020 0.2337 0.0259 0.2178 -0.3411 0.1341 -0.1555 0.0047 -0.0088 -0.4461 -0.9267 -0.9530 -0.4256 -1.1691 -1.3464 -0.2482 -1.0096 -1.1631 -0.8717 -1.7630 -2.1992 
2.8856 0.4991 1.4926 1.3930 1.1770 0.7992 1.5471 1.1354 0.0787 0.8094 1.5919 -0.3652 0.5831 0.7725 -0.0141 0.8010 -1.4268 0.7201 -0.2238 0.5305 0.1843 -0.8262 1.0387 0.1542 -0.7168 0.1744 0.5204 -0.4293 -0.3282 -0.3362 -0.5236 -2.2537 -1.0407 
1.2312 0.2400 0.2440 0.1533 -0.8729 0.9010 -0.2304 0.7523 -0.2601 0.6131 -0.1579 0.2490 -0.4038 0.5918 0.4565 0.7162 -0.1169 0.6465 0.2458 0.2653 -0.7364 -0.1889 -0.6948 -0.0558 -1.0539 -0.1551 -1.2640 -0.3417 -2.3079 -1.5754 -1.7859 -2.5050 -2.7939 
3.0640 2.1055 1.3386 1.0262 1.5277 1.2299 1.0690 0.6887 1.6467 0.7122 -0.3812 1.2743 1.0808 1.2211 1.2182 1.6963 0.9618 1.5868 0.9966 0.8974 0.7083 0.7959 -0.9262 0.0442 0.8510 -0.2379 0.0106 -0.0088 0.0968 -0.6381 -0.7004 -0.5956 -0.8684 
3.7303 2.7958 2.4410 1.9995 2.0856 2.0178 1.8496 1.5845 0.8783 0.5730 1.3002 1.5776 1.4321 0.8590 1.5421 1.5454 1.8049 1.4670 1.3778 0.6258 1.0823 1.1550 0.7268 -0.1094 0.1069 0.6789 0.7372 0.7707 0.6572 0.2589 0.2993 0.0776 -0.1970 
3.3908 2.0211 1.8860 1.4908 1.4141 1.9106 1.4517 1.5782 1.1070 1.1722 0.9019 1.3265 1.0900 1.3685 1.4445 1.4376 1.4783 1.3544 1.2874 1.1222 0.7135 0.8555 0.3475 0.4929 0.2814 0.6768 0.3693 0.6637 0.0167 -0.1453 -0.1958 -0.5961 -0.5093 
3.2448 3.3567 2.6837 3.2465 2.9424 2.4890 2.7110 2.3972 2.2047 2.5414 1.9878 1.8370 2.2714 2.0711 0.0434 1.4507 0.6458 1.3652 -0.1726 1.8444 1.9224 1.3440 1.4166 1.8788 1.4239 1.4370 1.6446 1.2473 1.4739 1.5206 0.6583 0.6746 -0.7892 
4.0254 2.4943 2.2708 2.1191 2.1766 2.1037 2.3105 2.5533 1.9176 2.1776 1.9472 2.0196 2.1099 2.5867 1.8905 1.3622 2.2108 1.2912 1.6962 2.3241 1.7945 1.5456 1.3776 1.4935 1.1413 1.6060 1.2561 0.8654 0.7686 0.4290 0.1861 -0.4189 0.0971 
