2.2208 2.0229 2.0431 1.9530 1.5773 1.3897 1.4281 1.3465 1.3357 0.0336 0.9576 0.4337 0.8548 1.5084 0.9602 1.3035 1.4032 1.1879 0.8031 1.2673 0.4998 -0.0112 0.3885 -0.6499 0.4994 0.3483 0.3154 0.1162 0.1153 0.1699 -0.0661 -0.7362 -1.7848 
0.3988 2.3565 1.8794 0.1089 0.7751 1.1901 1.0416 0.7521 0.4940 1.2298 1.6119 1.2942 0.5196 1.1044 0.0123 1.1213 0.8976 1.0136 -0.2171 0.8366 0.1506 0.7874 1.0462 0.5327 -0.3240 -0.2143 -0.0254 -0.0699 -0.6724 -1.7090 -0.3099 -0.3450 -4.6442 
1.7451 0.9478 1.5191 1.4055 1.1834 1.4488 0.3727 1.5243 -0.1296 0.2103 1.1565 0.9203 1.4880 1.3268 1.2344 1.1411 0.1573 1.0308 1.0185 0.9932 1.1233 0.4495 0.6024 -0.4623 -0.9581 0.6096 -0.7092 0.1766 -0.3250 -0.3724 -0.5705 -1.6873 -2.3173 
3.5410 3.1553 2.1018 1.8306 1.8169 1.4554 1.3863 1.3762 1.1496 1.1871 0.1848 1.3627 0.4622 1.4589 0.3516 1.0377 0.7168 0.9501 0.2046 1.1971 0.1161 0.8652 -0.3817 0.4829 0.3226 0.3979 0.2684 0.1933 0.3116 0.0987 -0.0145 0.3456 -0.4231 
1.8030 2.4302 2.4937 2.3615 1.9095 1.5267 1.0871 1.0214 -0.8208 1.5953 1.4057 0.1940 0.7936 0.6988 0.6284 0.5458 0.9857 0.4398 0.4098 0.3741 0.3977 -0.3140 0.8226 0.9192 -1.5731 0.1181 0.0328 0.2508 0.3677 0.6630 0.3433 -0.2966 -2.0789 
2.8704 2.6695 2.0016 1.0355 2.0289 0.5550 0.9535 0.9595 1.0393 1.9013 1.5956 1.5106 1.6507 1.0859 0.9480 0.9159 -2.4689 0.8333 0.7781 0.8181 1.3321 1.0338 1.0195 1.1979 0.2384 0.0597 -0.1325 -0.7111 0.5403 -0.6048 -0.1702 -0.0671 -1.0425 
1.7866 2.2225 2.1775 1.4734 -0.6954 0.3123 1.0838 1.5623 1.5173 1.6068 1.4491 0.2513 0.8943 1.4472 1.4399 1.3601 1.3580 1.2809 1.2922 1.1813 0.5383 -0.2244 0.8644 0.9357 0.7337 0.6630 0.0448 -0.9582 -2.2489 -0.3149 0.0819 -0.4769 -2.1438 
2.9501 3.0048 2.4799 2.2983 2.0051 -0.2889 1.5955 0.8936 1.2614 1.4447 1.1269 1.1843 0.3779 1.1017 1.3710 1.0899 -1.1473 0.9840 1.1853 0.8295 0.0615 0.7256 0.5629 0.7667 0.4097 -0.0301 0.5250 -1.6387 0.4951 0.5789 0.3217 0.2590 -1.0704 
3.4584 1.9470 0.9754 1.5564 2.1004 1.7796 1.9177 1.2530 0.9073 0.3482 0.3589 0.3970 -0.0325 0.1521 0.4030 1.0413 0.8660 0.9533 0.2296 -0.1243 -0.4284 -0.0316 -0.2098 -0.3283 0.1165 0.2783 0.7933 0.5079 0.6506 -0.2113 -1.1153 -0.9971 -0.5127 
-0.1256 0.7767 0.2981 0.6992 0.5298 -0.0278 0.6106 0.6469 0.7142 0.7023 0.7501 0.6643 0.1887 0.9822 0.7311 0.7492 0.1059 0.6827 0.5363 0.7453 -0.1817 0.1569 0.1642 0.0254 -0.1210 -0.3347 -0.4979 -1.3043 -0.9673 -1.0772 -1.8122 -1.8915 -4.5460 
-0.2528 1.6476 1.2922 0.3813 0.6734 1.7701 0.6997 1.4287 1.1092 0.7353 0.3657 0.9780 1.3548 1.0188 0.8087 0.2324 0.0676 0.1500 0.6606 0.7754 0.9491 0.5385 -0.2050 0.0615 0.2967 0.4800 -0.4429 0.4981 -0.8169 -1.3673 -0.9044 -1.0380 -3.9839 
2.6855 1.7884 1.9100 1.4906 1.0726 1.3433 0.7648 1.1242 1.3343 0.9494 0.9426 0.8792 0.9646 0.9525 0.9493 0.7857 1.3993 0.7166 0.7808 0.7164 0.6530 0.4016 0.3525 0.2655 0.4886 0.1873 -0.3582 0.0744 -0.4009 -0.2821 -0.2546 -1.0345 -1.2333 
3.8038 2.8034 1.8950 1.5681 -0.4373 0.7601 1.0348 1.0006 1.2525 0.2197 0.6026 0.8078 -0.9984 0.6219 0.8400 0.2064 0.1084 0.1237 0.6956 0.3137 -1.3216 0.3222 0.0489 -0.4760 0.3904 0.1007 -0.0181 -0.5034 -1.8300 -0.1757 -0.2718 0.0532 -0.1885 
3.0546 2.7226 2.2119 1.7740 1.8567 1.7662 1.8574 2.0753 1.5294 1.2163 1.4552 0.9571 -0.0530 0.2412 0.8880 0.5814 -0.0984 0.4644 0.7320 0.0078 -0.4430 0.4968 0.8739 0.5240 0.7374 1.1249 0.7563 0.4996 0.3388 0.0620 0.1106 0.0083 -0.9102 
4.0018 2.7476 1.9589 1.7688 0.9490 1.2217 1.8107 0.8804 1.3591 0.8500 0.9032 -0.0743 0.6240 0.7385 0.0241 1.2796 -0.8495 1.1629 -0.2040 0.4407 0.2257 -0.5420 0.3158 0.1699 0.5272 -0.0228 0.7275 -0.0405 -0.5088 0.0506 -0.2365 -0.0899 0.0551 
2.9577 2.2639 1.4976 0.9923 1.6363 1.7682 1.3447 0.9160 1.2553 0.5345 0.3711 0.8879 1.3434 1.6761 1.2896 1.3115 -0.7600 1.1918 1.0608 1.4219 0.9430 0.4044 -0.1871 -0.1667 0.4016 0.0229 0.2136 0.4975 0.1810 -0.7692 -0.5724 -0.4832 -0.9538 
3.2822 2.4970 2.0252 1.0671 1.7792 1.1041 1.3169 1.5577 1.0913 -0.0648 1.6214 1.8076 1.1612 0.9189 0.4806 1.3169 0.9561 1.2004 0.3021 0.6866 0.7882 1.3538 1.0577 -0.7982 0.2801 0.6533 0.1931 -0.1856 0.2970 -0.6403 -0.0859 -0.2292 -0.6426 
3.3395 0.1462 1.9728 1.5053 0.2279 1.3223 0.9986 -0.5273 0.3728 -0.0192 0.9454 0.7228 0.8538 1.3903 1.1332 1.1187 1.3760 1.0114 0.9407 1.0963 0.4952 0.2293 0.3560 -0.7219 -0.4321 -1.4919 -0.0812 0.0523 -1.1799 -0.2395 -0.1979 -2.3302 -0.6521 
2.9767 1.7901 0.8072 1.1161 0.8992 0.7356 0.3131 -0.1346 0.9069 0.5915 0.6549 0.7973 1.1082 0.9824 0.6851 -1.1653 -0.8076 -1.2275 0.4541 0.7479 0.7538 0.3142 0.0722 -0.1089 0.1188 -1.0712 -0.7766 -0.5394 -0.5484 -0.5887 -1.1961 -0.8622 -0.9821 
0.6551 2.6878 2.0426 1.6522 1.6769 1.4458 1.0675 1.5238 0.0888 0.6042 1.2470 1.3254 1.4519 0.1121 0.2181 0.7422 -0.1446 0.6799 0.0681 -0.1884 1.0677 0.8195 0.6856 -0.0809 -0.7689 0.6135 0.0316 0.1689 0.2045 -0.0851 -0.0814 -0.0075 -3.1140 
1.0627 1.5264 0.8598 1.8512 1.4136 0.7265 1.3706 1.0120 1.3223 1.4044 1.5963 1.9981 1.5614 0.7472 0.7651 1.3433 1.0240 1.2486 0.6013 0.4420 1.2123 1.5015 1.0244 0.7289 0.4699 0.1036 0.2497 -0.5365 -0.0728 0.1050 -1.1810 -1.1820 -2.8973 
1.3689 1.4446 1.5893 1.8454 0.5109 1.4714 0.7745 1.3755 0.9892 1.8910 1.7174 1.5543 1.6023 1.0674 0.6565 0.2362 0.2523 0.1485 0.4277 0.8022 1.2879 1.0840 1.1534 1.1943 0.2051 0.4082 -0.3583 0.2064 -0.9626 0.1022 -0.4727 -1.2260 -2.3467 
3.5395 2.0807 2.1293 1.7043 1.3994 1.9855 1.8884 1.5555 1.8533 1.4064 0.9243 0.0723 1.3446 1.7144 1.4901 1.4383 1.4412 1.3657 1.3412 1.4507 0.9427 -0.4394 0.3404 0.7250 1.0073 0.6628 0.7748 0.7181 -0.0848 -0.0029 0.0394 -0.8103 -0.4191 
2.2598 2.1460 1.7507 1.9111 1.6585 0.9785 1.2652 0.7771 1.5586 1.4403 0.8565 0.9326 0.7200 1.1151 0.9754 -0.9812 0.4516 -1.0794 0.8148 0.8423 0.3155 0.4631 0.2761 0.7606 0.7674 -0.1689 0.1451 -0.2909 0.1888 0.1416 -0.3720 -0.5617 -1.6217 
2.0563 1.1323 0.8331 1.6391 1.2985 1.8770 1.1106 1.5959 1.1114 1.4679 0.4018 1.1824 0.1302 0.9992 0.6608 1.0198 -0.9808 0.9383 0.4285 0.7564 -0.2808 0.7231 -0.1783 0.7860 0.2904 0.7014 0.0503 0.6107 -0.2067 -0.0593 -1.1903 -1.4135 -2.1538 
1.4025 2.7784 2.1069 1.5221 0.8706 1.4145 1.3745 1.6249 2.1769 1.4467 -0.2591 1.1510 0.4857 1.0079 1.4433 0.8422 0.8687 0.7625 1.2947 0.7633 0.1353 0.7041 -0.8554 0.7606 1.3876 0.7294 0.2606 0.1480 -0.5843 -0.2144 0.0013 0.1030 -2.4953 
3.2667 1.5753 2.1709 2.1014 2.1314 2.1677 1.2046 1.3889 0.7909 0.7511 0.6904 0.6747 1.3551 0.9607 0.6187 -0.3284 0.4463 -0.4063 0.3900 0.7267 0.9508 0.1696 0.0969 0.0779 0.0012 0.4202 0.1023 0.8943 0.6905 0.3353 0.0823 -1.2717 -0.6638 
2.9596 1.7195 2.2809 1.9184 2.0077 1.4697 2.2606 0.8590 1.5142 1.5089 0.8711 1.0665 0.9476 0.6682 1.0681 0.8641 -0.8400 0.7816 0.8928 0.3313 0.6098 0.6419 0.2879 0.8263 0.7325 -0.0832 1.1988 0.2146 0.5029 0.1374 0.1831 -1.1398 -1.0068 
1.3876 2.2709 1.0842 1.0343 -0.0600 1.5660 -0.7086 0.9792 1.0656 0.9008 0.7546 -0.2485 -0.5250 0.0556 0.1270 0.4305 0.9475 0.3350 -0.0403 -0.2626 -0.9484 -0.7114 0.1726 0.2085 0.2692 0.0764 -1.7980 0.2973 -1.5130 -0.6603 -0.9915 -0.4075 -2.9562 
2.0563 2.1177 2.2880 2.0268 1.6358 1.3857 1.4886 1.0719 0.2014 0.3733 0.7307 1.1605 0.8819 1.0490 1.7906 1.6057 1.4791 1.5305 1.5911 0.7952 0.5183 0.7122 0.1405 -0.3111 -0.5890 0.1451 0.3740 0.1094 0.1732 0.2600 0.1951 -0.5830 -1.8055 
1.6992 1.7441 1.7820 1.6249 0.6003 1.3244 0.8716 1.1841 -0.0543 0.1137 0.5623 0.8799 0.6783 0.4248 0.6892 0.7224 0.1607 0.6482 0.4609 0.1711 0.2623 0.4005 0.0075 -0.5575 -0.9099 0.2297 -0.2604 0.0548 -0.9619 -0.0633 -0.3833 -0.9082 -2.3921 
0.9160 0.1273 -0.4558 -0.3058 1.1895 0.1895 0.7278 0.0801 0.7267 -1.8451 0.8523 -0.5265 -0.2836 0.7294 0.0738 0.5981 -0.3267 0.4851 -0.1436 0.4262 -0.5981 -1.0123 0.2749 -2.4840 -0.0978 -0.9018 -0.3939 -1.0879 -0.3182 -2.1038 -2.5146 -2.7160 -3.1181 
3.7099 2.9309 2.4567 1.6799 1.6172 1.3677 1.8318 0.7239 0.8894 0.8442 0.6661 0.3316 1.2015 1.3537 -1.3366 1.1863 0.8246 1.0759 -1.6099 1.0369 0.8206 -0.1168 0.0797 0.1597 0.1080 -0.2751 0.7416 0.1057 0.1569 -0.0438 0.3133 0.1678 -0.2597 
2.9805 2.5712 2.0610 1.6033 1.0189 1.5877 1.6682 0.7830 1.1551 0.8515 1.6498 1.8704 1.5485 1.7852 1.2040 0.0632 0.7372 -0.0329 0.9838 1.5032 1.1972 1.3923 1.0864 0.1734 0.3231 -0.1771 0.6115 0.3173 -0.4372 -0.1313 -0.0537 -0.2503 -0.9950 
2.7896 2.6449 2.3399 0.9468 1.0960 0.9046 0.3642 0.7952 1.0736 1.5024 1.2668 0.5404 0.8808 1.7121 1.5380 1.0463 -0.3965 0.9538 1.3785 1.4504 0.5211 0.0895 0.6936 0.8206 0.2723 -0.1598 -0.6848 -0.3732 -0.3809 -0.8469 0.2186 -0.0977 -1.0858 
1.1679 1.5265 1.9560 0.8991 1.4400 1.7359 1.9715 1.1157 1.6337 1.3104 0.0447 0.7080 0.7542 0.3405 1.2005 1.7930 1.4030 1.6839 0.9881 0.1108 0.3455 0.2132 -0.5341 0.5932 0.8419 0.1813 0.8430 0.4712 -0.0247 -0.8436 -0.2111 -1.1282 -2.9108 
2.7080 2.5975 2.7060 2.0473 1.8539 -0.5719 0.9628 1.2845 1.1098 0.8509 0.2468 1.2440 0.7891 1.4278 0.8235 0.8599 -0.8879 0.7825 0.6773 1.1531 0.3929 0.7631 -0.3278 0.1657 0.2957 0.3013 -0.1072 -1.7731 0.3268 0.2714 0.6027 -0.1925 -1.2985 
3.1187 2.0165 1.7406 1.9436 2.0447 1.2841 0.8512 1.7763 0.8712 0.9545 1.0604 0.6980 1.1769 1.5999 1.5227 0.7635 1.3783 0.6964 1.3659 1.3689 0.8016 0.1968 0.4990 0.2747 0.0869 0.8307 -0.2456 0.0098 0.5649 0.1635 -0.3849 -0.8377 -0.8769 
3.2568 2.5410 2.4355 2.2696 1.9945 0.5735 0.9716 1.7474 0.9952 1.7312 1.3137 0.7616 1.3635 0.9908 0.3626 1.3808 0.6087 1.3145 0.2057 0.7476 0.9566 0.2775 0.7147 1.0387 0.1895 0.8126 -0.0784 -0.7294 0.4868 0.5453 0.3044 -0.3087 -0.7827 
3.5971 2.2521 1.3845 1.0694 1.8171 1.3475 1.4166 1.3220 0.1801 -0.1539 1.0908 0.9861 0.7303 0.9256 0.9502 1.1689 0.6814 1.0606 0.7857 0.6953 0.3186 0.5469 0.5365 -0.8615 -0.5936 0.3198 0.3035 0.0740 0.3188 -0.5994 -0.7513 -0.4332 -0.3521 
2.7022 1.4481 1.2915 1.5705 2.0600 1.3535 1.0563 1.4037 0.9737 0.2553 0.4595 0.4354 -0.5042 0.0874 1.2292 -0.4698 0.3289 -0.5124 1.0044 -0.1989 -0.8679 0.0091 -0.0984 -0.4350 0.1874 0.4428 -0.0092 0.0721 0.6019 -0.1914 -0.8478 -1.2079 -1.2506 
1.8849 2.7731 2.5058 2.1634 1.9572 1.6132 1.5671 -0.4990 1.3677 1.7654 1.2366 0.3029 0.8032 0.9000 1.1527 1.0268 0.8152 0.9450 0.9540 0.6661 0.4200 -0.1751 0.6699 1.0663 0.5496 -1.3483 0.4680 0.3299 0.4266 0.4039 0.3439 0.0908 -2.0286 
2.9260 2.0843 1.1996 0.8285 1.7854 1.3296 1.9593 1.5351 1.7427 1.7978 1.5548 0.3369 1.3171 1.7168 0.6946 -0.3054 -1.5964 -0.3854 0.4749 1.4514 0.9051 -0.1159 0.9626 1.0979 0.9335 0.6266 0.8258 0.0651 0.2915 -0.9154 -0.9677 -0.5767 -0.9840 
3.1183 2.1485 2.0681 1.3780 0.8120 0.2224 1.0975 0.8861 -0.2534 1.3550 -0.3316 0.4311 0.3747 0.2394 -0.5307 0.5867 0.2706 0.4720 -0.7160 0.0164 0.0565 -0.0045 -0.9375 0.6856 -1.0845 -0.0402 0.0585 -1.0668 -0.6111 -0.4140 -0.0474 -0.5268 -0.8441 
3.2835 1.9551 1.9626 2.1787 0.9784 1.3016 1.2559 0.7411 0.6768 1.0380 -0.0601 -0.0509 0.2736 0.6458 0.5081 0.2462 0.7944 0.1673 0.3127 0.3232 -0.0885 -0.5271 -0.5952 0.3412 -0.1778 -0.2252 0.1475 0.0137 -0.4509 0.4075 -0.1798 -0.7641 -0.6928 
2.7940 2.1230 -0.2622 0.1924 -0.4772 1.3011 1.4198 1.5102 1.3278 1.1259 -0.5460 0.4846 0.6723 1.2930 0.5218 0.4496 0.7841 0.3486 0.3185 0.9612 0.2631 0.0510 -1.1340 0.4268 0.4801 0.5932 0.3107 0.0368 -1.9240 -1.5866 -2.3377 -0.6051 -1.1247 
1.6659 1.8362 2.0139 2.0709 1.7505 1.4284 1.4488 1.6757 1.3941 1.2255 0.9780 0.0413 0.3677 0.8278 0.0834 0.1906 0.1951 0.1179 -0.1180 0.5686 0.0506 -0.4736 0.4064 0.5165 0.5886 0.7582 0.3240 0.1631 0.2603 0.3132 -0.0819 -0.8348 -2.5532 
3.6320 2.5773 1.3501 1.9750 1.5633 1.8402 1.7566 0.9886 0.8258 0.7125 0.5710 1.3663 1.0633 1.6707 1.6001 0.7870 1.6206 0.7138 1.4425 1.4192 0.7233 0.8713 0.0026 0.0328 0.0464 0.0881 0.6962 0.5736 0.0958 0.1846 -0.7908 -0.3071 -0.3472 
2.6803 1.9437 1.4189 0.6618 1.0495 1.6916 -0.2105 1.6241 1.8098 1.6127 1.3413 0.8519 1.1171 0.9864 1.1933 0.3617 0.0851 0.2809 0.9776 0.7482 0.7616 0.3685 0.7505 0.9372 0.9738 0.7239 -1.2745 0.4207 -0.4086 -1.1315 -0.6795 -0.8328 -1.1966 
3.2462 1.3516 1.3741 1.1542 1.4750 -0.1899 0.5862 0.9982 1.3954 0.7624 1.0239 0.7780 0.5501 0.7313 -1.4187 -0.9647 -0.6457 -1.0389 -1.6376 0.4280 0.1670 0.2958 0.4528 0.0938 0.5851 0.1011 -0.5349 -1.5340 0.0374 -0.5546 -0.7203 -1.1278 -0.8127 
3.1959 0.5880 1.6266 1.9963 1.9900 0.2732 -0.6025 1.5403 -0.2478 1.4857 -1.3760 0.9807 1.2814 0.7739 0.4049 0.6809 1.1175 0.5661 0.2269 0.4907 0.8721 0.5451 -1.9233 0.8053 -1.0531 0.6283 -1.6732 -1.0193 0.4841 0.2203 -0.4943 -2.2102 -0.8592 
1.9186 2.5110 1.5942 1.8456 -1.1138 1.4604 1.3394 1.4328 1.2914 1.6448 1.0327 1.7218 0.3270 0.6873 0.6899 0.5330 0.4618 0.4200 0.4686 0.3487 0.0134 1.2957 0.4735 0.9588 0.4436 0.4836 0.2026 0.1960 -2.2756 0.0820 -0.4971 -0.2048 -2.3269 
3.3940 2.1650 1.2471 1.1942 1.6306 1.3144 1.2905 0.7396 0.8959 1.1314 1.0202 1.1910 1.1215 1.4054 0.1623 -0.5196 0.6862 -0.6266 -0.0153 1.1202 0.7652 0.7282 0.4598 0.4292 0.1032 -0.2401 0.1683 0.0292 0.1684 -0.5395 -0.8650 -0.5052 -0.5236 
1.9166 2.1184 1.8411 1.8927 2.2145 1.9628 1.9562 1.4821 1.4368 1.5891 1.2544 0.7416 -0.0501 1.2820 0.2666 0.5124 -0.9475 0.4027 0.0977 0.9581 -0.4471 0.2455 0.6918 0.9039 0.6667 0.5487 0.8186 0.6936 0.7528 0.1380 -0.3109 -0.5510 -2.0147 
2.8091 1.2430 2.1072 1.6349 2.3041 1.3223 1.6140 0.8858 0.0767 0.3224 0.6414 1.5176 1.4628 1.5621 1.1824 0.3241 -1.1001 0.2485 0.9679 1.3283 1.0879 1.0399 0.0659 -0.3544 -0.7465 -0.0345 0.5437 0.0568 0.8360 -0.0651 0.0507 -1.3650 -1.1779 
3.1339 2.4634 2.4211 1.9841 2.5647 1.7070 1.7306 2.0686 1.6691 1.0816 1.2404 1.6966 0.4120 0.2559 0.6474 0.5285 0.5759 0.4168 0.4204 0.0277 0.0865 1.2670 0.6842 0.3859 0.8660 1.1178 0.6861 0.4202 1.0327 0.1993 0.2996 -0.3516 -0.8828 
2.7191 2.8680 2.4960 2.2498 1.2199 0.6429 1.0754 1.6435 1.5506 0.7107 1.0986 -0.5965 1.5326 0.7903 0.2658 0.9616 0.7375 0.8865 0.1075 0.5069 1.1784 -1.1473 0.5390 0.0275 0.7590 0.7384 0.0310 -0.6239 -0.3197 0.5215 0.3300 0.1514 -1.2485 
3.2328 2.5117 2.0843 1.3803 1.6214 1.7799 0.8030 0.7285 0.1082 0.9738 0.9481 0.9332 0.1691 0.6087 0.7356 0.8950 0.8813 0.8142 0.5476 0.3058 -0.2151 0.4563 0.3661 0.3015 -0.7091 -0.2529 -0.3174 0.5085 0.1673 -0.4041 -0.0163 -0.2408 -0.6983 
1.0089 2.7702 2.3207 1.0994 1.8139 1.9746 1.2586 1.7802 1.6976 1.5971 1.5292 0.4026 1.2483 1.1600 0.0657 1.2103 1.0660 1.1007 -0.1680 0.8790 0.8467 -0.0018 0.9480 0.9263 0.8916 0.8389 0.1487 0.7045 0.3185 -0.6206 0.1932 0.0998 -3.4190 
2.4061 2.6270 2.5045 1.6956 2.3384 2.2721 1.4786 0.8494 1.0296 1.4180 1.4382 0.7986 1.1757 1.3564 1.0466 0.6586 0.2857 0.5329 0.8754 1.0395 0.8021 0.3184 0.8540 0.7451 0.2235 -0.0528 0.3479 0.9986 0.8690 0.0057 0.3568 -0.0703 -1.5802 
1.9018 2.1345 1.1335 1.8660 2.2931 1.5927 0.8218 1.8767 1.6847 1.3734 0.8537 0.9097 0.7224 0.8710 1.0888 0.1872 0.0311 0.1178 0.9051 0.6350 0.3186 0.4304 0.2805 0.6982 0.8807 0.9070 -0.2836 0.3146 0.8294 0.1165 -0.9536 -0.5763 -2.2121 
3.5270 3.0388 2.0701 2.0373 1.1435 1.9479 1.0089 1.6216 1.3900 -0.7501 1.1191 1.4450 0.0484 0.9380 1.0531 1.1154 -0.3449 1.0080 0.8812 0.7016 -0.3830 0.9568 0.5625 -1.5120 0.5812 0.7228 -0.0259 0.6720 -0.3243 0.2782 -0.0772 0.2727 -0.4070 
1.3823 2.6878 2.6477 1.8012 1.5933 1.5408 0.9281 0.8970 0.4550 0.4261 0.5923 1.3341 1.0886 0.5655 -0.2910 0.9280 0.2574 0.8463 -0.4612 0.2644 0.7462 0.8268 0.0422 -0.2583 -0.3430 -0.0239 -0.1620 0.2722 0.1328 0.0846 0.5064 -0.0133 -2.5071 
3.8714 2.6328 2.1120 0.2161 1.1084 1.6303 1.6706 1.3465 0.7321 0.2657 -0.1632 1.3924 1.2563 1.2245 -0.1297 0.7736 0.2484 0.7038 -0.3272 0.9229 0.8581 0.9040 -0.7250 -0.4276 -0.0805 0.3539 0.6170 0.3543 -0.3808 -1.5905 0.0106 -0.2527 -0.1526 
1.9149 3.0059 2.0424 1.8597 1.7463 1.2169 1.5089 0.6465 1.0548 0.9158 1.4205 1.4218 0.8706 1.5449 1.2374 1.2752 0.4651 1.1576 1.0154 1.3168 0.5152 0.9359 0.8415 0.2227 0.2577 -0.3422 0.4063 -0.0601 0.2611 0.1053 -0.0989 0.2822 -1.7178 
2.7572 1.5904 2.0008 0.9873 1.2417 1.1841 1.5028 0.9278 1.2418 0.9558 0.7359 0.0947 1.4569 0.8154 0.9592 0.5119 -1.2168 0.4003 0.8013 0.5434 1.0776 -0.3944 0.1477 0.2751 0.3944 0.0242 0.3973 -0.0855 -0.2742 -0.7506 -0.1331 -1.1728 -1.1331 
2.0192 2.8623 0.0288 2.1265 2.0765 2.0207 1.3256 0.9835 1.8950 0.7636 0.4310 1.0067 -1.0447 0.6005 1.1608 1.3871 -0.4417 1.3203 0.9582 0.3085 -1.3439 0.5683 -0.1090 0.0747 1.0437 0.0910 0.1978 0.7503 0.6178 0.3733 -2.4828 0.1599 -1.7154 
3.3059 2.1359 2.6995 2.5557 2.0449 2.3527 1.1983 -0.2326 1.1020 0.9215 1.0992 0.2512 0.9557 1.0547 1.3856 1.1993 -0.3457 1.0899 1.1992 0.8021 0.6278 -0.2112 0.5343 0.2419 0.2910 -1.1804 0.1081 1.0799 0.5741 0.7760 0.6074 -0.6297 -0.5890 
3.3548 2.7711 2.5538 1.3389 1.9016 1.5130 1.4419 1.2270 0.1918 1.6981 0.6259 1.1570 0.6319 0.6218 0.9120 1.0608 1.2245 0.9594 0.7561 0.3097 0.2286 0.7103 0.0481 1.0054 -0.5944 0.2536 0.3259 0.2388 0.3679 -0.4062 0.3676 0.0528 -0.6058 
2.8418 1.5884 2.6675 2.1393 1.4982 1.2343 0.8023 1.5674 0.4723 0.5709 1.1443 1.9594 1.8633 1.6519 0.9571 1.2407 -1.2164 1.1240 0.7970 1.4045 1.4710 1.4540 0.5942 -0.1386 -0.3272 0.6689 -0.3111 -0.0278 0.0478 0.3653 0.5580 -1.1377 -1.0556 
1.6288 1.9019 2.5055 1.9047 1.5420 0.3226 0.2567 0.9681 1.8142 1.8705 1.5616 0.7011 1.0333 0.4454 1.4503 1.3467 0.0896 1.2544 1.3089 0.1906 0.7086 0.2042 0.9686 1.1706 0.9755 0.0777 -0.8502 -0.9398 0.0898 0.1178 0.3407 -0.8364 -1.9800 
0.9679 2.1613 1.9081 1.6916 1.4073 1.5945 1.5620 -0.5520 1.0108 0.9533 0.1946 1.4360 1.4730 1.4733 0.4159 1.4887 1.8136 1.4131 0.2331 1.2180 1.0956 0.9530 -0.3897 0.2681 0.2195 -1.5458 0.4614 0.3267 -0.0643 -0.0368 -0.2527 -0.5435 -2.4996 
3.6657 2.6568 1.5327 0.8545 0.8367 1.6652 1.6466 1.6528 1.1685 1.5553 0.3598 1.0731 0.0576 1.3477 0.9949 0.9441 0.7770 0.8549 0.8352 1.0288 -0.3367 0.6509 -0.2158 0.8700 0.3255 0.7445 0.5862 0.3992 -0.5953 -0.9022 -0.5611 -0.1417 -0.2974 
0.7543 1.8190 1.7477 1.2192 2.0500 1.5918 0.7831 1.5632 1.1519 0.9691 0.8369 0.8108 1.4927 1.1478 -0.3703 0.9585 1.4204 0.8843 -0.5374 0.8640 1.1253 0.3251 0.2532 0.2991 0.3193 0.6646 -0.3183 0.3150 0.5795 -0.5106 -0.3848 -0.9196 -2.9382 
1.9672 2.9461 2.4191 1.9913 2.4221 1.9527 0.7503 0.2359 1.8184 1.3792 0.5148 0.6325 0.1111 0.8472 0.0999 0.2929 1.3823 0.2147 -0.0820 0.5983 -0.2913 0.1469 -0.0346 0.6999 0.9778 -0.6421 -0.3839 0.6800 0.9309 0.2272 0.2666 0.2257 -2.4854 
3.3042 2.5977 2.8122 2.0072 1.9806 1.0184 0.1541 0.8673 0.8732 0.8146 1.0168 1.5095 0.9438 0.7897 0.3013 0.8734 1.1033 0.7932 0.1372 0.5136 0.5974 1.0274 0.4525 0.1459 0.0866 -0.0389 -0.9682 -0.2773 0.4641 0.2058 0.7252 -0.2181 -0.5945 
2.9975 2.6857 2.6150 1.6994 1.9566 0.8720 1.0336 1.3484 1.5539 0.9506 1.0334 1.0907 1.4970 1.1231 1.1837 0.3463 0.3841 0.2661 0.9688 0.8454 1.1306 0.6705 0.4681 0.2754 0.7617 0.3627 -0.0263 -0.4045 0.4238 -0.0016 0.4441 -0.0512 -1.0040 
3.2832 2.3790 2.4509 1.5495 1.5317 0.3678 1.6271 1.5351 1.4869 1.3314 0.9488 1.3506 2.0629 1.7087 -1.0288 1.6622 1.2120 1.5809 -1.1382 1.4427 1.6714 0.8600 0.3702 0.6325 0.7083 0.6288 0.5712 -0.8514 0.0778 -0.1676 0.3102 -0.3848 -0.7093 
3.2533 2.3705 2.4992 1.5445 1.6806 0.5132 1.1094 1.2761 1.1240 1.4358 1.2081 0.8419 1.0390 0.3239 1.3456 1.5238 1.4307 1.4442 1.1366 0.0940 0.7102 0.3493 0.6493 0.7527 0.3059 0.2874 0.0607 -0.7373 0.2088 -0.2295 0.3218 -0.4255 -0.8346 
3.8798 2.7485 2.4472 2.0456 2.2457 2.0872 1.6584 1.2982 0.9804 1.5902 1.6820 1.5175 0.8623 0.4684 0.8306 1.3924 1.7088 1.3280 0.6880 0.2075 0.4827 1.0383 1.1202 0.9097 0.2031 0.3047 0.6127 0.8121 0.7947 0.2913 0.3107 -0.0343 -0.0971 
2.2327 2.4099 2.0496 0.7587 1.6101 0.9945 1.3946 1.1350 0.8690 0.8447 1.1404 0.9908 -0.4895 0.0683 -0.3852 -0.4899 -0.5424 -0.5628 -0.5445 -0.2497 -0.8896 0.5494 0.5828 0.1651 0.0853 0.1916 0.2815 -0.2832 0.1573 -0.9824 -0.0856 -0.3341 -1.6924 
2.3200 2.1665 2.0492 2.0566 1.7135 1.7646 1.5531 1.6470 1.3392 0.8839 1.2999 1.4835 1.4880 1.0456 0.5901 -0.3005 0.8032 -0.3702 0.3750 0.7881 1.1175 0.9983 0.7127 0.2058 0.4936 0.7402 0.4536 0.4959 0.2363 0.2936 -0.0456 -0.5599 -1.6028 
3.8624 3.1647 1.9744 2.2485 1.4372 1.5822 0.8731 1.4459 1.5516 0.1874 1.1384 1.1489 0.7693 0.6388 1.4253 0.7945 0.2601 0.7218 1.2667 0.3184 0.3620 0.7064 0.5774 -0.4868 0.7603 0.5090 -0.2437 0.3116 -0.0289 0.5287 -0.2302 0.3379 -0.1609 
1.9590 2.6361 2.0191 1.6583 1.8867 1.6701 1.8319 1.5781 1.3595 1.3228 1.3589 1.2988 1.2700 1.4601 0.7057 0.9829 -0.3593 0.9050 0.4965 1.1970 0.8697 0.7924 0.7702 0.6259 0.5358 0.6791 0.7435 0.3926 0.3634 -0.0537 -0.1410 -0.1169 -2.3832 
4.0181 3.1470 0.8171 1.5445 1.9931 0.4272 1.8377 1.8151 1.4210 1.2612 1.3998 1.2226 -0.1983 1.3514 0.9542 1.3648 1.0807 1.2914 0.7865 1.0364 -0.5262 0.7471 0.8181 0.5535 0.6386 0.8622 0.7476 -0.7852 0.4947 -0.2104 -1.3681 0.3048 0.0547 
2.7797 2.6596 2.5442 2.1902 2.3627 1.8984 2.0565 1.8518 0.9050 1.3296 0.7276 0.8578 -0.4567 1.5554 1.0395 0.8952 1.3211 0.8154 0.8635 1.3250 -0.7991 0.3757 0.1330 0.6403 0.1142 0.8822 0.9482 0.6239 0.8829 0.4368 0.3659 -0.0980 -1.2973 
-0.4729 1.8698 1.6641 1.3574 1.8457 1.7769 1.4634 1.6535 1.3561 1.2125 1.0627 0.9813 0.0280 0.2289 -1.1955 -1.5914 0.5489 -1.7439 -1.3356 -0.0027 -0.4004 0.5339 0.4884 0.5085 0.5205 0.7419 0.3482 0.5112 0.3311 -0.4052 -0.4198 -0.8697 -4.0523 
3.3730 1.0120 1.6432 1.6218 0.8387 0.8561 1.7581 0.3867 1.7045 0.7908 0.0232 1.4622 1.0854 0.9400 1.1175 1.0698 0.9556 0.9705 0.9311 0.7056 0.7391 0.9714 -0.5664 0.1058 0.8973 -0.5529 0.6948 -0.4278 -0.6099 -0.1264 -0.4828 -1.5352 -0.5788 
1.2164 2.4829 0.3636 1.5642 1.2918 1.6062 1.5733 1.6295 1.1842 1.6261 0.7880 0.8239 1.0354 0.8640 0.7115 0.8486 -0.1959 0.7714 0.5029 0.6299 0.7083 0.3356 0.1988 0.9495 0.3301 0.7292 0.4769 0.3380 -0.2291 -0.1849 -1.7715 -0.2833 -3.1851 
3.6306 1.4245 0.2351 1.0078 1.9612 2.1176 1.6442 0.8040 1.3324 1.4082 0.7047 0.7742 1.1980 0.5299 0.6763 1.4320 1.4969 1.3615 0.4519 0.2438 0.8172 0.2933 0.1156 0.7318 0.4850 -0.1347 0.5844 0.8404 0.4285 -0.7247 -2.0568 -1.2739 -0.3626 
2.6668 1.4761 0.7398 -0.1680 -0.2243 -0.3884 0.9062 0.7500 0.0426 -1.0070 -0.3383 -0.2735 -0.0439 0.0876 0.3715 -0.3801 -1.2287 -0.4792 0.1980 -0.2364 -0.4363 -0.6942 -0.9039 -1.7263 -0.8361 -0.2255 -0.1944 -1.6600 -1.7481 -1.7848 -1.3770 -1.4393 -1.4395 
2.4734 0.6436 1.6063 1.0642 1.1855 1.3746 1.2234 1.2662 0.7733 1.3569 1.4133 1.0398 0.2548 1.2361 1.3255 1.3689 0.7128 1.2948 1.1066 0.9339 -0.1106 0.6010 0.8272 0.6883 -0.0075 0.2928 0.1182 0.1028 -0.3264 -0.6668 -0.4811 -1.8130 -1.5910 
3.3049 1.4041 1.6383 1.6747 0.8774 1.7534 1.5316 1.3141 1.3794 1.2020 0.2355 -0.0175 0.7111 0.2287 0.9519 1.1340 0.4281 1.0276 0.7916 -0.0154 0.3020 -0.4983 -0.3574 0.5006 0.5737 0.3139 0.4238 0.4883 -0.5413 -0.0387 -0.4189 -1.1974 -0.6749 
1.9535 2.1382 2.0525 1.6017 1.4860 1.0330 0.7261 1.0807 1.1088 1.1299 0.8109 0.6099 -0.1455 0.4830 0.9637 1.2394 0.9030 1.1246 0.8089 0.2095 -0.5070 0.1275 0.2271 0.4304 0.2970 0.1552 -0.3927 -0.2415 0.0442 -0.1327 -0.0658 -0.5564 -2.0080 
3.5265 2.0454 2.0055 1.7869 1.1903 0.6851 0.8695 0.9472 0.9823 0.2011 0.6248 1.0884 0.8961 -0.1692 0.6867 0.5808 -1.1876 0.4594 0.4644 -0.4463 0.5429 0.6647 0.0552 -0.4925 0.1911 0.0566 -0.2405 -0.5964 -0.3335 0.0600 -0.0912 -0.7920 -0.4416 
3.9071 2.9745 2.3064 1.6220 1.7232 1.5545 0.9562 1.3141 0.4309 0.0514 0.6913 0.3030 0.8721 0.7116 0.6164 0.5921 0.5152 0.4796 0.3861 0.4001 0.5115 -0.1602 0.1024 -0.6484 -0.3816 0.3131 -0.1180 0.2820 0.2468 -0.1012 0.1981 0.1964 -0.0468 
1.6267 1.4175 1.4908 1.5107 1.1969 1.2566 1.1767 0.4820 1.4677 1.3078 1.3307 1.0224 1.1186 0.6258 1.0359 0.6657 -0.6352 0.5445 0.8656 0.3124 0.7634 0.5860 0.7390 0.6038 0.6941 -0.4491 0.0910 -0.0123 -0.3144 -0.2583 -0.5830 -1.3037 -2.2238 
3.8762 2.7065 1.6817 1.7640 1.6500 1.9067 1.4501 1.4983 1.3812 1.3435 1.1575 0.8355 -0.9252 0.2815 -0.1748 0.9622 1.0919 0.8917 -0.3435 0.0583 -1.2330 0.3362 0.6013 0.6705 0.5765 0.5772 0.3276 0.6351 0.1847 0.0509 -0.4406 -0.1089 -0.1181 
2.8538 2.6197 2.0703 1.4400 1.3059 1.5856 1.4842 1.3110 1.2741 1.3189 1.3836 1.3151 1.3748 0.9116 0.4432 1.1901 1.2493 1.0819 0.2621 0.6818 0.9646 0.8054 0.7956 0.6191 0.4245 0.3167 0.3726 0.3132 -0.2385 -0.3255 -0.0515 -0.1655 -1.1186 
