4.2252 5.0513 4.4774 3.1005 4.3852 4.4074 4.4243 4.3961 4.5808 3.7983 2.2420 2.8883 2.4660 3.4966 3.4519 3.8653 3.5781 3.8035 3.3029 3.2758 2.1397 2.4953 1.7109 3.1280 3.8478 3.4700 3.3699 3.2271 2.9486 1.4458 2.4946 2.5132 0.5416 
5.1960 4.8580 3.3117 4.4463 5.5375 5.7546 4.9328 4.9726 4.9453 4.1167 4.2365 3.3426 3.6339 3.4833 3.6894 2.6339 2.5166 2.5461 3.4854 3.2609 3.2950 2.8830 3.7086 3.4705 4.1474 4.0540 3.8891 4.5672 4.1136 2.8105 1.1085 2.2573 1.2772 
5.1193 5.2053 3.7815 3.9720 4.9230 4.6075 4.8833 4.0597 3.4899 2.6191 3.5853 2.9828 2.9161 2.5298 2.9975 3.3790 1.1269 3.3044 2.8333 2.2503 2.6196 2.5939 3.0582 1.9812 2.7455 3.2213 3.8626 3.4255 3.4974 2.3570 1.7351 2.6715 1.5485 
3.4663 4.6795 4.3281 3.4930 4.7664 4.7703 4.6394 4.3112 4.0842 3.9304 3.9310 3.7104 2.8898 3.8856 3.9041 3.4558 3.6077 3.3741 3.7572 3.6199 2.5937 3.2710 3.3841 3.3009 3.3410 3.4115 3.6168 3.5940 3.3858 1.9587 2.2988 2.1591 -0.8028 
5.7011 5.5643 4.0824 3.7942 4.0737 4.3247 4.0003 4.3926 4.5523 2.7096 3.3799 3.2644 2.9821 2.6839 3.3533 3.0942 2.3042 2.9862 3.2174 2.4189 2.6642 2.8041 2.8438 2.0839 3.8261 3.4609 2.9765 3.1381 2.7157 2.1168 2.1051 2.9561 2.0837 
5.2783 5.1040 4.4366 4.5837 4.8455 4.8684 4.3136 4.4019 3.9778 3.4121 2.9067 3.0234 2.3512 2.6508 2.7145 2.6089 2.6951 2.5045 2.5698 2.3730 2.0551 2.6223 2.3661 2.7633 3.2456 3.4705 3.2828 3.6780 3.4528 2.9612 2.4032 2.5279 1.4287 
5.4090 4.9010 4.1499 5.0635 3.4932 3.7233 4.2250 4.0955 4.4011 2.9967 3.3246 3.1106 3.7247 3.4338 2.7756 3.0380 2.9596 2.9359 2.6412 3.2141 3.3591 2.6748 2.7820 2.3354 3.6041 3.2540 3.2335 2.5204 2.0962 3.4138 2.2226 2.2811 1.7116 
5.5466 5.2519 3.9266 4.6961 5.0644 5.1565 3.3783 3.4625 3.8406 3.9754 3.5366 3.2112 3.6078 3.5838 3.1875 3.0276 2.0385 2.9226 2.9723 3.3364 3.2806 2.7471 3.0006 3.3386 3.0830 2.6342 2.3330 3.9656 3.6878 3.1146 1.9472 2.7594 1.8651 
5.1302 4.9456 4.1330 4.0525 4.4373 4.8115 4.6169 4.9870 4.3377 3.2559 3.8179 3.4702 2.8753 3.7248 2.5378 3.3803 3.2058 3.3055 2.3189 3.4408 2.5848 3.0499 3.2664 2.6342 3.5359 4.0553 3.6047 3.6268 3.0426 2.4261 2.1415 2.3108 1.3795 
5.1885 5.7513 5.0917 5.1513 5.0356 3.6953 4.5861 3.5322 4.1905 3.7674 3.0892 2.7007 3.7988 3.2359 2.3907 2.7058 0.8054 2.6410 2.2167 2.9319 3.4098 2.2672 2.5744 3.1081 3.4361 2.6719 3.5591 2.5174 3.6239 3.5098 3.1118 3.2367 1.4647 
5.4337 5.0581 4.7771 4.6250 5.2469 4.6411 4.4558 2.9640 4.6774 4.0942 3.9689 3.3613 3.4482 3.4149 3.5425 3.6627 2.2502 3.5584 3.3839 3.2039 3.1335 2.9153 3.4250 3.4598 3.9453 2.1136 3.4161 3.4499 3.8851 3.0047 2.7940 2.5033 1.7960 
1.4479 5.2399 4.3109 3.7823 4.8536 2.8566 4.4051 3.8758 4.4348 3.8102 3.8337 3.5872 3.4105 2.2117 3.4693 3.1754 2.8919 3.0641 3.3231 1.9892 3.0807 3.1889 3.2874 3.1538 3.6705 2.9663 3.3490 1.6210 3.4567 2.0799 2.2831 2.7106 -0.2319 
4.4166 5.5558 4.2306 4.2140 4.9995 3.8198 4.3746 4.0655 3.8418 3.0691 3.4156 3.0332 2.5377 2.6252 3.7368 2.3551 0.2960 2.2685 3.5303 2.3297 2.1730 2.6199 2.8711 2.4280 3.0756 3.2300 3.3198 2.6068 3.5828 2.5857 2.1759 2.9874 0.8358 
4.4744 4.8998 4.3852 4.4233 3.1478 4.4557 4.4402 3.8445 3.7071 3.6851 3.9096 2.0445 2.8477 1.1197 1.9470 2.5440 3.0480 2.4349 1.7293 0.9160 2.5333 1.5643 3.3625 3.0343 2.9190 2.9296 3.3926 3.2700 1.7609 2.7570 2.3331 2.3227 0.9927 
5.2838 5.1588 4.6031 4.5284 4.9934 2.9547 4.6681 3.8306 4.0622 3.5188 2.9431 3.7903 3.9723 2.1261 3.7983 2.8973 3.2981 2.8220 3.5838 1.8134 3.6301 3.3224 2.4063 2.8746 3.3284 2.9047 3.6767 1.7083 3.5637 2.9056 2.6430 2.6368 1.6738 
4.7264 4.5317 3.2208 3.8563 5.0922 4.8382 3.9118 4.4443 4.6431 2.5762 3.7497 3.5438 3.0320 3.6250 3.6683 3.4923 3.2472 3.4210 3.4697 3.3686 2.6961 3.1400 3.2189 1.8742 3.8987 3.5326 2.8723 3.6468 3.7297 2.2163 1.2301 1.9807 0.9251 
5.7983 5.4661 4.7390 4.5436 4.8465 4.4339 4.4270 3.6335 4.4566 3.4907 4.2284 2.2711 3.5022 3.3587 3.4615 3.6962 2.3650 3.5913 3.3098 3.1197 3.2097 1.8086 3.7055 2.8656 3.7034 2.7562 3.3687 3.2460 3.4493 2.9058 2.7560 2.8657 2.1187 
5.6374 5.2270 4.0035 2.7806 3.0373 3.9752 4.9469 4.5588 4.2429 3.6800 3.3124 2.7181 2.9483 2.8670 2.5852 3.2320 3.2555 3.1450 2.3723 2.6425 2.6436 2.2741 2.7678 3.0305 3.4655 3.6890 3.9028 2.8063 1.6613 1.1033 2.0275 2.6618 1.8999 
5.1933 5.2263 4.9338 4.4938 5.3918 4.0724 5.2287 4.9948 4.4330 3.5778 3.9636 3.8992 3.7001 3.8189 2.5040 3.2623 2.0187 3.1985 2.2954 3.5161 3.3422 3.4471 3.4272 2.9234 3.6594 4.0606 4.2115 2.8970 4.0050 2.8654 2.8977 2.6935 1.6205 
4.6571 5.1923 4.5260 5.1079 5.3895 5.3818 4.0195 4.4995 3.3558 2.8395 3.8371 3.8163 3.2172 3.5627 2.7170 2.3842 3.0627 2.2908 2.5610 3.3201 2.8286 3.3472 3.2932 2.1725 2.6517 3.6012 3.0249 4.1894 4.0100 3.4666 2.5756 2.6760 1.1256 
4.8293 4.0973 3.9992 4.6230 4.6567 5.0819 4.4324 2.7584 4.3135 3.7237 3.7147 4.0473 3.7180 3.4264 3.4172 2.6663 3.1621 2.5998 3.2673 3.2130 3.3507 3.6137 3.2024 3.0680 3.5225 1.8438 3.3779 3.8919 3.3144 2.9747 2.0442 1.5467 1.0196 
4.9975 4.7582 4.4930 4.3828 5.0301 4.2805 4.5467 3.5904 4.4009 3.3669 3.9258 3.5912 3.3460 3.8710 3.3474 3.2657 2.8889 3.2041 3.2105 3.5968 2.9939 3.1971 3.3882 2.7155 3.6078 2.7413 3.5062 3.0952 3.6280 2.7256 2.5335 2.2009 1.4423 
5.1989 4.3588 4.1962 3.9771 5.1442 4.9044 4.5753 3.2670 4.5751 3.4576 3.9919 3.8096 3.4324 3.6358 2.6068 3.2250 3.5938 3.1318 2.3884 3.3743 3.1003 3.3388 3.4527 2.8149 3.8455 2.3227 3.5440 3.7141 3.8035 2.3231 2.2198 1.7869 1.5459 
5.3191 5.0294 4.4859 4.5466 4.5258 5.0632 4.7813 2.6830 3.8309 2.7226 2.4591 2.0219 2.7140 3.2030 3.5338 2.4310 1.6523 2.3529 3.3736 2.8948 2.3459 1.5376 1.9607 2.1052 3.0641 1.7053 3.8033 3.8779 3.1654 2.8811 2.4364 2.3978 1.4503 
4.0218 4.9062 4.7304 4.6810 3.6364 4.4716 3.5531 4.9815 4.0851 3.5163 3.4426 3.8497 3.4260 3.3058 4.0403 3.5749 3.3824 3.4814 3.8867 3.0584 3.1014 3.3913 2.8930 2.8710 3.3403 4.0542 2.5954 3.2910 2.2461 3.0716 2.7458 2.3330 -0.2727 
5.8739 5.5870 4.8573 4.7759 4.8935 4.9934 4.4324 4.3450 4.2041 3.5517 3.9585 2.9349 2.0735 2.6703 2.1456 1.8118 2.1827 1.7042 2.0200 2.3832 1.7071 2.5147 3.4178 2.9142 3.4437 3.4311 3.3901 3.8039 3.4787 3.1739 2.8633 2.9631 2.2176 
4.5153 4.8925 4.4478 4.6325 4.4380 4.3667 4.8730 4.1217 3.9552 3.5684 2.0356 3.2668 3.3734 2.6490 2.8510 2.9665 3.4149 2.8822 2.6919 2.3739 3.0281 2.8156 1.4974 2.9224 3.2346 3.2630 3.8575 3.1958 3.0289 2.9835 2.4447 2.3125 1.0681 
5.0693 3.8184 2.9932 4.1247 3.4545 2.8936 3.8995 3.8393 3.4713 2.9134 3.4579 4.2335 3.9003 3.5731 3.5067 3.3272 2.8380 3.2570 3.3537 3.3277 3.5333 3.8221 2.9222 2.2782 2.7339 2.9303 2.8640 1.7061 2.0903 2.5223 1.0582 1.2702 1.4081 
2.0996 4.4201 4.1452 4.3674 5.0167 4.6343 4.9933 3.2100 4.3842 3.5378 3.7862 3.1751 3.0223 2.8059 3.2982 3.5787 3.3596 3.4837 3.1496 2.5765 2.6927 2.7060 3.2409 2.8803 3.5857 2.3010 3.9362 3.4466 3.6029 2.7260 2.1560 1.8687 -0.4673 
5.1261 5.1468 4.3730 4.4674 4.8208 4.7685 4.4684 4.0230 4.6791 4.0589 3.5811 3.2550 3.2884 1.4367 3.2473 2.2820 2.8637 2.2201 3.0604 1.0753 2.9145 2.7798 3.0644 3.4226 3.9424 3.2060 3.4218 3.5865 3.4370 2.8098 2.3519 2.6230 1.4284 
3.3089 3.6264 4.6211 4.6464 4.9975 4.5595 4.6689 4.4362 3.4851 3.2415 3.4924 1.8669 2.8715 3.2403 3.5453 2.9296 1.9658 2.8525 3.3831 2.9524 2.5693 1.4439 2.9627 2.6142 2.7503 3.5141 3.6831 3.3757 3.5685 3.0117 2.6764 1.0924 -0.4777 
5.1116 4.4036 4.1299 5.0304 5.0245 4.4655 4.8331 3.6533 4.1466 3.8828 3.7227 3.2956 2.5203 3.6342 3.4824 2.9018 2.3819 2.8294 3.3324 3.3749 2.1511 2.8403 3.2049 3.2485 3.4017 2.7479 3.8323 3.2766 3.6185 3.3738 2.1760 1.8913 1.4353 
4.6859 5.2632 3.7861 4.4229 5.2139 4.5134 4.1085 3.9431 3.8595 3.4228 2.6997 3.4362 1.3719 2.4338 3.2941 3.1421 2.8223 3.0307 3.1421 2.1812 0.9464 3.0001 2.1510 2.7818 3.0989 3.0715 3.1291 3.3171 3.8573 2.7701 1.6684 2.7395 1.2584 
5.1839 5.3332 3.7458 4.2356 4.9908 4.7570 4.1266 4.2886 3.8575 3.4684 3.6731 2.5260 3.9204 3.7026 3.2203 3.1125 2.9654 3.0072 3.0160 3.4216 3.5639 2.0679 3.1499 2.8355 3.1048 3.3928 3.1303 3.5638 3.5689 2.6374 1.6846 2.7908 1.5147 
4.9857 4.9967 4.5427 4.6487 3.6462 4.6719 4.7970 4.4009 4.3808 2.7004 3.1903 2.7245 3.4712 3.4260 3.7774 2.4236 -2.0422 2.3177 3.5607 3.2157 3.1761 2.2773 2.6430 2.0531 3.5814 3.4667 3.8100 3.4959 2.2543 3.0143 2.5909 2.4185 1.4269 
5.6524 5.3708 4.7011 4.1255 4.3173 3.8670 4.2707 3.7966 4.3112 2.2225 3.8249 2.5289 2.5830 3.5098 2.5671 3.1499 3.2925 3.0446 2.3413 3.2839 2.1910 2.1009 3.2717 1.6212 3.5190 2.8730 3.2534 2.6898 2.9086 2.4868 2.7384 2.8119 2.0273 
5.5880 4.8753 4.2876 2.5835 3.6530 4.6343 4.5631 3.5725 3.3324 4.3925 4.3917 3.6147 3.1802 3.1326 3.4571 2.9898 2.9297 2.8871 3.3054 2.8499 2.7889 3.2110 3.8380 3.7408 2.6136 2.6951 3.5255 3.4558 2.2624 0.9468 2.2716 2.2530 1.8185 
3.4022 5.2207 4.6355 4.2785 5.0808 4.8833 4.9394 4.2194 4.1320 3.6397 2.4841 3.2708 3.2796 2.7973 3.3398 3.0753 -0.7627 2.9719 3.2067 2.5794 2.9024 2.8157 1.9386 2.9859 3.3867 3.3377 3.8965 3.6959 3.7112 2.6608 2.6608 2.6930 -2.5999 
5.1075 4.4446 4.1902 4.1047 4.8177 4.4551 4.7846 4.7449 4.4244 4.3658 3.2919 2.3334 2.6374 3.7940 2.7430 3.1595 2.1670 3.0515 2.5996 3.4839 2.2737 1.9515 2.7479 3.7057 3.6397 3.8854 3.8011 3.2856 3.4290 2.5479 2.2290 1.8104 1.3613 
2.6483 4.8131 4.7637 4.7746 5.0417 5.1856 4.7365 4.2645 3.9910 3.3799 3.6323 1.8672 3.7265 3.7211 2.3662 2.7739 3.0399 2.6998 2.1884 3.4391 3.3595 1.4455 3.1098 2.7336 3.2627 3.3741 3.7432 3.9987 3.6559 3.1766 2.7922 2.2698 -0.2935 
5.5814 5.0749 3.9862 4.0604 4.9780 5.0974 4.8631 4.5426 2.7790 3.9071 3.9070 3.6329 2.9921 3.8335 4.0155 3.7144 4.0076 3.6100 3.8666 3.5439 2.6667 3.2245 3.3604 3.2756 2.0495 3.6668 3.8503 3.9102 3.5544 2.4281 2.0167 2.4900 1.8222 
4.5020 4.6578 4.6506 2.8181 5.4569 5.2198 3.1785 3.7656 4.3647 4.4661 4.2214 4.1637 4.1767 2.0761 3.4379 3.4598 3.3973 3.3819 3.2847 1.7704 3.8558 3.7639 3.6991 3.8342 3.5677 2.8540 2.1468 4.0264 4.0565 1.4234 2.6834 2.1519 0.9555 
2.9563 5.2621 4.9813 5.1065 5.5834 4.8776 3.7530 3.7714 3.7278 3.7714 3.2372 1.5111 2.5577 3.0739 2.3939 2.2392 1.7143 2.1655 2.2268 2.8042 2.1795 1.0017 2.6845 3.1148 2.9416 2.8527 2.6983 3.6836 4.1519 3.4648 2.9381 2.7325 -0.2573 
5.0036 4.7519 3.9778 4.2672 4.8505 4.4062 3.6187 3.3277 4.6328 4.3118 3.9164 2.9049 3.0051 3.1747 2.8823 2.8694 2.0921 2.7933 2.7372 2.8706 2.6744 2.4954 3.3671 3.6536 3.8933 2.4699 2.6137 3.2190 3.4560 2.6695 2.0548 2.2054 1.4002 
5.3152 3.8785 4.7449 5.2390 4.5555 3.7754 4.3454 4.0332 4.4218 4.3189 3.8308 3.5292 2.3504 3.7701 4.0276 2.9753 3.1221 2.8741 3.8755 3.4670 2.0546 3.1224 3.2772 3.6658 3.6464 3.2022 3.3059 2.6049 3.2061 3.6106 2.7734 1.2351 1.6095 
5.5981 5.3588 4.3543 4.8585 5.1376 4.4180 4.1785 4.2224 3.8130 3.3474 3.9609 3.0993 3.2668 2.7896 2.0269 2.8274 2.7178 2.7475 1.8200 2.5701 2.8822 2.6561 3.4234 2.7051 3.0249 3.3417 3.2061 3.2211 3.7929 3.2501 2.3222 2.7955 1.8926 
4.4062 5.6605 5.0669 5.2232 4.1188 3.7529 4.6025 4.0754 3.5225 2.8725 3.1640 3.7498 3.3190 3.8889 3.4512 2.3192 3.6142 2.2410 3.2968 3.6242 2.9595 3.2925 2.6263 2.2324 2.7713 3.2311 3.5787 2.5854 2.7358 3.5837 3.0743 3.1251 0.0545 
5.6658 5.0962 4.8265 4.6621 3.5212 4.1183 2.9365 3.5222 3.7772 3.2905 3.2550 3.3001 3.4464 2.3254 3.2136 2.6893 2.1646 2.6251 3.0065 2.0941 3.1243 2.8482 2.7075 2.6627 2.9828 2.6677 1.9518 2.9320 2.1412 3.0465 2.8397 2.5341 2.0284 
5.5730 5.4642 4.4513 4.3860 5.0146 5.2324 3.5832 2.6368 3.8018 4.0569 4.2210 3.8365 3.4475 2.7000 3.2986 3.0272 2.4485 2.9199 3.1468 2.4490 3.1238 3.3689 3.7000 3.4262 3.0059 1.7136 2.5870 4.0447 3.6105 2.7312 2.4261 2.8696 1.8670 
4.2020 5.0360 4.9673 4.7955 5.0070 5.3691 4.8068 4.5763 3.4911 3.8343 3.2119 3.2489 2.9025 2.2408 3.0183 2.2350 1.8872 2.1568 2.8472 2.0225 2.6135 2.7826 2.6581 3.2041 2.7631 3.7168 3.8125 4.1846 3.5893 3.2077 2.9438 2.4850 0.8038 
5.3527 5.5145 3.7283 3.7789 5.3416 5.5931 4.0132 3.8949 4.7657 4.0071 4.2229 4.0739 3.7491 3.9329 1.2721 3.1489 3.4616 3.0526 1.1495 3.6838 3.3738 3.6593 3.7035 3.3668 4.0141 3.0125 2.9685 4.4056 3.9735 2.1295 1.5965 2.9208 1.7969 
3.3113 4.9907 4.6862 4.8294 5.0366 2.8575 3.6451 4.1948 3.9697 2.4391 3.4562 3.1788 3.2687 2.8078 3.3572 3.2271 2.6578 3.1335 3.2226 2.5857 2.8873 2.7099 2.9113 1.8220 3.2406 3.3270 2.6484 1.6520 3.6302 3.2241 2.7214 2.3999 0.3788 
4.4749 5.5852 4.6511 4.4224 5.3118 3.4423 3.3655 4.2620 4.4697 3.5657 3.1870 2.0076 3.4966 3.8237 2.8839 3.2153 2.1400 3.1157 2.7318 3.5232 3.2099 1.5616 2.6395 2.9160 3.7221 3.3733 2.3308 2.2872 3.9404 2.7712 2.6792 3.0310 0.8273 
3.3963 5.0130 3.1005 4.1252 4.3684 4.7249 4.4258 4.2413 4.6557 4.3271 3.6982 3.0853 2.7981 4.0406 3.8482 3.0728 3.5671 2.9773 3.6629 3.8223 2.4814 2.6602 3.1664 3.6708 3.9222 3.3606 3.3716 3.5383 2.9403 2.5345 1.1624 2.4426 -0.3534 
5.5723 5.2875 4.6108 4.8591 4.2499 4.4517 3.9221 4.1525 2.4473 3.3734 2.1939 2.6273 2.0597 3.9423 3.5532 3.4022 1.8668 3.3220 3.3924 3.7049 1.7117 2.1644 1.6716 2.7356 1.6592 3.2901 2.8789 3.2696 2.8356 3.2433 2.6679 2.7420 1.8939 
5.0011 4.9587 4.0592 4.4393 4.5160 3.8546 4.5295 4.5516 4.1802 3.9525 3.4687 2.8365 2.9397 3.1369 3.2440 2.7036 2.9216 2.6307 3.0519 2.8525 2.6440 2.3770 2.9269 3.3256 3.4139 3.6902 3.4961 2.6714 3.1450 2.7799 2.0734 2.3742 1.4513 
5.5979 5.0244 4.4116 4.7941 5.0539 3.4334 3.4251 3.3407 4.1675 4.0231 3.9028 3.3823 3.1779 3.3350 2.7855 2.3333 1.7547 2.2637 2.6523 3.0817 2.8066 2.9279 3.3623 3.3792 3.4174 2.4614 2.4074 2.2309 3.6638 3.2054 2.4083 2.4203 1.9621 
5.1464 5.2341 4.3480 3.6128 4.1115 4.5542 3.5666 4.7642 3.9260 3.8351 3.5749 3.4357 3.5727 3.6786 3.7135 3.2618 3.4606 3.1964 3.5066 3.4062 3.2534 2.9985 3.0466 3.2077 3.2030 3.8994 2.5896 3.3695 2.7408 2.0105 2.2923 2.6785 1.2834 
5.1466 4.7009 4.1945 4.0420 4.1853 4.7797 4.8843 3.7574 4.1113 4.1919 3.9507 2.8655 3.9451 3.8952 3.6710 3.0875 2.6254 2.9856 3.4696 3.6348 3.5971 2.4413 3.4094 3.5427 3.3676 2.8579 3.8597 3.5977 2.8160 2.4041 2.2165 2.1369 1.4681 
5.2158 5.2503 4.2373 3.9892 4.7296 5.2970 5.3403 4.8331 3.4086 4.3805 3.4909 3.3991 3.2742 3.2726 2.1136 3.3967 3.5791 3.3226 1.9549 2.9963 2.8991 2.9495 2.9638 3.7194 2.6885 3.9427 4.3583 4.1168 3.3633 2.3814 2.2253 2.7163 1.5002 
4.9883 4.8458 4.6759 4.7129 5.3211 4.9893 5.1852 4.8921 4.3425 4.3982 3.7962 3.8469 3.0567 3.6173 2.8152 3.0824 3.3932 2.9833 2.6627 3.3594 2.7137 3.3864 3.2362 3.7477 3.5456 3.9861 4.1647 3.7923 3.9548 3.1211 2.7262 2.2698 1.2086 
3.3405 4.5384 3.1151 3.9482 5.6640 5.1775 4.4560 3.7095 4.1984 3.4653 3.9483 3.3551 2.8042 2.7910 2.8801 2.8706 1.5644 2.7938 2.7326 2.5652 2.4630 2.9009 3.4056 2.8347 3.4405 2.8066 3.4109 3.9854 4.2896 2.3236 0.9871 2.0046 0.3561 
5.2726 5.0930 4.0967 4.9709 5.1570 4.6889 3.3452 4.5614 4.5944 3.7899 4.0526 3.8126 3.6168 3.5254 3.2638 2.0924 1.5850 2.0294 3.0944 3.2930 3.2831 3.3372 3.5061 3.1401 3.8575 3.6995 2.3286 3.4950 3.8091 3.3234 2.1921 2.6258 1.5758 
5.3044 5.0976 4.5660 4.5976 5.1365 5.2502 4.4990 4.4781 4.0898 3.5067 3.4422 3.4449 3.6818 3.5489 3.8765 3.3590 2.2855 3.2813 3.7168 3.3133 3.3321 3.0072 2.9023 2.8742 3.3540 3.5778 3.4502 4.0701 3.7815 2.9331 2.6383 2.5895 1.7242 
4.6208 4.2645 4.0622 3.4058 5.1440 5.0799 4.5217 4.5140 4.1439 4.0499 2.8652 2.8279 4.0134 3.3287 3.2295 2.4088 1.4834 2.3034 3.0334 3.0728 3.6865 2.3917 2.3099 3.4097 3.3960 3.6306 3.4803 3.8896 3.8061 1.7869 2.1375 1.6857 0.9914 
4.6471 4.5664 3.5656 3.8972 4.6534 4.7651 4.2433 4.2665 3.3305 2.6427 2.9670 3.2927 1.0258 2.8824 2.8494 3.0542 1.7660 2.9543 2.6947 2.6633 0.6124 2.8387 2.4544 2.0101 2.6107 3.3713 3.2370 3.5777 3.2999 2.2708 1.6163 2.0367 1.1010 
3.8903 4.7416 4.2764 4.9428 4.1240 4.6511 4.8013 4.0569 2.8400 3.2658 2.9835 3.0538 2.6952 2.4771 3.8206 3.0932 2.7887 2.9879 3.6233 2.2310 2.3200 2.6381 2.4620 2.6283 2.0896 3.2131 3.8140 3.4704 2.7536 3.2900 2.2510 2.1870 -0.9404 
5.5740 4.7281 4.6322 4.2425 5.2405 4.8216 4.5174 4.4256 3.5158 3.9640 2.7606 2.2694 3.5186 3.0895 3.0764 2.6789 2.6606 2.6158 2.8753 2.8119 3.2235 1.8142 2.2178 3.3268 2.7857 3.4980 3.4787 3.6293 3.8811 2.6222 2.6759 2.1409 1.8428 
5.2153 4.8481 3.6415 4.9805 5.2372 5.0605 5.0848 4.6928 4.5629 4.4703 3.6968 3.8020 3.3631 3.2102 3.4427 3.6326 3.3462 3.5325 3.2878 2.9014 3.0139 3.3279 3.1738 3.8386 3.8332 3.8445 4.0516 3.8696 3.8751 3.3225 1.6312 2.2518 1.5284 
3.3529 3.8501 4.3439 3.9670 4.7815 4.9717 4.6697 3.7564 4.5271 4.0073 4.5505 4.0927 4.2273 3.2104 2.6839 3.4403 3.6338 3.3649 2.4954 2.8922 3.8878 3.6793 4.0121 3.3743 3.8087 2.8366 3.6782 3.7945 3.3995 2.2904 2.3098 1.4142 0.1801 
5.7121 5.5197 4.3395 3.3868 5.6262 5.3096 4.5328 4.4868 4.1896 3.5601 3.0033 2.7874 2.9658 3.5307 3.6187 3.2233 2.7145 3.1273 3.4413 3.2985 2.6584 2.3321 2.4811 2.9124 3.4314 3.5990 3.4851 4.1188 4.2294 1.6294 2.3415 2.9148 2.1348 
2.7831 5.3103 4.6061 4.1752 4.5827 4.9540 4.5149 4.3040 3.9561 2.7132 3.2356 3.0827 2.1218 3.2368 2.1807 2.7315 3.0082 2.6608 2.0338 2.9465 1.7554 2.6599 2.6891 2.0927 3.2360 3.3982 3.4762 3.7658 3.2277 2.5342 2.6182 2.7699 0.4459 
5.5972 4.8881 3.3252 3.5519 5.1951 4.2988 4.8681 3.7526 4.1108 3.8202 3.0272 3.6737 3.2541 3.4946 3.6523 3.2209 2.7333 3.1240 3.4623 3.2738 2.8685 3.2445 2.5122 3.1720 3.3685 2.8178 3.8531 3.1450 3.8424 2.0478 1.4682 2.3781 1.8603 
5.3716 4.3809 4.1134 4.4314 5.4918 4.6512 5.2627 4.5277 3.5324 3.9720 3.2859 4.1285 3.7198 3.4574 3.5106 3.1710 2.2550 3.0596 3.3566 3.2345 3.3534 3.7286 2.7372 3.3338 2.7763 3.6431 4.2717 3.4605 4.0726 2.7957 2.1733 1.7888 1.6788 
4.7013 5.0376 4.4194 4.7708 5.3710 4.4428 4.8289 3.5976 3.9112 3.8304 4.1325 4.1753 3.3892 3.3966 3.1327 2.2057 2.1206 2.1311 2.9270 3.1761 3.0520 3.7750 3.6060 3.2003 3.1849 2.7459 3.8308 3.2538 3.9876 3.1906 2.3988 2.4633 0.8583 
5.7600 5.3607 5.0217 4.9378 3.2600 4.2824 4.4397 4.4018 3.8999 2.7387 2.9708 3.2354 3.5865 3.2793 3.3278 3.3004 2.1050 3.2337 3.1932 3.0027 3.2665 2.7654 2.4441 2.1176 3.1755 3.4652 3.3962 3.1036 1.8196 3.2808 3.0166 2.7940 2.1124 
0.9297 4.9984 3.9166 3.2421 4.2076 5.0246 5.0087 4.5141 4.1358 4.3499 4.2493 2.7757 3.4106 3.2293 2.9154 2.8267 1.7533 2.7468 2.7581 2.9357 3.0781 2.3320 3.7264 3.6949 3.3928 3.6246 3.9551 3.8398 2.8401 1.5611 1.8686 2.4273 -0.6260 
4.9922 4.5883 4.0276 4.0752 4.5509 4.1292 4.7860 4.2399 2.9036 2.0491 2.7624 3.2514 2.9149 3.1051 3.5568 3.2334 2.0896 3.1452 3.3952 2.8337 2.6208 2.7856 2.2235 1.4046 2.1561 3.3470 3.8077 2.9576 3.2047 2.4673 2.0513 2.0282 1.0907 
4.7094 2.4395 4.0546 4.5527 4.6730 4.6540 4.6886 3.2334 4.6068 4.5820 4.4081 4.3327 4.0908 3.0326 3.2699 3.5802 2.3713 3.4831 3.1006 2.7601 3.8015 3.8777 3.8584 3.9431 3.8730 2.3467 3.6997 3.4681 3.3188 2.9127 2.1040 0.2988 0.9501 
4.6831 5.3149 4.6721 4.0159 5.4682 5.7099 5.1413 3.7200 4.0727 2.9506 3.7705 3.3240 3.7844 3.5001 3.4362 3.7142 3.6490 3.6092 3.2868 3.2711 3.3997 2.8716 3.2268 2.3168 3.3355 2.7888 4.0997 4.5229 4.0634 2.3898 2.7142 2.7815 0.9244 
4.9931 4.8309 2.8342 3.4630 4.4957 4.0572 4.3549 3.7990 3.2647 3.6907 3.3238 3.4415 3.7689 2.5128 3.1933 3.0709 2.4376 2.9731 2.9780 2.2406 3.3841 3.0054 2.7811 3.0430 2.5010 2.8662 3.3054 2.8836 3.1225 1.8798 0.9198 2.2561 1.4084 
5.0665 5.2380 4.3955 4.3968 4.9958 3.4662 5.1572 4.6435 4.3275 3.4561 3.9241 3.4270 3.9766 3.8384 3.4611 3.5074 3.1527 3.4332 3.3098 3.5446 3.6370 2.9862 3.3798 2.8202 3.5305 3.8027 4.1258 2.2611 3.5693 2.7272 2.3246 2.7036 1.4811 
5.0603 5.5239 3.9105 5.0797 5.4347 4.2390 4.8374 4.6228 4.1459 2.9115 4.1978 3.3236 3.5132 3.7169 3.6025 3.3591 3.5909 3.2832 3.4339 3.4353 3.2189 2.8657 3.6763 2.2714 3.3932 3.7793 3.8379 3.0442 4.0373 3.4475 2.0165 2.9579 1.4897 
4.2799 4.8700 4.4339 3.5462 4.3491 4.8677 4.6784 4.1290 4.7038 3.7665 4.0016 3.6147 3.8194 3.5021 2.8224 2.9838 3.3996 2.8856 2.6714 3.2748 3.4376 3.2107 3.4573 3.1142 3.9588 3.2866 3.6862 3.6871 2.9230 1.8854 2.3990 2.3045 0.8833 
5.3561 5.0078 4.2554 3.9986 5.1253 4.1323 5.1785 4.3275 4.0272 4.3751 3.4088 3.1519 3.9621 2.8799 3.2242 3.4593 2.9351 3.3812 3.0260 2.6576 3.6180 2.7016 2.8632 3.7151 3.2900 3.4135 4.1510 2.9495 3.7761 2.3415 2.2637 2.4666 1.7109 
4.6441 4.7966 4.4160 4.9670 4.9366 4.3158 2.6850 4.1675 4.6269 3.9458 3.2751 3.5279 2.5833 2.0333 2.6301 3.1485 2.3861 3.0444 2.4421 1.7482 2.1993 3.1228 2.7234 3.3078 3.8852 3.3090 1.6155 3.1398 3.5024 3.3107 2.4325 2.2395 0.9342 
5.6113 5.6805 5.0441 5.3040 5.0288 2.0559 4.5467 4.1187 4.7572 3.8202 4.0276 2.8097 3.6800 3.9284 3.9352 3.8028 3.3966 3.6962 3.8017 3.6854 3.3285 2.3472 3.4778 3.1797 4.0063 3.2676 3.5116 0.7405 3.6134 3.7036 3.0509 3.1309 1.7813 
4.2429 3.4837 4.5404 3.7710 4.5050 4.6965 5.1311 4.8387 4.6367 4.4163 3.3383 2.8804 2.6478 3.3677 2.2899 2.6340 1.4585 2.5392 2.1465 3.1358 2.2751 2.4588 2.7962 3.7781 3.8946 3.9515 4.0916 3.5142 3.1465 2.1121 2.5937 1.0942 0.4475 
5.0894 4.6890 3.8878 4.1338 4.6901 4.7791 3.8867 4.4472 3.5959 2.9289 3.3674 3.6787 1.2561 1.5395 2.7705 2.2515 2.0246 2.1601 2.6268 1.2590 0.9105 3.2494 2.8266 2.2776 2.8478 3.5310 2.8383 3.5899 3.3338 2.5413 1.9072 2.1425 1.4801 
5.3372 5.2772 4.6217 4.5308 4.2519 4.5560 4.5970 4.6164 4.6476 4.3755 3.8973 4.0677 4.2984 3.6739 3.2708 3.8578 3.4672 3.7972 3.0985 3.4000 3.9360 3.6586 3.3488 3.7175 3.9056 3.7762 3.5743 3.3726 2.8688 2.8658 2.6769 2.7416 1.6881 
4.0349 4.9902 4.4414 4.5920 5.2801 4.4266 3.2441 4.3015 3.9598 3.9035 3.8139 3.7999 3.3163 3.2157 3.8729 3.2497 3.0647 3.1699 3.7096 2.9204 2.9478 3.3302 3.2628 3.2778 3.2347 3.3994 2.1943 3.2343 3.9173 2.9675 2.4144 2.4342 0.2969 
3.2591 4.4080 3.1238 3.6874 4.6359 4.5374 4.1363 3.5930 4.0703 3.8575 3.7417 2.7490 3.5679 3.3352 3.2866 2.9608 2.7980 2.8720 3.1260 3.0872 3.2526 2.3042 3.2149 3.2239 3.3399 2.7244 3.1472 3.3513 3.2753 2.0735 1.1593 1.8082 0.0942 
3.9929 4.7586 0.6549 4.7941 5.2319 4.2888 4.6890 3.9299 4.0135 3.9956 4.3539 4.2707 3.2450 3.1867 3.2278 3.3040 3.0489 3.2366 3.0284 2.8752 2.8568 3.8435 3.8167 3.3665 3.2790 3.0437 3.7093 3.0828 3.8715 3.2082 -0.9127 2.2297 0.4681 
5.4325 5.0708 4.6493 5.0430 5.4078 5.2179 4.5367 4.5307 3.2940 3.1769 2.5610 3.5176 3.8831 3.0650 3.0857 3.0935 3.4755 2.9917 2.8924 2.7884 3.5107 3.1182 2.0480 2.5079 2.5249 3.6587 3.4882 4.0300 4.0218 3.3943 2.6988 2.4945 1.6894 
5.4104 4.4449 4.0764 3.3595 3.9307 3.8226 4.7484 4.1130 4.4354 3.8852 3.6461 2.8666 3.3833 3.2882 3.3022 3.3716 3.7000 3.2994 3.1515 3.0236 3.0422 2.4364 3.1250 3.2494 3.6646 3.2697 3.7701 2.6472 2.5796 1.6917 2.1255 1.8303 1.7260 
4.7413 4.6416 4.4067 3.7119 4.4480 4.5175 4.4423 4.8778 2.2516 3.7939 3.4639 3.2910 3.0809 3.5568 3.9056 4.0477 3.2939 3.9654 3.7610 3.3179 2.7248 2.8424 2.9147 3.1322 1.5207 3.9786 3.4040 3.3367 3.0488 2.0751 2.3921 2.1583 1.0233 
4.9773 5.4068 4.8731 4.7215 5.0878 4.0909 3.5256 4.5263 3.8910 1.6781 3.1573 3.4415 3.5641 3.5654 3.2558 3.2238 3.1668 3.1308 3.0750 3.3212 3.2494 2.9976 2.6277 1.0517 3.1582 3.6533 2.5435 2.8895 3.7120 3.1145 2.8499 2.8467 0.9866 
5.8621 5.7023 4.9056 3.9024 3.4005 5.4302 5.0049 3.2483 4.6624 4.5023 3.8793 3.9446 4.1197 3.3302 3.3186 3.4417 3.8197 3.3615 3.1775 3.0825 3.8172 3.4908 3.3290 3.8668 3.9312 2.2935 3.9465 4.2504 2.1050 2.2289 2.8801 3.1694 2.1811 
3.9668 5.1788 4.0796 4.3467 4.7634 4.8676 4.5708 4.4354 4.1522 3.7653 3.6589 3.1603 2.9294 2.7152 3.3038 2.7565 2.4804 2.6858 3.1539 2.4606 2.6286 2.7016 3.1386 3.1037 3.4027 3.5174 3.5397 3.6816 3.3830 2.7048 2.0992 2.6640 0.6951 
