3.9413 2.7258 3.0651 3.1653 2.4575 2.8187 2.9398 2.9024 3.1203 2.4804 3.2256 3.5005 3.2640 3.4238 3.0038 2.9736 2.5753 2.8977 2.8601 3.1024 2.9119 3.0197 2.6764 1.8304 2.3508 1.9565 1.8549 1.5920 1.0421 1.4702 1.0286 -0.1247 -0.0037 
4.0675 3.2088 2.1081 2.5402 3.0715 3.3996 2.3949 3.4023 2.9703 2.7366 3.5845 3.4705 3.6126 3.4663 2.8616 2.9210 -0.6166 2.8565 2.6581 3.1463 3.2503 2.9813 3.0188 2.0540 2.2155 2.4457 1.3442 2.1650 1.6506 0.8754 0.1008 0.6121 0.1768 
3.9198 3.1559 1.6096 3.6485 3.5657 2.8445 3.3342 2.8604 2.9480 2.6219 2.8345 2.4235 2.1009 2.7750 2.0434 2.8877 2.8458 2.8236 1.8575 2.4720 1.7341 1.9617 2.2558 1.9469 2.1921 1.8870 2.2745 1.6067 2.1317 1.9404 -0.4105 0.4551 -0.0092 
4.9119 4.6645 3.6854 2.7619 2.9925 3.1744 3.1988 3.4278 3.0928 2.9673 1.2692 3.1411 3.8123 3.8556 2.8133 2.4212 3.0303 2.3492 2.5789 3.5930 3.4898 2.7205 0.7036 2.3023 2.3173 2.4695 2.1815 1.9281 1.5987 1.0302 1.6351 1.9313 1.0822 
3.1244 3.5296 3.3137 3.0253 2.7469 3.5235 3.1638 2.9547 3.1022 2.7793 3.3725 2.4736 2.9762 3.5067 1.8297 1.7812 3.5349 1.7053 1.6752 3.2089 2.6157 2.0178 2.8288 2.1040 2.3337 2.0361 2.1270 2.2852 1.2477 1.3269 1.2096 0.9016 -0.6245 
2.7507 3.5406 2.4214 2.2633 0.5949 2.8385 3.4637 2.9273 3.0504 1.7364 2.0365 2.2919 3.1589 2.8440 3.2067 3.4722 2.4115 3.3792 3.0423 2.5155 2.8427 1.8327 1.4684 1.0892 2.2772 1.9950 2.3631 1.6029 -0.8891 0.5361 0.3607 0.8969 -1.0994 
4.5415 3.3224 2.4967 2.8275 3.4744 2.5586 3.0764 3.2449 2.3146 2.9712 3.1386 2.3830 1.1683 2.9838 3.3209 2.7061 1.1004 2.5997 3.1110 2.7383 0.8309 1.9071 2.5813 2.3099 1.5714 2.3278 2.0230 1.3120 2.0000 1.1117 0.4794 0.5894 0.6502 
5.2807 4.4585 3.4580 3.4059 3.5834 3.5496 3.4921 3.3127 3.2375 3.0098 2.7753 2.5472 2.2149 2.5626 2.5685 0.2462 2.9296 0.2143 2.3964 2.3197 1.8056 2.1281 2.2186 2.3409 2.4481 2.3811 2.4017 2.3110 2.1538 1.6996 1.3313 1.7641 1.4366 
5.4929 4.7646 3.2152 2.6142 2.7691 3.0726 3.4132 2.2634 2.9662 2.5745 2.9624 3.0201 2.8194 2.2208 2.1116 2.3946 1.6485 2.3164 1.9017 1.8959 2.4109 2.5525 2.3984 1.8933 2.2122 1.3180 2.3171 1.8486 1.2829 0.9327 1.1359 2.0770 1.6961 
1.9745 4.3672 3.1697 3.2275 3.9774 3.1665 3.1962 3.0999 2.4702 1.8194 2.7759 3.3209 3.4507 3.3336 2.6035 2.7537 2.4728 2.6412 2.4296 3.0445 3.0429 2.8734 2.2240 1.1448 1.6800 2.2281 2.1891 1.9181 2.4849 1.5815 1.0883 1.7415 -0.4689 
3.3620 4.2529 3.4928 3.1541 3.5357 2.4612 3.4177 3.0776 2.4342 1.9040 2.8556 2.4362 2.3566 2.7335 1.8032 2.8504 1.6246 2.7578 1.6584 2.4407 1.9868 1.9650 2.2795 1.2505 1.6711 2.1917 2.3237 1.2351 2.0975 1.4649 1.3734 1.6051 -1.2199 
5.2124 4.3990 1.7270 2.2870 3.4592 2.4805 3.1050 3.2268 3.6657 3.1517 2.5782 2.7170 2.7264 2.4546 1.8745 1.7166 1.2432 1.6479 1.7116 2.2269 2.3487 2.2641 2.0300 2.4788 2.8989 2.3172 2.0748 1.2339 1.9720 0.6014 -0.2693 1.7230 1.3821 
5.4689 4.8711 3.9628 3.4352 3.6214 3.8060 3.1925 2.6120 3.0025 2.6626 2.4085 2.0420 1.6519 2.5284 1.9214 1.9270 1.5343 1.8430 1.7556 2.2906 1.2620 1.6053 1.8478 1.9729 2.2470 1.6966 2.1611 2.5675 2.2216 1.7029 1.8541 2.2225 1.6847 
4.8553 3.7266 2.5505 2.6567 3.2187 2.7940 3.0097 3.2227 3.2397 3.1176 2.0723 2.5393 3.4806 3.3186 3.2666 2.9635 3.0202 2.8901 3.0843 3.0347 3.0886 2.1155 1.5302 2.4586 2.4510 2.3179 1.9368 1.5429 1.7791 0.9912 0.5132 1.0412 1.0295 
4.7075 4.7676 3.7227 3.5981 3.3829 1.6176 1.6655 2.3096 2.5530 3.0091 1.6793 2.6118 2.1790 2.4789 2.1238 2.1508 2.0674 2.0413 1.9054 2.2483 1.7899 2.1976 1.1367 2.3459 1.7752 1.3691 0.5899 0.3772 1.8845 1.8725 1.6591 2.0901 0.7943 
5.3575 4.8963 3.8833 4.1122 3.1569 3.4254 4.3817 3.4571 2.5697 2.4464 1.7692 2.6905 1.1237 2.7397 2.4215 2.4770 2.5313 2.3939 2.2667 2.4531 0.7293 2.2495 1.2192 1.7761 1.7766 2.4760 3.3545 2.1676 1.7391 2.3805 1.8089 2.2369 1.5232 
4.0951 3.6848 3.4493 2.4533 3.3927 3.3627 2.6190 3.0876 2.8355 2.8278 2.2523 2.6749 2.7460 2.1637 2.1207 3.0738 1.8689 2.9908 1.9049 1.8565 2.3610 2.2404 1.6771 2.1403 2.0078 2.2133 1.5918 2.1207 1.9108 0.7203 1.3181 1.0597 0.3224 
4.3602 4.1715 2.8484 3.0108 3.4919 3.1194 3.2266 3.0919 3.2031 2.8983 1.6997 2.2515 2.2643 2.3286 1.8309 2.8086 2.7421 2.6939 1.6671 2.0667 1.8630 1.7682 1.1190 2.2391 2.4180 2.2180 2.2100 1.8731 2.0289 1.3004 0.6969 1.5082 0.5900 
3.3652 3.7337 3.0761 2.9930 2.9928 2.4269 2.9548 2.7145 1.9016 1.6873 2.9263 3.2356 3.3607 3.0602 2.2221 2.4065 1.3390 2.3296 2.0162 2.8331 2.9786 2.8217 2.3618 1.0257 1.1310 1.7797 1.8640 1.1632 1.5919 1.2776 1.0662 1.1457 -0.8690 
4.4070 3.3483 2.9152 3.3284 3.5950 3.3652 3.6582 3.4450 2.7342 2.7058 2.5039 2.6088 2.5514 1.7173 2.3733 1.9690 1.1899 1.8749 2.2298 1.4417 2.2346 2.1962 1.9587 2.0237 1.9113 2.4721 2.5869 2.1273 2.1908 1.6387 0.7792 0.7744 0.4965 
4.8781 5.0879 4.3712 3.8304 3.5796 3.1740 4.2086 3.4539 3.1338 2.9852 1.7914 2.2556 3.0032 3.4325 3.1354 3.2306 3.5154 3.1325 2.9766 3.1081 2.6519 1.7652 1.2391 2.3178 2.3585 2.4801 3.1205 1.9460 2.1742 2.1600 2.3219 2.4238 1.0121 
4.2790 2.4582 3.0940 2.0982 2.6290 3.5176 3.4548 3.2918 2.0248 2.4034 2.8634 2.6342 3.0011 3.0161 2.2877 2.2138 1.9531 2.1065 2.1101 2.7833 2.6429 2.2185 2.2886 1.7399 1.2304 2.3620 2.3510 2.2817 1.1915 0.3905 1.0290 -0.0691 0.3853 
4.6076 3.5734 2.1535 2.5476 2.9385 2.8886 3.1814 3.0310 3.1196 2.5327 2.7429 2.6958 1.9345 3.2128 2.7643 1.8712 1.1995 1.7937 2.5444 2.9587 1.6215 2.2479 2.2038 1.8639 2.3539 2.1340 2.1640 1.6470 1.4907 0.8889 0.0205 0.9626 0.7425 
5.3421 4.2820 3.0368 2.5321 3.0203 2.3947 3.3222 2.3400 2.8132 2.3852 2.9860 1.8103 1.9826 2.2772 2.2314 1.3088 1.0593 1.2309 2.0207 1.9872 1.6455 1.3429 2.4233 1.7251 1.9751 1.3939 2.2653 1.1382 1.6027 0.8608 0.9995 1.5970 1.4727 
3.7929 4.0424 3.4149 3.2036 2.9263 3.5313 2.9323 3.5441 3.2089 3.3495 2.4083 2.8938 2.6177 3.1601 3.2314 2.3964 2.3733 2.3122 3.0572 2.9176 2.2801 2.4115 1.8508 2.6620 2.4234 2.6094 1.8474 2.2903 1.4953 1.5093 1.2763 1.2994 -0.3711 
4.1215 4.2601 3.2765 2.2612 2.8761 3.2548 2.9554 2.6630 3.5005 1.9592 1.2323 1.7859 2.0431 2.4292 1.8559 2.4092 2.0487 2.3294 1.6987 2.2091 1.6867 1.3239 0.6854 1.3066 2.7034 1.7485 1.8612 2.0147 1.4249 0.4830 1.1540 1.6240 0.4713 
4.6380 2.2925 3.2028 2.3093 2.8506 3.5386 3.7551 3.3940 2.8811 1.9634 2.0010 1.7165 1.4968 2.8125 2.4253 2.6805 2.8278 2.5781 2.2709 2.4858 1.1168 1.2366 1.4637 1.2716 2.0847 2.4407 2.7222 2.2986 1.3756 0.5337 1.1010 -0.0065 0.6764 
4.2894 4.8044 3.8207 2.6766 2.9502 2.9183 3.4449 2.6071 2.5448 2.7683 2.2321 1.9841 3.1836 3.3186 2.4935 2.3068 3.0143 2.2363 2.3348 3.0373 2.8635 1.5620 1.6619 2.0821 1.7705 1.6981 2.3411 1.6917 1.5414 0.9506 1.7563 2.1714 0.4768 
3.3035 4.0851 3.7204 3.3136 3.5128 3.5385 2.1532 3.4796 2.4440 3.4297 2.8770 2.7961 2.9421 3.4956 2.3804 2.2298 -0.0367 2.1320 2.2317 3.1929 2.5674 2.3107 2.3016 2.7436 1.6756 2.5150 1.0414 2.3008 2.0585 1.6402 1.6711 1.4146 -0.3735 
4.4178 3.4547 2.9531 3.6788 3.4713 3.9270 3.5163 3.7984 3.2269 3.3620 2.5196 2.5448 2.4931 1.6819 2.5778 2.1187 1.2378 2.0103 2.4082 1.4154 2.1795 2.1291 1.9603 2.6713 2.4442 2.9054 2.4263 2.6920 1.9844 1.9783 0.8780 0.6449 0.5659 
5.6271 4.8670 3.7769 3.2061 3.4473 2.2395 3.7575 3.3346 2.0072 2.8534 2.3498 2.4934 2.7083 3.4068 3.2158 3.3478 3.0492 3.2385 3.0400 3.0964 2.3399 2.0536 1.7891 2.1838 1.2350 2.3887 2.7281 0.9907 1.9567 1.5573 1.7220 2.2130 1.8295 
4.8510 4.1467 1.8606 2.8662 3.0722 3.4994 3.1025 3.4528 2.4647 1.8460 2.6212 2.3809 2.6910 2.4169 2.6786 2.2016 2.2498 2.0814 2.4805 2.1892 2.3278 1.9104 2.0788 1.1757 1.6829 2.4789 2.0620 2.2586 1.6588 1.1262 -0.2444 1.4087 0.9881 
2.8284 3.6499 3.2183 2.9971 2.8131 1.8534 2.9574 2.9146 2.6925 1.8506 2.5953 1.7447 2.4847 1.8640 2.6080 2.5937 1.7253 2.4933 2.4361 1.6377 2.1762 1.2807 2.0480 1.1827 1.8722 1.9713 1.8623 0.6282 1.3193 1.2646 1.1307 1.0209 -2.0408 
2.8727 3.0895 2.9716 2.6448 3.0568 3.7087 2.9616 2.7034 2.9675 1.9014 1.8783 2.1057 2.9153 3.1579 3.5050 3.3223 2.8577 3.2134 3.3197 2.9180 2.5284 1.6534 1.3200 1.2322 2.2154 1.7742 1.8668 2.4684 1.6541 0.9727 0.9278 0.4355 -1.0222 
5.0781 4.5636 3.4995 3.6252 2.8089 2.3373 3.4087 2.8278 3.3363 3.0764 3.0868 2.4927 3.1976 2.4162 3.2183 3.1509 3.0396 3.0725 3.0444 2.1874 2.8700 2.0648 2.5107 2.4050 2.5156 1.8492 2.3169 1.0966 1.3135 1.9006 1.3593 1.8268 1.1204 
2.3939 3.3085 2.3001 3.2383 3.4929 2.9604 2.5704 2.8520 2.5890 2.4788 2.9578 2.3195 2.4866 2.4261 2.0175 1.8693 1.6121 1.7986 1.8354 2.2053 2.1803 1.8462 2.3888 1.8276 1.7986 1.8845 1.5471 1.7199 2.0240 1.5873 0.1823 0.6361 -1.6764 
5.3937 5.0586 4.1762 3.6993 3.6997 3.7559 2.4385 3.6698 2.7299 2.9014 2.9625 3.3257 2.3339 2.5329 1.5698 2.6703 3.1504 2.5684 1.3219 2.2935 1.9510 2.8777 2.3932 2.2473 1.8873 2.7881 1.3643 2.5150 2.2835 1.9921 2.1248 2.3860 1.6020 
4.6768 3.1182 3.0952 2.4648 3.3348 3.7102 2.8397 2.7104 2.2600 2.6862 2.8543 2.6215 1.9098 2.1084 2.2758 2.7459 0.5523 2.6392 2.0866 1.8114 1.6020 2.2109 2.2795 2.0129 1.4489 1.7802 1.7254 2.4728 1.8632 0.7147 1.0074 0.6558 0.7212 
5.9634 4.9953 3.9411 4.1107 4.2496 3.9720 4.2014 3.6698 3.1001 2.3739 3.0473 2.8780 3.0713 3.4531 2.5405 3.3968 3.1351 3.2830 2.3831 3.1261 2.7337 2.3959 2.4780 1.7114 2.3310 2.7788 3.1131 2.7299 2.8455 2.3768 1.8483 2.2941 2.0810 
3.1545 4.1280 3.5297 2.5635 2.3914 2.8595 3.4946 2.9452 2.5914 2.2124 1.9014 1.8206 2.8154 2.8434 2.2466 1.9179 1.8558 1.8393 2.0476 2.5224 2.4123 1.3749 1.3462 1.5312 1.8048 2.0116 2.4031 1.6166 1.0109 0.9465 1.4287 1.4848 -0.6853 
5.7450 4.7097 4.0905 3.9089 4.0176 3.4498 2.7877 2.8907 3.2649 2.7691 3.1301 3.0667 3.2279 3.4190 3.0388 1.5915 -2.0021 1.4911 2.8846 3.1012 2.8922 2.6044 2.5781 2.0817 2.4684 1.9506 1.6943 2.2083 2.5271 2.2323 1.9723 1.9099 1.8578 
4.9535 4.1723 3.0887 2.4062 3.4875 2.2117 3.3175 2.3668 3.2345 3.0083 -0.1339 2.8907 2.7673 2.2503 0.0352 3.0903 1.7735 3.0060 -0.0119 1.9481 2.3775 2.4163 -0.9467 2.3412 2.4518 1.4326 2.2629 0.9807 2.0062 0.7102 1.0221 1.5997 1.1158 
5.6783 5.4932 4.6685 4.4240 4.2145 3.9831 3.6261 3.7037 3.8547 3.4522 3.3665 3.4774 3.6021 3.0945 3.0439 2.6955 2.1256 2.5857 2.8902 2.8603 3.2377 2.9883 2.8248 2.7660 3.0661 2.8289 2.5490 2.7398 2.8031 2.7555 2.5429 2.8464 1.8130 
4.8430 4.5726 3.6387 3.4763 3.7108 3.4976 2.4545 0.5608 3.2651 2.5684 2.9427 2.0146 2.2781 2.9072 1.0964 1.6601 2.0161 1.5981 0.9626 2.6208 1.8814 1.5927 2.3747 1.8828 2.4711 -0.3558 1.3861 2.2532 2.2893 1.7373 1.6031 1.8597 1.0123 
4.5616 4.0139 2.4141 3.3950 3.4214 3.5146 3.3026 3.3921 3.0401 2.8279 2.6850 2.2177 3.0989 2.8948 1.5464 2.6714 0.9875 2.5660 1.3003 2.6036 2.7820 1.7311 2.1442 2.1366 2.2731 2.4411 2.2524 2.2745 1.9441 1.6774 0.2888 1.2822 0.7343 
4.7293 4.4969 3.9943 3.6397 3.3910 3.4616 2.7243 2.9515 3.0293 1.3117 2.2677 2.8463 1.6705 3.2401 2.8879 2.5543 0.6305 2.4700 2.7010 2.9795 1.2557 2.3577 1.6988 0.6344 2.2652 2.0295 1.6531 2.2221 1.9016 1.9305 1.8677 1.8171 0.8189 
4.3810 3.6264 3.0270 3.0444 3.6490 3.9569 3.7192 2.7665 2.4963 3.0867 3.4482 3.5161 3.4743 2.3200 3.2325 2.4042 1.1297 2.3288 3.0556 2.0446 3.0778 3.0369 2.8714 2.4190 1.7334 1.8062 2.6680 2.7204 2.2427 1.3293 0.9757 0.9585 0.4884 
5.3096 4.1619 2.1042 2.4257 3.5651 3.5363 3.5970 2.9073 3.1751 2.0564 2.9573 2.4926 3.1151 2.6471 2.9428 3.1900 1.7015 3.0989 2.7974 2.3726 2.8112 2.0660 2.3912 1.3831 2.3945 1.9720 2.5134 2.2992 2.1424 0.7113 0.0363 1.4486 1.4225 
4.7478 3.7666 2.5210 3.2288 3.2118 3.7606 3.6076 1.9131 2.7858 2.9157 3.0289 2.8267 3.1689 2.8228 2.8465 2.8150 0.3243 2.6949 2.6366 2.4914 2.8547 2.3305 2.4693 2.2614 1.9667 1.0328 2.5231 2.5273 1.7685 1.5636 0.3933 1.2086 0.8809 
4.3312 3.7299 2.7916 1.0317 3.3558 3.1739 3.5150 2.6576 2.8949 2.6015 2.2793 1.9384 0.5130 2.8424 2.5999 1.5436 0.3719 1.4406 2.4224 2.5290 0.1911 1.5102 1.7004 1.9191 2.1094 1.7238 2.4258 1.9391 1.8771 -0.5981 0.6973 1.1045 0.5472 
4.6084 4.1347 3.1987 2.9960 3.6244 3.7862 3.3910 1.9549 3.1580 2.9016 2.6493 2.2554 2.5320 3.0346 2.7496 1.7810 -0.0341 1.7011 2.5311 2.8121 2.2180 1.7768 2.1024 2.2423 2.3839 1.0695 2.3022 2.5467 2.2224 1.2888 1.1190 1.4327 0.7130 
5.0352 3.8652 2.2027 2.8626 2.8849 3.0197 2.6490 3.0626 2.7730 2.4993 2.8559 2.8112 3.2579 1.9781 2.8431 2.2924 1.7527 2.2223 2.6311 1.7191 2.9100 2.3240 2.2817 1.8429 1.9419 2.1882 1.6181 1.7788 1.4348 1.1241 0.0819 1.1363 1.1960 
3.0970 4.8199 4.0966 3.4793 2.6812 2.9719 3.7795 3.7242 2.0395 2.6580 1.8621 2.0718 1.6345 1.6915 2.4527 4.0421 4.2883 3.9337 2.2824 1.4734 1.2234 1.6170 1.3374 1.9665 1.1759 2.8528 2.7530 1.7594 1.2679 1.7186 2.0122 2.2180 -0.1649 
2.7833 3.6526 3.7743 3.2269 3.6399 3.1742 3.7766 3.2570 3.2100 2.9805 2.9988 3.0278 3.4954 3.5741 2.9344 3.0868 1.6426 3.0002 2.7832 3.3100 3.0990 2.5651 2.4301 2.3217 2.4222 2.3405 2.7437 1.9450 2.2306 1.5294 1.7272 0.9985 -2.0764 
4.9244 4.8320 4.4096 3.1159 3.4399 4.1790 3.1095 3.3380 3.8606 3.0884 2.9059 2.8713 3.2059 3.4299 2.8199 2.6121 1.6860 2.5064 2.5928 3.1048 2.8802 2.3819 2.3372 2.4126 3.0717 2.4037 2.0624 2.9395 1.9635 1.4056 2.3500 2.1910 1.0632 
4.4869 4.4208 3.7321 3.7837 3.3498 3.6159 3.0087 3.5667 3.1703 3.2484 3.1510 3.2427 3.3580 3.0805 2.0698 2.1046 0.5836 1.9940 1.8663 2.8473 2.9760 2.8327 2.5920 2.5801 2.3955 2.6411 1.9426 2.3737 1.8890 2.0985 1.7251 1.8001 0.6535 
5.0949 2.7405 3.4576 4.0309 3.5885 3.5374 3.8206 3.5906 1.3866 3.6292 2.9137 3.0238 3.1109 1.8656 2.3013 3.1070 -0.0404 3.0363 2.1373 1.6355 2.8061 2.5531 2.3456 2.9629 0.5865 2.6784 2.7985 2.3008 2.1927 2.3050 1.3663 0.1127 1.2141 
5.0847 4.5282 4.1225 2.9021 3.6166 3.8333 3.7797 3.5517 3.9524 3.3276 2.9247 3.0182 3.2494 1.7402 2.8076 2.4069 1.8617 2.3277 2.5824 1.4779 2.9049 2.5486 2.3609 2.6353 3.1331 2.6183 2.7503 2.6010 2.2141 1.2007 2.0385 1.8564 1.2677 
5.4929 4.5680 3.0336 3.5006 3.0775 2.5005 3.7376 3.5632 2.8372 3.1150 3.1518 2.0422 2.1879 2.6860 2.7259 2.2937 2.0508 2.2297 2.5153 2.4096 1.7867 1.6086 2.6018 2.4598 2.0133 2.6341 2.7008 1.2703 1.6652 1.7634 0.9578 1.8053 1.6353 
5.0883 4.4302 4.0993 3.6983 3.6357 2.8596 2.3636 2.4613 3.2979 2.8345 3.1173 2.3954 1.3753 2.7167 2.8812 2.6641 2.1083 2.5564 2.6985 2.4331 1.0652 1.9132 2.5667 2.1555 2.4858 1.5960 1.2715 1.6112 2.2260 1.9886 2.0132 1.7945 1.2398 
5.8167 5.1765 4.7189 3.9732 3.9194 3.9886 3.4713 2.0818 3.0593 2.2087 3.0567 2.7114 2.8501 2.6171 1.8468 3.2009 2.8360 3.1052 1.6811 2.3593 2.4495 2.2636 2.4834 1.5369 2.2864 1.1378 2.3653 2.7475 2.4669 2.2586 2.6114 2.4574 1.9270 
4.8186 3.5437 3.4358 3.3043 3.6308 2.6264 3.7213 3.0730 2.5502 1.8838 2.0552 2.2260 3.4715 2.6330 1.5263 2.2711 2.3634 2.2088 1.3017 2.3612 3.0740 1.7428 1.5147 1.2281 1.7777 2.1859 2.6772 1.4116 2.2243 1.6306 1.3323 0.8270 0.9894 
1.8565 3.3178 3.0536 1.8489 2.9343 2.9788 2.9177 1.7467 3.5182 2.4724 2.3748 1.8857 1.6527 1.6427 2.2862 2.4643 1.3468 2.3793 2.1151 1.3448 1.2574 1.4605 1.8102 1.7961 2.7325 0.8289 1.8395 1.7442 1.5183 0.1146 1.0018 0.5981 -1.9531 
5.8969 4.2789 3.7187 3.5214 2.8568 2.5018 3.6482 2.8638 3.3179 3.4777 3.3428 3.0730 3.1616 3.0350 3.2771 2.9646 2.9355 2.8916 3.0911 2.8100 2.8493 2.6118 2.7994 2.8164 2.4959 1.8895 2.5728 1.2710 1.3769 1.7966 1.6705 1.5483 2.0004 
4.3983 4.8128 4.1547 4.1948 3.8561 3.3410 3.4324 2.5993 3.6213 3.4936 2.5938 3.1355 2.6843 2.9061 2.9919 2.3900 2.6830 2.3127 2.8475 2.6235 2.3244 2.7074 2.0495 2.8368 2.8644 1.7088 2.3273 2.1115 2.4094 2.4770 2.1072 2.2158 0.6093 
5.4292 5.5721 4.8905 4.0732 4.0778 3.8641 3.9726 3.0524 3.2584 3.4209 2.8851 3.1190 2.7859 3.3874 2.9912 3.0969 1.9084 3.0183 2.8462 3.0883 2.3945 2.6898 2.3152 2.7314 2.4714 2.1504 2.9014 2.6252 2.5890 2.3227 2.8492 2.9186 1.5669 
5.1033 4.0894 3.1114 3.7803 3.4556 2.4124 3.5281 2.8341 2.8723 1.9701 2.2235 3.0111 2.6669 2.7303 2.5889 2.3358 2.6387 2.2669 2.4217 2.4413 2.3093 2.5377 1.6491 1.2943 2.0659 1.8650 2.4425 1.1651 1.9725 2.0947 1.0359 1.5408 1.2102 
3.2683 3.9325 3.0725 3.1578 3.3465 3.3755 3.1763 2.9236 3.0054 3.5300 3.3219 2.2529 3.0679 3.0362 2.5234 3.4107 2.3025 3.2965 2.3689 2.8089 2.7322 1.7620 2.7769 2.8717 2.2501 1.9828 2.1479 2.1341 1.8719 1.4921 1.0049 1.2325 -1.1570 
5.5782 4.6572 4.0511 3.0309 2.7143 2.6623 2.6577 3.0943 2.8367 2.5964 2.8504 3.3115 2.8391 2.8244 2.5753 2.6575 3.4936 2.5594 2.4032 2.4969 2.4334 2.8687 2.2746 1.9201 2.0066 2.2195 1.6091 1.4218 1.2359 1.3053 1.9171 1.8637 1.7149 
4.6629 3.5855 1.8525 1.0102 3.1414 3.5880 3.7034 2.9256 3.1903 2.9334 3.1583 2.5098 2.0533 2.7451 2.2342 3.0244 2.3678 2.9465 2.0275 2.4511 1.6832 2.0888 2.6046 2.2683 2.4089 1.9823 2.6396 2.3562 1.7292 -0.6445 -0.2210 0.9873 0.7768 
4.5309 3.9589 3.5313 3.2559 2.3914 2.6855 3.0297 3.4663 2.9319 2.7470 2.8624 2.3940 2.8319 2.3025 2.6483 2.9679 1.5265 2.8953 2.4674 2.0261 2.4239 1.9278 2.2846 2.0635 2.1557 2.4899 1.9615 1.4341 0.9955 1.5814 1.4448 1.2209 0.5828 
5.5918 4.9512 3.7061 2.9617 2.3685 2.8540 3.2372 2.9599 2.8778 2.5327 3.4401 3.3786 2.3519 3.3012 2.4358 1.2551 2.1704 1.1707 2.2773 3.0227 1.9670 2.9090 2.8663 1.8662 2.0756 2.0378 2.2147 1.6176 0.9157 1.2518 1.6462 2.2828 1.8130 
4.6184 4.8481 4.2310 3.8173 3.6893 4.1123 3.4766 2.0288 2.9663 1.8179 3.0994 3.4336 2.5655 2.9529 3.5449 2.9874 3.1057 2.9127 3.3852 2.6950 2.2487 2.9418 2.5418 1.1549 2.2152 1.1192 2.3744 2.8718 2.2714 2.1498 2.1942 2.2401 0.8647 
4.8601 3.6590 3.4966 2.8540 3.9125 3.8031 2.5839 2.9030 3.2278 3.4532 2.4777 2.7207 3.1815 2.9980 1.6122 2.6017 2.4426 2.5072 1.4044 2.7502 2.8624 2.2666 1.9255 2.7680 2.4449 1.9644 1.5870 2.5569 2.4659 1.1569 1.4443 1.0733 1.0214 
3.5436 4.9657 4.1594 4.2620 4.1543 3.6477 2.6687 2.0144 2.9571 2.8603 1.9790 2.4096 2.0359 2.3758 2.6710 2.4650 3.2512 2.3792 2.4777 2.1374 1.6886 1.9459 1.4159 2.1964 2.2071 1.0843 1.6085 2.4029 2.7073 2.5465 2.1098 2.3455 -0.1585 
4.7331 4.5949 4.0732 4.0583 4.0823 2.2076 3.2026 3.7037 2.7494 3.4908 2.5462 2.7212 2.2350 2.8957 2.2456 2.8041 0.7674 2.6925 2.0350 2.6047 1.8482 2.2660 1.9975 2.8360 1.9253 2.8303 2.1764 0.9892 2.5853 2.3260 1.9490 1.8801 0.8609 
5.7572 4.8320 3.6237 3.7133 2.6160 2.9404 2.5537 2.2592 2.6538 2.5064 2.5865 2.5996 3.0282 3.3261 3.1853 2.8482 2.3482 2.7484 3.0157 3.0402 2.6778 2.1745 2.0343 1.8444 1.8482 1.2856 1.5221 1.6933 1.1882 2.0078 1.5875 2.1309 1.8915 
5.0832 5.1622 4.3945 4.3000 3.7738 3.7501 3.0404 2.4269 3.4789 3.1843 3.2675 0.8396 1.8274 2.4943 2.8880 3.1002 2.4470 3.0241 2.7058 2.2724 1.4762 0.3480 2.7214 2.5032 2.6687 1.5905 1.9769 2.4995 2.3508 2.5898 2.3495 2.4774 1.2486 
5.0600 3.6558 2.9587 3.5152 2.8830 3.5812 1.9354 3.4126 1.6108 2.9958 3.1489 2.9202 2.8109 3.5497 3.0760 3.0874 3.0929 3.0049 2.9128 3.2769 2.4172 2.4446 2.5970 2.3335 0.7835 2.4540 0.9339 2.3448 1.4267 1.7931 0.9065 0.9543 1.2216 
4.7326 3.6095 2.9656 3.0549 2.9362 3.3785 3.0692 3.3863 3.1050 2.2128 0.6663 2.2214 2.2181 2.9497 3.1195 3.0507 3.0584 2.9702 2.9657 2.6871 1.8170 1.7335 0.0572 1.5263 2.3418 2.4398 2.0014 2.1317 1.4747 1.3145 0.8964 0.8063 0.7705 
5.0811 5.0081 4.0597 3.7487 2.4717 3.0565 3.4457 3.0978 3.1759 3.0962 3.1196 3.3429 1.3486 3.3097 0.9131 2.9091 2.0197 2.8420 0.7369 3.0287 1.0294 2.8856 2.5702 2.4282 2.4005 2.2260 2.3361 1.8304 1.0427 2.0696 1.9200 2.3513 1.2303 
4.4795 3.6116 2.6704 3.5374 2.6946 3.6458 3.4907 3.3766 3.5391 1.7916 2.0326 3.2100 3.5697 2.7561 2.2749 3.4155 2.9512 3.3009 2.1005 2.4551 3.1917 2.7928 1.5014 1.1120 2.7631 2.4274 2.3907 2.4098 1.2335 1.8111 0.5059 0.9873 0.5034 
4.1951 2.8226 3.5309 2.2976 3.1334 3.5782 3.2412 2.2558 3.4936 2.8956 2.7580 3.4778 3.2011 2.5674 2.9617 2.3050 1.7349 2.2338 2.8225 2.3156 2.8732 2.9920 2.2122 2.2312 2.6943 1.3358 2.2182 2.3349 1.7176 0.5347 1.4507 0.0894 0.3132 
3.1473 4.6436 4.1340 3.7268 3.0394 3.4539 3.6116 2.9229 2.2091 2.5603 3.0590 1.9990 2.8226 0.7461 2.2388 2.9575 2.9047 2.8891 2.0520 0.4894 2.4124 1.5599 2.4828 1.8854 1.3982 1.9704 2.5248 2.2264 1.5933 2.0572 2.0597 1.9873 -1.4349 
5.5107 5.3259 4.3645 4.1745 3.4810 3.8644 3.7220 3.6864 3.5871 2.6738 2.5451 3.2327 3.1212 3.6108 2.8324 3.2557 0.3383 3.1534 2.5970 3.3666 2.8254 2.8218 1.9991 1.9912 2.8330 2.8150 2.6738 2.6337 2.0236 2.4530 2.3225 2.6065 1.6814 
4.8384 4.4556 3.1097 3.0457 3.3031 1.6596 3.1361 3.5072 2.9274 3.2380 3.3262 1.6736 2.9103 2.7701 1.5408 1.9975 1.5233 1.8941 1.3379 2.4644 2.5244 1.1724 2.7783 2.5627 2.1718 2.5559 2.1126 0.4867 1.8474 1.3620 1.0801 1.7732 1.0336 
3.8822 4.6788 3.9797 3.0945 3.5157 3.5655 3.4557 3.6301 3.0153 2.5144 2.7979 1.6194 2.3280 0.4131 1.7015 2.3274 -1.6674 2.2571 1.5608 0.0879 1.9487 1.1291 2.2348 1.8581 2.2540 2.7330 2.3497 2.3216 2.0484 1.3646 1.8436 1.9520 -0.7911 
4.9622 5.0769 4.3860 4.2236 4.2654 3.4485 3.7324 2.3963 3.2915 2.5675 2.4470 2.9368 2.8569 2.0316 2.9149 2.7790 1.5928 2.6630 2.7515 1.7710 2.4571 2.4693 1.8771 1.8850 2.4803 1.5131 2.6898 2.2095 2.8522 2.5005 2.3424 2.4113 1.1125 
5.3731 4.8725 3.7979 4.0674 2.7946 3.5492 1.6408 3.0023 3.4447 3.1685 3.3012 2.5781 2.8337 2.7857 2.2215 3.0948 2.5198 3.0160 1.9920 2.4787 2.4249 2.1635 2.7592 2.4920 2.6110 2.1036 0.5940 2.3097 1.3021 2.3236 1.7396 2.2183 1.5423 
5.3332 4.6309 3.4778 3.8088 3.4422 2.4438 3.0145 3.3272 2.9019 2.9380 1.1928 2.5858 2.4075 2.1545 1.4126 2.4991 1.2070 2.4265 1.2270 1.8491 2.0517 2.1684 0.6319 2.2768 2.1164 2.3908 1.9425 1.2123 1.9380 2.1407 1.3603 1.8729 1.4572 
5.2353 4.1721 3.6051 3.3604 2.8602 3.7128 1.6714 3.2510 2.5566 2.5265 2.1560 2.6040 2.9743 3.2125 2.9154 2.6278 1.0983 2.5229 2.7490 2.9554 2.6078 2.1965 1.6000 1.8594 1.7839 2.3346 0.6294 2.4741 1.3942 1.6432 1.5813 1.4431 1.3634 
4.1421 4.4787 3.0762 2.8691 2.9048 3.5232 2.3698 2.8772 3.6219 3.4484 2.6348 2.3101 3.0478 2.8290 2.7909 2.3555 3.0030 2.2857 2.5743 2.4948 2.7032 1.8422 2.0913 2.7558 2.8663 1.9411 1.2697 2.2891 1.4977 1.1125 0.9544 1.8567 0.0900 
2.2120 5.2585 4.4654 4.1756 4.0899 3.7178 1.8350 2.9420 3.2587 3.0044 3.0401 0.3517 2.4810 3.1045 2.5718 2.6489 1.1544 2.5433 2.3980 2.8761 2.1731 -0.2546 2.4720 2.3393 2.4615 2.0177 0.8635 2.4735 2.6015 2.4610 2.3997 2.5817 -2.1183 
3.0238 4.7497 4.1705 4.1265 3.8122 3.7298 3.1591 3.5047 2.6450 2.2500 2.3410 2.5207 1.7048 2.6591 2.2110 2.4537 2.8633 2.3711 1.9877 2.3864 1.3248 2.0949 1.7772 1.5934 1.8421 2.5502 2.1182 2.4933 2.3697 2.3983 2.1104 2.0898 -0.2435 
5.2119 4.7869 4.0151 4.1424 3.4218 3.5990 3.6527 2.6024 1.1525 2.4166 2.5134 3.2401 3.2621 2.7894 2.9265 3.1140 2.9361 3.0428 2.7636 2.4810 2.9113 2.8308 1.9589 1.7576 0.3617 1.6851 2.5768 2.3626 1.9233 2.4192 1.9200 2.1081 1.3561 
4.7406 5.3576 4.7213 4.1877 4.1216 3.3068 2.8365 3.2412 3.6151 3.5243 3.0986 3.2039 3.0474 3.1885 2.7690 2.9049 3.2474 2.8393 2.5521 2.9383 2.7074 2.7848 2.5339 2.8657 2.8568 2.3378 1.7434 2.0521 2.6529 2.4701 2.6097 2.6826 0.7271 
5.2864 4.3163 3.5737 3.1137 3.0066 3.5839 3.3874 3.0732 3.0440 2.9091 2.2426 2.3161 2.8230 2.7207 1.9206 2.8614 2.9527 2.7750 1.7516 2.4299 2.4204 1.8462 1.6652 2.2468 2.2794 2.1910 2.3014 2.3425 1.6132 1.3963 1.5365 1.7121 1.4118 
4.9170 4.4956 2.8372 2.9833 2.5691 3.3051 3.0579 3.5993 2.6344 1.8914 2.6321 2.6008 1.4390 2.3882 2.8809 2.2601 2.6843 2.1852 2.6929 2.1580 1.0738 2.1844 2.0879 1.2335 1.8328 2.6908 1.9893 2.0658 1.1525 1.2454 0.6484 1.8344 1.1587 
3.1243 3.7368 2.7496 3.0655 2.1930 1.0801 2.3601 3.0411 2.3627 2.6191 2.7839 2.3822 2.0233 1.2650 1.9805 2.1425 2.3340 2.0335 1.8055 1.0343 1.6727 1.9072 2.2257 1.9407 1.6124 2.1542 1.2818 -0.1474 0.6781 1.3618 0.6423 1.1102 -0.5922 
