5.3834 5.0700 3.9392 3.0903 3.0836 3.0442 3.0607 3.0661 3.4346 2.6974 1.5909 2.0582 3.4489 3.1996 3.0847 2.3962 2.1926 2.3119 2.9264 2.9413 3.0449 1.6180 1.0262 1.9987 2.5959 2.1896 1.9767 1.8072 1.6379 1.3838 1.8208 2.3798 1.5968 
5.5676 5.0970 4.1728 3.5839 3.9944 3.5317 4.3256 3.8307 3.4798 3.4676 3.4713 3.3569 3.4983 3.0308 2.9635 2.9574 2.9148 2.8807 2.8213 2.8106 3.0962 2.8871 2.8951 2.8095 2.6647 2.9194 3.2619 2.2905 2.5022 1.8659 2.1003 2.3883 1.7154 
5.0498 4.7460 4.1450 3.7470 3.0186 3.2270 3.6857 2.9067 2.8804 2.9363 3.3179 1.8196 2.4043 2.8684 3.0505 1.5465 2.3510 1.4443 2.8903 2.5750 2.0533 1.3491 2.7696 2.2731 2.0803 1.9849 2.6105 1.9944 1.5953 2.0498 2.0807 2.0263 1.2076 
5.0996 4.8521 4.1431 2.9102 3.6023 3.4043 2.2568 3.0101 3.2823 3.0340 2.8214 2.2725 3.0953 2.5728 2.6802 2.4405 1.9273 2.3560 2.4690 2.3157 2.7906 1.7970 2.2430 2.3576 2.4644 2.1063 1.1670 2.1505 2.1905 1.1650 2.0420 2.1922 1.2031 
5.1117 3.9303 3.0248 2.2189 2.8667 3.0835 2.9046 2.9596 2.0198 2.2651 2.4564 2.1678 2.2298 2.3563 2.9254 2.9009 2.2078 2.8313 2.7752 2.1190 1.8307 1.6703 1.8898 1.6107 1.2012 2.0320 1.8193 1.8387 1.4114 0.4849 0.9811 1.1756 1.2145 
5.5394 4.7912 3.9390 3.5299 3.4679 2.6665 3.1334 3.0945 3.1810 2.7929 1.6687 2.9491 3.0272 2.9245 3.1500 2.9666 2.3035 2.8909 2.9857 2.6554 2.6764 2.4668 1.1022 2.0918 2.3935 2.2156 2.1042 1.4111 1.9739 1.8029 1.8330 2.1414 1.7056 
3.3095 4.4927 4.0239 2.8688 2.8479 3.2177 3.6431 3.2071 2.3320 2.7574 2.2331 1.9383 2.2673 2.8237 2.8165 2.6256 2.4209 2.5218 2.5930 2.4986 1.8771 1.5345 1.6589 2.0665 1.5640 2.2886 2.5614 1.9883 1.3535 1.0882 1.8780 1.8137 -0.8031 
4.2951 3.8147 3.3564 3.0882 3.0355 3.5106 3.3721 2.2766 2.3444 1.8008 2.0439 0.5378 2.3776 2.8360 2.3045 2.5774 1.0530 2.4796 2.1551 2.5204 2.0239 0.0991 1.4961 1.1194 1.5884 1.3171 2.2813 2.2641 1.6066 1.3793 1.2075 1.1031 0.3164 
3.5506 4.3264 3.7158 2.8520 2.8270 2.9122 2.4000 1.8323 3.2971 2.6721 2.7350 2.8398 3.4313 2.8645 2.9476 2.9326 2.1999 2.8591 2.8121 2.5584 3.0224 2.3566 2.1771 1.9927 2.4804 0.9071 1.3365 1.6696 1.3481 1.0714 1.6621 1.7026 -0.6236 
3.9545 4.7326 4.0880 4.2125 4.3271 3.7031 2.9193 3.1581 2.6426 3.1718 2.6869 2.9240 2.1221 2.5159 2.2935 2.9451 2.9483 2.8719 2.1440 2.2721 1.7307 2.4515 2.1367 2.4847 1.8383 2.2533 1.8344 2.4501 2.8887 2.4823 1.9685 2.0620 0.3137 
5.4247 4.3361 3.9263 3.0271 3.5877 2.6680 2.4535 3.0846 3.3840 3.0639 2.4548 1.8427 3.0856 2.5536 1.9604 2.2931 2.8175 2.2271 1.7877 2.2963 2.7736 1.4233 1.8882 2.3906 2.5494 2.2075 1.3889 1.4240 2.1656 1.2797 1.8060 1.5964 1.5354 
3.4672 2.3618 3.4510 3.4202 3.5620 2.9782 3.4384 2.8155 2.5494 2.3488 2.8054 2.8149 2.7189 3.2225 2.8492 2.8513 2.9946 2.7687 2.6460 2.9573 2.3448 2.3120 2.2299 1.6781 1.7582 1.8336 2.3234 1.7394 2.1330 1.6773 1.3631 -0.5133 -0.6917 
2.1976 3.7158 3.7639 3.1976 2.4260 3.1811 3.3123 1.6101 2.2147 1.0855 2.1731 1.2205 2.5788 2.5427 1.8432 2.1856 2.2593 2.0693 1.6892 2.2938 2.2422 0.7804 1.6018 0.4430 1.4046 0.6235 2.2421 1.9302 0.9839 1.4939 1.6888 1.0962 -3.0132 
5.6414 4.7918 3.9068 4.1291 4.0705 3.6640 3.4065 2.4543 3.0760 2.0065 1.0120 2.3697 2.4293 2.1416 1.5738 2.4317 1.9665 2.3478 1.3617 1.8273 2.0968 1.8913 0.4467 1.3292 2.2959 1.5739 2.3046 2.4162 2.5697 2.3920 1.8070 2.0514 1.7730 
5.4369 4.7923 3.6652 3.7205 3.9875 3.9287 4.1088 3.4742 3.0835 0.9793 2.2082 0.7170 2.4555 1.6310 2.6680 2.6038 2.8262 2.5025 2.4645 1.3269 2.1334 0.3123 1.6293 0.3459 2.3051 2.5055 3.0060 2.6891 2.4870 2.0301 1.6007 2.0665 1.5704 
4.6100 4.0105 3.6325 3.0873 3.4416 3.4961 2.5226 2.3400 2.9763 3.0955 2.8084 2.3286 2.9008 1.6113 2.5728 2.0501 2.8419 1.9380 2.3968 1.3062 2.5055 1.8505 2.2247 2.4344 2.2149 1.4460 1.4894 2.2447 1.9416 1.3984 1.5807 1.2448 0.6731 
4.8883 4.4411 3.9908 3.5336 3.4104 3.3371 3.4867 3.5837 2.4131 2.9228 1.9548 2.0008 1.8197 1.5624 2.2293 2.2068 1.8669 2.1111 2.0349 1.2351 1.4842 1.5785 1.4119 2.2609 1.6353 2.6641 2.3852 2.0829 1.8965 1.8051 1.8395 1.7279 0.9748 
4.6255 4.3568 3.6997 2.4630 2.9602 3.4307 3.6046 2.9059 2.9117 2.9278 2.4408 2.5761 1.8284 2.5528 3.1923 2.7866 -0.8103 2.6694 3.0191 2.3080 1.5049 2.1567 1.8694 2.2586 2.1512 1.9647 2.5111 2.1902 1.5518 0.7328 1.6282 1.6824 0.6776 
4.4987 4.4931 3.6721 3.6421 3.2754 2.1932 2.7112 2.6534 2.8377 2.3544 1.2336 1.7062 2.1268 2.4247 2.5232 2.8216 2.5207 2.7142 2.3567 2.2026 1.7334 1.2135 0.6738 1.6870 2.0155 1.7222 1.6373 0.9401 1.7936 1.9154 1.6051 1.8058 0.7500 
5.3288 5.0322 4.0497 3.6156 3.6134 3.6686 2.9427 2.5604 3.0242 2.5794 2.3632 2.7255 2.2419 2.8691 2.7673 2.7644 2.7599 2.6553 2.5394 2.5733 1.8409 2.2568 1.8065 1.8874 2.2510 1.6481 1.8369 2.4197 2.2040 1.8826 1.9215 2.3494 1.5140 
3.1258 4.5656 3.6695 3.3764 3.4478 3.0086 3.3200 2.5384 2.7153 2.6439 1.8905 1.8973 2.8143 2.5934 2.5321 2.5232 1.5029 2.4446 2.3636 2.3305 2.4084 1.4518 1.3521 1.9540 1.8879 1.6401 2.2520 1.7583 1.9380 1.6464 1.6002 1.8724 -0.4739 
5.3409 4.7536 4.1364 3.6166 3.0971 3.1898 2.7371 2.5808 3.4521 2.5142 2.7836 2.4683 3.2142 1.9918 3.3128 2.6849 1.6367 2.5717 3.1026 1.7378 2.8739 2.0429 2.2153 1.8329 2.6247 1.6729 1.6482 1.9460 1.6740 1.8766 2.0427 2.0222 1.4646 
4.5435 4.2797 3.7327 3.4744 3.5459 2.4024 2.4050 2.5611 3.3904 2.8967 2.2173 1.6632 1.7157 0.6175 2.4755 2.8653 1.5825 2.7906 2.3213 0.3600 1.3534 1.1942 1.6373 2.2300 2.5532 1.6575 1.3057 1.1619 2.0965 1.7174 1.6840 1.6115 0.7587 
5.0464 5.3142 4.5715 3.8606 3.7330 3.1576 3.7127 3.6000 3.4451 3.2317 3.1685 2.7947 3.2387 0.9655 3.2533 2.9260 1.4734 2.8523 3.0707 0.7191 2.8903 2.3043 2.6120 2.5494 2.6103 2.6864 2.6679 1.9093 2.2980 2.1913 2.4549 2.5832 1.1572 
4.9879 4.7306 3.4365 2.8944 3.5164 2.2330 2.2248 3.2254 2.3239 2.3732 2.2916 2.5022 2.3946 2.1461 2.4503 1.7568 2.2511 1.6743 2.2864 1.8375 2.0415 2.0790 1.7188 1.7057 1.5652 2.3084 1.1191 1.0125 2.0548 1.1835 1.2640 2.0060 1.1365 
3.5398 3.4842 3.5644 2.9561 4.2023 3.4202 3.2780 3.4751 3.4521 2.9437 2.7218 2.4751 2.3677 3.1316 2.9363 2.8274 2.9084 2.7272 2.7910 2.8934 2.0102 2.0433 2.1823 2.2742 2.6240 2.5028 2.2282 2.1537 2.7838 1.2310 1.5403 0.7535 -0.1375 
4.4307 4.3406 3.4694 2.9142 1.2149 3.3865 3.6803 3.2590 3.2950 2.2488 2.1442 2.0048 2.8646 3.0782 2.2430 3.0627 1.8928 2.9768 2.0572 2.8452 2.4642 1.5768 1.5855 1.5794 2.4725 2.3309 2.6078 2.1449 -0.2089 1.1666 1.3350 1.6820 0.7019 
4.7230 3.9034 3.1886 2.8284 2.7174 3.4663 3.0609 2.6781 2.5461 2.1271 2.9054 3.1956 3.2499 3.1070 2.5249 2.7711 2.6026 2.6608 2.3610 2.8730 2.8965 2.7777 2.3348 1.4501 1.7610 1.7418 1.9789 2.2217 1.2240 1.0950 1.1195 1.2161 0.8741 
4.3515 4.3679 3.6829 3.4704 2.9226 3.5375 2.7219 2.8983 1.9070 2.6039 2.5632 2.2253 3.5084 3.5354 3.1618 3.1351 3.2057 3.0600 2.9925 3.2583 3.1125 1.7480 2.0097 1.9209 1.1333 1.9461 1.6528 2.2884 1.4897 1.7210 1.6101 1.7074 0.6268 
4.4016 3.6210 3.4708 3.7284 4.0323 4.4387 4.0748 4.1187 3.4963 2.4262 2.3177 2.8129 2.3242 3.2118 3.0792 2.9193 2.6070 2.8507 2.9171 2.9534 1.9532 2.3166 1.7543 1.7563 2.6936 3.1575 2.9613 3.1924 2.5360 2.0492 1.3779 0.9718 0.5405 
4.8026 4.1959 2.4433 3.0533 3.5434 2.6564 2.9837 2.3239 2.7131 2.5411 1.6426 1.9613 2.0847 2.8364 0.9388 2.2051 2.2006 2.1130 0.6685 2.5185 1.6972 1.5602 1.0532 1.8503 1.8946 1.3775 1.8944 1.3953 2.1071 1.3569 0.3789 1.5445 1.0190 
3.8405 4.0616 2.9428 2.4692 1.6478 2.8583 3.2064 2.4407 1.9445 1.5962 2.7090 3.0225 3.4550 2.6488 1.4203 0.3650 1.7984 0.2691 1.2174 2.3662 3.0542 2.5560 2.1628 0.9429 1.1352 1.5770 2.1839 1.6072 0.1159 0.6966 0.8092 1.3954 -0.2925 
4.6986 3.1816 2.8168 2.8724 3.0274 3.6966 2.9246 0.5467 1.2779 2.9860 2.5027 2.2725 2.3747 2.7415 1.6374 1.0936 2.5336 1.0106 1.4492 2.4378 2.0300 1.7889 1.9357 2.3208 0.4832 -0.2757 1.8251 2.4510 1.6264 1.1767 0.8159 0.6211 0.6349 
4.7773 4.8927 4.2499 3.4906 3.7368 3.3391 2.6354 1.7139 3.4035 3.2693 3.3362 2.2806 2.5972 2.7076 3.1064 2.6870 2.5783 2.5734 2.9489 2.4163 2.2556 1.8074 2.7885 2.5836 2.5721 0.8676 1.6066 2.0753 2.3042 1.7588 2.2018 2.2382 0.9485 
5.8114 4.9106 3.8711 3.6687 3.4124 3.4483 3.3057 3.3679 3.0376 2.7072 2.8119 2.2814 2.9011 2.4579 2.8869 2.7802 1.5893 2.6637 2.7158 2.2250 2.5096 1.8087 2.2282 2.0122 2.2659 2.4047 2.2462 2.1955 1.9133 1.9443 1.7794 2.2086 1.9109 
5.8127 4.7985 3.6670 3.1777 3.0952 3.7278 3.4000 3.3010 3.2211 2.4629 2.5458 2.3459 2.5270 2.8860 2.8148 0.8671 -2.0414 0.7314 2.5914 2.5974 2.2091 1.8728 1.9901 1.7930 2.4232 2.3636 2.2954 2.4854 1.6803 1.4998 1.6167 2.0725 1.9184 
2.1687 3.9385 3.2856 3.2317 3.1812 2.9849 3.4475 3.4554 3.7240 3.7055 3.1826 1.5636 1.4107 2.1158 2.6872 2.5354 3.0346 2.4547 2.4821 1.8080 1.0583 1.0544 2.6252 3.0361 2.9534 2.4793 2.3392 1.7431 1.7315 1.5657 1.1882 1.2385 -2.5740 
5.4738 4.1836 3.8196 3.3244 3.4825 2.8598 3.4198 3.3686 2.5673 2.3553 2.4068 2.5835 2.4182 2.5007 3.0660 2.7729 2.8154 2.6571 2.9032 2.2653 2.0692 2.1665 1.8312 1.6804 1.7824 2.4082 2.3141 1.6122 2.0062 1.6068 1.7197 1.3558 1.5802 
3.5311 4.7245 4.2483 3.2271 2.1980 3.1099 3.4347 2.6719 3.6671 3.1142 3.6966 3.2668 3.0251 2.5630 2.2902 2.2385 2.8287 2.1853 2.1361 2.2978 2.6767 2.8295 3.1208 2.4528 2.8940 1.7410 2.3246 1.8763 0.7414 1.5234 2.2028 2.0645 -0.3382 
5.9511 5.4025 4.6923 4.5366 4.1462 3.3988 3.0272 3.5389 3.3701 3.6557 3.7906 3.4659 3.3806 3.5035 2.4690 3.0762 3.2020 2.9936 2.3078 3.2118 2.9850 2.9756 3.2368 2.9880 2.5383 2.6031 1.9532 2.1639 2.6843 2.8420 2.5593 2.6880 2.0376 
5.2982 4.9247 4.2866 3.2382 2.7649 3.2453 2.7866 2.9550 1.8168 1.5039 3.1578 2.6546 2.0940 2.6947 2.4652 1.7871 3.5027 1.7191 2.3124 2.4115 1.7048 2.2168 2.6068 0.7977 1.0324 2.0415 1.6739 2.0004 1.2787 1.5402 2.2241 2.2437 1.3613 
5.3449 4.7220 2.8186 3.3729 3.0781 2.0227 3.4428 2.4609 3.3568 2.9144 2.8723 2.3172 3.2105 3.0194 2.6265 3.4746 3.2527 3.3948 2.4425 2.7950 2.8733 1.8353 2.2917 2.2528 2.5235 1.5913 2.3309 0.8098 1.6399 1.6456 0.7445 1.9762 1.5084 
4.7923 4.3715 4.2373 3.1514 2.4257 2.4873 2.8460 3.0055 2.8177 3.0875 3.1359 3.0513 2.3922 3.1979 3.1471 2.7809 2.3558 2.6664 2.9817 2.9411 2.0489 2.5845 2.5772 2.4247 1.9945 2.0986 1.7415 1.2507 0.9757 1.4467 2.1967 1.7355 0.9838 
4.0505 3.8705 1.8628 3.4257 2.9609 2.8317 3.7068 2.9745 2.9291 2.6161 2.7420 2.9005 3.3781 3.2527 2.7369 1.7358 1.9199 1.6622 2.5133 2.9809 2.9857 2.4271 2.1885 1.9372 2.1695 2.0520 2.6515 1.5870 1.5360 1.6665 -0.0657 1.1527 -0.1641 
4.0384 4.2087 2.9671 3.0327 2.3925 3.2162 2.9048 3.0826 2.8203 2.2524 2.4265 2.9477 2.8412 2.8203 2.3850 1.8203 2.2246 1.7391 2.2322 2.4953 2.4423 2.4647 1.8513 1.5942 1.9787 2.2040 1.8098 1.9721 0.9959 1.3286 0.8052 1.5708 0.3260 
4.7165 4.2813 3.9221 3.3548 3.7050 2.7402 2.8446 2.8871 3.1487 2.6588 2.3836 2.4141 1.8584 2.2372 2.1508 2.3316 1.8994 2.2598 1.9238 1.9397 1.5500 1.9456 1.8206 1.9708 2.3696 1.9325 1.7350 1.4636 2.2721 1.6358 1.8282 1.6480 0.8840 
5.6051 5.1728 4.4179 4.2880 3.7144 3.3404 3.6380 3.1142 3.0086 1.8377 2.7821 1.8475 3.2619 1.6832 2.3382 3.0306 -0.4421 2.9480 2.1977 1.4298 2.9054 1.3918 2.2143 1.1599 2.2405 2.2254 2.5579 2.0965 2.2783 2.5689 2.3373 2.4445 1.7282 
5.3116 4.5755 3.2394 1.6367 3.6133 3.0676 3.0008 3.4736 3.3958 2.1952 2.6199 2.1878 2.3186 1.7533 2.7982 3.0997 1.8597 3.0268 2.5790 1.5147 1.9390 1.6897 2.0713 1.4971 2.5532 2.5099 1.9253 1.8053 2.1999 -0.1106 1.1274 1.8498 1.4694 
4.8095 3.9795 2.4761 2.8676 2.6143 2.6357 3.0693 2.5316 2.1497 2.0186 2.9115 2.8273 1.6173 3.1626 1.6139 2.8173 2.4574 2.7044 1.4405 2.9115 1.2404 2.3286 2.3384 1.3595 1.2994 1.6251 2.0003 1.3935 1.1628 1.1367 0.4135 1.2027 0.9468 
5.4305 4.2175 3.1418 2.8280 3.5509 3.3673 3.1251 2.3762 3.5731 2.9353 1.8576 2.5664 2.9602 3.0430 3.0764 2.6009 2.4499 2.4950 2.9153 2.8173 2.5933 2.1480 1.2917 2.2648 2.8173 1.4692 2.0843 2.1227 2.1210 1.0815 1.0707 1.4881 1.5825 
4.9884 4.4443 3.7722 3.5603 3.2164 3.0529 3.0455 2.6525 2.5384 1.5392 2.2590 2.0399 1.6978 1.6843 2.2357 2.4599 2.4441 2.3841 2.0497 1.4132 1.3366 1.5994 1.6878 0.8525 1.7477 1.7212 1.9720 1.8011 1.7560 1.8219 1.7134 1.8100 1.1562 
5.0416 3.5338 2.9039 1.5789 3.7869 3.4786 2.6983 1.1735 2.6074 1.9381 3.2405 2.8503 3.1266 3.2864 3.0864 2.1519 2.2324 2.0274 2.9275 3.0083 2.8204 2.3687 2.6990 1.2774 1.8088 0.2009 1.6063 2.2260 2.3579 0.1204 0.9701 1.0635 1.0914 
5.7648 5.3965 4.6992 4.3491 4.2094 4.0585 3.9581 3.4781 3.2190 2.9433 3.0830 2.9387 3.1845 2.8929 2.3966 2.6014 2.8749 2.4951 2.2452 2.6049 2.8552 2.4591 2.5186 2.2716 2.4240 2.5071 2.8805 2.8078 2.7945 2.6505 2.5657 2.6865 1.8361 
5.3973 4.6140 3.7101 3.8087 3.0698 3.5017 3.1905 3.4276 2.8554 2.7777 2.7737 2.7430 2.9706 1.3648 1.6607 1.8285 2.7348 1.7505 1.4916 1.1106 2.6044 2.2707 2.2091 2.0833 2.0406 2.4529 2.1713 2.2545 1.6386 2.1216 1.6446 1.8332 1.5201 
2.4335 3.5473 3.1399 2.8118 2.1656 2.9573 3.0528 2.8575 2.4388 3.0553 2.4128 1.7353 2.4639 2.7315 2.0789 3.0019 2.5660 2.9239 1.8536 2.4355 2.1549 1.2501 1.8343 2.3835 1.6660 1.8859 1.9924 1.7083 0.6252 1.0325 1.0713 0.9417 -2.3519 
5.4890 3.6487 3.1562 2.4290 3.4958 3.4184 3.5171 2.9801 0.4580 2.2451 3.3010 3.0791 2.5200 2.1894 2.7812 2.7958 1.6133 2.6816 2.5573 1.8729 2.2081 2.6282 2.7576 1.5850 -0.4151 2.0702 2.4253 2.1641 2.0243 0.6864 1.1211 1.0120 1.6206 
5.3396 4.0656 3.9291 3.3552 2.8065 2.8079 4.0054 1.2296 3.6312 2.8428 3.4210 2.3438 1.8264 2.3298 1.9667 2.9717 2.7563 2.8953 1.8020 2.0660 1.4890 1.8526 2.8431 2.1791 2.8641 0.4307 2.9125 1.5897 1.3095 1.6370 1.8603 1.4659 1.4015 
3.4497 4.0890 3.8188 3.8781 3.5088 3.5225 3.0441 2.5990 3.5747 3.3295 2.1437 2.9913 2.9621 2.9190 2.4570 2.6355 2.1707 2.5328 2.3000 2.6398 2.5904 2.5213 1.5639 2.6404 2.8190 1.6896 1.9735 2.2713 2.0558 2.1959 1.7494 1.3855 -0.6728 
5.3439 5.0027 4.0896 3.6879 3.8269 2.7768 2.6577 3.2791 2.4537 1.8229 2.6138 2.4708 2.9197 2.7841 2.5421 2.2886 1.6450 2.2153 2.3718 2.4628 2.5358 2.0439 2.0646 1.1555 1.6688 2.3469 1.6114 1.5019 2.3744 1.9735 1.9621 2.3183 1.4472 
4.9974 4.6242 3.4474 3.2018 3.4714 3.0637 2.7004 3.5140 2.9281 3.1463 2.8576 1.1496 1.7759 2.8702 2.1807 3.1842 2.9431 3.0886 1.9662 2.5737 1.4200 0.6572 2.2783 2.4693 2.1618 2.5659 1.6286 1.8141 1.9908 1.5306 1.2993 1.8616 1.1156 
3.0907 3.9179 2.5802 3.4567 3.5094 1.8982 2.1447 3.0432 2.9301 2.3999 2.9089 -0.1653 2.1702 3.0302 1.4528 2.4034 0.0012 2.3222 1.2435 2.8081 1.7629 -0.7766 2.3322 1.7373 2.1602 2.1628 1.0576 0.6145 2.0558 1.7050 0.4302 1.2116 -0.2967 
5.1223 4.4279 3.4489 3.4870 2.5449 2.9606 2.9709 2.2625 1.2694 2.1884 1.9858 2.4059 2.8953 2.8250 3.0477 3.1717 1.7041 3.0808 2.8923 2.5005 2.5016 1.9421 1.4413 1.4899 0.4561 1.3128 1.8681 1.7193 1.0629 1.7460 1.3070 1.7498 1.3041 
5.6959 4.6314 2.9605 2.6730 3.5148 3.2281 3.7678 2.9629 3.0646 2.8626 2.9042 2.5909 1.9048 2.8443 2.2290 2.5620 1.8665 2.4660 2.0362 2.5313 1.5726 2.1745 2.3332 2.2053 2.2897 2.0496 2.7274 1.9917 2.0563 0.9708 0.9365 1.8627 1.8289 
4.3249 4.0624 3.9723 3.7044 2.3138 3.0056 3.2169 3.1061 2.4177 2.0904 2.8904 2.8995 2.9320 2.4871 2.1139 2.3447 2.4733 2.2694 1.8934 2.2497 2.5507 2.4194 2.3181 1.4244 1.6354 2.2269 2.1890 1.7538 0.9355 1.9810 1.8552 1.3236 0.4707 
5.1057 4.2429 3.6456 3.6058 3.5199 3.1326 3.0707 3.3041 2.9054 2.9024 2.9323 2.3662 2.5543 2.8699 2.1682 2.4194 2.4038 2.3380 1.9372 2.5719 2.2291 1.8881 2.3603 2.2402 2.1296 2.3639 2.0048 1.8941 2.0569 1.8738 1.6007 1.5490 1.2208 
3.5310 3.4726 3.2032 3.2271 3.4640 3.7198 4.0352 2.8607 2.4498 2.2000 2.9079 2.9750 3.0086 2.8661 3.0347 2.6001 1.2378 2.4978 2.8796 2.5655 2.6491 2.4946 2.3315 1.5329 1.6644 1.8774 2.9290 2.4797 1.9842 1.5366 1.1074 0.8761 -0.5451 
3.3147 3.3078 2.3846 3.4376 3.4811 2.3914 3.9031 3.2396 2.4772 2.7798 2.8911 2.8831 2.2885 2.3169 2.8067 1.6953 1.6314 1.6193 2.5787 2.0573 1.9117 2.4038 2.3199 2.0891 1.6960 2.3063 2.8501 1.0951 2.0119 1.6864 0.3051 0.5795 -0.9231 
4.3689 3.6808 2.7578 2.2826 0.9064 3.2135 2.5660 1.8504 3.2251 2.9040 2.0290 2.3920 2.5241 2.8662 1.4539 2.1939 2.4220 2.0910 1.2181 2.5699 2.2113 1.9201 1.4796 2.2372 2.4291 0.9868 1.5150 1.9695 -0.7411 0.5285 0.6807 1.0908 0.4697 
4.4802 4.7814 3.7478 3.2468 2.9986 3.0033 3.5720 3.5471 2.8223 2.3576 3.0692 2.5760 2.7841 2.7046 2.0523 1.2070 -0.2437 1.1274 1.8393 2.4138 2.3827 2.1523 2.4933 1.6887 2.0009 2.6069 2.4797 1.7639 1.5773 1.5574 1.6692 2.1116 0.6449 
2.2193 3.5978 2.8864 2.9843 3.2558 2.7452 3.3927 3.4854 1.4301 2.1812 2.4464 3.0693 2.9317 3.1090 2.4734 1.6714 0.8660 1.6023 2.3148 2.8760 2.5509 2.6150 1.8592 1.5012 0.6124 2.5167 2.3020 1.5185 1.7808 1.2896 0.8057 0.9878 -2.4201 
5.1842 4.4396 3.0757 2.9391 1.9454 2.4067 3.4495 2.4466 0.8506 2.7040 2.7553 2.7443 2.7753 1.0633 2.8921 2.2943 2.1019 2.2230 2.7213 0.8296 2.3724 2.2724 2.1972 2.0172 0.0921 1.5628 2.3402 1.1780 0.4857 1.2084 0.9995 1.7197 1.2800 
4.5830 3.7088 2.9433 2.4493 3.0120 3.0388 2.8980 2.9824 2.5819 2.2394 2.1259 2.6765 2.5066 2.2548 2.3909 2.9369 3.1326 2.8661 2.2406 1.9613 2.1959 2.2312 1.5692 1.5753 1.7886 2.0720 1.8125 1.7918 1.5945 0.7258 0.8617 0.9840 0.6313 
4.7188 4.0623 2.4790 1.0745 3.5963 2.8454 3.3375 3.2950 2.9123 2.3383 2.5729 2.9392 3.2748 3.1717 2.3318 3.0437 1.5855 2.9604 2.1936 2.9189 2.9142 2.4637 2.0126 1.6670 2.1341 2.3595 2.2607 1.5997 2.1873 -0.6543 0.4172 1.2875 0.8517 
4.1463 3.3577 3.1474 3.2875 3.6105 2.2552 2.2107 1.7295 2.5484 2.4812 2.2460 2.4545 2.1172 2.6671 2.8742 1.9186 2.3699 1.8329 2.6894 2.3868 1.7293 2.0043 1.6639 1.8203 1.7605 0.8423 1.1082 0.9993 2.1959 1.5928 1.0673 0.5713 0.1323 
4.3191 4.7295 3.7086 3.8775 3.3123 3.7763 2.6342 2.9305 3.3178 3.3188 2.2140 1.8915 2.4193 2.6831 2.6407 2.9485 3.0435 2.8742 2.4544 2.3971 2.0818 1.4601 1.6260 2.6297 2.4930 2.0046 1.5738 2.5305 1.8323 2.1940 1.6552 2.0523 0.5829 
3.9170 3.7837 3.0660 1.6439 2.9533 2.9818 3.2893 2.7440 2.4441 2.8692 2.2343 1.8034 2.8703 2.9017 1.9196 2.0074 0.6775 1.9013 1.7408 2.6184 2.4720 1.3316 1.6499 2.2102 1.6570 1.7915 2.2304 1.7388 1.5447 -0.1587 1.0169 1.1596 -0.0032 
2.4645 3.9262 3.5974 2.3917 3.6520 3.4842 2.4585 2.8208 2.8152 2.2962 2.2500 0.5733 2.2268 3.2827 2.9099 2.3483 2.0480 2.2712 2.7463 3.0043 1.8328 0.0945 1.6743 1.6293 1.9765 1.8400 1.3961 2.2325 2.2312 0.6244 1.5432 1.2148 -3.4389 
1.5328 4.7950 4.1460 3.9444 4.1766 3.7920 2.9388 2.7409 2.4405 2.3413 2.8448 2.4600 2.7729 1.7626 2.7081 2.0842 2.0082 1.9638 2.4985 1.5287 2.3696 2.0169 2.2637 1.6766 1.6581 1.7884 1.8360 2.5392 2.7405 2.2373 2.0479 2.1444 -1.1412 
1.6828 4.2429 3.4748 3.4750 2.5779 3.2220 3.3537 3.5794 3.4436 3.1015 3.1479 3.0328 2.6950 2.8438 3.4498 3.4278 3.5215 3.3105 3.2342 2.5364 2.3209 2.5650 2.5933 2.4422 2.6052 2.6600 2.2676 1.9739 1.1230 1.7136 1.3590 1.5829 -0.7418 
5.3610 4.1447 2.6797 2.9478 3.4018 3.3435 3.4963 2.7679 2.2726 2.0255 2.2420 2.2490 2.7016 2.8554 2.9760 2.3959 3.0261 2.3119 2.8310 2.5483 2.3244 1.7614 1.6698 1.3403 1.4856 1.8047 2.3973 2.0979 1.8965 1.2039 0.5654 1.4200 1.4960 
4.6928 4.8782 4.0885 2.8184 3.6404 3.5620 2.7652 2.5036 2.8881 2.9678 3.3069 2.5407 2.6866 2.6681 2.3155 2.3929 2.7976 2.3141 2.1784 2.3821 2.3174 2.1074 2.7605 2.3008 2.1072 1.6155 1.6562 2.3156 2.2195 1.0766 1.9491 2.2372 0.9612 
2.1043 4.8962 4.1700 3.8990 3.3973 3.7037 3.5781 2.7999 2.0894 3.1196 2.8766 1.2113 1.6094 2.4739 2.6577 2.7467 1.5192 2.6323 2.4589 2.2454 1.2125 0.7801 2.2967 2.4544 1.2634 1.8185 2.4801 2.4576 1.8836 2.2095 2.0782 2.2445 -1.0198 
4.8139 4.5264 3.5723 3.3231 3.1556 3.5512 2.7723 3.5493 3.0410 3.0735 1.8323 3.3835 3.2636 3.1118 2.5465 2.7022 1.0907 2.5910 2.3801 2.8778 2.9072 2.9042 1.2722 2.4005 2.2599 2.6180 1.6734 2.3025 1.7206 1.6030 1.5382 1.8101 0.9815 
4.3810 4.1543 3.1912 2.8017 2.9957 1.5158 2.3646 2.9854 2.7666 2.9825 2.1497 2.6476 2.9102 2.3100 2.3923 1.4657 2.2953 1.3405 2.2408 2.0412 2.5217 2.2134 1.5786 2.3129 1.9296 2.0791 1.2892 0.2762 1.5735 1.0688 1.0934 1.5161 0.5883 
3.1448 3.2543 3.2193 2.9370 3.3221 3.5119 3.2639 1.7602 3.0082 2.6539 1.3133 2.3846 2.6475 2.7519 3.0630 2.4506 2.8658 2.3649 2.9006 2.4489 2.2917 1.9102 0.7864 1.9578 2.2407 0.8615 2.2141 2.2645 1.8420 1.2040 1.1642 0.5603 -1.1332 
5.3401 4.4436 3.5659 1.6220 3.6548 2.7854 3.7463 3.0953 2.3135 3.2385 2.9204 2.6390 2.5123 3.1507 1.9397 3.0279 2.3721 2.9482 1.7701 2.9072 2.2019 2.2063 2.3448 2.5543 1.5615 2.2189 2.7030 1.5218 2.2214 -0.3781 1.4479 1.6885 1.3169 
4.9359 4.7093 3.8523 2.8440 3.7709 3.9266 3.4008 3.2395 2.5624 2.7935 3.1362 3.0971 2.9630 3.3737 1.8427 2.2024 1.0077 2.0972 1.6778 3.0710 2.6007 2.6634 2.5816 2.1062 1.7721 2.3195 2.2904 2.6816 2.3325 1.1277 1.7556 1.9697 1.0585 
4.9914 4.3411 3.2444 0.7051 -0.2490 2.8208 3.1481 2.4208 2.3621 3.2539 2.9114 1.8111 2.0411 2.3351 2.6476 2.9886 2.8248 2.9093 2.4588 2.0942 1.6770 1.3515 2.3359 2.5748 1.5983 1.5565 2.1152 1.5819 -1.5289 -0.8414 1.1464 1.6574 1.1497 
4.8263 4.3953 2.3549 2.9161 3.5736 2.4976 3.1880 1.9625 2.8438 2.3671 2.1296 2.3753 2.2036 2.2644 0.9887 1.6984 1.7844 1.6186 0.7996 1.9790 1.8009 1.8983 1.5700 1.6968 2.0291 1.0818 2.1589 1.2699 2.1417 1.2016 0.1423 1.7131 1.0301 
4.9477 3.7774 2.7176 2.8030 3.4671 2.2581 3.9149 3.3310 3.0920 2.5559 2.2684 2.5643 2.8206 2.3603 2.1861 2.2522 2.3860 2.1909 1.9537 2.1134 2.4150 2.1533 1.6899 1.8694 2.3240 2.3795 2.8576 1.0052 1.9816 1.0628 0.6188 1.0929 1.0952 
4.3660 3.2905 2.4616 3.5456 2.5553 3.3732 3.4062 3.4084 3.3521 3.1544 1.9839 2.8912 2.4624 2.3250 2.8291 1.5830 1.8385 1.4728 2.6139 2.0773 2.1424 2.4138 1.4334 2.4741 2.5183 2.4415 2.3067 2.1207 1.1267 1.8183 0.4476 0.5862 0.5265 
4.9888 4.0799 3.7429 3.5294 2.3529 3.4057 3.1341 1.8958 2.2332 3.3510 3.0049 2.9174 2.2715 2.4642 2.9392 2.1791 -2.3523 2.0688 2.7946 2.2384 1.8808 2.4415 2.4373 2.6640 1.4269 1.0040 2.0934 2.1586 0.9457 1.7851 1.6803 1.2590 1.0915 
4.7843 3.1518 3.4907 3.5399 2.9634 2.3513 3.3574 2.8997 2.7578 3.2239 2.2103 2.2791 2.9305 2.6318 1.6784 1.9011 1.7909 1.8279 1.5218 2.3582 2.5524 1.8016 1.6283 2.5384 1.9266 1.9481 2.2733 1.1229 1.5338 1.8118 1.4156 0.4347 0.9382 
4.7388 3.7054 2.8323 0.9923 3.7047 3.2966 3.4030 1.7565 2.2963 2.0571 2.1139 2.8088 2.6676 2.2730 2.7109 2.9078 2.7091 2.8403 2.4982 1.9955 2.2993 2.3112 1.5643 1.3681 1.5219 0.8265 2.3027 2.0422 2.2747 -0.6445 0.7260 1.0089 0.9102 
2.7896 4.0460 3.3312 2.0159 2.8904 2.5564 2.8162 3.5946 3.3896 2.8519 2.9827 2.2897 2.7452 2.9928 2.9722 2.8264 1.1465 2.7185 2.8288 2.7576 2.3576 1.8017 2.4181 2.1851 2.5542 2.6860 1.7113 1.3228 1.4431 0.3658 1.2097 1.3495 -1.0085 
4.8224 5.1039 4.3054 3.6186 3.1668 3.8353 3.3809 3.4658 2.8422 3.2699 2.9947 2.8557 3.0847 3.1818 3.1692 3.3365 3.2349 3.2264 3.0004 2.9291 2.7674 2.3721 2.4243 2.5848 2.0291 2.4887 2.2874 2.5914 1.7262 1.8839 2.2346 2.4179 0.8897 
5.3913 4.6712 3.8617 3.5415 2.8410 3.6395 3.0947 3.2855 3.3716 2.7548 2.6638 2.6030 3.1623 2.8264 3.0031 1.9405 1.4282 1.8403 2.8536 2.5035 2.8421 2.1921 2.1220 2.0528 2.5390 2.3572 2.0452 2.3917 1.3412 1.8032 1.7568 1.8725 1.4757 
4.7652 4.5279 3.6029 4.1060 2.9255 3.5739 4.1760 3.3025 3.4670 2.8145 2.9986 2.9069 3.4341 2.2052 2.3243 2.9770 -0.3815 2.8979 2.1892 1.9019 3.0211 2.4430 2.4230 2.1288 2.6448 2.3615 3.0836 2.3426 1.4384 2.3632 1.5831 1.8303 0.9772 
4.2020 4.7986 4.1366 3.8716 3.9526 2.8706 3.5589 2.8854 0.6477 2.3535 1.2765 1.2780 2.6942 1.3173 2.5005 2.3926 2.5188 2.3130 2.3424 1.0538 2.3210 0.8669 0.7270 1.6860 -0.1180 1.9344 2.4614 1.6142 2.4613 2.1969 2.0400 2.1729 0.4730 
