1.0012 2.5509 2.3439 2.1870 2.4550 1.9868 2.6590 2.9625 2.0641 2.3518 1.7377 1.7066 1.8780 1.2033 -0.1253 1.3607 1.5515 1.2804 -0.3551 0.9337 1.5131 1.2092 1.1575 1.6708 1.2781 1.9829 1.6286 0.7368 1.0380 0.4942 0.1939 -0.0868 -2.5117 
2.8822 3.2107 2.5424 1.6711 1.5312 2.2359 1.9542 2.4017 2.3847 1.9017 1.1454 1.1861 0.8148 1.5217 1.2850 1.4027 0.9465 1.3354 1.1275 1.2513 0.5078 0.6981 0.5640 1.2328 1.5747 1.4552 0.8906 0.9813 0.1078 -0.0707 0.4759 0.5654 -0.7787 
3.5829 3.8863 3.4868 3.7318 3.2284 3.0755 2.3863 2.1410 1.3579 0.9740 1.6178 1.7352 1.3455 1.0391 1.4500 0.9397 1.2042 0.8279 1.2792 0.7314 1.0134 1.2409 1.0832 0.2877 0.5712 1.2260 1.2767 1.8312 1.7911 1.9959 1.3639 1.2325 -0.1091 
2.6329 3.8617 3.2597 2.9684 2.9925 2.6184 2.4335 2.0060 1.9841 0.6351 1.9432 1.6958 1.9247 1.4031 1.2378 1.1257 1.1096 1.0376 1.0931 1.1608 1.5706 1.2007 1.3703 -0.0316 1.2021 1.1346 1.3365 1.3721 1.4960 1.2222 1.1953 1.2297 -1.0779 
4.0783 3.6780 3.3174 0.4817 1.7500 2.6025 2.6989 2.5847 2.2803 0.9043 1.7160 1.8043 0.8447 1.7126 0.6368 1.4235 0.8003 1.3465 0.4868 1.3801 0.5192 1.3223 1.1347 0.1929 1.4483 1.6960 1.6740 1.3594 0.2596 -1.2188 1.2502 0.9829 0.2056 
2.9458 3.8108 3.1938 2.9871 3.4282 2.8030 1.7571 2.2691 1.9710 1.6717 1.7407 1.8097 0.7685 1.2579 1.0893 0.6298 1.8077 0.5640 0.8585 1.0168 0.4710 1.3329 1.1622 0.9837 1.1904 1.3128 0.6529 1.5515 1.9647 1.2501 1.1229 1.1539 -1.6841 
4.0188 3.6200 3.5012 3.4647 1.8473 2.9875 1.2691 1.8878 2.3187 1.6163 1.9305 1.7810 0.6933 1.9415 1.9308 1.5902 1.5860 1.4816 1.7759 1.7178 0.3669 1.2964 1.3606 0.9218 1.4813 0.9896 0.1672 1.7415 0.4550 1.7527 1.3930 0.8648 0.1110 
3.5889 3.1620 2.4406 2.3645 2.7877 3.0568 3.0510 1.7493 1.7652 2.2321 2.0948 0.2241 0.5074 1.1429 0.8243 0.6618 1.6580 0.5815 0.6529 0.8489 0.1142 -0.1957 1.5389 1.5450 0.9565 0.7808 1.9572 1.8114 1.3351 0.6127 0.3682 0.4971 -0.2896 
3.0962 3.7505 2.6082 2.0633 2.2582 2.5670 3.0156 2.3629 2.0872 1.3675 1.3613 1.3042 1.9852 2.0035 0.1421 0.7169 -0.4584 0.6268 -0.0167 1.7737 1.6643 0.8369 0.7873 0.6986 1.3042 1.3801 1.9167 1.3244 0.7755 0.3959 0.5183 1.1184 -0.5746 
3.3586 1.8541 1.5945 1.4707 1.7869 0.7425 1.6979 2.4099 0.2127 1.9795 1.9846 1.7797 0.8448 1.1239 0.1959 0.9640 1.3357 0.8695 0.0340 0.8088 0.5043 1.2987 1.4186 1.3076 -0.6202 1.4611 0.5858 -0.5259 0.3304 -0.1799 -0.4782 -0.7276 -0.5332 
2.3747 3.3730 3.5160 3.2540 2.3955 2.9442 2.6867 2.8811 1.9436 2.1667 1.9187 1.6721 1.9913 0.5939 1.5872 1.9231 1.5661 1.8415 1.3824 0.3209 1.6827 1.1919 1.3524 1.4879 1.1642 1.9297 1.6530 1.6981 0.9179 1.5567 1.3871 0.7004 -2.3552 
4.3937 3.6469 3.5481 3.0116 2.4900 3.1339 2.6813 3.0723 3.0010 1.9148 2.0537 2.5525 2.5768 2.0093 1.7425 1.9273 2.0792 1.8466 1.5411 1.7757 2.2359 2.0887 1.5065 1.2409 2.1880 2.1400 1.6469 1.8852 1.0910 1.2585 1.4173 0.8856 0.5163 
3.7008 2.2676 2.6553 2.3627 2.9357 2.7368 2.6821 2.4812 1.1606 0.5005 2.1991 2.4322 2.0291 0.4764 0.7586 0.7306 1.0103 0.6473 0.6064 0.1467 1.7189 1.9555 1.6601 -0.1670 0.3680 1.5566 1.6496 1.4956 1.4316 0.6228 0.6046 -0.5316 -0.1405 
3.8281 2.4775 3.0134 1.2655 1.9773 2.0316 2.3940 2.0254 2.3720 1.8151 1.1404 1.3528 1.3030 1.1347 1.5380 0.4893 1.3583 0.3881 1.3539 0.8248 0.9435 0.9050 0.5513 1.1503 1.5577 1.1428 1.2985 0.7832 0.5471 -0.4479 0.9205 -0.0757 -0.0580 
3.3210 3.0892 1.1536 1.7163 2.3916 2.2418 2.5364 2.3814 -0.0509 1.9371 2.3864 1.8376 1.3465 0.9329 1.8751 1.9594 0.9929 1.8753 1.7321 0.6548 1.0067 1.3601 1.8081 1.2692 -0.8090 1.4090 1.4616 1.0074 0.9491 -0.0046 -0.8368 0.3905 -0.8860 
3.7799 3.0207 2.3467 0.9722 1.1067 2.1118 2.0096 1.8374 1.8669 1.9441 1.9112 1.8346 1.5884 1.4586 0.8271 0.9843 -1.0568 0.8780 0.6530 1.2035 1.2129 1.3609 1.3461 1.2765 1.1082 0.9005 0.9726 0.8593 -0.3469 -0.7751 0.2182 0.3421 -0.0256 
3.7801 3.9351 3.7037 3.1578 1.5127 1.4236 2.3743 1.9108 0.9830 1.3064 1.9484 1.6850 0.6225 1.4425 1.4703 1.6600 1.5760 1.5486 1.2978 1.1944 0.2688 1.1978 1.3679 0.6481 0.1402 1.0028 1.2750 0.1657 0.0060 1.4215 1.6381 1.2687 -0.1078 
4.1132 3.5735 3.0139 0.6706 2.4412 0.9004 0.9548 2.3383 2.2716 1.9929 -1.0179 1.4728 1.2201 0.8734 1.3635 1.6256 -0.8604 1.5118 1.2094 0.6158 0.8514 1.0523 -1.5430 1.3344 1.4377 1.3600 -0.1015 -0.3564 1.0010 -1.1593 0.9055 0.8148 0.2248 
3.4746 3.2400 2.5261 1.8323 1.9885 2.5871 2.6922 2.2731 2.2424 1.7456 1.7123 2.4845 1.4953 1.3707 1.3184 1.3390 1.1099 1.2606 1.1584 1.1383 1.1463 2.0034 1.1324 1.0620 1.4181 1.3194 1.6567 1.3527 0.5897 0.1259 0.4855 0.6407 -0.4597 
3.5054 2.9731 2.6415 2.5524 2.5597 2.4344 1.8350 1.3623 0.8492 1.4041 0.3198 1.9119 1.5829 1.0630 0.8218 1.1856 1.0139 1.1207 0.6486 0.7390 1.2133 1.4464 -0.2418 0.7322 0.0807 0.4789 0.7344 1.1825 1.1307 0.8344 0.6059 0.2224 -0.2561 
3.4505 3.7668 3.2850 2.5875 2.1804 2.0855 2.3322 2.3499 0.7767 1.8495 1.5559 1.1100 1.9193 0.6523 1.6262 1.8321 1.7308 1.7611 1.4136 0.4129 1.5677 0.6229 1.0127 1.1814 -0.0172 1.3681 1.2214 0.8467 0.7141 0.8510 1.2191 1.1129 -0.5779 
3.2704 3.0471 3.1226 2.9712 2.9711 2.1326 1.8929 1.8012 1.5551 2.0136 2.2302 1.3243 1.5832 1.5267 1.4952 1.6221 1.7992 1.5148 1.3181 1.2654 1.2090 0.8488 1.6883 1.3529 0.7540 0.8601 0.7959 0.8929 1.4714 1.2258 1.0956 0.3826 -0.5749 
4.2399 3.7325 2.5856 2.6581 2.1347 1.9542 0.7555 2.4255 1.8648 1.8992 2.1005 1.2861 1.3644 1.7601 1.3493 1.1520 1.4240 1.0909 1.1827 1.4589 1.0588 0.8014 1.5501 1.2355 1.1008 1.4855 -0.3089 0.7100 0.6784 0.9697 0.5495 1.0553 0.3966 
3.1441 3.7349 3.2068 2.7282 1.8393 2.4324 2.4668 1.9309 1.9007 1.5010 1.1002 1.3887 1.2353 1.5508 -0.4770 0.3620 1.5820 0.2567 -0.6329 1.2699 0.8782 0.9520 0.5085 0.8152 1.1374 1.0233 1.3678 1.1927 0.4432 1.0266 1.1522 1.1185 -0.6614 
4.4846 3.8597 0.2946 2.9970 2.7403 2.6014 2.7234 2.5821 1.9927 1.8772 2.0615 2.4143 0.7330 1.7990 1.6647 1.8467 1.7818 1.7759 1.4393 1.5182 0.4005 1.9330 1.5123 1.2096 1.2193 1.7027 1.6956 1.3546 1.2917 1.2551 -1.8991 1.1709 0.6328 
4.2016 2.5449 2.6361 2.9428 2.1329 1.3595 2.4058 2.3410 2.0506 0.6451 0.0463 0.7926 1.3767 1.1871 1.4128 1.1943 1.7131 1.1296 1.2514 0.9135 1.0705 0.3724 -0.5168 -0.0169 1.2649 1.3618 1.3160 0.1227 0.6750 1.2031 0.5798 -0.2922 0.2253 
3.6673 2.5602 2.7481 1.5881 1.7316 2.3842 2.1285 2.3824 0.5871 2.1840 2.0852 1.5746 0.7072 1.5605 1.4286 0.7061 0.4070 0.6212 1.2607 1.2849 0.3502 1.1279 1.5308 1.5028 -0.1457 1.4183 1.1027 1.1436 0.2281 -0.1552 0.6506 0.0032 -0.2276 
3.9069 2.8904 2.4938 2.9880 2.6063 2.1446 1.8431 1.3964 1.4009 1.8599 2.2815 2.2292 1.7286 0.7473 1.3665 -0.5473 -0.8084 -0.6926 1.2162 0.5121 1.3201 1.7702 1.7244 1.1991 0.6358 0.4972 0.7422 0.8875 1.1760 1.2470 0.4875 0.1232 0.0979 
3.8142 3.3998 1.9087 2.4869 2.7269 1.8954 2.2218 2.4082 2.3179 1.3021 1.5290 1.2354 0.4297 1.0757 0.7830 1.8165 1.3748 1.7475 0.6267 0.7462 0.0357 0.7488 0.9842 0.6260 1.4758 1.4576 1.1507 0.6604 1.2739 0.7685 -0.1840 0.6877 -0.0498 
4.2329 3.6254 2.5657 1.5328 1.8183 2.4613 1.7193 2.1267 1.7724 1.8352 0.9264 1.7206 1.0569 2.2567 2.1248 1.7898 0.8659 1.7221 1.9454 1.9621 0.6548 1.2245 0.3877 1.1694 0.9713 1.2102 0.6151 1.2124 0.4025 -0.1808 0.5197 0.8763 0.3723 
4.4798 3.2581 2.0182 2.2176 0.7331 2.2843 0.5982 1.4406 1.1676 0.8215 0.5847 1.9668 1.1215 1.1834 1.2683 1.3685 -0.1530 1.2972 1.1197 0.9015 0.7237 1.5087 0.0120 0.1482 0.3762 0.5362 -0.4735 1.0380 -0.7025 0.5076 -0.0507 0.5824 0.6297 
2.2899 3.1648 0.4747 3.0898 1.7141 2.0936 2.1386 1.1611 2.1172 1.7730 2.0786 1.6797 1.7249 1.5934 1.2270 1.3775 1.7169 1.3094 1.0820 1.3037 1.3234 1.1935 1.5264 1.1112 1.3288 0.2118 1.1009 0.8591 0.1617 1.3625 -1.6515 0.5401 -1.8447 
4.3718 3.6756 2.7446 2.3819 1.9022 2.2394 0.9440 1.5522 0.8841 2.2331 2.3044 1.6508 2.0065 1.2567 1.1302 1.1580 1.7166 1.0977 0.9273 1.0080 1.7046 1.1744 1.7379 1.5517 0.0846 0.6279 -0.1160 0.9934 0.4770 0.6387 0.6721 0.9595 0.5200 
3.6826 3.1555 2.6651 3.1365 2.6675 0.4497 2.1315 1.4467 1.1737 1.7288 0.8411 2.3241 2.5781 2.1162 1.6393 0.7698 1.9179 0.7030 1.4180 1.8546 2.2370 1.8364 0.2919 1.0657 0.3851 0.5603 1.0937 -0.9575 1.2227 1.4118 0.6524 0.5614 -0.2077 
4.6583 4.1358 3.2672 2.9759 2.6366 2.7691 2.4302 2.4914 1.5241 1.1504 1.4996 1.7909 1.9829 1.8966 1.5860 1.2452 1.2502 1.1687 1.3744 1.6599 1.6630 1.3106 0.9478 0.4947 0.7122 1.5714 1.3412 1.5199 1.2129 1.2286 1.2049 1.3835 0.7792 
3.8480 3.4476 2.8563 2.1171 2.3131 2.1375 2.3980 1.8738 1.4862 1.9839 0.7492 2.0735 2.4051 2.6567 1.9173 2.2054 2.4176 2.0993 1.7630 2.4177 2.0083 1.6556 0.1841 1.3126 0.7066 0.9438 1.3009 0.9036 0.8215 0.4527 0.7291 0.7903 0.0120 
2.9799 3.6015 3.3279 1.7541 2.9874 3.0858 2.9779 2.9635 2.6062 1.7542 1.1853 2.4388 2.0626 1.3723 0.7745 1.6641 1.4201 1.5489 0.6054 1.1438 1.7404 1.9658 0.6098 1.0831 1.8278 1.9856 1.8670 1.8447 1.5049 0.0257 1.2518 0.8939 -1.1849 
3.6595 3.5048 3.2024 2.8397 2.6564 2.0849 2.6547 2.2523 1.5500 2.1419 2.2909 0.0220 2.0439 1.1119 1.9225 1.3085 1.2318 1.2235 1.7683 0.7960 1.7309 -0.3765 1.7291 1.4623 0.7473 1.2935 1.6191 0.8657 1.2187 1.1433 1.1479 0.7736 -0.1956 
4.1984 3.3454 2.2256 2.1302 1.0539 1.3207 1.6450 2.4295 1.9365 1.9633 1.8057 2.4269 2.8699 2.8750 2.4233 2.6054 2.9512 2.5277 2.2551 2.5810 2.4899 1.9522 1.2298 1.2873 1.1626 1.4928 0.5633 0.0838 -0.4071 0.4740 0.1082 0.7233 0.3000 
4.0610 3.8030 2.8836 2.0937 2.9730 1.5035 1.7241 0.9211 2.3923 2.3815 1.3553 1.4630 0.8385 1.9323 1.0509 2.4518 1.5523 2.3819 0.8583 1.7111 0.4948 1.0434 0.7720 1.7201 1.5996 -0.0399 0.6331 0.2815 1.4721 0.4212 0.7999 1.1382 0.2840 
4.3341 2.8116 2.1668 2.1558 0.5122 2.2176 2.5021 1.9559 1.5342 1.9284 1.7795 0.6984 1.1006 1.8324 1.8431 1.8214 -0.2976 1.7509 1.7040 1.5631 0.6927 0.2346 1.1994 1.2530 0.7333 1.0626 1.4233 0.9577 -1.1395 0.4967 0.0687 -0.0248 0.4570 
4.2892 4.0322 2.5284 2.8780 2.6520 3.0233 2.9091 2.3690 1.1847 1.9025 2.5178 2.8914 2.2842 2.0759 2.4299 2.4965 0.2672 2.4186 2.2704 1.8202 1.8922 2.4178 1.9565 1.2341 0.4389 1.3873 1.8153 1.7791 1.2222 1.1615 0.4950 1.3247 0.4309 
4.4619 3.8186 3.6097 2.9615 1.9812 2.5292 1.3192 2.4637 2.4011 0.9927 2.2226 1.8782 1.8196 1.9468 2.3880 2.0713 1.8913 1.9827 2.1995 1.7198 1.4417 1.3965 1.6797 0.3263 1.6034 1.5407 0.2266 1.2849 0.5568 1.1978 1.4866 1.1438 0.6308 
0.2539 4.0040 2.6669 2.5141 2.3224 2.8914 2.7875 2.6058 1.4809 2.3955 2.4789 1.6496 1.8276 2.2294 1.4540 2.3259 2.0997 2.2098 1.2944 1.9398 1.4512 1.1707 1.9094 1.7361 0.6768 1.7240 1.7431 1.6513 0.8355 0.7848 0.5669 1.3355 -2.1899 
3.1755 3.0131 3.0201 2.8473 2.5714 2.0966 2.4096 1.5523 1.9827 2.1195 0.8395 1.8365 2.1231 1.8639 2.0966 1.9254 -0.3951 1.8419 1.9265 1.6057 1.7829 1.3608 0.2953 1.4347 1.2088 0.6307 1.3131 0.8565 1.1414 1.1391 0.9244 0.3162 -0.6828 
3.0458 3.7894 3.1164 2.3617 3.0255 2.4779 2.3949 1.9444 1.6163 1.6202 1.8029 -0.0045 1.8454 1.4519 1.9419 1.5523 2.0434 1.4488 1.7880 1.1940 1.4749 -0.4438 1.2271 0.9368 0.7956 1.0529 1.2965 1.2291 1.5657 0.6250 1.0473 1.1475 -0.5868 
4.0913 4.0669 3.1760 1.2857 2.1529 0.5358 2.3690 1.7996 0.3227 1.3933 1.2186 2.0220 1.7293 2.5811 1.8820 1.9832 1.1076 1.9017 1.7360 2.3514 1.3354 1.5972 0.6488 0.7343 -0.4649 0.8524 1.2661 -0.6644 0.6920 -0.3739 1.1116 1.3584 0.1951 
4.4179 2.9649 2.4728 1.8744 1.3312 2.3862 1.8826 1.9500 1.9509 1.9544 2.0139 1.9656 1.3800 1.7860 1.2230 0.6007 1.2776 0.5218 1.0850 1.4999 1.0699 1.5092 1.4615 1.2815 1.1750 1.0621 0.7821 1.1358 -0.0607 0.1201 0.3925 0.0864 0.5352 
2.4589 3.5023 1.4762 1.6234 2.4754 2.6546 2.0191 2.1083 1.7548 2.0717 1.8579 2.1899 1.8605 2.3372 2.1127 1.9500 1.8893 1.8627 1.9376 2.0096 1.4943 1.7500 1.2987 1.3932 0.9575 1.2021 0.9604 1.4092 1.0820 -0.1066 -0.7002 0.8180 -1.3763 
3.9395 3.7012 1.8160 1.9013 1.9924 2.5179 1.9860 1.4639 2.0465 2.2584 1.9117 1.9655 0.8722 1.8595 0.9342 1.1063 1.2746 1.0101 0.7337 1.6073 0.5231 1.5060 1.3446 1.5695 1.2664 0.5581 0.9228 1.2793 0.5540 0.2058 -0.3726 1.0260 0.1166 
3.1258 3.1151 2.8992 2.6628 2.0557 1.8013 1.5896 1.3467 1.5160 0.5125 1.7280 2.0313 1.7472 1.6233 1.1709 1.2991 1.7811 1.2246 1.0075 1.3265 1.3457 1.6031 1.1534 -0.1600 0.7154 0.4690 0.5243 0.5577 0.6095 0.9688 0.7745 0.5009 -0.6780 
4.2392 3.9355 2.9689 3.2216 3.1088 2.8833 2.1183 0.0158 2.3883 2.4982 2.2459 0.7634 1.3610 1.6467 -0.0636 0.8133 1.4156 0.7284 -0.2185 1.3441 1.0528 0.3489 1.6933 1.8303 1.5909 -0.9902 1.0759 1.6374 1.6951 1.5084 0.8517 1.2460 0.3039 
3.2015 2.4833 2.6709 0.6428 2.4509 2.4015 2.4839 2.4995 2.1010 1.0658 0.4031 1.4443 1.5264 1.1558 0.3418 1.2464 0.6195 1.1713 0.1421 0.8601 1.1748 1.0242 -0.1523 0.3879 1.3073 1.5875 1.3900 1.1570 1.0189 -0.9616 0.6048 -0.1939 -0.6806 
3.2593 3.1008 -0.1272 1.6288 1.8960 1.1870 2.0529 0.6913 0.5431 1.7749 1.8295 2.2054 1.7625 0.3078 0.9783 1.2766 0.8400 1.1947 0.7720 0.0349 1.3663 1.7527 1.2634 1.1180 -0.1756 -0.1603 1.0123 -0.0489 0.4985 -0.0966 -1.9647 0.5029 -0.7968 
4.3746 3.7452 3.3180 3.3936 3.0769 2.8281 2.2562 1.7589 2.3447 2.6696 1.8346 2.5009 2.2780 2.4113 2.3923 1.7661 1.8752 1.6861 2.2111 2.1168 1.8929 2.0205 1.2649 1.9922 1.5185 0.7968 1.1837 1.5756 1.6419 1.7196 1.2712 1.0624 0.5373 
3.6102 3.7897 3.5372 2.4183 2.7464 1.3338 2.3871 2.2859 2.1613 1.7613 1.9293 1.8375 0.4828 0.2862 1.4623 2.1266 1.8424 2.0253 1.2975 0.0160 0.0836 1.3578 1.3597 1.0996 1.3552 1.3290 1.2888 0.1067 1.2913 0.7016 1.4011 1.1544 -0.1436 
3.9014 3.8423 3.2423 2.9516 2.8667 2.2822 1.8329 2.2270 2.1776 1.8494 2.1075 1.2411 1.9514 1.6851 1.8222 1.3486 0.7485 1.2607 1.6717 1.3622 1.6132 0.7646 1.5582 1.1783 1.3638 1.2802 0.7337 1.0370 1.3653 1.2195 1.1782 1.1729 0.0570 
3.8084 3.3827 1.8511 2.3111 1.7975 2.1286 2.5628 2.4557 2.3762 1.8725 -0.7612 1.7479 1.5802 0.3635 0.5808 1.3635 1.6576 1.2881 0.4363 0.0697 1.2089 1.2595 -1.2830 1.2014 1.5631 1.5256 1.4883 0.8947 0.3308 0.5724 -0.2614 0.6711 -0.0710 
0.7856 3.6082 3.2597 2.8152 2.5283 1.8281 1.6923 2.3236 2.6892 2.1201 2.5279 2.3410 1.1281 1.3302 1.7486 2.1607 2.2872 2.0598 1.5489 1.1088 0.7221 1.8428 1.9632 1.4416 1.9060 1.3554 0.5983 0.5722 1.1133 1.1101 1.2132 0.9110 -3.8635 
3.4010 3.0820 3.4294 2.9500 2.3723 1.2695 1.9464 1.6798 0.2419 1.5024 2.0693 2.1317 1.9561 1.7232 1.1726 1.1349 0.1195 1.0625 0.9916 1.3964 1.6140 1.7167 1.5206 0.8235 -0.6048 0.7284 0.8732 -0.0050 0.8831 1.1979 1.3408 0.4368 -0.5125 
2.3984 3.6429 3.1769 2.1300 0.8666 2.1493 0.4946 1.8839 1.6252 1.8100 1.4128 0.6862 1.2834 1.7755 1.2282 0.3575 0.0811 0.2507 1.0899 1.4814 0.9232 0.2228 0.8520 1.1459 0.7937 0.9809 -0.6308 0.9079 -0.6028 0.4582 1.1136 0.9749 -1.5113 
3.5048 3.9043 2.7681 2.5201 1.8999 0.2745 1.3248 1.4522 1.1831 1.3029 1.7538 1.8973 2.0849 1.4608 1.9465 1.7290 1.9457 1.6300 1.7904 1.2020 1.7607 1.4233 1.1847 0.6381 0.4138 0.5616 0.2601 -1.0027 0.4636 0.8087 0.6603 1.2477 -0.2712 
3.9508 3.4351 3.0974 2.3827 0.0384 2.6131 2.2163 1.9403 1.4635 1.2247 1.7163 1.6472 0.4789 1.5850 0.8270 1.2929 1.8309 1.2160 0.6495 1.3002 0.0823 1.1709 1.1378 0.5577 0.6786 1.0512 1.1457 1.3679 -1.3887 0.6283 1.0422 0.7328 0.1141 
3.6422 4.0129 3.4414 2.7701 2.4200 2.0934 1.8109 2.4814 2.3559 2.3312 0.7499 2.0730 2.4569 2.2648 2.2595 1.5178 1.8526 1.4111 2.0433 1.9652 2.0779 1.6606 0.2439 1.6387 1.5296 1.5742 0.7041 0.8486 0.9803 1.0948 1.3354 1.3375 -0.3250 
3.8881 3.2790 2.8338 2.1186 2.3652 1.9358 2.0231 0.6017 1.8525 0.1237 0.8455 1.2171 -0.4496 1.4044 1.2089 0.9005 1.1095 0.7989 1.0594 1.1668 -0.7855 0.7379 0.2966 -0.5594 1.0957 -0.3363 0.9789 0.7015 0.8691 0.4696 0.7256 0.5895 0.0246 
2.6811 3.0282 3.3474 2.6076 2.3682 2.2813 1.4384 1.8862 1.8040 0.4887 1.8624 2.2608 1.4765 2.0177 1.1029 1.3063 1.1437 1.2221 0.8879 1.7824 1.1463 1.7886 1.2961 -0.1729 1.0250 0.9744 0.4160 1.0290 0.8722 0.8817 1.2718 0.3258 -1.3848 
3.9999 3.7325 2.8326 2.4779 1.9822 2.2268 2.7837 2.4016 1.3571 2.1243 1.9792 2.3090 1.3650 -0.0813 1.7946 1.9346 -0.7782 1.8519 1.6277 -0.3603 1.0441 1.8197 1.4073 1.4471 0.5678 1.4398 1.7403 1.0037 0.5416 0.7383 0.7500 1.0692 0.1674 
4.2677 3.3771 2.5492 2.4276 2.0704 2.3562 1.7338 1.9629 1.1505 0.4672 1.9493 1.3590 1.5528 1.4400 1.2589 1.8427 0.7383 1.7713 1.1186 1.1908 1.1948 0.9078 1.3697 -0.2071 0.3414 1.0801 0.6211 1.1096 0.6228 0.6935 0.5061 0.6422 0.4122 
3.6328 3.0763 2.5690 2.2614 1.8600 2.1208 1.1546 2.2374 1.5906 1.3185 0.7923 1.7618 1.4391 1.5115 0.3572 0.4672 -0.5435 0.3497 0.1638 1.2388 1.1182 1.2812 0.2207 0.6526 0.7502 1.2930 0.0649 0.8848 0.4528 0.5134 0.4894 0.5133 -0.3861 
4.2441 3.8658 3.5810 2.7771 0.8759 2.4525 1.0226 0.6546 1.9389 1.9147 2.2277 2.1754 1.7564 2.1904 0.9727 1.2641 1.2240 1.1948 0.7636 1.9073 1.3592 1.7395 1.6849 1.2445 1.1689 -0.2838 -0.0848 1.2100 -0.5120 1.0835 1.4415 1.2029 0.4008 
2.5103 3.1817 3.3109 2.7868 2.7278 2.3571 2.1546 2.3439 1.9390 2.3181 1.2174 1.5409 1.7323 2.0176 1.2940 1.0104 1.5792 0.9054 1.1377 1.7821 1.3364 1.1075 0.6495 1.6223 1.1704 1.3639 1.1087 1.1168 1.2766 1.1049 1.2467 0.5388 -1.1718 
4.2451 3.8165 2.3183 2.7965 2.8097 3.0709 2.9609 1.9269 2.1994 2.3884 1.6571 1.9158 1.3422 2.4267 1.8916 0.6974 0.1122 0.6148 1.7426 2.1457 1.0156 1.4448 1.1058 1.7254 1.3817 1.0227 1.8468 1.8259 1.3451 1.1130 0.1574 1.1327 0.3219 
4.2325 3.0453 3.3815 1.7297 1.7500 0.7915 1.1162 2.0269 1.4871 2.3354 1.9004 1.8002 1.3645 1.9420 1.9302 1.2996 1.2176 1.2194 1.7779 1.7154 1.0601 1.3205 1.3297 1.6430 0.7138 1.1420 0.0383 -0.5049 0.2679 -0.0646 1.3049 0.3441 0.3578 
3.3588 2.6156 2.4000 2.8926 2.7144 2.0921 1.2494 1.7420 2.3502 1.1118 1.7874 1.9762 1.9361 1.9195 1.8005 1.1104 0.1353 1.0221 1.6338 1.6857 1.5841 1.5149 1.2212 0.3973 1.5182 0.7832 0.1224 0.8402 1.2692 1.1738 0.3210 0.0291 -0.5304 
4.2756 3.7793 3.1195 3.2294 2.7252 1.7225 1.2443 2.0164 1.5168 1.5294 1.7542 2.1355 2.4746 2.5136 2.1166 1.4283 1.4262 1.3435 1.9381 2.2726 2.1026 1.7211 1.1767 0.8579 0.7198 1.1354 0.1384 0.4882 1.2662 1.5260 1.0999 1.1090 0.4679 
3.7532 2.9574 2.6130 2.6526 1.6291 1.3597 1.7195 1.4762 1.3009 1.6936 2.0669 2.0094 1.8427 1.0899 -0.2407 1.7988 1.6666 1.7357 -0.5060 0.7712 1.4679 1.5768 1.5107 0.9980 0.5300 0.5637 0.6033 0.1078 0.1358 0.9558 0.5312 0.3541 -0.1717 
4.2372 3.6076 1.8382 2.8258 2.7377 2.4858 1.8199 1.5693 1.5672 1.7250 2.2933 2.2624 0.9496 1.1043 2.0570 1.2562 0.9782 1.1757 1.8906 0.7884 0.5813 1.7894 1.7324 1.0555 0.7420 0.6352 0.7198 1.2379 1.2910 1.1258 -0.1562 0.8474 0.3496 
4.7541 3.8072 2.2390 1.6608 1.4167 1.8060 2.0102 1.2249 1.6227 2.6818 1.9991 2.0302 2.3263 1.8318 2.4925 1.8755 1.4620 1.7979 2.3511 1.5637 1.9204 1.6040 1.4345 2.0017 0.8100 0.3096 0.9653 0.5667 0.0050 -0.0656 0.1174 1.1204 0.8562 
3.1374 3.8841 3.0501 2.5915 2.4135 2.4630 2.4199 1.8194 2.5168 2.2994 2.4083 2.2019 1.9510 2.2341 2.0552 1.1539 1.7950 1.0809 1.8872 1.9462 1.6057 1.7582 1.8343 1.6105 1.7538 0.8857 1.3257 1.2181 0.9721 0.8532 0.9743 1.2285 -0.7996 
2.9406 3.1551 3.0328 2.6287 2.6115 1.3649 2.3118 1.7078 1.1591 1.1778 1.8498 2.4942 1.7429 1.7135 2.2399 1.7178 1.7827 1.6020 2.0270 1.3880 1.3431 2.0137 1.2889 0.5071 0.3850 0.7237 1.2110 0.1134 1.1787 0.9634 0.9450 0.5125 -0.8775 
2.0923 3.8112 3.0943 2.5612 2.3455 1.8549 1.9484 1.1061 1.9622 1.9191 0.9170 1.1539 1.7568 1.8479 1.9859 1.8404 0.5325 1.7670 1.8284 1.5892 1.3591 0.6659 0.3561 1.2492 1.1826 0.1461 0.8740 0.5990 0.8554 0.8217 1.0165 1.1564 -5.4402 
4.0007 3.8901 2.9887 2.7315 1.9278 0.8375 2.3966 2.1804 2.3958 2.2341 2.2396 1.2169 1.2178 1.1456 1.9141 0.4246 1.7954 0.3428 1.7614 0.8591 0.8330 0.7475 1.6926 1.5407 1.6034 1.2454 1.3058 -0.3680 0.4976 1.0521 0.8644 1.2217 0.1174 
4.7357 4.0246 2.9386 2.2401 0.9139 0.8499 2.4460 2.8771 2.0933 2.3005 2.0501 1.8287 1.6730 1.5577 1.2234 1.8260 2.2962 1.7584 1.0886 1.2764 1.2789 1.3534 1.4944 1.6114 1.2977 1.9253 1.3605 -0.4094 -0.5543 0.5161 0.7950 1.3145 0.8751 
3.7190 2.8941 2.6074 1.6769 2.3368 0.0664 1.7953 1.9131 1.7291 1.0200 1.4901 1.5335 1.1274 1.7266 1.8251 1.4094 -1.3077 1.3322 1.6726 1.4052 0.7214 1.1109 0.9299 0.3508 0.8971 1.0179 0.7102 -1.1700 0.8371 -0.0063 0.5293 0.3168 -0.1891 
3.3973 3.2792 3.2839 2.1923 2.2780 2.0541 2.5036 2.5491 1.4397 1.7433 1.7999 1.8370 1.7919 1.2570 1.8076 2.0110 0.0262 1.9366 1.6448 1.0078 1.3963 1.3602 1.2234 1.0814 0.6456 1.6509 1.4209 0.8328 0.7661 0.4787 1.2295 0.6222 -0.4085 
3.6298 3.5493 3.2513 3.2312 1.8444 2.4782 2.7349 1.9830 2.0130 1.7474 2.1234 1.5250 1.7533 1.9896 0.6643 1.8497 1.1136 1.7783 0.5082 1.7596 1.3537 1.1022 1.5739 1.0867 1.2385 1.1080 1.7081 1.2392 0.3721 1.5226 1.2037 0.8039 -0.3357 
4.2889 3.6812 3.7242 2.9700 1.7519 1.8585 1.9486 1.9352 1.0249 1.9935 2.0563 2.1808 2.1579 0.9529 1.9910 2.1607 2.2356 2.0589 1.8342 0.6775 1.8025 1.7459 1.5010 1.3397 0.2157 1.0492 0.8815 0.6079 0.3001 1.2068 1.6726 0.9851 0.4040 
3.5874 2.9742 3.4256 3.0180 2.6604 2.0615 1.4276 2.1227 1.3313 1.8124 2.6087 1.9555 1.9061 1.7644 1.8878 1.8377 0.0720 1.7638 1.7456 1.4547 1.5580 1.4837 2.0439 1.1518 0.5540 1.2081 0.3959 0.8242 1.2291 1.2705 1.3395 0.2391 -0.4063 
3.6565 3.0675 3.0661 3.1161 1.2002 2.4399 2.0788 2.2244 2.2810 1.4674 2.1206 2.3046 1.8116 0.3901 2.0455 2.1685 1.5822 2.0557 1.8827 0.0753 1.4225 1.8154 1.5737 0.7666 1.4436 1.2809 1.0554 1.2024 -0.2675 1.3732 1.0481 0.4813 -0.2845 
3.1227 3.7126 2.4424 2.5586 1.8747 2.6704 2.4843 2.6130 1.4234 1.9732 2.3695 2.1162 2.3213 1.7308 1.4047 -0.1396 1.7442 -0.2814 1.2458 1.4093 1.9161 1.7035 1.7922 1.2984 0.6425 1.7359 1.3863 1.4269 0.4347 0.8510 0.2752 1.0801 -0.6392 
3.5326 2.9747 2.4388 2.3449 2.0650 2.8186 1.5722 1.5271 0.5248 1.9788 2.4039 1.8803 2.2697 2.2061 1.7597 1.7915 0.1766 1.7229 1.5718 1.9182 1.8819 1.4061 1.8295 1.3124 -0.2652 0.5967 0.5153 1.5725 0.6522 0.5991 0.3787 0.3146 -0.3689 
4.3507 3.9753 3.2719 2.6857 2.5569 2.4205 2.0990 1.7964 1.2257 2.0360 1.8036 1.7624 1.7651 1.5035 1.7566 2.2534 1.2133 2.1410 1.5648 1.2422 1.3623 1.2756 1.2343 1.3636 0.4756 0.8392 1.0726 1.1726 1.1317 1.0221 1.1989 1.2811 0.4904 
4.0676 3.0097 2.7475 2.6126 1.1993 2.6610 2.8881 2.8989 1.7278 2.5096 2.2876 2.7079 2.5540 2.3097 2.6083 2.5272 2.1479 2.4478 2.4506 1.9880 2.2054 2.2889 1.7296 1.8425 0.8859 1.9404 1.8025 1.4197 -0.1810 0.9085 0.6698 0.2164 0.1546 
1.9509 3.3715 3.2686 2.5495 2.9960 2.7827 2.3429 2.2483 1.2482 2.0229 2.1298 2.4953 2.5152 1.2613 1.8728 0.5241 2.2081 0.4714 1.7287 1.0221 2.1524 2.0187 1.5808 1.3602 0.4960 1.2904 1.2293 1.5437 1.5100 0.8478 1.2250 0.7281 -2.1723 
2.9018 3.2241 2.5818 1.3720 2.3254 2.0868 0.9621 0.5507 1.5722 0.5190 1.0804 0.6532 -0.0310 1.0551 0.5648 1.2296 1.1946 1.1545 0.3937 0.7404 -0.4102 0.1712 0.4998 -0.1450 0.7526 -0.3454 -0.1208 0.8387 0.8400 -0.3503 0.4949 0.5653 -0.7201 
2.5427 3.3038 2.7589 2.5767 1.9241 2.1625 2.3785 1.7172 1.6414 1.7109 2.2536 2.3662 1.5396 1.4558 1.0788 1.5519 -1.5338 1.4446 0.8530 1.2055 1.1782 1.8747 1.7121 1.0302 0.8067 0.7380 1.2741 0.9216 0.5049 0.8487 0.6826 0.6298 -1.5016 
3.6510 4.1646 3.4562 2.6511 1.1281 2.0397 1.4688 1.9659 1.4835 1.9030 1.9945 1.4942 -0.0797 0.4064 1.4506 1.3395 0.1205 1.2560 1.2812 0.0994 -0.4842 1.0734 1.4323 1.2327 0.6929 1.0768 0.4600 0.7897 -0.3583 0.9524 1.3370 1.4552 -0.1598 
4.3103 3.7729 1.8524 2.6191 1.7539 2.0688 1.5945 1.7561 2.0972 1.7643 -0.0834 1.8066 1.7359 1.2958 1.4640 0.8848 -0.0778 0.7768 1.2938 1.0577 1.3368 1.3324 -0.6362 1.1022 1.3075 0.7967 0.5195 0.8209 0.2749 0.9331 -0.3161 1.1005 0.4670 
3.0133 3.4156 2.3423 2.5471 3.0227 2.1333 1.5458 1.4515 1.5774 1.9843 1.8603 1.6228 1.1922 0.7912 1.4439 1.8485 0.8038 1.7753 1.2775 0.5599 0.8102 1.1582 1.2886 1.3195 0.7682 0.5574 0.4832 0.8699 1.5598 0.8410 0.2283 0.7336 -0.7865 
