3.2433 3.2614 2.6949 2.3897 1.4550 2.0919 0.6973 1.8399 1.7946 1.6359 -0.1372 1.2841 1.0522 1.4859 1.2420 1.0175 0.1290 0.9163 1.1081 1.2432 0.7202 0.9267 -0.6989 1.0831 1.1532 1.1051 -0.2449 1.0561 0.2379 0.9910 0.9877 1.0952 0.0444 
3.6493 2.1591 1.2611 1.8756 1.6414 1.6290 1.6640 1.7277 1.4017 1.4314 -0.6096 0.9533 0.9701 1.5197 0.6006 1.5860 1.1133 1.5091 0.4702 1.2631 0.6518 0.5721 -1.0504 0.8594 0.7335 0.9747 0.7505 0.5855 0.4267 0.4992 -0.3216 0.0456 0.3786 
4.3081 3.4358 3.0437 2.8265 2.0778 1.8086 1.6082 1.8997 1.9684 1.7087 1.9863 1.5810 1.8109 1.7838 1.5800 1.5437 0.1766 1.4471 1.4056 1.5916 1.5610 1.1755 1.5355 1.1562 1.2846 1.1397 0.6948 0.7704 0.8271 1.4129 1.2782 1.1505 1.0934 
3.3724 2.3912 1.6232 2.0557 1.9195 0.9330 1.3333 0.5758 1.9511 1.6142 0.7439 -2.3812 1.1778 1.5406 1.3845 0.1989 1.0483 0.1195 1.2362 1.2721 0.8769 -3.1146 0.2581 1.0604 1.2742 -0.1904 0.4780 -0.0823 0.7095 0.6141 -0.0981 0.1244 0.1668 
3.2637 2.6272 1.6745 2.2569 2.2693 2.1138 1.6072 -0.6025 1.2091 0.7447 1.3715 -1.1929 1.3725 0.4004 1.1738 1.0495 0.3372 0.9602 1.0557 0.1762 1.0915 -1.5331 0.9197 0.1996 0.5637 -1.2747 0.6835 1.0774 1.0872 0.8374 -0.0191 0.3343 0.0664 
2.3314 2.1524 1.7884 1.8046 1.0902 1.9932 1.5712 1.4140 1.1505 1.3228 2.0949 1.2075 1.5917 1.6257 1.7991 1.1427 0.8966 1.0792 1.6700 1.3933 1.2616 0.8209 1.6148 0.7714 0.5259 0.6484 0.6529 0.9642 -0.1458 0.4184 0.0851 -0.1018 -0.9446 
3.5829 2.2948 1.8406 2.2571 2.1535 2.2356 1.1490 1.1610 0.9788 1.5156 1.7216 1.1643 1.6665 0.6811 0.8523 0.5967 1.6259 0.5503 0.7139 0.4767 1.3520 0.7729 1.2515 0.9484 0.2901 0.4038 0.2336 1.2001 0.9534 0.8286 0.1260 -0.0041 0.3273 
4.3296 3.6368 3.1168 3.1910 2.2022 1.6156 2.4392 1.9168 2.3045 2.1107 1.1766 1.5307 1.8541 1.3000 1.7536 1.9313 1.1596 1.8435 1.6238 1.1006 1.5876 1.1256 0.7066 1.5623 1.6611 1.1497 1.5748 0.5874 1.0189 1.7505 1.3361 1.3049 1.0961 
3.1891 3.2320 2.7428 2.6453 2.6103 2.6601 2.4713 2.1672 1.8922 1.7884 0.6780 2.0564 2.1355 1.6728 1.7484 1.6696 1.0244 1.6056 1.6202 1.4545 1.8037 1.6529 0.1822 1.2378 1.2311 1.3877 1.5950 1.6235 1.3760 1.2071 1.0537 1.0346 0.0138 
3.1055 2.6678 2.2278 2.5540 1.8497 1.8740 1.6615 1.4806 1.0637 1.0401 -0.1986 1.6767 2.0946 1.8689 1.4827 -0.0362 1.3175 -0.0983 1.3014 1.6582 1.7615 1.2796 -0.6327 0.4603 0.3863 0.6879 0.7551 0.8374 0.6497 1.1140 0.5527 0.4060 -0.1408 
2.1326 2.7043 2.7872 3.0238 2.3678 2.1008 2.0896 1.2990 0.1641 1.5216 1.3328 1.5647 1.9678 1.8308 -0.1606 1.6457 1.6872 1.5914 -0.3114 1.6299 1.6614 1.1571 0.8642 0.9553 -0.5150 0.5749 1.1669 1.0696 1.1637 1.6042 1.0895 0.5098 -1.2601 
4.2488 3.4874 2.7904 2.6025 2.2955 2.1177 1.9107 1.3653 0.8463 1.9836 2.1685 1.7310 1.5596 1.8109 1.6376 1.1651 0.8336 1.1066 1.5026 1.6181 1.2226 1.3416 1.6934 1.4121 0.1721 0.6167 1.0538 1.0809 1.0995 1.1402 1.0721 1.1950 1.0390 
3.0827 2.9385 2.5972 2.0906 2.1044 2.2740 1.8264 2.0123 0.0792 1.7191 1.2661 1.7450 1.6151 1.3920 0.7147 1.4489 1.6248 1.3630 0.5919 1.1673 1.2802 1.3622 0.7875 1.1667 -0.6569 1.2214 0.9661 1.2409 0.8848 0.6265 0.8245 0.7055 -0.1948 
4.2000 3.4677 2.9551 2.6180 2.2344 2.0253 2.0162 1.1906 1.8485 1.8800 0.1624 0.6418 1.6210 2.1139 1.8379 1.4058 1.7631 1.3182 1.7002 1.8582 1.2914 0.2551 -0.3059 1.3132 1.1984 0.4297 1.1118 0.9900 1.0530 1.1635 1.2135 1.1877 0.9562 
3.9600 3.3022 2.6344 2.0906 1.2629 1.9554 1.8284 2.2785 1.8885 0.6387 0.4420 1.8189 2.0398 2.0413 1.7242 2.1715 0.7925 2.1130 1.5992 1.7836 1.7100 1.4651 0.0039 0.0860 1.2292 1.5465 0.9695 0.9202 0.0697 0.6318 0.8752 1.0595 0.7268 
2.7610 2.3453 1.8998 1.2379 0.9641 1.6564 0.6853 1.2923 1.0295 1.0130 1.0756 -0.8334 1.0157 1.3669 0.7144 -0.1947 0.7757 -0.2669 0.5873 1.1515 0.6914 -1.1400 0.5933 0.4492 0.3316 0.5557 -0.2584 0.6224 -0.2483 -0.1901 0.1578 0.1838 -0.4397 
2.4854 3.2015 2.6064 1.7054 2.2418 2.1739 2.1877 1.9350 1.7916 2.0568 1.6753 1.3332 0.6762 1.5364 0.9087 1.6588 1.5808 1.6015 0.7463 1.2721 0.3641 0.9882 1.1962 1.4840 1.1515 1.1651 1.2767 1.1398 1.0709 0.2449 0.8349 1.0044 -0.8050 
3.8451 3.0807 1.5267 2.1612 2.1666 1.5974 1.3100 1.6733 0.9785 1.6070 -0.1432 1.0453 0.8983 0.9963 0.4384 0.5935 -0.2960 0.5301 0.2458 0.7377 0.6037 0.6272 -0.6752 1.0579 0.2839 0.9114 0.4430 0.5630 0.9715 0.7325 -0.2348 0.7780 0.6449 
4.1536 3.2055 2.6080 2.0674 2.3646 2.2997 2.3938 1.7846 1.3596 1.7145 1.1496 1.6567 1.2618 1.2313 0.8437 1.4689 1.0048 1.3774 0.7018 1.0444 0.9849 1.2641 0.6749 1.1604 0.7056 1.0541 1.5394 1.2654 1.1680 0.6114 0.8408 0.9150 0.9080 
3.7467 3.7049 2.8301 2.6603 2.6519 1.9984 2.2947 2.0771 1.8951 2.1536 1.7682 1.9670 1.5715 1.7788 1.3078 1.7228 1.0158 1.6562 1.1785 1.5824 1.2396 1.5956 1.2888 1.6032 1.2379 1.2652 1.4091 0.9593 1.4362 1.2217 1.1196 1.4739 0.5483 
3.8997 3.4633 2.4365 2.4010 1.9773 1.8503 1.8981 1.8635 1.3923 1.6852 1.4515 1.2170 1.6438 0.1035 1.5796 1.6749 1.7254 1.6146 1.4057 -0.1184 1.3224 0.8269 0.9970 1.1308 0.7310 1.1142 1.0455 0.8127 0.7467 0.9969 0.6649 1.1955 0.6313 
4.0583 4.1953 3.5661 3.2644 2.9666 2.8581 2.8170 2.6977 2.4193 2.5551 2.5799 2.3671 2.3805 2.2824 2.4294 2.3150 2.3143 2.2537 2.2807 2.0923 2.1115 2.0171 2.1043 1.9852 1.7620 1.9256 1.9330 1.8266 1.7582 1.8296 1.8112 1.9613 0.8717 
4.7022 4.6852 4.0678 3.5740 3.3917 3.2818 3.1395 3.1010 2.9121 2.8633 2.7403 2.7276 2.7131 2.5704 2.4865 2.5870 2.5879 2.4908 2.3140 2.3056 2.4047 2.3288 2.2699 2.3058 2.2572 2.2973 2.2222 2.2470 2.2002 2.1392 2.3082 2.4213 1.4728 
3.1358 4.2668 2.7405 2.1401 2.2642 1.6993 1.7932 1.9622 1.8087 2.0461 1.9134 1.4452 1.2950 1.2137 1.5307 1.3492 0.9796 1.2712 1.3473 1.0364 1.0348 1.0789 1.4486 1.4786 1.1704 1.1937 0.9307 0.7065 1.0621 0.6956 0.8969 2.0919 -0.4121 
5.6842 4.4230 4.3753 4.1556 3.8039 3.6938 3.5614 3.4039 3.3413 3.1714 3.1171 3.1120 3.1287 3.0149 2.8956 2.8561 2.7013 2.7931 2.7557 2.7766 2.7943 2.6986 2.6348 2.6215 2.6977 2.6592 2.6634 2.6580 2.6220 2.6967 2.6546 2.1029 2.3944 
5.2117 4.4768 3.7757 3.6825 3.3693 3.2712 3.2435 2.9865 2.9207 3.0307 2.8299 2.6927 2.8327 2.7682 2.6506 2.6002 2.5942 2.5063 2.4991 2.5784 2.5793 2.2993 2.3667 2.4604 2.2663 2.2127 2.3375 2.2375 2.1844 2.2374 2.0867 2.2129 1.9908 
4.2312 4.1065 3.1657 2.5080 1.1004 1.3109 0.6783 1.2335 1.6324 1.5153 0.3650 1.1737 1.2268 0.2800 1.5915 1.1520 1.4772 1.0792 1.4105 0.0785 0.9037 0.7865 -0.1397 0.9799 0.9452 0.4383 -0.2379 0.3314 -0.3388 1.1144 1.4180 1.8011 0.7970 
5.4791 4.1016 3.6511 3.3948 3.2350 3.1479 3.0243 2.9824 2.8332 2.7136 2.4181 2.5469 2.4893 2.3986 2.3103 2.2586 2.0923 2.1912 2.1819 2.1858 2.1821 2.1515 1.9613 2.1601 2.1927 2.2086 2.1327 2.1108 2.0503 1.9862 1.8657 1.7293 2.2525 
5.3436 4.6497 3.8385 3.6469 3.3470 3.2080 3.0586 2.8924 2.9245 2.9054 2.7337 2.6654 2.7039 2.5701 2.2334 2.5675 2.3023 2.4721 2.1103 2.3059 2.3911 2.2675 2.2617 2.3396 2.2671 2.1453 2.1547 2.1718 2.1622 2.1917 2.1160 2.3205 2.1194 
0.9290 3.6774 3.7436 3.1653 3.0512 2.7597 2.6817 2.7192 2.6751 2.4887 2.1131 2.1002 2.3000 2.2634 2.2796 2.2354 2.1250 2.1695 2.1488 2.0787 2.0310 1.6945 1.6366 1.9164 2.0299 1.9604 1.7815 1.7264 1.8177 1.7283 2.0785 1.4650 -0.2917 
5.8367 4.8398 4.2201 3.9297 3.6111 3.4101 3.2720 3.1909 3.1314 3.0324 3.0691 2.9293 2.8531 2.7312 2.8247 2.7461 2.6995 2.6817 2.6938 2.5251 2.5995 2.5823 2.6063 2.4592 2.4428 2.4050 2.3692 2.3723 2.3567 2.5233 2.4622 2.5453 2.6159 
5.9948 5.1416 4.4664 4.0992 3.8445 3.7415 3.6119 3.4950 3.3474 3.2461 3.2107 3.2612 3.1511 3.1340 3.0373 2.9800 2.9721 2.8919 2.8590 2.8704 2.8204 2.8661 2.7357 2.6913 2.7071 2.7231 2.6939 2.7044 2.6525 2.6582 2.7261 2.8087 2.7512 
5.4106 4.8424 4.2345 3.8740 3.6769 3.4485 3.3582 3.1692 3.0839 3.0289 3.0452 2.8611 2.6800 2.7697 2.6120 2.6895 2.6441 2.6314 2.4346 2.5815 2.3583 2.5057 2.5940 2.4578 2.3892 2.3746 2.4914 2.4123 2.4512 2.4635 2.4934 2.6058 2.1676 
3.6248 3.7214 3.3377 3.2037 2.8980 2.7735 2.4981 2.4354 2.2063 2.3724 2.5357 2.2173 2.0385 1.9398 2.0570 1.6262 1.6956 1.5683 1.8694 1.7118 1.7087 1.8197 2.0808 1.8126 1.5746 1.6720 1.6106 1.7400 1.7017 1.7746 1.6346 1.5605 0.3993 
4.2845 3.6600 2.2236 -0.3968 1.5079 1.7646 1.8224 1.6290 1.0910 1.2027 0.1965 1.2454 1.2532 1.2555 1.1394 1.6101 1.6303 1.5596 1.0340 1.0622 0.9685 0.8748 -0.2533 0.6541 0.4136 0.8486 0.9676 0.7473 0.3019 -1.9674 0.5289 1.3785 1.0963 
4.7779 4.6078 4.0528 3.7980 3.6478 3.4203 3.2986 3.2523 3.1240 3.0479 2.8290 2.9122 2.7633 2.6158 2.6903 2.6501 2.6738 2.5966 2.5647 2.3525 2.4696 2.5647 2.3647 2.4768 2.4318 2.4953 2.4051 2.3861 2.4059 2.3657 2.3017 2.3332 1.5646 
3.5842 4.1670 3.6955 3.2261 3.2256 2.9155 2.6707 2.5705 2.6244 2.4937 2.6386 2.2009 2.6003 2.6107 2.2013 2.1794 2.1830 2.1202 2.0836 2.3441 2.2639 1.8018 2.1602 1.9297 1.9474 1.7723 1.7689 1.8786 2.0482 1.7936 1.9659 1.9597 0.2656 
5.0504 4.1759 3.3769 3.2418 3.1696 3.0050 2.7804 2.7146 2.4267 2.3722 2.4693 2.2849 2.1082 2.0370 2.1380 1.7856 1.2450 1.7207 1.9904 1.7820 1.7802 1.9040 2.0156 1.8063 1.7652 1.9476 1.8841 1.9675 1.9488 1.7912 1.6463 1.8303 1.7876 
2.3319 3.2827 2.6106 2.8197 2.5283 2.1393 1.6080 2.1609 1.7924 1.7808 0.6696 1.7067 1.9712 2.0970 1.9057 1.9180 1.6312 1.8314 1.7588 1.8329 1.6662 1.3179 0.1931 1.2222 1.1515 1.3823 0.7162 1.0973 1.2858 1.4106 0.8643 1.0936 -0.8063 
4.8794 4.2818 3.6286 3.3003 3.1759 2.9663 2.8093 2.6266 2.4613 2.6620 2.5175 2.4625 2.1651 2.3524 2.3041 2.1748 1.9419 2.1161 2.1714 2.1524 1.8453 2.1007 2.0660 2.1119 1.7876 1.8198 1.9194 1.9320 1.9628 1.8692 1.8456 2.0415 1.6582 
4.7157 4.1815 3.5219 3.3152 3.1148 2.9460 2.8181 2.6301 2.5982 2.5134 2.2243 2.3422 2.3598 2.3418 2.4186 2.3472 2.3485 2.2835 2.2705 2.1446 2.0973 1.9870 1.7526 1.9425 1.9013 1.8252 1.9344 1.9136 1.8603 1.8907 1.7727 1.8922 1.4823 
2.0805 2.7661 1.6113 2.1677 2.1522 1.8127 1.6791 1.7232 1.3556 1.2067 0.6667 0.7444 1.0530 1.0841 1.0497 1.5839 0.7889 1.5067 0.8744 0.8303 0.7219 0.3625 0.1964 0.6479 0.7015 0.9732 0.7723 0.7794 0.9478 0.7342 -0.0793 0.5669 -0.9205 
4.1287 3.7273 2.9568 2.2240 2.1264 2.1113 1.7467 1.9435 2.2166 1.9855 2.1560 2.1680 2.1100 1.8270 1.7543 1.6709 1.8075 1.6104 1.6232 1.6286 1.7801 1.7754 1.6810 1.4101 1.5849 1.1679 0.8543 1.0733 0.9038 0.7823 1.2056 1.4833 0.8302 
3.3585 2.8784 3.1362 2.6598 2.5373 2.1459 2.2370 2.1527 1.9267 1.3517 1.0644 1.5901 0.3345 0.5330 0.8836 1.3746 0.9113 1.2938 0.7288 0.2554 0.0413 1.1854 0.5753 0.7790 1.2596 1.3679 1.3370 1.1125 1.2921 1.2217 1.3807 0.6573 0.1542 
4.2179 3.3929 2.7320 2.3511 2.4313 2.2365 2.2904 2.0154 2.0678 2.3389 -0.1433 1.2413 1.6377 0.6465 1.3194 1.7415 2.0284 1.6750 1.1848 0.4306 1.3144 0.8545 -0.6877 1.7839 1.3771 1.2209 1.4017 1.2032 1.2228 0.9589 1.0413 1.1375 1.0371 
3.2015 2.8616 1.8407 1.2653 1.7150 1.8964 1.7863 1.8048 1.6466 1.7824 1.2560 1.0006 1.6356 0.5093 0.2826 0.2450 0.7449 0.1985 0.1595 0.2455 1.3064 0.5877 0.7730 1.2241 1.0041 1.0815 0.9099 0.8827 0.5621 -0.0341 0.0134 0.6998 -0.2240 
4.4970 3.6830 2.9592 2.8954 2.9246 2.3097 2.0717 2.1382 2.0809 1.5552 1.2794 1.9033 1.7072 2.0631 2.0505 1.6340 1.7811 1.5771 1.8639 1.7926 1.4043 1.5593 0.8160 0.9851 1.3880 1.3491 1.1503 1.2711 1.7204 1.4909 1.2051 1.3616 1.2410 
1.6253 2.9782 3.4626 3.1565 3.2203 2.9606 3.1859 1.1997 2.1036 2.2983 1.0899 2.6236 3.0947 2.9851 2.2705 1.5814 2.1956 1.5051 2.1396 2.7520 2.7607 2.2201 0.5771 1.7444 1.4142 0.3939 2.2769 1.9445 2.0243 1.7186 1.7467 0.7640 -2.1106 
2.4338 2.2089 2.5851 2.0965 1.3045 -0.8572 1.0646 2.2997 2.1779 1.5254 1.7752 2.2599 1.7618 1.6800 1.3280 1.8109 0.6438 1.7478 1.1905 1.4696 1.4779 1.8712 1.2969 0.9621 1.5407 1.5707 0.1362 -1.8456 0.1199 0.6345 0.8036 0.0467 -0.9761 
4.2503 3.0930 2.5699 2.1204 1.6157 0.0546 1.4326 1.7932 1.6029 1.2508 1.7055 1.2195 1.6896 0.8241 1.0754 1.1348 -0.5409 1.0793 0.9150 0.6185 1.3851 0.8312 1.2361 0.6888 0.9269 1.0652 0.5545 -1.0103 0.4252 0.6858 0.8013 0.7356 1.0446 
1.2411 3.1740 2.3413 2.2967 2.1816 2.5711 1.6251 1.8055 0.2286 1.5583 2.1501 0.1510 1.5638 1.6755 1.6495 1.4719 0.2018 1.3755 1.5210 1.4642 1.2256 -0.2869 1.6739 0.9924 -0.3718 1.0762 0.6982 1.5370 1.0105 0.8744 0.6243 0.9669 -1.4764 
2.9638 2.8909 2.9070 2.3220 1.8275 1.4143 2.0817 1.4443 1.8098 1.8641 1.7040 1.2034 1.2796 1.2089 1.5884 0.9405 1.6849 0.8560 1.4197 1.0185 1.0280 0.8109 1.2320 1.2949 1.1710 0.6571 1.1609 0.3507 0.6433 0.9076 1.1852 0.6787 -0.3026 
3.0179 2.4283 2.3762 1.8058 1.2634 1.7746 1.7603 2.1746 2.0819 1.5317 1.0150 1.0441 1.3749 1.2147 1.2464 1.3018 0.1865 1.2369 1.1111 1.0235 1.0968 0.6383 0.5397 0.9607 1.3842 1.3989 0.8745 0.7366 0.0705 0.4063 0.6464 0.1846 -0.2932 
3.8038 3.1407 2.2462 2.1540 2.0933 2.4283 1.0355 1.0420 1.8975 1.6584 1.5762 0.7917 1.5559 1.3387 0.7136 1.1537 0.6204 1.0941 0.5786 1.1327 1.2160 0.4395 1.0951 1.1044 1.2406 0.2324 0.1037 1.3917 0.8670 0.7082 0.5482 0.8404 0.6040 
3.8070 2.6536 1.9188 1.8325 1.3685 1.5872 1.7921 1.8111 0.0131 1.7043 1.5214 1.6663 1.4383 1.6428 1.1324 1.6269 1.0380 1.5705 1.0160 1.4110 1.1389 1.2701 1.0599 1.1535 -0.6646 1.0820 0.9194 0.5579 0.1459 0.4621 0.2123 0.4773 0.5839 
4.1397 3.5932 2.8421 2.5589 2.0079 1.6459 2.2954 1.7664 2.3102 1.6756 1.6062 1.8693 1.6894 2.1617 1.8101 1.4354 1.0683 1.3482 1.6758 1.9341 1.3852 1.5220 1.1314 1.1193 1.6709 1.0438 1.4090 0.6188 0.7597 1.1174 1.1252 1.2896 0.8732 
2.2278 2.3386 2.0674 1.3865 0.8123 1.6240 0.9854 1.0583 2.1412 1.8405 2.0865 1.7162 1.6918 1.7312 1.5963 1.4334 1.3719 1.3422 1.4353 1.5371 1.3932 1.3187 1.6056 1.2770 1.4908 0.2603 0.0761 0.5944 -0.3516 0.0309 0.2960 0.1803 -1.0758 
4.2220 3.0383 2.3878 1.9509 2.2330 2.2397 1.6680 2.3170 1.7511 1.6215 1.1483 0.9782 1.2529 0.2614 -0.5086 0.6190 0.1907 0.5624 -0.7181 0.0649 0.9686 0.5948 0.6746 1.0744 1.1121 1.5892 0.7615 1.2025 1.0545 0.5362 0.6526 0.6871 1.0000 
3.2780 1.7445 1.2896 1.6190 1.8679 1.2329 1.2213 0.5730 0.7261 0.8836 0.6350 0.2975 1.5777 1.4904 1.4053 1.4342 1.1891 1.3435 1.2532 1.2453 1.2469 -0.0592 0.1533 0.3137 0.0862 -0.2025 0.3360 0.1923 0.6613 0.2068 -0.4502 -0.4149 0.0544 
1.7647 2.2102 1.3919 1.4118 1.6194 0.7463 1.0019 1.4836 0.9644 1.4540 1.1866 1.6999 1.3004 0.8376 1.5062 0.7323 0.9014 0.6630 1.3233 0.6227 1.0476 1.3010 0.7211 0.8859 0.2764 0.7005 0.0995 -0.2804 0.4133 0.0147 -0.3958 0.0261 -2.0153 
3.3397 2.1942 2.1784 2.0195 2.0503 1.8451 1.8752 0.3888 1.3298 1.1174 0.1313 1.6224 1.7501 1.6446 1.4334 1.4057 1.3892 1.3197 1.2678 1.4132 1.4659 1.2219 -0.2933 0.5669 0.6863 -0.3858 1.0251 0.8024 0.8105 0.5961 0.4514 -0.1796 0.0897 
3.2951 2.0795 1.6110 2.2452 2.3120 2.0167 1.5609 1.7542 1.6882 1.5724 0.9105 1.9636 1.8220 1.7094 1.7876 0.7292 0.3784 0.6551 1.6559 1.5119 1.5654 1.5956 0.4674 1.0044 1.0596 1.0163 0.6459 0.9767 1.1314 0.8155 -0.1470 -0.3081 0.0682 
3.4530 3.2281 2.6511 2.3053 2.2263 2.5344 2.1789 2.2366 1.6670 1.3836 1.3616 0.7057 0.4012 -0.1576 1.4151 1.1770 0.2359 1.1113 1.2617 -0.3878 0.1003 0.3159 0.8989 0.8202 1.0289 1.4866 1.2688 1.5012 1.0590 0.8861 0.9049 1.0142 0.2113 
1.8076 2.5701 2.1230 1.8181 1.9727 1.7113 1.8368 1.7405 1.5228 1.8574 1.7165 1.6950 1.6593 1.5641 0.7793 1.2623 0.8863 1.1947 0.6466 1.2896 1.3405 1.3004 1.2419 1.2930 0.8275 1.0024 0.9877 0.6604 0.7526 0.4095 0.3958 0.3283 -1.3525 
-0.4338 1.7357 2.0416 1.4926 1.6596 1.1018 1.6238 1.8873 0.6863 0.2781 0.5995 1.6147 1.1272 1.4558 1.5534 1.0942 -0.6688 1.0368 1.3665 1.2178 0.8070 1.2137 0.1262 -0.2674 0.0552 1.1291 0.7244 0.0664 0.4659 0.0668 0.2899 -0.4229 -2.4965 
3.6428 2.9705 2.6674 2.5076 2.6870 1.7294 0.9263 2.3290 1.6241 2.4030 2.7234 2.9085 2.5977 1.5649 2.3029 2.3967 1.8715 2.3112 2.1719 1.2927 2.2570 2.5586 2.2523 1.8429 0.9851 1.6017 0.0746 0.6779 1.4911 1.0868 0.9507 0.7143 0.3841 
3.8236 3.0004 3.0094 2.5641 2.1876 1.8622 1.9443 2.0517 2.1705 1.8519 1.5705 2.1090 2.5233 1.9605 1.7073 2.1011 2.1073 2.0262 1.5865 1.7251 2.2066 1.7016 1.0926 1.2869 1.5409 1.2508 1.0774 0.8365 1.0059 1.1180 1.2603 0.6874 0.5840 
2.6211 2.1756 1.8775 1.6582 1.2628 1.0459 1.6350 1.8873 1.8511 2.1494 1.9131 1.6558 2.1936 1.8967 1.4507 1.8101 -1.2490 1.7474 1.2801 1.6764 1.8855 1.2619 1.4579 1.5984 1.2029 1.1312 0.7332 0.0208 0.0692 0.2269 0.1474 -0.0199 -0.5268 
3.4586 2.5178 2.4293 1.4533 1.7861 1.1919 1.8236 1.7059 1.3456 1.5741 0.0150 1.5017 0.9423 1.7777 1.2735 1.2887 0.2439 1.2312 1.1402 1.5836 0.6251 1.1105 -0.4460 1.0098 0.6918 0.9517 0.9731 0.1468 0.6049 0.0517 0.7062 0.1960 0.2120 
3.1497 0.7027 1.2729 2.0970 1.7588 0.6826 1.1606 1.6823 2.3223 1.9818 2.0212 1.0938 -0.2419 0.8516 1.6928 1.1617 0.3556 1.0996 1.5741 0.6401 -0.5009 0.6893 1.5649 1.4086 1.6808 0.9215 0.2516 -0.3294 0.5750 0.6457 -0.4751 -1.5288 -0.1385 
3.5086 3.0676 2.3108 2.1482 2.6313 2.3253 2.1269 2.7988 2.2206 0.7441 1.8847 1.6870 0.8951 1.6138 1.4402 1.7392 1.8116 1.6740 1.2743 1.3663 0.6054 1.2877 1.4275 0.1726 1.5853 2.0665 1.2235 1.2909 1.4030 0.7258 0.5973 0.7784 0.2715 
3.0492 2.1102 1.9867 1.1938 1.7850 1.5245 1.2478 2.1231 1.9729 0.6326 1.4650 1.5782 1.5815 0.6006 0.2123 0.5370 1.3956 0.4529 0.0792 0.3677 1.2490 1.1675 1.0112 0.0740 1.2847 1.3247 0.3733 0.4757 0.5946 -0.2804 0.2274 -0.0055 -0.2210 
3.0801 2.5678 1.8812 0.8314 1.6741 1.7450 1.3913 1.2339 1.3306 1.2720 0.9798 0.8499 0.5638 0.9899 1.2643 1.1723 0.7492 1.1091 1.1311 0.7410 0.2341 0.5003 0.5260 0.7216 0.6810 0.5025 0.5304 0.7103 0.4992 -0.5630 0.1478 0.3125 -0.0967 
3.3251 2.8853 2.5136 1.6354 1.9584 2.2423 1.8810 0.2585 1.7883 1.3400 1.7500 0.6373 0.6472 1.0249 1.6849 1.1801 0.0520 1.1172 1.5673 0.7581 0.3429 0.2316 1.2715 0.7724 1.1471 -0.4638 1.0265 1.2086 0.7455 0.1884 0.7503 0.6446 0.0960 
-0.4475 1.8701 1.8267 2.1354 2.4587 2.2052 1.6163 0.7316 1.7369 1.8781 1.3318 1.4197 1.5689 1.1897 0.7932 1.3595 1.0694 1.2772 0.6594 0.9899 1.2310 1.0626 0.8692 1.3122 1.0984 0.0061 0.7020 1.1682 1.2459 0.6959 0.1267 -0.3534 -2.4450 
3.0322 2.0369 2.2060 1.4222 1.9676 1.6329 2.1626 2.1003 0.7200 -0.1703 1.7109 1.7865 1.7921 1.7054 1.2770 0.8937 0.9631 0.8070 1.1460 1.5072 1.5305 1.4191 1.2412 -0.7629 0.0642 1.2886 1.2606 0.5990 0.7466 0.0152 0.5137 -0.3086 -0.2058 
3.7239 2.7909 2.2109 2.0684 1.4644 1.2491 1.7066 1.7886 1.0007 0.9714 1.5961 1.3743 1.0512 1.3290 1.3285 1.2834 0.4945 1.2225 1.1901 1.1245 0.7157 1.0299 1.1167 0.4016 0.3058 1.0596 0.8033 0.2113 0.2328 0.6132 0.4970 0.5230 0.5072 
-0.6888 2.6235 2.4789 1.7095 1.6673 1.6670 1.7892 1.6374 1.7781 1.1891 1.5855 1.9529 1.7391 1.2553 0.7531 1.1106 1.2392 1.0560 0.6278 1.0580 1.4496 1.5886 1.1079 0.6422 1.1296 0.8606 0.9221 0.6382 0.4695 0.2446 0.7470 0.4084 -2.2704 
2.5994 2.1008 1.4686 1.9146 2.1234 -0.6662 1.6411 1.8897 0.8605 1.1175 1.6053 1.0629 1.2643 1.2215 1.4225 0.5891 0.3939 0.5366 1.2638 1.0387 0.9926 0.6518 1.1266 0.5691 0.1904 1.1325 0.7420 -1.5444 0.9019 0.5285 -0.2750 -0.2049 -0.6648 
3.6677 2.7315 2.0418 1.6288 1.3559 1.5489 1.4767 1.9271 1.5512 1.3202 1.1719 1.3210 1.5649 1.0769 1.1424 1.4047 1.7257 1.3198 1.0152 0.8272 1.2249 0.9714 0.7008 0.7595 0.8500 1.1636 0.5862 0.5023 0.1486 0.1949 0.2407 0.4248 0.3884 
3.9252 3.1620 2.7856 2.3576 1.8364 0.7407 1.8963 1.5238 1.3819 1.7737 1.9673 1.5300 0.7395 1.5865 1.7232 0.7499 -0.9570 0.6788 1.5981 1.3317 0.4644 1.1262 1.5151 1.2156 0.7256 0.7228 1.0434 -0.3237 0.6479 0.9544 1.0770 0.8550 0.6890 
3.5514 2.9717 2.8556 2.9184 3.2809 2.7217 3.0286 3.2650 3.0586 2.5380 1.6967 2.3081 2.4879 1.2113 3.0735 2.7853 0.2942 2.7149 2.8914 1.0532 2.1807 1.9447 1.2247 1.9647 2.3650 2.5143 2.1388 1.6833 2.1023 1.5368 1.1545 0.7246 0.3701 
3.8028 1.9026 2.8024 2.2605 2.9555 2.6898 1.5843 2.5022 2.4659 2.0356 2.5319 2.4616 1.6558 1.3150 1.3317 1.2170 0.2544 1.1488 1.1904 1.1196 1.3360 2.1000 2.0799 1.4643 1.7893 1.7210 0.6680 1.6492 1.7473 0.7899 1.0793 -0.3284 0.5615 
3.1428 2.3753 1.2501 2.1648 2.3194 2.0308 1.5102 1.6819 2.0932 1.0516 1.3194 1.7287 1.5820 1.8464 0.6447 1.1943 0.6160 1.1298 0.5360 1.6416 1.2524 1.3391 0.8567 0.4915 1.4039 0.9284 0.5956 1.0086 1.1344 0.7357 -0.4812 0.0944 -0.1431 
1.3944 2.6121 2.2015 2.1119 1.6435 1.5089 1.7087 1.2697 1.2882 1.6228 2.2235 1.7151 0.2288 1.6500 1.3470 1.1232 0.6039 1.0674 1.2021 1.4273 -0.0162 1.3201 1.7530 1.0741 0.6442 0.5319 0.8117 0.4720 0.4199 0.6617 0.5132 0.3889 -1.8136 
3.1902 3.1943 2.6450 2.0496 2.0407 1.1073 2.0853 1.8995 1.9036 1.2320 1.6563 1.2976 1.2421 1.3631 1.7704 1.1250 1.7099 1.0762 1.6344 1.1549 0.9638 0.9350 1.1845 0.6705 1.2417 1.1474 1.1608 0.0928 0.7925 0.6165 0.8934 0.9771 0.0039 
3.4332 3.1182 2.6039 1.4605 2.3440 2.1433 2.0195 1.2391 1.6266 2.2026 1.6621 1.4488 1.4513 0.7461 1.8929 1.1003 1.2022 1.0493 1.7455 0.5597 1.1432 1.0772 1.1855 1.6486 0.9841 0.4947 1.1153 1.1073 1.1568 0.0603 0.8222 0.8316 0.2030 
3.7750 2.8238 2.4700 1.9682 2.1956 1.5248 1.9204 1.7537 1.6214 1.2998 0.8982 1.7107 0.9941 1.4244 0.6947 1.0049 0.2953 0.9089 0.5678 1.1941 0.6640 1.3169 0.4393 0.7491 0.9591 1.0243 1.0568 0.5056 1.0170 0.5548 0.7301 0.5561 0.5666 
3.6267 2.7860 2.1834 1.6012 1.9746 2.1362 1.6186 0.8680 1.5999 1.6024 -0.8516 1.4577 1.7524 1.1330 0.6038 0.4964 1.1032 0.4056 0.4671 0.9023 1.4665 1.0858 -1.3925 1.0524 0.9315 0.1130 0.7081 1.1014 0.7527 0.1610 0.4656 0.5376 0.3551 
3.0108 1.8285 2.2815 1.5344 1.3482 1.6444 2.1078 2.0912 2.0381 1.2596 1.5718 1.1194 0.6857 1.2589 1.2535 0.9591 1.1333 0.8715 1.1170 1.0659 0.3984 0.7182 1.0899 0.6946 1.3433 1.2789 1.1941 0.6172 0.1555 0.0787 0.5830 -0.4755 -0.2845 
3.2791 3.3811 2.9333 2.3380 2.9297 2.6320 1.2064 2.0094 0.6210 2.4874 2.6541 2.3538 2.5760 2.9979 3.0713 2.5787 1.1053 2.4792 2.8876 2.7650 2.2434 1.9986 2.1762 1.9209 0.0200 1.2186 0.3112 1.5931 1.7263 0.9656 1.1922 1.1669 0.0130 
1.7662 1.6462 2.8164 2.3649 1.9436 1.8987 1.1119 1.7850 1.9703 1.5795 1.9897 0.0783 1.9147 2.1739 1.9040 2.2486 1.9235 2.1829 1.7533 1.9530 1.6226 -0.3671 1.5340 1.0378 1.2809 1.0604 0.1856 0.8627 0.7370 0.9549 1.1131 -0.4990 -1.2763 
3.1861 2.2481 2.5983 1.8874 2.4845 1.8329 1.1894 1.4711 1.2060 1.6656 1.7808 0.5355 1.3997 1.4685 1.6703 0.0562 0.9602 0.0234 1.5536 1.2280 1.1133 0.1352 1.3066 1.1119 0.5701 0.6874 0.2757 0.8026 1.2634 0.5024 0.8152 0.0310 -0.0923 
2.3034 2.4197 2.6394 2.3355 2.5596 2.5311 1.1696 1.2023 1.8774 1.8776 1.6115 1.7095 1.2409 1.5391 1.0746 1.4910 1.3744 1.4016 0.9125 1.2706 0.9693 1.3138 1.1360 1.3131 1.2187 0.4623 0.2405 1.4917 1.3210 0.9216 0.9084 0.1862 -0.9498 
3.1776 2.6834 2.1738 2.1612 2.3254 1.7898 1.7381 2.1608 1.1745 1.5692 0.1282 1.0373 2.1666 1.6095 1.1347 0.9100 -0.5146 0.8202 1.0077 1.3564 1.8477 0.6344 -0.3370 1.0014 0.5436 1.3798 0.8485 0.7505 1.1406 0.7260 0.4565 0.4529 0.0147 
3.6894 2.9458 2.7422 2.1503 2.1139 2.0690 1.5882 2.1126 1.6184 1.9297 2.1816 1.5937 1.9890 1.5116 1.8600 1.6336 1.6220 1.5793 1.7194 1.2565 1.6779 1.1828 1.7106 1.3632 0.9567 1.3122 0.6746 1.0297 0.8894 0.7020 1.0426 0.6687 0.4407 
2.2937 2.0822 1.8549 2.2127 1.3560 1.2785 0.9566 1.6515 1.7525 1.7288 1.6175 0.5463 1.3507 1.5943 1.1189 1.0847 0.5843 1.0218 0.9815 1.3396 1.0793 0.1383 1.1378 1.1729 1.1110 0.8785 0.0563 0.2428 0.1755 0.7759 0.1254 -0.2073 -0.8485 
1.8455 2.0974 1.0335 1.5979 1.4072 1.0012 0.2570 0.7490 1.0813 1.3778 1.0984 1.1541 1.0564 1.2513 0.9930 0.5194 0.6104 0.4128 0.8204 1.0558 0.7296 0.7510 0.6266 0.8086 0.4150 0.0225 -0.6005 -0.0349 0.1878 0.1586 -0.7545 -0.1530 -1.1418 
2.8317 2.0946 2.1199 2.0887 1.7972 1.8738 1.6117 1.8967 1.8615 1.9781 1.5262 1.6306 0.5695 1.2597 1.2602 1.6097 1.6106 1.5538 1.1250 1.0655 0.2371 1.2323 1.0590 1.4075 1.2091 1.1390 0.6996 0.8351 0.6201 0.6297 0.3892 -0.2463 -0.3807 
