3.9771 3.2140 2.8587 2.9507 2.3616 2.2636 1.3378 1.6980 1.2587 1.8009 1.5747 1.9996 2.1587 1.8917 1.6236 1.6474 0.5220 1.5424 1.4164 1.6838 1.8070 1.6091 1.0613 1.1834 0.5493 0.7944 0.3276 1.1064 1.0138 1.3447 0.9053 0.7397 0.3955 
2.9821 3.1393 3.3222 2.2935 2.5827 2.8135 1.4897 2.2564 2.3074 2.0383 2.4228 2.1411 1.6314 1.4642 1.0171 1.2298 0.7164 1.1594 0.8107 1.2203 1.2700 1.7195 1.8967 1.4118 1.5635 1.3527 0.5193 1.6561 1.2602 0.6421 1.3727 0.6708 -0.5232 
4.0996 3.6676 3.0314 3.4453 2.8213 1.9352 2.8090 2.6126 1.9966 1.6263 2.2658 2.0401 1.7842 1.6429 1.8210 0.3031 0.7735 0.2078 1.6881 1.3513 1.4267 1.6541 1.7271 0.9841 1.2717 1.7682 1.7869 0.8086 1.4218 1.8327 1.1382 1.1871 0.5418 
1.9241 3.5536 2.0301 3.6831 3.0680 1.7865 2.7211 2.4615 2.4295 1.9699 1.5131 2.5657 1.9771 1.3825 0.8847 1.5032 0.9251 1.4075 0.7175 1.1600 1.6854 2.1714 1.0281 1.3452 1.7191 1.6373 1.7313 0.6555 1.7340 2.1263 0.2501 1.1226 -1.5541 
4.0663 3.5109 3.0778 4.0742 3.5579 2.9236 3.0813 2.9619 2.9496 2.7662 2.9835 2.4417 1.7492 2.0973 1.9604 2.1622 2.0322 2.0606 1.8146 1.8412 1.3878 2.0021 2.4570 2.1293 2.2539 2.1002 2.1068 1.7600 2.2494 2.4736 1.2021 1.0267 0.5089 
4.3009 3.5815 3.7219 4.2746 3.6319 2.8482 2.5943 2.4273 2.5105 2.3611 2.1926 2.6652 -0.6307 2.0007 2.1723 1.7851 1.8007 1.7182 1.9727 1.7724 -0.9444 2.2681 1.6860 1.7418 1.7931 1.5998 1.6438 1.6861 2.3006 2.7162 1.8189 1.1336 0.7691 
3.6860 4.0959 4.3264 4.9370 3.8622 3.7485 3.1649 3.1667 2.1590 2.4847 2.0980 2.8572 2.8153 2.7187 2.5089 2.3581 2.2118 2.2929 2.3639 2.4528 2.4376 2.4015 1.5798 1.8570 1.3837 2.3280 2.2051 2.5874 2.4855 3.3881 2.4268 1.6106 -0.0019 
3.6899 4.1946 4.5667 5.1539 4.0197 3.7870 2.8239 2.8858 3.1834 2.8340 2.6694 2.3099 2.1205 2.3857 2.0873 2.2995 1.9979 2.2264 1.9163 2.1515 1.7876 1.8513 2.1504 2.1948 2.4503 2.0113 1.7925 2.6216 2.6263 3.5344 2.6184 1.7355 0.0367 
3.5621 3.9785 4.6148 4.8222 4.1557 3.3643 2.7144 1.9215 2.5026 1.3444 1.7371 2.4678 2.2786 2.1083 2.2656 1.7391 1.9255 1.6775 2.0646 1.8512 1.9088 2.0398 1.2055 0.7071 1.7828 1.0811 1.7347 2.1932 2.8385 3.2555 2.6727 1.4434 -0.4986 
4.8250 4.2232 4.4503 4.8168 4.0807 4.1136 3.5490 3.3457 2.7434 2.5043 2.8286 2.7939 2.4756 2.3164 1.9768 2.5911 2.3089 2.5076 1.8223 2.0472 2.1552 2.3443 2.2940 1.8788 1.9692 2.4536 2.5372 2.9586 2.7448 3.2395 2.5109 1.7185 1.1938 
4.2079 2.8107 3.2189 2.8557 2.4996 2.9459 2.7409 2.0086 1.5255 1.8887 2.1208 0.7930 2.0736 1.6652 1.8206 1.9020 1.8686 1.8223 1.6856 1.3572 1.7475 0.4022 1.6114 1.2640 0.7690 1.1750 1.7401 1.7881 1.1851 1.2348 1.2736 0.2304 0.5673 
2.5198 2.8993 4.0162 4.0332 4.0483 3.9643 3.8777 3.3442 3.1921 3.0636 3.0584 2.8746 2.8422 2.8732 2.8792 2.8556 2.5230 2.7674 2.7031 2.5918 2.4659 2.4236 2.5219 2.4403 2.4596 2.4600 2.8848 2.8203 2.6963 2.4198 2.0778 0.4032 -0.9638 
4.1130 3.9303 3.9119 2.9063 1.4289 1.9281 1.8040 1.5728 1.8584 1.5983 1.4681 2.1366 1.7396 1.7011 0.9055 1.7335 1.9886 1.6753 0.7557 1.4159 1.3779 1.7171 0.9680 0.9831 1.1388 0.7171 0.8004 0.7961 0.0508 1.3115 1.9358 1.3971 0.5401 
3.8666 3.3368 3.2228 3.7916 3.8669 3.5816 1.8598 2.3029 2.0233 1.4767 1.6833 1.7307 2.2577 2.1004 1.8759 1.1013 0.8430 0.9971 1.7338 1.8454 1.8813 1.2847 1.1471 0.8542 1.2944 1.4085 0.8454 2.4211 2.5068 2.2433 1.2643 0.7658 0.2988 
4.2679 3.7128 3.0207 3.5834 2.8485 2.5610 1.6535 1.8309 1.6775 1.6157 1.1628 1.2534 2.3406 1.7983 0.9417 1.2132 -1.1264 1.1429 0.7589 1.5532 1.9818 0.8264 0.6368 0.9776 0.8958 0.9773 0.6014 1.4249 1.4792 1.9700 1.1529 1.2266 0.7491 
4.1178 3.5836 3.3979 2.8698 2.1733 2.2996 2.2647 2.2728 1.3734 1.5417 0.9107 1.5593 1.9464 1.5636 0.7635 1.0015 1.5274 0.8971 0.6132 1.2961 1.6640 1.1419 0.4087 0.9032 0.6508 1.3602 1.2426 1.1414 0.7875 1.2725 1.4052 1.1350 0.5813 
3.5810 3.6787 3.4757 4.0489 3.2324 3.4225 2.3558 1.1630 1.2672 1.1086 1.9636 1.8333 1.5905 1.9311 1.1224 1.7368 1.6638 1.6768 0.9405 1.7181 1.2399 1.3875 1.4519 0.4881 0.5605 0.2799 1.3471 2.2678 1.8734 2.4408 1.5311 1.2308 0.0263 
4.2038 1.7667 2.9701 3.2848 1.6594 3.4846 2.5820 2.5081 1.9302 1.9866 1.2583 1.1836 1.2291 1.8055 1.4956 1.3277 -1.4830 1.2502 1.3277 1.5665 0.8829 0.7387 0.7319 1.3572 1.2106 1.6933 1.6142 2.3299 0.3313 1.7084 1.0817 -0.4596 0.5978 
3.7731 3.7355 3.0451 2.9102 3.2502 1.7707 2.4574 2.1234 2.2268 1.8035 2.0654 1.6776 1.1647 1.7698 0.9908 1.2914 1.2581 1.2171 0.7957 1.5136 0.7990 1.2149 1.5554 1.1904 1.4482 1.2612 1.4578 0.6278 1.8922 1.3210 1.1223 1.2527 0.1156 
3.8965 3.5590 2.9899 3.5975 3.4574 3.2186 2.6906 2.5226 2.0884 1.4484 2.0649 2.0479 1.7151 2.0033 1.5898 1.6200 0.7415 1.5113 1.3902 1.7718 1.3490 1.6583 1.5635 0.8044 1.3375 1.7068 1.7084 2.0675 2.0904 2.0079 1.1131 1.1015 0.2381 
3.2382 3.4468 3.0229 3.5324 3.0779 2.4658 0.3769 2.2892 2.0489 1.5145 2.2285 2.4111 2.3952 2.3082 2.3144 1.3396 1.6705 1.2555 2.1450 2.0333 2.0532 1.9736 1.7021 0.8812 1.3181 1.3947 -0.5347 1.3079 1.7467 1.9317 1.1120 1.0030 -0.3653 
4.3234 3.9601 3.0729 2.9148 2.3775 3.4046 2.7433 2.1729 2.5752 2.5777 2.1374 1.8956 1.8701 1.8010 2.0663 1.6849 1.7229 1.5858 1.8983 1.5667 1.5446 1.4671 1.6307 1.9471 1.8514 1.3004 1.7394 2.2531 1.0863 1.3134 1.1536 1.4037 0.7171 
4.2336 3.4226 2.8829 3.1949 3.2296 2.8349 1.5480 1.3701 1.1567 1.7151 2.1383 1.8020 1.9064 1.3350 0.8109 1.2103 1.3564 1.1433 0.6599 1.1185 1.5932 1.3545 1.6325 1.1044 0.4116 0.5572 0.5699 1.6776 1.8768 1.6544 0.9173 0.8227 0.6487 
1.2486 3.5080 3.3580 2.9537 2.7780 2.0074 2.1116 2.5556 2.1651 2.0848 1.8613 1.6126 1.6632 2.2586 1.8109 1.8439 1.8746 1.7739 1.6782 1.9578 1.2846 1.1779 1.3330 1.4547 1.3892 1.7311 1.1396 0.8519 1.3899 1.3479 1.3945 1.0845 -2.1733 
3.9612 3.1805 2.3133 2.9566 2.9351 2.5667 2.4378 2.2320 1.7275 2.1376 1.9247 -0.5855 1.9597 1.9065 2.1011 2.1702 1.7766 2.0674 1.9247 1.6935 1.6805 -1.0385 1.3946 1.5041 0.9925 1.3317 1.4396 1.4105 1.6032 1.3549 0.4126 0.6621 0.3665 
3.1431 2.7570 1.2522 2.8341 2.1834 2.0997 1.5444 2.0376 2.4693 2.6259 2.5076 2.5036 1.8877 1.7201 1.8651 0.7776 1.1396 0.7026 1.7217 1.4421 1.5641 2.0872 1.9830 1.9970 1.7503 1.2035 0.5592 0.9516 0.7913 1.2152 -0.6022 0.2355 -0.3402 
4.1284 3.8640 3.2323 2.2660 2.7400 2.5451 2.1756 2.1291 2.5115 2.1036 1.6673 0.8687 1.9479 1.7442 1.4848 1.6570 1.5709 1.5506 1.3229 1.4698 1.6715 0.4784 1.1293 1.4786 1.7936 1.2659 1.1797 1.3868 1.3653 0.6327 1.2979 1.3444 0.5532 
3.4648 2.5491 2.6852 1.9007 1.0835 1.6055 1.5897 1.8418 2.1473 2.2421 1.6297 2.3567 1.2323 0.2741 1.8307 1.8383 1.0703 1.7657 1.6986 0.0428 0.8806 1.9178 1.1196 1.5984 1.3837 1.0099 0.5866 0.4605 -0.3047 0.2876 0.7553 0.0530 -0.0572 
3.0900 3.5349 2.8307 1.7023 1.9269 2.1621 1.7118 1.7390 1.8823 0.9457 1.8278 1.5754 0.3538 1.1284 1.3164 1.8974 1.4465 1.8202 1.1717 0.8429 0.0261 1.1491 1.3042 0.2938 1.1664 0.8507 0.6994 1.0126 0.5966 0.0952 0.8325 1.0776 -0.5829 
4.0665 4.0935 3.7133 3.2003 3.2945 3.1072 3.1907 3.0466 2.3422 1.8061 2.7637 2.8356 2.3060 2.3461 2.8864 2.8428 2.3198 2.7433 2.7161 2.0935 1.9319 2.3747 2.2581 1.1902 1.6146 2.2247 2.2420 1.9532 1.9260 1.6447 1.7934 1.6339 0.5361 
2.8657 3.6041 3.0607 1.8705 2.7376 2.2521 1.4111 2.5266 3.0316 2.6805 2.6209 2.4030 1.6224 1.1251 1.2112 1.4183 1.4615 1.3440 1.0721 0.8311 1.2624 1.9590 2.1092 2.0492 2.3146 1.7174 0.4452 1.0996 1.3584 0.2021 1.1445 1.1662 -0.5945 
3.9488 3.0698 1.5409 1.9203 1.7026 0.6621 1.8301 2.3552 1.9959 1.3330 1.9621 2.2780 1.8158 1.4906 0.3187 1.5618 1.1080 1.4629 0.1550 1.2463 1.4699 1.8222 1.4396 0.7148 1.2679 1.4889 0.8281 -0.4804 0.3269 0.3398 -0.3895 0.5546 0.3077 
2.3911 3.5593 2.5048 2.9069 2.6775 1.7737 1.8703 1.4341 1.9595 1.0056 1.9249 1.7551 0.6167 0.8483 0.2027 1.4017 1.4086 1.3315 0.0680 0.6182 0.2545 1.3118 1.3988 0.3537 1.2430 0.5969 0.8743 0.6059 1.3217 1.3028 0.5710 1.1091 -2.1589 
4.2121 4.0477 3.6277 3.0366 2.8325 1.4592 2.3450 2.3760 2.4336 2.3919 2.5060 2.5318 1.9700 2.2848 1.4324 2.2078 2.3204 2.1050 1.2740 1.9962 1.6880 2.1304 1.9837 1.7757 1.7232 1.5212 1.3411 0.2733 1.4324 1.4339 1.7251 1.5345 0.6151 
3.3212 3.3027 2.8313 2.8415 2.5104 1.3847 1.7220 2.0516 1.3348 1.5855 1.3378 0.9246 1.3761 1.5433 1.8465 0.8752 1.5418 0.7978 1.7074 1.2872 1.0974 0.5376 0.7947 0.9499 0.6165 1.2020 0.7149 0.2331 1.1817 1.2232 0.8779 0.7800 -0.2505 
3.7579 3.1202 2.5141 2.6823 2.5188 1.4941 1.8410 1.9844 1.7955 1.7367 2.2237 0.1314 1.3358 0.3160 1.2935 -0.3340 1.2289 -0.4444 1.1534 0.0562 1.0204 -0.3472 1.6980 1.1228 1.0985 1.1625 0.8269 0.3484 1.1980 1.1236 0.6277 0.6579 0.1902 
3.3323 3.4902 3.0594 2.3571 2.7196 2.5111 2.0161 2.1816 2.1146 1.5975 1.4987 1.3490 0.9706 1.1233 1.0752 1.3071 1.2443 1.2308 0.8580 0.8375 0.6294 0.9347 0.9903 0.9486 1.3551 1.2957 1.0661 1.3536 1.3496 0.7566 1.1550 1.0069 -0.3239 
2.4489 2.3768 1.3529 1.7513 1.5088 1.2441 2.0176 1.2946 0.9915 1.9255 1.0413 -0.1329 0.3421 0.8875 0.3736 0.7442 -2.4982 0.6714 0.1885 0.6463 0.0213 -0.5673 0.5201 1.3070 0.2155 0.4553 1.0656 0.1015 0.1342 0.1695 -0.6389 -0.0412 -1.4783 
1.1992 3.5869 3.1037 2.5741 2.8204 2.5290 1.8363 2.0520 1.8190 2.4309 2.1494 1.8839 0.5882 2.2033 1.8174 2.0917 1.7006 1.9946 1.6873 1.9217 0.2566 1.4530 1.6412 1.8118 1.1179 1.2059 0.8192 1.3732 1.4282 1.0307 1.1936 1.1453 -3.3461 
3.9346 3.6420 2.8583 2.7435 1.7680 1.8067 1.6561 2.3498 1.5356 1.7872 1.4764 1.1884 1.2007 1.3258 1.2261 1.4222 1.3178 1.3439 1.1024 1.1115 0.8386 0.7485 0.9689 1.1679 0.7768 1.4831 0.6388 0.6630 0.3967 1.1529 0.8870 1.1623 0.3027 
3.7157 3.3356 2.1608 1.8942 2.3027 1.7886 1.8979 1.7050 1.8125 1.4853 1.1419 1.6629 1.8347 1.7548 1.8460 0.5862 1.1865 0.5240 1.7079 1.4923 1.5000 1.2072 0.6137 0.8490 1.1097 0.8111 0.9034 0.6356 0.9390 0.3155 0.1859 0.8111 0.1963 
4.3922 3.6195 3.0557 3.0411 3.0702 3.1727 2.1410 2.7652 3.0053 2.0143 2.6820 2.7390 3.4481 2.3317 2.2260 3.2689 1.2404 3.1680 2.0325 2.0576 3.0802 2.3178 2.1684 1.3804 2.2978 1.8844 1.1766 2.0208 1.7523 1.4605 1.1584 1.1368 0.7714 
1.8344 3.1748 3.0462 2.3045 2.2677 2.4986 2.2040 2.2716 1.8663 2.1963 0.3379 2.1610 1.1717 1.1098 1.7496 1.8847 -2.0640 1.8090 1.5946 0.8270 0.7893 1.7361 -0.2232 1.5618 1.1539 1.3643 1.1957 1.3447 0.8865 0.6787 1.1288 0.7125 -2.7677 
2.3683 3.7223 2.5493 2.5296 2.6696 2.0902 1.9352 1.7825 1.5706 2.2487 1.8389 1.1508 1.0014 0.1199 1.1382 1.7182 1.9220 1.6488 0.9595 -0.0856 0.6482 0.6952 1.3085 1.6094 0.8046 0.9113 0.9678 0.9227 1.3151 0.9681 0.6104 1.2584 -1.6423 
4.2393 3.8636 3.4021 2.3498 2.8741 2.4155 2.3166 2.1583 2.0791 2.3227 1.8350 2.1363 1.9487 1.4629 1.8005 1.5327 1.6688 1.4358 1.6689 1.2288 1.6620 1.7211 1.3122 1.7088 1.3429 1.2824 1.3036 1.2608 1.5153 0.7341 1.4225 1.3442 0.6628 
3.7264 3.1096 1.7851 0.5595 1.6636 1.8241 1.6020 1.9661 1.9342 1.7336 1.7118 1.6594 1.3855 1.6899 1.1548 1.3871 1.0965 1.3170 0.9830 1.3915 1.1037 1.2017 1.1782 1.1193 1.2233 1.1425 0.6055 0.6662 0.2798 -1.0715 -0.1583 0.6227 0.1719 
3.2341 3.1344 2.5827 2.3092 1.8582 2.1612 2.5797 2.2562 0.8441 1.9137 1.9363 2.0794 1.7273 1.1450 1.3624 0.8499 -0.5307 0.7679 1.2189 0.8743 1.3492 1.6856 1.4222 1.2957 0.1321 1.3470 1.6277 1.0270 0.5614 0.7361 0.6615 0.7348 -0.4939 
3.7126 3.1861 2.5325 1.8348 2.2242 2.3212 0.9164 1.7445 1.5975 1.6764 1.1651 1.4317 0.6934 1.1272 0.3379 1.7512 0.4936 1.6898 0.1740 0.8407 0.3794 1.0447 0.6185 1.0467 0.8165 0.8684 -0.0432 1.1729 0.8208 0.2628 0.6305 0.6874 0.1659 
2.7179 2.9771 2.3407 2.0595 1.7418 1.2368 1.2633 1.6466 1.3436 1.4917 1.7868 1.7989 1.4880 1.2334 0.4453 1.7029 1.6981 1.6226 0.2604 0.9982 1.1659 1.3526 1.2592 0.8593 0.6208 0.7608 0.2489 0.0981 0.3702 0.4989 0.4193 0.5556 -0.8729 
3.2990 3.3551 2.8537 2.7202 2.0011 2.5743 2.1313 2.0894 1.3879 1.7031 0.8119 1.8670 1.9979 1.6658 1.7444 1.1034 1.1441 0.9962 1.5838 1.3602 1.6997 1.4349 0.2682 1.0951 0.6597 1.2266 1.1444 1.4158 0.6757 1.1410 0.9090 0.8369 -0.2121 
3.5245 2.5244 1.8961 0.5676 1.1082 -0.0547 1.7575 1.2087 1.9436 1.8156 1.4344 1.3777 1.6526 1.9140 1.9271 0.9779 -1.6213 0.8729 1.7786 1.6995 1.2807 0.9805 0.9186 1.1973 1.2291 0.3591 0.7499 -1.2614 -0.2946 -1.1168 0.0245 0.1107 -0.0279 
3.5926 3.4791 2.8546 2.3369 2.6635 1.3593 1.1142 1.4931 2.0212 1.9859 1.3480 2.1660 0.7803 1.1270 1.2267 0.6082 1.3497 0.5528 1.0988 0.8319 0.4965 1.7371 0.8225 1.3563 1.2937 0.6442 0.0889 0.1940 1.3099 0.7353 0.8813 0.9780 -0.0134 
4.3774 3.5383 3.3797 2.6691 1.8485 2.2580 2.0246 1.9447 1.3355 1.6992 2.1861 2.0168 1.7713 1.1975 1.1625 -0.0328 -1.4144 -0.1278 0.9971 0.9447 1.4126 1.6263 1.6786 1.0888 0.6071 1.1309 1.0680 1.1015 0.5496 1.1025 1.4068 1.0254 0.7831 
3.6465 3.3055 2.6720 1.8383 2.3612 2.5405 2.2845 2.0015 2.2898 2.1161 1.7119 1.6769 1.5616 1.4584 1.1595 0.6868 0.9680 0.6244 0.9825 1.2181 1.2151 1.2152 1.1698 1.4851 1.5343 1.1757 1.2553 1.3957 1.0391 0.2821 0.7617 0.8545 0.0532 
3.6202 3.2740 2.9381 0.7654 2.1709 2.0430 1.1170 2.3838 1.3556 2.0999 1.8742 1.8208 1.4700 1.9242 1.7045 0.2791 0.7899 0.1899 1.5074 1.7115 1.1507 1.3800 1.3451 1.4676 0.6433 1.5302 0.1268 0.8863 0.7953 -0.6118 1.0298 0.7638 0.0941 
3.6036 3.0267 2.1123 1.4027 1.7482 1.5345 1.9048 1.5849 1.1373 1.3416 1.3654 1.2748 1.6973 0.6412 0.8278 1.5532 -1.4604 1.4519 0.6812 0.3848 1.3286 0.8468 0.8432 0.7230 0.3915 0.7010 0.9148 0.3824 0.4034 -0.1768 0.1642 0.5745 0.0700 
2.8798 3.4039 2.2974 1.7374 2.8118 1.6058 2.4120 1.8617 1.3922 1.6716 1.8065 2.0803 1.7812 1.7636 1.8412 1.8936 -0.8015 1.8139 1.7062 1.5065 1.4313 1.6878 1.2849 1.0439 0.6823 1.0396 1.3987 0.4176 1.4232 0.1905 0.3388 0.9295 -0.9168 
3.4810 3.1210 2.4780 2.1284 1.6764 1.2902 1.2176 0.8422 1.2335 1.2052 1.2450 -0.0523 1.1230 1.2359 -0.1659 1.3090 -0.0492 1.2293 -0.3732 1.0014 0.7538 -0.5303 0.7188 0.5898 0.5396 0.0148 0.2149 0.1319 0.2620 0.5370 0.5736 0.6461 -0.0103 
4.0417 2.9637 1.1020 2.0979 2.3326 2.2776 1.5078 1.7396 2.0300 0.7034 1.6347 1.7667 0.9813 1.7206 1.9444 1.9162 1.1139 1.8360 1.8044 1.4447 0.6319 1.3197 1.1110 0.0515 1.2940 0.8776 0.5421 1.1140 1.0053 0.5586 -0.5987 0.5791 0.4356 
4.2123 3.6965 2.8153 2.9136 2.7083 2.6074 2.4226 1.4833 2.2935 2.3566 2.3990 1.4654 2.2473 2.2717 1.5598 1.3565 1.1654 1.2846 1.3598 1.9756 1.8704 1.0733 1.8723 1.7407 1.5475 0.6463 1.4122 1.4553 1.3429 1.3162 0.8455 1.2055 0.6449 
4.1758 3.0130 2.3452 1.4619 2.3016 1.9058 2.3844 1.3954 1.1063 1.5636 2.2957 1.8834 2.0122 1.1746 1.5508 1.6878 1.8841 1.5890 1.3581 0.9128 1.7104 1.4511 1.7618 0.9341 0.3373 0.5683 1.3733 0.7484 0.9330 -0.1406 0.3921 0.4431 0.5798 
2.1366 3.3034 2.8924 2.9420 2.3562 2.9789 1.7653 1.2869 1.8466 2.1840 2.3005 2.0158 1.5139 2.2465 1.9252 1.8189 0.3006 1.7484 1.7778 1.9405 1.1914 1.6261 1.7646 1.5503 1.1379 0.4594 0.7320 1.8250 1.0302 1.3443 0.9911 0.8285 -1.7218 
4.1937 3.5618 2.5012 2.8517 2.3060 2.1777 2.1130 1.3824 2.0721 1.6636 1.4776 2.1087 2.0320 0.3466 1.4681 1.2685 1.8286 1.2002 1.3022 0.0771 1.7223 1.7043 0.9745 1.0220 1.3339 0.5701 1.1333 1.0234 0.9366 1.2343 0.5921 1.0780 0.6341 
2.8831 3.0004 1.9906 1.1294 1.7534 1.4284 1.5359 1.8639 1.9122 1.2342 0.6589 0.5995 1.5170 1.7930 1.5047 1.3621 0.8067 1.2892 1.3340 1.5494 1.1936 0.1775 0.1268 0.6051 1.1892 1.0473 0.5672 0.2710 0.3973 -0.4283 0.0425 0.5859 -0.8388 
4.0331 3.5486 2.9042 2.0922 2.0129 2.1891 2.3276 1.5539 1.8477 1.8244 1.0564 1.4498 1.7791 1.7051 1.1699 1.4417 1.8171 1.3553 1.0158 1.4121 1.4248 1.0618 0.5499 1.2067 1.1345 0.6795 1.3200 1.0292 0.6927 0.5302 0.9693 1.0743 0.4707 
4.1113 3.3332 2.5451 0.6173 1.7045 1.8520 1.2952 1.1830 0.6597 1.5587 -0.0537 1.1403 1.3178 1.3316 1.1152 -0.0073 -2.1394 -0.0618 0.9198 1.1171 0.9984 0.6847 -0.5526 0.9231 -0.0579 0.3170 0.2947 0.6958 0.3181 -0.8994 0.6373 0.8048 0.5574 
2.1015 3.2123 2.4501 2.4559 2.4797 2.4778 2.5365 2.0544 1.9635 1.9665 0.9348 1.7493 0.3644 1.7997 1.5266 0.6941 1.3528 0.6398 1.3452 1.5581 0.0396 1.3061 0.4533 1.3468 1.2502 1.2024 1.5684 1.3260 1.1615 0.8779 0.5887 0.7651 -2.2834 
3.8124 2.7827 2.3486 2.2234 1.6831 0.9400 1.7379 1.6917 0.5446 -1.0332 1.2545 1.2141 0.9738 1.3881 0.8836 0.1772 0.0708 0.1000 0.7218 1.1685 0.6347 0.7711 0.7282 -1.6733 -0.2085 0.7826 0.7207 -0.1823 0.2862 0.6174 0.4338 0.1949 0.2033 
3.5592 3.7844 1.0468 2.7533 2.7003 2.3206 1.9884 1.3847 1.3184 1.8034 0.6836 0.8067 1.7275 0.6270 1.2650 1.2655 1.6802 1.1940 1.1276 0.3681 1.3545 0.4258 0.1462 1.1874 0.6022 0.5617 1.0240 1.1630 1.3390 1.1714 -1.2167 1.2945 0.0761 
4.2874 4.0223 3.8014 2.9224 2.0565 2.6304 1.4729 2.2111 2.3524 2.2160 1.2834 1.2506 1.9198 1.9885 1.6743 0.4486 1.0401 0.3503 1.4624 1.7630 1.6106 0.8044 0.7540 1.5716 1.6395 1.3190 0.5344 1.4770 0.7163 1.3085 1.8649 1.4930 0.6261 
4.3567 3.5386 2.5074 3.3642 2.9099 2.0671 2.4054 1.8245 1.9701 1.0196 1.8576 1.5799 2.1240 1.6997 2.0805 1.7472 1.6516 1.6822 1.9142 1.4133 1.7852 1.1524 1.3415 0.4201 1.2494 0.9775 1.4049 0.8873 1.5709 1.7651 0.6239 1.0373 0.7639 
3.1345 3.8267 3.6736 3.6269 2.9160 2.5076 2.3537 2.1052 2.0003 1.3937 1.4252 1.8654 0.7950 1.5896 0.6206 0.3918 0.7290 0.2813 0.4749 1.3142 0.5227 1.4276 0.9113 0.7715 1.2685 1.2443 1.3399 1.3525 1.5772 2.0338 1.7695 1.3422 -0.3734 
2.9098 3.8127 2.0047 3.6779 3.4228 3.2770 2.9430 2.5374 2.0472 1.7319 2.1854 2.5136 2.3438 2.1644 1.8651 1.7979 1.5734 1.7293 1.7252 1.8925 1.9837 2.1121 1.6799 1.1182 1.3092 1.7196 1.9266 2.1197 2.0407 2.1141 0.1154 1.3274 -0.3587 
0.8247 3.8313 2.9028 2.7574 1.9455 1.5716 0.5800 1.3855 1.4170 0.8202 0.2987 1.2354 1.3510 1.1717 1.3906 0.5070 0.8975 0.3922 1.2413 0.9102 1.0562 0.7913 -0.2015 0.1937 0.6919 0.5641 -0.4672 0.4444 0.6162 1.1657 0.9442 1.3469 -2.2479 
4.4442 4.0048 3.6192 3.6607 3.4199 2.8786 2.5326 2.4794 2.1980 1.9067 0.2321 1.2831 1.4083 1.8872 1.2330 1.3568 1.0436 1.2845 1.1068 1.6789 1.1151 0.8490 -0.2987 1.2810 1.4188 1.6602 1.5745 1.7183 2.0328 2.0796 1.7359 1.4453 0.8464 
3.9358 3.8870 3.7685 3.2845 2.6110 2.0879 1.6762 1.2534 1.5375 -1.3336 1.1044 1.2767 1.3936 1.8438 1.9825 1.4460 1.0868 1.3547 1.8307 1.6232 1.1121 0.8407 0.5618 -2.0401 0.7818 0.4156 0.6462 0.9213 1.2666 1.7093 1.8424 1.4021 0.4406 
3.5120 3.8276 2.7785 3.2633 1.6997 2.2284 1.5200 1.8392 1.6428 1.6975 1.5735 1.9851 1.7017 1.3459 1.2606 1.6218 1.6672 1.5183 1.1236 1.1334 1.3367 1.5911 1.0878 1.0654 0.8692 1.0084 0.5293 1.0887 0.3099 1.6964 0.8137 1.3370 -0.1177 
4.0116 2.9272 1.8992 1.1769 2.3648 2.6958 2.1781 2.2920 1.7634 1.7624 0.5650 1.7373 1.8051 1.7165 1.3069 1.7414 0.8307 1.6806 1.1617 1.4348 1.4597 1.2938 0.0268 1.1456 1.0455 1.3934 1.1767 1.5424 1.0520 -0.4516 0.0064 0.4198 0.4382 
3.8058 4.0542 3.1936 2.4580 2.5008 1.9336 2.0212 1.8017 2.1474 2.2766 1.9986 1.8840 1.7834 1.6858 1.3480 0.8116 -0.3148 0.7489 1.1970 1.3880 1.4333 1.4534 1.4857 1.6599 1.3831 0.9464 1.0618 0.7778 1.1791 0.8513 1.2456 1.5511 0.0699 
4.6032 4.1685 3.6302 2.2179 2.5942 2.3991 2.3890 1.4485 2.2925 2.0814 1.8903 1.3823 1.0322 1.7132 0.5250 1.3235 1.3174 1.2472 0.3227 1.4289 0.6709 0.9829 1.3553 1.4491 1.5440 0.6153 1.3766 1.2455 1.2517 0.5959 1.7125 1.6871 0.9235 
1.1537 3.2959 2.4934 2.2849 1.2743 1.8609 1.7454 1.3359 1.4312 1.0165 1.3025 0.7060 0.7425 1.2172 0.7994 1.2069 0.8933 1.1430 0.6512 0.9717 0.4335 0.2789 0.7704 0.3819 0.7022 0.5221 0.7386 0.7046 -0.0399 0.6792 0.5668 0.7943 -1.5120 
3.9919 3.9687 2.3388 2.1056 1.7893 1.0899 1.1234 1.3424 1.9537 1.3678 1.7996 1.5006 1.7045 1.7352 0.6717 0.8799 0.2554 0.7807 0.5417 1.4608 1.3399 1.1078 1.2727 0.7556 1.2363 0.5240 0.1045 -0.0594 0.4434 0.5345 0.3442 1.4262 0.3854 
4.5766 3.7678 2.8844 2.0821 1.5119 2.3340 1.7292 1.1119 1.2493 0.8609 1.5281 1.3554 0.6940 -0.0509 1.3880 1.5385 1.1377 1.4363 1.2383 -0.3862 0.3753 0.9516 1.0193 0.2268 0.5422 0.2014 0.7062 1.1754 0.1174 0.5359 0.9307 1.2488 0.9763 
2.9180 3.5177 3.4351 2.4149 2.5153 2.5287 2.3566 2.4532 1.4053 1.9518 2.0122 1.7563 1.1693 0.9373 0.4960 0.2269 1.0842 0.1475 0.2929 0.6846 0.7986 1.3113 1.5003 1.3370 0.6708 1.6267 1.3430 1.3777 1.1956 0.8149 1.4704 1.0842 -0.7397 
3.6606 3.3073 2.9589 2.3811 0.6160 1.7665 1.9075 1.5731 1.1871 1.5237 1.4183 0.7199 1.3452 1.6873 -0.4645 1.0924 1.2343 0.9874 -0.5957 1.3882 1.0479 0.2827 0.9020 0.8965 0.4823 0.7038 0.9021 0.6137 -0.8089 0.7698 1.0632 0.7799 0.1749 
3.5946 3.6688 3.0362 3.0888 2.8079 2.6632 2.3146 2.3414 2.0620 2.2414 1.9885 1.7444 1.6432 1.5872 1.5749 1.6099 1.9059 1.5096 1.3743 1.3197 1.2700 1.2955 1.4776 1.6010 1.3208 1.4713 1.2989 1.5062 1.4142 1.5175 1.1307 1.2118 0.1461 
4.2473 3.9361 2.9207 3.0122 2.9268 2.1919 2.2562 1.9007 2.3953 2.2799 1.9036 1.1750 1.1666 1.3613 1.9922 1.8097 0.6197 1.7397 1.8396 1.1514 0.8043 0.7335 1.3605 1.6651 1.6938 1.0706 1.2301 1.0188 1.5948 1.4095 1.0341 1.3875 0.6964 
4.0791 3.2523 2.6417 2.9690 2.7256 1.7933 1.5812 1.2667 1.6981 1.3357 1.6840 1.4054 0.5487 1.2788 0.6140 1.7299 1.9590 1.6688 0.4782 1.0606 0.1870 1.0064 1.1459 0.7179 0.9392 0.4346 0.5891 0.6460 1.3502 1.3578 0.7279 0.6986 0.5055 
2.3215 3.0465 3.1169 1.7592 1.8211 1.5970 1.2208 1.7654 1.5348 0.6712 1.4951 1.3155 0.9262 0.7316 1.0983 1.6688 1.9153 1.5658 0.8961 0.5171 0.5901 0.8868 0.9959 0.0429 0.7748 0.8920 0.2361 0.4194 0.5346 0.1935 1.1963 0.6320 -1.4356 
3.7160 3.6593 3.1058 1.4769 1.7356 2.1848 2.2245 1.9992 1.0520 0.5716 1.1665 1.2679 0.4609 0.9248 0.7721 1.1581 0.6615 1.1006 0.6243 0.6705 0.0879 0.8320 0.6283 -0.0480 0.2897 1.1637 1.1999 1.0370 0.3849 -0.1369 1.1907 1.1912 0.1617 
3.5692 3.1912 2.6561 2.2894 1.8080 0.5941 0.7209 1.9253 1.6697 2.0252 1.4737 1.5127 0.8264 0.2279 1.4265 1.1245 1.5718 1.0392 1.2720 0.0036 0.5364 1.1136 0.9654 1.3929 0.8946 1.1125 -0.2971 -0.5429 0.4869 0.6676 0.7192 0.7053 0.0541 
3.1065 3.6631 2.8725 2.4199 2.0469 2.3666 1.7571 1.8466 1.9993 1.1242 1.5613 2.1387 1.7680 1.4285 1.4770 1.4472 1.2466 1.3568 1.3095 1.2029 1.4034 1.7214 1.0668 0.4904 1.2739 1.0063 0.7467 1.2161 0.6841 0.8469 0.8829 1.2086 -0.4481 
2.3618 2.4817 3.1240 2.5889 2.0078 2.1063 0.8600 0.8438 0.7741 1.5552 1.7579 2.0454 1.9053 1.5955 0.7634 1.4372 1.3363 1.3513 0.6224 1.3208 1.5922 1.6624 1.2307 0.9204 0.0636 0.0113 -0.1117 0.9573 0.6664 1.0108 1.2205 0.0548 -1.2252 
1.7445 3.4739 2.7565 2.6924 2.0837 1.8743 1.5291 1.8322 0.6850 1.3916 0.9209 1.7774 1.8435 1.9143 2.0561 1.8821 1.6324 1.8047 1.8931 1.6990 1.5174 1.3433 0.4129 0.7730 0.0024 0.9988 0.5599 0.7016 0.7400 1.1232 0.7816 1.0192 -1.5813 
3.1802 2.9597 1.3494 2.8745 1.9228 0.7202 1.1861 2.1562 2.1953 2.0984 1.9340 2.2887 1.8304 0.3370 1.8480 1.6576 0.8899 1.5452 1.7123 0.0690 1.4877 1.8365 1.4164 1.4697 1.4230 1.2898 0.1940 -0.4980 0.5787 1.2685 -0.4289 0.5166 -0.3039 
2.5514 3.0555 2.2606 2.5207 1.7542 1.8189 0.7931 1.5676 1.6468 0.9443 1.4276 0.7861 0.8031 0.6767 0.2557 1.3090 1.1863 1.2351 0.1106 0.4604 0.5202 0.3976 0.9179 0.3101 0.8649 0.6998 -0.1898 0.6598 0.4046 0.9495 0.2615 0.5773 -1.5331 
2.8354 3.2172 2.8287 1.9322 1.2346 1.9010 1.8863 1.9644 2.2973 1.2612 2.2887 2.0872 1.7375 1.5915 1.7030 1.8347 1.7094 1.7623 1.5169 1.3122 1.3695 1.6883 1.7550 0.6500 1.5494 1.1468 0.8984 0.7517 -0.0467 0.3318 0.8643 0.7392 -0.6980 
4.0586 3.1211 2.4472 2.1637 2.2659 1.7753 1.8573 0.9852 1.4386 0.9339 0.9573 1.7027 1.4185 1.0656 1.4064 1.1464 1.0929 1.0869 1.2561 0.7678 1.1227 1.2495 0.4415 0.3127 0.7091 0.0975 0.8543 0.6310 0.8721 0.5804 0.5625 0.6162 0.5229 
1.1824 2.9553 2.4211 2.2775 2.1352 2.4528 1.2804 2.3904 1.9964 1.9375 1.0464 1.6823 0.7492 1.2035 0.5922 1.3492 -0.0008 1.2783 0.4323 0.9500 0.4453 1.2200 0.5292 1.3247 1.2700 1.5415 0.2673 1.3018 0.7673 0.6690 0.5503 0.5273 -2.8107 
