6.8953 6.4685 5.4837 5.2555 4.7419 4.5574 4.4422 4.6315 4.4683 4.4400 4.1804 4.3048 4.1032 4.0626 3.8627 3.8131 3.8266 3.7412 3.7190 3.8006 3.7499 3.8932 3.6778 3.8420 3.7772 3.7926 3.5422 3.4685 3.4673 3.7263 3.6868 4.1356 3.5559 
7.1063 6.9140 6.3045 5.9204 5.6122 5.4405 5.2745 5.2339 5.0669 4.9431 4.8498 4.8130 4.7389 4.7247 4.7313 4.6861 4.4895 4.5940 4.5723 4.4639 4.3906 4.3930 4.3552 4.3608 4.3619 4.3746 4.3131 4.3481 4.3331 4.4025 4.4337 4.5410 3.7352 
5.9718 6.4462 5.7074 5.4191 5.1803 5.1085 4.8499 4.7082 4.6072 4.5756 4.4336 4.3644 4.1647 4.2896 4.2229 4.2226 4.1538 4.1622 4.0863 4.0835 3.8158 3.9715 3.9485 3.9726 3.8799 3.8580 3.9012 4.0174 3.8653 3.9120 3.8441 4.1349 2.5750 
6.5490 6.1331 5.3197 4.9491 4.5699 4.7311 4.2971 3.7936 3.2630 3.9434 3.7980 3.6920 3.7762 3.7125 3.9202 3.6420 3.5787 3.5847 3.7668 3.4950 3.4734 3.2744 3.2900 3.3460 2.5853 3.0167 3.3405 3.6396 3.2701 3.4691 3.5108 3.8067 3.2096 
7.3613 6.7865 5.7247 5.0503 4.7853 4.4861 4.1437 3.8381 3.7704 3.6896 3.6667 3.7078 3.5566 3.8165 3.6078 3.3245 2.0855 3.2545 3.4262 3.6142 3.2035 3.2861 3.1666 3.1043 3.0963 3.0661 3.1708 3.3888 3.5335 3.5797 3.8484 4.3730 3.9676 
7.2746 6.8845 6.0106 5.4665 5.0984 5.0123 4.6604 4.6665 4.7262 4.6386 4.5198 4.3016 4.3830 4.2811 4.1734 4.1501 4.0277 4.0676 4.0063 4.0682 4.1179 3.8890 4.0380 4.0349 4.0281 3.8144 3.6917 3.9187 3.8114 3.9802 4.2077 4.4836 3.8983 
7.1050 6.8155 5.8610 5.3338 5.0748 4.8003 4.8166 4.7186 4.5285 4.4875 4.3603 4.2487 4.4119 4.1705 4.2079 4.1516 4.1606 4.0719 4.0615 3.9060 4.1397 3.8271 3.8579 3.8903 3.8185 3.8739 3.8680 3.7084 3.7941 3.8150 4.0504 4.4136 3.7878 
7.4726 7.5347 6.7175 6.3550 6.0706 5.9291 5.8090 5.6419 5.5018 5.4623 5.3907 5.3540 5.3009 5.1926 5.1488 5.1632 5.0232 5.0643 4.9600 4.9141 4.9582 4.9333 4.8954 4.8808 4.8211 4.8222 4.8447 4.8377 4.8107 4.8279 4.8868 5.2205 4.1412 
7.5032 7.5090 6.8960 6.5129 6.3205 6.0893 5.9342 5.8438 5.7731 5.6425 5.5856 5.4939 5.4429 5.3925 5.3801 5.3486 5.3206 5.2841 5.2511 5.1894 5.1482 5.1180 5.1040 5.0421 5.0406 5.0156 4.9850 4.9982 5.0050 5.0060 5.0494 5.1777 4.1471 
7.3760 7.4504 6.8178 6.4234 6.1830 6.0014 5.8385 5.7686 5.6641 5.5767 5.4224 5.3884 5.3183 5.3302 5.2781 5.2368 5.2227 5.1484 5.1183 5.0989 4.9828 4.9751 4.9171 4.9785 4.9411 4.9115 4.8814 4.9087 4.8995 4.9083 4.9538 5.0848 3.9622 
6.9260 7.2937 6.5452 6.1947 5.9647 5.8058 5.5580 5.4358 5.3540 5.3182 5.2371 5.1791 5.1294 5.0459 4.9470 4.9255 4.9802 4.8618 4.8071 4.8121 4.7984 4.7580 4.7290 4.7367 4.6884 4.6653 4.6577 4.7122 4.7164 4.7061 4.7377 4.9222 3.5530 
4.4339 6.6076 5.9780 5.5863 5.3018 5.2204 5.0277 5.0265 4.8697 4.7468 4.7740 4.6742 4.5744 4.4851 4.4437 4.3662 4.4400 4.2970 4.2963 4.2546 4.2458 4.2374 4.2734 4.1669 4.1921 4.2268 4.1307 4.1291 4.0342 4.1224 4.1787 4.2936 1.0025 
6.3784 6.9297 6.3425 5.9433 5.6645 5.4861 5.3845 5.3146 5.1561 4.9560 4.9721 4.8076 4.7978 4.7538 4.8067 4.7600 4.6625 4.6999 4.6833 4.5082 4.4722 4.3858 4.4873 4.3669 4.4268 4.4944 4.4342 4.3962 4.3663 4.4298 4.4867 4.5918 2.9306 
6.4669 6.8623 5.9738 5.5798 5.2340 5.1484 5.1293 4.9727 4.8480 4.8035 4.6108 4.5254 4.5157 4.6074 4.4271 4.4360 4.3480 4.3622 4.2818 4.3467 4.2080 4.1473 4.1299 4.2188 4.1758 4.1888 4.1890 4.0610 3.9224 4.1123 4.1748 4.4765 3.1406 
5.9601 6.1444 5.2859 4.9089 4.5546 4.3281 4.2743 4.1103 3.9674 4.1463 3.8731 3.3236 3.8659 3.7395 3.7214 3.5105 3.8099 3.4145 3.5950 3.5338 3.5933 2.9565 3.3829 3.5600 3.2667 3.2588 3.3222 3.2423 3.2591 3.4168 3.4576 3.7959 2.6616 
5.7866 5.7823 5.4043 4.9318 4.7651 4.6129 4.7487 4.4294 4.3231 4.1182 3.9266 4.0946 3.7248 3.5388 3.5710 3.7182 3.5284 3.6523 3.3726 3.2691 3.4035 3.6681 3.4456 3.5112 3.6438 3.6453 3.7919 3.5281 3.5017 3.4574 3.6075 3.3993 2.3362 
3.7321 5.4527 4.8232 4.3241 3.1930 3.2856 4.1535 2.9470 3.6613 1.9962 2.6415 3.0790 3.1578 3.2785 2.6091 2.4307 2.4915 2.3159 2.4897 3.0822 2.8344 2.6528 2.1436 1.4287 2.9847 2.1173 3.1847 2.1832 1.9316 2.7966 2.9974 3.1155 1.2461 
6.5210 5.8293 5.3216 5.1000 4.8728 4.7152 4.5229 4.3440 4.2963 4.0917 3.8218 3.8473 3.7940 3.9186 3.6878 3.6226 3.8295 3.5552 3.5596 3.6933 3.4989 3.4708 3.3281 3.4839 3.6239 3.5741 3.6053 3.6227 3.6253 3.6157 3.5318 3.4321 3.1675 
6.0632 6.9518 6.2950 5.8837 5.7050 5.5042 5.4021 5.2751 5.1943 5.1361 5.0219 4.9151 4.8131 4.7605 4.7785 4.7753 4.7131 4.7134 4.6490 4.5179 4.4922 4.5269 4.5393 4.5330 4.4613 4.4358 4.4565 4.4121 4.3960 4.3650 4.4277 4.6326 2.6455 
7.3844 6.9225 5.5885 5.1719 5.0163 4.6783 4.4625 4.3037 4.1276 3.7957 3.9513 3.6611 3.1888 3.4390 3.1278 3.8729 3.8021 3.8064 3.0123 3.1958 2.8779 3.2348 3.4657 3.2030 3.3875 3.5113 3.5523 3.5849 3.7432 3.6570 3.7433 4.5468 4.0205 
7.0401 6.7015 5.7868 5.4592 5.0147 4.9841 4.7940 4.5310 4.6961 4.5634 4.3464 4.2086 4.1631 3.9853 4.0650 4.0645 4.2307 3.9676 3.8747 3.7424 3.8151 3.7906 3.8368 3.9609 3.9767 3.7199 3.8278 3.8966 3.7444 3.9675 3.9393 4.3324 3.7116 
6.5293 6.4059 5.7707 5.5289 5.1933 4.9912 4.8849 4.6540 4.6266 4.4415 4.4188 4.1613 4.1621 4.2479 4.2290 4.0285 4.2173 3.9332 4.0964 4.0222 3.8142 3.7328 3.9314 3.8458 3.8942 3.8063 3.9441 3.8975 3.8763 4.0509 3.8957 4.0522 3.1088 
6.6377 6.7844 5.9310 5.6499 5.3952 5.1279 5.1443 4.9408 4.8429 4.7350 4.7693 4.6282 4.5936 4.5778 4.3780 4.3764 4.3504 4.3130 4.2417 4.3245 4.2587 4.2081 4.2687 4.1550 4.1707 4.1663 4.1983 4.0350 4.1517 4.1584 4.1373 4.3974 3.2388 
7.1975 6.6319 5.4856 5.0298 4.8357 4.7361 4.4380 4.1492 4.1782 3.8713 3.9633 3.6383 3.9431 3.8873 3.8840 3.6615 3.6381 3.6018 3.7376 3.6716 3.6425 3.2197 3.4803 3.2777 3.4757 3.2948 3.5277 3.6436 3.5969 3.5565 3.6768 4.2645 3.8221 
7.5721 7.0631 6.3129 5.8854 5.6831 5.4670 5.2460 5.1871 5.0797 4.9840 4.8594 4.8279 4.7530 4.7561 4.7170 4.6514 4.6008 4.5499 4.5484 4.5111 4.4104 4.4113 4.3617 4.3879 4.3675 4.3435 4.2766 4.3747 4.3758 4.3659 4.4364 4.7105 4.1982 
7.0964 6.9404 5.8176 4.9141 4.2094 4.0314 3.6646 3.7987 3.2685 3.4460 2.9187 3.0900 2.2931 2.8616 2.7321 3.0603 3.3701 2.9487 2.5764 2.6028 1.9500 2.6326 2.3923 2.8039 2.5424 2.9781 2.6553 2.8692 2.8507 3.3574 3.9285 4.5915 3.8156 
7.3404 6.9826 5.8788 5.4442 5.2898 5.0565 4.7486 4.7330 4.4858 4.3438 4.3773 4.1952 4.1786 3.9747 4.2633 4.1496 4.0148 4.0644 4.1402 3.7364 3.8258 3.7713 3.8899 3.7533 3.7888 3.8964 3.7878 3.9615 4.0115 3.9442 4.0710 4.6467 3.9927 
6.7168 6.7852 5.9550 5.4489 5.2744 5.0688 4.8625 4.7509 4.6373 4.6494 4.4327 4.6003 4.3619 4.2512 4.2914 4.3706 4.3315 4.3063 4.1620 4.0278 4.0728 4.1929 3.9476 4.0450 3.9086 3.9212 3.9165 3.9793 3.9912 3.9425 4.1627 4.4034 3.4018 
7.1800 6.9564 5.8451 5.1603 5.0595 4.6174 4.7181 4.6916 4.4131 4.4073 4.3538 4.3034 4.1292 4.1873 4.3062 3.8336 3.7479 3.7644 4.1723 3.9334 3.7706 3.8911 3.8486 3.8199 3.7302 3.8348 3.7553 3.5334 3.7782 3.6445 4.0046 4.6109 3.8477 
7.1010 6.9080 6.1577 5.7843 5.5682 5.2752 5.1733 5.0888 4.9197 4.8377 4.7490 4.7361 4.6126 4.6670 4.3964 4.4102 4.3862 4.3428 4.2570 4.3783 4.2713 4.3136 4.2474 4.2502 4.2444 4.2719 4.2153 4.1826 4.2972 4.2533 4.3239 4.5307 3.7276 
6.4834 6.5423 5.6166 5.3137 5.0147 4.8667 4.6568 4.4138 4.4760 4.2654 4.1321 4.0822 4.0460 3.7378 3.8667 3.9482 3.9365 3.8583 3.7237 3.5271 3.7104 3.6611 3.6221 3.6792 3.7812 3.6326 3.6846 3.7706 3.7393 3.7859 3.7592 4.2098 3.2400 
6.9139 6.3497 5.4116 4.9658 4.8345 4.7510 4.6178 4.4130 4.3334 4.0715 4.1553 4.0643 4.0523 3.7042 3.8743 3.7886 3.7967 3.7149 3.7307 3.4816 3.7143 3.6511 3.6499 3.4684 3.6529 3.6339 3.6627 3.6617 3.5953 3.4962 3.6172 4.0019 3.5805 
5.6523 5.9259 5.1724 4.6060 4.1303 4.2382 3.9629 3.6938 3.9072 3.0511 3.8267 3.4413 3.7242 3.5659 2.6049 2.9082 2.7373 2.8088 2.4479 3.2762 3.4083 3.0523 3.3416 2.4397 3.2162 2.8860 3.0463 3.1505 2.8138 3.0842 3.3095 3.6115 2.3914 
5.9811 6.0063 4.0680 4.1012 2.3667 3.0457 3.5427 2.6764 2.9769 3.2335 3.0346 3.1036 2.1720 2.4779 2.9590 2.3398 0.7780 2.2784 2.7727 2.1713 1.8226 2.6653 2.5067 2.6432 2.2913 1.8949 2.5544 1.9518 0.7160 2.5375 2.0847 3.6691 2.7646 
6.3517 6.4952 5.8766 5.5262 5.2224 4.9763 4.7402 4.6214 4.6791 4.6129 4.4982 4.4813 4.3590 4.2954 4.1313 4.2271 4.0503 4.1658 3.9353 4.0903 4.0674 4.1175 4.0168 4.0083 3.9466 3.7818 3.7800 3.8821 3.8979 4.0497 4.0531 4.1782 3.0918 
6.4612 6.2295 5.7922 5.4641 5.0016 5.0941 4.7005 4.6827 4.3209 4.5053 4.5317 4.4222 4.3556 4.0587 4.1971 4.1460 4.1980 4.0607 4.0471 3.7964 4.0620 4.0508 4.0523 3.9090 3.6462 3.8224 3.7308 4.0060 3.7402 3.9783 3.9543 3.9026 3.0866 
4.9327 6.3165 5.8292 5.4278 5.2478 4.9750 4.9604 4.8307 4.8248 4.7735 4.7240 4.5030 4.3702 4.3287 4.2492 4.1479 4.2015 4.0621 4.1281 4.1317 4.0958 4.1337 4.2189 4.1910 4.1559 4.0394 4.0513 3.8847 3.9439 3.9239 3.9976 3.9479 1.7957 
4.4645 6.0741 4.9663 4.7303 4.5167 3.8577 3.8717 3.7519 3.2180 2.5789 3.6199 3.7373 3.3606 3.2313 2.6644 3.2342 3.4278 3.1589 2.5347 3.0394 3.0746 3.3177 3.1052 2.0005 2.5375 2.9553 2.9450 2.7481 3.2151 3.1687 3.0995 3.7294 2.0242 
6.2538 5.9868 5.1806 5.0583 4.6757 3.0709 3.1296 3.7802 3.6137 3.8236 3.7262 3.3594 3.6244 3.3986 3.6387 3.7192 3.6910 3.6537 3.4869 3.1658 3.2748 2.9926 3.2295 3.2489 2.9101 3.0002 2.1930 1.9842 3.3390 3.5898 3.3155 3.6449 2.8897 
6.9295 6.3637 5.3890 4.7898 4.8304 4.5781 4.5550 4.3398 4.1477 4.2759 4.2146 4.1665 4.0610 4.0773 3.9141 3.8605 3.6910 3.7922 3.7629 3.8117 3.7218 3.7386 3.7127 3.6903 3.4266 3.5675 3.6246 3.4873 3.5903 3.2739 3.5891 3.9618 3.5596 
6.7973 6.1697 5.2104 4.7929 4.3200 4.3617 3.5276 3.3908 3.3370 3.2747 3.4052 1.9887 3.3201 2.4374 2.9830 2.2921 1.0308 2.2121 2.7892 2.1679 3.0443 1.5551 2.9200 2.6930 2.6499 2.5875 2.5634 3.2661 3.0617 3.2689 3.3460 3.8080 3.4454 
6.5368 6.3828 5.5541 4.9426 4.5626 4.7566 4.4195 4.3384 4.3695 4.2242 4.1050 4.1045 4.1586 3.7153 3.7355 3.8469 2.6715 3.7810 3.6081 3.4940 3.8118 3.6754 3.6049 3.6408 3.6915 3.5641 3.5052 3.6633 3.2662 3.4454 3.7175 4.0369 3.2458 
6.4863 6.0473 5.3987 4.7628 4.6931 4.6881 4.4825 4.1588 4.0342 3.6301 3.6373 3.8636 3.6314 3.6766 3.4063 3.5139 3.5410 3.4156 3.2494 3.4391 3.2784 3.4882 3.1312 3.0509 3.3113 3.3113 3.5824 3.5945 3.3789 3.2332 3.5794 3.6799 2.9741 
6.5835 6.5611 5.5380 5.1375 4.8616 4.3578 4.6447 4.4289 4.3968 4.1337 4.1626 3.8260 3.7134 3.8997 3.8312 3.6619 3.5919 3.6031 3.6956 3.6784 3.3866 3.4425 3.6551 3.5323 3.7153 3.6404 3.6752 3.2510 3.6059 3.6170 3.6914 4.2320 3.3419 
6.4906 6.5580 5.8732 5.3660 5.2058 5.0455 4.5700 4.6797 4.6859 4.5254 4.2599 4.3673 4.1402 4.2138 4.1840 4.2025 4.1837 4.1437 4.0239 3.9709 3.7854 3.9781 3.7612 3.9237 3.9566 3.8207 3.6304 3.9490 3.8809 3.8363 4.0401 4.2345 3.2411 
7.0190 6.9936 6.3779 6.0012 5.7292 5.6318 5.4506 5.3248 5.2280 5.1490 5.0510 4.9873 4.9546 4.8943 4.8013 4.7537 4.7148 4.6943 4.6786 4.6921 4.6837 4.6182 4.5695 4.5468 4.4959 4.5097 4.5138 4.5417 4.4147 4.5013 4.5511 4.6749 3.6528 
7.2205 6.8150 5.9698 5.4857 5.2191 5.0129 5.0325 4.7537 4.6397 4.6770 4.5520 4.4651 4.3578 4.2961 4.3304 4.1811 4.1135 4.1231 4.1915 4.0941 4.0638 4.0985 4.0732 4.0752 3.9085 3.9244 4.1315 3.9232 3.8982 4.0049 4.1703 4.4038 3.8456 
6.9618 6.3371 5.3527 4.9600 4.8488 4.5503 4.3871 4.1980 4.0817 3.8470 4.0722 3.9729 4.0269 3.6855 3.8759 3.8475 3.4918 3.7811 3.7332 3.4485 3.6988 3.5974 3.5900 3.2662 3.3498 3.3669 3.4728 3.4616 3.6040 3.4969 3.5767 3.9968 3.6148 
6.1234 6.8426 6.3187 5.8822 5.7001 5.4459 5.4304 5.2261 5.1072 4.9964 4.8880 4.9193 4.9113 4.7865 4.6842 4.6690 4.6372 4.5665 4.4924 4.5563 4.6281 4.5383 4.3810 4.3993 4.3849 4.3671 4.4903 4.3536 4.3875 4.3638 4.4401 4.4543 2.5234 
5.8646 5.9094 4.8193 4.6481 4.5381 4.1175 4.1571 3.7739 3.7375 3.6845 3.7418 3.7551 3.5066 3.4721 3.6132 3.0865 2.4114 3.0214 3.4374 3.2202 3.1696 3.3422 3.2452 3.1011 3.0669 2.9930 3.1873 3.0212 3.2528 3.1225 3.0161 3.6120 2.5475 
6.8109 6.9916 6.2916 5.8422 5.5618 5.4276 5.2725 5.1872 5.1632 4.9607 4.9341 4.9096 4.8206 4.7582 4.7331 4.6385 4.5338 4.5370 4.5751 4.5143 4.5015 4.5146 4.4471 4.3694 4.4336 4.3443 4.3100 4.3362 4.2934 4.3193 4.4190 4.6770 3.3792 
6.2170 6.0151 5.6712 5.2295 5.0989 4.9337 4.8072 4.8065 4.3478 4.4563 4.3357 4.4213 4.4075 4.2043 3.8315 4.1316 4.1385 4.0345 3.6965 3.9550 4.1363 4.0497 3.8304 3.8587 3.6663 4.0036 3.8480 3.8464 3.8144 3.6970 3.8220 3.6847 2.8051 
5.2992 7.0273 6.1295 5.8165 5.4869 5.2973 5.1560 5.0668 5.0628 4.8601 4.7767 4.7962 4.7267 4.7423 4.6625 4.5394 4.5391 4.4465 4.4646 4.4899 4.3739 4.3731 4.2760 4.2720 4.3600 4.2559 4.2042 4.2028 4.2327 4.2881 4.3009 4.7184 2.1024 
6.1883 6.2066 5.4180 4.9094 4.5701 4.5860 4.2255 4.2315 4.0037 3.8678 3.8558 3.7391 3.5848 3.6572 3.5788 3.6259 2.6890 3.5623 3.3791 3.4100 3.2269 3.3219 3.3672 3.2748 3.2843 3.4120 3.2686 3.4929 3.2673 3.4036 3.6063 3.8419 2.9182 
5.8250 6.4428 5.8304 5.3550 5.2575 5.0500 4.8259 4.7867 4.6452 4.5773 4.4346 4.3644 4.4105 4.4519 4.2907 4.2727 4.2332 4.2066 4.1599 4.2308 4.1389 3.9722 3.9500 3.9747 3.9118 3.9733 3.8735 3.9555 3.9621 3.8257 3.9879 4.1282 2.1837 
6.1282 6.5409 5.8234 5.5115 5.2289 5.0188 4.9080 4.9392 4.8097 4.7640 4.6566 4.3732 4.4620 4.3173 4.3091 4.2487 4.2855 4.1850 4.1759 4.1201 4.1715 3.9930 4.1540 4.1828 4.1433 4.1669 3.9809 3.9260 3.9168 4.0335 3.9985 4.2113 2.7608 
6.1911 5.6302 4.8989 3.8160 3.0473 3.1527 3.3960 3.1409 3.2072 2.7176 3.0165 3.2646 2.1845 2.5992 2.7046 2.2355 1.9942 2.1458 2.5488 2.3665 1.8533 2.8712 2.5307 2.1327 2.5483 2.3571 2.5111 2.0112 1.8573 2.3332 3.0763 3.2157 2.6917 
6.8535 7.0083 6.2898 5.8236 5.5052 5.3457 5.2206 5.0893 4.9579 4.8748 4.8109 4.7557 4.7057 4.6725 4.5999 4.6147 4.3500 4.5158 4.4107 4.3825 4.3590 4.3372 4.3126 4.2857 4.2749 4.2705 4.2441 4.2515 4.2444 4.2937 4.4093 4.7024 3.5826 
4.0497 5.4624 4.3208 3.7693 3.6473 3.8781 3.2670 3.1115 2.5650 2.9794 3.2040 3.0380 2.7168 0.7432 2.1788 2.9198 0.7113 2.8351 2.0534 0.2549 2.3950 2.5945 2.7171 2.4068 1.9109 2.2530 2.3035 2.7893 2.4303 2.2605 2.4156 3.1391 0.4935 
6.2304 6.8108 6.0144 5.7155 5.4578 5.2795 5.0764 4.9163 4.8703 4.8318 4.6828 4.6560 4.6126 4.4896 4.3737 4.4909 4.3789 4.4022 4.2391 4.2578 4.2723 4.2257 4.1746 4.2448 4.1938 4.1476 4.1570 4.1870 4.2038 4.1997 4.2169 4.4349 2.8386 
5.5756 7.0983 6.4854 6.1369 5.9092 5.7083 5.6235 5.4655 5.3403 5.3708 5.2549 5.1977 5.1223 4.9868 4.9556 4.9082 4.9098 4.8353 4.8142 4.7685 4.7932 4.7693 4.7484 4.7853 4.6786 4.6976 4.7041 4.6180 4.6728 4.6734 4.6905 4.7770 1.8093 
6.3596 7.4645 6.7745 6.4059 6.2179 6.0060 5.8308 5.7088 5.6543 5.5315 5.4558 5.3728 5.3114 5.2783 5.2458 5.2163 5.1215 5.1136 5.0652 5.0203 4.9731 4.9560 4.9540 4.9357 4.9324 4.8723 4.8703 4.9132 4.9167 4.8898 4.9182 5.1264 2.8775 
6.3942 7.3146 6.5722 6.3070 6.0106 5.8443 5.7561 5.6260 5.4577 5.4173 5.3157 5.2705 5.2203 5.1183 5.0474 5.0339 4.9237 4.9448 4.8887 4.8660 4.8613 4.8453 4.8144 4.8289 4.7763 4.8111 4.7843 4.7520 4.7590 4.7717 4.7666 4.9419 2.7991 
4.7277 7.0549 6.3954 5.9680 5.7783 5.5903 5.4650 5.3412 5.2148 5.1635 5.0576 4.9887 4.9338 4.8854 4.8361 4.7959 4.7922 4.7319 4.7065 4.6857 4.6680 4.6189 4.5770 4.5592 4.4783 4.5315 4.5465 4.4983 4.4643 4.4572 4.5657 4.7379 2.0502 
6.6251 6.2765 5.5297 5.3257 4.8594 4.9486 4.7425 4.3389 4.4372 4.3413 4.4017 4.1936 4.1677 4.0279 4.1655 3.6828 4.0189 3.6195 3.9928 3.7762 3.8179 3.7718 3.9151 3.7541 3.7496 3.5679 3.7833 3.8586 3.6157 3.8128 3.7356 3.9389 3.2562 
7.0596 6.6712 5.6800 4.9849 4.6865 4.7391 4.6304 4.4192 3.9849 4.1658 4.2263 4.0919 3.8912 4.1461 3.6595 3.7545 3.9471 3.6860 3.5110 3.8673 3.6094 3.6669 3.7258 3.5867 3.2724 3.6360 3.6693 3.6452 3.3681 3.5003 3.8131 4.3313 3.7385 
6.9453 6.4320 5.4781 4.9392 4.7315 4.2884 4.2862 4.1495 4.1292 3.4517 3.6996 3.7261 2.7192 3.5960 3.2420 3.3444 3.1928 3.2691 3.1017 3.3139 2.4276 3.3086 3.2003 2.8477 3.3912 3.2912 3.3277 3.1883 3.4353 3.4442 3.6692 4.1024 3.6238 
7.1883 6.8025 5.7287 4.8477 3.7026 3.6505 3.9084 4.0696 3.2120 3.5875 3.3422 2.8280 2.7515 2.2932 2.7192 2.8975 2.4929 2.7791 2.5670 2.0906 2.5101 2.4165 2.8279 2.9709 2.5189 3.2173 2.9886 2.5775 2.3758 3.2907 3.8405 4.4038 3.8618 
7.0906 6.4848 5.4128 5.0490 4.7300 4.4636 4.1670 4.1797 4.2630 3.9184 3.6408 3.7094 3.9170 3.9298 3.7911 3.7010 3.5824 3.6350 3.6525 3.7017 3.6263 3.2954 3.1392 3.3167 3.5967 3.3457 3.1990 3.3707 3.4478 3.5832 3.6289 4.1461 3.7551 
7.1725 6.7205 5.6641 4.9402 4.6249 4.3969 4.2547 3.9917 3.8366 4.0040 3.8751 3.1897 3.2101 3.4813 3.4436 3.6723 3.2700 3.6111 3.2709 3.2267 2.8981 2.7729 3.3871 3.3993 3.1540 3.1680 3.2853 3.2910 3.2944 3.4302 3.8068 4.3557 3.8431 
6.7722 7.0631 6.2860 5.9328 5.6300 5.4484 5.2617 5.2210 5.1273 4.9069 4.9067 4.8360 4.7988 4.7770 4.7037 4.6295 4.4777 4.5299 4.5253 4.5421 4.4723 4.4208 4.4021 4.3172 4.4009 4.3632 4.2953 4.3524 4.3429 4.4077 4.4004 4.7411 3.5686 
6.0362 6.5016 6.0049 5.7103 5.4171 5.2354 5.1103 4.9295 4.9001 4.8413 4.7285 4.6969 4.6991 4.5741 4.5417 4.5057 4.5460 4.4156 4.3669 4.3217 4.3497 4.2660 4.2237 4.2547 4.2172 4.1588 4.1763 4.1418 4.1672 4.1936 4.1931 4.1735 2.4866 
5.0492 7.0947 6.4189 5.9792 5.7985 5.5981 5.4239 5.3210 5.2554 5.0940 5.0417 4.9893 4.8552 4.8383 4.8305 4.7663 4.7945 4.7058 4.7016 4.6321 4.5474 4.6193 4.5599 4.4931 4.5425 4.5031 4.4806 4.5054 4.4978 4.4686 4.5987 4.7692 -0.1993 
7.1503 6.7525 5.6505 5.2551 5.1331 4.7902 4.6280 4.2641 4.4288 4.3624 4.2608 4.1779 4.0851 4.1815 4.0768 4.0335 4.0795 3.9374 3.8851 3.9213 3.7391 3.7525 3.7621 3.7749 3.7434 3.4592 3.6680 3.6957 3.8239 3.7238 3.7952 4.3809 3.8236 
6.7015 7.1835 6.5516 6.1714 5.9321 5.7533 5.5773 5.4561 5.3933 5.2810 5.1955 5.1793 5.0598 5.0241 4.9871 4.9306 4.8364 4.8655 4.8396 4.7961 4.7514 4.7578 4.6976 4.7007 4.7197 4.6854 4.6760 4.6612 4.6890 4.6903 4.7431 4.8570 3.4760 
6.6359 6.8067 6.0960 5.7834 5.4604 5.3127 5.2703 5.0738 4.9072 4.8621 4.7893 4.6744 4.6550 4.6060 4.5531 4.4390 4.3582 4.3630 4.3722 4.3458 4.3011 4.2375 4.2891 4.2743 4.2234 4.2603 4.3083 4.2206 4.2075 4.2518 4.2784 4.4533 3.3031 
5.2947 7.0295 6.3904 6.0116 5.7922 5.6356 5.4621 5.3623 5.2737 5.2003 5.1159 5.0375 4.9012 4.8314 4.7573 4.7776 4.7848 4.7155 4.6148 4.6214 4.6074 4.6737 4.6379 4.5950 4.5733 4.5621 4.5387 4.5430 4.4864 4.5208 4.5534 4.7116 -0.2628 
6.4647 6.7143 6.0180 5.7445 5.4933 5.3301 5.2879 5.0323 4.9425 4.8224 4.6860 4.5622 4.6575 4.4753 4.4521 4.5052 4.4291 4.4146 4.3020 4.2481 4.3030 4.1688 4.1774 4.2360 4.2625 4.2302 4.3292 4.2384 4.2390 4.2169 4.2234 4.3729 3.1376 
5.8885 6.6361 5.8146 5.3850 5.2279 5.0018 4.8401 4.5776 4.7328 4.6457 4.7256 4.3585 4.3428 4.2796 4.3556 4.1592 4.1742 4.0827 4.2126 4.0683 4.0469 3.9548 4.2204 4.0417 4.0388 3.7473 3.8886 3.9101 3.9073 3.8684 3.9596 4.3123 2.6404 
2.7602 6.4963 5.5845 5.3389 5.0403 4.8966 4.9340 4.7299 4.5728 4.5185 4.4884 4.2160 4.2032 4.1362 4.1541 4.1273 4.0827 4.0242 3.9763 3.8522 3.8579 3.7999 4.0047 3.9190 3.8501 3.8898 4.0200 3.8080 3.7631 3.8193 3.7514 4.1805 0.7928 
5.8306 6.3783 5.6884 5.3237 4.9770 4.7755 4.6143 4.6810 4.7735 4.4802 4.2559 4.3341 4.2401 4.1789 4.1551 4.1062 3.7728 4.0034 3.9769 3.9173 3.9084 3.9291 3.7553 3.8808 4.1015 3.8224 3.6576 3.6802 3.7113 3.8023 3.8169 4.0347 2.6699 
5.2846 6.3520 5.7348 5.3438 4.9850 5.0285 4.7436 4.7597 4.6765 4.4848 4.4197 4.1823 4.2388 4.1322 4.0519 4.1709 4.1680 4.1058 3.8634 3.8455 3.9078 3.7586 3.9327 3.8860 3.9417 3.9344 3.7854 3.9371 3.7221 3.8213 3.8603 3.9944 1.5824 
5.0383 6.6093 5.7057 5.3254 4.9842 4.7505 4.6520 4.6754 4.5224 4.3470 4.4857 4.3333 4.3803 4.2103 4.2116 4.2638 4.2643 4.1982 4.0705 3.9653 4.1129 3.9279 4.0039 3.7585 3.8158 3.8177 3.6840 3.6565 3.7187 3.8050 3.8303 4.2816 1.2963 
7.2690 7.2440 6.4763 6.0865 5.8520 5.6805 5.5296 5.3860 5.3008 5.2491 5.1140 5.0853 4.9573 4.8836 4.8758 4.8339 4.8215 4.7660 4.7382 4.6844 4.6851 4.7019 4.6361 4.6684 4.6197 4.5950 4.6259 4.5896 4.5850 4.6149 4.6873 4.8866 3.8933 
6.0906 6.8995 6.2784 5.8555 5.5877 5.3819 5.1951 5.1821 5.0544 4.9173 4.8450 4.7933 4.7021 4.5568 4.6200 4.6375 4.5953 4.5378 4.4285 4.3084 4.3543 4.3710 4.3492 4.3382 4.3545 4.3408 4.2304 4.2885 4.3137 4.3407 4.4074 4.5660 2.7864 
6.7113 7.0922 6.5197 6.1866 5.9194 5.8095 5.5672 5.4623 5.3263 5.3209 5.2321 5.1733 5.0138 5.0543 4.9379 4.9035 4.9159 4.8283 4.7998 4.8182 4.7214 4.7542 4.7235 4.7383 4.6596 4.6934 4.6672 4.7164 4.6807 4.6993 4.7154 4.7565 3.2062 
7.1969 7.3503 6.5654 6.3048 6.0639 5.8559 5.7519 5.5633 5.4868 5.3985 5.3898 5.2928 5.2815 5.1490 5.0723 5.0519 5.0161 4.9616 4.9074 4.8890 4.9318 4.8730 4.8944 4.8119 4.8082 4.7671 4.7829 4.7634 4.8053 4.7749 4.7726 4.9667 3.8486 
5.4074 6.7000 5.8017 5.3028 5.2216 5.1215 4.9181 4.6574 4.6388 4.4361 4.2827 4.2912 4.4305 4.1575 4.2126 4.1435 4.1071 4.0548 4.0716 3.8853 4.1512 3.8778 3.7863 3.8404 3.9040 3.8107 3.9962 4.0301 3.8996 3.7773 3.9348 4.3526 1.6514 
6.3223 7.0526 6.4392 5.9995 5.8293 5.6273 5.4156 5.2918 5.2766 5.1262 4.9948 4.9420 4.9482 4.9007 4.8673 4.8342 4.7334 4.7659 4.7313 4.6968 4.6797 4.5658 4.5100 4.5237 4.5788 4.4605 4.4715 4.5342 4.5474 4.4931 4.6312 4.7278 2.6759 
6.7300 5.7982 5.0130 4.4838 4.2617 2.7099 3.4443 3.1903 3.6390 3.6931 3.4863 3.7095 3.5115 3.5431 3.4967 3.1163 3.2817 3.0574 3.3074 3.2719 3.1752 3.2934 3.0238 3.1149 2.9611 2.4304 2.5386 1.6240 3.0330 3.0399 3.2068 3.3627 3.3050 
7.3008 6.5388 5.5189 4.9137 4.8624 4.6986 4.1980 4.3339 4.2148 3.9077 3.8110 3.8519 3.7156 3.7128 3.5962 3.9008 3.7136 3.8209 3.4096 3.4925 3.3939 3.4759 3.3052 3.3103 3.5371 3.5620 3.2407 3.6064 3.6175 3.4296 3.7090 4.1762 3.9063 
6.7337 6.7873 5.9762 5.6206 5.2513 5.0593 4.9293 4.8612 4.7978 4.7277 4.5566 4.4173 4.3645 4.6491 4.3171 4.2087 4.3035 4.1490 4.1812 4.3685 4.0829 4.0425 4.0767 4.1477 4.1337 4.0786 4.0132 3.9664 3.9453 4.1386 4.1665 4.4225 3.4486 
6.8326 6.5068 5.6037 5.1874 5.0458 4.8897 4.8552 4.6953 4.3460 4.3966 4.1903 4.3070 4.2719 4.1622 4.2078 4.1660 4.1425 4.0974 4.0631 3.8932 3.9527 3.8985 3.6859 3.8144 3.6638 3.8387 3.9100 3.8003 3.7719 3.6660 3.7776 4.1681 3.4587 
6.3570 6.5949 5.8808 5.5405 5.3589 5.0652 4.9235 4.8471 4.6960 4.6824 4.6387 4.5719 4.4342 4.3138 4.4031 4.3262 4.3395 4.2539 4.2638 4.1162 4.1533 4.1747 4.1456 4.0865 3.9754 4.0602 4.0128 3.9715 4.1228 4.0702 4.0807 4.2656 2.9999 
7.0137 7.0646 6.1275 5.8650 5.5164 5.4303 5.3014 5.0983 4.9546 4.9784 4.9184 4.8630 4.7936 4.7536 4.7287 4.6858 4.6804 4.5938 4.5679 4.5079 4.4655 4.4539 4.4291 4.3833 4.2741 4.2779 4.3469 4.3379 4.2585 4.3487 4.3052 4.7318 3.6638 
6.4402 6.8623 5.9883 5.7383 5.4986 5.2801 5.2476 5.1311 5.0373 4.9121 4.8046 4.7109 4.7267 4.6882 4.4926 4.5955 4.4843 4.4982 4.3350 4.4074 4.3738 4.2832 4.3061 4.3277 4.3409 4.3028 4.2802 4.1876 4.2436 4.2149 4.1821 4.4748 3.0686 
6.6135 6.4812 5.8015 5.5648 5.2170 5.0114 4.8771 4.9403 4.8619 4.4928 4.3642 4.4316 4.4255 4.4294 4.3689 4.2495 4.2057 4.1838 4.2324 4.2145 4.1476 4.0627 3.8649 3.8934 4.1849 4.1678 3.9360 3.9216 3.8934 4.0945 3.9617 4.1493 3.2374 
6.4210 6.4817 5.7830 5.3421 5.1445 4.9067 4.9051 4.7634 4.4823 4.4962 4.5039 4.4233 4.4382 4.3267 4.1695 4.0128 4.1643 3.9181 3.9980 4.1306 4.1555 4.0520 4.0226 3.8983 3.7872 3.9400 3.9693 3.8158 3.8330 3.8239 3.9118 4.1574 3.0493 
5.2676 6.6020 5.7706 5.5160 5.1713 5.0554 4.8961 4.7264 4.8100 4.7069 4.5159 4.3995 4.3133 4.4013 4.4407 4.3256 4.1623 4.2529 4.2930 4.1949 4.0085 4.0223 4.0344 4.1286 4.1448 3.8861 3.9590 3.9638 3.8587 4.0398 3.8970 4.2851 2.0168 
