6.0536 4.7467 4.2262 2.5597 4.1789 3.7588 3.0992 2.8183 2.8894 1.6749 3.0147 1.9464 2.8891 2.1561 2.5697 1.7557 2.0652 1.6783 2.4097 1.8677 2.4875 1.5240 2.4513 1.0196 2.0635 1.8656 2.0350 2.5212 2.7262 0.8603 2.1442 1.8972 2.1642 
5.1589 4.2805 3.8133 2.2668 3.0718 3.6415 3.6964 3.0613 3.1859 3.1763 2.3307 0.9214 1.1124 2.6101 2.1802 1.8720 1.7470 1.7920 1.9628 2.3677 0.7107 0.4861 1.7606 2.5136 2.4222 2.1678 2.6304 2.4089 1.6636 0.4529 1.7246 1.5553 1.1778 
2.5353 0.9183 2.4195 2.4947 3.1384 3.7258 3.9891 3.0888 3.6592 3.4354 2.9077 2.5885 2.7225 2.7099 1.3233 3.2811 2.7187 3.1832 1.1478 2.4369 2.3618 2.1750 2.3289 2.7485 2.9059 2.1814 2.9317 2.4965 1.7162 0.8382 0.3161 -1.4759 -1.8838 
3.1023 2.8893 3.1674 3.6061 3.8653 4.2686 3.6744 3.1990 2.8060 1.9026 3.0972 2.9472 2.3123 2.2004 1.8160 1.3969 1.3726 1.3024 1.6738 1.8981 1.9063 2.4710 2.5289 1.2495 1.9845 2.3144 2.5919 3.0278 2.4429 1.8752 1.1158 0.3519 -1.2124 
4.8100 4.1517 2.9229 2.5303 3.0910 3.1133 2.9274 3.4876 2.8785 3.0719 3.2219 2.9789 2.6896 2.1668 1.7639 2.2089 1.6444 2.1007 1.6343 1.8789 2.3403 2.5081 2.6665 2.4053 2.0599 2.5166 1.8475 1.8823 1.6734 0.8230 0.8283 1.4032 0.9722 
5.6730 4.8389 3.8099 3.7081 3.6005 3.9126 2.7496 3.2638 3.7160 3.8475 3.4323 3.6087 3.0631 1.4609 2.4244 2.5924 2.7908 2.5161 2.2799 1.1925 2.7050 3.1379 2.8831 3.1730 2.9490 2.3654 1.6820 2.6783 2.1629 2.0034 1.7439 2.1159 1.8159 
6.0975 5.6307 4.6978 4.4498 4.3040 4.1934 4.3980 4.1470 3.5442 3.7594 3.1992 3.5736 2.8976 3.7238 3.1389 3.4040 3.0508 3.2967 2.9729 3.5010 2.5032 3.0972 2.6473 3.0938 2.7476 3.1776 3.3648 2.9551 2.8980 2.7824 2.5674 2.9681 2.2681 
6.2377 5.5425 4.6183 4.3365 3.7896 4.3500 3.9381 3.3478 2.6903 2.6837 2.9407 3.1132 3.4679 3.0227 3.5099 2.7135 3.1414 2.6067 3.2962 2.7707 3.0688 2.6527 2.3695 1.9983 1.8975 2.4170 2.8994 3.1126 2.3752 2.6210 2.5187 2.8740 2.3813 
4.6009 5.1080 4.3423 4.3510 3.9392 3.6955 3.0114 2.8972 3.7094 3.5307 3.2455 3.3359 2.1784 2.0046 3.1039 2.7168 3.1137 2.6105 2.9498 1.7676 1.7796 2.8997 2.7007 2.8734 2.9453 1.9537 1.9088 2.4550 2.4853 2.6511 2.3131 2.4654 0.8348 
6.1019 5.1180 4.6184 3.7313 4.3498 4.0465 3.7715 3.8762 3.4193 2.8523 3.0072 3.2442 1.7626 3.1825 3.1972 2.7229 2.3987 2.6146 3.0361 2.9475 1.3746 2.8231 2.4393 2.1695 2.5934 2.9765 2.7373 2.8069 2.9323 2.0006 2.5142 2.3819 2.2426 
5.2554 4.1689 2.8714 3.7071 3.7932 3.5811 3.0418 2.0188 2.8912 2.9990 3.1520 2.9590 2.8621 1.3884 2.0166 2.4875 1.8792 2.4043 1.8372 1.1244 2.4559 2.4833 2.6000 2.3402 2.0698 1.1238 1.9489 2.3391 2.3760 2.0143 0.7083 1.5514 1.3878 
5.3588 4.4137 3.8304 4.2063 4.0449 2.9651 2.9582 2.8467 3.4288 2.9353 2.3870 3.0091 2.4657 2.7495 3.0870 2.3241 2.4291 2.2553 2.9351 2.4691 2.1233 2.5307 1.8259 2.2769 2.6011 1.8895 1.8883 1.7333 2.5522 2.4828 1.7500 1.7075 1.3965 
5.3647 4.6571 4.0847 3.5633 3.6963 3.9954 3.2606 3.1826 3.7872 3.3584 2.6506 1.6437 2.2123 2.8906 1.9875 2.8884 2.8652 2.7904 1.8128 2.5702 1.8194 1.1309 2.0975 2.6690 3.0201 2.3091 2.2252 2.7626 2.2899 1.8618 1.9817 1.9214 1.5531 
6.0780 4.8408 3.4110 3.6078 3.5888 3.7176 3.0797 1.8945 3.3358 3.1385 2.7414 3.1410 2.5471 2.6095 1.9868 1.7750 2.4233 1.7087 1.8222 2.3618 2.2467 2.6955 2.1956 2.4740 2.5266 1.0027 2.0045 2.4815 2.1593 1.8928 1.3096 2.1122 2.2590 
4.1590 4.5694 3.7226 2.7607 3.8472 3.5207 3.5177 2.8991 2.9278 3.4043 2.8826 3.3718 2.0623 2.0264 1.9026 2.4151 3.0946 2.3410 1.7490 1.7615 1.7070 2.9248 2.3062 2.7192 2.1265 1.9192 2.4173 2.2765 2.4168 1.0901 1.6616 1.8884 0.0331 
4.7539 4.7786 4.4269 4.1622 1.6780 3.4998 2.3652 3.7320 3.8957 3.6144 2.5661 3.2894 2.9997 1.6558 3.0058 3.1344 2.3906 3.0475 2.8717 1.3625 2.6194 2.8770 2.0015 2.9522 3.1091 2.8607 1.3012 2.2618 0.1919 2.4276 2.3783 2.0861 0.7728 
3.4419 4.2303 3.9757 3.8979 3.9394 3.5096 3.0057 2.8967 2.9743 1.5477 3.4287 3.2980 2.3665 2.9685 2.4024 3.2056 2.0251 3.1275 2.2666 2.6912 1.9848 2.8794 2.8832 0.8469 2.2128 1.9309 1.9109 2.2723 2.4844 2.2418 1.8822 1.5904 -0.9667 
5.2682 4.7332 4.3181 3.8063 3.5577 3.5611 3.1371 3.4606 3.2979 2.8589 2.9668 3.0245 2.5713 2.2613 3.0342 2.8874 1.3627 2.7832 2.8924 1.9414 2.2635 2.5458 2.3968 2.1685 2.5074 2.5013 2.0766 2.3264 2.1100 2.1376 2.2705 1.9750 1.2726 
5.4111 4.7469 3.5254 2.9976 4.1926 3.7377 2.9272 3.0095 3.0668 2.9512 2.4967 2.1330 1.9486 2.5844 2.3135 2.9907 0.7331 2.9202 2.1311 2.3433 1.6437 1.6867 1.9179 2.2964 2.3018 2.0969 1.8291 2.4944 2.7483 1.2900 1.3928 1.9837 1.5263 
2.1207 4.1432 2.7302 3.1411 2.8399 3.5508 3.8266 3.4405 2.8668 2.9605 2.9295 2.4234 1.2812 1.7374 2.6431 2.4521 -0.8137 2.3699 2.4729 1.4614 0.9414 1.9492 2.3552 2.3056 2.0156 2.4910 2.8019 2.3142 1.3633 1.4176 0.6085 1.4313 -0.7253 
5.7543 4.8070 3.8212 3.6375 3.7516 4.1309 2.8208 3.0800 2.1342 1.3349 2.0709 2.3500 1.7360 2.5590 2.5652 1.7097 2.1344 1.6435 2.4066 2.3260 1.3471 1.8713 1.5250 0.6561 1.3080 2.1893 1.7227 2.8909 2.3335 1.9060 1.7711 2.0638 1.9006 
3.8075 4.9376 4.3800 3.5510 3.0569 3.9097 3.1272 3.2637 2.8915 3.1397 2.9583 2.4925 2.0688 2.6289 1.9313 1.7930 1.9938 1.7114 1.7666 2.3747 1.7202 2.0305 2.3851 2.4779 2.0777 2.3569 2.0505 2.6756 1.6340 1.8200 2.3307 2.3171 0.0051 
5.1373 4.2772 3.2021 3.6269 3.9784 3.9637 4.0097 3.2469 1.9905 2.8807 3.5167 3.1139 2.9691 2.5756 1.4400 3.0997 3.6849 3.0218 1.2587 2.3384 2.5842 2.6471 2.9450 2.1982 1.1884 2.3466 2.9418 2.7268 2.5212 1.9069 1.1583 1.6153 1.3063 
3.4581 3.7285 2.8378 3.9757 4.1382 3.0919 2.9126 2.9438 2.8879 2.3376 3.0344 3.1177 1.9115 2.6815 1.4239 1.2724 0.7794 1.1881 1.2435 2.4174 1.6066 2.6541 2.4790 1.6837 2.0752 1.9900 1.8033 1.8479 2.6503 2.2989 0.8264 1.0876 -0.1325 
4.5909 4.5694 4.0877 3.1700 3.0423 2.7705 3.0283 1.6988 3.1186 3.7334 3.1469 1.7856 2.5028 3.0890 2.8558 2.7971 -0.8468 2.6825 2.6299 2.8646 2.1714 1.3108 2.5831 3.0663 2.3487 0.7374 1.9391 1.5337 1.6484 1.4860 1.9447 1.8719 0.5248 
4.2635 4.2397 3.4707 3.5386 2.4548 3.2757 2.9638 2.5184 3.3734 2.9846 3.3374 3.6407 3.0659 3.1796 1.8917 3.3985 3.0161 3.2911 1.7105 2.9460 2.7167 3.1630 2.7953 2.3238 2.5567 1.6531 1.8710 2.0361 1.0361 1.8123 1.3792 1.6071 0.5056 
3.5202 2.9073 3.6914 3.3352 3.6423 3.5044 3.3192 2.8914 3.1511 3.4218 2.8348 2.9873 2.4051 2.5962 2.9476 3.4399 3.1438 3.3280 2.7761 2.3534 2.0352 2.5180 2.2725 2.7383 2.3888 1.9111 2.2801 2.2638 2.2427 1.6598 1.6608 0.3179 -0.4728 
4.3902 4.8318 4.1735 3.7678 3.6039 3.0499 2.7450 1.9637 3.1702 0.8925 2.4553 2.4910 1.4434 2.5319 2.8703 2.7536 1.8239 2.6461 2.6449 2.3077 1.0876 2.0347 1.8914 0.1686 2.4022 1.0815 1.6867 1.8120 2.1673 2.0759 2.0782 2.1752 0.4137 
4.8698 4.1438 3.5188 3.0632 2.3604 3.5243 1.2286 2.8872 2.5850 2.1670 1.4728 2.8949 2.7188 2.3118 2.0803 1.4303 2.0013 1.3160 1.8957 2.0141 2.3572 2.4070 0.8879 1.4900 1.8026 1.9121 0.1572 2.2894 0.9219 1.3350 1.4520 1.5230 1.0519 
5.0120 5.4480 4.5449 3.9418 3.5109 2.8865 4.0288 3.6198 3.5830 2.9908 3.2571 2.5210 3.2501 3.1428 2.8346 2.9085 2.5371 2.8231 2.6170 2.9090 2.9251 2.0906 2.7091 2.3201 2.8105 2.6989 2.9583 1.6749 2.0140 2.2646 2.4792 2.8062 1.2446 
4.0273 4.1563 2.8380 3.3315 3.1758 2.3755 3.5372 3.1338 3.6226 3.0700 3.1173 2.4834 3.1439 2.9709 2.1852 1.8965 3.0322 1.8168 1.9746 2.6927 2.8275 2.0153 2.5430 2.3992 2.8717 2.2599 2.4444 1.1389 1.7529 1.6538 0.6924 1.4944 0.3244 
4.8199 4.7213 3.2250 3.2548 3.8228 3.0518 0.5648 2.8986 2.5586 2.7040 2.3871 1.9922 2.4618 1.7543 1.9297 1.1713 2.5267 1.0991 1.7755 1.4882 2.1208 1.5734 1.8191 2.0234 1.7849 1.9287 -0.5197 1.8068 2.3918 1.6279 1.1105 2.0082 1.1264 
5.8319 4.9021 4.3701 3.8321 3.6131 3.4884 1.9620 3.2144 1.8121 2.5216 3.1118 2.8955 1.9193 2.1269 2.9694 2.9078 2.2212 2.8212 2.8117 1.8425 1.6108 2.4052 2.5416 1.8593 1.0445 2.3314 0.9211 2.2504 2.1905 2.1514 2.3191 2.2010 1.9350 
5.5585 5.0444 4.6273 4.1767 3.6378 3.4351 3.6090 2.9040 3.6768 3.7111 3.6161 3.3786 3.5081 2.1735 2.5935 2.4857 1.4433 2.3964 2.4257 1.8678 3.1059 2.9273 3.0504 3.0456 2.9184 1.9363 2.5235 2.2052 2.2097 2.4466 2.5269 2.3730 1.7152 
2.8900 4.2357 3.9927 3.5328 3.2558 3.4190 3.3954 3.7352 2.8985 2.4342 2.5426 3.2823 2.6299 2.4515 2.5174 1.4291 3.0277 1.3127 2.3564 2.2198 2.2995 2.8710 1.9900 1.7783 2.0830 2.8551 2.3352 2.1785 1.8275 1.7891 1.8984 1.6127 -0.4755 
5.0106 4.7448 4.1453 4.1484 3.5244 1.9079 2.9944 3.0224 3.0083 2.9981 2.6229 2.4130 3.0099 2.5913 2.3859 2.6009 2.9531 2.5178 2.2508 2.3435 2.6375 1.9461 2.0625 2.3357 2.2664 2.1029 1.9052 0.6953 2.0322 2.4149 2.0689 2.0873 1.2157 
4.3849 4.5679 3.8468 3.1941 3.7422 3.3067 2.9539 3.5304 2.5428 1.5904 2.8744 3.8223 3.0144 2.0209 2.9650 2.9918 1.7541 2.9195 2.8054 1.7600 2.6365 3.3997 2.3030 0.8964 1.7754 2.5652 1.8764 2.0623 2.3220 1.5046 1.7851 1.9011 0.6973 
4.3823 3.7460 3.4689 3.3886 3.2586 2.9098 2.1423 1.7436 2.6705 0.8147 2.3123 1.9055 0.4856 2.1284 2.3629 2.3211 0.9074 2.2554 2.2105 1.8475 0.0700 1.4651 1.7414 0.1241 1.8810 0.8223 1.0771 1.6690 1.8199 1.6871 1.3545 1.0979 0.5933 
4.8386 4.7861 2.9677 3.3847 2.0376 2.7710 3.2682 3.0927 3.2726 1.8139 3.0776 2.2649 1.5437 2.2787 2.2707 2.1006 2.1377 1.9955 2.0581 1.9628 1.1574 1.7640 2.5159 1.1557 2.4863 2.2117 2.2442 1.5350 0.5647 1.6866 0.7872 2.1026 1.1040 
4.6328 4.4686 3.9568 4.1069 3.3324 3.6922 2.4774 3.4288 3.5131 3.5937 3.8197 2.9128 2.5284 2.8746 2.3133 2.8596 2.6128 2.7484 2.1376 2.5433 2.2056 2.4342 3.2641 2.9370 2.6961 2.4805 1.4382 2.4519 1.9036 2.3634 1.8988 1.8126 0.7907 
4.8743 4.8226 3.8568 4.1771 3.9947 3.5021 3.2915 2.4255 2.0035 2.9501 2.9411 2.6352 1.7444 2.8619 2.4195 2.1928 1.0487 2.0783 2.2732 2.5345 1.3677 2.2218 2.3696 2.2905 1.2391 1.5038 2.2596 2.2505 2.5243 2.4498 1.8389 2.1634 1.1529 
2.4377 4.3074 2.8748 3.3530 3.8110 3.5011 2.9022 2.4184 3.4891 3.0387 1.8427 3.0148 2.7850 0.9421 1.9116 2.4393 1.1725 2.3613 1.7519 0.6102 2.3985 2.5455 1.2874 2.3612 2.6534 1.5527 1.7986 2.2511 2.3930 1.6778 0.8814 1.6949 -0.5549 
4.2076 4.4548 3.0535 3.1406 3.1452 3.7902 2.7951 3.3757 3.4938 3.0640 2.5289 2.7472 3.1466 2.7965 2.9462 1.8649 3.0173 1.7989 2.7690 2.5010 2.8337 2.3076 1.9590 2.3975 2.6586 2.4428 1.7387 2.5521 1.7366 1.4900 0.9895 1.8115 0.4749 
5.4301 4.4994 3.5482 3.2348 3.2650 3.4399 3.1637 3.1510 2.3194 3.0212 2.3810 2.8948 2.7752 3.0269 1.5956 2.3018 1.6856 2.2244 1.3918 2.7801 2.3972 2.4076 1.8116 2.3596 1.5361 2.2795 2.1266 2.1996 1.8244 1.5677 1.4752 1.8296 1.6349 
5.2153 4.3138 3.2333 2.9193 3.4362 3.6461 3.8490 3.1874 2.3713 2.5746 2.4461 2.0648 2.2223 1.3833 2.5269 2.6759 0.3041 2.5736 2.3732 1.1260 1.8257 1.6429 1.8831 1.9068 1.6154 2.3016 2.8237 2.4119 1.9602 1.2129 1.1788 1.6466 1.3681 
5.5018 5.1332 4.5972 4.1228 3.0188 3.3805 3.5581 3.7927 3.6398 3.1217 2.4571 2.9847 1.9714 2.8275 3.0303 3.0722 2.5198 2.9925 2.8895 2.5225 1.6566 2.5156 1.8949 2.4505 2.8858 2.9176 2.4742 2.1476 1.5918 2.3783 2.5117 2.4475 1.6560 
5.0713 4.3201 3.6817 3.6425 3.4866 3.8543 3.5627 2.8518 2.7696 3.1444 3.1398 2.6029 3.0915 2.4293 2.4667 2.3025 2.6650 2.2218 2.3162 2.1851 2.7468 2.1842 2.5709 2.4831 1.9439 1.8848 2.4699 2.6230 1.9832 1.9184 1.6563 1.6482 1.2327 
3.8625 4.4660 3.4949 3.0136 3.2123 3.5613 2.8964 2.8554 3.5777 2.5312 1.3768 1.6749 2.5432 2.4296 2.1769 2.0962 0.6436 1.9954 1.9583 2.1965 2.2371 1.2042 0.8309 1.8751 2.7991 1.8997 1.7992 2.3192 1.7881 1.2889 1.3328 1.8151 0.2396 
4.7533 4.9130 4.3642 3.9370 3.3600 3.2549 3.4376 2.4126 3.4770 3.1551 2.7073 2.6617 2.7408 3.5217 3.4388 3.2509 2.4639 3.1514 3.2220 3.2112 2.3837 2.2484 2.1633 2.5015 2.6446 1.5325 2.3550 2.0054 1.9048 2.2602 2.3184 2.2824 0.8831 
4.8130 4.9215 4.2561 4.1593 4.1980 3.1453 3.3813 3.4591 3.4262 3.3240 2.7888 2.8129 2.8153 3.1162 2.6896 2.9521 2.8144 2.8867 2.5060 2.8893 2.4282 2.3373 2.2529 2.6407 2.5974 2.5054 2.3195 1.8924 2.7548 2.4341 2.2169 2.2868 0.9199 
4.5014 5.1089 4.2116 4.1777 3.9883 4.2066 2.1891 3.9816 2.3865 3.5411 3.6028 2.7195 1.9754 3.6108 2.6465 3.7296 3.1361 3.6462 2.4696 3.3469 1.6507 2.2782 3.0361 2.8855 1.6040 3.0511 1.1312 2.9690 2.5318 2.4347 2.1606 2.4636 0.7019 
3.3099 3.7794 3.6666 2.7649 2.6732 3.1300 2.8903 3.5596 3.6735 3.2078 2.6817 2.5301 2.8751 3.5355 2.8210 2.4687 2.4766 2.3840 2.6027 3.2297 2.4771 2.0963 2.1356 2.5342 2.9134 2.6156 1.7828 1.8925 1.2184 1.0478 1.6250 1.1460 -0.1949 
3.4410 4.3340 3.3335 3.8940 3.8979 3.4599 3.0765 3.3601 3.7795 3.2906 3.1747 1.7412 2.2075 3.0078 1.2777 2.2703 0.2274 2.1678 1.1144 2.7504 1.8158 1.2547 2.6203 2.6119 3.0138 2.4308 1.9977 2.2268 2.4595 2.2260 1.1849 1.7038 -1.5875 
5.6742 5.3666 4.5757 4.2067 3.6498 3.3057 3.5895 3.7858 4.1690 3.5136 2.3212 2.7889 1.8939 3.1428 3.3105 2.6774 3.0783 2.5682 3.1287 2.9128 1.5467 2.3254 1.7399 2.8379 3.3729 2.9125 2.5139 2.0765 2.2338 2.4849 2.4906 2.6394 1.8384 
4.9241 4.1630 3.4385 2.1010 3.1243 3.5217 3.3300 2.4912 3.2923 3.0312 1.8763 2.5215 1.7549 2.6095 2.5875 3.1460 2.9299 3.0694 2.4268 2.3623 1.3759 2.0775 1.3015 2.3641 2.5009 1.5894 2.2880 2.2838 1.7076 0.4904 1.3443 1.4456 1.1411 
5.3957 4.8344 3.9307 3.2948 1.9001 3.0697 4.0619 4.0403 2.9624 3.1690 3.0500 2.9252 2.9470 2.4522 2.0296 2.2556 3.4791 2.1596 1.8605 2.2147 2.5522 2.4469 2.4828 2.5158 2.1715 3.0915 2.9773 1.8506 0.4322 1.6238 1.8620 2.1491 1.5803 
5.1899 5.0980 4.4681 4.0498 3.3738 3.9468 2.7645 3.7465 2.9190 3.2695 3.2246 3.7869 3.4929 2.6630 2.8911 2.9459 2.1069 2.8806 2.6784 2.3979 3.0822 3.3596 2.6774 2.6006 2.1000 2.8756 1.7044 2.7152 1.8973 2.3333 2.4292 2.4368 1.3861 
3.5239 3.9213 3.5478 3.5101 4.0343 3.5180 2.4128 2.0413 2.9897 3.7678 2.8539 1.9544 2.5773 1.6816 1.8126 3.1308 1.9134 3.0468 1.6542 1.3545 2.2669 1.5616 2.2781 3.1090 2.2509 1.1268 1.3416 2.2738 2.5527 1.7914 1.5319 1.2760 -0.0201 
5.2470 5.2844 4.3821 3.1293 3.5611 3.4964 3.6200 3.4158 2.2076 3.1396 0.7732 1.7138 2.8945 3.2343 2.8012 2.3155 1.9814 2.2485 2.5814 2.9863 2.4965 1.2268 0.2784 2.4724 1.3803 2.4634 2.5359 2.2462 2.1194 1.3840 2.3259 2.5738 1.3745 
4.1607 4.3620 3.4775 2.5384 3.5008 3.1474 2.6990 3.0103 2.7666 2.2786 3.3592 3.4374 2.9073 2.4554 2.8964 2.4902 0.0592 2.4025 2.6906 2.2243 2.5109 2.9618 2.8204 1.6365 1.9403 2.1045 1.6496 1.9088 2.0216 0.8459 1.3618 1.7212 0.4270 
4.7839 3.8095 3.5858 3.1284 3.1418 2.9569 3.9461 3.9109 3.7687 2.7672 2.9048 3.0434 2.4330 2.6030 1.9087 2.0061 3.0093 1.9155 1.7649 2.3575 2.0725 2.5649 2.3349 2.0683 2.9987 3.0010 2.9077 1.7457 1.7385 1.4206 1.5893 1.2783 0.8452 
2.3943 5.0316 4.1618 4.1693 3.4326 3.6879 2.6699 3.6130 3.1094 3.1804 2.9187 2.5168 2.7342 2.3101 2.3109 2.3392 3.4586 2.2810 2.1269 2.0075 2.3707 2.0657 2.3418 2.5205 2.3328 2.6906 1.6395 2.4483 1.9431 2.4406 2.0617 2.4036 -0.6260 
5.1997 4.7040 4.0701 3.9447 3.7918 3.1232 2.7689 2.2889 2.7046 2.3298 2.4973 1.4096 1.8558 2.5789 2.9840 2.8253 2.1802 2.7121 2.8308 2.3418 1.5102 0.9990 1.9229 1.6721 1.8987 1.3314 1.7054 1.8817 2.3704 2.2675 1.9384 1.9435 1.2687 
4.2693 4.6136 3.5072 3.5405 3.2251 2.2248 3.2481 2.9918 2.8980 2.2722 2.0136 2.7372 1.5688 1.8225 2.9428 2.3635 0.6811 2.2876 2.7663 1.6006 1.1964 2.2951 1.4784 1.5917 2.0675 2.0761 2.2311 0.9641 1.8099 1.7916 1.4455 1.9224 0.5748 
5.6836 5.0604 4.1888 3.5891 2.3265 2.3391 2.8606 2.5090 2.4006 2.8913 2.7462 2.3398 2.9083 1.5348 2.5000 2.0792 2.0659 1.9693 2.3408 1.2545 2.5155 1.8725 2.2023 2.2238 1.6475 1.6329 1.7638 1.1006 0.8518 1.8637 2.1043 2.3857 1.8671 
5.2072 4.9998 4.2573 3.7838 3.7659 3.5962 3.0349 3.1231 3.1413 3.1522 2.8618 2.8824 2.3895 2.9988 3.3073 3.1512 3.0298 3.0795 3.1269 2.7431 2.0243 2.3888 2.2866 2.4926 2.3767 2.2353 1.9750 2.3475 2.3525 2.0929 2.2446 2.3457 1.4060 
5.4898 4.7539 3.3353 3.5073 2.6789 2.9465 2.9781 2.4717 2.7851 3.1595 1.0686 0.9004 1.4333 0.4475 2.0737 2.0070 1.0452 1.9095 1.8958 0.1388 1.0813 0.4218 0.5034 2.5006 1.9667 1.6067 1.8988 1.6994 1.2339 1.7719 1.2587 2.0222 1.6914 
2.5463 4.6711 4.0792 3.2604 3.3354 3.1178 2.9871 3.5219 3.6294 3.1173 2.5868 3.1691 3.0384 2.1602 2.9137 2.9754 1.9015 2.9058 2.7187 1.8664 2.6750 2.7414 2.0492 2.4439 2.8779 2.5589 1.9075 1.8751 1.8731 1.5997 1.9616 1.9901 -1.3503 
4.9980 3.8822 2.3166 2.6497 3.8913 3.3526 3.5548 2.1940 2.5282 2.3056 2.4142 2.3248 1.1897 2.9161 2.3558 2.9042 2.1403 2.8150 2.1986 2.6108 0.8441 1.8448 1.8495 1.6469 1.7575 1.2365 2.4668 2.1102 2.4449 1.0396 0.1856 1.3159 1.0710 
4.4619 4.7556 4.0987 3.6805 3.0351 3.0585 2.9736 2.4453 3.8548 3.6322 1.3505 3.2023 2.3107 2.7779 2.6434 1.8595 2.0047 1.7833 2.4637 2.4921 1.9044 2.7778 0.7209 2.9673 3.0771 1.5984 1.8981 1.8282 1.6338 1.9504 2.0070 2.0675 0.7199 
6.1809 5.5346 4.7274 4.5269 3.6896 4.1727 3.5022 3.6334 3.1869 3.2539 3.1079 3.4133 2.8813 3.0807 1.4021 2.8757 2.8170 2.7624 1.2214 2.8559 2.4741 2.9480 2.5356 2.5775 2.4110 2.7187 2.3963 2.9334 2.2813 2.8638 2.5969 2.8745 2.3429 
4.1748 4.5877 4.0555 3.7930 3.1756 2.3881 3.3259 2.7593 3.1292 2.6899 2.5554 1.0947 1.6151 2.3174 2.3931 1.3315 1.9608 1.2573 2.2504 2.0317 1.2028 0.6498 1.9940 2.0030 2.3614 1.8064 2.2827 1.1592 1.7524 2.1117 1.9484 1.9108 0.3677 
4.3319 4.1979 3.6174 3.8608 3.4509 2.9467 2.9427 2.9983 3.1032 1.7344 1.8145 2.2658 1.7145 2.7969 2.7507 1.4038 2.6954 1.2871 2.5417 2.5059 1.3257 1.7712 1.2616 1.0729 2.3313 2.0800 1.8587 1.7094 1.9557 2.1872 1.5820 1.6211 0.4774 
5.1436 3.7528 2.9257 2.9916 3.6301 2.7265 2.1737 1.9834 2.8416 2.6815 1.9837 -0.3825 1.6366 2.3177 1.5581 2.7262 2.5310 2.6277 1.3180 2.0226 1.2506 -0.8113 1.4181 1.9972 2.0209 1.0747 1.0824 1.4528 2.2174 1.3268 0.9089 1.2635 1.2356 
4.7978 4.5506 3.5772 3.9573 4.0411 3.9499 4.1413 4.1257 3.8709 3.6895 2.1524 2.6686 2.3848 2.3628 2.2860 2.8039 2.5996 2.6890 2.0894 2.1020 2.0108 2.2526 1.5979 3.0207 3.0852 3.1511 3.0444 2.7229 2.5501 2.2850 1.5196 1.9077 1.0208 
4.6714 5.1133 4.3700 3.7627 4.3573 2.2858 3.6556 2.5276 3.2973 3.6862 3.2688 3.2648 3.1368 3.1548 2.2336 2.6266 2.5088 2.5308 2.0111 2.9263 2.8087 2.8499 2.7209 3.0204 2.5131 1.6409 2.5745 0.9554 2.9376 2.0634 2.3211 2.4562 0.6726 
2.6724 4.7374 3.8913 4.1457 3.7348 2.6481 3.1453 1.7554 3.3138 2.5532 2.4030 2.9797 3.0402 1.9190 2.9614 2.6577 3.0102 2.5566 2.7976 1.6827 2.6777 2.5133 1.8442 1.8882 2.5192 0.7977 2.1096 1.3821 2.3057 2.4192 1.8256 2.0576 -0.9068 
3.9345 4.3257 2.8056 2.6425 3.9440 3.7507 3.4861 3.0753 2.8632 2.7691 2.7458 2.8330 2.7334 2.0032 0.1634 2.5313 1.7050 2.4598 -0.0150 1.7527 2.3655 2.3548 2.2063 2.0878 2.0278 2.1826 2.3841 2.5070 2.4968 0.8885 0.6593 1.6931 0.3432 
1.8851 4.7942 4.1322 3.1076 2.9044 3.4244 3.0146 3.4147 3.2804 3.7631 3.5822 3.1731 2.9243 2.3749 1.9032 1.9607 2.0130 1.8861 1.7457 2.1063 2.5253 2.7489 3.0117 3.1020 2.4943 2.4666 1.9146 2.1896 1.4101 1.4062 1.9955 2.1188 -0.6946 
4.4594 4.2250 3.4180 2.9835 3.6196 3.3636 3.2680 3.1805 2.9594 2.7289 3.3199 2.2659 1.8190 2.5312 2.0674 2.1966 0.6443 2.0839 1.8828 2.3044 1.4724 1.7662 2.7735 2.0616 2.1729 2.3064 2.2451 2.1320 2.2052 1.2763 1.2831 1.5774 0.6682 
5.9873 5.1582 4.2176 3.2887 3.6098 3.5086 3.7156 3.0081 3.3833 2.9917 2.9942 3.1434 2.9015 2.8329 3.0544 2.9248 3.1039 2.8473 2.9093 2.5236 2.5046 2.6998 2.4288 2.3315 2.5669 2.0740 2.6514 2.2695 2.1944 1.6081 2.1582 2.4431 2.1163 
4.6736 4.6079 4.0851 4.0291 2.9738 1.6111 2.8077 2.7006 3.0818 2.5502 3.2412 2.9380 2.9637 3.1663 2.3017 2.3195 1.6323 2.2550 2.1011 2.9352 2.5831 2.4537 2.6998 1.8820 2.3204 1.7810 1.7326 0.4437 1.5568 2.3138 1.9864 1.9651 0.8111 
5.8059 5.2269 4.4661 4.1128 4.2117 4.0344 3.1707 3.5183 3.7728 3.4268 3.3631 3.0466 2.6831 2.6767 2.6172 1.9519 2.3309 1.8719 2.4451 2.4147 2.3308 2.5721 2.8180 2.7426 3.0062 2.5517 2.1518 2.7917 2.7794 2.3712 2.4126 2.5123 1.9345 
4.6018 4.1605 3.0189 3.1389 1.6686 3.3015 3.3462 2.7310 2.5804 2.9672 2.4071 2.5807 2.0434 3.2277 2.5590 2.6300 2.5665 2.5349 2.3994 2.9814 1.7041 2.1606 1.8377 2.3052 1.7979 1.7918 2.3012 2.0590 0.1153 1.4019 0.9234 1.3961 0.5714 
4.8945 4.2874 3.6826 2.5381 3.4789 3.3112 3.7646 2.2700 2.9508 1.4248 2.1874 3.0600 3.2900 1.2449 1.1881 2.4085 1.8092 2.3361 1.0501 1.0266 2.9448 2.5958 1.6345 0.7797 2.1630 1.3080 2.7139 2.0884 1.9999 0.7681 1.6638 1.6421 1.1250 
5.5076 4.8091 3.7330 2.9036 4.2063 3.7665 2.6889 3.5629 3.2603 3.3317 2.7813 3.2311 2.9172 3.3068 3.3311 3.5311 2.3158 3.4460 3.1396 3.0400 2.5199 2.8105 2.2382 2.6469 2.4800 2.6109 1.6536 2.5243 2.7711 1.1278 1.6782 2.0747 1.6517 
4.8450 3.7937 1.9302 2.3899 3.3599 3.2275 1.9581 2.9281 3.3094 3.1828 3.1652 2.6563 2.6324 3.1709 2.8924 1.9065 1.5992 1.8226 2.6802 2.9400 2.3034 2.2421 2.6104 2.5226 2.5147 1.9820 0.9260 1.9866 1.9018 0.6626 -0.1330 1.1819 1.0419 
4.8613 4.7134 3.4962 2.3678 3.9484 3.5975 3.1473 3.1224 3.9907 3.5034 3.4850 2.2687 2.4913 2.5796 2.1960 2.7435 2.1901 2.6358 1.9846 2.3382 2.1555 1.7748 2.9089 2.8215 3.1739 2.2575 2.1023 2.3582 2.5027 0.6722 1.3499 2.0362 1.0964 
3.4992 4.1281 3.4740 3.3793 3.8218 3.5014 2.5661 3.6424 4.0187 3.3002 2.6726 2.9709 2.7054 1.5655 2.9373 2.9005 1.4199 2.8027 2.7601 1.2668 2.3498 2.5001 2.1202 2.6163 3.1949 2.7383 1.5337 2.2597 2.3985 1.6895 1.3339 1.4329 -0.2109 
5.2797 3.5217 1.2130 3.6266 2.9247 4.1533 4.0747 4.3184 3.4209 3.1883 2.8476 3.0828 0.4676 2.6505 3.0872 3.0895 3.0372 3.0120 2.9351 2.3970 0.0691 2.6211 2.2771 2.5238 2.5929 3.4286 2.9855 2.9147 1.4632 1.9016 -0.5580 0.6814 1.3577 
4.7550 4.8686 4.2001 4.0986 3.5257 3.4018 3.5711 2.9213 3.1990 2.0087 2.2593 2.9591 2.8078 2.9104 2.8291 2.6911 0.5625 2.5861 2.6129 2.6024 2.4225 2.4825 1.6837 1.3401 2.4253 1.9592 2.4850 2.1644 2.0504 2.3586 2.1066 2.2176 0.6699 
2.3366 4.1772 2.9347 2.7672 3.3068 3.5579 3.2672 3.2181 3.5950 3.4333 2.6302 3.0134 2.9757 3.2015 2.7636 3.1314 2.9116 3.0474 2.5548 2.9620 2.5904 2.5345 2.0837 2.7450 2.8327 2.3203 2.2546 2.3180 1.8747 1.0550 0.8104 1.5278 -2.0214 
3.8558 4.8646 4.1421 3.6945 3.5964 3.9489 3.9130 3.3408 3.1765 3.2234 2.9722 2.5979 2.7941 3.2324 2.6274 2.2323 3.0208 2.1274 2.4498 2.9833 2.4175 2.1730 2.4013 2.5438 2.4071 2.4179 2.8820 2.7220 2.1779 1.9863 2.0596 2.2572 0.1823 
5.4317 3.9718 3.6952 3.8425 1.8891 2.8578 1.8242 3.3528 1.8619 2.9556 2.8369 2.5423 2.7081 2.9067 0.3245 3.2457 3.8669 3.1520 0.1246 2.5955 2.3563 2.1169 2.2773 2.2988 1.0904 2.4196 0.7489 1.6385 0.5008 2.1605 1.6301 1.1402 1.5154 
4.3998 4.7411 4.2380 3.9101 2.0660 2.4821 3.6011 3.2908 2.9498 3.3808 3.2763 3.2088 2.6258 2.9710 2.9938 2.9022 3.3197 2.8192 2.8428 2.7048 2.2931 2.7890 2.7366 2.7036 2.1579 2.3755 2.5219 1.2756 0.6957 2.2385 2.2027 2.0504 0.6427 
5.5452 4.9272 4.1605 3.8730 3.9351 2.8507 2.7842 2.1536 2.7048 2.1832 2.9741 2.8668 1.7873 1.9525 1.4900 2.7136 2.6380 2.6101 1.2913 1.7147 1.4270 2.3708 2.4062 1.5080 1.9022 1.2209 1.7086 1.6342 2.4791 2.2153 2.0636 2.2673 1.7216 
3.6410 4.4544 4.1819 3.4856 3.3220 3.0904 3.8843 3.2503 2.8852 2.4885 2.3618 3.3365 2.9512 3.6150 3.5271 2.0641 2.7011 1.9623 3.3228 3.3511 2.5687 2.9013 1.7978 1.8268 2.0522 2.3451 2.8649 1.8735 1.8721 1.7275 2.1077 1.8161 -0.2251 
4.1146 4.3050 3.2034 2.9770 3.0197 3.7965 3.5756 3.1184 3.1589 2.7405 3.0368 2.8340 2.6526 1.8614 2.3450 1.6329 2.2358 1.5138 2.1790 1.6331 2.3174 2.3513 2.4728 2.0588 2.3936 2.2422 2.4846 2.5662 1.6043 1.2625 1.1291 1.6885 0.3961 
3.0793 3.9911 3.5195 3.3338 2.4916 3.6860 2.8254 2.6187 3.0052 2.7952 3.2968 3.6712 3.2357 1.7874 2.5388 2.8176 3.0283 2.7080 2.3859 1.5313 2.9098 3.2008 2.7540 2.1122 2.2562 1.7255 1.7264 2.4512 1.0413 1.6659 1.4091 1.2915 -1.7462 
