4.9400 4.9608 4.9995 4.6597 4.9790 4.3549 4.8270 4.4647 3.6607 3.7692 3.1633 2.8159 2.9764 2.9153 3.2201 3.2001 2.3269 3.1326 3.0907 2.6599 2.6287 2.4135 2.6247 3.1499 2.8908 3.6401 3.7955 3.2040 3.6657 3.1040 3.1027 2.5234 1.4347 
4.3035 3.5742 3.7486 3.6677 4.5337 4.5124 4.5705 4.2698 3.8958 3.1741 3.6568 3.7283 2.5453 2.4524 2.1054 2.2039 2.3421 2.1293 1.9768 2.1678 2.1780 3.2769 3.1208 2.5515 3.1652 3.3758 3.6076 3.3612 3.2079 2.0460 1.8319 1.0197 0.7611 
4.8677 4.7600 4.2106 3.6596 4.8451 4.4745 4.4861 4.3814 3.5840 3.4085 1.9601 3.2350 3.0322 2.5909 3.1473 3.0918 2.4017 2.9941 2.9793 2.3260 2.6736 2.7888 1.3999 2.7873 2.8105 3.5267 3.4978 3.3137 3.4720 2.0443 2.1940 2.1831 0.9758 
4.7465 5.0776 4.4172 3.7501 4.4797 3.8499 4.2960 4.3616 3.7788 3.9124 3.4231 3.7617 3.0006 3.5672 2.2901 3.3001 2.5728 3.2226 2.1467 3.2957 2.6504 3.3214 2.9126 3.2901 3.0797 3.5040 3.2783 2.6863 3.1518 2.1542 2.5111 2.6069 1.0305 
4.2722 5.0412 4.8805 4.6344 4.2487 3.3439 3.9769 3.9490 3.6966 3.6685 3.0546 3.6734 3.9326 3.2486 1.8158 2.2583 1.9640 2.1781 1.6105 3.0175 3.6495 3.2165 2.5280 3.0411 2.9400 3.1272 3.0209 2.1820 2.8454 3.0736 2.9417 2.5865 0.6656 
5.4900 4.4869 4.2148 3.8077 4.6820 5.0412 4.9625 4.9206 4.3166 3.3385 3.0194 2.9799 2.2091 2.8152 3.2049 2.9250 2.6494 2.8207 3.0715 2.5947 1.9391 2.5583 2.5084 2.7158 3.5901 4.0479 3.9503 3.8870 3.3271 2.1765 2.2336 1.9542 1.9116 
5.7381 5.4292 4.4895 3.2553 4.4980 4.6233 4.4308 3.8706 3.7828 3.7231 2.0557 3.2859 3.1052 2.6066 2.8803 2.2749 0.6000 2.1852 2.7175 2.3558 2.7353 2.8574 1.5069 3.1085 3.0816 3.0385 3.4208 3.4722 3.1730 1.5965 2.5912 2.8884 2.1779 
5.0855 4.9876 4.1482 4.5596 2.5418 4.0253 3.0032 3.1202 3.8620 3.7757 3.3496 3.3958 3.2395 1.7854 2.7876 1.4165 1.9536 1.3505 2.6389 1.5178 2.9014 2.9977 2.8299 3.1554 3.1493 2.2074 2.0180 2.8666 1.1014 2.9959 2.2356 2.5200 1.5827 
2.4583 4.8806 4.2845 4.8382 5.0238 4.3663 2.9736 4.3123 4.2893 3.2254 3.5656 3.7397 3.0976 3.5640 2.9754 3.3160 3.1925 3.2385 2.7875 3.2923 2.7351 3.2998 3.0618 2.6273 3.5432 3.4353 1.9792 3.2010 3.6992 3.2207 2.3276 2.3911 -0.0109 
5.0317 4.1251 3.6451 3.5048 4.5430 4.0807 3.6649 4.0292 4.1495 3.8178 2.4206 3.3704 3.2719 3.2601 2.8895 2.1233 2.2237 2.0460 2.7203 3.0428 2.9425 2.9726 1.9282 3.1953 3.3795 3.1826 2.6312 2.9495 3.2095 1.9767 1.5952 1.4774 1.3341 
5.0858 4.4561 3.8951 4.9195 4.9976 4.6578 4.4863 4.6519 4.4539 2.3409 3.6817 3.0744 3.1751 3.2481 2.1840 3.1564 3.2047 3.0968 2.0438 3.0213 2.8230 2.6213 3.1431 1.6539 3.7341 3.7941 3.4985 3.4992 3.6810 3.3206 2.0118 1.9603 1.5402 
5.3919 4.8276 4.2695 4.3429 4.9922 4.3709 3.0055 2.9076 3.1414 3.0931 3.6545 2.9110 3.6703 3.1347 2.7065 3.3390 2.9203 3.2687 2.5636 2.8549 3.2918 2.5186 3.1164 2.4605 2.3989 2.0549 2.0023 3.2059 3.6776 2.7319 2.2917 2.2429 1.6682 
3.9608 5.1164 4.2486 3.4153 4.8298 4.2500 4.6779 4.6514 3.8451 3.8685 3.0833 3.0848 3.7177 3.0977 3.3034 3.5451 3.5621 3.4446 3.1544 2.8056 3.3422 2.6259 2.5405 3.2448 3.1288 3.7908 3.7029 3.0830 3.4396 1.9130 2.2386 2.6350 -1.0997 
5.3053 5.3320 4.5344 4.0425 5.2308 4.7411 4.8807 4.2068 3.8333 3.8169 3.3167 2.5509 3.1548 2.7985 3.6802 3.3412 3.4493 3.2737 3.4828 2.5871 2.7856 2.0821 2.7762 3.1943 3.1239 3.3006 3.8647 3.5742 3.8826 2.5023 2.6249 2.8436 1.7451 
4.4568 4.8034 4.5526 4.6888 5.0463 4.4417 4.6005 4.1156 4.1122 3.1275 3.5735 1.4940 3.2694 2.9912 1.3717 2.5016 1.9920 2.3927 1.1836 2.7181 2.9429 1.0715 3.0667 2.5137 3.3460 3.2540 3.6448 3.2804 3.7205 3.1153 2.6341 2.2613 0.5919 
4.9723 5.2971 4.3764 4.2685 4.9588 4.4769 3.2911 4.3218 4.0461 3.6736 3.8009 3.6091 2.8320 3.2302 3.1830 3.1701 2.8128 3.1066 3.0396 2.9999 2.5327 3.1631 3.2729 3.0427 3.3054 3.4486 2.3039 3.3146 3.6446 2.6793 2.4130 2.7858 1.4859 
5.1873 5.0409 3.1236 3.2380 5.0146 4.7007 2.7855 3.5791 3.8943 3.7314 2.7364 3.3074 2.7340 3.3456 3.4236 2.7735 2.1625 2.7062 3.2614 3.1337 2.4026 2.8833 2.1892 3.1185 3.1771 2.6857 1.8330 3.5386 3.6967 1.7063 1.0246 2.5674 1.7171 
3.2487 4.5754 4.1452 3.8626 4.4899 5.0831 4.2937 4.5012 4.0631 3.5925 3.8583 3.1528 3.3629 3.4888 3.5878 3.0664 2.9394 2.9556 3.3847 3.2392 3.0816 2.7140 3.3301 2.9570 3.3223 3.6883 3.2729 3.9270 3.1685 2.2519 2.1736 2.1208 -0.3871 
4.9266 4.5082 3.7388 3.9120 4.9125 4.2714 3.1923 3.9868 3.8906 4.2730 3.7827 3.9439 3.2891 3.3905 3.1582 2.8057 -0.6474 2.7372 2.9943 3.1632 2.9653 3.5397 3.2579 3.6610 3.1725 3.1593 2.2004 3.1214 3.5706 2.3451 1.7944 2.0204 1.3466 
5.4870 4.6239 4.2484 4.6886 5.0718 4.3191 4.6766 3.9131 3.7814 3.5074 3.8766 2.9394 3.1478 2.6021 2.9381 2.2730 0.0103 2.1814 2.7550 2.3532 2.7769 2.5306 3.3401 2.8743 3.0821 3.0944 3.6988 3.1604 3.7435 3.1208 2.2970 2.1198 1.9480 
4.1710 5.4051 4.5306 4.7011 4.8973 4.8362 4.7231 3.9122 4.1712 2.5066 2.1704 2.5563 2.5601 3.0990 3.1819 1.5275 2.0516 1.4472 3.0383 2.8051 2.1862 2.0988 1.6353 1.8403 3.3964 3.1013 3.7252 3.6789 3.5484 3.1191 2.6028 2.8760 -0.1562 
4.7015 4.5335 3.2626 4.2824 4.7639 4.7828 4.3056 3.5216 3.9419 2.6986 3.2472 2.6876 3.3765 3.5593 3.4635 3.0263 2.5973 2.9182 3.2955 3.2882 3.0891 2.2629 2.7149 2.0769 3.2194 2.6455 3.2839 3.6235 3.3808 2.6910 1.4269 2.1248 1.0091 
4.6836 3.8724 2.8907 4.3348 4.7506 4.5285 4.3000 3.8319 3.8910 3.6915 3.0420 3.4396 3.3579 2.6416 2.7082 2.0503 2.3784 1.9817 2.5656 2.3995 3.0727 3.0590 2.5281 3.0742 3.1711 2.9871 3.2891 3.3618 3.3652 2.7386 0.9543 1.3301 1.0058 
4.8751 4.3848 4.6988 4.8326 5.0724 5.3998 4.6955 3.5000 3.3075 3.2413 3.1484 2.8148 2.8068 2.6180 3.1783 3.1068 2.7529 3.0254 3.0364 2.3592 2.5198 2.4168 2.6150 2.6147 2.5911 2.6306 3.7063 4.2425 3.7486 3.2083 2.7538 1.9253 1.2363 
5.9385 5.4393 4.6792 4.4245 5.1570 5.4271 4.8819 4.7248 3.0689 3.7467 3.2280 3.7142 3.3443 2.9170 2.4156 2.8631 3.7002 2.7740 2.2264 2.6568 3.0631 3.2621 2.6960 3.1335 2.2813 3.8440 3.8605 4.2697 3.8237 2.8404 2.7354 2.8969 2.3165 
5.1957 4.5850 1.4717 3.8882 5.3594 4.4884 4.0875 3.8656 3.0366 3.1970 3.2110 3.6878 3.2662 2.6712 1.2999 2.1752 2.5859 2.1091 1.1304 2.4437 2.9333 3.2325 2.6889 2.5840 2.2548 3.0386 3.1180 3.3283 3.9668 2.3505 -0.7134 2.0832 1.6294 
5.0434 4.2457 4.6286 4.6398 4.9143 4.3294 4.6103 4.4979 3.4654 3.6621 3.6967 3.1756 1.3429 2.1678 3.1091 2.2709 2.6916 2.1856 2.9219 1.9629 0.9880 2.7378 3.1628 3.0145 2.7076 3.6853 3.6641 3.1697 3.5682 3.0759 2.7048 1.8051 1.4414 
5.1565 5.0704 4.8473 4.4304 4.2407 3.7537 4.3634 3.8712 4.0115 4.3115 3.2340 2.7131 3.5048 2.1320 1.9697 2.9902 2.9798 2.8910 1.8123 1.9290 3.1765 2.2841 2.6922 3.6956 3.2893 3.0537 3.3432 2.5928 2.8595 2.7983 2.8800 2.6425 1.5706 
4.6082 3.8669 3.4504 4.4584 4.3621 4.6868 4.1145 4.1883 4.1307 4.0563 3.8520 3.5544 3.1281 2.3725 3.1349 2.6844 3.6432 2.6172 2.9597 2.1128 2.7563 3.1296 3.3273 3.4196 3.3667 3.3004 3.1249 3.5369 3.0233 2.8703 1.5415 1.3721 1.0317 
4.1643 4.9938 4.7706 4.7924 4.9948 4.4901 4.3633 3.9595 3.6544 3.7044 3.8558 2.8571 3.6384 3.2745 2.0129 2.5477 2.0229 2.4735 1.8759 3.0599 3.2661 2.4628 3.3293 3.0932 2.8732 3.1311 3.3473 3.3290 3.6801 3.1774 2.7897 2.5403 0.8325 
5.4437 5.1875 4.3705 3.0084 5.1759 3.0350 4.2619 3.7593 3.9212 3.2828 2.7796 3.1492 2.4658 3.7388 3.2212 2.8783 2.6652 2.7826 3.0886 3.4743 2.0880 2.7032 2.2527 2.6583 3.2055 2.9039 3.2388 1.7918 3.8315 1.4416 2.4728 2.6921 1.9303 
4.8805 5.0998 4.4894 4.9536 5.2079 4.3596 4.2460 3.8016 3.9098 3.2973 3.3331 3.0534 2.7806 3.3466 3.2258 2.7631 1.9508 2.6859 3.0919 3.1388 2.4910 2.6080 2.7964 2.6706 3.1904 2.9473 3.2132 3.1908 3.8553 3.3499 2.5885 2.6371 1.3989 
5.4745 5.2365 4.8278 4.8963 4.8650 4.7438 3.6615 4.1494 4.3333 4.1009 3.3308 3.1664 3.1087 3.5269 3.6290 3.5058 2.5001 3.4054 3.4224 3.2675 2.7330 2.7276 2.7940 3.4614 3.6151 3.2737 2.6080 3.5870 3.4950 3.2890 2.8542 2.7305 1.9583 
3.5702 5.2442 4.1098 4.3648 4.6731 4.2975 4.1357 4.0161 3.9087 4.1216 4.1369 3.6593 3.6331 2.6205 2.6339 2.2590 3.0045 2.1683 2.4964 2.3781 3.2581 3.1918 3.6307 3.4864 3.1916 3.1724 3.1411 3.1476 3.3103 2.7663 2.1569 2.7574 0.2662 
3.8300 4.7154 4.2140 4.4978 4.3838 4.6202 4.0308 2.9829 3.7301 3.7585 2.4776 3.4379 3.2223 3.3180 2.9328 2.7702 1.4571 2.7030 2.7519 3.1037 2.8795 3.0509 1.9528 3.1390 3.0020 2.1087 3.0721 3.4662 3.0685 2.9302 2.2261 2.2037 0.3249 
5.1701 4.5198 4.6317 4.5363 5.1864 4.8733 4.8498 4.3394 3.5321 3.7831 3.9333 3.8710 3.4333 2.9336 3.4081 3.6389 3.1243 3.5292 3.2586 2.6811 3.1225 3.4400 3.4187 3.1718 2.7584 3.4766 3.8246 3.7161 3.8407 2.9705 2.6889 2.0250 1.4679 
4.9868 4.3467 4.0684 4.1188 5.1985 4.4878 4.6631 4.2860 1.9237 3.0813 2.8030 3.5622 3.2571 2.5046 2.3053 2.3125 2.0947 2.2113 2.1439 2.1992 2.9229 3.1381 2.2952 2.4308 1.2321 3.3865 3.6939 3.3274 3.8517 2.5394 2.1439 1.8258 1.4841 
2.2860 3.1273 2.5560 2.8640 4.3624 4.9245 4.2972 3.9360 3.7817 1.8667 3.3957 3.5446 2.6303 3.3155 2.0206 2.4668 2.7204 2.3549 1.8830 3.0988 2.2940 3.1237 2.8858 1.1846 3.0749 3.1188 3.2720 3.7699 3.0414 1.3506 0.6244 0.6360 -1.0490 
3.7434 4.3388 3.6029 3.3896 3.9556 4.7961 4.4067 3.6039 3.3263 4.0261 3.5863 2.8774 3.2007 3.6429 2.8087 2.3426 2.7164 2.2372 2.6549 3.3409 2.8532 2.4950 3.0728 3.3950 2.6039 2.7193 3.3898 3.6454 2.6409 1.8007 1.6601 1.8492 0.3006 
5.2985 5.0061 4.6286 4.5111 4.4374 3.9023 3.8360 3.9102 3.5337 3.9869 3.5416 3.0741 3.3526 3.1120 2.0721 2.3379 2.0871 2.2398 1.9342 2.8199 3.0678 2.6147 3.0252 3.3563 2.7848 3.0877 2.8471 2.7281 3.1270 2.9234 2.7077 2.5341 1.6796 
4.7239 4.1583 2.9409 3.3039 4.2439 4.1363 4.6188 3.1458 3.0322 2.3110 3.7801 3.2457 3.2175 3.2387 2.7361 2.9115 3.0935 2.8121 2.5924 3.0134 2.8736 2.8076 3.2548 1.6931 2.2604 2.2361 3.6637 2.9910 2.8476 1.7236 1.0039 1.6006 1.0874 
4.7085 4.9356 4.3005 3.9373 3.8749 4.3014 2.1319 4.0913 3.1760 2.9301 3.7288 3.1558 3.1960 2.3967 2.1357 2.1827 1.4679 2.1011 1.9889 2.1185 2.8431 2.7145 3.2021 2.2726 2.4203 3.2326 1.1785 3.1356 2.5712 2.3214 2.3163 2.5295 0.8448 
5.1642 4.6908 4.0948 3.8636 3.8807 4.4977 3.6484 3.7996 2.3939 2.0591 3.5102 3.5679 3.2830 2.3060 1.3874 2.8265 1.1800 2.7503 1.1951 2.0564 2.9593 3.1397 3.0069 1.4306 1.6053 2.9430 2.6122 3.3439 2.5465 2.2751 2.1183 2.2386 1.5791 
4.9484 5.2039 4.5244 4.6426 4.9726 4.5226 3.2505 3.2588 4.3291 3.5933 4.2195 3.3898 3.6514 3.2005 2.5669 2.8121 1.9263 2.7369 2.4005 2.9512 3.2736 2.9991 3.6881 2.9602 3.6126 2.4081 2.2130 3.3621 3.6645 3.0901 2.5927 2.7149 1.4544 
4.4851 4.1915 3.1356 3.2316 4.2640 3.9540 3.9764 4.2459 3.6889 3.5469 3.9323 3.4770 3.0739 2.8125 2.7452 1.1387 -0.9182 1.0167 2.5959 2.5936 2.6976 3.0879 3.4141 2.9097 2.9163 3.3361 3.0046 2.8049 2.8889 1.5836 1.1193 1.6690 0.9856 
4.5357 4.6556 3.1334 4.5465 5.3592 3.3164 4.0141 4.1720 3.9222 3.4264 3.4341 3.7238 2.5942 2.9703 3.2144 2.3461 1.0159 2.2462 3.0845 2.7041 2.2328 3.2751 2.9248 2.7926 3.2049 3.2823 3.0727 2.0858 3.9650 3.0255 1.0193 2.2083 0.8666 
4.8217 3.9181 3.9663 4.3764 5.0173 4.5487 4.3912 4.0552 3.9048 3.5527 3.0105 3.4910 3.3364 3.0730 3.0996 2.3852 1.6801 2.2837 2.9015 2.7681 3.0408 3.0981 2.4989 2.9164 3.1803 3.2006 3.3834 3.3868 3.6970 2.7667 2.0627 1.4695 1.1968 
5.4582 4.8617 4.6419 4.8177 4.8331 4.4928 4.3617 4.4829 4.4728 3.9152 1.9417 2.3645 2.6744 2.5492 3.2779 2.4166 1.8147 2.3052 3.1361 2.2747 2.3430 1.9546 1.4099 3.2925 3.7493 3.6663 3.3468 3.3351 3.4456 3.1864 2.7156 2.3195 1.8491 
4.5590 4.2404 3.6670 2.1730 3.2899 3.7532 3.4033 4.3562 4.4432 3.8351 3.7339 3.7484 3.3892 2.9092 2.6964 2.6024 2.1458 2.5378 2.5530 2.6558 3.0968 3.3058 3.2016 3.2116 3.7255 3.4991 2.4322 2.5974 1.9589 0.6385 1.6318 1.7582 0.8136 
4.9226 4.8797 4.5550 2.7594 5.1734 4.0787 4.1611 3.6307 3.0901 3.4558 2.6827 3.4632 3.3709 2.3908 2.7783 2.9618 3.7798 2.8654 2.6337 2.1331 3.0851 3.0825 2.1468 2.8233 2.3221 2.7382 3.1596 2.9098 3.8312 1.3728 2.6339 2.3782 1.3120 
3.2463 5.1994 4.5853 4.6228 4.3896 4.5432 4.2819 3.5906 4.2551 2.8708 3.3023 3.8946 3.0173 3.1743 3.7174 3.0982 2.9775 3.0026 3.5447 2.9178 2.6528 3.4668 2.7624 2.2128 3.4820 2.7186 3.2518 3.3855 3.0793 3.0702 2.6646 2.7310 -0.1937 
4.3174 3.7375 4.2603 4.3247 4.8538 2.5400 4.2523 3.6804 4.1700 3.0956 2.5723 2.5124 3.2318 2.9390 2.8432 2.3328 2.7602 2.2397 2.6852 2.6776 2.8967 2.0509 2.0386 2.4527 3.3998 2.7652 3.2224 1.2548 3.4781 2.7271 2.2839 1.3670 0.6991 
5.5889 5.6685 4.9271 4.9650 5.5167 5.0669 4.7179 2.7656 4.4907 4.2336 2.7965 3.6651 3.7299 3.3392 3.8503 3.6927 3.6818 3.6115 3.7096 3.1333 3.3598 3.2080 2.3063 3.5867 3.7725 1.9602 3.7232 3.9067 4.1901 3.3681 3.0163 3.2016 2.0210 
5.2211 4.8523 3.8158 3.9890 4.1566 3.8828 4.0228 4.4491 4.3353 4.4972 3.5772 3.4107 3.2361 3.3348 3.3286 2.7131 1.3917 2.6323 3.1799 3.1187 2.8982 3.0166 3.0677 3.8808 3.6228 3.6253 3.0710 2.7314 2.7740 2.4289 1.9113 2.3000 1.5708 
5.0787 4.9490 4.8283 4.8403 5.0830 4.5542 4.3850 3.9506 4.3329 3.4259 2.7240 2.6187 2.8903 2.5444 1.6418 1.1199 1.2864 1.0489 1.4768 2.2729 2.5706 2.1779 2.1812 2.7997 3.6185 3.1256 3.3850 3.4077 3.7530 3.2094 2.8546 2.5018 1.6715 
3.3389 5.0455 3.7131 4.3387 3.1847 4.4329 4.1210 3.6912 3.9793 4.3993 3.9436 3.7567 3.8610 3.8455 2.9850 2.7272 2.7809 2.6511 2.7750 3.6291 3.5368 3.3196 3.4284 3.7805 3.2601 2.7887 3.1343 3.2769 1.9074 2.7265 1.8214 2.6022 -1.3216 
4.3054 4.8988 3.3312 3.9590 4.3513 4.6745 3.5607 2.7512 3.7402 3.2635 3.6226 2.8901 3.2115 3.2361 3.5782 2.5036 2.5848 2.3896 3.3782 3.0094 2.8664 2.4973 3.1030 2.6372 3.0206 1.9344 2.5465 3.5262 3.0105 2.3727 1.3365 2.4549 0.7809 
4.3202 5.4236 4.9625 3.9964 4.7605 4.4923 5.0638 4.3523 3.9648 4.0830 4.1300 4.0432 3.8569 3.5559 3.2783 3.1967 3.4092 3.1283 3.1364 3.2932 3.5282 3.6588 3.6264 3.4463 3.2473 3.4804 4.0756 3.3342 3.3755 2.4230 3.0353 2.9100 -0.0502 
3.6657 4.4591 4.1033 3.8890 4.9241 4.7075 3.7149 3.5886 2.5167 3.5468 3.1709 3.3578 1.5894 3.1747 2.6091 3.0581 -0.3033 2.9543 2.4682 2.9150 1.2975 2.9554 2.6386 2.9059 1.7241 2.7075 2.6913 3.5425 3.5965 2.3266 2.1716 2.0154 0.1065 
4.8643 3.9510 3.4558 3.4301 4.0406 4.7465 4.9861 4.3142 3.1264 3.9127 3.8817 3.6879 3.1398 3.3180 3.3050 3.3084 1.8074 3.2283 3.1584 3.1038 2.7770 3.2293 3.3460 3.2923 2.3954 3.4279 3.9770 3.5989 2.6961 1.8741 1.5283 1.4901 1.2435 
5.2100 5.0188 4.3550 3.7319 4.3277 3.2899 4.7601 4.0183 4.1182 4.2272 3.7710 3.8332 3.8257 3.3453 2.6003 0.4203 -0.1096 0.2963 2.4617 3.1315 3.4920 3.3934 3.2375 3.5858 3.3509 3.1689 3.7506 2.1747 2.9837 2.1579 2.4213 2.5722 1.6696 
5.1775 5.1399 4.8405 4.4946 4.4181 5.1792 3.2512 3.0179 3.9198 3.6751 2.7141 3.1191 2.9480 2.9804 2.6468 2.4362 2.2206 2.3400 2.5095 2.7201 2.6015 2.6729 2.1795 3.0412 3.2007 2.1284 2.2257 4.0213 3.1151 2.9176 2.8691 2.6595 1.5638 
3.5223 4.5847 4.0828 4.0774 4.5696 3.2956 3.6732 4.2548 3.9809 3.8843 3.8290 3.2934 3.5554 3.9140 3.3633 2.9375 1.0255 2.8398 3.2130 3.6992 3.2110 2.8703 3.3053 3.2647 3.2528 3.3425 2.6540 2.1263 3.2276 2.5216 2.1042 2.1117 -2.6468 
5.3117 4.9406 3.3637 3.7001 5.1453 4.2765 4.7011 4.7129 2.0869 3.1855 3.4201 2.2189 3.0938 2.4319 2.5419 2.8638 2.6697 2.7767 2.3499 2.1566 2.7152 1.8133 2.9052 2.5629 1.4453 3.8362 3.7155 3.1170 3.8099 2.1166 1.4101 2.4830 1.8201 
3.5892 4.4629 3.2085 4.0635 4.8184 4.7873 4.6388 3.8041 3.7951 3.9363 3.8121 3.4663 3.1037 3.0026 2.7591 3.0649 2.3371 2.9604 2.6139 2.7323 2.7332 3.0812 3.2838 3.3244 3.0943 2.9461 3.6763 3.6290 3.4220 2.5048 1.2191 2.0206 -0.5132 
5.2568 4.2416 3.5593 3.4530 4.5414 4.4588 3.9614 3.8989 3.6567 2.8041 3.3499 2.7870 3.3233 2.7244 3.5678 2.9318 2.8084 2.8379 3.3689 2.5246 3.0157 2.4000 2.8414 2.1816 2.8809 3.0785 2.9821 3.3147 3.2069 1.8970 1.6233 1.6411 1.6311 
5.7029 4.6063 4.6150 4.5183 3.8708 4.5250 4.7783 4.2874 4.1952 3.1141 3.8614 3.0987 2.4152 3.2713 3.1617 3.2023 2.5559 3.1354 3.0038 3.0578 2.0552 2.6319 3.3333 2.5068 3.4158 3.3945 3.7610 3.3704 2.5587 2.9421 2.6846 2.0332 2.0984 
3.7387 5.0845 3.9559 2.8394 4.3134 4.3268 2.6498 3.4172 3.7150 3.5281 3.7909 2.7179 3.1777 2.7587 3.0959 0.5795 2.0787 0.4665 2.8946 2.5491 2.8184 2.2925 3.2618 2.8900 2.9740 2.5802 1.6368 3.1676 2.9634 1.3582 2.0180 2.6100 -1.9489 
5.3235 4.9240 3.9460 3.8175 4.9130 4.8784 5.2630 4.3218 4.2842 3.8278 3.1709 3.7647 3.8041 3.6766 3.5051 3.5071 3.7349 3.4100 3.3287 3.3797 3.4603 3.3278 2.6352 3.2053 3.5317 3.4417 4.2808 3.7248 3.5755 2.2466 2.0115 2.4427 1.7793 
4.8508 5.1845 4.5793 3.6916 4.0804 4.5653 4.4150 4.1354 3.2800 3.2482 3.3042 3.0823 2.9870 2.9354 3.2049 2.4075 2.9955 2.3136 3.0723 2.6784 2.6367 2.6172 2.7687 2.6214 2.5625 3.2574 3.4135 3.4080 2.7336 2.0617 2.6381 2.7225 1.3744 
4.7474 5.2113 4.3707 4.5704 4.7014 4.0289 4.8899 4.7022 3.9270 4.3766 3.8560 4.0226 3.3738 3.9613 3.6011 3.3394 3.0609 3.2683 3.3970 3.7392 3.0899 3.6317 3.3310 3.7555 3.2124 3.8275 3.8774 2.8786 3.3324 3.0184 2.4451 2.7365 1.3461 
4.4096 5.1839 4.4179 3.7433 5.1032 4.8321 3.4316 3.8355 4.1265 3.8492 3.0969 3.2890 3.0948 2.6152 1.8341 2.7441 2.1696 2.6593 1.6568 2.3638 2.7134 2.8499 2.5724 3.2243 3.3640 2.9990 2.4504 3.6675 3.7787 2.1788 2.5110 2.7227 1.0116 
4.4884 4.9825 3.7112 3.7818 4.8366 3.9094 4.1342 4.4728 4.6450 3.7705 3.5010 2.7506 3.5068 3.6876 3.5417 3.1758 2.0146 3.1101 3.3459 3.3971 3.1777 2.3282 2.9938 3.1498 3.9045 3.6613 3.1445 2.7479 3.4507 2.1864 1.7282 2.5225 1.1978 
5.0155 4.9754 4.1596 2.9518 3.8898 4.4136 4.6832 4.3439 3.4559 3.3314 3.1030 2.5870 3.1513 2.7032 2.5926 2.0325 2.3334 1.9678 2.4433 2.4979 2.7830 2.1457 2.5668 2.7022 2.7149 3.4713 3.7037 3.2610 2.5649 1.3747 2.1740 2.5128 1.4477 
3.8337 4.7970 3.7593 4.2282 4.5183 4.2766 4.5370 3.9972 3.5239 3.5028 3.9076 2.8111 3.5355 3.5372 2.9686 2.7416 2.1827 2.6561 2.7703 3.2685 3.1971 2.3784 3.3721 2.8873 2.7628 3.1590 3.5822 3.1170 3.1841 2.5942 1.8154 2.2275 -1.9591 
4.2913 2.6071 3.4755 3.8298 4.0633 3.3218 4.5190 3.9876 4.3267 2.7159 3.8249 3.1822 3.1815 3.1099 2.2459 1.5948 0.8136 1.5374 2.0852 2.8125 2.8271 2.7380 3.3018 2.0872 3.6004 3.1649 3.5523 2.1479 2.7094 2.2378 1.5364 0.1055 0.6827 
4.2680 4.3797 4.3043 4.0462 4.9464 4.3041 4.4473 3.8293 4.3640 3.9507 3.9274 3.6688 3.7148 2.8862 3.1910 3.0671 2.3276 2.9570 3.0511 2.6412 3.3411 3.2064 3.4097 3.3315 3.6635 2.9872 3.4503 3.1425 3.6285 2.5076 2.3460 1.9056 0.3017 
4.7148 4.8876 4.4843 4.3883 4.0010 3.0897 3.7445 3.3510 3.7717 3.4179 2.1520 2.6507 2.5506 3.7021 3.4458 3.1344 2.0114 3.0696 3.2816 3.4187 2.1817 2.2091 1.6231 2.7829 3.0696 2.5365 2.7298 1.9397 2.6555 2.7757 2.5593 2.3884 0.9080 
2.1536 5.1981 4.4426 4.8192 4.0576 4.3337 4.7033 4.4189 4.2538 3.6280 3.9102 3.7289 3.4123 3.8237 3.3997 2.8564 3.2259 2.7657 3.2440 3.5988 3.1135 3.2804 3.3803 2.9912 3.4804 3.5827 3.7110 3.1766 2.6935 3.1877 2.5416 2.7411 -0.3074 
-1.1085 4.9580 4.6206 4.5835 5.1522 5.0748 4.8959 4.1938 3.3933 3.6299 3.3650 3.2929 2.6361 3.0991 2.0827 1.6866 1.8451 1.5983 1.9460 2.8035 2.2823 2.8610 2.8475 2.9904 2.6725 3.2941 3.8827 3.9160 3.8183 3.0135 2.6908 2.5172 -1.5346 
4.2753 5.2132 4.3894 3.0465 4.3503 2.6479 4.4932 4.4629 3.0330 3.0860 2.4287 3.0864 3.7467 2.9048 1.6281 -0.2977 1.4214 -0.2386 1.4674 2.6507 3.3826 2.6312 1.9317 2.4439 2.2456 3.6383 3.5176 1.4209 3.0238 1.4507 2.4758 2.7494 0.7336 
2.0756 5.3402 4.4039 4.8560 5.5939 5.2416 4.9107 4.6937 4.5786 4.3263 3.7651 3.3076 3.5107 3.2011 3.2119 3.2840 2.8556 3.2087 3.0845 2.9533 3.1763 2.8865 3.2267 3.7107 3.8471 3.8239 3.9031 4.0800 4.2761 3.2498 2.4421 2.8161 0.4386 
4.9113 5.1555 4.2801 4.3618 4.6962 4.4018 4.5901 3.4539 4.3259 3.5174 3.9452 3.6724 3.5197 3.3724 3.3692 2.9436 3.2418 2.8464 3.2200 3.1531 3.1846 3.2109 3.4293 2.8782 3.6089 2.5922 3.6400 3.2434 3.3276 2.7488 2.3167 2.6776 1.5106 
4.8379 4.8760 4.1161 3.6711 4.9270 5.0690 4.2482 3.9513 4.3455 3.7261 4.2852 2.9335 2.8245 2.0004 3.3505 3.1769 3.2194 3.1126 3.2075 1.7519 2.5304 2.5178 3.7490 3.1226 3.6344 3.1365 3.2139 3.9095 3.6074 2.0297 2.1443 2.3429 1.0100 
4.3188 4.8376 3.7034 4.4944 4.2853 4.4418 4.8317 4.0356 3.6090 3.2098 3.5520 3.0330 3.2888 2.7506 2.7556 3.1052 2.6085 3.0253 2.6010 2.5383 2.9770 2.5922 3.0347 2.5972 2.8166 3.1848 3.8067 3.2803 2.8863 2.9121 1.7284 2.3165 1.0670 
4.9770 3.9163 3.9745 4.3190 4.9130 3.8410 3.9131 3.3898 3.8914 2.8401 2.3120 3.4694 3.0830 3.1481 3.0602 2.9797 1.7638 2.8761 2.8479 2.8717 2.7070 3.0797 1.8123 2.1901 3.1684 2.5668 2.9340 2.6649 3.5775 2.7191 2.0531 1.5407 1.3804 
5.3747 4.8679 4.7418 4.5604 5.3877 4.8449 5.2556 5.0026 4.1280 3.9431 4.0232 3.8799 3.7852 2.2408 3.3474 3.4874 3.1368 3.3905 3.2044 2.0080 3.4353 3.4596 3.5021 3.3327 3.3610 4.1679 4.2825 3.6874 3.9879 2.9490 2.7566 2.3018 1.6109 
5.7148 4.9880 3.1534 4.2564 3.7862 4.3037 3.8892 4.4556 4.3062 3.2701 3.3213 2.7369 3.0617 2.5968 3.5191 3.2264 2.5165 3.1558 3.3352 2.3423 2.6860 2.3091 2.7853 2.6430 3.5707 3.6363 2.8933 3.1460 2.4584 2.6417 1.2661 2.5090 2.1502 
5.2919 4.8520 5.0560 4.5066 4.3101 4.4253 4.4707 4.6249 3.1480 3.5257 2.2914 3.3809 3.0246 3.4569 3.1950 2.7812 2.5899 2.7106 3.0572 3.2146 2.6590 2.9818 1.7947 2.8860 2.3846 3.7728 3.4860 3.2626 2.9651 2.9257 3.1421 2.3074 1.5766 
3.9150 5.2456 4.4868 3.8393 4.5492 4.1333 4.2424 4.2269 3.5383 3.8848 3.5519 3.2474 3.5597 3.6877 2.3547 3.3727 3.3313 3.3030 2.1737 3.3956 3.2105 2.8040 3.0578 3.2590 2.7753 3.3241 3.2176 2.9621 3.2219 2.2245 2.5763 2.7502 -0.1627 
4.7037 4.9916 3.4145 3.9146 4.8596 3.9451 3.6980 3.4179 3.6502 3.7309 3.3507 3.1205 2.4880 3.4953 3.1974 2.1953 2.1249 2.1217 3.0566 3.2423 2.1064 2.6689 2.8308 3.1161 2.8737 2.5847 2.6718 2.7767 3.4875 2.3652 1.4744 2.5316 1.1273 
5.3552 3.8063 3.8085 4.2421 4.1769 3.6741 3.5588 3.3810 3.3011 3.4767 2.9128 2.7222 3.4740 3.1384 3.2730 3.0635 2.8399 2.9577 3.1308 2.8680 3.1554 2.3005 2.3877 2.8484 2.5712 2.5595 2.5676 2.5189 2.7898 2.6051 1.8902 1.1356 1.6779 
4.6595 3.7901 4.2808 4.1429 4.4691 4.6276 3.5860 4.2085 3.5980 3.3906 3.9369 3.6736 3.1587 2.9646 2.9479 2.8203 1.9145 2.7474 2.7633 2.7013 2.7874 3.2117 3.4225 2.7650 2.8206 3.3144 2.5840 3.4681 3.1471 2.5526 2.3161 1.3487 1.1209 
4.8819 4.7144 4.3274 3.7674 4.2775 4.3436 3.9657 4.6652 4.0540 3.8103 2.8628 3.6781 3.2381 3.0805 0.9986 1.3448 2.1991 1.2520 0.8256 2.7669 2.8952 3.2238 2.3241 3.1947 3.3174 3.8023 3.0059 3.1917 2.8868 2.1991 2.3901 2.2621 1.2676 
4.6803 4.4897 4.2679 4.4683 4.9731 4.0386 3.7164 3.0700 3.9441 3.1415 3.5559 3.4730 3.2225 3.2372 2.7080 2.6886 2.2994 2.6118 2.5695 3.0044 2.8889 3.0842 3.0634 2.5441 3.2284 2.1484 2.7046 2.8705 3.6616 2.8703 2.3414 1.9968 1.0541 
2.8784 4.7919 4.4120 4.2279 3.6696 4.2589 5.0720 4.0766 4.2735 4.0408 3.1051 3.8221 3.9867 3.8831 3.2610 3.3200 3.2404 3.2383 3.1239 3.6707 3.6898 3.3834 2.5802 3.4036 3.5255 3.2021 4.0933 3.1096 2.2856 2.6007 2.5084 2.2577 -1.4898 
5.3679 4.7352 3.7710 3.9722 4.6631 3.7447 4.4886 4.0386 3.9406 3.6782 2.9357 2.0282 2.5696 2.4382 2.6018 3.0092 2.6974 2.9077 2.4518 2.1540 2.2050 1.5919 2.4240 3.0475 3.2245 3.1883 3.5041 2.5714 3.3094 2.4086 1.8115 2.1811 1.7707 
4.7133 4.3502 4.6907 4.8285 5.0632 4.9370 4.0250 4.1180 2.4110 3.2330 3.3344 3.8052 3.5257 3.1705 2.6916 2.5967 2.5595 2.5322 2.5495 2.9121 3.1847 3.3602 2.8089 2.6161 1.6650 3.2482 3.0641 3.7776 3.7317 3.2097 2.7499 1.8855 1.1393 
4.4443 5.0625 4.6086 4.8425 4.6114 4.3626 4.3479 3.3439 3.8998 2.6347 3.7836 3.1730 2.9314 3.6976 3.3406 2.5923 2.6690 2.5315 3.1941 3.4125 2.6003 2.7281 3.2536 2.0392 3.1757 2.5308 3.3336 3.2064 3.2628 3.2200 2.6765 2.5911 0.7427 
