3.3614 4.3820 3.7663 4.0202 3.9186 2.7718 2.7901 2.4826 2.0546 3.2437 2.0255 1.9552 2.3944 2.8893 1.7422 2.3808 1.7955 2.3016 1.6203 2.5632 2.0338 1.5586 1.4682 2.5669 1.2726 1.6201 1.7098 1.5108 2.4731 2.3322 1.7605 1.7736 -0.0909 
5.7712 5.3696 4.7684 4.4020 4.2904 4.1947 2.0800 2.7112 3.7542 3.1424 1.9044 2.6563 2.5281 3.1677 2.9360 2.3833 2.4122 2.3135 2.7492 2.9402 2.2239 2.2370 1.3608 2.4735 2.9829 1.8104 0.9990 2.9589 2.8906 2.7311 2.6814 2.6509 1.9138 
5.2506 5.0053 4.4160 4.0442 3.7521 3.1643 2.7136 2.2622 2.5228 2.8818 2.5232 2.3035 1.0534 2.6847 2.2992 2.9276 1.4528 2.8542 2.0983 2.4201 0.6654 1.8183 1.9561 2.2046 1.7553 1.2937 1.6626 1.9377 2.3265 2.3317 2.3812 2.3646 1.3916 
4.2070 4.2905 3.0202 3.3277 3.2911 2.7645 3.7704 3.2521 2.7750 3.4173 3.0498 1.8892 2.5167 2.9582 2.8066 3.0431 1.5439 2.9673 2.5946 2.6796 2.1898 1.4308 2.4884 2.7356 1.9635 2.3509 2.7375 1.5393 1.8530 1.6574 0.9549 1.6674 0.5423 
4.8335 4.7184 4.0431 3.3198 2.8012 3.3108 3.2187 3.0363 3.7399 3.5246 2.9114 3.2088 2.3095 2.4496 2.7131 2.5795 3.3002 2.5042 2.5251 2.2157 1.9128 2.7873 2.3426 2.8641 2.9716 2.1255 2.2019 2.0777 1.3078 1.6554 1.9267 2.0503 1.0933 
5.1078 4.5979 3.9971 3.6113 3.2963 2.8774 3.2413 3.0520 3.5199 3.4211 2.2850 2.9840 2.3521 3.1017 1.8035 2.4147 2.3752 2.3388 1.6587 2.8796 1.9613 2.5178 1.7037 2.7381 2.7105 2.1686 2.2220 1.6578 1.8540 1.9029 1.9162 1.9457 1.3079 
5.1550 4.9354 4.1151 4.1335 3.7162 3.9783 3.8519 3.5160 3.6563 3.6236 2.6008 2.0789 1.0188 2.9870 2.9460 2.2752 3.1331 2.1852 2.7676 2.7246 0.5863 1.6570 2.0399 2.9632 2.9040 2.5511 2.8300 2.7483 2.3124 2.4030 2.0233 2.3292 1.3873 
4.0706 5.1435 4.2034 3.8976 3.6117 1.0937 2.5370 3.4021 3.2179 1.9534 2.9093 3.0890 2.4421 2.4334 2.4018 0.8559 2.6567 0.8178 2.2630 2.1920 2.0880 2.6276 2.3458 1.2643 2.4399 2.4688 1.5301 -0.2264 2.1697 2.2348 2.1372 2.5112 0.4506 
5.0055 5.1716 4.3454 3.9732 3.7930 3.9885 3.4237 3.4055 2.9975 3.6172 3.2374 3.5141 3.0362 3.1453 1.7804 2.3943 2.0803 2.3177 1.6405 2.9144 2.6739 3.0240 2.6941 2.9588 2.2539 2.4642 2.3451 2.7566 2.3866 2.2930 2.3245 2.5116 1.2525 
5.7735 5.2197 4.4864 4.1033 3.5702 0.6968 3.3153 1.4265 3.4582 3.2162 2.4726 3.3371 2.6363 2.6702 2.4702 2.8854 2.7198 2.7829 2.3125 2.4083 2.3137 2.9054 1.9102 2.5439 2.6328 0.4791 2.2848 -0.5668 2.1186 2.3706 2.4286 2.5152 1.9186 
5.3621 4.7551 3.6028 3.2326 3.7707 3.4370 2.9908 3.4148 2.7995 2.6189 3.0969 3.4344 2.4321 3.0494 2.3299 2.4102 1.7665 2.3387 2.1609 2.8058 2.0754 2.9638 2.5334 1.9469 1.9761 2.4707 1.9053 2.1997 2.3602 1.5925 1.5357 2.0344 1.5325 
4.8579 5.0897 4.0592 3.7590 2.2131 3.4731 3.5069 3.0285 2.1554 2.8985 3.5446 3.4567 2.9704 3.3838 3.5888 3.1363 2.8580 3.0512 3.4268 3.0993 2.5784 2.9746 2.9718 2.2460 1.3292 2.1188 2.4033 2.2257 0.8253 2.0471 1.9067 2.4474 1.2464 
4.4137 5.3640 4.7147 4.2801 4.5979 4.2944 3.3043 3.6387 3.9371 2.9101 3.3476 3.4361 2.9070 2.1133 1.7721 2.3345 2.8328 2.2722 1.6214 1.8456 2.5048 2.9634 2.8033 2.2457 3.1422 2.7387 2.2613 3.0560 3.1434 2.5743 2.6014 2.6914 0.5567 
3.9963 3.6670 3.0043 3.8035 3.6666 4.0107 3.9942 3.8602 3.4868 3.5673 3.5078 2.8135 2.6618 2.9512 2.5713 3.2647 1.2836 3.1648 2.4194 2.6660 2.3305 2.3407 2.9355 2.9120 2.6512 2.9650 2.9404 2.7749 2.2759 2.1242 0.9171 1.0324 0.0364 
5.4022 4.3295 4.0490 4.2318 4.0509 3.7429 3.4017 3.8225 2.6197 3.1299 2.9192 3.1156 2.9712 3.0430 2.4618 2.2132 2.5735 2.1122 2.3068 2.8016 2.5913 2.6601 2.3457 2.4680 1.8452 2.9406 2.3367 2.5062 2.5692 2.5192 1.9275 1.6424 1.5054 
5.4350 4.9578 4.1862 3.4220 3.3125 3.1325 3.2304 3.0276 3.1533 3.6042 3.3047 2.8446 3.1518 2.9113 2.9838 2.9154 1.1367 2.8281 2.8356 2.5981 2.8448 2.3606 2.7609 2.9476 2.3929 2.1348 2.2036 1.9075 1.8718 1.7135 2.1143 2.3053 1.6211 
4.8509 5.0054 4.2131 2.9548 4.1683 3.8426 3.7334 3.5477 2.5018 2.0002 2.8865 1.5515 2.9878 2.5181 2.9039 3.1294 3.1379 3.0468 2.7039 2.2933 2.6141 1.0652 2.3158 1.3614 1.7166 2.5931 2.6696 2.6121 2.7296 1.1521 2.1680 2.3833 1.1196 
4.5342 4.7216 3.1111 3.5641 3.9596 3.1891 3.7605 3.3995 3.3480 2.8187 3.2019 3.4751 2.6547 2.8455 3.1433 3.0890 2.7857 3.0077 2.9876 2.5312 2.3266 2.9887 2.6549 2.1245 2.5358 2.4525 2.7083 1.9613 2.5047 1.8433 1.0916 1.9945 0.5717 
5.5507 4.7568 4.2022 3.8243 2.6304 3.1534 2.0635 2.9737 3.0054 3.2903 3.5254 3.4188 2.8051 1.5967 1.9177 2.7919 1.0005 2.6788 1.7637 1.2902 2.4180 2.9518 2.9548 2.6125 2.2630 2.0426 1.0481 1.9233 1.1918 2.1560 2.1397 2.0061 1.7231 
5.0764 4.6019 4.3858 3.9944 3.1017 2.4493 3.6002 2.6951 3.2308 2.5319 2.8205 2.8958 3.0531 3.3622 2.5110 3.1440 1.6242 3.0636 2.3505 3.0811 2.7011 2.4055 2.2723 1.8750 2.4544 1.7771 2.5230 1.2060 1.6907 2.2987 2.3563 1.9053 1.2278 
4.7372 3.5172 3.0975 2.2409 3.0306 1.6522 2.5770 2.4166 1.5499 2.4541 3.2333 3.0145 1.7393 2.1077 1.6387 3.0044 2.9251 2.9353 1.4420 1.8418 1.3389 2.5370 2.6889 1.7913 0.7599 1.4971 1.5649 0.4353 1.6458 0.5484 1.0590 1.0155 0.7931 
5.2092 4.8399 4.0864 3.8357 3.9985 3.8230 3.6537 3.4814 3.4434 3.5833 2.2690 2.7109 2.6285 2.4293 3.0463 3.0314 1.7137 2.9535 2.9062 2.1758 2.3065 2.2814 1.6974 2.9247 2.6265 2.5165 2.5787 2.5878 2.5347 2.1740 1.9898 2.1812 1.3664 
4.3793 4.9239 3.6587 2.3451 1.8970 2.4538 3.7941 3.6689 3.8315 3.5218 2.9674 2.7652 3.1596 2.8793 2.2223 2.5271 3.1508 2.4537 1.9922 2.5560 2.8521 2.3231 2.3937 2.8608 3.0590 2.7756 2.7747 1.2348 0.5072 0.5453 1.6165 2.3071 0.6363 
3.5574 4.6641 3.2342 3.5972 3.8606 3.4025 3.1123 3.5459 2.4109 3.1243 2.2531 2.6630 3.1442 3.1499 2.9182 3.2443 2.1237 3.1511 2.7194 2.9264 2.8291 2.2600 1.6732 2.4593 1.6657 2.5947 2.0546 2.1650 2.4306 1.9055 1.1731 1.9998 -0.1772 
4.8333 5.3791 4.6796 4.3140 3.9743 3.4961 2.1378 2.7518 2.9568 2.8702 3.5459 3.5569 3.1585 3.0753 2.8862 2.8710 3.1871 2.7613 2.6639 2.8519 2.8506 3.0797 2.9787 2.1809 2.1874 1.8182 1.1028 2.2532 2.5208 2.5978 2.5705 2.7062 0.9527 
4.3460 4.4636 3.8343 3.1661 3.7832 4.1458 4.1570 3.0902 2.5462 3.4117 2.3191 3.2944 3.0940 2.1998 1.9265 2.9974 -1.7041 2.9263 1.7773 1.8989 2.7502 2.8823 1.7425 2.7325 1.7835 2.1934 3.0662 2.9162 2.3730 1.4802 1.7766 1.8159 0.5140 
5.3124 4.6220 3.5805 3.0775 3.7569 3.1540 3.8799 3.2103 2.1374 2.7648 2.3564 3.1652 2.3446 3.1196 1.2994 2.7381 1.8682 2.6296 1.1636 2.8927 1.9566 2.7396 1.8027 2.0882 1.3204 2.3236 2.8660 1.9246 2.3418 1.3897 1.5084 1.9074 1.4626 
5.1365 4.9244 4.1793 3.1937 3.0286 1.6736 3.4949 3.1641 1.5545 3.0246 2.6656 3.2370 2.0565 2.3431 0.5225 2.3671 2.5517 2.2986 0.3837 2.0568 1.7112 2.8211 2.1134 2.3641 0.6880 2.2919 2.3918 0.4628 1.6307 1.4669 2.0966 2.2945 1.3849 
4.0433 4.6329 4.1610 3.5384 3.5152 3.2774 3.5661 3.2698 3.1126 2.1323 1.9172 1.1308 0.9922 1.8752 2.3091 2.4521 2.2793 2.3726 2.1286 1.6478 0.5856 0.6441 1.3657 1.4741 2.3415 2.3623 2.4821 2.0440 2.0567 1.7848 2.0765 1.9649 0.2584 
4.2033 3.7632 3.5024 2.9940 3.5232 2.7035 2.9388 3.0952 3.5049 2.8685 2.7887 2.2169 2.0392 2.2758 1.4313 2.3468 1.9726 2.2844 1.2433 1.9596 1.7009 1.7378 2.2510 2.1837 2.6809 2.2163 1.8521 1.4462 2.0490 1.2932 1.3993 1.0995 0.1834 
3.2516 4.0322 2.9341 2.5718 3.1699 3.7853 3.6746 3.2720 3.5063 3.4425 2.7474 2.9205 3.2242 3.1029 2.6477 2.4194 1.7794 2.3461 2.4773 2.8806 2.9068 2.4369 2.2088 2.7587 2.6820 2.3695 2.5942 2.5552 1.7652 0.9427 0.8013 1.3379 -0.1642 
4.9636 2.7559 3.1411 2.3986 3.1408 3.5105 3.5252 3.5219 3.7257 3.1439 3.1104 1.4089 2.6662 2.2986 2.6600 2.9795 2.6877 2.9109 2.4860 1.9924 2.3296 0.9760 2.5396 2.4826 2.9576 2.5565 2.4327 2.2870 1.7109 0.7571 1.1410 -0.6414 1.0685 
4.7082 4.1847 3.2644 4.5638 4.1959 3.2246 3.5016 3.0956 4.0325 3.4690 3.0868 2.4694 1.9001 3.0008 3.0817 2.7998 1.7899 2.6899 2.9290 2.7441 1.5574 2.0050 2.5225 2.7826 3.2121 2.2371 2.4013 2.0083 2.7509 2.8985 1.2592 1.5323 0.9477 
5.3456 4.8669 4.3269 4.4783 4.2147 3.8008 1.7937 2.4158 3.3505 3.6377 1.8500 3.2945 3.5473 2.8062 2.7066 2.4360 2.1883 2.3557 2.5202 2.5001 3.1498 2.8820 1.3118 2.9767 2.5466 1.5205 0.6807 2.5564 2.8138 2.8015 2.3145 2.2363 1.5264 
4.9169 4.5785 3.5231 3.9122 4.1276 2.8725 3.2393 3.1392 3.0857 2.7701 2.4484 2.0483 1.4361 1.9222 1.9222 1.7089 0.4570 1.6489 1.7702 1.6901 1.0992 1.6382 1.8816 2.0919 2.3188 2.2646 2.2263 1.6621 2.6420 2.2737 1.4075 1.9388 1.1376 
4.4043 4.0381 3.1546 4.3336 4.3465 3.5380 3.0102 2.8837 3.2529 2.5870 2.9590 2.8036 2.8787 2.3354 2.1470 1.7187 1.8564 1.6508 1.9337 2.0563 2.4713 2.3358 2.3942 1.9132 2.4728 1.9188 1.9169 2.3052 2.9333 2.6396 1.1270 1.4162 0.5756 
4.3773 4.0537 2.8588 3.9171 3.2180 4.1114 2.5230 2.8878 3.0948 3.5451 3.0719 2.5549 1.6439 2.2204 1.6008 2.0522 0.0548 1.9486 1.3985 1.9065 1.2533 2.1180 2.5109 2.8938 2.3338 1.9201 1.4941 2.8786 1.7789 2.2636 0.7620 1.3329 0.5869 
3.7345 3.9465 2.6048 3.6401 3.8593 3.0496 3.3211 3.1790 3.4393 2.3328 0.1653 2.8578 2.5827 2.6816 2.8785 3.0052 3.0432 2.9341 2.6575 2.4164 2.2738 2.3720 -0.5044 1.6756 2.6138 2.3088 2.2865 1.8216 2.4263 1.9422 0.5881 1.2876 0.0613 
4.8650 2.7352 2.9024 3.6121 3.5368 3.5413 2.5690 2.5481 3.2187 2.9674 2.3413 2.7492 2.0952 1.9918 2.9479 2.8353 -0.8260 2.7231 2.7731 1.7449 1.7290 2.3015 1.7642 2.3137 2.4438 1.6705 1.5115 2.3039 2.0492 1.9075 0.6756 -0.0064 0.9679 
5.5054 4.6892 3.2980 3.7139 3.0137 3.1805 3.8550 2.3763 3.5282 3.5006 2.9499 2.8469 2.8576 0.5904 1.4076 2.2035 1.2383 2.0938 1.2364 0.3475 2.4553 2.3640 2.3761 2.8209 2.7257 1.4867 2.8340 1.9664 1.5873 2.0180 1.2719 2.0066 1.7158 
4.2343 4.1235 3.8120 3.7860 2.2221 3.1211 3.2179 3.3032 3.1258 2.1904 1.1531 2.3606 1.1881 2.3343 2.6754 2.3449 1.9045 2.2795 2.4974 2.0504 0.8272 1.8932 0.5909 1.5118 2.3537 2.3917 2.1924 1.9014 0.7598 2.0948 1.7781 1.4219 0.5802 
5.8097 5.1154 4.3307 3.0132 4.0116 3.5498 3.7401 2.5215 3.5959 3.5771 3.3482 3.4006 2.7393 1.6953 3.3445 2.7729 0.2570 2.6605 3.1483 1.3641 2.3749 2.9442 2.8059 2.9212 2.8410 1.6536 2.6786 2.3223 2.5364 1.3333 2.2974 2.4259 1.9570 
1.4204 4.7421 3.7530 3.7519 3.9573 4.0351 3.6176 3.8301 3.4976 2.1289 3.5135 2.9696 2.4853 2.2869 2.8522 2.6431 2.3221 2.5397 2.6334 1.9684 2.1416 2.4967 2.9415 1.4158 2.6613 2.9455 2.5422 2.7987 2.5132 2.0714 1.7080 2.0623 -0.8817 
5.1396 4.9242 4.3183 3.7674 3.8578 3.7302 3.0956 3.6335 3.4296 1.2560 3.2762 2.9983 2.4956 3.4603 2.2325 2.7106 2.5390 2.6045 2.0171 3.1466 2.1727 2.5259 2.7347 0.6121 2.6038 2.7210 2.0479 2.4953 2.4364 2.0800 2.2910 2.2899 1.2752 
4.3454 4.6435 3.7864 3.6945 2.7199 3.5648 3.3655 2.3547 3.5646 3.1845 2.0509 3.3710 2.9646 2.7107 2.5219 1.8522 -0.0496 1.7774 2.3575 2.4350 2.5694 2.9259 1.5202 2.5237 2.7842 1.4619 2.3106 2.3357 1.3240 1.9991 1.7677 1.9645 0.7209 
4.6025 3.4814 3.9430 3.2123 3.2156 3.5975 3.2144 2.9133 3.5314 1.7816 2.2879 2.5030 2.9048 2.7844 1.0722 2.4107 2.9057 2.3433 0.8267 2.4923 2.5130 2.0593 1.7162 1.1448 2.7199 1.9739 2.1797 2.3657 1.8206 1.5413 1.9098 0.9972 0.6156 
5.1576 5.0026 4.5021 3.4961 4.2150 3.5782 3.3509 2.8040 3.6054 2.9344 3.6337 3.4230 3.0641 2.9534 2.7645 3.4230 3.5300 3.3136 2.5592 2.6685 2.7143 2.9552 3.0709 2.2840 2.8499 1.8454 2.3081 2.3351 2.7968 1.7333 2.4396 2.3596 1.2495 
3.8427 4.3572 3.6609 4.0729 3.5894 3.3551 2.4376 2.8412 2.7604 2.4169 2.3226 2.2295 2.9841 2.5255 1.2636 1.7214 1.7409 1.6541 1.1016 2.2931 2.6038 1.7463 1.7570 1.7489 1.9433 1.8955 1.3610 2.1145 2.1516 2.3570 1.6584 1.7267 -0.0205 
3.7458 3.7944 3.0846 3.3888 3.6278 3.8148 1.9556 2.3534 3.1314 1.7721 2.5938 2.8461 2.7007 3.1238 3.0524 3.1290 -0.7984 3.0431 2.9079 2.8958 2.3524 2.3646 2.0427 1.1184 2.3602 1.4039 0.8836 2.5794 2.2334 1.6992 1.0861 1.1885 -0.0248 
4.5331 4.5169 3.7526 3.4996 2.8714 3.1660 3.0049 3.5631 3.5658 3.2953 2.8995 3.3074 2.9672 1.3913 1.9040 1.3223 1.8004 1.2467 1.7425 1.1423 2.5774 2.8886 2.3287 2.6153 2.7871 2.6214 1.9252 1.9359 1.3654 1.7580 1.6998 1.8591 0.8125 
5.1443 4.5684 3.9501 3.6644 2.3865 1.9188 3.6187 3.5326 3.3363 3.3824 2.6934 1.7177 2.9560 3.3148 3.0389 2.8184 1.6698 2.7007 2.8967 3.0469 2.5715 1.2491 2.1386 2.7024 2.5312 2.5761 2.5383 0.7213 0.9638 1.9515 1.8820 1.8722 1.2944 
1.3686 4.7896 3.6094 3.3916 3.7691 3.2383 3.0437 2.3346 2.3751 1.6358 1.9038 3.0589 2.8908 2.8039 2.9625 3.2750 2.8324 3.1761 2.7992 2.5132 2.4917 2.5942 1.3398 0.9402 1.6339 1.4176 1.9768 1.9932 2.3490 1.6967 1.5305 2.1640 -0.9867 
5.5219 4.4976 3.6633 3.7113 3.3367 3.2538 3.5785 2.9692 3.2844 2.4187 2.9425 2.7385 3.4004 3.4544 2.7100 2.7976 2.6146 2.6851 2.5213 3.1439 3.0248 2.3002 2.3773 1.7479 2.5042 2.0285 2.4931 2.0356 1.8873 2.0197 1.6623 1.8152 1.7148 
4.5217 4.5068 3.8392 3.6806 3.4880 2.3110 1.9901 2.7856 3.2758 3.0765 2.3611 2.9006 2.9865 3.1825 2.9095 3.0759 2.5317 2.9959 2.7140 2.9479 2.6110 2.4112 1.7962 2.4120 2.4899 1.8423 0.9461 1.0727 1.9772 1.9648 1.8033 1.8574 0.8505 
5.7205 4.9609 3.9507 3.7022 3.8680 3.5752 3.8148 3.7672 3.1921 2.6357 3.0534 2.6562 3.0761 3.4662 3.4765 3.2274 1.2921 3.1416 3.2540 3.1498 2.7315 2.2400 2.4940 1.9685 2.4193 2.8989 2.7959 2.3415 2.4353 1.9966 1.8863 2.3224 1.9183 
3.5214 3.9220 3.3335 3.3178 3.1839 3.4210 4.0209 3.0956 1.3331 1.2977 2.2762 3.0478 1.6499 2.9517 2.2331 1.8909 1.0974 1.8062 2.0081 2.6667 1.2261 2.5780 1.7074 0.6328 0.5563 2.2078 2.9534 2.1985 1.7708 1.6536 1.2502 1.2703 -0.1878 
4.1057 4.8808 3.7737 2.5208 3.2645 2.3482 2.6115 3.1188 2.9849 2.8714 2.9061 2.1668 1.8996 2.0715 2.7921 3.1829 2.2266 3.1082 2.5909 1.7982 1.5479 1.6979 2.3302 2.2053 2.2317 2.2419 1.6161 1.0829 1.8431 0.7976 1.7425 2.2790 0.5062 
4.7744 4.9194 4.2460 3.7948 3.5971 3.3278 1.7930 3.6595 3.7552 2.9708 2.4707 3.5595 3.1043 2.6289 2.3830 2.2847 1.7417 2.1815 2.2331 2.3853 2.7538 3.0841 1.8937 2.3111 2.9818 2.7713 0.6658 2.0818 2.1821 2.1287 2.2163 2.3008 0.9892 
2.5265 3.7820 2.5899 3.4999 3.2442 3.1602 3.0709 3.2359 2.4373 1.1641 2.3657 2.4954 1.7671 0.9952 1.9050 1.8399 1.0947 1.7607 1.7417 0.6745 1.3890 2.0386 1.8016 0.5011 1.6804 2.3438 2.0014 1.9282 1.8173 1.7705 0.5457 1.1564 -0.8222 
3.7730 3.5212 3.0584 2.7865 3.7394 3.3721 2.8278 1.9485 1.1274 3.0624 2.9181 2.7141 1.7481 2.6372 2.6186 3.0382 3.2537 2.9647 2.4558 2.3846 1.3726 2.2870 2.3463 2.4024 0.3659 1.0696 1.7449 2.1315 2.3252 1.0820 1.0444 0.7995 -0.0687 
3.8548 3.3768 3.2565 3.3691 3.6142 3.5788 2.9408 2.1818 2.6933 1.2837 2.7837 2.4793 1.9817 2.5343 2.0626 1.7908 1.3205 1.7106 1.8854 2.3079 1.6643 2.0152 2.2440 0.6126 1.9030 1.2331 1.8465 2.3423 2.2077 1.6866 1.2505 0.8044 -0.0734 
2.7711 4.7166 3.4421 3.1446 1.5164 3.6733 2.9786 3.1431 2.3293 3.1365 2.4273 2.9161 2.6823 2.3431 2.4904 2.3109 2.8714 2.2502 2.3308 2.0629 2.3398 2.4324 1.8670 2.4722 1.5661 2.2701 1.9047 2.4435 0.2170 1.4752 1.3528 2.0388 -0.7147 
5.9182 5.2873 4.2945 3.9279 3.0534 3.5450 2.7461 3.3618 2.9135 3.5367 3.1323 2.1931 1.9982 2.6674 3.3277 3.3574 3.0505 3.2536 3.1405 2.4142 1.6825 1.7252 2.5604 2.8855 2.1112 2.4328 1.6937 2.3081 1.6617 2.2627 2.2693 2.5503 2.0655 
0.7239 4.4789 3.5378 3.8763 3.0269 3.3629 2.6575 2.8871 2.6275 2.8595 3.0917 3.0702 2.1076 3.1710 2.8562 3.0727 1.9929 2.9933 2.6323 2.9429 1.7429 2.6017 2.5283 2.1842 1.8460 1.9172 1.6454 2.1338 1.5866 2.2291 1.4238 1.8502 -1.9452 
4.9964 3.5686 1.4444 3.3645 3.0436 2.4338 3.2040 3.1482 3.5664 3.1410 3.1693 3.2729 2.3492 3.1556 3.2647 2.8642 2.1068 2.7433 3.0921 2.9340 1.9540 2.8658 2.6218 2.4763 2.7812 2.2768 2.1753 1.2401 1.6450 1.6685 -0.7201 0.8431 1.1662 
5.2708 4.5312 3.5891 3.6476 3.2054 3.5182 3.2442 2.5325 2.8916 2.7920 3.1952 2.7632 2.5041 2.7994 1.4926 1.9705 -0.4644 1.8930 1.2990 2.5020 2.1667 2.3203 2.6425 2.1226 2.0749 1.6699 2.2190 2.2872 1.7830 1.9338 1.5223 1.8315 1.3883 
5.1236 4.5009 3.9017 3.8708 2.6482 3.0490 1.3303 2.5237 2.7150 2.8339 2.5881 1.8950 2.9248 3.0687 3.2006 3.0947 2.9035 3.0137 3.0406 2.8396 2.5302 1.4558 2.0357 2.1554 1.9145 1.6509 0.3563 1.8081 1.2052 2.2059 1.8513 1.8236 1.3064 
3.8986 4.2470 3.1560 2.5216 3.5094 2.6321 2.5510 3.0023 3.1532 3.3127 2.9398 3.6003 2.9567 2.8782 2.6394 3.0308 2.8146 2.9559 2.4664 2.5538 2.5659 3.1312 2.3741 2.6333 2.3915 2.0946 1.5146 1.4208 2.0340 0.8102 1.0760 1.6471 0.2237 
3.3407 3.7816 2.7202 2.5552 2.9874 3.4075 3.7375 1.7762 2.9849 2.5213 1.8984 2.5087 2.1591 1.8481 2.4969 2.3550 -1.2340 2.2862 2.3394 1.6324 1.7797 2.0558 1.3367 1.8540 2.2279 0.8033 2.6780 2.1827 1.5575 0.8943 0.6466 1.1763 -0.5001 
5.4072 4.2161 3.2044 2.2956 3.1848 2.9258 3.7014 3.4428 3.0278 2.7564 2.5831 2.4332 2.5770 2.6039 1.8285 2.4090 2.1935 2.3393 1.6792 2.3555 2.2738 1.9679 2.0257 2.0857 2.2790 2.4899 2.6317 1.6992 1.7688 0.5693 1.1679 1.5009 1.5881 
5.2086 3.5386 2.4482 2.5141 2.6356 1.3351 2.8809 2.6437 3.2207 3.1703 3.1340 2.6588 2.3054 2.9447 2.9695 2.9539 2.5319 2.8883 2.8101 2.6573 1.9137 2.2460 2.5618 2.5135 2.4478 1.7490 1.7801 0.0545 1.2116 0.8215 0.4006 0.9544 1.3316 
3.3114 4.7747 4.2813 4.0208 4.2098 4.1604 3.6519 3.1769 3.1346 3.4663 3.2709 2.5672 2.8094 2.7001 3.2730 2.8279 1.0334 2.7065 3.0994 2.4275 2.4253 2.1362 2.7214 2.7911 2.3607 2.2960 2.5671 2.9273 2.7929 2.3282 2.2724 2.1526 -0.5770 
5.8709 4.9560 4.2412 3.8795 4.0619 3.7289 3.5024 2.4762 2.6015 3.7389 3.1070 3.2284 2.8890 3.1504 1.0238 3.5451 3.6135 3.4753 0.7983 2.9244 2.4892 2.8109 2.5353 3.0752 1.8413 1.5890 2.4003 2.5008 2.5818 2.2315 2.1998 2.2804 1.9914 
3.9021 4.6945 3.7671 2.8759 3.9286 3.8311 2.7182 2.7720 3.3826 3.3472 3.2628 3.0259 2.2935 2.7399 3.1260 3.5603 3.5622 3.4973 2.9717 2.4621 1.9023 2.5542 2.7139 2.6805 2.5637 1.8540 1.6595 2.6023 2.4911 1.2155 1.7392 2.0191 0.2077 
5.5890 4.8559 4.1377 4.3194 3.8067 3.3974 3.5881 3.1562 3.3916 3.2048 2.7302 3.4956 3.0737 2.9324 2.4609 2.6981 2.8308 2.5936 2.3150 2.6329 2.7209 3.0028 2.2043 2.5343 2.5725 2.2959 2.5069 2.1739 2.3800 2.6177 2.0414 2.1690 1.7633 
5.4148 4.2839 3.7095 2.6818 3.8081 2.6596 3.5723 2.8365 2.4078 2.6420 2.5732 2.8968 2.9483 2.6347 2.8387 2.8471 1.7728 2.7307 2.6255 2.3827 2.5523 2.4094 2.0341 1.9736 1.6593 1.8891 2.4911 1.3925 2.3867 1.0510 1.6607 1.5369 1.5320 
3.3575 3.6995 3.0077 2.8417 1.9945 2.2875 3.3333 2.3500 3.2025 3.3654 2.1339 2.4209 3.0425 3.0961 1.8787 1.8884 2.0885 1.8039 1.7184 2.8732 2.6866 1.9492 1.5885 2.6847 2.4366 1.4289 2.2930 1.0746 0.5608 1.1337 0.9693 1.0737 -0.4907 
5.4043 5.2553 4.6317 4.3887 4.2194 4.8304 4.0805 2.8868 3.2571 2.8838 2.4677 2.3854 2.9574 3.1855 2.9281 3.0506 2.3480 2.9718 2.7476 2.9476 2.5730 1.9121 1.9015 2.2089 2.4699 1.9170 2.9824 3.5969 2.8177 2.7114 2.5378 2.5545 1.5902 
4.7926 4.4906 3.6177 3.6763 2.8971 3.5674 3.5516 2.9635 1.7211 2.6193 2.9621 2.4760 2.5374 2.3288 2.7235 2.5207 -1.2859 2.4354 2.5292 2.0439 2.2286 2.0207 2.3910 1.9491 0.9712 2.0262 2.4641 2.3373 1.3904 1.9629 1.5627 1.8326 1.0412 
5.3578 3.0983 4.2519 4.6353 4.8049 4.2870 4.7330 4.6713 4.6634 4.4968 4.3023 4.0969 3.3927 3.1808 2.9403 2.9262 1.5192 2.8532 2.7590 2.9476 3.0158 3.6077 3.7421 3.8223 3.8389 3.7244 3.6344 3.0545 3.3618 2.9423 2.2102 0.7589 1.4815 
4.5262 4.1250 3.3402 3.2386 4.1709 2.9607 3.6009 2.9870 3.4583 3.2584 1.3076 2.3945 3.1437 2.2903 2.8711 3.1099 -0.1060 3.0251 2.6565 1.9657 2.8226 1.9301 0.7821 2.5826 2.6278 2.0875 2.5230 1.7384 2.7235 1.5793 1.2383 1.4295 0.7650 
5.4625 4.5853 4.1555 3.3240 3.2998 3.0350 1.9945 3.8120 3.4286 2.5200 3.1831 1.8048 3.1468 2.9505 2.4526 3.1559 2.7995 3.0848 2.3017 2.6662 2.8321 1.3381 2.6350 1.8551 2.6019 2.9349 1.0174 1.8018 1.8533 1.6647 2.0609 1.8619 1.6508 
-0.4204 4.0262 2.5483 2.6950 3.9255 2.5216 3.9719 3.6327 3.5222 3.7513 2.7452 3.3374 3.5645 3.7863 3.4723 2.9767 2.6783 2.9059 3.2493 3.5562 3.1735 2.9075 2.1984 3.0847 2.7158 2.7139 2.9270 1.2954 2.4822 1.0416 0.4602 1.3579 -2.0581 
3.4018 4.3786 3.7146 3.9539 2.2289 3.2345 3.5008 3.0847 3.7322 3.0073 3.3162 3.2621 2.9389 2.9344 -0.0194 1.7905 1.9256 1.7176 -0.1424 2.6385 2.5435 2.8444 2.7783 2.3525 2.9616 2.2227 2.4032 2.0100 0.7202 2.2738 1.6881 1.7554 -0.1468 
5.4523 4.1938 2.6725 2.8375 3.2982 3.6335 3.6954 1.2052 3.5819 2.4422 3.2427 3.6618 2.9168 3.7568 2.8063 2.7361 2.1863 2.6281 2.5849 3.5263 2.5262 3.1913 2.6938 1.7983 2.8105 0.3488 2.6284 2.4082 1.8675 1.0966 0.6829 1.5908 1.6465 
4.4606 5.0812 4.3806 3.9307 3.5767 2.7971 2.7463 3.6789 3.5429 2.6092 2.5649 2.8950 3.1223 3.0414 3.3113 2.7488 3.5466 2.6439 3.1311 2.7937 2.7917 2.4123 2.0093 1.9524 2.7395 2.7895 1.7112 1.5626 2.1349 2.2649 2.3437 2.4420 0.5431 
4.4240 4.0754 3.1433 3.3174 3.1652 2.7423 3.0131 3.4967 2.8507 3.2341 2.9946 2.5069 -0.3289 3.1404 2.1024 3.0741 2.3241 2.9971 1.8977 2.9128 -0.4802 2.0481 2.4282 2.5642 2.0205 2.5300 1.9377 1.4842 1.7614 1.6561 1.1384 1.3576 0.6360 
2.7481 4.7778 4.1348 3.4863 3.8867 4.2092 2.8832 3.5012 2.9639 2.7816 2.5330 2.9596 3.3287 2.4335 2.2443 2.9238 2.3464 2.8469 2.0276 2.1895 2.9751 2.4867 1.9796 2.0991 2.1931 2.5327 1.7719 2.9745 2.4611 1.7351 2.0152 2.1114 -1.3439 
5.5600 4.6055 3.5308 3.6001 2.8395 3.5000 3.6156 3.0818 3.2946 3.3208 3.1849 3.0134 3.0160 2.4360 2.7333 3.0533 3.1116 2.9776 2.5328 2.1940 2.6512 2.5363 2.6298 2.6393 2.5162 2.1841 2.5290 2.2760 1.3644 1.8790 1.4628 1.9086 1.7511 
4.3843 3.7846 3.5312 3.2143 2.7066 3.6220 3.1723 2.3573 3.4209 3.5491 2.7006 3.0496 3.0967 2.3356 1.9862 2.9699 3.1388 2.9031 1.8202 2.0457 2.7529 2.5804 2.1555 2.8960 2.6026 1.4176 2.1218 2.3924 1.2287 1.5002 1.4541 1.2309 0.4140 
5.2811 5.0524 4.3457 3.5252 3.8099 4.1535 2.8723 2.9166 3.0065 3.2549 2.8987 3.3094 2.6681 3.0243 2.6077 2.9188 2.6369 2.8365 2.4464 2.7698 2.3299 2.8876 2.3288 2.5763 2.2684 1.9425 1.7479 2.9222 2.3856 1.8196 2.3170 2.4090 1.4886 
5.3404 4.8262 3.9283 4.0384 3.7299 3.4765 4.0569 3.6345 3.5114 3.0696 1.6440 3.2204 2.4940 2.0461 2.3441 2.5353 1.7404 2.4629 2.1788 1.7826 2.1510 2.8009 1.0936 2.4010 2.6950 2.7196 2.9761 2.2623 2.3120 2.3362 1.8530 2.1547 1.4618 
5.6362 5.1998 4.6023 4.1557 3.4384 3.0678 3.8479 3.3508 3.7991 3.7557 3.3647 3.4652 2.7339 2.5647 2.8813 3.1946 2.3746 3.1204 2.6586 2.3351 2.3710 2.9829 2.8242 3.0882 3.0330 2.4281 2.8254 1.8269 1.9628 2.4184 2.5150 2.4963 1.7734 
3.4731 4.0396 3.3944 3.3984 3.5328 2.6413 3.5219 3.6599 3.1491 2.7638 2.3006 1.9633 2.6589 2.7471 2.9804 2.9157 2.1343 2.8324 2.8283 2.4622 2.3232 1.5676 1.7298 2.0718 2.3800 2.7600 2.4358 1.4200 2.0782 1.7053 1.3200 1.3993 -0.9564 
4.6437 4.8272 4.1898 3.7545 3.6179 3.8280 4.1514 3.6664 3.7195 2.7154 3.1591 3.1707 2.9122 3.1760 2.6809 2.9456 2.1443 2.8801 2.5080 2.9437 2.5209 2.7454 2.6085 2.0472 2.9519 2.7675 3.0611 2.5903 2.2142 2.0521 2.1186 2.1791 0.6729 
3.1767 3.9755 2.7583 1.6425 2.5223 2.9074 3.0146 3.4725 2.9483 3.0176 2.8976 2.6114 2.0660 2.4497 0.9555 1.2826 0.6531 1.1910 0.7384 2.2169 1.7256 2.1938 2.3204 2.3603 2.1560 2.5186 1.9332 1.6762 1.1087 -0.0980 0.6647 1.3255 -0.5593 
2.8764 4.7309 4.1355 3.0932 3.2640 3.6364 3.0998 3.0178 3.2451 3.0729 2.8253 2.4169 2.1848 2.1059 2.7955 3.8553 3.6811 3.7650 2.5922 1.8274 1.8069 1.9392 2.2740 2.4093 2.4664 2.1090 2.0248 2.4063 1.8205 1.3930 2.0335 2.0485 -1.3911 
4.8384 3.4948 2.9535 3.1170 3.6557 3.6324 2.3332 2.3747 3.4917 3.3727 3.2006 2.9845 2.4763 2.1018 2.6523 2.4005 2.7281 2.3292 2.4825 1.8222 2.1417 2.5170 2.6573 2.6936 2.6579 1.4671 1.2449 2.3956 2.2565 1.4045 0.7833 1.0100 0.9397 
4.7496 3.7591 3.4522 3.3694 2.5307 3.2576 3.2711 2.7210 3.1149 3.5139 2.3602 1.6955 3.3026 3.1047 2.2628 1.8094 0.1779 1.7360 2.0352 2.8806 2.9600 1.1989 1.7963 2.8484 2.3485 1.7997 2.2561 2.0312 1.1050 1.6806 1.3609 1.0979 0.9063 
