4.7120 4.7900 4.1428 4.4102 4.3469 3.6463 3.8947 4.3025 3.4704 3.2770 2.8368 2.1337 2.7388 3.0438 2.5584 2.8050 2.1304 2.6982 2.4039 2.8002 2.3982 1.7151 2.3028 2.6220 2.6542 3.4496 2.9057 2.4723 2.9682 2.8141 2.1271 2.2457 0.9896 
4.1340 4.9331 4.2450 4.1505 4.3539 3.7551 4.0929 3.0154 3.2712 3.3656 2.0205 2.4796 2.7587 1.9827 2.1325 1.9713 1.0190 1.9038 1.9547 1.7577 2.4094 2.0300 1.4812 2.7058 2.5184 2.1135 3.0263 2.5612 2.9860 2.4863 2.2735 2.3842 0.2648 
4.3198 4.2498 3.6531 4.1561 4.3676 3.7126 3.5070 3.9827 3.6056 3.4200 3.0316 1.7273 2.8170 2.5340 2.1272 2.4954 1.7645 2.4206 1.9538 2.3144 2.4495 1.2484 2.4892 2.7613 2.8738 3.0831 2.4404 2.5141 2.9968 2.4945 1.6274 1.7541 0.3973 
4.6277 4.3796 3.4671 4.0730 4.1210 3.6270 2.8345 2.3543 3.1674 3.1487 2.5127 2.1913 2.3030 1.7539 1.5891 2.0960 2.0103 2.0028 1.4023 1.4670 1.9149 1.7589 1.9639 2.5064 2.4309 1.4232 1.7735 2.4411 2.6846 2.4070 1.4903 1.8202 0.9804 
3.5178 3.8867 3.8779 4.0980 4.2181 3.8483 3.6746 2.5595 3.2125 2.9607 2.9953 0.8401 1.7512 1.6348 1.7050 2.2657 2.3470 2.1565 1.4887 1.3520 1.3740 0.4176 2.4452 2.3287 2.4690 1.7074 2.6337 2.6537 2.8520 2.4255 1.8893 1.3173 -0.4309 
5.0336 3.9893 3.6012 3.6806 3.6854 3.1608 3.8975 3.6107 2.8927 3.1463 2.9388 1.7747 2.6312 2.9583 2.4446 2.6236 1.8325 2.5511 2.3099 2.6752 2.3274 1.3190 2.3832 2.5063 2.0944 2.7161 2.9059 1.9840 2.3245 2.0198 1.6411 1.4073 1.3481 
4.2675 3.9783 2.9338 3.9047 4.3041 4.2514 3.7250 2.9047 3.4698 3.1875 2.3267 1.9827 1.9916 1.7273 0.7525 2.0158 1.9099 1.9438 0.5982 1.4182 1.7046 1.5641 1.7714 2.5542 2.6705 1.9644 2.6882 3.0594 2.9424 2.3095 0.9098 1.3584 0.6063 
3.7178 4.3240 2.6222 2.7861 3.6796 3.5604 3.2181 3.7406 3.4012 2.9824 2.9213 2.3924 3.0050 2.5022 2.7602 1.9174 2.9300 1.8502 2.5644 2.2959 2.6357 1.9413 2.3660 2.3473 2.6056 2.8997 2.2384 2.3652 2.3263 1.1317 0.6489 1.7944 0.1407 
3.3178 4.3035 4.3280 4.2741 4.0605 3.3254 2.8214 3.9922 3.9792 2.2718 3.4680 3.1013 3.1315 2.9187 2.6812 2.7252 2.4171 2.6271 2.5085 2.6219 2.8003 2.6532 2.9261 1.5742 3.1870 3.0932 1.7810 2.1270 2.6194 2.6219 2.3588 1.7689 -0.7077 
4.2716 3.2320 2.7672 3.7226 3.9275 3.7467 3.6540 3.2196 3.2751 1.8084 2.5666 2.4149 2.4592 2.4932 1.3694 3.0866 2.9006 3.0101 1.2415 2.2691 2.1146 1.9591 2.0332 1.1826 2.5158 2.3651 2.6148 2.5537 2.5240 2.0912 0.7703 0.6399 0.5722 
4.9418 1.5781 3.6033 4.1824 4.3205 3.5195 3.6335 3.8862 2.7454 2.5529 2.9460 3.1900 2.4038 2.8278 2.6598 2.0406 1.5979 1.9568 2.4946 2.5453 2.0283 2.7796 2.3951 1.9105 1.9603 3.0104 2.5879 2.3250 2.9519 2.5371 1.6538 -0.1316 1.2028 
5.4781 4.4569 4.1623 4.3189 4.7814 4.4252 4.0993 3.0665 3.3659 3.5191 3.3786 2.9480 2.8519 2.7190 2.5424 2.0069 2.6771 1.9297 2.3899 2.4584 2.4735 2.4796 2.8541 2.8845 2.5807 2.1947 3.0345 3.2301 3.3973 2.6782 2.1660 1.8356 1.7900 
5.3496 4.4454 3.8845 4.2925 3.7443 3.4434 3.6525 3.1264 3.1995 2.0049 2.3795 3.0816 2.7740 3.0151 2.4868 2.5568 1.3999 2.4752 2.3421 2.7633 2.4178 2.6313 1.8310 1.3674 2.4575 2.2851 2.6011 2.2541 2.3666 2.6412 1.9251 1.8456 1.6963 
4.0869 4.8191 4.1326 3.7160 4.3251 1.7083 2.9335 2.3716 3.4160 3.1589 3.0361 2.5015 2.6836 2.5281 2.8156 2.3617 1.8521 2.2943 2.6048 2.3098 2.3573 2.0672 2.4906 2.5203 2.6329 1.4326 1.8885 0.3965 2.9517 2.0860 2.0968 2.3058 0.5496 
3.9567 4.0902 3.8983 3.4561 2.9415 4.4398 3.6659 3.2941 1.3055 2.9210 2.6443 2.6337 2.4569 2.3075 2.5302 1.8922 2.4607 1.8087 2.3824 1.9935 2.1114 2.2302 2.1175 2.2850 0.5280 2.4217 2.6193 3.2487 1.4613 1.7822 1.8968 1.4977 0.3833 
4.0448 4.1327 4.1863 4.2962 4.5300 4.7179 3.9336 3.6222 3.1214 3.3583 2.6076 3.2877 3.2241 1.9636 1.1831 2.3289 2.3552 2.2391 0.9879 1.7425 2.9178 2.8968 2.0713 2.6958 2.3830 2.7352 2.9212 3.5235 3.1316 2.6509 2.2070 1.5181 0.1023 
3.5618 3.7594 4.0763 3.6264 3.4977 3.9713 3.8543 4.2361 3.6087 3.1713 2.5821 2.1411 2.2130 2.7833 2.2466 2.4048 2.0792 2.3381 2.0330 2.5075 1.8557 1.7215 2.0512 2.5453 2.8680 3.3602 2.8710 2.7749 2.0727 1.9540 2.0325 1.2362 -0.0255 
4.1101 4.3463 3.9537 3.6852 3.4546 4.1111 4.2962 3.6398 3.6322 1.9565 3.1265 1.2537 2.6532 2.5772 2.7634 3.0522 2.6633 2.9793 2.5682 2.3576 2.3403 0.7859 2.5727 1.3261 2.9054 2.7601 3.2595 2.9216 2.0171 2.0322 1.9556 1.7818 0.1714 
3.6428 3.1596 3.7178 3.1010 4.3736 3.3603 4.2554 3.7884 3.6193 2.9488 3.2467 3.1526 2.0237 2.1888 2.2983 1.3203 2.4357 1.2375 2.0745 1.9108 1.7180 2.7147 2.7164 2.3193 2.8885 2.9429 3.2140 2.1508 3.0086 1.4837 1.7539 0.6079 -0.0266 
4.4234 3.8983 3.2785 4.1262 4.6662 3.0765 3.0669 3.6322 3.2837 3.7559 2.3113 2.5382 2.6203 2.1301 2.4489 1.7332 2.0236 1.6638 2.3090 1.8818 2.3168 2.1053 1.7393 3.1191 2.5307 2.7454 2.0151 1.8871 3.2271 2.4641 1.3027 1.2788 0.6899 
4.9353 4.7406 3.6565 3.2352 3.6240 3.5281 3.7252 2.5464 3.5253 0.7741 3.1295 3.5050 2.9518 2.9739 1.5025 0.9927 1.5651 0.8895 1.3218 2.6992 2.5660 3.0306 2.5769 0.0559 2.7407 1.6845 2.6974 2.3363 2.2639 1.6166 1.6708 2.1493 1.3319 
4.5939 4.8753 4.2654 4.5461 4.9194 4.9443 4.6909 4.1285 3.7539 1.5590 3.4556 3.1134 3.1406 3.0822 3.0475 2.8821 2.7207 2.7722 2.9106 2.8619 2.8166 2.6771 2.9159 0.9902 3.0075 3.1968 3.6246 3.7518 3.5504 2.9310 2.3291 2.3388 0.8703 
4.9574 3.9792 3.7686 3.4344 4.1226 3.5367 4.1052 3.9455 3.7965 3.5657 2.4785 3.3779 3.1260 3.0697 2.8092 2.9186 -1.7300 2.8212 2.6073 2.8378 2.7963 2.9480 1.9340 2.9292 3.0557 3.0500 3.0461 2.3361 2.7093 1.7639 1.8157 1.3335 1.2503 
5.8794 5.5624 4.4323 4.4304 3.7820 4.4425 4.0152 3.4157 3.2910 3.3737 3.6719 3.2084 3.0274 2.9940 3.0692 2.5976 2.9090 2.5257 2.9275 2.7296 2.6650 2.7963 3.1297 2.7218 2.5431 2.4965 2.9734 3.2571 2.4132 2.8168 2.4210 3.0101 2.2003 
4.7331 4.7398 3.5690 3.1883 4.0640 4.0544 4.2802 3.6702 3.5787 3.1870 3.5539 3.4128 2.1969 2.9492 2.3521 2.8020 2.6193 2.6958 2.1794 2.6589 1.8242 2.9655 3.0016 2.5562 2.8378 2.7946 3.2435 2.8717 2.6302 1.5245 1.6609 2.1437 1.1266 
4.0805 4.3335 3.8072 3.5016 4.1469 3.9173 2.8792 3.9866 4.2582 3.5222 3.5871 2.3975 0.0202 2.5531 2.5900 3.1386 3.2461 3.0596 2.4437 2.3304 -0.3022 1.9370 3.0371 2.8835 3.5276 3.0881 1.8280 2.7244 2.7427 1.8056 1.8271 1.7865 0.5180 
4.6406 4.3225 3.3701 3.5277 4.2480 4.3432 3.7974 3.3454 2.2455 3.3708 2.7331 3.0964 2.7821 2.5442 2.4146 2.0759 2.5145 1.9820 2.2689 2.3205 2.4222 2.6484 2.1986 2.7167 1.4825 2.4497 2.7972 3.1502 2.9042 1.8542 1.3160 1.7695 0.9947 
5.3503 5.3703 4.2272 3.9497 4.6601 4.1680 4.4033 4.4619 4.1553 2.6852 3.2615 3.2768 3.0413 3.1331 2.7261 2.9389 2.9829 2.8626 2.5509 2.9113 2.6922 2.8790 2.7281 2.0272 3.3864 3.5948 3.4098 2.9754 3.2317 2.3209 2.2462 2.8056 1.6396 
1.8972 3.9555 3.2724 3.1375 3.5503 3.8432 3.8350 3.4031 3.2360 1.8696 2.7945 2.5521 2.9440 2.6231 2.2979 1.8195 1.5712 1.7496 2.0800 2.3904 2.5617 2.1115 2.2724 1.2085 2.4908 2.4860 2.8555 2.6429 2.1614 1.4846 1.2680 1.3927 -0.7908 
4.6689 4.5767 3.3882 2.4830 4.2500 3.5520 3.5645 3.6003 4.0404 3.7129 3.0225 2.9412 3.5019 2.6091 2.0222 2.3404 2.0377 2.2625 1.8663 2.3762 3.1126 2.4760 2.4710 3.0667 3.2414 2.7089 2.5196 2.3581 2.8989 0.9102 1.4281 1.9690 1.0314 
3.5048 4.2906 4.1230 4.2593 4.8368 4.1082 4.1984 4.0240 4.0732 3.3433 3.0885 2.9364 2.2768 2.5207 2.4153 2.5333 3.2001 2.4522 2.2817 2.3022 1.8813 2.4636 2.5439 2.6919 3.2707 3.1110 3.1560 2.9068 3.4809 2.6058 2.0930 1.7546 0.1613 
5.0991 4.4738 3.6735 3.1174 4.2583 4.0056 4.0498 1.7194 3.6486 3.0587 3.0492 2.3539 2.4917 2.4300 2.1504 1.9451 2.0277 1.8622 1.9667 2.1869 2.1553 1.8888 2.5037 2.4101 2.9199 0.9686 3.0018 2.7915 2.9126 1.4810 1.7250 1.9139 1.4434 
5.6797 4.7289 4.3885 4.0176 3.0431 3.0454 1.7965 3.7466 2.6289 2.9393 1.1025 2.9825 3.2962 2.6341 1.3966 1.5280 1.6841 1.4380 1.2409 2.3971 2.9700 2.5245 0.4951 2.3037 1.8828 2.9039 0.7724 1.8639 1.6562 2.3632 2.4054 2.0315 1.9195 
4.7821 4.9297 4.4181 4.2269 4.3434 2.8714 3.2247 2.9134 2.5587 2.5643 2.8078 2.7849 2.0906 1.7720 1.4851 2.5639 2.6567 2.4931 1.3080 1.4967 1.7704 2.3467 2.2977 1.9211 1.8239 1.9881 2.2279 1.6375 2.9712 2.5655 2.4426 2.3689 1.0398 
5.9989 5.2919 4.5011 4.3046 4.5441 4.7499 4.1615 4.2496 3.9908 3.5980 3.7923 3.5737 2.9436 2.5492 2.3842 2.4483 2.6990 2.3768 2.2259 2.3222 2.5614 3.1126 3.2609 2.9605 3.2037 3.3692 3.1248 3.5523 3.1467 2.6658 2.5159 2.6336 2.3320 
4.0227 3.7137 3.7277 3.6387 3.8482 3.8965 3.8852 3.1401 3.5993 2.3037 3.2269 2.3750 3.2830 1.4072 3.2358 2.9124 2.4138 2.8107 3.0764 1.2054 2.9601 1.9032 2.6965 1.6848 2.8641 2.3027 2.9010 2.7088 2.4644 1.9829 1.7377 1.2340 0.2085 
5.2921 5.1362 4.4140 4.3595 4.4396 3.9442 3.8787 2.7190 3.5409 3.1809 2.9615 2.8643 2.6848 1.9113 3.1377 2.2329 2.0410 2.1197 2.9840 1.6933 2.3603 2.4021 2.4091 2.5494 2.7672 1.8485 2.8998 2.7431 3.0583 2.7352 2.4166 2.5350 1.4051 
5.0086 4.3553 2.9576 3.7571 4.8740 4.3569 3.1786 4.1482 3.7257 2.9479 3.6863 3.2849 1.9371 2.8638 2.9293 3.1043 3.1426 3.0280 2.7343 2.5629 1.6175 2.8826 3.1461 2.3183 2.9789 3.2331 2.1646 3.1597 3.5187 2.1640 1.0207 1.7707 1.2819 
4.8582 4.3292 3.6668 3.7385 3.8789 3.7621 3.8432 3.3240 4.0459 3.1598 2.3197 2.0322 2.9882 3.0540 2.9154 2.7156 1.7761 2.6115 2.7118 2.8163 2.6218 1.6095 1.7663 2.5188 3.2474 2.4448 2.8542 2.5689 2.5008 2.0872 1.7160 1.7987 1.1907 
5.3341 4.5085 3.4901 3.8422 4.2629 4.3312 3.4633 3.5545 3.3506 3.1468 2.5682 2.4640 3.0127 3.2022 1.8296 2.4274 1.3867 2.3588 1.6862 2.9755 2.6532 2.0084 2.0336 2.5056 2.5658 2.6381 2.4051 3.1347 2.9136 2.2098 1.4558 1.8770 1.6071 
5.5955 5.1223 4.2420 4.1355 3.9563 3.6307 3.6743 4.3202 4.0421 3.0181 3.5367 3.2640 3.3644 3.4059 2.7990 2.6823 3.4570 2.5932 2.5897 3.1230 3.0144 2.8596 2.9849 2.3777 3.2386 3.4773 2.6468 2.4463 2.5422 2.4813 2.2744 2.5200 1.9010 
4.5899 4.1731 3.8189 3.1600 4.1012 4.2926 4.5042 3.2539 2.4019 2.0818 1.8808 1.8113 2.3838 2.6334 2.4553 1.8537 0.5352 1.7852 2.3176 2.3952 2.0055 1.3633 1.3316 1.4314 1.6711 2.3780 3.5093 3.1051 2.6683 1.5481 1.8272 1.5754 0.8096 
4.4408 4.8655 4.0847 3.1740 4.3025 4.1821 4.3981 2.6391 4.0365 3.3507 3.6808 3.6168 2.9927 3.1947 3.4778 3.2337 3.0078 3.1533 3.2636 2.9710 2.6207 3.1585 3.1419 2.7017 3.2382 1.7955 3.4040 2.9881 2.9429 1.5605 2.0271 2.3461 0.8480 
3.3068 3.9501 2.5544 2.3238 2.9013 4.2329 1.7885 4.1789 3.5307 3.2528 3.0614 3.1428 3.0161 2.5135 2.6878 2.9616 3.1144 2.9031 2.5214 2.3000 2.6525 2.6994 2.5216 2.6043 2.7463 3.2740 0.7072 3.0400 1.5020 0.6998 0.5424 1.3519 -0.5946 
4.3689 4.6428 4.2299 3.7376 2.6328 3.5006 3.7163 3.3193 0.7626 2.9753 0.8818 3.0289 1.7284 2.2923 2.9984 2.7560 2.1945 2.6515 2.8468 1.9760 1.3518 2.5662 0.3941 2.3371 0.1342 2.4302 2.6958 2.2989 1.2044 2.0876 2.2626 2.0376 0.6301 
2.1733 4.3539 3.3788 4.3026 3.4804 4.2519 4.3062 3.7344 4.0311 3.6120 3.5376 3.3863 3.4900 3.1045 2.5583 2.6454 -0.1797 2.5583 2.4068 2.8812 3.0997 2.9509 2.9853 2.9754 3.2353 2.8974 3.2756 3.0632 2.0137 2.6569 1.3681 1.8059 -2.0068 
4.4228 4.2093 3.1706 3.6035 3.6149 3.8846 3.3792 2.1775 2.5247 2.8031 1.3952 2.5569 2.5390 2.0889 2.1560 1.2489 1.8219 1.1779 1.9646 1.8368 2.2112 2.1257 0.8522 2.1458 1.7883 1.2691 2.3567 2.6929 2.2507 1.9503 1.1626 1.6655 0.8487 
4.6502 4.0997 3.6648 3.6789 3.2160 4.1282 3.9662 3.5830 3.9832 3.5584 3.2411 3.1652 3.1519 2.6447 1.4212 2.7071 1.9646 2.6074 1.2718 2.3988 2.8344 2.7530 2.7145 2.9218 3.1915 2.6750 2.9461 2.9398 1.8340 2.0166 1.7227 1.4561 0.7580 
4.7714 4.7193 3.2997 4.2117 4.5324 4.2705 3.2046 3.7206 2.6046 3.4132 3.5652 2.8893 3.1910 3.0955 3.2244 2.8957 2.5735 2.7810 3.0665 2.8778 2.9003 2.4111 3.0131 2.7536 1.8746 2.8695 2.2259 3.0731 3.1338 2.5575 1.2972 2.0991 1.0039 
4.4259 4.4166 4.2298 4.5077 4.8929 3.7524 2.8173 3.5447 2.1029 2.5124 2.5482 2.8206 3.1950 2.4368 2.3115 2.5616 0.6804 2.4854 2.1016 2.1906 2.9032 2.3745 2.0013 1.8688 1.3531 2.6236 1.7878 2.5476 3.5305 2.9087 2.2676 1.8650 0.5929 
4.3498 4.7886 4.0959 4.4604 4.5074 3.1851 3.7708 3.9961 3.7738 3.4960 3.4978 2.6372 2.1287 2.8576 0.7362 2.3718 1.9364 2.3091 0.5612 2.5580 1.7907 2.2202 2.9401 2.8339 3.0319 3.0900 2.7848 2.0238 3.1041 2.8742 2.0904 2.2498 0.7199 
4.6568 4.7703 2.9709 3.7993 4.2501 4.2336 3.9147 2.4001 2.3738 2.4193 1.8343 3.0127 2.9663 2.0971 2.2424 2.5123 1.9975 2.4373 2.0456 1.8313 2.5817 2.5615 1.2801 1.7728 1.6324 1.4711 2.9153 3.0448 2.8987 2.2016 0.8303 2.2007 1.1489 
3.6839 4.1742 2.9836 4.5634 4.3630 1.9527 3.3504 3.6386 3.5292 3.0972 2.9356 2.4031 2.4074 3.0343 2.1187 2.0918 1.0923 1.9929 1.9410 2.7881 2.0461 1.9546 2.3791 2.4551 2.7500 2.7596 2.3413 0.7981 2.9929 2.9401 1.1177 1.6076 -0.0843 
3.9773 4.3926 3.6199 3.6163 2.8831 3.3676 3.8837 2.3807 2.8157 3.2473 2.1273 2.3490 2.2845 1.4972 1.7855 1.8557 1.3780 1.7790 1.6218 1.2576 1.8974 1.8754 1.6071 2.5920 2.0310 1.4579 2.8999 2.1828 1.4190 1.9628 1.5983 1.8669 0.4099 
4.9637 5.0651 4.1855 3.6690 3.5366 3.6974 4.1144 3.6610 2.8822 2.1019 2.8809 2.7465 2.9591 3.2765 2.6228 1.1006 2.8111 0.9826 2.4588 3.0290 2.5779 2.3303 2.3316 1.4445 2.0786 2.7835 3.0580 2.5033 2.1239 2.0183 2.1822 2.4917 1.2141 
4.8658 3.7614 1.8123 3.9516 3.9956 3.7555 3.4037 3.2142 3.3552 3.2363 3.4033 2.5733 1.7541 2.8734 2.3429 1.6006 2.3337 1.4964 2.1526 2.5641 1.3818 2.1473 2.8798 2.5863 2.5708 2.3593 2.3638 2.5691 2.5636 2.3404 -0.0340 1.2249 1.2260 
3.4992 3.3934 3.1658 4.0700 4.7043 3.8936 3.6803 2.8816 2.4622 3.0034 2.5489 2.4975 3.2941 2.3631 1.0437 2.3010 -0.1561 2.1865 0.8171 2.0767 2.9658 2.0579 1.9933 2.3678 1.7316 1.9481 2.6465 2.6901 3.2710 2.4141 1.2081 0.7911 -0.0571 
4.5827 4.7907 3.2508 3.9624 4.4886 2.4238 4.2068 3.7767 2.9427 2.5157 2.9869 1.9034 2.1148 2.4492 2.4152 2.0418 0.6257 1.9556 2.2704 2.2062 1.7807 1.4475 2.4402 1.8598 2.1590 2.9312 3.1605 1.3067 3.0977 2.3450 1.2808 2.2416 0.8262 
4.0349 4.9105 3.7241 3.0983 3.2259 2.7257 4.1692 3.5624 2.5260 3.2462 3.2025 2.4974 2.7425 2.0972 2.3175 1.5502 -0.4651 1.4463 2.1193 1.8429 2.3963 2.0343 2.6749 2.5893 1.7919 2.6525 3.1235 1.5509 1.8380 1.4405 1.7158 2.3691 0.6416 
5.0491 3.6057 2.7824 3.3144 4.2592 4.4368 3.5514 3.4209 3.1874 2.3673 3.6436 3.1560 2.9972 1.2455 2.4383 2.8736 2.7160 2.7650 2.3068 0.9800 2.6263 2.7239 3.1039 1.7189 2.4428 2.5180 2.4968 3.2464 2.9042 1.7204 0.8126 0.8844 1.3054 
4.9012 4.0311 2.8264 3.7801 4.4875 3.9594 2.4768 2.8956 3.3857 2.1298 2.5247 3.0214 2.5616 1.5045 1.4039 1.3515 0.7687 1.2711 1.2469 1.2413 2.2493 2.5621 1.9787 1.4865 2.5905 1.9668 1.4468 2.7546 3.0993 2.1919 0.8197 1.3861 1.1963 
4.3848 3.8950 3.9905 4.0838 4.1880 4.0818 4.2175 2.9629 3.7523 3.2865 3.5409 3.7163 2.9527 3.0081 3.0232 2.9585 2.5526 2.8976 2.8873 2.7511 2.5659 3.2721 2.9924 2.6323 3.0085 2.0639 3.1693 2.8851 2.8172 2.4042 1.9881 1.3011 0.7635 
2.9889 4.7251 3.5383 4.3732 4.8878 3.7091 3.1141 3.8891 2.5872 3.7091 3.0352 3.3563 3.3648 3.2289 2.7745 3.1538 2.9941 3.0742 2.5729 2.9926 3.0128 2.9325 2.4856 3.0652 1.8391 3.0119 2.0846 2.5044 3.5260 2.7808 1.5078 2.1133 -0.7094 
3.7469 4.4294 3.5033 3.8881 2.7856 3.8212 3.0012 3.2402 2.6476 2.4399 3.3457 3.1088 2.5423 2.3070 2.5549 1.2029 2.4034 1.1400 2.3980 1.9947 2.2236 2.6601 2.8224 1.7949 1.8905 2.3735 1.9694 2.6310 1.3614 2.2810 1.4337 1.8724 0.4000 
4.5694 4.1233 3.9972 3.5123 3.6100 4.0294 3.9398 3.4890 3.1320 3.2572 2.3450 3.2209 2.7751 2.4354 2.2846 2.4161 -2.2769 2.3454 2.0696 2.1890 2.4163 2.8152 1.7799 2.6058 2.3930 2.5557 2.9347 2.8339 2.2549 1.8388 1.9680 1.4929 0.8616 
3.3664 4.2922 4.0524 3.5777 4.0266 4.3068 3.9277 1.9993 3.7289 3.6271 1.8638 1.9213 3.1712 2.3971 2.5570 2.6087 1.3332 2.5313 2.4029 2.1332 2.8787 1.5132 1.3547 2.9854 2.9868 1.2012 2.9254 3.1154 2.6015 1.9179 2.0078 1.7537 -0.0318 
4.9206 4.3259 3.8411 4.1205 4.3477 3.8579 4.3009 4.1010 3.3015 2.8229 3.3218 3.6610 2.9237 2.8921 2.8776 1.8588 2.5184 1.7867 2.6624 2.5767 2.5406 3.2041 2.8020 2.1613 2.5300 3.1624 3.2723 2.6603 2.9793 2.4410 1.8450 1.7414 1.1599 
1.7837 4.4250 3.6083 3.9260 4.4324 3.7238 3.0412 2.5557 2.9528 3.0586 3.0279 2.3267 2.0853 2.7828 2.5909 1.1141 0.0391 1.0085 2.4413 2.5082 1.7593 1.8514 2.4781 2.4146 2.1926 1.7246 1.9756 2.5375 3.0499 2.3201 1.5921 1.8965 -1.3959 
4.9220 4.4258 3.7959 4.4717 4.6748 4.6431 4.3308 3.6661 2.6880 2.8662 3.2299 2.9299 3.0086 1.9674 0.4513 2.7672 2.6190 2.6653 0.2219 1.7570 2.6471 2.4625 2.6968 2.1960 1.9213 2.7992 3.3048 3.4466 3.2393 2.8551 1.8220 1.8377 1.1339 
4.4910 4.0743 4.0205 4.0552 3.2380 3.6621 4.1561 3.8959 3.2282 2.5011 2.3739 2.5578 2.0258 2.3101 2.4918 1.9470 2.3729 1.8679 2.3490 2.0053 1.7280 2.1273 1.8151 1.8709 2.4656 3.0160 3.1066 2.4857 1.8601 2.3853 2.0305 1.4467 0.8865 
3.4148 3.6626 3.0235 4.2337 4.9093 4.3387 3.5815 3.2247 2.6762 3.4988 2.9000 3.4623 2.9242 2.5505 2.8109 2.6771 2.5986 2.5799 2.6061 2.3289 2.5421 2.9968 2.3460 2.8403 1.9086 2.3725 2.5355 3.1384 3.5449 2.5891 1.1067 1.1373 -0.2148 
4.9755 4.8889 4.1913 3.9935 4.5886 3.9617 3.6355 3.5512 3.5958 3.8091 2.5465 3.2077 3.2894 3.5150 2.9000 2.8799 2.1443 2.7699 2.6784 3.2108 2.9627 2.8016 1.9968 3.1629 2.8625 2.6336 2.5906 2.7559 3.1636 2.3548 2.1828 2.3285 1.1848 
5.0114 3.5737 2.3108 4.2226 4.6815 3.9750 2.5176 3.7022 3.4952 2.5206 2.0020 1.5017 3.0505 3.2150 3.1183 2.7612 2.4428 2.6577 2.9675 2.9822 2.6989 1.1226 1.4797 1.8833 2.6926 2.8464 1.4513 2.7721 3.2334 2.5727 0.4406 0.8784 1.2876 
5.2725 4.7506 4.3753 4.6933 4.5955 4.3491 3.5689 3.9316 3.0656 3.1538 2.3062 2.3430 1.5262 2.5471 2.8629 1.8535 -0.2167 1.7735 2.6472 2.3294 1.1760 1.8844 1.7500 2.5126 2.3309 3.0452 2.5195 3.1542 3.1657 3.0163 2.4187 2.1662 1.6360 
3.1292 4.1450 3.5338 3.9505 4.1229 3.9115 3.7876 3.2227 2.9426 3.2932 3.1546 2.3860 2.3441 2.4581 1.1115 0.6506 2.3105 0.5783 0.8864 2.2176 1.9645 1.9230 2.6070 2.6441 2.1750 2.3589 2.7870 2.7253 2.6963 2.3382 1.4903 1.5868 -0.3002 
5.1378 4.7153 3.9819 3.9213 4.5710 4.1496 3.6306 2.8538 2.9676 2.9328 3.1311 2.3080 2.5126 2.4951 2.5154 2.4792 -1.1578 2.4011 2.3708 2.2695 2.1903 1.8230 2.5770 2.3032 2.2120 1.9401 2.5758 2.9509 3.1617 2.2896 1.9653 2.1721 1.4383 
3.4730 4.1510 4.1975 4.0838 4.4225 3.8003 2.7756 3.4804 3.5917 2.6778 2.7544 2.5598 2.1976 1.9223 2.6745 3.0454 2.8807 2.9738 2.5106 1.7098 1.8334 2.1314 2.2341 2.0222 2.8499 2.5549 1.7470 2.5993 3.0476 2.4128 2.2018 1.5960 -1.0026 
3.6559 4.8708 3.6542 3.6146 4.3308 4.2090 3.5972 3.0836 1.4928 3.6127 2.7068 2.6229 3.1647 1.8221 3.0186 2.7746 2.2687 2.6695 2.8782 1.5781 2.8668 2.2210 2.1746 2.9762 0.7435 2.2249 2.5461 3.0150 2.9641 1.9559 1.6246 2.3342 -0.4875 
2.4385 4.0306 2.5172 4.1373 3.7183 4.3520 2.7535 3.8066 3.2131 3.0685 1.1372 2.9003 2.2838 2.1582 2.2378 1.9936 1.9156 1.9212 2.0260 1.8927 1.8899 2.4242 0.5860 2.4289 2.4611 2.9572 1.7515 3.1591 2.3542 2.4598 0.4546 1.4357 -0.4346 
3.9158 2.8490 4.0635 4.1366 3.7906 3.2614 3.5021 4.2064 3.6769 3.4851 2.0737 3.1802 2.9612 2.4905 2.9191 2.7401 2.1999 2.6343 2.7183 2.2673 2.5746 2.7687 1.5461 2.8245 2.9382 3.3165 2.4447 2.0527 2.4269 2.4660 2.0455 0.1766 0.3508 
4.2447 4.7364 4.4424 4.6378 4.3809 4.3294 4.0324 3.7826 3.3947 3.6910 3.7016 3.2838 2.1878 2.6567 1.5765 2.0532 1.5760 1.9655 1.3946 2.4096 1.8333 2.8786 3.1565 3.0492 2.6123 2.9364 2.9859 3.1449 3.0033 2.9803 2.4817 2.1943 0.5859 
3.5598 4.3510 4.1413 3.0653 3.8472 3.3748 3.4944 3.1549 3.0168 3.1095 3.1586 2.6180 1.7316 3.0915 2.6044 2.1193 2.2106 2.0207 2.4471 2.8756 1.3462 2.2068 2.6108 2.4659 2.3020 2.3093 2.4230 2.1992 2.4635 1.4475 2.1140 1.8119 0.1185 
4.1231 4.7340 3.4156 3.9678 4.2565 3.4861 3.5394 3.4982 2.8582 3.2618 2.3034 1.7144 3.0630 3.1293 2.9203 2.5875 1.8584 2.5170 2.7168 2.9077 2.7145 1.2052 1.7279 2.6166 2.0638 2.5565 2.4745 2.2649 2.8994 2.3592 1.2797 2.1491 0.7700 
5.3692 4.7606 4.1236 4.2214 4.1504 4.2929 3.7349 3.7515 3.3472 0.2077 1.9463 3.1909 2.9443 2.8719 2.8575 2.0010 1.6606 1.9235 2.6418 2.5654 2.5628 2.7825 1.4075 -0.3265 2.5643 2.9053 2.7045 3.1013 2.7530 2.5628 2.0783 2.1312 1.6203 
5.0172 3.7731 3.6776 3.4966 4.6847 4.3282 3.1329 3.1062 2.7145 3.5172 2.9112 2.8988 2.5292 3.3375 2.9806 2.7716 3.4146 2.6709 2.8161 3.0753 2.1967 2.4216 2.3556 2.8764 1.9469 2.2502 2.1088 3.1334 3.2436 1.8261 1.7073 1.1404 1.3171 
5.0078 3.6829 3.1603 4.0250 4.1168 4.6231 3.6853 2.3778 2.6411 2.9486 3.1271 3.0279 3.2648 3.1478 2.8913 1.3438 2.0263 1.2726 2.6739 2.9254 2.9479 2.5671 2.5699 2.3156 1.9015 1.5035 2.6283 3.4364 2.6867 2.3652 1.1565 0.9582 1.2565 
4.7223 5.1054 4.7338 4.6575 4.0003 4.2929 4.2050 4.3337 4.4174 4.0585 3.7950 3.5817 3.2720 3.7864 3.7400 3.1230 3.3896 3.0454 3.5832 3.5636 2.9522 3.1269 3.2570 3.4015 3.6680 3.4945 3.1634 3.1038 2.5636 2.9985 2.7273 2.5590 1.1029 
5.3755 4.2970 4.1083 4.2629 3.8580 4.2345 4.1286 3.6359 3.2978 3.5906 3.1895 3.2095 3.0082 3.0120 2.7099 3.0524 2.1686 2.9812 2.5303 2.7552 2.6463 2.8023 2.6490 2.9564 2.5515 2.7533 3.0722 3.0474 2.4691 2.6000 2.0995 1.7168 1.7081 
4.6303 5.0337 4.3901 3.6206 3.9957 3.9609 2.9595 3.4045 3.2894 3.5595 1.9108 2.3612 2.2721 2.9028 2.4842 2.7130 2.3729 2.6146 2.3395 2.5909 1.8834 1.8995 1.3851 2.9258 2.5265 2.5006 1.9252 2.7658 2.5705 1.9603 2.4051 2.4784 0.7897 
5.4387 4.5600 3.3200 4.1039 3.0720 4.1563 3.1139 2.9416 3.6746 3.4329 2.6743 2.9569 2.3580 2.9979 3.1231 3.3839 3.4332 3.2829 2.9722 2.7450 1.9659 2.4920 2.1443 2.7773 2.9422 2.0372 2.0597 2.9676 1.6795 2.4376 1.3759 2.0073 1.7618 
4.0697 4.4628 3.2819 4.0204 3.3050 4.0245 2.9260 3.1885 2.8792 3.0710 3.3106 2.8137 2.6371 2.5642 2.2170 0.9499 2.4234 0.8377 2.0147 2.3455 2.3285 2.3678 2.7788 2.4302 2.0609 2.3477 1.8737 2.8281 1.8987 2.3650 1.2970 1.8952 0.6263 
4.1386 4.7229 4.2120 3.4017 4.1846 3.5031 2.8433 3.1637 3.6862 3.5427 3.3532 3.0606 2.9960 2.0281 2.9137 2.9851 2.6392 2.9194 2.7103 1.7890 2.6273 2.5992 2.8288 2.9104 2.9557 2.3179 1.8187 2.2974 2.8096 1.7706 2.2497 2.1548 0.5409 
4.7529 4.7646 4.1249 4.0555 3.7947 3.9899 3.6542 3.4216 3.5125 2.5692 2.3548 2.5812 2.2222 2.6778 2.7130 2.5141 3.1300 2.4377 2.5348 2.4312 1.8460 2.1629 1.8083 1.9340 2.7171 2.5092 2.6126 2.8019 2.4149 2.3909 2.0837 2.2440 1.1283 
4.3619 4.4820 3.2914 3.8951 4.0236 3.0277 3.0131 3.5228 3.2685 3.5166 3.3541 3.4933 3.0258 2.7950 2.4945 2.3661 2.8057 2.3069 2.3492 2.5146 2.6632 3.0160 2.8320 2.8756 2.5177 2.5867 1.9750 1.8177 2.5889 2.3059 1.2772 1.9126 0.6363 
4.1269 4.7616 4.1951 2.4927 3.5236 3.6323 3.7485 2.8476 4.1027 3.4984 2.3473 0.8739 1.9620 1.7995 2.6298 2.4057 1.4547 2.3390 2.4707 1.5364 1.6547 0.4947 1.7891 2.8340 3.3063 1.9466 2.7247 2.4428 2.0972 0.8385 2.1842 2.2040 0.6816 
4.1098 4.6761 3.8565 4.1273 4.5371 4.5646 4.0434 3.8237 3.5459 2.9333 2.8667 2.4028 2.9397 2.4796 2.5123 2.3331 2.9512 2.2480 2.3608 2.2550 2.5592 1.9499 2.3245 2.2961 2.7761 2.9665 2.9929 3.3680 3.1397 2.4541 1.8748 2.0579 0.6635 
2.7753 4.3180 3.9740 4.2088 4.3724 4.5651 4.7492 4.2590 3.6943 2.1062 3.2285 3.5337 2.5153 2.6373 2.4172 2.6685 2.0539 2.5713 2.2791 2.3991 2.1754 3.0654 2.6995 1.4468 2.9545 3.3851 3.6981 3.3757 3.0065 2.5549 1.9621 1.7615 -1.5920 
5.1118 4.7671 3.1181 4.1150 4.1518 4.0437 4.4389 4.2207 3.5257 2.7511 1.9070 3.2167 3.0144 3.2527 1.8192 2.5191 2.9246 2.4433 1.6909 3.0105 2.6499 2.8123 1.3712 2.0995 2.7327 3.3334 3.4570 2.8489 2.7559 2.4352 1.1074 2.1661 1.3721 
4.5490 4.1230 4.2537 4.1826 3.9896 4.3886 4.5398 4.1212 3.7612 2.4519 2.3311 1.3669 1.2944 2.0242 2.5266 2.2570 2.7467 2.1464 2.3758 1.7955 0.9426 0.9380 1.7693 1.8144 3.0171 3.1882 3.5321 3.2019 2.5627 2.5278 2.2965 1.5155 0.7963 
