3.2643 2.9915 2.6029 2.8409 2.7915 2.1291 1.5401 0.9429 0.9926 1.3550 1.7036 1.4509 -0.0802 1.7559 1.7370 1.2158 -0.0359 1.1317 1.5968 1.5116 -0.4484 1.0221 1.1414 0.6869 0.1686 0.0103 0.4720 0.8915 1.3094 1.1254 0.5656 0.3907 -0.5212 
1.8592 3.1134 2.3934 2.5968 2.4899 1.9063 1.7693 2.7561 2.3790 2.2583 1.6629 2.2727 1.0349 1.4542 1.8514 1.8085 1.7209 1.7274 1.6966 1.1806 0.6396 1.7949 1.0990 1.6086 1.6306 1.8201 0.7083 0.6860 1.0826 0.9448 0.4179 0.5135 -1.7501 
3.3970 2.8738 1.8045 1.2295 1.5830 1.6387 1.6074 1.2147 0.1557 1.7148 1.2135 1.1908 1.0289 1.2277 0.7283 1.2042 1.3842 1.1273 0.5592 1.0052 0.6386 0.7327 0.6474 1.0644 -0.6191 0.3218 0.5150 0.4215 0.1235 -0.4061 -0.3005 0.3069 -0.5943 
3.8345 3.1785 1.9318 2.0466 2.0895 1.8144 1.2431 1.4248 1.5817 1.3160 1.0657 1.2792 0.4456 1.1216 0.9758 1.2589 1.2350 1.1792 0.7521 0.8655 0.0411 0.8529 0.5070 0.6507 0.7588 0.5208 0.1843 0.5878 0.6411 0.4021 -0.1239 0.5392 0.0716 
3.1291 3.7101 3.1588 2.5916 2.5924 2.0050 1.8799 1.6517 1.7351 1.2099 1.5299 2.4619 2.3995 1.7013 0.3220 1.1451 -1.4562 1.0709 0.0888 1.4213 2.0442 2.0113 1.0024 0.5391 0.9979 0.6935 0.8577 0.7635 1.1704 0.9434 1.1272 1.0972 -0.6823 
4.1021 3.2518 2.3713 -0.1315 2.2473 2.0383 1.6198 0.8035 1.1251 1.6526 1.2442 1.4998 1.3899 1.1477 1.2353 0.6644 -0.0931 0.5850 1.0743 0.9099 1.0565 1.0530 0.6792 1.0027 0.3803 -0.0912 0.5212 0.8107 0.7922 -1.8740 0.3629 0.5801 0.2991 
2.4838 1.6670 2.7690 2.5441 2.2233 0.2849 1.6970 1.7096 1.7749 1.9665 2.1881 2.1893 1.7107 1.7489 0.8365 0.9859 -0.5080 0.8678 0.6505 1.4922 1.3316 1.7100 1.6327 1.3063 1.0199 0.8006 0.6367 -1.0316 0.7316 0.8906 0.6982 -0.9489 -1.3530 
2.2706 2.8381 2.9469 2.3202 1.7981 1.1840 1.6996 1.5704 1.6926 1.1703 1.5178 1.6295 0.1300 0.2396 1.2765 1.1147 -1.0261 1.0418 1.1309 -0.0517 -0.1909 1.1371 0.9799 0.5237 0.9152 0.6222 0.6389 -0.0192 0.3991 0.5869 0.9230 0.2314 -2.2506 
1.7002 2.3639 1.6249 1.0976 2.0444 1.6387 1.8081 2.2294 1.5874 2.0516 2.2677 1.5723 0.4096 1.7938 1.5566 0.4079 -0.4373 0.3021 1.3366 1.5667 0.0261 1.0897 1.6994 1.3839 0.7615 1.2654 0.7476 0.4115 0.6177 -0.6055 -0.5302 -0.2376 -3.0519 
3.5029 2.8994 2.9143 2.3289 1.7433 0.7789 0.6931 1.4145 1.6956 1.7486 1.7337 0.6536 1.1984 0.5380 -0.0219 1.3998 1.5352 1.3073 -0.1434 0.2980 0.8475 0.1836 1.1704 1.0917 0.9490 0.5208 -0.3645 -0.3762 0.3122 0.5904 0.8868 0.3910 -0.4308 
4.1535 3.8692 2.5123 2.4748 1.6459 1.9295 1.3457 1.0784 1.1850 2.0028 2.3284 2.5292 1.3597 1.3490 1.2479 0.5447 1.5302 0.4739 1.0874 1.1047 1.0280 2.1066 1.7681 1.3378 0.4380 0.1608 0.3535 0.7055 0.1642 0.7950 0.4628 1.2099 0.3614 
4.1618 3.4561 2.7447 1.6535 2.0180 1.5163 2.0376 1.8003 1.4818 1.3507 1.4875 1.6847 1.4090 1.1912 0.2370 1.4694 1.1290 1.3643 0.0319 0.9597 1.0708 1.2093 0.9544 0.6870 0.6639 0.9134 1.0162 0.2856 0.5954 -0.0081 0.6510 0.8119 0.4070 
3.3421 3.2618 3.0939 2.7770 1.8051 0.3915 1.8259 1.9704 1.2551 1.7128 1.9454 1.8042 1.0591 0.5688 0.4870 1.4140 1.5079 1.3175 0.3261 0.3459 0.6652 1.3393 1.3984 1.0646 0.4832 1.0811 0.7774 -0.9018 0.3913 1.0779 1.0649 0.6315 -0.5127 
-0.3529 1.4948 2.5715 2.6033 2.6952 2.1487 1.5257 1.5875 1.8009 1.6837 1.6135 1.4995 1.4889 0.0285 0.7950 1.1728 0.4226 1.0967 0.6171 -0.2031 1.1229 1.0497 1.0440 1.0308 1.0455 0.6412 0.4594 0.9202 1.2508 0.9774 0.5345 -1.1917 -3.1083 
3.8310 3.8964 2.8095 2.9371 2.5757 2.8076 2.3777 2.2655 1.8073 0.9353 1.6749 1.3868 1.1593 1.4487 1.7506 1.0613 0.8763 0.9915 1.6148 1.1773 0.8025 0.9731 1.1102 0.2375 1.0525 1.3095 1.3031 1.5836 1.1578 1.2403 0.6899 1.2454 -0.0071 
3.3736 3.0018 2.8012 2.8520 2.5265 1.2026 0.4167 1.7600 1.9601 1.3094 1.7459 1.7466 1.1676 1.0373 1.8429 1.9042 1.8078 1.8301 1.6890 0.7337 0.8178 1.2731 1.1844 0.6511 1.1893 0.8689 -0.6966 -0.0222 1.1090 1.1380 0.7247 0.3901 -0.4072 
4.1148 3.4789 2.9692 1.6982 0.8341 1.7862 2.3624 2.2404 2.3384 1.7581 1.7254 1.2201 1.9092 1.8706 1.5240 1.3940 0.3190 1.2894 1.3178 1.6379 1.6134 0.7583 1.1727 1.0957 1.5865 1.2872 1.2926 0.5816 -0.5840 -0.0641 0.9502 0.8528 0.3351 
2.8323 3.6291 2.1662 1.7558 2.5900 1.6894 0.9745 1.6191 1.1080 -0.5790 1.2293 0.6350 0.6181 1.0344 1.5667 1.2593 -1.1117 1.1775 1.3472 0.7300 0.2959 0.1802 0.6552 -1.2308 0.3412 0.6527 -0.1075 0.4433 1.1696 0.0626 0.0140 1.0338 -0.8896 
3.1901 3.2509 2.6523 2.4806 1.2555 0.8566 2.1113 1.9704 2.0128 -0.7533 1.1233 1.7684 1.8820 1.5944 1.2759 1.6162 1.7863 1.5099 1.1271 1.2696 1.5778 1.3004 0.5662 -1.4516 1.2302 1.0837 1.0591 -0.3461 -0.1663 0.7925 0.5869 0.6140 -0.5032 
2.8580 2.2403 2.1509 1.5227 2.3266 1.9375 2.6107 2.2644 1.7217 1.6307 0.9060 1.6233 1.4009 2.0026 2.0124 1.6661 1.3140 1.5963 1.8368 1.7479 1.0744 1.1330 0.3850 0.9658 0.9703 1.3120 1.6064 0.7419 0.9206 -0.1310 0.1270 -0.2794 -1.1718 
4.1602 3.6822 3.0087 2.9652 2.1550 2.0499 1.8349 2.5263 1.9516 1.6650 1.0574 1.5073 1.8207 2.1076 2.0424 2.1515 2.0914 2.0416 1.8619 1.8257 1.4838 1.0574 0.4821 1.0132 1.1806 1.6568 0.7864 0.8254 0.6873 1.2624 0.9989 1.0483 0.3641 
1.8286 3.3168 2.6852 1.8427 2.0979 1.8528 1.3656 0.2761 1.2855 1.1480 1.6542 1.8052 1.8204 0.8764 1.2577 1.9969 1.9453 1.8989 1.1040 0.5879 1.4753 1.3468 1.0874 0.4986 0.5286 -0.6538 0.3621 0.6217 0.6490 0.1142 0.6324 0.6552 -2.4006 
3.4906 3.6414 2.2993 2.0384 2.3673 2.2716 2.3079 1.8186 1.6468 1.9464 1.8441 1.9097 0.2269 1.3364 0.6152 0.8646 1.6342 0.7535 0.4618 1.0933 -0.1579 1.4839 1.2706 1.2875 0.8492 0.9205 1.2351 1.0502 0.9957 0.3529 0.2533 1.0363 -0.2201 
3.4033 3.0953 2.3150 1.2217 1.4743 1.3734 2.0809 1.5716 1.0099 0.2286 1.0732 1.6707 1.1164 0.2384 0.4944 0.4061 0.9975 0.3141 0.3491 -0.0373 0.7404 1.1981 0.5060 -0.4489 0.1936 0.6175 1.0431 0.1495 0.0243 -0.4725 0.2508 0.4807 -0.3161 
3.9127 2.7697 2.4223 2.4370 2.3455 2.1557 1.4386 1.2469 1.2989 1.4589 2.0929 1.7997 1.9909 1.4542 1.6141 1.4080 1.3084 1.3065 1.3944 1.1781 1.6637 1.3359 1.5595 0.7942 0.5442 0.3870 0.4196 0.9287 0.9570 0.7536 0.4513 0.1841 0.0535 
4.4203 3.5816 2.6402 2.5082 2.9215 1.8836 2.2912 1.9039 0.9145 1.7817 1.4066 1.0890 1.9668 2.0465 2.0847 2.2230 1.6119 2.1087 1.8828 1.7808 1.6477 0.6310 0.8657 1.1264 0.1039 1.0406 1.2151 0.6565 1.4937 0.8616 0.5731 0.8993 0.6031 
3.7484 3.4007 3.0984 2.6197 2.2367 1.9031 2.2847 -0.5219 1.3920 1.0106 1.6767 1.6841 1.9109 1.3864 1.2886 0.5312 0.8447 0.4741 1.1294 1.1304 1.6093 1.2232 1.1095 0.3746 0.6092 -1.5429 1.2036 0.6721 0.7881 0.9716 1.0827 0.8031 -0.0694 
3.6247 3.5902 2.5704 2.5576 2.2278 1.6519 2.3528 1.7232 1.3719 1.1964 1.4722 1.3415 0.4875 0.8422 1.9513 1.8745 1.2051 1.7933 1.7890 0.5820 0.1135 0.9257 0.9358 0.5301 0.6070 0.8026 1.2738 0.4306 0.7541 0.9269 0.4995 0.9938 -0.1345 
3.3248 3.0726 0.4875 1.7886 2.2415 1.2818 1.8907 1.7021 1.7246 1.7783 1.2183 1.2378 0.7953 1.1783 1.2668 0.3505 0.6450 0.2419 1.1121 0.9493 0.4556 0.7832 0.6506 1.1199 0.9791 0.7767 0.8670 0.0453 0.7770 0.0948 -1.3838 0.4530 -0.3547 
3.2059 3.5142 2.4987 2.1107 0.4728 2.3047 1.5853 1.6300 1.4930 -0.9685 1.6363 1.8981 2.1429 1.7278 1.7067 1.1930 0.5999 1.1143 1.5457 1.4647 1.7623 1.4750 1.0719 -1.7422 0.6726 0.6750 0.4887 1.0800 -0.8198 0.4226 0.4673 0.9132 -0.5230 
3.7756 3.7226 2.5486 2.4771 2.4035 1.5408 0.7250 1.8417 1.7805 1.4007 1.3396 1.4890 0.7240 0.8187 -1.0139 0.3595 0.6762 0.2305 -1.2133 0.5465 0.4107 1.0448 0.7900 0.7390 1.0235 0.9732 -0.2947 0.3101 1.0037 0.8089 0.4990 1.1039 0.0303 
3.0658 3.4522 3.2393 1.8574 2.9046 1.6841 1.8654 1.7219 2.4681 2.1102 1.8705 1.8965 1.7835 1.9537 1.7177 2.2420 1.5727 2.1461 1.5655 1.7152 1.4254 1.4766 1.3088 1.4332 1.7054 0.8214 0.8184 0.4549 1.4712 0.2364 1.1953 0.8172 -0.6929 
3.8087 3.5865 3.3369 2.7386 0.8101 1.5585 1.6466 1.5833 1.7283 2.2989 1.8852 -0.6128 1.8161 1.0784 0.6405 1.0350 0.2187 0.9545 0.4776 0.7961 1.4723 -1.1529 1.3322 1.6473 0.9953 0.6251 0.5572 0.3529 -0.6501 1.0386 1.2649 0.9713 0.0287 
4.5206 3.5462 2.8224 1.5043 2.2756 2.0707 1.8848 1.7800 1.3683 1.1255 0.7422 0.9573 1.9465 2.0888 1.3600 0.9470 1.2564 0.8475 1.1830 1.8100 1.6381 0.4939 0.1803 0.4596 0.5870 0.8930 0.8637 0.8545 0.8374 -0.1590 0.7264 0.8540 0.6836 
1.7146 3.1105 2.2487 2.3988 1.3108 1.4126 1.0162 1.7265 1.3328 1.8773 1.6007 1.9252 1.8105 1.6228 0.3233 -1.1526 0.3714 -1.1396 0.0787 1.3008 1.4628 1.5068 1.0392 1.2283 0.5565 0.8134 -0.1006 0.1777 -0.0646 0.6815 0.2426 0.5140 -1.5901 
3.4483 2.9828 1.7477 0.3566 0.5408 1.5824 1.2749 1.0464 1.2564 1.6648 1.1726 1.2234 1.5550 1.3724 0.5398 0.6586 0.5776 0.5895 0.4006 1.1185 1.1674 0.7705 0.6155 1.0150 0.4906 0.1017 0.2495 0.3590 -0.8521 -1.3975 -0.2488 0.3584 -0.3536 
0.6529 3.1252 2.8179 2.2902 2.0521 1.9856 1.4631 1.6621 1.0510 2.0685 1.7230 1.2948 0.7572 0.5719 1.3044 0.5133 -0.4214 0.4419 1.1459 0.3404 0.4329 0.8715 1.1571 1.3955 0.2502 0.7253 0.4147 0.7564 0.6012 0.5859 0.7180 0.5423 -3.7596 
4.2464 4.0747 3.1840 2.7823 2.4336 2.3177 1.7448 2.2319 2.2264 2.2761 1.6614 1.6282 1.4972 1.0923 1.7671 1.6866 1.6652 1.6204 1.6271 0.8296 1.1295 1.1374 1.0927 1.6247 1.4103 1.2675 0.6856 1.0859 1.0365 1.0805 1.1391 1.3799 0.4442 
4.2443 2.6986 2.3736 2.1249 1.9803 2.3727 1.2180 1.7316 1.6486 1.2950 0.6450 1.2597 1.5837 1.7775 0.8039 1.7903 1.2713 1.7138 0.6231 1.5383 1.1879 0.8220 0.0674 0.6395 0.8559 0.8233 0.1905 1.1499 0.5663 0.4370 0.3383 -0.1258 0.4220 
3.2952 3.7373 3.1911 1.8537 2.3622 1.9717 1.8874 1.7048 0.6560 0.6698 1.7546 0.6830 1.0471 1.8408 1.4558 1.1330 1.0677 1.0565 1.2621 1.6189 0.6610 0.2414 1.1960 0.0304 -0.0885 0.7804 0.8538 0.7429 0.9708 0.2184 1.1492 1.1307 -0.4267 
4.6317 3.7599 2.9901 3.0058 2.6600 0.7605 2.4239 2.4711 2.0893 1.9670 1.4709 1.8855 1.6610 -0.0434 1.6762 1.8018 1.0330 1.7230 1.5030 -0.2971 1.2652 1.4579 0.9320 1.2986 1.2754 1.6082 1.3661 -0.4879 1.2228 1.3013 0.9820 1.0918 0.7764 
2.5401 3.7152 3.0923 2.9013 2.9393 1.9975 1.1003 0.6562 -0.0463 1.0477 1.4978 1.1572 1.3267 1.2700 1.6873 -0.1080 0.5607 -0.1774 1.5154 1.0522 1.0149 0.6912 0.9691 0.3940 -0.8235 -0.2175 0.0211 0.7524 1.5203 1.1898 1.0704 1.1157 -1.0492 
4.2890 3.9626 3.2195 2.8915 1.7437 2.0305 1.9477 1.6999 1.6262 2.0796 2.4592 2.0916 0.7899 1.4784 1.4411 1.1917 0.6454 1.1084 1.2602 1.1954 0.4482 1.6481 1.8912 1.4083 0.8282 0.7658 0.9357 0.8107 0.3068 1.1825 1.1663 1.2700 0.4799 
3.5808 3.0529 2.1890 1.8448 2.4062 1.7844 0.4255 1.1894 1.2180 1.2855 0.3937 1.6136 1.5101 1.1451 0.1094 0.5046 1.3292 0.4396 -0.0492 0.8962 1.1357 1.1249 -0.1639 0.6321 0.4657 0.2873 -0.6177 0.5428 1.0165 0.1683 0.0993 0.4384 -0.1771 
2.3229 3.4548 2.7415 2.6047 2.8516 2.6127 1.6724 1.7102 1.8707 1.4073 1.0979 1.8615 2.2448 1.3480 1.2546 0.8832 1.0466 0.7609 1.0974 1.0927 1.8530 1.4084 0.5532 0.7303 1.1045 0.7981 0.5827 1.3826 1.3868 0.9763 0.6886 0.7983 -1.2930 
4.3179 3.6539 3.4247 1.9483 2.5272 2.6610 1.9691 1.0906 1.4311 1.0086 1.9708 1.9803 1.0974 1.0597 1.4807 1.8557 1.8949 1.7758 1.2777 0.7778 0.7050 1.5673 1.4333 0.3301 0.6454 0.1558 0.9470 1.4362 1.1285 0.2449 1.3254 1.0188 0.4981 
2.8623 3.3043 1.3647 1.7184 2.3088 2.2141 1.6099 2.1843 2.0151 1.9021 1.7300 1.7250 1.5912 1.3469 1.5668 1.2699 0.8922 1.1988 1.3497 1.1012 1.1910 1.2580 1.1650 1.2504 1.2307 1.2397 0.5396 0.9797 0.8842 0.0572 -0.8462 0.6865 -1.1616 
3.8049 3.5703 3.0622 2.2535 2.7308 2.3459 1.8744 2.0387 1.3185 1.5555 2.0583 2.3315 2.1029 0.9464 1.5142 1.0886 1.4932 1.0266 1.3008 0.6530 1.7338 1.8679 1.5276 0.8796 0.5387 1.1296 0.8343 1.1129 1.2721 0.5371 1.0499 0.9522 0.0380 
3.5700 3.4508 2.8384 2.8110 2.8395 2.3646 1.9287 1.8664 1.8308 1.6803 1.6067 1.6616 1.7327 1.6358 1.7595 0.8228 -0.2408 0.7137 1.6208 1.3231 1.3648 1.1837 1.0381 1.0269 1.0736 0.9969 0.9048 1.1395 1.3541 1.1011 0.7337 0.7777 -0.1322 
4.3260 4.0371 3.3352 3.0121 3.2601 2.9456 2.8943 2.8523 0.6410 1.5934 1.9377 1.5683 1.7606 1.3514 1.0915 1.0935 1.2152 1.0293 0.9243 1.1042 1.3993 1.0968 1.3884 0.9207 -0.1209 1.8848 1.8164 1.7169 1.8300 1.3126 1.2620 1.3288 0.5117 
4.3351 2.9606 2.4837 2.2938 2.4857 -0.6778 1.4116 1.3406 1.7280 1.9536 1.6367 0.8515 1.7782 1.6694 0.1669 1.6927 1.6396 1.6277 0.0154 1.3765 1.4248 0.4254 1.0653 1.2877 0.9841 0.4620 0.3944 -1.9485 1.0766 0.5978 0.4566 0.2220 0.5351 
2.8771 3.4696 2.9455 2.2056 2.6229 2.1534 2.2314 1.6244 1.7485 2.1576 1.0283 2.2007 1.6929 1.1519 1.8171 1.6535 1.8695 1.5813 1.6654 0.9111 1.3078 1.7184 0.4457 1.4801 1.0057 0.6552 1.1370 0.9192 1.1994 0.4726 0.9050 0.8035 -1.1295 
3.4934 3.4901 2.4920 2.4826 1.8130 1.7337 1.8770 1.2552 1.4840 1.6795 0.4869 1.5615 1.6197 1.6538 1.7275 1.1105 0.7967 1.0365 1.5827 1.3585 1.2220 1.0871 -0.0842 1.0265 0.6846 0.3813 0.8500 0.5008 0.4203 0.7957 0.4743 0.8214 -0.1614 
2.6015 2.9452 2.7790 2.4448 2.1202 1.6671 1.9543 2.0289 1.2029 2.2341 1.3691 1.9807 0.5230 1.3122 2.0567 1.0375 1.8293 0.9596 1.8701 1.0803 0.1412 1.5684 0.8266 1.5668 0.4520 1.1212 0.9416 0.4382 0.6516 0.7412 0.7101 0.3332 -1.0203 
3.6475 3.8330 2.5363 2.2978 2.0163 1.5717 1.8463 2.2526 1.6535 1.7226 0.8938 1.0890 1.6210 1.8201 1.1381 0.5566 1.7094 0.4836 0.9986 1.5985 1.2256 0.6214 0.3584 1.0655 0.8607 1.2946 0.7845 0.3744 0.5835 0.5694 0.5118 1.1910 -0.1601 
4.3244 3.7744 2.6588 2.3360 1.5656 0.5196 1.6752 1.6614 1.3994 1.9421 2.2520 1.6551 2.0288 2.1654 1.7729 0.8038 0.7994 0.7025 1.6282 1.8683 1.6875 1.1743 1.6830 1.2799 0.6118 0.7178 0.6011 -0.7073 0.1035 0.6273 0.5957 1.1253 0.5336 
2.6459 3.9660 3.0390 2.8802 2.7617 2.5137 1.5649 1.2674 0.9307 2.1276 1.4236 1.4133 1.6841 1.2693 0.4750 1.6644 -0.2942 1.5962 0.3334 1.0441 1.2930 0.9995 0.8799 1.4534 0.1154 0.4117 0.4698 1.2872 1.2933 1.1715 1.0069 1.3010 -1.8612 
4.2071 3.5692 3.4689 2.5381 1.9544 1.9881 1.8825 1.8771 1.6039 0.7699 1.4597 1.4655 0.7330 1.1214 0.8720 1.3493 -0.2168 1.2620 0.6670 0.8569 0.4229 1.0295 0.9212 0.1049 0.7741 1.0149 0.8483 0.7669 0.5241 0.8717 1.3792 0.9163 0.4179 
3.4126 2.1708 2.8510 2.6820 2.3064 2.2502 1.6612 1.8331 1.9178 1.8873 1.6887 1.9364 1.7624 1.3410 1.7448 1.6166 0.4464 1.5096 1.6074 1.1022 1.3995 1.5186 1.1253 1.2449 1.1486 0.9759 0.5718 1.0225 0.8863 1.0217 0.7820 -0.4788 -0.4685 
2.8883 3.4556 2.9264 2.4917 1.2546 1.7882 1.8106 2.1045 0.4149 1.2068 1.0926 1.2405 -0.1854 0.8716 -0.5459 1.4250 -0.1421 1.3197 -0.6749 0.5899 -0.5911 0.7823 0.5312 0.5421 -0.4295 1.1745 0.7620 0.5613 -0.1930 0.8113 0.8831 0.7868 -0.9184 
3.7872 2.9844 2.9628 2.8594 2.4836 1.2253 2.1056 0.9525 0.4610 1.8631 2.0561 1.6627 1.7144 1.0135 1.1947 1.3450 1.5833 1.2598 1.0483 0.7017 1.3315 1.1867 1.5164 1.2060 -0.3405 -0.0109 1.0535 0.0353 1.0682 1.1418 0.9712 0.3289 0.0368 
2.3277 3.3298 2.3309 2.8066 2.2552 -0.6678 1.9145 1.8952 1.6763 1.4897 -0.5738 1.0137 1.9339 1.2651 1.4468 1.3299 -0.1720 1.2485 1.2598 1.0370 1.6264 0.5336 -1.1426 0.8088 0.9025 1.0268 0.9015 -1.7689 0.7893 1.0939 0.3186 0.6534 -2.0560 
3.9577 3.5067 3.2651 2.5164 0.9346 0.9109 1.6433 1.7360 1.7155 1.3845 1.8120 1.8959 1.7416 1.4753 0.6875 0.8309 0.0195 0.7294 0.5277 1.1937 1.3712 1.4719 1.2566 0.7165 0.9639 0.8304 0.5654 -0.3128 -0.5904 0.8396 1.2172 0.8384 0.1677 
3.1661 3.1157 2.9168 1.1912 0.6824 1.7098 2.1037 2.0435 1.7112 1.3169 1.6620 1.8505 1.3590 1.1989 1.3243 1.6307 -0.0983 1.5342 1.1665 0.9737 1.0349 1.3969 1.0970 0.6564 0.9502 1.1331 1.0557 0.4902 -0.7261 -0.5087 0.8555 0.5119 -0.5366 
4.1306 3.7059 3.1604 2.2128 2.9865 2.6110 1.8087 2.2568 2.3801 1.6552 2.0210 1.6645 -0.1573 1.5035 1.8413 1.6553 1.4507 1.5812 1.6849 1.2206 -0.5730 1.1852 1.4837 0.9991 1.6315 1.3071 0.7360 1.3850 1.5956 0.4740 1.1340 1.0553 0.2899 
3.7969 3.0930 2.3408 2.3130 2.5162 2.0447 1.9793 0.7883 1.1199 1.2443 1.4330 1.6383 0.0679 -0.1202 1.3126 0.5029 1.3310 0.4155 1.1577 -0.4010 -0.2244 1.1520 0.8988 0.5874 0.3812 -0.1121 0.9666 0.8115 1.1146 0.6143 0.3221 0.4656 0.0316 
2.3671 3.6165 1.7877 1.4540 1.9596 1.9572 2.3402 2.2386 1.5670 1.8241 1.2695 1.2875 -2.5770 0.6714 1.0020 1.0530 1.1314 0.9884 0.7873 0.4481 -3.0416 0.8589 0.7205 1.1658 0.7408 1.2726 1.2664 0.7233 0.5443 -0.1928 -0.2983 1.0195 -1.4986 
1.9286 3.0519 2.2817 1.6576 2.3895 1.7600 2.1617 0.7712 1.8298 1.5486 1.8413 1.7077 1.6642 1.2315 1.3589 0.7351 0.3088 0.6461 1.1894 1.0105 1.2691 1.2385 1.2699 0.8732 1.0724 -0.1211 1.0918 0.5349 0.9958 -0.0406 0.1523 0.4694 -2.6173 
1.8407 2.9038 2.9543 2.0845 1.9322 1.7486 1.8473 1.8774 1.0743 1.3062 1.3977 0.6458 0.2876 1.0547 0.0357 0.1850 1.0186 0.0783 -0.1206 0.7627 -0.0723 0.2006 0.8613 0.6448 0.3118 1.0114 0.7988 0.5107 0.5248 0.4189 0.9181 0.2953 -1.6282 
1.2316 3.6541 2.4271 2.3233 2.2408 2.3477 -0.9884 1.1166 1.6808 1.0506 1.6114 1.8817 2.0432 2.2810 2.0936 1.2821 1.0382 1.2047 1.8845 1.9925 1.6964 1.4614 1.0419 0.4178 0.9018 0.2360 -2.5690 1.1187 0.7758 0.6477 0.3772 1.0649 -1.9857 
4.0375 3.2303 2.5080 2.2952 2.6038 1.2174 1.5020 1.7727 0.5522 1.5216 1.4967 1.0386 1.0394 1.0363 1.0968 1.1315 1.2521 1.0610 0.9419 0.7341 0.6477 0.5616 0.9583 0.8496 -0.2076 0.8753 0.4475 -0.0398 1.1847 0.5756 0.4836 0.5475 0.1563 
2.4884 3.1254 2.4740 2.7329 2.5988 2.3643 1.7901 1.4359 1.2317 1.9222 1.2935 1.9417 0.9690 1.1620 1.3145 1.2920 -2.7262 1.2161 1.1550 0.9264 0.5620 1.5208 0.7558 1.2635 0.4701 0.5310 0.7141 1.1412 1.1724 1.0542 0.4372 0.5091 -1.6345 
2.8650 3.4380 3.0301 2.5629 2.8644 2.3918 1.9767 2.5436 2.3394 2.4002 1.3673 1.7789 2.1881 1.7446 1.0322 0.9766 -0.3641 0.8560 0.8291 1.4901 1.7932 1.3136 0.8250 1.7413 1.5891 1.6717 0.9703 1.1618 1.4063 0.9185 1.0265 0.7639 -1.0033 
3.1102 2.2780 2.4965 2.4776 2.0816 2.1643 2.4987 2.1195 1.7754 0.7485 1.3593 1.3183 1.4480 0.6877 1.0394 0.3473 1.0058 0.2317 0.8466 0.4613 1.0953 0.8979 0.8206 0.0748 1.0192 1.1866 1.4726 0.9537 0.6396 0.7923 0.4875 -0.4282 -0.7240 
1.8916 3.2712 2.7111 0.7202 2.0220 2.0088 2.3539 2.0874 2.1421 1.8265 0.7748 1.0181 1.0854 1.1217 1.5043 0.7083 0.7352 0.6290 1.2941 0.8668 0.7063 0.5275 0.2331 1.1683 1.3213 1.1693 1.2702 0.8098 0.6081 -1.1298 0.6124 0.6511 -1.5275 
2.2941 2.6012 2.5212 2.4670 2.4794 2.3096 1.6377 1.6146 1.2438 1.5121 0.8862 0.4199 0.4786 0.8727 0.8881 1.3340 1.5516 1.2559 0.6874 0.5939 0.1012 -0.0532 0.3582 0.8374 0.4845 0.6505 0.5395 1.0805 1.0644 0.7856 0.5151 -0.0163 -1.3580 
3.6670 2.6159 -0.0763 1.3965 1.0786 2.2511 1.5774 1.5673 1.2985 1.5563 1.2264 0.9097 1.4859 0.8238 0.4414 0.9295 1.1747 0.8142 0.2737 0.5495 1.1190 0.4566 0.6560 0.8790 0.5315 0.6211 0.4934 1.0252 -0.3540 -0.2488 -1.6769 0.0667 -0.1443 
3.4505 3.5742 3.1946 2.8823 2.3619 2.2516 1.6854 2.0469 1.6228 2.2151 1.7351 1.8754 1.2449 0.9883 1.0558 1.6564 2.0427 1.5886 0.8810 0.6610 0.9140 1.4331 1.1733 1.5338 0.8073 1.1359 0.6096 1.0235 0.9654 1.1703 1.1546 0.9804 -0.4254 
2.4379 3.0197 3.0613 2.2633 1.9391 1.7855 1.8811 1.1396 2.0461 1.6424 1.5495 1.0707 1.2548 1.5461 1.0548 -0.0210 0.7055 -0.1013 0.8724 1.2488 0.9336 0.5900 1.0054 0.9897 1.2579 0.2455 0.8459 0.5664 0.5115 0.5505 1.0381 0.4389 -1.2270 
4.0190 3.5387 2.6850 2.6780 2.2579 2.3052 1.7668 0.6859 2.2144 0.5517 1.1617 1.6972 1.1230 1.8139 1.2234 1.3284 1.3208 1.2448 1.0718 1.5904 0.7687 1.2300 0.6095 -0.1231 1.3917 -0.1984 0.6896 1.0848 0.7858 1.0150 0.6465 0.8723 0.1997 
2.1412 2.7775 2.9223 2.5666 2.4389 2.4517 1.6002 1.1881 0.7952 1.5268 1.2555 1.5625 1.6415 1.7240 1.0176 0.5172 -0.3378 0.4476 0.8036 1.4591 1.2527 1.0919 0.6949 0.8537 0.0156 0.3149 0.5044 1.2287 1.0409 0.9001 0.8680 0.1242 -1.3407 
3.5577 2.5503 2.6040 1.8729 2.0990 1.8264 2.0390 1.7610 1.9912 2.2227 1.3250 0.6670 0.9037 1.5709 1.0775 1.6290 1.9146 1.5360 0.9105 1.2623 0.5300 0.2380 0.7768 1.5413 1.2181 0.8560 1.0149 0.6118 0.6481 0.1896 0.5656 0.0010 -0.2447 
0.9657 3.1888 2.3490 1.9372 2.0345 2.0198 1.8918 1.9941 1.4625 1.6328 2.2236 1.2900 0.7029 1.2007 0.3608 0.3839 0.9134 0.2804 0.1331 0.9751 0.3870 0.8535 1.6520 0.9931 0.6562 1.1051 0.8616 0.7775 0.6165 0.2910 0.2376 0.6025 -2.6662 
4.0794 2.8989 2.2534 2.2729 2.5922 1.1258 1.6746 1.8359 0.4140 1.5543 1.3856 1.0141 0.7720 1.5808 1.4827 0.7648 1.5382 0.6779 1.2755 1.2659 0.4488 0.5325 0.8445 0.8807 -0.3985 0.9697 0.6014 -0.1171 1.1722 0.5725 0.1741 0.1774 0.2480 
3.6604 3.8642 2.9708 2.9702 2.6779 2.8692 2.5577 2.0815 2.0465 2.2966 1.3000 1.8099 1.8083 1.3324 1.8346 1.8693 1.6749 1.7867 1.6799 1.1007 1.4592 1.3540 0.7578 1.6432 1.2593 1.1631 1.5355 1.6484 1.2348 1.2707 0.9372 1.2262 -0.1773 
4.5522 3.7251 3.1898 2.4901 1.7367 2.6648 2.4724 2.3032 2.4324 2.0753 1.1502 1.4298 1.2574 2.1279 1.6921 1.1903 1.9113 1.1135 1.5246 1.8392 0.9368 1.0074 0.5941 1.3997 1.6749 1.3685 1.4184 1.4410 0.3196 0.8061 1.1426 1.0648 0.6697 
4.2216 2.9733 2.2539 2.3369 1.3628 1.3447 1.7192 0.9715 1.1975 1.2587 1.2264 0.7119 1.0219 1.0800 0.4254 1.5046 0.6921 1.3988 0.2732 0.8056 0.6300 0.3168 0.6660 0.6003 0.4353 0.0075 0.6557 0.1517 -0.1333 0.6505 0.1569 0.4742 0.4017 
4.0411 2.4286 2.3928 0.9937 0.1967 1.8867 2.0448 2.0438 1.8497 2.2896 1.0950 -0.0799 1.9917 1.7953 0.1228 1.1536 1.2839 1.0804 -0.0544 1.5624 1.6647 -0.5714 0.5327 1.6393 1.0891 1.1337 1.0166 0.6556 -1.3223 -0.7888 0.3891 -0.1793 0.0959 
4.2869 4.0012 3.5196 3.0119 2.3100 2.9783 2.4786 2.5103 1.9803 1.7529 2.2977 2.1795 1.2642 1.8450 1.2661 -0.0991 0.9406 -0.1846 1.1120 1.6217 0.9389 1.7044 1.7339 1.0969 1.2032 1.6449 1.4271 1.7536 0.8835 1.3029 1.4579 1.2963 0.4466 
4.7821 2.9059 2.3728 2.6278 2.6465 1.6466 1.3835 1.6103 1.6123 1.4439 1.2877 1.5792 2.0089 1.1132 0.9677 1.6793 1.5766 1.6177 0.7484 0.8627 1.6772 1.1126 0.7152 0.7579 0.8087 0.6520 0.3793 0.4246 1.2232 1.0065 0.4123 0.3269 0.9684 
3.5173 3.6770 2.8875 2.5428 2.2964 2.2976 2.1005 1.7680 1.5085 1.1012 1.6158 1.0096 0.2984 0.1362 1.1689 0.6150 1.2574 0.5393 1.0245 -0.1214 -0.0764 0.5197 1.0462 0.4450 0.6953 0.8672 1.0516 1.0708 0.8689 0.8817 0.8019 1.0570 -0.3351 
2.3882 3.6078 2.5197 1.9829 2.7769 2.1582 2.6432 2.7931 2.7659 2.1479 1.8453 2.1446 1.5417 1.6210 0.9358 1.6306 2.1524 1.5416 0.7120 1.3055 1.1541 1.6834 1.2778 1.4644 1.9481 1.8478 1.6287 0.9599 1.3062 0.3979 0.4754 1.0340 -1.4510 
4.3703 4.2703 3.7679 3.2463 3.0839 2.7763 2.9296 2.8771 2.8009 2.0605 2.4964 2.3173 2.2555 1.6155 1.1189 1.3314 1.7143 1.2562 0.9679 1.2861 1.8648 1.8473 1.9478 1.3822 1.9779 1.9239 1.8644 1.5458 1.6805 1.5931 1.7436 1.6530 0.5689 
3.6344 4.1237 3.3037 3.2966 3.1823 2.7502 2.0987 1.9788 1.2598 2.2004 2.2120 1.7584 1.0865 1.9497 1.9601 1.4310 1.2559 1.3331 1.7920 1.7086 0.7251 1.2842 1.6436 1.5275 0.5088 1.0816 1.0429 1.5205 1.7628 1.6391 1.2447 1.4914 -0.1581 
4.7893 4.1429 3.3106 1.7471 2.8127 1.6716 2.1794 2.2259 1.8765 1.8111 1.3699 1.9945 1.8450 1.7825 1.2643 1.6215 1.0209 1.5155 1.1133 1.5428 1.5127 1.5860 0.8267 1.1526 1.1163 1.2630 1.1012 0.4370 1.3336 0.0072 1.2482 1.4606 1.0200 
4.1092 3.4838 2.9393 2.9932 3.0384 2.6565 2.2932 1.5008 1.8417 1.8778 1.4478 1.7241 1.6326 1.9624 1.4678 0.9909 0.5814 0.8738 1.2648 1.7163 1.2449 1.2560 0.9098 1.2199 1.0815 0.5700 1.2116 1.4297 1.6392 1.2931 0.9265 0.7690 0.3226 
0.8928 3.5764 2.2791 2.8266 1.2247 2.0012 2.1222 1.6517 2.0500 2.1097 0.5462 0.8781 1.8249 -0.3944 1.3472 0.8704 1.1087 0.7771 1.1777 -0.5961 1.4856 0.4270 0.0204 1.4286 1.2629 0.6828 1.0674 0.7811 -0.1370 1.1094 0.1622 1.0062 -5.4594 
4.0680 4.2077 3.4723 2.4362 2.9341 2.5906 2.8179 2.3645 2.2235 2.3954 2.4594 2.5264 1.8045 2.2799 1.7655 2.3423 1.8491 2.2721 1.6269 1.9877 1.4627 2.1026 1.8912 1.7426 1.3981 1.4635 1.7299 1.3701 1.5298 0.7419 1.3851 1.6146 0.2903 
4.6925 4.1445 3.6331 3.7124 3.5551 2.8453 2.4628 2.8466 2.3003 1.6601 2.4817 2.6603 2.4929 1.7501 2.2258 2.1436 0.5496 2.0311 2.0070 1.4979 2.1804 2.2392 1.9172 1.0080 1.5276 1.8809 1.4126 1.6162 2.1372 2.0320 1.6291 1.4678 0.8221 
