1.6574 3.8341 3.4743 1.5893 3.0046 2.7817 2.1367 1.9479 2.4223 2.3675 2.2310 1.9892 2.4436 2.3652 1.9412 0.8009 1.4055 0.7415 1.7947 2.1019 2.1239 1.6005 1.7873 1.8114 1.7781 1.1999 1.2837 1.7640 1.8544 0.0526 1.8019 1.6633 -1.9178 
5.0322 4.3813 3.5135 3.4739 3.0350 3.1638 2.6427 2.9818 2.6768 2.3953 2.4881 2.3528 2.4276 1.5881 2.4534 1.9106 1.7830 1.8399 2.3158 1.4001 2.1028 1.9605 2.0267 1.8473 2.0391 2.2290 1.7974 2.1575 1.8885 2.0715 1.8393 2.1179 1.9033 
2.7410 3.7245 2.9062 2.9753 3.2773 2.5175 2.4255 2.0947 1.6851 2.2028 2.1940 1.3624 1.9726 1.9761 2.1813 1.9566 2.2574 1.9045 2.0427 1.7681 1.6698 0.9429 1.7457 1.6609 1.0241 1.3861 1.5277 1.4959 2.0928 1.5908 1.2271 1.5758 -0.1010 
4.4935 4.2295 3.9422 3.3106 3.4595 2.1894 2.4930 2.2845 1.5688 2.6158 2.5790 2.4059 2.1083 2.2723 2.2189 1.9329 1.9685 1.8793 2.0757 2.0401 1.8648 2.0051 2.1115 2.0850 0.9445 1.5210 1.6082 1.2041 2.2758 1.9255 2.2423 2.0476 1.3833 
3.6044 3.4177 2.6780 2.5550 2.6317 1.5104 1.6553 1.9254 2.2039 1.5392 1.6980 2.1788 -0.3604 1.5160 1.2168 2.0236 0.0418 1.9606 1.0824 1.3183 -0.7576 1.8375 1.2639 0.9914 1.5614 1.1572 0.8121 0.5063 1.4734 1.1723 0.9980 1.2154 0.5087 
3.8238 3.5033 3.9704 3.2999 2.9923 3.7596 3.4591 2.8905 2.7309 2.2534 2.4325 2.8121 2.2742 1.9853 2.2718 1.9767 2.2918 1.9179 2.1059 1.7747 1.9713 2.4382 1.9671 1.6989 2.0832 2.0948 2.5753 2.7606 1.8281 1.9146 2.2908 1.3547 0.7242 
5.5446 5.0693 5.4184 5.0630 4.2104 4.9788 4.2527 4.0821 3.8290 3.1157 3.4099 3.1147 2.4765 3.0753 2.7163 1.5524 1.3469 1.5187 2.5840 2.8953 2.1691 2.7461 2.9375 2.5696 3.1642 3.3832 3.4267 3.9708 3.0004 3.6718 3.6891 2.8253 2.3226 
4.9588 4.6279 3.8008 3.9605 4.7795 3.9930 3.0289 3.2840 2.6099 2.6780 2.1286 2.4292 1.9169 2.6725 2.4709 2.0191 1.6021 1.9546 2.3377 2.4727 1.6011 2.0361 1.6967 2.1239 1.9839 2.5337 2.1623 2.9725 3.5981 2.5715 2.0994 2.4505 1.7956 
4.9017 4.2912 3.8811 3.8126 3.3196 2.3877 3.2320 2.9592 2.4916 3.0427 2.2044 2.3770 1.8020 1.8649 2.0620 2.0136 2.4379 1.9502 1.9317 1.5969 1.4805 1.9746 1.7578 2.4980 1.8643 2.1928 2.3964 1.3890 2.1201 2.4303 2.1502 2.0561 1.6985 
4.1240 3.8498 2.6092 3.0729 3.6999 2.8961 2.9311 2.5657 2.9850 2.5491 2.7073 2.3948 2.7401 2.8475 2.5370 2.5369 2.5182 2.4739 2.4153 2.6003 2.4574 1.9903 2.2656 2.0026 2.3714 1.8426 2.0413 1.8713 2.5338 1.6531 1.0052 1.6186 1.0232 
2.1570 3.1911 3.4921 2.5935 3.2280 3.6361 3.0092 2.7350 2.5562 2.4759 2.6097 2.1460 2.1310 2.3632 1.6185 1.5233 1.2440 1.4606 1.4905 2.1032 1.8853 1.8017 2.1547 1.9382 1.9324 1.9868 2.1159 2.6275 2.0621 1.1994 1.8232 1.0365 -1.2476 
3.9452 3.8488 3.4523 2.3085 2.8918 1.5306 2.3726 1.7495 2.3100 1.7605 2.1068 1.1977 1.7617 1.6816 1.3875 1.7689 1.9134 1.6797 1.2155 1.4778 1.4660 0.8625 1.6549 1.2117 1.6391 1.0000 1.4758 0.5127 1.6698 0.9101 1.7490 1.6281 0.7484 
2.4674 3.0415 2.5724 2.2490 2.2137 2.2043 1.3847 1.4692 1.7925 2.0796 2.0642 1.8852 2.0763 1.9281 2.0028 1.7760 1.8353 1.6853 1.8890 1.6880 1.8020 1.4820 1.5989 1.5356 1.1246 0.7254 0.4940 1.1940 1.0381 0.8791 0.9242 0.8979 -0.4699 
4.3532 4.6431 4.4328 4.5746 4.4732 4.9173 3.9648 3.5582 3.8418 3.5639 3.4556 3.6678 2.6909 2.1087 3.1385 3.1094 2.5785 3.0458 3.0098 1.9083 2.4168 3.3247 2.9937 3.0235 3.1713 2.8312 3.0767 3.9088 3.3041 3.1807 2.7032 2.4985 0.8963 
4.6751 4.1163 3.8872 3.7295 2.6729 3.5567 2.9534 3.3545 3.4710 2.9817 2.9121 3.0847 2.9637 2.6919 2.6069 2.7323 2.9123 2.6505 2.4793 2.4846 2.6487 2.7122 2.4463 2.4399 2.8448 2.5809 2.0833 2.5511 1.4657 2.3880 2.1690 1.9403 1.5876 
2.8481 3.8548 3.6394 3.2656 4.1347 3.8633 3.2373 2.7085 3.0980 2.5729 2.3159 2.6037 2.4208 2.0798 2.3606 1.5387 1.7890 1.4822 2.1753 1.8917 2.0973 2.2509 1.8544 2.0212 2.4668 1.9844 2.3895 2.8506 2.9860 1.9136 1.9604 1.6933 -0.1282 
5.1846 4.6615 3.9991 3.7756 3.9447 3.8281 3.7413 3.4198 3.3740 3.2383 3.2188 2.9780 2.9814 2.9183 2.9017 3.0068 3.0608 2.9478 2.7271 2.6688 2.6709 2.5970 2.7738 2.6860 2.6951 2.6359 2.9003 2.8190 2.7577 2.3983 2.3250 2.4729 2.0356 
4.7771 3.4919 2.8579 2.6042 2.0981 3.1377 2.5590 2.2765 1.5480 1.7898 1.9043 1.3975 1.9148 2.1314 1.9455 1.2723 1.2092 1.1650 1.8053 1.9449 1.5913 0.9813 1.4256 1.2417 0.9012 1.5072 1.6754 2.1398 0.9348 1.2632 1.1660 1.2116 1.5979 
4.2111 4.3681 4.0193 3.6749 3.6224 3.1579 2.9722 2.8980 2.6508 2.9121 2.7065 2.5632 2.5680 2.3081 2.4555 2.2002 2.1485 2.1175 2.3195 2.0709 2.2883 2.1839 2.2594 2.3762 2.0217 2.1029 2.0895 2.1509 2.4701 2.3123 2.3785 2.1703 1.1127 
4.4426 3.2335 3.3459 2.8559 2.6459 2.4423 1.7506 2.3087 1.5769 1.1621 2.1082 2.4902 1.9472 1.3765 1.0350 2.1012 1.6407 2.0364 0.9057 1.1015 1.6303 2.1018 1.6554 0.5930 0.9481 1.5391 0.9058 1.4318 1.4822 1.4391 1.6136 0.9305 1.2642 
3.9970 3.0726 3.2339 1.4623 2.6183 2.3986 2.2042 2.2016 2.3091 1.8019 0.3332 1.9764 1.9218 1.6979 0.9729 1.4342 1.6684 1.3864 0.8589 1.4907 1.5976 1.5904 -0.0871 1.2323 1.6324 1.4716 1.3745 1.3912 1.4729 -0.0482 1.5515 1.0151 0.8419 
4.0806 2.7406 2.0165 2.2413 2.6119 2.2624 2.2618 2.4512 1.8341 1.2315 1.4210 1.1728 0.7177 1.0588 1.2497 1.4101 0.8034 1.3357 1.0968 0.8799 0.4189 0.8654 0.9402 0.6753 1.1361 1.6794 1.4135 1.2607 1.4644 0.9222 0.4630 0.7378 0.9179 
3.9219 3.2477 2.9024 2.8574 2.4432 1.5349 0.7702 1.8813 1.4531 1.1962 1.2552 0.6500 1.5275 2.0017 1.7684 0.6060 0.3672 0.5368 1.6000 1.8002 1.2386 0.3233 0.8136 0.6439 0.8305 1.0888 -0.0989 0.5240 1.2543 1.4499 1.1927 1.0597 0.7973 
3.5229 3.0442 4.1062 3.5473 4.4177 4.2532 3.7020 3.2322 2.9165 3.3727 2.6824 2.9700 2.4010 3.0038 2.7664 2.9856 2.5780 2.9286 2.6060 2.7974 2.0811 2.5840 2.2423 2.8139 2.2568 2.4875 2.8691 3.2416 3.2149 2.1222 2.4464 0.9208 0.3009 
4.7373 5.0762 5.5500 5.7996 5.6355 5.5681 5.5393 4.4674 5.0384 5.2680 4.5375 4.3615 3.9867 3.7111 3.9710 3.8196 3.4360 3.7298 3.8347 3.5064 3.6703 3.9760 4.0723 4.7140 4.4252 3.6891 4.6537 4.5612 4.4780 4.4300 3.9066 2.9411 1.6307 
4.4142 4.2886 4.6487 5.1060 5.5869 4.4201 3.9087 3.8457 3.7221 3.1814 2.4369 2.6009 3.2213 3.5200 3.0453 2.9382 2.5083 2.8864 2.9214 3.3176 2.9474 2.2352 1.9732 2.6292 3.0823 3.0729 3.0116 3.4077 4.4353 3.7308 2.9948 2.1009 1.3469 
4.4739 4.3561 4.2879 3.7462 3.9541 3.9154 3.0051 2.9622 2.9486 2.5488 2.7797 2.1225 2.7740 2.5635 2.0956 2.1950 2.4436 2.1224 1.9689 2.3866 2.4768 1.7996 2.3295 2.0017 2.3164 2.2060 2.1165 2.9017 2.7784 2.3970 2.5811 2.1610 1.3878 
3.8090 2.4424 3.5363 3.4990 4.3563 2.8342 3.0130 2.5024 2.5922 3.0333 2.3222 2.9700 2.7199 2.7369 2.7123 2.4651 1.1519 2.4099 2.5687 2.5200 2.4421 2.5841 1.8801 2.4886 1.9629 1.7722 2.1254 1.7742 3.1434 2.1163 1.8944 0.1117 0.7126 
4.1912 3.5358 3.4616 3.6075 3.4135 3.8482 3.0329 2.7099 2.6460 2.6172 2.5725 2.4721 1.6938 1.7112 2.1349 2.0425 1.7900 1.9782 2.0068 1.4952 1.4239 2.0869 2.1052 2.0849 2.0141 1.9752 2.1582 2.8436 2.2108 2.2068 1.7801 1.3048 0.9826 
2.3920 3.2536 3.4208 3.2362 3.4011 2.7155 2.0243 2.4487 2.3211 2.1229 1.0609 2.1458 2.6317 2.1606 0.7781 1.5670 1.8980 1.4981 0.5833 1.9579 2.3867 1.8087 0.5936 1.5905 1.6540 1.6758 1.1183 1.6948 2.1822 1.8981 1.7175 1.1369 -2.2317 
1.4399 3.3354 2.0247 2.4201 3.1584 2.2934 2.2260 2.5191 1.7109 2.3998 2.1158 2.3900 2.3454 1.3907 1.4967 1.9690 1.9212 1.9131 1.3867 1.1272 2.0251 1.9882 1.6673 1.8552 1.0615 1.7788 1.3963 1.3003 1.9943 1.0250 0.3634 1.1411 -1.0284 
4.2807 3.6908 3.1760 2.0184 2.2440 2.6009 2.6332 2.5663 2.6059 2.2868 1.5501 2.3189 1.4436 2.0506 1.3640 1.5127 0.9128 1.4494 1.1756 1.8658 1.1239 1.9409 1.0853 1.7286 1.9768 1.8499 1.7899 1.5914 1.0622 0.5968 1.5040 1.4857 1.1211 
3.5667 3.3121 3.3497 2.8999 2.7093 2.6358 2.2617 1.6343 1.6317 0.9720 2.0034 1.5835 0.8979 1.9288 0.4712 0.4174 -0.8630 0.3578 0.3617 1.6917 0.5764 1.2001 1.5486 0.4541 0.9979 0.9163 1.4080 1.6260 1.5326 1.4780 1.6177 1.0969 0.3553 
3.9303 3.7258 3.4552 2.9676 3.2883 2.8004 2.8547 2.3734 1.9300 2.3693 2.4771 2.0050 0.6935 0.6795 1.6798 1.6928 1.2570 1.6100 1.5426 0.4670 0.4228 1.6125 2.0138 1.8147 1.2824 1.5848 1.9670 1.7876 2.0973 1.5655 1.7613 1.5422 0.7168 
3.9101 3.1090 2.1638 2.2328 2.5873 2.1304 1.8258 1.5957 2.0408 0.9651 1.7945 1.1329 1.3789 1.7151 1.6167 1.5447 -0.3613 1.4789 1.4884 1.5017 1.0427 0.7916 1.3539 0.4112 1.4184 0.8951 0.9484 1.1116 1.4358 0.8711 0.4998 0.9145 0.7450 
2.5627 2.8423 2.6611 2.7641 2.5371 2.4066 2.5797 2.4471 1.6640 1.9993 2.1123 2.0975 1.9323 2.0043 2.1911 1.8678 2.2447 1.7730 2.0498 1.7989 1.6133 1.7304 1.6623 1.4625 1.0241 1.6763 1.7135 1.3967 1.3883 1.3949 1.0144 0.6178 -0.3759 
4.7397 4.6179 4.2933 3.5256 4.8721 5.0749 4.2341 2.9401 3.6350 3.3232 3.3362 1.6390 2.7422 2.5595 1.9805 2.2175 1.9307 2.1313 1.8605 2.3829 2.4531 1.3104 2.8912 2.7624 3.0078 2.1500 3.3890 4.0660 3.6689 2.0873 2.6116 2.4515 1.6179 
4.0492 4.0338 3.4880 3.8915 3.4872 4.1373 3.2238 2.6255 3.1166 2.7775 2.5790 2.0768 2.3919 2.4204 1.7392 1.3091 2.2416 1.2226 1.5884 2.1728 2.0634 1.7029 2.1108 2.2181 2.4933 1.9134 2.3823 3.1292 2.3423 2.4749 1.8575 1.8811 0.9237 
4.7476 2.6048 3.1287 3.2671 1.9565 3.2681 2.9836 2.7754 2.1804 1.9648 2.1481 2.6573 2.1738 2.0353 1.9832 1.5922 1.0885 1.5259 1.8675 1.8475 1.9097 2.3139 1.6996 1.4307 1.5441 2.0211 2.0987 2.2595 0.7498 1.8960 1.4417 0.4151 1.5885 
4.2862 4.2026 4.2280 4.3299 4.1948 3.8317 2.7140 2.6365 3.2109 3.1481 3.0106 2.4055 2.4784 2.7292 2.6023 2.4442 0.3193 2.3900 2.4718 2.5127 2.1727 2.0030 2.5489 2.6052 2.5715 1.9237 1.8756 2.8174 3.0265 2.9414 2.5522 2.0273 1.0519 
5.0558 3.7125 3.9828 3.8939 4.1162 4.5603 3.7306 3.9369 3.0351 3.2921 3.6308 3.1607 3.9493 3.5819 3.6294 2.4247 3.1577 2.3738 3.5043 3.3980 3.6235 2.8148 3.1782 2.7331 2.4069 3.1576 2.8797 3.5551 2.9558 2.4738 2.3062 1.5040 1.9324 
4.4272 4.4356 4.2351 3.7562 3.8680 3.9092 3.1473 3.1062 2.2309 3.3484 3.2852 3.1945 3.2078 2.9692 2.7028 2.5365 1.9466 2.4723 2.5615 2.7404 2.9370 2.8542 2.8402 2.7966 1.5781 2.3910 2.3031 2.8981 2.6618 2.3918 2.5575 2.2442 1.2868 
5.3978 4.4143 3.9395 3.5455 3.1163 3.5151 3.0686 3.0489 3.1161 2.2305 3.0054 2.8260 2.6472 2.0819 2.2785 2.1177 2.0628 2.0582 2.1116 1.8984 2.3957 2.4483 2.5445 1.6813 2.4908 2.3230 2.2000 2.5065 1.9681 2.1437 2.2277 2.1160 2.2119 
2.6509 3.6514 3.1737 3.2923 3.3103 2.6468 2.3092 2.2956 2.0595 2.3077 2.2576 1.1981 2.8124 2.7418 2.3145 2.1912 1.7900 2.1087 2.1403 2.5207 2.5078 0.8500 1.8147 1.7585 1.4412 1.5365 1.4450 1.6229 2.1051 1.9223 1.5069 1.5085 -0.4655 
4.8163 4.4090 3.5960 3.5821 3.6230 3.0393 3.0262 2.7129 2.8548 2.5171 2.5634 2.4377 2.7530 2.4482 2.2758 2.0346 2.4914 1.9705 2.1070 2.2130 2.4652 2.0445 2.1010 1.9751 2.1769 1.9761 2.1416 2.0259 2.4710 2.1883 1.9306 2.1702 1.6506 
3.6176 2.4475 2.5966 2.9492 2.5707 2.3793 1.4756 1.9199 2.4200 2.2373 1.6478 1.5899 1.9106 1.8537 2.0832 1.5885 1.4948 1.5169 1.9519 1.5966 1.5909 1.2242 1.1913 1.6792 1.7706 1.1400 0.6028 1.3712 1.4166 1.5460 0.9309 0.4068 0.4808 
3.9403 3.8658 2.9705 2.9492 2.4630 2.6887 2.3895 2.4712 2.4321 2.7436 2.3351 2.0246 1.8878 2.2094 2.1057 1.2925 1.2342 1.1970 1.9783 1.9986 1.5565 1.6410 1.8864 2.1900 1.7863 1.7211 1.4825 1.6876 1.2794 1.5482 1.2778 1.6501 0.7892 
4.3535 3.5984 3.2659 3.0355 2.8293 2.0175 2.4504 2.1618 2.4855 2.4628 2.1949 1.3034 2.3455 2.0398 1.9346 0.9169 1.3249 0.8570 1.7868 1.8512 2.0267 0.9178 1.7467 1.9253 1.8771 1.4323 1.5672 1.0058 1.6202 1.6291 1.5790 1.4046 1.1947 
3.4387 3.1115 2.6149 2.7787 2.9038 2.7404 2.1895 1.6548 1.6277 1.9487 1.9147 1.8595 1.5469 0.4684 1.4769 2.1026 2.0404 2.0438 1.3503 0.2567 1.2642 1.4644 1.4466 1.4151 1.0011 0.9329 1.3694 1.7259 1.6967 1.4092 0.9725 0.9410 0.3310 
4.0498 3.3742 3.2188 2.9255 3.0608 2.5546 2.4232 2.4224 1.4826 2.2473 2.0029 2.2682 2.0158 2.2080 1.6386 2.1747 -0.4664 2.1012 1.5081 1.9959 1.7226 1.9108 1.5401 1.6935 0.8801 1.6401 1.5307 1.5432 1.9107 1.5186 1.5278 1.1249 0.8978 
3.7442 2.5107 2.3922 2.1580 1.2113 1.5008 1.4721 1.7051 1.7720 1.9443 1.9144 1.5425 1.7583 2.0055 1.0220 0.4137 1.5990 0.3182 0.8898 1.7952 1.4653 1.1666 1.4424 1.4103 1.1226 0.9728 0.6133 0.4991 0.0278 0.8101 0.6113 0.5106 0.5228 
4.7248 3.4856 2.9997 3.1824 2.6671 2.8360 2.2781 2.1241 2.4313 2.4252 1.8348 1.9643 2.0430 1.3516 1.7107 2.0112 1.9139 1.9494 1.5637 1.0955 1.7586 1.5792 1.3842 1.8894 1.7816 1.4093 1.4210 1.8343 1.5067 1.8136 1.2956 1.1410 1.5540 
4.3179 3.9339 3.4662 3.3046 2.9823 2.6867 2.7469 2.5160 2.4289 2.6010 2.4008 2.4953 2.4568 2.3794 1.9693 2.1565 -0.5193 2.0925 1.8404 2.1123 2.1415 2.1048 1.9343 2.0572 1.7811 1.7782 1.9010 1.6764 1.8180 1.9228 1.7876 1.7205 1.1664 
4.3366 4.2178 3.6469 3.4642 3.3578 3.4225 3.3473 3.2626 3.0296 2.6062 2.4000 2.3118 2.3962 2.3458 2.4659 2.6448 2.3919 2.5831 2.3382 2.0971 2.0713 1.9359 1.9336 2.0655 2.4112 2.5107 2.4652 2.4144 2.1447 2.0581 1.9714 2.0457 1.2142 
3.5240 4.0925 3.8863 3.0316 3.9209 4.1778 3.5137 3.1961 3.0303 2.2136 2.2835 1.0085 1.4409 1.9848 1.6464 1.1252 2.3065 1.0647 1.5105 1.7751 1.1063 0.6148 1.8358 1.6778 2.4111 2.4656 2.6230 3.1684 2.7256 1.6040 2.1578 1.9526 0.4226 
5.0322 5.2778 5.3269 5.1240 4.7358 4.3086 2.5535 3.4281 3.0681 2.1714 2.5984 2.4344 2.6677 2.9712 2.3542 1.9615 2.0802 1.9026 2.1744 2.7488 2.4096 2.0426 2.1314 1.6217 2.4401 2.6404 1.7412 3.2910 3.5647 3.7373 3.6172 3.0918 1.6859 
4.2823 4.0927 4.0272 3.4341 4.0577 3.2515 2.1541 2.7211 2.4806 2.3858 2.5402 2.4839 2.2058 2.4885 1.9991 2.3955 2.3715 2.3137 1.8875 2.2757 1.9319 2.1017 2.0794 1.8305 1.8663 1.9822 1.2504 2.2712 2.9088 2.0370 2.3776 1.9463 1.2017 
3.4514 3.1166 3.5696 3.4069 3.1706 2.9110 2.5733 2.6050 1.7277 2.3863 2.2452 2.4063 2.0584 1.7904 1.9007 1.4197 0.8225 1.3721 1.7262 1.5543 1.7767 2.0088 1.8034 1.8308 1.0886 1.8922 1.7123 1.8998 2.0104 1.9883 1.9121 0.9617 0.1987 
4.0836 3.7727 3.3180 1.8568 3.1815 2.5237 2.5557 1.7115 2.2139 2.6173 2.1076 1.8581 0.3744 1.8302 2.1519 2.1925 1.4931 2.1103 2.0201 1.5858 0.0651 1.4598 1.6589 2.0822 1.5760 0.9747 1.6842 1.5091 2.0158 0.4792 1.5951 1.5730 0.9425 
1.8832 3.3751 3.4144 3.1121 3.4586 2.8903 1.4411 0.5502 2.2626 1.9633 1.5886 1.5263 0.9838 1.5644 1.7196 0.9490 1.6955 0.9005 1.5705 1.3823 0.6920 1.1369 1.1231 1.4224 1.6014 -0.2555 0.5659 1.8707 2.2818 1.7345 1.7172 1.1842 -1.1116 
4.4950 3.4362 3.1222 2.8843 2.3212 1.8819 1.3563 1.7991 1.9782 1.3748 1.8005 1.8945 1.8441 1.2121 1.4900 0.5680 1.3550 0.4990 1.3808 1.0025 1.5241 1.4946 1.3563 0.8170 1.3528 1.0394 0.4381 0.8917 1.0924 1.4758 1.4671 1.1761 1.3785 
3.4753 3.2582 2.7011 2.4568 3.0634 3.0046 2.6753 1.5370 1.8936 1.8419 2.4270 2.0064 1.9121 1.7699 2.3565 2.0198 2.0590 1.9568 2.1765 1.5425 1.5904 1.6167 1.9603 1.2819 1.2255 0.7879 1.8362 1.9942 1.9148 1.0807 1.0156 1.0688 0.3691 
3.6738 1.6626 2.6718 2.5067 2.5706 2.2293 2.5795 0.3300 1.4108 2.0616 1.8957 1.1773 1.1915 1.7562 2.0673 1.9238 0.9508 1.8629 1.9412 1.5308 0.9225 0.8322 1.4265 1.5201 0.7471 -0.4243 1.7114 1.2195 1.4197 1.0971 0.9994 -0.8158 0.5412 
3.8370 3.3421 1.6597 2.1554 2.4059 2.4812 2.4914 2.4443 2.4239 2.4491 2.4998 1.8242 2.3878 2.4607 2.6016 2.4559 -0.0665 2.4003 2.4714 2.2350 2.0590 1.4414 2.0382 1.9138 1.7715 1.6743 1.6042 1.4733 1.2042 0.8090 -0.0118 1.1467 0.7530 
5.2604 4.5434 4.5164 3.9739 4.1139 4.0043 3.4347 3.3793 2.8904 2.9109 2.7630 2.4550 2.9599 2.8564 2.2441 2.7280 2.5217 2.6460 2.0870 2.6041 2.6461 2.0563 2.3210 2.3738 2.2038 2.5989 2.5599 2.9921 2.9599 2.5721 2.8540 2.3381 2.0862 
4.6196 4.0255 3.8726 3.5445 2.6633 3.0008 2.9122 2.5794 2.1268 2.4352 2.2956 1.4424 1.5362 1.9954 2.1655 1.9868 1.2059 1.9290 2.0301 1.7902 1.2497 1.0576 1.8550 1.9012 1.5031 1.8710 2.0188 1.9941 1.5022 2.1394 2.1362 1.8256 1.4385 
4.3329 3.7569 2.5506 3.1253 2.8064 2.6797 2.0785 2.6641 2.6244 2.6942 2.5764 2.2293 2.6309 2.4833 1.9933 1.4747 1.0317 1.4247 1.8729 2.2608 2.3865 1.8878 2.1057 2.1462 2.0038 1.9434 1.2190 1.6758 1.5938 1.7746 0.8551 1.6186 1.1832 
3.9840 2.7289 2.3461 2.8926 2.0835 1.8562 2.8672 1.8120 2.2797 2.4424 1.5930 2.3809 2.4643 2.1551 1.9582 1.5994 0.9275 1.5345 1.8244 1.9541 2.1504 1.9813 1.1512 1.9042 1.6192 1.0558 1.9781 0.8222 0.9291 1.4773 0.6322 0.4807 0.8721 
2.1030 3.7742 3.3614 2.0714 2.6997 2.6086 2.4083 2.4273 1.9524 2.2548 2.3120 1.9706 2.2886 2.2209 1.9198 2.0575 2.2292 1.9934 1.7627 2.0067 1.9891 1.5856 1.8750 1.7035 1.3240 1.6507 1.5141 1.5982 1.5335 0.7461 1.6388 1.6047 -1.0960 
4.6841 3.1269 2.1800 2.4179 1.4633 1.4117 1.7938 1.8866 1.9989 1.3860 1.1946 1.0520 1.1799 1.5479 1.2941 1.7618 1.4569 1.6653 1.0976 1.3671 0.9232 0.7104 0.7095 0.7878 1.3894 1.1144 0.9235 0.3648 0.4077 0.9641 0.6864 1.1366 1.5221 
4.2786 3.0211 1.8459 2.7079 2.0326 1.0613 1.8993 1.6016 2.1161 1.8508 1.6817 1.5500 1.4836 1.6139 2.0821 1.9205 1.4984 1.8562 1.9522 1.4342 1.1815 1.1796 1.2314 1.2902 1.4940 0.9048 1.0120 0.0224 0.8889 1.3746 0.0754 0.9089 1.1122 
3.5371 3.8657 3.4404 3.3049 2.9861 2.6284 1.8350 2.0448 2.2648 2.4673 2.8358 2.2296 2.1558 2.2013 1.5675 2.2298 2.3742 2.1463 1.4441 1.9899 1.8996 1.8870 2.3901 1.9359 1.6067 1.3375 0.9233 1.6084 1.8279 1.9216 1.7560 1.6742 0.4712 
4.5141 3.6652 3.1070 3.0740 3.0007 2.9927 2.7211 2.5237 2.6500 2.1424 2.4243 2.3129 2.2372 2.4527 2.4289 1.7183 1.9795 1.6433 2.2725 2.2248 1.9537 1.9382 1.9596 1.5999 2.0210 1.7898 1.8878 1.9840 1.8490 1.6760 1.4440 1.4512 1.3941 
2.3387 3.6578 2.0949 2.2956 2.1190 1.8795 2.4115 1.9572 2.4943 2.1110 1.6582 2.2542 1.5678 1.9567 1.8990 1.8288 1.6231 1.7374 1.7238 1.7322 1.2839 1.9006 1.2112 1.5749 1.8849 1.1831 1.5229 0.8868 0.9699 0.9186 0.3323 1.5242 -1.0932 
3.8092 3.0493 2.7251 2.0998 2.4293 2.5531 1.3895 1.9518 1.1457 1.5510 2.0032 1.4329 1.4455 -0.0312 1.7198 1.8867 1.5050 1.7985 1.5790 -0.1787 1.1291 1.0383 1.5472 1.0100 0.5027 1.1970 0.4791 1.5502 1.2437 0.7062 1.0416 0.8522 0.5590 
4.5326 3.4705 3.4385 2.0417 2.0119 1.9668 1.8959 2.4209 1.9045 2.0089 1.8893 1.8311 1.6006 1.1227 0.3000 1.8820 1.9778 1.7909 0.1348 0.9313 1.3488 1.4457 1.4189 1.4685 1.2433 1.6417 1.0106 0.9666 0.8628 0.6543 1.7476 1.2107 1.4037 
3.5727 3.5398 2.4430 2.7370 2.0508 2.5314 2.0534 1.5717 0.9115 2.0309 1.9813 1.9037 1.4481 0.4571 1.5888 1.5251 1.7250 1.4614 1.4589 0.2274 1.1301 1.5072 1.5193 1.4905 0.2542 0.8566 1.1785 1.5213 0.9060 1.3725 0.8253 1.3854 0.4512 
3.9768 3.3865 1.1240 2.2878 1.9287 1.1991 1.7414 2.3984 1.6400 2.0808 1.8260 2.3557 2.0142 0.9070 0.5083 1.3556 1.1176 1.2697 0.3999 0.6668 1.7161 1.9625 1.3778 1.5367 1.0208 1.6078 0.8973 0.1803 0.7350 0.9048 -0.4639 1.1443 0.8809 
3.6564 3.5788 1.9406 2.7883 2.4843 1.9997 2.5292 2.0077 2.1701 2.3645 1.7470 1.6284 2.3302 1.9976 1.9624 1.8548 2.1876 1.7688 1.8313 1.7899 2.0162 1.2840 1.3073 1.8038 1.5374 1.2666 1.6493 0.9896 1.3268 1.4103 0.3656 1.4179 0.5513 
4.5494 3.9415 2.8638 2.6681 2.5245 2.0709 2.0456 2.0962 2.3874 1.8034 2.0894 2.1325 2.1368 1.5675 1.9584 1.4254 1.4113 1.3729 1.8264 1.3864 1.8868 1.7866 1.6215 1.2389 1.7096 1.3816 1.1682 1.0622 1.3814 1.3060 1.1127 1.7042 1.4173 
4.1080 2.9889 2.5558 2.6589 2.4474 1.3416 1.4478 1.5671 1.9863 1.9074 1.4618 1.1324 1.7625 1.9869 1.4287 0.7499 0.9114 0.6651 1.2810 1.7755 1.4678 0.7894 1.0024 1.3735 1.3768 0.8497 0.5733 0.3621 1.2731 1.2916 0.8930 0.8322 0.9721 
4.2737 4.2007 4.2268 4.5151 4.3644 4.9516 4.9527 4.0726 4.5779 3.8141 3.8165 3.7159 4.4840 4.1822 3.7381 4.2004 3.3014 4.1240 3.5944 3.9815 4.1705 3.3780 3.3760 3.2580 3.9529 3.3679 4.0609 3.9462 3.1425 3.1138 2.5503 2.0407 1.1968 
4.9687 3.9392 4.3502 3.8228 4.1777 3.0485 3.6223 2.9885 2.4734 2.8696 0.4117 1.7045 1.3362 2.5852 2.8396 1.5877 0.8622 1.5248 2.6598 2.4019 1.0046 1.3617 -0.0872 2.3107 1.8532 2.2270 2.7774 2.0300 3.0144 2.4389 2.6345 1.6906 1.8659 
4.6256 2.5988 3.5870 3.2988 3.0471 2.3233 2.4233 2.4103 2.5904 2.6704 1.6992 2.4116 1.5987 2.4168 2.4749 1.4162 1.3008 1.3525 2.3500 2.1692 1.3382 2.0152 1.2483 2.1220 1.9641 1.6257 1.5235 1.3077 1.8975 1.9453 1.9127 0.6354 1.4463 
4.0403 4.4563 3.5797 3.9449 2.7542 2.7497 3.3580 3.1022 2.9611 2.7265 2.4732 2.8965 2.8136 2.9020 2.7601 2.8522 2.5663 2.7629 2.6026 2.6423 2.5056 2.4978 2.0101 2.1757 2.3291 2.3869 2.4758 1.7309 1.5689 2.5354 1.9331 2.2904 0.9490 
4.4094 4.3658 3.7360 3.4997 3.5426 3.1911 3.2394 3.1735 3.2204 3.2405 3.0284 2.7388 2.7452 2.6535 2.4922 2.6690 2.6638 2.6016 2.3813 2.4569 2.4598 2.3940 2.5695 2.6875 2.5800 2.4489 2.3989 2.1880 2.3989 2.0997 2.0469 2.1544 1.2146 
4.6462 3.3077 3.9794 4.0370 3.6322 2.9870 3.0885 3.1359 3.1491 2.7218 3.0996 3.0998 3.1940 2.8855 3.3186 2.4726 3.1070 2.4188 3.1441 2.6224 2.9264 2.7299 2.6324 2.1730 2.5177 2.4242 2.2212 1.9893 2.4710 2.6359 2.3122 0.9710 1.5242 
5.2069 4.1483 3.8903 3.0738 3.4030 3.1058 2.6899 2.9737 2.6503 2.4610 2.3968 2.4739 2.6209 2.4495 2.1048 2.1444 1.9267 2.0817 1.9805 2.2179 2.3745 2.0919 1.9271 1.9239 2.0190 2.2145 1.8513 2.0958 2.1856 1.6864 2.1570 1.9225 2.0587 
4.7626 3.9742 3.4263 2.6021 2.6163 2.6023 2.4846 2.7658 2.6441 2.4414 2.4721 2.2853 2.2255 2.1436 2.2264 2.2948 2.0599 2.2052 2.0784 1.9478 1.9428 1.9186 2.0080 1.9035 2.0120 2.0096 1.5952 1.5888 1.4553 1.2001 1.6981 1.7286 1.5890 
4.1037 3.9778 3.4878 3.2726 3.0328 2.9075 2.4980 2.6278 2.5334 2.5888 2.4741 2.6226 2.6040 2.4810 2.0960 1.9755 1.4559 1.9190 1.9615 2.2633 2.3432 2.2742 2.0131 2.0458 1.9159 1.9153 1.6116 1.9001 1.8898 1.9039 1.8364 1.8110 1.0150 
4.5400 3.9630 3.3325 2.8429 2.8461 2.2980 2.6333 2.9055 2.7563 2.5658 2.2549 2.0302 2.1756 1.8739 1.7025 2.0583 2.1997 1.9925 1.5625 1.6058 1.9122 1.6488 1.8100 2.0219 2.1003 2.1136 1.7939 1.2879 1.6284 1.4390 1.6040 1.7412 1.4108 
3.9814 3.3345 2.9748 2.6997 2.4974 2.8113 2.2233 2.4523 2.0929 2.2675 2.3365 1.7943 2.0065 2.2228 1.0296 1.3279 1.4889 1.2371 0.9051 2.0063 1.7131 1.4206 1.8889 1.7137 1.4593 1.6852 1.3825 1.8044 1.3391 1.3449 1.2751 1.0937 0.7791 
3.0767 2.6109 2.6244 1.8366 2.0246 2.3585 2.2738 0.1158 2.2412 1.5253 0.3227 -0.4248 1.5870 0.8919 1.9169 1.9049 -1.4390 1.8297 1.7631 0.6335 1.3205 -0.8118 -0.1126 0.9767 1.5927 -0.5647 1.4165 1.3565 0.8813 0.4242 0.9460 0.4931 -0.1492 
3.3764 3.4368 1.7673 1.5248 2.1402 1.7358 2.1056 0.9664 1.2039 1.9550 0.5983 1.8872 1.6775 1.5284 1.7117 1.7588 1.7478 1.6766 1.5613 1.3387 1.4171 1.4807 0.1465 1.4173 0.5880 0.1469 1.2425 0.7575 0.9926 0.1599 -0.0394 1.3064 -0.0479 
3.6057 2.4007 0.9437 0.9162 1.7400 2.4286 2.5977 2.1948 1.9359 2.5477 2.3407 1.2844 1.1678 1.7610 1.5255 1.5525 0.4081 1.4870 1.4076 1.5347 0.9016 0.9121 1.8873 2.0054 1.3118 1.4530 1.7365 1.4227 0.5744 -0.4673 -0.7983 0.2305 0.4865 
4.5498 2.7566 2.9966 1.6257 3.4074 3.7234 3.7531 3.5848 3.0836 2.6090 3.1002 2.9211 1.9091 3.1964 3.0085 2.0016 2.4792 1.9419 2.8939 2.9908 1.5928 2.5240 2.6342 2.0733 2.4537 2.8674 2.9086 2.7161 2.2001 0.0882 1.2931 0.7112 1.4121 
4.2366 3.7557 3.4030 2.9803 2.5055 2.4730 2.8269 2.9596 1.8081 2.4936 2.0368 2.5537 2.2945 2.1564 2.0968 0.8474 1.4823 0.7484 1.9657 1.9592 1.9895 2.1759 1.5804 1.9547 1.1246 2.1949 1.9519 1.4654 1.3524 1.5816 1.6831 1.5393 1.0811 
4.8868 3.3231 4.3218 3.0166 4.3406 4.5618 4.3099 3.2814 4.0256 3.5960 3.4639 3.4916 3.8087 4.1144 2.6554 2.7515 3.2060 2.6803 2.5459 3.9228 3.5166 3.1044 3.0070 3.0587 3.4049 2.4935 3.4508 3.5472 3.1236 1.6103 2.6034 1.4240 1.5893 
3.0319 3.8486 3.4521 4.0599 3.9220 4.0433 3.9416 3.9279 3.9477 1.1192 2.9534 3.2541 2.4612 1.6407 2.9183 2.5010 2.4743 2.4410 2.7618 1.4201 2.1565 2.9049 2.4824 0.5707 3.2985 3.1431 3.0509 3.0352 2.7251 2.6750 1.7016 1.6935 0.2459 
