4.3322 3.8842 3.5258 3.5480 3.3707 3.1396 3.0047 3.3914 3.2456 2.3705 2.8173 2.7189 2.1867 1.5524 2.4318 2.6440 2.5089 2.5741 2.2390 1.3440 1.9220 2.3410 2.3399 1.7700 2.5707 2.5872 2.0410 2.0509 2.1004 2.0266 1.6539 1.5234 0.9207 
4.2753 3.0537 2.7296 2.6288 3.4460 3.1827 3.2268 3.2639 3.5567 2.6441 2.7427 2.4952 2.5627 2.4995 1.3254 1.3991 1.5951 1.3274 1.1460 2.2342 2.2292 2.0728 2.2563 2.0543 2.8332 2.4995 2.2910 2.0981 2.1562 1.1446 0.9416 0.5823 0.8961 
4.2047 3.9462 3.5977 3.3083 3.0390 1.9275 2.3087 2.5456 3.1968 2.9521 1.7738 2.0701 2.5485 2.5625 2.6751 2.3539 1.7382 2.2522 2.5359 2.3314 2.2129 1.6676 1.2987 2.3492 2.5264 1.7385 1.4068 0.8624 1.7350 1.8510 1.7735 1.6016 0.8619 
2.5081 2.7199 2.9297 2.5110 1.0723 1.9789 3.2182 3.2231 3.0699 2.3566 2.4694 2.8511 1.9003 2.5500 1.0648 1.5658 2.3441 1.5017 0.9183 2.3094 1.5436 2.4774 1.9711 1.7584 2.3813 2.4603 2.2887 0.9059 -0.1750 0.9973 1.0838 0.4360 -0.7905 
3.7803 1.6035 2.5791 2.3992 2.7207 2.8257 2.4895 1.9585 2.6571 2.7245 2.0800 2.7425 1.4893 2.1316 1.8910 1.5413 1.2733 1.4752 1.6930 1.9309 1.1387 2.3704 1.5837 2.1493 1.9903 1.1074 1.5161 1.7434 1.4962 0.8956 0.8093 -1.0743 0.3400 
4.5671 3.7647 2.5394 2.9132 2.6344 2.5343 2.4176 3.0884 2.6020 2.5399 2.4350 1.0654 2.2039 1.7782 1.9537 1.3821 1.7273 1.2802 1.7824 1.5410 1.9325 0.6551 1.9403 1.9643 1.9360 2.2704 1.4650 1.4495 1.3913 1.4248 0.6867 1.4068 1.1589 
4.9142 4.1426 2.9339 3.1054 2.6536 3.0823 2.2453 3.1133 2.6120 2.7171 1.8984 1.9899 2.3722 2.2219 2.2628 2.1813 2.5693 2.1173 2.1094 2.0082 2.0418 1.5739 1.3965 2.1416 1.9436 2.3047 1.3721 1.9975 1.4109 1.6072 1.0699 1.7442 1.5549 
5.9229 5.0796 4.5961 4.1046 3.8163 3.8406 3.6898 3.6648 3.2825 3.2340 3.2663 3.2261 3.1011 2.8504 3.1197 3.0285 2.9419 2.9474 2.9973 2.6128 2.7670 2.8270 2.7809 2.6477 2.6037 2.8601 2.7403 2.7550 2.5697 2.5764 2.7267 2.6572 2.5313 
6.3141 5.2189 4.7295 4.1393 4.1789 3.7865 3.8281 3.7175 3.6870 3.3457 3.5905 3.3055 3.2781 3.2377 2.9906 2.8658 2.9145 2.7749 2.7965 3.0360 3.0118 2.9381 3.0896 2.7538 3.0249 2.9338 2.9212 2.6977 2.9144 2.6114 2.9047 2.7431 2.9044 
4.7136 4.6540 3.9279 3.5189 2.7346 1.4796 3.0109 2.6001 2.5712 2.0087 2.5938 2.1951 2.4900 1.9788 2.1397 1.5196 0.2102 1.4519 1.9996 1.7241 2.1438 1.8219 2.0977 1.4382 1.9056 1.8161 2.0426 0.3622 1.4876 1.9950 2.1013 2.2782 1.3458 
6.0661 5.1616 4.5591 4.3449 4.0060 3.7635 3.7902 3.5505 2.9240 3.0165 3.5907 3.3476 3.2881 3.1050 3.4198 3.1414 3.0366 3.0754 3.2442 2.8703 3.0169 2.9829 3.0885 2.4238 2.2019 2.6986 2.8800 2.6796 2.7056 2.8680 2.6987 2.6983 2.6603 
5.7533 4.5573 3.8348 3.3830 3.1858 3.5944 2.6565 2.9793 2.0168 2.5233 2.5516 3.1265 3.0196 2.2002 2.4802 2.4412 0.8566 2.3436 2.2987 1.9941 2.6689 2.7058 2.0508 1.9449 1.3662 2.1446 1.7305 2.5131 1.9461 1.9147 2.0318 2.0785 2.3213 
5.3940 4.4810 4.2239 3.4153 3.4432 3.2277 3.0297 2.7037 1.8326 1.7857 2.1073 2.1955 2.4343 2.6927 2.1000 2.1151 2.2505 2.0427 1.9682 2.4891 2.0865 1.8216 1.6097 1.1932 1.1149 1.9416 2.0660 2.1412 2.1549 1.9380 2.4367 2.0744 2.0130 
4.9507 3.4789 3.1714 2.1119 2.4215 2.6097 2.9961 2.0481 1.7394 2.5339 2.5139 1.6525 0.6572 1.3984 1.3793 1.8560 -0.0333 1.7668 1.1859 1.1160 0.3192 1.2668 2.0165 1.9558 1.0273 1.2174 2.0233 1.5435 1.1617 0.5919 1.4226 0.9715 1.5457 
5.2911 4.1599 4.0050 3.7632 3.2143 3.2239 3.2037 2.6485 3.0204 3.0804 2.7899 2.7382 2.7723 2.5808 2.6132 2.7053 2.1442 2.6416 2.4876 2.3543 2.4914 2.3669 2.3074 2.5029 2.2993 1.8718 2.2654 2.1394 1.9659 2.2647 2.1534 1.6952 1.9175 
5.7231 4.6908 4.0961 3.5298 3.5738 3.5055 3.3091 2.7048 3.0123 2.7888 2.7694 2.6937 2.7735 2.4651 2.5433 2.6092 2.6771 2.5426 2.4004 2.1796 2.4918 2.2998 2.2866 2.1957 2.2853 1.9425 2.4085 2.4201 2.2736 2.0029 2.2220 2.2458 2.2926 
4.8753 3.2078 2.5335 2.6019 2.7593 1.4748 2.4701 1.5270 2.2564 2.0441 1.5118 2.2564 2.2204 0.6765 2.1592 1.8474 0.1124 1.7468 2.0213 0.4489 1.9422 1.8895 1.0255 1.4690 1.5619 0.7161 1.5021 0.3884 1.5026 1.0704 0.6272 0.7285 1.4913 
4.3510 2.8138 2.6737 3.1954 3.0728 3.1435 2.7117 2.5591 2.1040 2.6203 1.1842 1.6756 1.8444 -0.1473 0.8662 1.7457 1.7392 1.6533 0.7126 -0.3136 1.5103 1.3028 0.7083 2.0382 1.4342 1.7435 1.8025 2.0541 1.8038 1.6793 0.9099 0.2485 0.9422 
5.6346 4.6914 3.9240 3.8489 3.7779 3.6544 3.2710 3.0946 3.0725 3.1350 3.0696 3.0256 3.0492 2.9179 2.9668 2.6793 2.6229 2.6052 2.7736 2.6639 2.7004 2.5974 2.5689 2.5545 2.3876 2.2783 2.3640 2.5696 2.5293 2.3786 2.0862 2.2510 2.1971 
4.8667 3.1472 3.1005 2.7221 2.6114 3.3462 2.8344 3.1940 3.3959 2.4238 2.6133 2.1684 1.5623 2.4354 1.8217 2.1342 1.9116 2.0609 1.6351 2.1567 1.2568 1.7876 2.1186 1.8270 2.6947 2.4240 1.9304 2.2583 1.3711 1.2137 1.2314 0.4985 1.4603 
1.0790 1.9655 3.7946 3.6268 3.0195 2.4387 2.4411 2.7807 1.9215 2.4404 1.7741 1.2110 2.0211 2.2933 1.6411 1.3212 1.0761 1.2237 1.5062 2.0548 1.6913 0.8233 1.2965 1.8349 1.1902 1.9958 1.4751 1.3740 1.7088 2.1169 2.0226 -0.2942 -1.1136 
4.9452 4.3943 3.7780 2.9179 3.3664 2.9513 3.1319 2.5989 2.8547 2.3302 2.3811 2.5731 2.3744 2.2209 2.1812 2.5039 1.3781 2.4378 2.0454 2.0085 2.0436 2.1573 1.9100 1.7363 2.1519 1.8113 2.1776 1.8712 2.1005 1.4163 1.9765 2.0342 1.5500 
4.2947 3.9920 2.6981 2.7092 1.6953 2.4023 2.6444 1.9399 1.4147 1.9502 2.7768 2.1926 1.9646 2.2697 2.4350 2.3224 1.5586 2.2282 2.2432 2.0434 1.6176 1.8178 2.2973 1.3807 0.7102 1.0901 1.7039 1.3276 0.4593 1.2407 0.8825 1.6217 1.0090 
4.7130 4.0882 3.0352 3.1139 2.1938 2.6269 2.4159 2.1531 1.6602 1.4223 2.9891 2.9148 2.6049 1.9762 1.6884 2.0201 1.5569 1.9602 1.5441 1.7196 2.2841 2.5133 2.4916 0.8635 0.9821 1.3867 1.4672 1.5467 0.9522 1.6098 1.1757 1.6525 1.3259 
4.6380 4.2515 3.7768 2.9647 2.9745 3.1952 2.0619 2.8725 3.3596 2.9554 2.6232 2.6169 3.0841 2.3093 2.1287 2.2591 1.4430 2.1723 1.9892 2.0665 2.7442 2.2081 2.1271 2.3546 2.6691 2.0651 1.0984 2.1110 1.6636 1.4551 1.9696 1.9275 1.1432 
4.1505 3.9143 3.0363 3.2204 2.6838 2.8528 2.4059 2.3505 2.5175 1.8486 2.0933 1.8420 2.3779 2.4096 1.1733 2.0147 2.4612 1.9577 1.0097 2.1465 2.0503 1.4402 1.6048 1.2598 1.8320 1.5395 1.4603 1.7700 1.4297 1.7190 1.1381 1.5484 0.6029 
4.3637 2.0876 2.8302 2.7237 2.6631 1.6743 2.5338 2.6546 2.2729 2.1627 1.9117 2.2138 2.0154 2.1972 2.2392 1.9800 1.6079 1.9230 2.0900 1.9898 1.6782 1.8431 1.4062 1.5880 1.5800 1.8788 1.5869 0.5874 1.4246 1.2557 0.9868 0.0441 0.9654 
3.4008 2.8233 1.9739 2.3168 1.8898 0.8857 1.0487 2.0458 2.0209 0.6612 1.5485 1.4383 1.3964 1.7879 0.3230 1.0535 -0.1823 0.9769 0.1351 1.5424 1.0528 1.0194 1.0585 0.0411 1.3585 1.2491 0.1125 -0.1897 0.5922 0.8475 0.2436 0.5224 0.0460 
3.7905 3.1301 2.9958 3.1588 3.0361 1.7504 2.0260 2.6641 2.5706 2.4274 2.0684 1.9178 1.2214 0.5597 2.1059 1.8419 1.2677 1.7398 1.9715 0.3612 0.9196 1.4789 1.5716 1.8233 1.9112 1.9030 1.0703 0.6724 1.7451 1.6513 1.1431 0.8594 0.4641 
3.5480 2.2378 3.2972 3.1658 2.5076 1.9379 1.4196 2.5441 2.6156 2.0314 2.3865 1.4824 1.4772 2.0293 2.4091 1.1667 1.9506 1.0795 2.2178 1.8043 1.1475 1.0675 1.9144 1.4500 1.9489 1.7259 0.4398 0.8472 1.2097 1.6565 1.4998 -0.0654 0.0949 
3.5782 2.7354 2.3374 2.5552 2.4491 2.8947 2.5005 2.6700 2.7271 2.5707 2.1527 1.5073 2.0256 1.9303 1.9071 1.9411 -0.5654 1.8575 1.7152 1.6442 1.6998 1.0866 1.6543 1.9906 2.0528 1.9058 1.5368 1.8128 1.1569 1.0476 0.5156 0.4454 0.2615 
4.5114 3.7901 2.0891 2.6934 2.8292 2.5625 2.5196 2.7178 1.9538 0.9178 1.4189 2.1961 2.1714 1.7348 1.9327 1.9584 1.5792 1.8903 1.7468 1.5047 1.9044 1.8239 0.9126 0.3312 1.2385 1.9504 1.5665 1.4811 1.5665 1.2087 0.2810 1.4486 1.1334 
4.0101 3.1380 2.1180 2.6135 3.0826 2.8861 3.0127 2.4731 2.5111 2.1515 2.2963 1.8999 1.9251 1.3082 1.1638 1.3908 1.3066 1.3082 1.0118 1.0523 1.5706 1.4691 1.8205 1.5667 1.8144 1.6152 2.0432 1.8047 1.8300 1.1154 0.3297 0.7423 0.5692 
3.7366 2.9190 2.0136 1.9970 2.5725 2.4244 2.7286 2.6948 1.8713 1.9042 2.7256 2.5097 2.0883 2.4715 1.8907 2.0473 1.2916 1.9838 1.6913 2.1892 1.7876 2.0850 2.2437 1.3164 1.1539 1.9283 1.8259 1.3332 1.3301 0.4899 0.1997 0.6261 0.3888 
4.2119 3.8283 3.1416 2.0387 3.0261 2.7004 2.2739 2.1045 2.9030 2.5886 2.4150 2.5755 2.4622 2.0767 1.1461 0.6791 1.2161 0.5847 0.9931 1.8706 2.1034 2.1581 1.9304 2.0063 2.1856 1.3359 1.3862 1.6130 1.7339 0.5340 1.3505 1.4825 0.8296 
2.5272 3.6076 3.1458 3.0496 3.2117 2.9445 2.5455 2.4844 1.2634 0.9325 1.3614 0.5735 1.2723 1.5032 1.8746 2.0415 0.9556 1.9767 1.6863 1.2800 0.9537 0.2215 0.8624 0.3411 0.5517 1.6331 1.5990 1.8570 1.9695 1.5379 1.3761 1.2887 -0.6064 
3.5533 3.1884 3.1189 3.0847 1.6172 1.9416 2.6490 2.5194 2.6808 2.0190 1.6124 1.4939 1.9491 1.9144 1.9391 1.0390 1.0497 0.9553 1.7575 1.6250 1.6063 1.0855 1.1186 1.4309 2.0056 1.6857 1.7185 0.8567 0.3821 1.5783 1.3249 0.8766 0.0773 
1.9860 2.1370 2.9495 2.6939 2.1491 1.8424 2.3497 2.4405 2.5558 1.0912 1.7986 2.1774 2.0249 2.0403 0.9880 1.0636 0.9658 0.9881 0.8626 1.8111 1.6951 1.8012 1.3206 0.5047 1.8837 1.6037 1.4275 0.7318 0.9044 1.2214 1.1174 -0.2163 -0.9810 
3.8174 3.0261 1.9288 2.1154 2.1150 2.4690 1.8929 1.7283 1.3860 1.7875 2.4160 1.9640 1.9568 2.0772 1.0404 2.1171 1.4190 2.0464 0.9079 1.8690 1.6106 1.5403 1.9308 1.1970 0.6626 0.9315 0.9317 1.3832 0.8763 0.6193 0.0821 0.6436 0.4865 
3.4204 3.4264 3.5226 3.5290 2.4943 1.9430 1.6205 2.1570 1.5207 1.9103 2.0564 1.9372 1.1109 2.3167 0.8489 1.4201 0.5307 1.3682 0.6380 2.0751 0.8217 1.5078 1.5650 1.3086 0.8507 1.3961 0.7116 0.8544 1.1939 2.0095 1.6686 1.0690 -0.1453 
2.8944 3.1092 2.8016 2.1408 2.7252 1.2928 2.4879 1.3900 2.1514 1.3228 2.0880 1.6495 1.8696 1.7392 1.2409 1.4897 0.9717 1.4233 1.0650 1.5043 1.5241 1.2793 1.5937 0.7123 1.4726 0.5542 1.5236 0.2621 1.4800 0.6442 0.9829 0.8242 -0.7369 
4.1229 2.2527 3.2071 2.2281 2.8045 2.7073 2.9715 2.9221 2.6607 2.3992 2.0763 2.5262 1.4640 2.1972 1.2613 2.4040 1.0754 2.3068 1.0727 1.9908 1.1285 2.1062 1.5923 1.7954 1.9871 2.0964 2.0181 1.6195 1.5484 0.7371 1.4182 -0.3839 0.7334 
4.2164 3.9853 3.6464 3.4900 2.8527 2.8221 3.0038 2.3322 2.6947 1.9641 1.6185 1.5995 1.9203 1.3748 2.1313 1.1973 0.3320 1.1146 1.9934 1.0925 1.5630 1.1988 1.1312 1.3873 2.0172 1.5224 2.0332 1.7422 1.5749 1.9845 1.8317 1.6109 0.7239 
4.2192 3.4530 3.0672 3.2347 2.1597 2.7388 2.5402 2.4560 0.4808 2.0483 2.2984 2.0333 2.0942 1.4695 2.1408 1.8576 0.8671 1.7602 1.9996 1.2369 1.7881 1.6138 1.8180 1.4675 -0.2105 1.6069 1.5948 1.6558 0.9144 1.7374 1.2120 1.0438 0.7778 
2.0497 3.0372 2.1863 2.3804 2.2617 1.9279 1.9591 2.5362 0.4637 0.9233 1.9617 0.9596 1.9122 1.3379 0.1635 1.5036 1.7211 1.4392 -0.0085 1.0651 1.5564 0.5356 1.4607 0.3452 -0.2251 1.7099 1.0021 0.8369 0.9925 0.9034 0.3843 0.6658 -0.7219 
3.9795 3.7393 1.9597 2.5634 1.9560 2.1332 2.3875 2.5211 2.5803 2.2822 2.5313 1.4800 1.0757 2.1874 1.2112 1.4901 2.1948 1.4285 1.0567 1.9818 0.8118 1.0696 2.0300 1.6885 1.9220 1.6902 1.4483 1.0555 0.6821 1.0584 0.0279 1.4123 0.5784 
4.6647 3.1370 2.7514 3.0269 2.4381 2.6118 2.2044 2.0387 1.6550 1.6644 1.3308 1.6608 2.6242 2.0080 1.6599 2.2602 2.2965 2.1734 1.5188 1.7659 2.3125 1.2913 0.8350 1.0707 0.9713 1.2354 1.3038 1.5262 1.1279 1.4968 0.9316 0.6658 1.2548 
4.6683 3.6282 3.3064 3.2196 3.1682 2.8325 2.8056 1.8866 2.4364 2.6910 2.7405 1.9358 2.4858 1.3056 2.0614 2.1773 1.4210 2.1121 1.9377 1.0579 2.1408 1.5061 2.2582 2.1057 1.7067 1.0411 1.9122 1.7447 1.9336 1.7180 1.4825 1.2013 1.2063 
3.2110 3.0446 2.3772 2.5030 2.3675 2.1627 2.2230 2.0766 2.0375 2.3365 2.1935 2.2154 1.8291 1.3973 2.2176 2.0375 0.9390 1.9750 2.0725 1.1172 1.4998 1.8468 1.7084 1.7400 1.3819 1.2882 1.3262 1.0826 1.0697 1.0021 0.5186 0.6863 -0.0443 
4.3479 3.3658 3.1971 3.0048 3.0656 2.4716 2.1315 0.2579 1.6715 2.1767 1.2001 1.5995 1.9187 2.0818 1.5062 1.5650 1.2585 1.4937 1.3797 1.8774 1.5636 1.2000 0.7147 1.6042 0.9881 -0.5220 1.2050 1.3833 1.7959 1.4815 1.4046 0.9576 0.9600 
3.9578 3.6597 2.6949 3.0225 2.2412 1.9941 1.4720 1.5907 2.3997 1.7595 1.3897 1.9658 1.0059 1.9638 2.0351 1.4110 1.1960 1.3348 1.9152 1.7038 0.6922 1.5444 0.8819 1.1634 1.6732 0.8251 0.5305 0.9104 0.9771 1.4987 0.8952 1.3210 0.5327 
3.8488 3.4700 3.1697 2.8580 2.5469 2.9824 2.0383 1.8789 0.9505 2.4979 1.7214 1.8223 1.4448 2.2468 2.0538 1.7983 1.2085 1.7034 1.9290 2.0256 1.0991 1.4263 1.2284 1.9249 0.2645 1.0518 1.0714 1.8994 1.2848 1.4004 1.3856 1.0889 0.4726 
3.4768 3.1199 2.4054 2.1390 2.3165 1.9491 2.6447 2.2187 2.4551 1.9799 1.0423 1.7709 1.5592 1.8422 1.5859 1.5947 1.3097 1.5269 1.4401 1.5815 1.2483 1.3968 0.5249 1.4008 1.7257 1.4401 1.7114 0.8771 1.0517 0.6410 0.5836 0.7638 -0.1294 
3.6469 2.9261 2.7771 2.1698 2.4175 2.5160 2.0091 2.3894 2.2902 2.1024 1.9815 1.6493 2.1930 1.9981 2.2695 1.1001 1.9757 1.0289 2.1154 1.7520 1.9271 1.2726 1.4799 1.5214 1.5927 1.5655 1.0496 1.4368 1.1101 0.6942 0.9781 0.5259 0.2650 
3.5170 2.7850 2.6650 1.4841 2.8014 3.0825 1.6245 2.0587 0.7567 2.0672 1.5681 2.4604 2.0028 1.2347 1.5691 0.8353 -2.8693 0.7388 1.4332 0.9826 1.6599 2.0270 1.0793 1.4867 -0.0183 1.2646 0.6750 1.9985 1.5498 0.0586 0.8827 0.4417 0.1219 
2.7210 3.4587 2.6171 3.1503 1.9296 1.8009 2.0494 2.3479 2.0429 1.6407 1.7761 2.1883 1.3671 1.5640 1.8122 2.0037 0.2867 1.9437 1.6301 1.3694 1.0056 1.8118 1.3069 1.0613 1.3794 1.5342 1.1093 0.7030 0.6022 1.6429 0.8352 1.1006 -0.7912 
4.0421 2.9307 3.0761 2.3952 2.1850 2.8073 2.4934 2.4010 1.9980 1.5039 1.8915 2.4171 1.1219 1.3596 1.4048 1.1437 -0.1099 1.0719 1.2278 1.0736 0.8340 1.9961 1.4042 0.9309 1.3199 1.5661 1.5284 1.7235 0.9414 0.8937 1.2461 0.6839 0.5761 
4.8259 4.6783 4.2489 3.9370 3.3139 3.8724 3.7507 3.5496 2.7048 3.4651 2.8282 2.7186 2.8754 3.5186 3.0090 3.3063 2.4525 3.2355 2.8141 3.2426 2.5610 2.3425 2.3447 2.8657 2.0427 2.6958 2.8165 2.7908 2.0721 2.4689 2.4649 2.3049 1.3778 
4.0000 2.4980 2.3262 2.9819 3.2188 2.9564 3.5336 3.3210 3.3985 2.7736 2.2221 2.4543 2.3103 1.7627 2.0852 2.8097 2.5295 2.7232 1.9581 1.5204 2.0026 2.0202 1.7415 2.1791 2.6952 2.5384 2.5710 1.8757 1.9730 1.4723 0.4547 0.0955 0.5829 
3.0487 3.4367 3.2238 3.8568 2.6218 2.7910 3.0832 1.9654 2.8340 1.5877 2.0735 2.7878 2.3504 2.6925 1.9629 2.0441 1.6803 1.9819 1.7920 2.4893 2.0289 2.4230 1.5842 0.9931 2.1383 1.1364 2.1313 1.7137 1.3924 2.3958 1.4454 1.0918 -0.3656 
4.9010 3.8975 3.5036 3.0301 3.2625 3.7257 3.3979 2.8937 2.0788 2.8509 2.6764 2.7948 1.3331 2.3583 2.3365 2.4173 2.3789 2.3183 2.1589 2.1066 0.9952 2.4287 2.1720 2.2526 1.4203 2.0711 2.4837 2.6419 2.0264 1.5153 1.6533 1.5027 1.5395 
5.5207 4.4571 4.2439 4.3598 3.8385 3.0373 3.7364 3.4761 3.1233 2.6919 2.8850 2.4859 2.0875 2.7263 2.5533 2.5931 2.4203 2.5319 2.4114 2.5212 1.7744 2.0589 2.4060 2.1128 2.4655 2.6456 2.8007 1.9560 2.5811 2.8920 2.4660 2.0361 2.1389 
5.1760 3.5833 3.4793 3.1068 3.0798 2.7361 3.0217 2.6733 3.0250 2.6938 1.9676 2.3415 2.2407 2.1746 2.0197 2.0865 1.3193 2.0196 1.8768 1.9794 1.9604 1.9579 1.4563 2.1000 2.3245 1.8845 2.0717 1.6522 1.8173 1.5781 1.6007 1.0037 1.7211 
4.6631 4.3210 3.9271 3.8557 3.1010 3.1991 3.3709 2.8058 2.9775 3.0262 2.4403 2.8163 2.5642 2.9081 2.7329 2.2483 2.4707 2.1605 2.5921 2.6544 2.2347 2.4549 1.9438 2.4398 2.2467 2.0128 2.4703 2.1090 1.8441 2.3797 2.0873 1.9831 1.0719 
6.0230 5.3703 4.7334 4.3908 4.1615 3.9676 3.8255 3.7568 3.2389 3.3234 3.4791 3.4169 3.3839 3.0796 3.1793 3.1888 2.6612 3.1181 3.0485 2.8341 3.0795 3.0344 3.0055 2.7307 2.5631 2.9872 2.9212 2.8834 2.8924 2.9226 2.9198 3.0215 2.6301 
6.1280 5.0950 4.6575 3.9673 4.0068 3.6281 3.5535 3.0358 3.2525 3.2506 3.2104 3.1308 3.2013 3.0989 3.0675 2.8938 2.7692 2.8002 2.9146 2.8627 2.9016 2.7108 2.7050 2.6749 2.5795 2.1947 2.5880 2.5413 2.7043 2.4822 2.7890 2.6382 2.6939 
5.4714 5.0257 4.3257 4.2036 3.8552 3.7802 3.6578 3.4830 3.1611 3.1987 3.0776 3.2015 2.9533 2.9222 2.7703 3.0777 3.0217 3.0196 2.6244 2.6666 2.6106 2.7965 2.5782 2.6143 2.4947 2.6511 2.7035 2.6950 2.5979 2.6968 2.5287 2.6539 2.0867 
6.4103 5.3997 4.8124 4.5259 4.4072 4.1057 4.0375 3.9066 3.7050 3.5961 3.6900 3.6441 3.5234 3.4182 3.2327 3.3114 3.2515 3.2376 3.0897 3.1740 3.1725 3.2319 3.1951 3.0204 3.0382 3.1091 3.0867 3.0189 3.1485 3.0371 3.0166 3.0122 3.0339 
5.7277 4.2712 3.4234 1.7580 3.0511 2.3992 1.3561 1.3374 1.8893 2.3052 2.0433 2.2863 0.5060 2.1917 2.3513 1.7790 2.1184 1.7008 2.1662 1.9791 0.2234 1.9114 1.5397 1.6911 1.1325 0.4323 0.3026 1.3756 1.7928 0.4977 1.5667 1.8195 2.2889 
5.8416 4.9381 4.3566 4.0297 3.7959 3.5588 3.1317 3.1791 3.0276 3.2480 3.3276 3.0781 3.0034 2.7000 2.9444 2.3855 2.5748 2.2899 2.7555 2.5009 2.6467 2.6618 2.8451 2.6731 2.3076 2.3954 2.1783 2.4727 2.5524 2.5230 2.5498 2.5485 2.4668 
5.8620 4.6378 3.9490 3.4147 3.5809 3.2617 3.1238 2.9772 3.0810 3.2903 3.1388 2.4876 2.4841 2.6922 2.7387 2.7369 2.7364 2.6693 2.5967 2.4869 2.1338 2.0637 2.6448 2.7017 2.3962 2.1304 2.1626 2.1684 2.2827 1.9356 2.1006 2.1258 2.4820 
4.1415 4.0800 3.7853 2.0575 2.6285 2.1572 2.7369 2.7671 1.8633 2.3806 1.2303 1.5568 1.9219 0.9134 1.9179 1.8226 2.4908 1.7286 1.7223 0.6651 1.5653 1.1512 0.7414 1.7784 1.1413 1.9830 1.8387 1.0800 1.3910 0.4796 1.9918 1.6967 0.7328 
5.8072 4.8797 4.2848 4.0465 3.9281 3.7483 3.0763 3.2841 3.4377 3.4432 3.3525 3.0249 3.0274 3.1317 2.7125 2.5247 2.1831 2.4694 2.5786 2.9128 2.6793 2.5962 2.8705 2.8464 2.7193 2.5110 2.1235 2.6632 2.6555 2.5324 2.4830 2.5045 2.4122 
5.2960 3.6452 3.1429 2.9975 2.1459 2.4667 3.0792 3.2038 2.6964 2.5603 2.5548 1.6491 0.9575 2.0878 2.1319 1.8614 2.3920 1.7559 1.9842 1.8953 0.5895 1.2445 2.0607 1.9886 2.0229 2.4384 2.1340 1.3597 0.8603 1.4387 1.2569 1.0605 1.9170 
5.3782 4.6293 4.0585 3.5950 1.3064 3.4863 3.3362 3.4474 3.2924 3.0984 2.6223 2.6233 3.1343 2.6995 2.8340 2.4137 2.3593 2.3178 2.6758 2.5003 2.8111 2.2125 2.1255 2.5194 2.6111 2.6253 2.4375 2.3978 -0.0739 2.0754 2.1865 2.1822 1.9903 
5.8557 4.8647 4.3386 4.1193 3.8584 3.6083 3.3449 3.5874 3.4900 3.3795 3.3410 3.0701 3.0350 2.7107 3.1932 2.8552 2.5999 2.7628 3.0583 2.5128 2.6903 2.6515 2.8623 2.7847 2.7654 2.7474 2.4507 2.5222 2.6017 2.5956 2.5389 2.4783 2.4816 
5.7212 4.4680 3.8104 3.4277 3.4339 3.2484 3.3445 2.8961 2.6255 2.6528 2.8310 2.8362 2.4878 2.4236 2.3584 2.4708 2.6303 2.3769 2.1732 2.1521 2.1430 2.4694 2.3515 2.0666 1.9590 2.0809 2.4509 2.1592 2.1454 1.9377 1.9986 2.0155 2.2783 
5.2681 4.6520 3.6960 3.2098 3.1594 2.8414 2.9540 2.4343 2.3928 2.5586 2.6857 2.6819 2.4977 2.0378 2.1877 2.1558 2.1160 2.0893 2.0487 1.8161 2.1511 2.2836 2.1849 1.9808 1.6707 1.5948 2.0033 1.7543 1.9276 1.7089 1.9106 2.2394 1.9226 
5.9214 4.9147 4.2764 3.7319 3.7091 3.8776 3.6720 3.2692 3.2436 3.0734 3.0195 2.8590 2.7053 3.1522 2.8288 2.9534 2.5729 2.8541 2.6713 2.9394 2.4372 2.4814 2.5144 2.4957 2.5701 2.5005 2.7181 2.7926 2.4728 2.2173 2.4776 2.5197 2.5338 
5.3479 4.2432 3.6187 2.6998 2.7100 2.5823 2.6776 2.1785 2.3942 2.1728 1.9303 1.8804 2.1070 0.3670 1.6563 2.0574 1.9580 1.9871 1.5201 0.2059 1.8101 1.4630 1.4349 1.6068 1.6790 1.4171 1.7415 1.4917 1.4683 1.2386 1.8034 1.8094 1.9541 
4.8069 3.9049 3.1147 3.6682 3.3290 3.0520 2.4208 2.7061 2.5505 2.8418 2.2536 2.1846 2.5496 2.3933 2.2451 1.9614 0.0684 1.8931 2.0943 2.1355 2.2133 1.8144 1.7678 2.2469 1.8893 1.9420 1.4744 1.9668 2.0707 2.1594 1.3143 1.5038 1.4284 
5.3039 4.2413 3.6725 3.3117 3.0070 2.7538 2.7907 2.6649 2.9376 2.5916 2.6327 2.7119 1.6831 2.4036 2.2435 2.2642 2.1478 2.1749 2.0912 2.1413 1.4006 2.3351 2.1400 2.0123 2.2119 1.8940 1.8935 1.6670 1.6955 1.8385 1.8667 1.8269 1.9351 
4.6286 3.9320 1.9626 2.7045 1.9654 1.9441 2.0540 2.4256 2.0464 2.4844 2.4342 1.5971 1.9421 1.3650 1.6896 1.6166 0.9415 1.5480 1.5485 1.0715 1.5983 1.2045 1.9408 1.9089 1.3884 1.5893 1.1006 0.8495 0.6995 1.2203 0.0671 1.5450 1.1966 
2.7555 3.5031 3.3243 2.6252 1.7902 2.6257 2.7931 1.1493 2.4747 1.2566 1.5856 1.9411 1.1294 1.7350 2.0798 2.1898 1.8660 2.1234 1.9515 1.5074 0.8513 1.5112 1.0834 0.6732 1.7517 0.3697 1.8960 1.5498 0.5022 1.1183 1.5152 1.1498 -1.0163 
3.6261 2.8044 3.0584 2.5962 2.5325 2.1549 2.6264 1.7404 2.0671 2.6421 1.6100 1.5080 1.7887 1.4117 1.0642 1.9752 2.1375 1.9193 0.9250 1.1391 1.4709 1.0957 1.1119 2.0585 1.4056 0.9392 1.6836 1.0727 1.2648 1.0726 1.2302 0.3814 0.1434 
4.4391 2.8300 2.7360 3.0369 2.3881 2.0165 2.1502 2.0829 1.9163 2.4508 2.4725 1.5088 1.9186 1.9483 1.6373 1.7683 1.4974 1.6789 1.5024 1.6786 1.5631 1.0875 1.9660 1.8483 1.1949 1.2922 1.2242 0.9317 1.0875 1.5205 0.9353 0.3574 1.0539 
4.7630 3.6885 3.3204 3.0158 2.5917 2.9251 2.1480 2.4696 2.2829 2.5336 2.4755 2.0681 2.2881 2.3372 2.1364 1.9185 2.3518 1.8172 1.9950 2.0928 1.9847 1.6557 1.9703 1.9560 1.5896 1.6149 1.2125 1.8380 1.3481 1.4848 1.5024 1.2607 1.3889 
3.0296 2.8547 2.6341 3.0802 2.8921 3.0355 2.6943 2.8389 2.8585 1.8678 2.4407 2.1945 0.9303 1.9224 0.5220 1.3554 1.3553 1.2608 0.3871 1.6351 0.5729 1.8191 1.9454 1.2720 2.1543 2.0379 1.7637 1.9485 1.6093 1.5870 0.8205 0.5308 -0.2210 
4.5908 3.5976 3.6114 3.3164 3.1247 2.9087 3.1527 2.6936 2.7651 3.0843 2.7498 2.9539 2.3455 1.9591 2.4815 2.2514 2.3446 2.1637 2.3004 1.6879 2.0252 2.5375 2.2676 2.5070 2.0861 1.9278 2.2064 1.8252 1.8948 1.8469 1.7982 1.1603 1.1735 
4.1153 3.3792 2.4713 1.2479 1.2224 1.9878 2.5330 2.5417 2.1579 2.3754 2.4531 2.3180 1.0652 1.5249 1.1155 1.0341 1.9437 0.9591 0.9713 1.3070 0.7834 1.9388 1.9495 1.7739 1.4840 1.7159 1.5848 0.9175 -0.0415 -0.2456 0.5691 1.0994 0.7299 
3.2009 2.9567 2.6858 2.0587 1.7685 1.9376 1.8085 1.7054 1.4953 1.7975 0.5200 1.4518 0.6956 1.8546 0.8296 0.4867 -0.7416 0.4079 0.6230 1.5940 0.3883 1.0356 0.0146 1.2013 0.8397 0.9136 0.8851 0.8560 0.4948 0.5280 0.9072 0.5685 -0.0698 
4.4474 2.8830 3.5084 3.4011 3.2375 2.3887 2.5291 2.8207 2.5922 1.9436 2.1618 2.1762 2.1933 2.2011 2.6560 2.1229 2.4291 2.0504 2.5203 1.9953 1.9256 1.8036 1.6761 1.3728 1.9312 2.0247 1.5777 1.2930 1.9897 1.9310 1.6443 0.4351 1.0375 
3.8179 3.0149 3.0693 2.7157 1.6150 1.5166 2.1227 1.4778 2.0782 2.5476 1.9659 2.0977 1.7988 1.9724 1.9752 2.0376 1.9871 1.9738 1.8154 1.7174 1.4767 1.6889 1.4610 1.9705 1.4126 0.6568 1.1886 0.4254 0.3685 1.2371 1.2344 0.7712 0.4389 
3.3669 2.8772 2.7673 1.4137 1.9642 2.1484 1.6459 1.6213 1.8046 1.3867 2.0154 1.4096 2.0385 2.0693 1.5392 1.7695 2.0091 1.6828 1.4110 1.8553 1.7147 0.9954 1.5195 0.7786 1.0942 0.8538 0.7321 1.0662 0.6891 -0.0682 0.9657 0.5380 0.0267 
2.0863 3.2158 2.6189 2.6215 0.0178 1.4438 2.3336 1.8539 1.6789 1.8656 1.6989 1.7122 1.9501 1.4636 1.9339 1.6681 1.2401 1.5984 1.7490 1.2184 1.6056 1.3561 1.2153 1.2690 0.9952 1.0171 1.4155 0.3788 -1.3508 1.1242 0.8275 0.9022 -3.8661 
4.2381 3.8837 2.9149 2.2737 2.6301 2.5957 2.2314 1.4188 2.2404 2.5318 2.0431 1.9176 2.2021 2.2701 1.6842 -0.1976 1.1350 -0.2827 1.5360 2.0425 1.9315 1.4828 1.5430 1.9545 1.5605 0.5803 1.3290 1.5140 1.4006 0.8374 1.0659 1.5286 0.8635 
4.0718 2.4931 3.7630 4.3106 4.1234 3.4544 2.5209 3.3208 3.8342 3.4484 2.9820 2.8680 2.8741 2.4681 2.1550 2.2548 2.6517 2.1707 2.0139 2.1858 2.5563 2.4877 2.4858 2.8490 3.1574 2.5402 1.5746 2.3682 2.8280 2.8200 1.9906 0.0915 0.6879 
3.5697 2.9310 2.0630 2.7672 4.4952 3.5970 3.4355 3.6414 2.6207 3.5114 3.1217 2.3994 2.6794 2.5378 2.1358 2.4778 2.3680 2.3932 1.9978 2.2895 2.3889 1.9946 2.6236 2.9175 1.9404 2.8251 2.5204 2.5108 3.2228 1.2062 0.4085 0.5408 0.1745 
2.4774 2.5380 3.1169 2.1393 4.1514 3.3943 2.5424 3.3816 2.1463 2.8073 2.1746 1.7590 1.7325 2.6889 1.9961 2.0205 1.8982 1.9619 1.8494 2.4851 1.4365 1.3908 1.6886 2.2126 1.4540 2.5789 1.5846 2.2952 2.8845 0.6967 1.3335 0.2091 -0.9984 
